20190731 40 0 0 0
20180712 60 0 0 0
20170810 100 0 0 0
20160718 100 0 0 0
20150708 100 0 0 0
20140813 100 0 0 0
20130617 100 0 0 0
20120625 100 0 0 0
20110510 80 0 0 0
20100618 80 0 0 0
20090727 80 0 0 0
20080716 0 3000 0 0
20070716 110 0 0 0
20060905 0 2500 0 0
20060616 150 0 0 0
20050705 0 5000 0 0
20040601 0 3500 0 0
20030815 300 0 0 0
20010719 100 1000 0 0
19980617 174 0 0 0
19980227 0 0 1500 0.5000
19970429 0 10000 0 0
19960923 0 0 2600 0.4500
19960510 150 1500 0 0
19950508 0 2000 0 0
19941010 0 0 3000 0.4900
19940509 200 5000 0 0
19930920 0 1000 9000 0.5000
