20180223 17700 17970 17560 17700 22903 40681976 2.31 0.78 -0.11 10296 12607 0.82 0.48
20180222 17100 17770 17100 17720 27369 47976476 3.93 0.83 3.93 11605 15764 0.74 0.58
20180214 16960 17140 16880 17050 17393 29602242 1.54 0.44 0.71 8629 8763 0.98 0.37
20180213 17120 17300 16900 16930 25460 43529960 2.36 0.54 -0.18 15639 9820 1.59 0.54
20180212 16500 17200 16350 16960 37546 63021039 5.17 0.76 3.10 15528 22018 0.71 0.79
20180209 16480 16650 16150 16450 39520 64699383 2.97 0.78 -2.14 20948 18571 1.13 0.84
20180208 16690 16940 16450 16810 44838 75071972 2.96 0.76 1.39 19184 25654 0.75 0.95
20180207 16560 16690 16020 16580 49002 80178359 4.10 0.87 1.53 24143 24859 0.97 1.04
20180206 16680 16680 15280 16330 66449 107017365 8.26 1.37 -3.66 30999 35450 0.87 1.41
20180205 17000 17080 16420 16950 47637 79821632 3.87 0.99 -0.64 25026 22610 1.11 1.01
20180202 16700 17400 16000 17060 45194 75965528 8.30 1.01 1.13 19330 25864 0.75 0.96
20180201 18010 18050 16850 16870 87077 150201635 6.67 2.55 -6.23 44963 42114 1.07 1.84
20180131 18070 18090 17630 17990 35035 62526621 2.55 0.96 -0.11 16786 18249 0.92 0.74
20180130 17700 18160 17700 18010 26846 48225627 2.58 0.66 1.18 9697 17149 0.57 0.57
20180129 18340 18380 17630 17800 46683 83626852 4.09 1.08 -2.89 28515 18168 1.57 0.99
20180126 18280 18440 18020 18330 28672 52387631 2.30 0.64 0.27 15615 13056 1.20 0.61
20180125 18350 18490 18210 18280 33658 61806607 1.53 0.73 -0.44 17908 15750 1.14 0.71
20180124 18080 18410 17810 18360 45819 83074787 3.31 0.89 1.21 21261 24557 0.87 0.97
20180123 18490 18570 18080 18140 49419 90073593 2.64 0.77 -2.37 34724 14695 2.36 1.05
20180122 18590 18790 18180 18580 58220 107431626 3.29 0.58 0.27 32162 26058 1.23 1.23
20180119 18520 18940 18460 18530 36867 69036203 2.59 0.36 0.05 18275 18592 0.98 0.78
20180118 18510 18880 18410 18520 39698 73922627 2.51 0.39 -0.91 19459 20239 0.96 0.84
20180117 18340 18990 17750 18690 72812 132658861 6.72 0.72 1.30 39008 33804 1.15 1.54
20180116 18470 18500 17650 18450 112859 204107948 4.59 1.17 -0.27 57466 55393 1.04 2.39
20180115 20370 20370 18360 18500 240295 450614240 9.85 3.82 -9.31 128266 112029 1.14 5.09
20180112 20300 20410 20000 20400 47429 95993719 2.03 0.74 0.84 23856 23573 1.01 1.00
20180111 20280 20350 19980 20230 38107 77025859 1.83 0.54 0.00 22001 16106 1.37 0.81
20180110 20280 20410 19980 20230 66652 134263857 2.13 0.91 0.35 39676 26976 1.47 1.41
20180109 20530 20560 19960 20160 87870 176790330 2.93 1.21 -1.51 58043 29827 1.95 1.86
20180108 20740 20750 20140 20470 74635 151765682 2.94 1.13 -1.40 42767 31868 1.34 1.58
20180105 20970 20970 20600 20760 52852 109500034 1.77 1.12 -0.43 27982 24871 1.13 1.12
20180104 20880 20980 20580 20850 73132 151618142 1.91 1.21 -0.33 40188 32944 1.22 1.55
20180103 20830 21090 20520 20920 77725 161865284 2.74 1.34 0.67 33969 43756 0.78 1.65
20180102 20070 20950 20060 20780 85012 175590439 4.44 10.23 3.74 38142 46870 0.81 1.80
20171229 19940 20170 19940 20030 41534 83282109 1.15 0.61 -0.25 24154 17381 1.39 0.88
20171228 20010 20410 19940 20080 46282 93100392 2.35 0.57 0.35 23327 22955 1.02 0.98
20171227 20100 20400 19810 20010 52046 104685699 2.93 0.57 -0.60 30228 21818 1.39 1.10
20171226 20200 20550 20000 20130 64766 130988905 2.75 0.64 0.50 35770 28996 1.23 1.37
20171225 20800 20800 19850 20030 110606 223375017 4.57 1.07 -3.75 73127 37479 1.95 2.34
20171222 21050 21280 20660 20810 67739 142128659 2.94 0.53 -1.47 39676 28063 1.41 1.43
20171221 20710 21210 20320 21120 110585 229829459 4.27 0.93 1.44 57868 52717 1.10 2.34
20171220 20900 21060 20540 20820 102855 214030144 2.47 0.89 -1.05 58768 44087 1.33 2.18
20171219 20450 21150 20300 21040 118045 244217295 4.16 1.10 2.89 52298 65748 0.80 2.50
20171218 20410 20790 20120 20450 115422 236500095 3.25 1.10 -0.73 60008 55414 1.08 2.44
20171215 19890 20750 19660 20600 195292 398294448 5.51 2.01 4.20 70348 124944 0.56 4.13
20171214 19980 19980 19660 19770 63374 125281089 1.60 0.56 -1.15 37086 26288 1.41 1.34
20171213 19610 20040 19500 20000 82867 163827882 2.73 0.72 1.27 42230 40637 1.04 1.75
20171212 20070 20070 19620 19750 79742 158210011 2.24 0.62 -1.64 49419 30323 1.63 1.69
20171211 20170 20180 19750 20080 105479 209921036 2.15 0.79 0.45 67547 37932 1.78 2.23
20171208 19570 20600 19430 19990 155155 310656512 5.94 1.21 1.42 79539 75615 1.05 3.28
20171207 19550 19980 19350 19710 141376 279639376 3.22 1.24 0.87 60466 80910 0.75 2.99
20171206 18800 19540 18620 19540 97518 186653730 4.86 0.86 3.22 40220 57298 0.70 2.06
20171205 19400 19520 18410 18930 138939 264179138 5.72 1.25 -2.52 84423 54516 1.55 2.94
20171204 19730 20000 19360 19420 131143 258727450 3.25 1.20 -1.52 72528 58615 1.24 2.78
20171201 18780 19770 18710 19720 132912 256883043 5.65 1.07 5.06 52934 79978 0.66 2.81
20171130 19000 19200 18700 18770 68829 130122546 2.62 0.46 -1.83 41365 27463 1.51 1.46
20171129 18830 19250 18700 19120 93470 177301926 2.91 0.59 1.11 46447 47023 0.99 1.98
20171128 18180 18980 18020 18910 129020 241176619 5.34 0.77 5.11 52520 76500 0.69 2.73
20171127 18520 18560 17870 17990 120417 220022097 3.77 0.65 -1.75 71136 49281 1.44 2.55
20171124 19420 19710 18200 18310 210116 394383408 7.72 1.13 -6.39 132248 77868 1.70 4.45
20171123 19770 20250 19220 19560 194306 384006944 5.26 0.93 -0.15 105952 88354 1.20 4.11
20171122 19890 19980 19430 19590 132355 260094223 2.76 0.54 -1.80 77360 54995 1.41 2.80
20171121 20120 20600 19650 19950 178650 358908704 4.74 0.61 -0.45 98909 79741 1.24 3.78
20171120 19680 20110 18460 20040 209560 409675216 8.38 0.68 1.78 98811 110748 0.89 4.44
20171117 19900 20180 19290 19690 217431 429730928 4.48 0.73 -0.96 116265 101165 1.15 4.60
20171116 18800 20700 18680 19880 304228 603889808 10.64 1.11 4.74 135728 168500 0.81 6.44
20171115 18680 19360 18370 18980 317615 597157616 5.19 1.32 -0.47 182702 134914 1.35 6.72
20171114 17510 19200 17450 19070 424294 777499504 9.94 2.31 8.29 162909 261385 0.62 8.98
20171113 17280 17650 16880 17610 287116 497569056 4.48 1.96 2.50 128325 158791 0.81 6.08
20171110 17340 17580 17130 17180 159242 276235392 2.59 1.21 -1.09 81686 77556 1.05 3.37
20171109 17180 17450 17070 17370 177611 307235488 2.22 1.42 1.70 69367 108244 0.64 3.76
20171108 16900 17180 16860 17080 152613 260254147 1.88 1.37 0.53 72847 79766 0.91 3.23
20171107 16600 17150 16430 16990 140607 236830262 4.34 1.29 2.47 61598 79009 0.78 2.98
20171106 16290 16580 16260 16580 103143 169719846 1.98 0.82 2.79 48659 54484 0.89 2.18
20171103 15790 16340 15710 16130 82909 133709052 3.97 0.63 1.57 39119 43790 0.89 1.75
20171102 16360 16400 15850 15880 146789 235292600 3.37 1.16 -2.76 95003 51786 1.83 3.11
20171101 16490 16630 16290 16330 85456 140571946 2.05 0.68 -1.45 52389 33066 1.58 1.44
20171031 16460 16720 16030 16570 126481 207137833 4.20 1.06 0.91 76568 49912 1.53 2.13
20171030 16760 17120 16370 16420 186601 312807344 4.48 1.89 -1.91 107473 79129 1.36 3.15
20171027 16950 17350 16700 16740 112273 191275123 3.81 1.00 -1.76 64662 47611 1.36 1.89
20171026 16850 17430 16850 17040 120825 207424454 3.46 0.94 1.73 60252 60573 0.99 2.04
20171025 16400 16930 16360 16750 82450 137903861 3.47 0.56 2.01 38406 44044 0.87 1.39
20171024 16820 16840 16320 16420 93139 153759833 3.10 0.52 -2.26 64215 28924 2.22 1.57
20171023 16630 17030 16510 16800 86262 144887466 3.14 0.38 1.39 46714 39548 1.18 1.45
20171020 17200 17220 16180 16570 180969 301980000 5.96 0.87 -4.99 96931 84038 1.15 4.59
20171019 17210 17750 17100 17440 201905 353488592 3.78 1.11 1.45 97702 104203 0.94 5.12
20171018 17240 17660 17030 17190 178019 308939184 3.62 1.05 -1.21 98744 79275 1.25 4.52
20171017 16900 17480 16590 17400 243405 416932528 5.21 1.71 1.93 125099 118307 1.06 6.17
20171016 16210 17880 16210 17070 342179 585661280 10.24 3.29 4.66 149812 192366 0.78 8.68
20171013 16260 16320 16060 16310 68752 111314926 1.61 0.60 0.93 33286 35466 0.94 1.74
20171012 16280 16300 16020 16160 79529 128379882 1.71 0.69 -1.04 49842 29687 1.68 2.02
20171011 16380 16560 16180 16330 116770 191016584 2.32 1.12 -0.18 64414 52356 1.23 2.96
20171010 16250 16380 16030 16360 106233 172412975 2.16 1.10 0.93 57970 48264 1.20 2.69
20171009 16380 16780 16080 16210 148882 243500235 4.28 1.69 -0.86 88815 60067 1.48 3.78
20170929 15870 16420 15810 16350 122189 197921590 3.84 1.44 2.96 50928 71262 0.71 3.10
20170928 15640 16100 15600 15880 83985 133874155 3.20 0.84 1.53 40368 43617 0.93 2.13
20170927 15420 15830 15400 15640 59710 93669767 2.79 0.41 1.43 27211 32499 0.84 1.51
20170926 15650 15760 15250 15420 67925 104474907 3.28 0.39 -0.84 40050 27875 1.44 1.72
20170925 16330 16330 15500 15550 107709 171383607 5.09 0.50 -4.60 70826 36883 1.92 2.73
20170922 16250 16360 15840 16300 106009 170709884 3.20 0.52 0.18 54165 51844 1.04 2.69
20170921 16550 16680 16250 16270 158716 261529435 2.56 0.87 -2.98 98827 59889 1.65 4.03
20170920 16310 17160 16250 16770 291856 487002304 5.55 2.15 2.32 138863 152992 0.91 7.40
20170919 16400 16600 16170 16390 210216 343323920 2.61 1.93 -0.36 115588 94627 1.22 5.33
20170918 15400 16600 15400 16450 307582 495110176 7.94 4.98 8.80 108951 198631 0.55 7.80
20170915 15080 15180 15040 15120 41311 62358132 0.93 0.55 0.13 24492 16819 1.46 1.05
20170914 15300 15380 15050 15100 56034 84992250 2.15 0.58 -1.56 34776 21259 1.64 1.42
20170913 15220 15420 15010 15340 63607 96466913 2.69 0.63 0.72 34001 29606 1.15 1.61
20170912 15450 15560 15230 15230 75360 116091388 2.15 0.72 -0.91 41930 33430 1.25 1.91
20170911 15430 15430 15180 15370 72611 110827510 1.62 0.62 -0.58 42632 29979 1.42 1.84
20170908 15900 15900 15400 15460 109511 170328401 3.16 0.99 -2.15 69364 40147 1.73 2.78
20170907 15720 16150 15710 15800 158299 252699932 2.80 1.78 0.64 66676 91623 0.73 4.02
20170906 15770 15950 15560 15700 89208 139897381 2.47 1.08 -0.76 55606 33601 1.65 2.26
20170905 16060 16150 15690 15820 90651 143618651 2.87 1.16 -1.31 57338 33314 1.72 2.30
20170904 15500 16070 15450 16030 137286 218217583 4.01 1.93 3.55 54474 82812 0.66 3.48
20170901 15350 15630 15310 15480 77005 119230075 2.08 1.08 0.39 36345 40660 0.89 1.95
20170831 15580 15620 15330 15420 51570 79555066 1.87 0.66 -0.45 30291 21279 1.42 1.31
20170830 15440 15790 15410 15490 55858 86914983 2.46 0.63 0.32 30701 25158 1.22 1.42
20170829 15690 15770 15420 15440 69024 107107478 2.23 0.70 -1.78 43046 25978 1.66 1.75
20170828 15690 15930 15540 15720 102989 162199896 2.47 0.84 -0.25 59734 43255 1.38 2.61
20170825 15480 15840 15400 15760 77127 120833982 2.85 0.59 1.94 34151 42976 0.79 1.96
20170824 15670 15720 15280 15460 84157 130369802 2.82 0.53 -0.90 44308 39849 1.11 2.13
20170823 16100 16110 15540 15600 112092 176417389 3.55 0.66 -2.92 66042 46049 1.43 2.84
20170822 16290 16450 16020 16070 117983 190147496 2.62 0.72 -2.19 73101 44883 1.63 2.99
20170821 15760 16590 15760 16430 222701 365015104 5.19 1.47 2.75 106650 116051 0.92 5.65
20170818 15750 15990 15410 15990 116345 181972263 3.68 0.81 1.59 61333 55012 1.11 2.95
20170817 15500 16180 15410 15740 230223 366595392 4.95 2.05 1.09 114366 115858 0.99 5.84
20170816 15030 15700 14870 15570 166945 258173932 5.54 1.83 3.87 72515 94430 0.77 4.23
20170815 15090 15130 14930 14990 81232 122003650 1.32 0.82 -0.99 47928 33304 1.44 2.06
20170814 14280 15180 14280 15140 161114 240260564 6.22 1.73 4.70 65195 95919 0.68 4.09
20170811 14200 14460 14010 14460 80453 114927407 3.15 0.73 1.12 41346 39107 1.06 2.04
20170810 14510 14770 14210 14300 71052 102675463 3.83 0.63 -2.19 42713 28339 1.51 1.80
20170809 14510 14770 14450 14620 62495 91448916 2.19 0.55 0.00 34305 28190 1.22 1.59
20170808 15000 15080 14600 14620 118989 175991586 3.25 1.16 -0.95 67714 51275 1.32 3.02
20170807 14600 14850 14400 14760 133657 196009984 3.06 1.51 0.48 66154 67502 0.98 3.39
20170804 14100 14720 13800 14690 168573 242295765 6.56 2.42 4.70 71702 96871 0.74 4.28
20170803 14050 14290 13910 14030 75970 106947529 2.79 0.88 3.01 39202 36768 1.07 1.93
20170802 14060 14110 13570 13620 72013 99528464 3.82 0.89 -3.54 44701 27311 1.64 1.83
20170801 14150 14280 14010 14120 63440 89505360 1.91 0.78 -0.35 40184 23257 1.73 1.61
20170731 14300 14380 14010 14170 63227 89643287 2.60 0.78 -0.49 36987 26240 1.41 1.60
20170728 14180 14370 14100 14240 73226 104273243 1.88 0.95 -0.90 39742 33484 1.19 1.86
20170727 13780 14690 13780 14370 158318 225515823 6.81 2.88 7.56 78584 79734 0.99 4.02
20170726 13430 13460 13100 13360 47984 63784936 2.68 0.84 -0.37 25022 22962 1.09 1.22
20170725 13200 13530 13150 13410 65033 86914338 2.89 1.17 2.05 32178 32855 0.98 1.65
20170724 13280 13280 12910 13140 60435 79108742 2.78 0.79 -1.20 32141 28294 1.14 1.53
20170721 13520 13530 13150 13300 52829 70499508 2.83 0.71 -1.04 32136 20694 1.55 1.34
20170720 13350 13580 13210 13440 48321 65066787 2.77 0.65 0.67 23587 24734 0.95 1.23
20170719 13200 13380 13080 13350 59860 79153282 2.27 0.75 0.98 31133 28726 1.08 1.52
20170718 13060 13350 13010 13220 57430 75820280 2.58 0.65 0.46 29098 28332 1.03 1.46
20170717 14570 14600 13080 13160 164571 219978335 10.46 2.27 -9.43 96520 68050 1.42 4.17
20170714 14820 14830 14510 14530 43613 64032604 2.17 0.54 -1.49 25531 18082 1.41 1.11
20170713 14780 14880 14590 14750 46242 68159966 1.96 0.54 -0.20 25895 20347 1.27 1.17
20170712 15050 15090 14560 14780 87033 128350223 3.49 1.07 -2.64 52705 34329 1.54 2.21
20170711 15350 15440 15060 15180 98119 149347556 2.54 1.27 1.47 52442 45678 1.15 2.49
20170710 15090 15350 14840 14960 86861 130558907 3.37 1.18 -1.25 57430 29431 1.95 2.20
20170707 15050 15420 15050 15150 84335 128316977 2.46 1.23 0.60 48414 35921 1.35 2.14
20170706 15250 15310 14990 15060 71235 107494170 2.11 1.07 -0.86 41502 29734 1.40 1.81
20170705 15210 15290 15010 15190 67338 102032119 1.85 0.79 0.60 34152 33186 1.03 1.71
20170704 15440 15650 15060 15100 76243 116191073 3.82 0.83 -2.20 48649 27594 1.76 1.93
20170703 15750 15790 15380 15440 67402 104521591 2.62 0.68 -1.47 45245 22156 2.04 1.71
20170630 15590 15960 15520 15670 59522 93692898 2.81 0.60 0.13 33598 25925 1.30 1.51
20170629 15610 15780 15440 15650 63728 99686799 2.16 0.62 -0.57 35124 28604 1.23 1.62
20170628 15970 16460 15620 15740 160593 257319404 5.34 1.84 0.13 91681 68912 1.33 4.07
20170627 15480 15990 15330 15720 106167 166007646 4.27 1.05 1.62 53522 52645 1.02 2.69
20170626 15000 15530 14910 15470 103130 157617306 4.13 1.06 2.93 46112 57019 0.81 2.62
20170623 14760 15120 14750 15030 63345 94676659 2.49 0.65 1.28 32394 30951 1.05 1.61
20170622 14860 15200 14710 14840 77893 116947327 3.29 0.80 -0.47 39254 38639 1.02 1.98
20170621 14850 15300 14730 14910 86406 129521989 3.83 0.96 0.07 49628 36778 1.35 2.19
20170620 15080 15560 14830 14900 176686 268914064 4.87 2.57 -0.53 98929 77758 1.27 4.48
20170619 14330 14980 14330 14980 82243 121207281 4.51 1.30 3.96 33611 48633 0.69 2.09
20170616 14310 14550 14150 14410 60603 87012513 2.80 0.86 0.84 29218 31386 0.93 1.54
20170615 13850 14490 13790 14290 80163 114198773 5.06 1.15 3.33 33636 46528 0.72 2.03
20170614 13970 13970 13700 13830 48842 67493161 1.95 0.61 -0.36 26712 22131 1.21 1.24
20170613 13450 14080 13450 13880 72417 100112851 4.65 0.94 2.44 33301 39116 0.85 1.84
20170612 13620 13650 13430 13550 54276 73444436 1.60 0.69 -1.53 32774 21502 1.52 1.38
20170609 13360 13860 13090 13760 96460 130672249 5.72 1.25 2.23 39710 56750 0.70 2.45
20170608 13680 13920 13380 13460 77901 105965540 3.92 1.01 -2.32 48215 29686 1.62 2.02
20170607 13290 13940 13190 13780 98826 134348323 5.60 1.37 2.84 46569 52257 0.89 2.56
20170606 13270 13530 13110 13400 57718 77244947 3.17 0.71 0.98 26367 31351 0.84 1.49
20170605 13190 13460 12800 13270 62990 83136120 5.10 0.69 2.55 28456 34534 0.82 1.63
20170602 12790 13370 12550 12940 88783 116329197 6.41 0.99 1.09 44974 43810 1.03 2.30
20170601 13660 13690 12720 12800 79132 103725572 7.09 0.81 -6.43 50495 28637 1.76 2.05
20170531 13870 13950 13540 13680 71559 98405220 3.02 0.82 0.66 32572 38987 0.84 1.85
20170526 13700 13860 13300 13590 105818 143799748 4.11 1.46 -0.37 56166 49652 1.13 2.74
20170525 12410 13640 12400 13640 111488 143835647 10.00 1.95 10.00 46043 65445 0.70 2.89
20170524 12600 12890 12180 12400 78706 98314539 5.50 1.48 -3.88 42348 36358 1.16 2.04
20170523 14280 14410 12640 12900 118372 156111919 12.61 3.13 -8.12 71788 46584 1.54 3.06
20170522 43000 43490 41830 42220 20915 89160961 3.82 0.59 -2.72 12655 8260 1.53 1.62
20170519 44600 44880 43060 43400 33278 145728206 4.09 1.04 -2.41 21147 12131 1.74 2.58
20170518 44000 45540 43550 44470 35283 158076260 4.44 1.04 -0.76 19700 15583 1.26 2.74
20170517 44380 45440 43700 44810 58525 260668293 4.10 2.17 5.68 28369 30157 0.94 4.54
20170516 41400 42580 41400 42400 40952 172144196 2.92 1.43 4.90 20259 20693 0.98 3.18
20170515 40500 40930 40210 40420 10481 42505807 1.79 0.32 0.55 5243 5238 1.00 0.81
20170512 40210 40630 39860 40200 14525 58361503 1.91 0.43 -0.02 6833 7692 0.89 1.13
20170511 41180 41680 39150 40210 45089 181009974 6.04 1.62 -4.01 24705 20384 1.21 3.50
20170510 43300 43600 41800 41890 24068 103030289 4.14 0.87 -3.70 12971 11097 1.17 1.87
20170509 45370 45370 41220 43500 49315 209766784 9.06 2.47 -5.02 22921 26394 0.87 3.83
20170508 45970 47270 45540 45800 29443 136705480 3.80 1.66 0.62 14965 14479 1.03 2.29
20170505 44600 45680 44000 45520 21089 94957510 3.77 1.15 2.06 8827 12262 0.72 1.64
20170504 44600 44930 44400 44600 15021 67283281 1.19 0.78 -0.18 7691 7330 1.05 1.17
20170503 45260 45400 43770 44680 22868 101923893 3.60 1.31 -1.33 14152 8716 1.62 1.78
20170502 44200 45280 44200 45280 11392 51078748 2.44 0.60 2.33 4595 6797 0.68 0.88
20170428 43800 44440 43310 44250 18370 81101087 2.58 0.94 1.03 8945 9424 0.95 1.43
20170427 44500 45500 42000 43800 24092 103945966 7.88 1.35 -1.37 12226 11866 1.03 1.87
20170426 45400 45520 44270 44410 19578 87749344 2.76 1.08 -1.90 11833 7745 1.53 1.52
20170425 45340 45630 45010 45270 13692 61997831 1.37 0.66 0.02 7633 6058 1.26 1.06
20170424 45780 46370 45200 45260 19430 88755490 2.57 0.91 -0.64 10475 8955 1.17 1.51
20170421 44810 45580 44300 45550 20691 93599079 2.87 0.93 2.20 9449 11241 0.84 1.61
20170420 44100 45200 44000 44570 16001 71734641 2.71 0.67 0.56 8215 7786 1.06 1.24
20170419 44820 44900 43000 44320 20427 89977791 4.22 0.62 -1.66 10812 9616 1.12 1.59
20170418 45500 46180 43900 45070 26797 120409189 5.01 0.52 -1.03 16732 10065 1.66 2.08
20170417 46220 46570 45070 45540 23122 105794509 3.22 0.39 -2.27 13437 9685 1.39 1.80
20170414 46500 47320 45680 46600 24640 114940959 3.54 0.38 0.65 11575 13065 0.89 1.91
20170413 46700 46930 45720 46300 24330 112431097 2.60 0.35 -0.64 13436 10894 1.23 1.89
20170412 48000 49000 45600 46600 67001 317404576 7.06 0.94 -3.20 38855 28146 1.38 5.20
20170410 49000 50290 48140 48140 117440 571984800 4.02 1.92 -10.00 62344 55096 1.13 9.12
20170407 56000 56160 53490 53490 63639 349525136 4.92 0.93 -1.42 38202 25437 1.50 4.94
20170406 55700 55970 53860 54260 51774 283433584 3.81 0.72 -2.11 30428 21346 1.43 4.02
20170405 54740 55600 52560 55430 52155 284066320 5.55 0.60 1.26 27716 24439 1.13 4.05
20170331 54000 55750 53880 54740 72636 398776496 3.48 0.73 1.99 35560 37077 0.96 5.64
20170330 54320 54860 52050 53670 65429 350041680 5.16 0.48 -1.52 36183 29246 1.24 5.08
20170329 52250 55300 52070 54500 101893 548430448 6.18 0.80 4.31 44804 57089 0.78 7.91
20170328 53120 53890 52120 52250 68269 362442992 3.31 0.58 -2.41 40445 27825 1.45 5.30
20170327 56640 56640 52800 53540 122828 669016400 6.81 1.26 -4.99 71684 51144 1.40 9.54
20170324 57500 58000 55500 56350 142022 802839056 4.27 1.95 -3.68 80519 61503 1.31 11.03
20170323 57920 60020 57000 58500 245920 1461859184 5.54 9.19 7.22 162876 83044 1.96 19.10
20170322 54560 54560 53580 54560 54228 295562288 1.98 2.96 10.00 45664 8565 5.33 4.21
20170104 48910 49690 48130 49600 26878 131069303 3.17 1.68 0.79 13553 13326 1.02 2.09
20170103 49570 50360 48900 49210 18186 89520414 2.95 1.03 -0.59 10775 7410 1.45 1.41
20161230 49840 51300 49000 49500 19447 97782526 4.61 0.91 -0.70 10498 8949 1.17 1.51
20161229 49730 50300 48800 49850 15019 74467643 2.99 0.64 -0.68 7431 7588 0.98 1.17
20161228 51200 51440 49990 50190 12097 61137504 2.83 0.48 -1.95 7677 4420 1.74 0.94
20161227 51000 51700 50200 51190 15417 78743647 2.94 0.56 0.37 7512 7905 0.95 1.20
20161226 50250 51000 48600 51000 26539 132053778 4.69 0.90 -0.33 13048 13490 0.97 2.06
20161223 51000 52680 50750 51170 37587.59 194713446.930
20161222 50620 50950 50190 50370 25692.60 129647287.280
20161221 50780 51360 50110 50910 19528.34 99281575.780
20161220 49930 51200 49520 50770 27791.96 140919152.710
20161219 48280 49940 47020 49890 36701.89 178733870.750
20161216 48620 48890 47590 48490 25755.66 124103025.690
20161215 46850 48780 46850 48500 25914.92 124588493.310
20161214 46130 48330 45580 47520 44630.84 210261373.500
20161213 47080 48150 44680 46400 64481.52 297148339.990
20161212 50020 50680 46250 47520 60365.47 289658695.190
20161209 49450 51960 49080 50400 52509.65 266166430.490
20161208 49900 49990 48880 49200 26740.41 131944383.660
20161207 49010 50150 48530 49970 27092.89 133653736.060
20161206 49310 50490 48620 49430 48976.71 242096219.810
20161205 50800 51650 48510 49400 69299.73 343420252.220
20161202 52110 54880 51000 51600 88896.82 465725521.290
20161201 50010 55000 48510 53870 134611.08 694575110.220
20161130 49140 52800 49140 50000 171402.94 847903347.500
20161124 50050 54680 49700 54600 109145.93 574591684.330
20161123 50270 51970 49500 50150 64346.34 324984380.800
20161122 49900 52490 49720 50010 81349.88 415017605.340
20161121 48600 50870 48300 50010 58836.11 292354047.370
20161118 47490 48550 47180 48120 32127.85 154719930.650
20161117 47900 48630 46460 47360 39077.79 185008719.760
20161116 46950 48900 46700 48230 43389.88 208155215.410
20161115 46600 47630 46180 47350 27131.20 127566770.500
20161114 46700 47480 46080 46600 31564.03 147202030.840
20161111 45250 46900 44980 46750 55440.21 256034709.550
20161110 43660 45000 43460 44900 35717.99 157702781.680
20161109 44320 44330 43100 43430 26507.73 115431846.020
20161108 44320 44720 44010 44020 17024.74 75240564.600
20161107 44550 44980 44030 44310 21382.34 95278474.140
20161104 45000 45300 43900 44580 20095.17 89578392.640
20161103 43880 45050 43600 44800 30025.33 133034975.930
20161102 44300 44950 43800 44200 26368.32 117333326.300
20161101 43970 44470 43400 44200 26169.07 114937152.720
20161031 43330 44290 43060 44050 20737.66 91117832.540
20161028 44380 44760 43000 43700 39469.95 172738391.360
20161027 42900 44980 42720 44700 61889.17 273490925.800
20161026 41700 43500 41700 43160 47058.92 202076575.830
20161025 40800 41590 40690 41550 19580.30 80609813.530
20161024 41170 41360 40350 40980 20834.19 85063297.500
20161021 41490 41500 40560 41370 13824.66 56766974.160
20161020 41650 41880 41050 41490 15890.22 65672533.460
20161019 41990 42160 41290 41750 16394.04 68245438.390
20161018 40200 42000 40030 42000 28233.95 115493028.110
20161017 42100 42330 40030 40600 45564.09 185349111.540
20161014 42010 42300 41600 42000 16083.73 67368211.290
20161013 41680 42400 41360 42390 19017.46 79979004.150
20161012 42200 42200 41520 41660 14029.72 58571798.200
20161011 42140 42480 41730 42210 21574.49 90527694.240
20161010 40780 42400 40480 42200 35526.63 148109492.820
20160930 40480 41010 40350 40800 12553.98 51082087.860
20160929 40700 41200 40480 40790 18187.10 74206818.200
20160928 40280 40900 40150 40610 25212.08 102231979.610
20160927 39420 40320 38700 40320 37310.92 148081569.840
20160926 39970 40160 39310 39350 19794.85 78572510.290
20160923 40670 40840 39630 40100 30030.08 120284571.010
20160922 40620 40990 39430 40400 38784.79 155217378.790
20160921 40780 41430 40400 40420 19689.00 80541022.860
20160920 40780 41150 40040 40890 22490.60 90981759.260
20160919 40810 41440 40000 40880 25956.43 105277546.120
20160914 39480 41660 39280 40750 43227.07 176762253.980
20160913 39000 39890 39000 39750 37876.17 149677861.250
20160912 40400 40400 38510 38530 46861.93 185486717.110
20160909 41480 42200 40260 40910 47093.04 192710978.290
20160908 39600 42970 39450 41400 75709.53 315284120.020
20160907 38240 40680 38100 39990 81431.51 324015129.410
20160906 37040 38300 37000 38300 31069.19 116479002.380
20160905 37440 37760 36900 37000 24468.32 91364624.320
20160902 37760 38410 37160 37420 33993.72 128529042.720
20160901 38260 38790 38000 38000 28564.74 109654623.990
20160831 37610 38480 37600 38260 36637.16 139665760.090
20160830 37950 38880 37680 37900 36691.22 140105928.460
20160829 37500 38070 36720 37960 35226.93 132384859.670
20160826 37520 38600 37440 37590 50116.27 190426976.190
20160825 36660 38490 36300 37800 63462.75 238911872.460
20160824 36300 36970 36030 36810 25842.42 94945348.610
20160823 35890 36940 35720 36280 28765.52 104992958.020
20160822 37050 37450 35710 35710 34531.76 125881741.020
20160819 36550 37130 36350 36820 30739.99 113273402.330
20160818 36450 36800 36070 36550 32084.78 116793724.940
20160817 35800 36630 35510 36470 43264.59 156871043.080
20160816 35930 35950 35550 35690 26060.29 93173014.440
20160815 34860 36100 34800 35570 38078.33 134887009.280
20160812 34310 34770 34150 34770 14658.92 50419540.300
20160811 34970 35150 34220 34240 28502.63 98491136.870
20160810 35470 35560 34950 35020 27821.28 97888435.420
20160809 35220 35350 34750 35170 21852.86 76581782.740
20160808 34210 35430 34120 35260 37223.99 130138324.020
20160805 33860 34390 33720 34200 30387.66 103557733.270
20160804 33900 34270 33750 33860 24762.04 84159778.340
20160803 33990 34420 33700 33870 20040.52 68248819.960
20160802 33960 34240 33790 34100 13246.77 45105850.770
20160801 34020 34200 33280 33820 25472.16 85746199.350
20160729 35200 35200 33860 34260 29214.79 100292684.860
20160728 35290 35400 33580 35010 45269.12 156922721.630
20160727 36800 36820 34700 35210 66880.29 238440444.700
20160726 36780 37460 36530 36830 52681.15 194949195.560
20160725 35880 37010 35400 36700 70855.99 258491817.980
20160722 35260 36150 35040 35560 40204.30 143846530.220
20160721 36000 36410 35140 35250 46321.18 166339461.280
20160720 35190 35640 34820 35610 37601.56 132993813.730
20160719 34650 35230 34290 35160 38498.83 133998612.250
20160718 35280 35350 34190 34550 53164.40 184177184.740
20160715 36400 36400 35220 35420 76377.49 272216104.770
20160714 36850 37540 36400 36840 42061.89 155573371.830
20160713 35850 37560 35850 36840 61016.13 224969114.570
20160712 35750 36090 34890 35890 67606.20 240029793.640
20160711 36910 37180 35390 35650 71256.60 259903973.540
20160708 36780 37500 36560 36780 48621.09 180316113.990
20160707 37600 37700 36360 36650 66385.26 244343869.040
20160706 37500 37930 37190 37700 50297.19 188953460.060
20160705 37940 38800 37360 37950 83620.17 318320834.040
20160704 36400 37990 36170 37890 97189.71 360719862.750
20160701 35600 37570 35600 36730 87377.28 322741601.380
20160630 37440 37440 35600 35830 99255.72 361292844.570
20160622 34550 35300 33900 35300 60476.11 209221157.240
20160621 34990 35580 34730 34900 87815.35 308374359.890
20160620 34000 34760 33680 34620 62171.77 212148680.370
20160617 35150 36020 34110 34400 90739.71 315569956.010
20160616 34200 35100 33270 34100 114910.22 393644243.140
20160615 31860 34320 31700 34100 83728.08 279801581.350
20160614 31980 33000 31670 32300 72404.71 234297370.530
20160613 33300 35190 32280 32290 154192.01 524535587.370
20160608 31080 34170 30760 33270 137993.06 451289486.550
20160607 30900 31220 30610 31060 33149.21 102613888.470
20160606 30790 31000 30440 30830 33410.06 102463640.230
20160603 31100 31190 30530 30710 43231.02 132823724.020
20160602 30770 31050 30380 30910 47284.72 144843318.040
20160601 31010 31450 30700 30750 54495.32 169007551.260
20160531 29310 31390 29290 31010 60591.90 184957194.310
20160530 29410 29890 28600 29290 35398.64 103691306.360
20160527 29520 30280 29520 29800 37327.85 111928638.910
20160526 29000 29980 28720 29780 41157.16 120637055.870
20160525 29300 30480 29030 29200 63430.25 188898434.990
20160524 29300 29330 28480 28700 41960.32 120966183.260
20160523 29050 29490 28580 29410 55722.98 162557102.400
20160520 27350 28940 27200 28770 62223.69 175990657.510
20160519 27290 28080 27290 27680 36337.29 100871920.110
20160518 28180 28180 26880 27310 53134.51 146595436.540
20160517 27550 28850 27550 28480 69678.31 196874614.360
20160516 27100 27730 26880 27680 43643.34 119385309.490
20160513 27580 28100 26900 27190 67390.00 184850000
20160512 27750 27940 26800 27740 58906.00 160770000
20160511 29690 29690 28280 28400 51084.00 147140000
20160510 29160 29800 28960 29420 40930.00 120030000
20160509 30540 30540 29010 29040 56875.00 167630000
20160506 33670 33930 30700 30780 84044.00 272130000
20160505 33000 34170 32870 33800 82473.00 278040000
20160504 31500 34390 31500 32890 100458.00 331930000
20160503 30210 31850 30000 31850 76111.00 235940000
20160429 29690 30720 29570 30400 54932.00 165740000
20160428 31080 31100 29000 29920 80115.00 239110000
20160427 31590 31790 30810 30970 37773.00 118510000
20160426 31410 31590 30870 31490 42885.00 133880000
20160425 31380 31950 30800 31400 43269.00 135740000
20160422 30960 32000 30800 31440 54208.00 169880000
20160421 33500 33500 31630 31650 78425.00 255900000
20160420 36080 36200 32690 33490 125253.00 432100000
20160419 34900 36310 34410 36300 115973.00 411600000
20160418 35380 35380 34550 34760 73500.00 256330000
20160415 34230 35780 34000 35670 141403.00 496510000
20160414 33750 34150 33440 34080 52343.00 176940000
20160413 33400 34180 33400 33700 67961.00 230280000
20160412 33870 33960 32930 33300 42401.00 141400000
20160411 33860 34200 33390 33920 52074.00 176170000
20160408 33310 33500 32670 33120 54709.00 180530000
20160407 34640 34900 33700 33800 71264.00 242970000
20160406 34000 35230 33800 34640 97197.00 337720000
20160405 32920 34180 32790 34180 76153.00 255700000
20160401 33500 33500 32560 32750 63338.00 208030000
20160331 33800 34330 33520 33670 81664.00 277020000
20160330 32500 33800 32500 33720 88987.00 294030000
20160329 33600 33990 31860 32510 84274.00 277010000
20160328 34470 35200 33820 33950 84002.00 290340000
20160325 35290 35800 33900 34400 105108.00 362910000
20160324 34230 35990 33980 35210 167723.00 592500000
20160323 33800 34280 33590 34220 99448.00 338770000
20160322 34810 34860 33750 33920 158560.00 541500000
20160321 33520 35200 33380 35100 232987.00 797720000
20160318 32690 36140 32690 35030 329830.00 1114670000
20160317 36320 36320 36320 36320 3736.00 13570000
20151214 39000 40750 38380 40350 70766.00 279810000
20151211 38150 39820 37830 39410 76283.00 296530000
20151210 38210 38990 37580 38080 57566.00 220140000
20151209 39000 39490 37980 38100 69354.00 268420000
20151208 38250 39890 37800 39500 79502.00 308830000
20151207 38700 38950 37510 38850 75628.00 289080000
20151204 40000 41230 38000 38600 82763.00 328680000
20151203 38910 40320 38870 40240 61263.00 244400000
20151202 39430 40560 36580 38870 67335.00 258870000
20151201 40600 41300 38700 39900 63246.00 254190000
20151130 38900 40690 36200 40600 95572.00 372470000
20151127 42210 43000 38200 39000 101615.00 415350000
20151126 42150 43150 41360 41950 80791.00 341390000
20151125 42690 43000 41330 42160 93099.00 392010000
20151124 39730 43200 39720 42400 123840.00 514730000
20151123 39390 40880 39100 39730 108351.00 433980000
20151120 37500 40500 37500 39100 97791.00 382950000
20151119 36150 37460 35900 37410 67662.00 249030000
20151118 36470 37290 35700 35930 62231.00 227330000
20151117 36910 38800 36410 36480 110802.00 417870000
20151116 34660 36830 34200 36710 74305.00 267430000
20151113 37750 37870 35150 35840 170365.00 619050000
20151112 38450 40360 38430 39060 97189.00 383690000
20151111 38080 38850 37750 38400 90988.00 348030000
20151110 37800 38600 36880 37540 79911.00 301370000
20151109 36500 38480 35350 38180 115535.00 429420000
20151106 35820 37600 35710 36900 93135.00 342240000
20151105 35060 36500 34710 36000 123448.00 439490000
20151104 33220 35200 33150 35000 120822.00 412090000
20151103 33490 34240 32480 33000 69874.00 231600000
20151102 33860 35330 33000 33280 79119.00 271750000
20151030 34880 35950 34300 34900 76727.00 269130000
20151029 35880 36730 34600 35470 71908.00 257510000
20151028 36680 37310 35150 35350 104639.00 380030000
20151027 34150 38100 33700 37570 162689.00 583200000
20151026 33810 35310 33490 34680 119180.00 409020000
20151023 32710 34100 32460 33260 117906.00 393550000
20151022 31760 32800 30800 32670 114024.00 364270000
20151021 35200 35490 31760 31760 161487.00 546620000
20151020 32390 35290 32150 35290 166806.00 568950000
20151019 33050 33050 31210 32080 114215.00 365490000
20151016 33260 33780 32150 32980 75297.00 247540000
20151015 31220 33150 30830 33150 84568.00 270500000
20151014 32800 33200 31550 31800 58600.00 189230000
20151013 31790 32950 31560 32870 63028.00 204030000
20151012 30900 32480 30500 32100 82652.00 262680000
20151009 30400 30940 29700 30360 73633.00 222980000
20151008 29550 30580 29000 30400 76296.00 227850000
20150930 28200 29270 27820 28380 50344.00 143630000
20150929 28500 28870 27900 28070 51299.00 145420000
20150928 28110 29460 26820 29300 76332.00 215500000
20150925 28520 29980 28200 28570 107081.00 311930000
20150924 28450 29200 28200 28760 88092.00 253360000
20150923 27730 28650 27700 28090 70340.00 197930000
20150922 27900 29350 27600 28800 120306.00 343320000
20150921 25400 27480 24910 27400 101267.00 269450000
20150918 26100 26380 24720 25800 76012.00 194590000
20150917 26800 28110 25610 25880 130476.00 350360000
20150916 24460 27050 23050 27050 111181.00 278490000
20150915 26000 26850 24590 24590 51634.00 131080000
20150914 30420 30790 27320 27320 52654.00 152890000
20150911 29810 31500 29750 30360 67162.00 204760000
20150910 28990 30460 28560 28820 58055.00 171820000
20150909 28660 30520 28650 29700 65700.00 194080000
20150908 26080 28650 25700 28080 54991.00 150520000
20150907 26720 28300 26330 26590 52243.00 142060000
20150902 26370 29870 26130 26140 68312.00 185100000
20150901 32000 32000 29030 29030 68229.00 202330000
20150831 32000 33190 31710 32250 98660.00 322180000
20150828 30400 32260 29400 32260 108124.00 331430000
20150827 29500 31000 26550 29330 95859.00 277010000
20150826 32390 32500 29150 29150 114039.00 343910000
20150825 32390 33900 32390 32390 58753.00 191150000
20150824 37600 38990 35990 35990 33963.00 123530000
20150821 42500 43900 39500 39990 71023.00 294860000
20150820 43180 44900 42500 43110 99634.00 437130000
20150819 39100 44100 39000 43660 105977.00 440170000
20150818 45000 46630 40180 41250 142987.00 633510000
20150817 44110 45900 43420 44510 103051.00 457480000
20150814 44400 47180 44000 46000 147274.00 675590000
20150813 43000 45060 41520 45060 259382.00 1116380000
20150812 40960 40960 40960 40960 12613.00 51660000
20150811 37240 37240 37240 37240 204.00 760000
20150810 33850 33850 33850 33850 4215.00 14260000
20150707 30770 30770 30770 30770 11349.00 34920000
20150706 41100 41200 34190 34190 92313.00 342180000
20150703 39650 42880 37990 37990 105602.00 410350000
20150702 46940 48500 42210 42210 117768.00 524740000
20150701 48010 49750 46000 46900 129020.00 629530000
20150630 39900 45630 38030 45230 113853.00 476090000
20150629 48350 48390 42250 42250 55426.00 239760000
20150626 50100 52000 46940 46940 41676.00 201470000
20150625 53690 55680 51000 52160 80478.00 431260000
20150624 53500 54600 49630 53680 64234.00 338800000
20150623 52340 53890 47150 53300 58710.00 298750000
20150619 56000 56500 52290 52330 78643.00 419850000
20150618 62010 63890 57000 58100 53810.00 324340000
20150617 59900 63550 58400 62480 68740.00 424300000
20150616 58780 60480 55000 59310 65013.00 376340000
20150615 64740 66800 59750 60500 70567.00 438620000
20150612 61870 66660 61170 64080 75357.00 486620000
20150611 63000 65000 60880 62100 70353.00 440820000
20150610 63600 65280 59790 63500 90609.00 566370000
20150609 60000 63170 58200 62720 73390.00 451220000
20150608 58020 63950 58020 60720 128740.00 774050000
20150605 57600 60780 55300 60700 195449.00 1168840000
20150604 55250 55250 55230 55250 27185.00 150200000
20150603 50230 50230 50230 50230 550.00 2760000
20150506 43000 47080 42870 45660 122181.00 560090000
20150505 44350 44990 42690 42800 41011.00 178290000
20150504 44800 46000 43510 44530 43167.00 193010000
20150430 46000 47220 45370 45370 41169.00 189870000
20150429 43010 46590 43010 45470 54041.00 243220000
20150428 43960 45000 42380 44000 86731.00 373940000
20150427 46270 47970 44040 44620 80226.00 369570000
20150424 42800 45420 41990 44850 84814.00 374240000
20150423 43250 45000 42270 43150 71543.00 310650000
20150422 40500 44070 40380 43260 156869.00 676180000
20150421 36650 40260 36650 40250 116920.00 458090000
20150420 36510 38030 36400 36600 82526.00 307400000
20150417 37950 38440 36610 37920 76831.00 288720000
20150416 37060 38330 36390 37650 64934.00 243660000
20150415 39250 39250 36690 37560 78054.00 296150000
20150414 40200 40300 38680 39560 61782.00 243870000
20150413 41800 42000 39500 40020 87947.00 355380000
20150410 38350 40500 37780 39800 73253.00 291380000
20150409 40080 40600 36300 38550 99089.00 376950000
20150408 40970 41850 40170 40300 86714.00 353900000
20150407 41000 42360 40030 40970 87257.00 358650000
20150403 40000 42200 39500 40990 99378.00 407180000
20150402 38850 41300 38300 40730 171739.00 683130000
20150401 37430 39700 36920 38840 158188.00 602210000
20150331 38650 38650 37020 37450 148060.00 559980000
20150330 34800 38640 34100 38640 160784.00 576000000
20150327 34500 35200 33000 35130 104713.00 358220000
20150326 36800 36800 33890 34200 147145.00 518110000
20150325 38000 38350 37000 37550 74179.00 279290000
20150324 37000 38500 35700 38000 111691.00 415410000
20150323 37800 37800 36050 37210 97916.00 360170000
20150320 37180 38350 36600 37950 51062.00 192190000
20150319 37150 37700 36400 37300 54747.00 203120000
20150318 35110 38000 35080 37130 54556.00 199510000
20150317 35500 37160 35050 35750 86869.00 314670000
20150316 33430 36500 33210 35700 100816.00 355100000
20150313 31100 33870 31100 33190 79308.00 259630000
20150312 32570 32570 30520 30790 48791.00 152380000
20150311 31680 32860 31530 32390 55494.00 179730000
20150310 30300 32450 30300 31700 100401.00 318550000
20150309 29730 30300 29100 30300 31233.00 92930000
20150306 30480 31270 29650 29900 74505.00 224820000
20150305 29320 31100 29320 30540 85521.00 259950000
20150304 29300 29350 28800 29280 42961.00 125290000
20150303 28440 29590 28030 28990 76686.00 222610000
20150302 28780 28780 28210 28760 56027.00 159750000
20150227 28070 28650 27830 28520 44631.00 126480000
20150226 28250 28460 27600 27820 37290.00 104300000
20150225 27970 28990 27910 28190 52402.00 148710000
20150217 28200 28200 27550 27910 31607.00 87830000
20150216 26500 28300 26500 28170 50640.00 139850000
20150213 26250 26750 26170 26370 37123.00 98320000
20150212 26200 26600 26030 26130 29627.00 77860000
20150211 25850 26600 25640 26260 23248.00 61100000
20150210 25960 26090 24900 25890 45676.00 115960000
20150209 28490 29300 26050 26340 62857.00 174360000
20150128 27350 27920 27260 27690 39292.00 108650000
20150127 27390 27780 26730 27690 79057.00 215540000
20150126 26490 26860 26210 26620 38513.00 102050000
20150123 26920 26990 26130 26410 48579.00 128530000
20150122 26280 27180 26080 27070 54761.00 146100000
20150121 26050 26960 26050 26280 56288.00 148580000
20150120 24990 25950 24880 25940 57658.00 147380000
20150119 24500 25470 24220 24820 50583.00 126610000
20150116 24880 25170 24500 24840 44949.00 111410000
20150115 25190 25260 24760 24860 26491.00 66110000
20150114 25400 25480 24660 25210 38140.00 95710000
20150113 23670 25210 23660 25190 34453.00 85850000
20150112 24550 24560 23850 23940 18799.00 45550000
20150109 24980 25210 24580 24680 27818.00 69270000
20150108 24660 25150 24600 24880 25925.00 64340000
20150107 24790 25020 24100 24700 36350.00 89360000
20150106 23500 25100 23260 24800 42924.00 104280000
20150105 23640 23650 22830 23470 38543.00 89690000
20141231 22980 23950 22710 23760 23412.00 55240000
20141230 23980 24170 22950 23000 25148.00 58670000
20141229 24590 24600 23840 23980 23746.00 57010000
20141226 25000 25110 24550 24830 21485.00 53310000
20141225 24430 25070 24330 25020 22975.00 57010000
20141224 23710 24340 23710 24320 24103.00 58080000
20141223 24100 24190 23280 23460 26506.00 62860000
20141222 25700 25700 23690 23800 33653.00 81430000
20141219 27070 27150 25500 26010 41803.00 109720000
20141218 27350 27630 27040 27190 28394.00 77450000
20141217 28100 28140 27000 27700 33357.00 91690000
20141216 28620 28790 28110 28190 19885.00 56360000
20141215 28180 28680 27810 28630 24608.00 69700000
20141212 27900 28580 27780 28320 21881.00 61800000
20141211 27970 28580 27650 27940 36638.00 102590000
20141210 27710 28530 26800 28430 56943.00 156970000
20141209 30510 30600 27710 27710 74172.00 214200000
20141208 30250 31130 29200 30790 71858.00 220210000
20141205 29510 31010 26880 30250 63878.00 190520000
20141204 29700 30270 29450 29840 29737.00 88820000
20141203 29000 29670 28300 29670 25875.00 75010000
20141202 28700 29670 28600 29110 26042.00 76280000
20141201 29300 29300 27860 28700 35158.00 99400000
20141128 29960 30300 29200 29300 34325.00 101270000
20141127 30360 30470 29710 29950 22033.00 66180000
20141126 29430 30360 29100 30360 33098.00 98480000
20141125 28900 29870 28900 29730 24917.00 73850000
20141124 29010 29200 28600 28770 18827.00 54330000
20141121 28770 29000 28460 28830 13668.00 39310000
20141120 28980 29200 28580 28650 7117.00 20430000
20141119 28420 29220 28330 29060 17776.00 51280000
20141118 28150 28860 28120 28390 13325.00 38200000
20141117 26990 28550 26990 28400 19590.00 54980000
20141114 27100 27680 27100 27300 15461.00 42390000
20141113 28900 28900 26860 27090 30615.00 84170000
20141112 28200 28920 28200 28670 15310.00 43890000
20141111 29700 29970 28500 28730 20227.00 58780000
20141110 29710 30380 29410 29570 22019.00 65300000
20141107 31000 31200 30250 30390 16488.00 50740000
20141106 30700 31420 30700 31100 34576.00 107580000
20141105 29670 30760 29670 30700 21742.00 65880000
20141104 30390 30400 29530 29680 17862.00 53420000
20141103 30260 30600 30060 30410 15759.00 47760000
20141031 30720 31220 29900 30250 22955.00 69640000
20141030 31010 31600 30560 30720 22084.00 68250000
20141029 31260 31510 30830 31010 35142.00 109370000
20141028 30150 31670 30150 31290 34833.00 108670000
20141027 28600 30430 28410 29610 23549.00 69780000
20141024 29280 29760 28470 28610 17923.00 52120000
20141023 30600 30600 29180 29320 26018.00 77270000
20141022 30950 31460 30560 30710 17234.00 53270000
20141021 31000 31900 30850 30920 20358.00 63900000
20141020 30800 31000 30500 30800 20555.00 63210000
20141017 31560 31800 29970 30700 39780.00 121810000
20141016 31990 32870 31660 31990 44738.00 144980000
20141015 31800 32200 31350 31530 27877.00 88380000
20141014 33000 33300 31810 31880 40608.00 132010000
20141013 33400 33600 32380 33200 50475.00 165940000
20141010 34100 34570 33400 33880 41271.00 140300000
20141009 34050 34700 32750 34700 59884.00 201650000
20141008 34200 34990 33500 34460 40320.00 138660000
20140930 33500 34500 33150 34320 51974.00 176360000
20140929 31700 33580 31500 33530 62616.00 205610000
20140926 32780 32980 31620 31900 44502.00 142340000
20140925 32960 34400 32360 32750 82694.00 278180000
20140924 32010 33390 32000 32600 83088.00 272970000
20140923 30370 32620 30370 32600 80605.00 253360000
20140922 31500 31500 29980 30050 59461.00 182130000
20140919 30900 32500 30420 31970 77360.00 246600000
20140918 30510 31680 30000 30970 79692.00 246470000
20140917 32370 32370 30700 32240 220824.00 701080000
20140916 29430 29430 29430 29430 758.00 2230000
20140721 26370 27290 26200 26750 25121.00 67340000
20140718 26320 26560 26100 26430 11418.00 30120000
20140717 26090 26450 25700 26450 16356.00 42660000
20140716 26320 26650 25500 26070 34828.00 90430000
20140715 26830 27180 26300 26360 43132.00 114970000
20140714 27220 27700 26910 27470 26084.00 71270000
20140711 26900 27600 26400 27400 29847.00 81070000
20140710 26580 27500 26020 27000 46031.00 123640000
20140709 27240 28200 26510 27000 65660.00 180100000
20140708 27470 28050 27200 27300 49468.00 136220000
20140707 27120 27990 26750 27200 48871.00 133630000
20140704 27260 27700 26800 27120 45076.00 122660000
20140703 27060 28250 26540 27460 84128.00 232760000
20140702 25500 27700 25170 26950 91423.00 243640000
20140701 24530 25180 24150 25180 45692.00 114010000
20140630 24550 25280 24220 24710 58351.00 144820000
20140627 23300 24880 23110 24510 66720.00 161200000
20140626 22810 23390 22700 23290 41576.00 96290000
20140625 23590 23590 22650 22700 32974.00 75760000
20140624 23370 23900 23370 23590 24255.00 57480000
20140623 23330 23940 23060 23360 23103.00 54270000
20140620 22580 23340 22350 23320 36269.00 82630000
20140619 23510 24330 22240 22460 41075.00 95990000
20140618 23930 24300 23650 23650 24089.00 57470000
20140617 24800 24880 23870 24240 47885.00 115990000
20140616 24770 25020 24500 24950 43966.00 108930000
20140613 24920 26340 24570 25350 81612.00 207210000
20140612 24950 25500 24660 24850 38138.00 94980000
20140611 24950 25360 24160 25250 52784.00 130590000
20140610 24800 25600 24550 24930 52248.00 130950000
20140609 24480 25800 24180 25140 78009.00 196820000
20140606 25110 25870 24060 24630 88782.00 222290000
20140605 22250 24720 22150 24720 66689.00 159550000
20140604 21270 23180 21200 22470 42191.00 94000000
20140603 21710 22190 21350 21410 18958.00 41230000
20140530 21500 22560 20910 21930 33215.00 72360000
20140529 20980 21620 20950 21500 18323.00 39220000
20140528 20810 21500 20810 21180 15667.00 33090000
20140527 21230 21540 20800 20910 21531.00 45610000
20140526 20900 21360 20650 21290 23745.00 49920000
20140523 21100 21250 20450 20900 31301.00 64960000
20140522 20900 21250 20730 21160 23931.00 50250000
20140521 20780 21000 20520 20860 13927.00 28900000
20140520 20200 20860 20130 20800 23821.00 49250000
20140519 20500 20700 20100 20200 15988.00 32580000
20140516 19850 20650 19700 20530 29977.00 60800000
20140515 19580 20050 19580 19830 18161.00 36090000
20140514 19600 20100 19510 19690 16829.00 33430000
20140513 19290 19710 19200 19590 13030.00 25310000
20140512 18250 19390 18170 19380 23243.00 44060000
20140509 18500 18510 18050 18170 5901.00 10760000
20140508 18600 18750 18450 18500 6295.00 11700000
20140507 18910 18910 18430 18540 9329.00 17430000
20140506 18700 19330 18670 19010 8066.00 15320000
20140505 18390 18680 18300 18610 4583.00 8500000
20140430 18010 18480 18010 18480 4620.00 8470000
20140429 17810 18170 17580 18170 10776.00 19270000
20140428 18950 18950 17650 17820 21818.00 39300000
20140425 19210 19300 19000 19000 6016.00 11500000
20140424 19710 19710 19210 19210 9278.00 18040000
20140423 19540 19760 19410 19700 7810.00 15300000
20140422 19520 19580 19020 19540 13197.00 25470000
20140421 19580 19950 19400 19540 11081.00 21900000
20140418 19600 19930 19410 19670 10300.00 20330000
20140417 19110 19650 19110 19580 10594.00 20660000
20140416 19110 19450 19010 19170 6401.00 12280000
20140415 19400 19690 19130 19230 10908.00 21130000
20140414 19000 19580 18800 19550 14207.00 27600000
20140411 18800 19100 18770 19070 8836.00 16780000
20140410 18750 19170 18590 18920 19057.00 36070000
20140409 18480 18970 18400 18680 15339.00 28720000
20140408 18370 18500 18120 18490 8276.00 15190000
20140404 18100 18450 18010 18340 7498.00 13690000
20140403 17870 18170 17730 18060 10851.00 19490000
20140402 18170 18170 17730 17900 11266.00 20210000
20140401 18210 18250 17610 18170 26822.00 48120000
20140331 18000 19000 17820 18340 14674.00 26730000
20140328 19650 19700 18300 18440 22039.00 41660000
20140327 20080 20200 19520 19640 10542.00 20880000
20140326 19900 20090 19820 20080 9767.00 19480000
20140325 20100 20270 19820 19870 13634.00 27280000
20140324 19800 20120 19490 20120 16144.00 32100000
20140321 19300 19870 18980 19790 16639.00 32250000
20140320 19950 20250 19490 19500 17915.00 35700000
20140319 19800 19820 19420 19820 10697.00 21020000
20140318 19630 20100 19540 19800 22770.00 45200000
20140317 19430 19890 19340 19680 14122.00 27710000
20140314 19200 19560 19150 19430 15852.00 30790000
20140313 19200 19480 19000 19320 11559.00 22300000
20140312 19600 19870 18960 19150 19614.00 38020000
20140311 19250 19600 19080 19550 14412.00 27870000
20140310 20160 20160 19150 19230 20922.00 41100000
20140307 20480 20680 20030 20200 17753.00 36150000
20140306 20340 20500 19730 20470 17969.00 36190000
20140305 20410 20650 20220 20340 16700.00 34010000
20140304 20940 20940 20290 20460 27135.00 55680000
20140303 20690 21010 20300 20960 34664.00 71910000
20140228 20100 20900 20000 20450 26041.00 53380000
20140227 20460 20950 20100 20100 21216.00 43770000
20140226 20000 20530 19500 20450 25496.00 50950000
20140225 21680 22100 20030 20270 47875.00 102830000
20140224 20730 21500 20560 21490 22756.00 48120000
20140221 20770 21160 20550 20900 18687.00 38960000
20140220 21300 21600 20700 20800 29905.00 62850000
20140219 21650 21920 21210 21420 27159.00 58510000
20140218 21500 22190 21360 21810 41087.00 89880000
20140217 21100 21780 20960 21670 33953.00 72870000
20140214 20900 21210 20630 21030 29063.00 60850000
20140213 21990 22130 20800 20900 40350.00 86940000
20140212 21290 22500 21050 22200 49643.00 108720000
20140211 22590 22600 21280 21430 55844.00 122630000
20140210 21410 21800 21030 21700 51792.00 110950000
20140207 20410 21740 20190 21390 39558.00 84510000
20140130 20890 21100 20460 20650 21439.00 44530000
20140129 19970 21090 19900 20890 46365.00 95920000
20140128 20280 20400 19810 20000 18472.00 36990000
20140127 20210 20620 20110 20320 30341.00 61750000
20140124 19990 20310 19720 20310 34790.00 69690000
20140123 20020 20330 19780 20020 26776.00 53770000
20140122 19790 20110 19660 20010 23960.00 47700000
20140121 19380 19950 19250 19810 24629.00 48710000
20140120 19590 19720 18980 19360 30102.00 58370000
20140117 18770 19670 18700 19540 33395.00 64300000
20140116 19040 19300 18800 18900 16794.00 31970000
20140115 18580 19190 18580 18960 19140.00 36280000
20140114 18500 18760 18200 18730 20189.00 37380000
20140113 18100 18670 17920 18500 19314.00 35460000
20140110 18390 18390 17710 18170 23111.00 41740000
20140109 18890 19190 18450 18550 21277.00 40180000
20140108 18760 19380 18760 18900 27719.00 52930000
20140107 18450 18850 18400 18700 15341.00 28650000
20140106 18690 18750 18200 18610 19930.00 36830000
20140103 18190 18980 18190 18770 35506.00 66610000
20140102 17880 18560 17880 18200 20389.00 37500000
20131231 18610 18610 17860 17880 21205.00 38330000
20131230 18600 18790 18300 18480 14860.00 27500000
20131227 17810 18510 17810 18390 17714.00 32440000
20131226 18300 18350 17770 18000 18407.00 33160000
20131225 17190 18450 17180 18210 27968.00 49880000
20131224 17200 17610 16950 17070 19116.00 33120000
20131223 17710 17880 17000 17200 16620.00 28720000
20131220 18170 18170 17680 17720 13312.00 23720000
20131219 18230 18470 18150 18170 10896.00 19910000
20131218 17980 18420 17780 18390 13747.00 24980000
20131217 18710 18950 18150 18150 26827.00 49480000
20131216 19380 19400 18810 18820 16731.00 31750000
20131213 19190 19390 18860 19340 17507.00 33640000
20131212 18900 19340 18780 19210 18500.00 35370000
20131211 18760 18990 18570 18950 21269.00 39930000
20131210 19460 19460 18770 18820 30201.00 57460000
20131209 19640 19700 19280 19350 23499.00 45580000
20131206 19190 19800 19050 19650 19646.00 38380000
20131205 19300 19600 19050 19200 13072.00 25200000
20131204 19310 19750 19300 19400 18732.00 36700000
20131203 18800 19400 18600 19310 20240.00 38830000
20131202 20400 20570 18860 18860 53593.00 104920000
20131129 21180 21500 20900 20950 39963.00 84870000
20131128 21310 21540 21030 21090 41982.00 88980000
20131127 20630 21850 20220 21550 65819.00 139320000
20131126 20700 20900 20360 20700 34473.00 70950000
20131125 20040 21500 20000 20950 66126.00 137890000
20131122 20300 20600 19810 20350 31789.00 64270000
20131121 20630 20940 20000 20300 41181.00 84160000
20131120 19800 20660 19800 20600 52056.00 106120000
20131119 19970 20690 19470 20000 51231.00 102800000
20131118 19120 20180 19020 19950 52549.00 103930000
20131115 18740 19480 18620 19140 50220.00 96110000
20131114 17890 18880 17240 18870 39087.00 70890000
20131113 18300 18730 18000 18000 19142.00 35080000
20131112 18470 18620 18000 18230 16564.00 30300000
20131111 17770 18480 17770 18380 15115.00 27450000
20131108 18680 18680 17900 17950 35158.00 64020000
20131107 19500 19750 18880 18880 33379.00 64250000
20131106 19570 20500 19110 19730 50843.00 100880000
20131105 19190 19590 18750 19570 35906.00 69190000
20131104 19620 19630 18570 19440 57055.00 108840000
20131101 20040 21280 19860 19980 71921.00 149330000
20131031 20500 20740 19730 20280 61536.00 124610000
20131030 19300 21480 19210 20810 106334.00 216140000
20131029 18380 20000 18240 19580 93746.00 179550000
20131028 18720 19290 18330 18360 34912.00 65420000
20131025 18700 18890 18060 18550 38558.00 71310000
20131024 17780 19160 17560 18770 58343.00 109010000
20131023 18400 18580 17700 17820 19889.00 35930000
20131022 18200 18900 18050 18330 36671.00 67940000
20131021 17500 18380 17380 18300 36425.00 65590000
20131018 17700 18270 17700 17840 20401.00 36650000
20131017 17400 17680 17300 17500 13132.00 22950000
20131016 17840 17840 17150 17360 17642.00 30610000
20131015 18200 18200 17580 17860 28268.00 50400000
20131014 18420 18600 18080 18370 26710.00 49000000
20131011 18000 18630 17960 18420 34652.00 63810000
20131010 19000 19040 17810 18000 46618.00 85650000
20131009 17750 18490 17670 18420 42624.00 77930000
20131008 17290 17980 17200 17840 25107.00 44520000
20130930 17060 17400 17000 17320 12399.00 21380000
20130927 17110 17300 17020 17060 12499.00 21420000
20130926 17310 17800 17110 17110 27387.00 47730000
20130925 18280 18760 17580 17610 55279.00 100860000
20130924 17910 18080 17460 18080 33798.00 60270000
20130923 17600 18070 17600 17810 32854.00 58830000
20130918 17160 17840 17160 17600 32071.00 56440000
20130917 17100 17250 16920 17050 15303.00 26220000
20130916 17030 17350 16830 17150 20569.00 35390000
20130913 16600 17000 16600 17000 12770.00 21510000
20130912 16650 17110 16520 16700 12955.00 21830000
20130911 17290 17580 16690 16760 24994.00 42550000
20130910 17280 17400 17100 17240 19731.00 33990000
20130909 17000 17400 16800 17280 37489.00 64140000
20130906 16410 16730 16270 16600 19644.00 32510000
20130905 16720 16870 16310 16500 20391.00 33740000
20130904 16460 16900 16270 16710 18096.00 30100000
20130903 16240 16630 16010 16480 16057.00 26240000
20130902 15950 16490 15700 16240 15047.00 24280000
20130830 17110 17110 15710 16050 52093.00 85440000
20130829 17980 18050 17200 17220 37478.00 65580000
20130828 17700 18710 17520 18100 62125.00 113400000
20130827 17390 17730 17310 17720 26371.00 46340000
20130826 17230 17440 17120 17370 20281.00 35050000
20130823 17800 17900 16800 17230 30226.00 52430000
20130822 17700 17990 17600 17650 26628.00 47460000
20130821 17300 17850 17280 17850 25340.00 44650000
20130820 17310 17780 17310 17520 19979.00 35150000
20130819 16910 17540 16880 17440 19572.00 33870000
20130816 17500 18000 17030 17050 33830.00 59040000
20130815 17690 18280 17580 17710 48658.00 87650000
20130814 17820 17980 17360 17510 31172.00 55040000
20130813 17510 18290 17500 17950 40045.00 71720000
20130812 17150 17780 17020 17700 45400.00 79140000
20130809 17700 17850 16920 17250 58029.00 100460000
20130808 17410 18250 17300 17760 65451.00 116140000
20130807 19000 19330 18050 18130 138937.00 260700000
20130806 17200 18330 17200 18330 46372.00 83820000
20130805 16010 16700 15910 16660 30506.00 49840000
20130802 15720 16360 15720 16090 27644.00 44440000
20130801 15310 15870 15100 15800 15874.00 24740000
20130731 15210 15580 15140 15330 15078.00 23090000
20130730 15610 15800 14880 15210 15681.00 24060000
20130729 16010 16190 15550 15610 15874.00 25080000
20130726 16000 16300 15800 16070 19952.00 32090000
20130725 17000 17160 16010 16150 41262.00 68440000
20130724 16650 17250 16520 17180 55467.00 94200000
20130723 16220 16690 16080 16640 38567.00 63400000
20130722 15660 16650 15650 16440 38531.00 62790000
20130719 16300 16950 15600 15700 45242.00 74210000
20130718 15950 16570 15610 16300 42169.00 68360000
20130717 16600 16650 16050 16080 45628.00 74330000
20130716 16530 17190 16100 16640 72397.00 120090000
20130715 15260 16370 15120 16180 64659.00 103100000
20130712 15420 16230 15260 15690 50600.00 79900000
20130711 15140 15880 14990 15580 48067.00 74580000
20130710 14990 15700 14840 15450 59713.00 92010000
20130709 13310 14760 13040 14760 22268.00 31310000
20130708 14100 14100 13420 13420 13164.00 17970000
20130705 14370 14690 14230 14280 14336.00 20700000
20130704 13990 14670 13910 14350 24493.00 35280000
20130703 14240 14240 13700 14100 14821.00 20740000
20130702 13870 14470 13670 14290 20024.00 28280000
20130701 13580 13900 13380 13860 9661.00 13200000
20130628 13990 14200 13400 13610 11378.00 15720000
20130627 14680 14770 13950 14000 22185.00 32000000
20130626 14470 14840 13800 14730 24882.00 36060000
20130625 13960 14760 12820 14510 28633.00 39300000
20130624 15410 15710 14000 14240 22081.00 33190000
20130621 15950 15950 15200 15400 19766.00 30580000
20130620 16520 16950 16120 16130 16792.00 27940000
20130619 16840 16840 16300 16550 12648.00 20850000
20130618 16820 17060 16600 16840 12208.00 20510000
20130617 17020 17110 16680 16810 20594.00 34750000
20130614 16600 17210 16510 17000 18264.00 30930000
20130613 16400 16900 15700 16670 25928.00 42390000
20130607 17350 17470 16500 16540 29985.00 50400000
20130606 17600 17970 17250 17330 20805.00 36770000
20130605 17800 17990 17410 17650 21283.00 37430000
20130604 18710 18720 17660 17860 35660.00 64630000
20130603 18280 18970 18200 18780 54734.00 102570000
20130531 18110 18500 17560 18410 46545.00 83750000
20130530 18280 18550 18020 18070 26663.00 48490000
20130529 18230 18580 18230 18370 27778.00 51130000
20130528 19140 19150 18110 18350 48279.00 89040000
20130527 19590 19590 18950 19130 52545.00 100700000
20130524 19100 19700 18700 19600 91472.00 175620000
20130523 18200 19360 17890 19290 116589.00 221740000
20130522 18950 18950 18100 18230 67554.00 124360000
20130521 18150 19300 18030 19020 91511.00 171900000
20130520 17650 18050 17650 17950 60822.00 108760000
20130517 17350 17890 17310 17650 48038.00 84860000
20130516 17110 17470 16710 17220 42749.00 73130000
20130515 17300 17780 17200 17430 29668.00 51930000
20130514 18000 18120 17110 17360 59727.00 104950000
20130513 17920 19000 17390 18500 98366.00 178310000
20130510 16910 17390 16610 17390 31973.00 54510000
20130509 16520 17000 16390 17000 21516.00 36070000
20130508 15940 16630 15810 16500 18453.00 30190000
20130507 16070 16180 15850 15940 7775.00 12410000
20130506 15590 16180 15520 16070 10032.00 15980000
20130503 15210 15690 15210 15520 6476.00 10050000
20130502 15300 15380 15100 15180 4885.00 7430000
20130426 16220 16380 15030 15340 15496.00 24390000
20130425 16650 16970 16390 16420 9836.00 16380000
20130424 16400 16800 16170 16750 8961.00 14790000
20130423 17020 17020 16430 16430 10146.00 17000000
20130422 16600 17070 16600 17070 11834.00 20000000
20130419 16420 16800 16310 16670 9616.00 15980000
20130418 16530 16570 16370 16430 6858.00 11280000
20130417 16300 16640 16220 16550 8113.00 13350000
20130416 16150 16500 15930 16400 7269.00 11800000
20130415 16850 16850 16180 16320 8881.00 14590000
20130412 17110 17370 16900 16930 8154.00 13980000
20130411 17900 18000 17230 17260 11719.00 20500000
20130410 17530 18090 17530 17830 22200.00 39650000
20130409 17510 17790 17310 17580 16045.00 28150000
20130408 16690 17970 16280 17730 32029.00 55920000
20130403 16410 17180 16050 16770 15472.00 25830000
20130402 16460 16650 16210 16260 8679.00 14220000
20130401 16400 16750 16300 16460 7332.00 12110000
20130329 16700 16800 16400 16400 5983.00 9920000
20130328 17100 17100 16560 16590 7924.00 13250000
20130327 16860 17480 16800 17190 11678.00 20110000
20130326 17360 17360 16650 16860 8254.00 13930000
20130325 17450 17700 17220 17380 7035.00 12260000
20130322 17420 17880 17420 17490 11342.00 20000000
20130321 17450 17700 17300 17590 19673.00 34410000
20130320 16600 17690 16400 17600 22750.00 38960000
20130319 16660 16990 16210 16580 7899.00 13040000
20130318 17010 17120 16360 16360 11794.00 19680000
20130315 17050 17650 17050 17140 8858.00 15310000
20130314 17290 17300 17000 17040 7530.00 12900000
20130313 17550 17670 16890 17160 12692.00 21810000
20130312 18400 18780 17460 17670 14639.00 26420000
20130311 18420 18750 18200 18500 9286.00 17210000
20130308 18650 18780 18480 18490 10269.00 19080000
20130307 19000 19000 18500 18510 16101.00 30070000
20130306 18910 19180 18500 19000 28183.00 53130000
20130305 18750 19100 18450 18880 17444.00 32890000
20130304 19430 19820 18390 18780 34203.00 65430000
20130301 18980 19750 18980 19550 35685.00 69530000
20130228 18760 18980 18520 18950 19524.00 36590000
20130227 18880 19050 18510 18980 15023.00 28240000
20130226 18890 19290 18730 18990 16445.00 31320000
20130225 18650 19230 18650 18970 10687.00 20250000
20130222 18950 19370 18410 19000 16612.00 31380000
20130221 19540 19700 18300 19000 25107.00 47950000
20130220 19710 19890 19500 19780 15544.00 30650000
20130219 20010 20010 19450 19590 20507.00 40340000
20130218 19830 20300 19340 20170 36665.00 72870000
20130208 19700 20200 19660 19750 25794.00 51380000
20130207 19900 20080 19520 19810 29579.00 58600000
20130206 20080 20380 19720 20160 44807.00 89870000
20130205 21380 21670 20140 20700 77871.00 160740000
20130204 23240 23240 21750 22380 99402.00 225030000
20130123 20700 21130 20630 21130 24202.00 50880000
20130122 17860 19210 17800 19210 40969.00 77720000
20130121 17770 17830 17310 17460 17669.00 30860000
20130118 17210 17910 17200 17700 26063.00 46170000
20130117 18730 18950 17170 17290 43729.00 78140000
20130116 18110 18900 18110 18730 51330.00 94710000
20130115 19720 20600 19010 19070 80524.00 158390000
20130114 17900 19190 17580 18870 60412.00 112960000
20130111 18050 19380 17710 18350 70024.00 130000000
20130110 17630 18700 17310 18150 51282.00 93430000
20130109 18900 19970 17850 18180 71677.00 134460000
20130108 17380 19260 17180 18770 70283.00 130900000
20130107 16330 17980 16000 17610 62790.00 107620000
20130104 17190 17280 16430 16500 65331.00 109760000
20121231 16670 17740 16650 17560 75352.00 130250000
20121228 14650 16130 14650 16130 46198.00 73380000
20121227 15600 16180 14650 14660 40229.00 61980000
20121226 14050 14990 14050 14960 17635.00 25540000
20121225 13750 14140 13640 14050 11052.00 15380000
20121224 13610 13990 13480 13850 8093.00 11120000
20121221 13450 13770 13450 13540 7910.00 10730000
20121220 13350 13470 13210 13370 4345.00 5790000
20121219 13400 13580 13310 13440 5804.00 7800000
20121218 13410 13650 13350 13390 8233.00 11110000
20121217 13400 13790 13390 13610 7817.00 10620000
20121214 13030 13550 13030 13420 9698.00 12990000
20121213 13180 13380 13010 13030 4117.00 5420000
20121212 13500 13650 13180 13320 6406.00 8560000
20121211 13210 14000 13080 13630 12487.00 16920000
20121210 13190 13410 13000 13280 9159.00 12080000
20121207 12850 13200 12700 13150 8408.00 10880000
20121206 12830 13050 12700 12800 4166.00 5350000
20121205 12300 12970 12220 12900 6271.00 7990000
20121204 12100 12420 11910 12400 4866.00 5920000
20121203 12900 12930 12100 12100 4855.00 6070000
20121130 12780 12900 12560 12800 4763.00 6080000
20121129 12800 13000 12600 12630 3669.00 4690000
20121128 13400 13400 12710 12760 6454.00 8330000
20121127 14410 14480 13400 13410 10320.00 14250000
20121126 14340 14800 14340 14480 6905.00 10090000
20121123 14350 14530 14340 14420 5281.00 7610000
20121122 14500 14640 14220 14350 4762.00 6870000
20121121 14600 14810 14100 14500 9334.00 13420000
20121120 14780 14980 14490 14600 6893.00 10070000
20121119 14080 15400 14010 14780 10659.00 15500000
20121116 14360 14360 14100 14190 7143.00 10150000
20121115 15000 15180 14430 14480 10830.00 16020000
20121114 15440 15740 14920 15220 12401.00 18870000
20121113 15710 16060 15210 15400 14806.00 23100000
20121112 16000 16400 15500 15800 25414.00 40500000
20121109 15190 16450 15060 16090 33152.00 52630000
20121108 15350 15650 14830 15260 21940.00 33400000
20121107 15840 15890 15330 15470 30565.00 47780000
20121106 15940 17130 15800 16310 58616.00 96780000
20121105 15000 15570 15000 15570 8930.00 13850000
20121102 14200 14350 14030 14150 1616.00 2280000
20121101 14090 14450 13980 14200 3949.00 5620000
20121031 13830 14100 13830 14100 1756.00 2450000
20121030 13780 14080 13700 13890 2524.00 3520000
20121029 14010 14160 13800 13800 3584.00 4990000
20121026 15000 15000 14020 14080 10947.00 15810000
20121025 14350 15240 14350 15050 13384.00 20000000
20121024 14320 14690 14320 14450 3849.00 5560000
20121023 14860 14890 14480 14500 3887.00 5710000
20121022 14780 14880 14710 14820 3006.00 4450000
20121019 14850 14950 14730 14870 3937.00 5840000
20121018 14700 14880 14640 14850 4285.00 6340000
20121017 14670 14690 14480 14640 3419.00 4990000
20121016 14450 14820 14430 14620 4667.00 6840000
20121015 14710 14880 14370 14430 3555.00 5160000
20121012 14940 15000 14530 14660 5319.00 7820000
20121011 15230 15230 14810 14810 7020.00 10530000
20121010 15100 15390 14880 15330 9446.00 14270000
20121009 14550 15140 14550 15080 9436.00 14070000
20121008 14730 14820 14510 14650 5436.00 7970000
20120928 14550 14780 14440 14720 6986.00 10220000
20120927 14480 14870 14100 14620 11738.00 16980000
20120926 14420 15300 14280 14510 14187.00 21050000
20120925 14700 15050 14500 14550 12483.00 18360000
20120924 15180 15180 14530 14880 15681.00 23270000
20120921 15600 15670 15030 15370 33075.00 50780000
20120920 17990 18390 16400 16400 57543.00 100730000
20120919 15800 16760 15800 16760 21199.00 35230000
20120918 14930 15300 14710 15240 4703.00 7080000
20120917 15680 15680 14880 14960 7427.00 11290000
20120914 15890 16190 15620 15700 10842.00 17180000
20120913 15530 16370 15190 16050 23337.00 37260000
20120912 15600 15760 15280 15530 10387.00 16090000
20120911 15350 16100 15250 15730 22593.00 35630000
20120910 15010 15480 15000 15290 9254.00 14100000
20120907 14700 15410 14500 15140 11750.00 17620000
20120906 14350 14690 14340 14610 3827.00 5540000
20120905 14000 14350 13850 14350 3863.00 5470000
20120904 14220 14790 14020 14230 5379.00 7740000
20120903 13930 14250 13880 14200 2206.00 3110000
20120831 13880 14040 13760 14000 1645.00 2290000
20120830 13970 14140 13510 13990 3526.00 4890000
20120829 13900 14200 13800 14010 2477.00 3470000
20120828 13810 14090 13810 14020 1461.00 2040000
20120827 14200 14370 13810 13900 2164.00 3020000
20120824 14770 14850 14320 14370 2580.00 3770000
20120823 14530 14840 14400 14770 3079.00 4510000
20120822 14650 14790 14500 14600 1678.00 2450000
20120821 14400 14830 14270 14650 4200.00 6130000
20120820 14310 14400 13920 14360 2016.00 2840000
20120817 14740 14770 14280 14310 2931.00 4240000
20120816 14800 14980 14700 14710 2191.00 3250000
20120815 15150 15150 14780 14820 2733.00 4060000
20120814 14800 15100 14670 15100 3777.00 5620000
20120813 15010 15190 14800 14820 2726.00 4090000
20120810 15000 15260 14920 15210 4392.00 6640000
20120809 14900 15200 14820 15150 6544.00 9840000
20120808 14600 15960 14600 15250 16165.00 25110000
20120807 14310 14580 14210 14510 3396.00 4880000
20120806 14020 14330 13900 14280 2489.00 3520000
20120803 13710 14020 13710 14020 1600.00 2220000
20120802 13990 13990 13750 13780 1140.00 1570000
20120801 13750 14050 13710 13920 1565.00 2180000
20120731 14300 14300 13680 13750 2429.00 3380000
20120730 14930 15000 14310 14310 1965.00 2850000
20120727 15150 15170 14900 14940 2630.00 3950000
20120726 14950 15500 14830 15150 4622.00 6990000
20120725 15100 15260 14900 15030 1953.00 2940000
20120724 14750 15500 14620 15150 4196.00 6350000
20120723 14770 14880 14750 14790 2223.00 3290000
20120720 14800 14920 14750 14770 2072.00 3060000
20120719 14580 14900 14480 14870 3545.00 5230000
20120718 14540 14580 14300 14580 2455.00 3540000
20120717 14580 14640 14360 14480 2160.00 3120000
20120716 15420 15560 14430 14580 4285.00 6330000
20120713 15600 15700 15380 15420 2358.00 3650000
20120712 15400 15740 15310 15600 3039.00 4720000
20120711 15560 15650 15300 15550 2848.00 4400000
20120710 15600 15800 15350 15510 5471.00 8500000
20120709 16390 16490 16000 16000 4406.00 7170000
20120706 16680 16680 15950 16390 6654.00 10770000
20120705 17360 17360 16450 16450 8449.00 14130000
20120704 17630 17630 17250 17450 9116.00 15850000
20120703 17150 17950 17010 17680 16872.00 29580000
20120702 17020 17260 16910 17150 8566.00 14650000
20120629 16610 17240 16420 17050 6219.00 10460000
20120628 16710 16990 16500 16850 3168.00 5320000
20120627 16920 16920 16610 16720 2086.00 3500000
20120626 16410 16880 16140 16880 2978.00 4890000
20120625 16910 17000 16400 16620 3181.00 5290000
20120621 17350 17430 16910 17000 3399.00 5800000
20120620 17090 17600 17090 17370 5497.00 9530000
20120619 17200 17200 17020 17120 4966.00 8480000
20120618 17300 17300 17100 17150 2629.00 4510000
20120615 16990 17250 16990 17150 3110.00 5320000
20120614 17030 17280 17030 17070 3085.00 5280000
20120613 17050 17230 17050 17150 2410.00 4130000
20120612 17290 17300 17000 17110 2664.00 4550000
20120611 17030 17350 16930 17300 3598.00 6180000
20120608 16980 17150 16820 16990 2606.00 4420000
20120607 17020 17220 16800 16820 3084.00 5250000
20120606 16820 17310 16820 16910 3846.00 6570000
20120605 16740 16990 16740 16810 3220.00 5420000
20120604 17050 17200 16740 16740 5508.00 9360000
20120601 17610 17690 17410 17430 4448.00 7800000
20120531 17760 17760 17380 17610 6852.00 12000000
20120530 17700 17800 17600 17770 4833.00 8550000
20120529 17600 17790 17530 17770 6218.00 10990000
20120528 18380 18380 17040 17680 6813.00 11930000
20120525 24270 24390 24080 24190 2136.00 5170000
20120524 24580 24580 24150 24200 2580.00 6270000
20120523 24700 24790 24390 24480 1941.00 4750000
20120522 24690 24800 24500 24700 2606.00 6410000
20120521 24530 24780 24380 24480 2132.00 5230000
20120518 24510 24700 24400 24510 2257.00 5520000
20120517 24510 24790 24410 24720 2499.00 6150000
20120516 24440 24810 24440 24560 4049.00 9970000
20120515 24500 24580 24220 24420 3154.00 7680000
20120511 25080 25080 24680 24680 2446.00 6070000
20120510 24970 25390 24890 25070 2836.00 7120000
20120509 25530 25600 24850 24880 3874.00 9720000
20120508 25220 25880 25220 25520 6973.00 17770000
20120507 24900 25200 24810 25200 4115.00 10300000
20120504 24920 25180 24770 25050 4757.00 11890000
20120503 24850 25090 24770 24930 2923.00 7280000
20120502 24750 25400 24600 24910 3853.00 9580000
20120427 24810 24810 24380 24500 2661.00 6520000
20120426 24800 24970 24420 24760 4487.00 11100000
20120425 24550 24890 24300 24720 3565.00 8770000
20120424 25300 25300 24070 24600 9082.00 22310000
20120423 26100 26200 25610 25620 4769.00 12340000
20120420 25890 26080 25700 25970 3061.00 7930000
20120419 26060 26090 25600 25890 3940.00 10170000
20120418 25220 26600 25220 26060 7288.00 18880000
20120417 25340 25500 25200 25230 2767.00 7010000
20120416 25570 25600 25270 25540 3466.00 8800000
20120413 25570 25720 25350 25660 3830.00 9780000
20120412 24980 25610 24980 25550 4571.00 11620000
20120411 24960 25200 24790 25060 2468.00 6170000
20120410 24780 25090 24510 25060 2993.00 7420000
20120409 25280 25290 24780 24780 2590.00 6470000
20120406 25150 25470 25080 25280 3987.00 10060000
20120405 24910 25600 24540 25370 5437.00 13660000
20120330 24760 25300 24760 24900 3025.00 7560000
20120329 25000 25490 24550 24710 4747.00 11840000
20120328 25960 26080 24940 25000 6013.00 15220000
20120327 26400 26470 26000 26010 3403.00 8910000
20120326 26470 26560 26100 26190 3401.00 8940000
20120323 26950 26950 26190 26460 5721.00 15120000
20120322 26950 27500 26950 27060 5035.00 13690000
20120321 26950 27370 26660 26990 5392.00 14540000
20120320 27610 27630 26910 26950 7131.00 19360000
20120319 27200 28090 27100 27740 8203.00 22710000
20120316 26760 27200 26400 27200 7132.00 19140000
20120315 27310 27500 26260 26700 9668.00 25920000
20120314 28700 29160 27090 27250 16741.00 47460000
20120313 28500 28700 28300 28670 8539.00 24370000
20120312 28360 28790 28130 28460 8331.00 23650000
20120309 27890 28510 27710 28300 9779.00 27570000
20120308 27550 27920 27550 27710 6396.00 17750000
20120307 27310 27920 27210 27520 6080.00 16780000
20120306 28200 28200 27120 27690 10345.00 28570000
20120305 28490 28790 28000 28340 16738.00 47460000
20120302 27950 28480 27950 28350 8808.00 24910000
20120229 27800 28330 27580 27580 7962.00 22250000
20120228 28400 28500 27880 28030 9290.00 26100000
20120227 29300 29340 28550 28580 13731.00 39630000
20120224 28360 29050 28160 28910 17729.00 50700000
20120223 28390 28560 27880 28200 14353.00 40490000
20120222 27550 28790 27400 28480 17471.00 49070000
20120221 27310 27580 26920 27570 7503.00 20480000
20120220 27820 28210 27260 27290 8182.00 22780000
20120217 27080 27600 26800 27510 9417.00 25620000
20120216 27130 27570 26740 27000 8118.00 22080000
20120215 26940 27490 26890 27250 6764.00 18420000
20120214 26850 27000 26650 26980 4870.00 13060000
20120213 26400 27140 26100 26940 7580.00 20350000
20120210 26470 26900 26320 26550 6650.00 17690000
20120209 26190 27000 26120 26650 9649.00 25710000
20120208 25500 26190 25350 26190 4816.00 12440000
20120207 26340 26340 25400 25560 4695.00 12060000
20120206 26390 26580 26070 26340 4143.00 10900000
20120203 26140 26390 25800 26310 4567.00 11950000
20120202 25730 26100 25670 26090 2851.00 7390000
20120201 25780 26300 25550 25650 2802.00 7240000
20120131 25750 25970 25400 25720 2515.00 6460000
20120130 25560 26880 25270 26000 6783.00 17780000
20120120 25110 25550 25070 25270 3037.00 7680000
20120119 24480 25190 24320 25040 4578.00 11350000
20120118 26300 26480 24190 24690 8479.00 21630000
20120117 24880 26250 24710 26220 7990.00 20350000
20120116 27000 27000 24990 25000 6576.00 16890000
20120113 28040 28190 26150 26540 12158.00 32720000
20120112 27300 28460 27180 28030 12782.00 35710000
20120111 27200 28500 27020 27530 11402.00 31730000
20120110 26400 27910 25980 27490 12213.00 33060000
20120109 25280 26350 25000 26330 6320.00 16250000
20120106 25500 25680 24020 25280 7535.00 18660000
20120105 27660 27740 25450 25680 12444.00 33180000
20120104 27020 28380 26400 27980 17117.00 47420000
20111230 26510 27590 26220 26900 8265.00 22270000
20111229 27500 27800 26140 26710 9774.00 26400000
20111228 28070 29490 27500 28080 14553.00 41460000
20111227 28400 29600 27160 28250 11984.00 33930000
20111226 28700 29180 28110 28650 9936.00 28370000
20111223 27020 29420 26900 28770 17449.00 49150000
20111222 26650 27510 25260 27350 10771.00 28460000
20111221 27390 28100 26680 26830 9694.00 26550000
20111220 27180 29000 27010 27260 15872.00 44520000
20111219 25300 27180 25300 27180 11921 31933000
20111215 24800 25300 24700 24710 2043 5093000
20111214 24650 25000 24500 25000 2597 6434000
20111213 26100 26100 24510 24650 4454 11133000
20111212 26680 26960 26200 26230 947 2514000
20111209 27000 27150 26700 26750 1638 4398000
20111208 26690 27290 26110 27130 2747 7371000
20111207 26650 26930 26260 26700 1840 4898000
20111206 27200 27300 26250 26630 3476 9288000
20111205 28600 28600 27100 27330 4585 12627000
20111202 28600 28790 28060 28600 3578 10174000
20111201 28300 29100 28120 28650 6948 19970000
20111130 29620 29900 27130 27420 8710 24800000
20111129 29900 30300 29420 29800 5382 16019000
20111128 29640 29800 29300 29760 6442 19033000
20111125 28620 30100 28620 29580 12905 38370000
20111124 28710 28990 28260 28620 3148 8986000
20111123 28690 29350 28620 28800 4763 13782000
20111122 28700 28950 28050 28840 6345 18108000
20111121 29610 29660 28400 29180 5765 16660000
20111118 29700 30110 29390 29670 11819 35160000
20111117 28650 30450 28650 29980 22232 66424000
20111116 29900 29900 28340 28620 10798 31359000
20111115 29570 30100 29300 29860 10102 30078000
20111114 28210 29870 28210 29560 12125 35351000
20111111 28300 28770 27920 28000 6485 18401000
20111110 28300 29180 28200 28300 12533 36003000
20111109 27500 28770 27500 28710 11774 33473000
20111108 28330 28380 27350 27480 5458 15236000
20111107 28060 28660 27820 28330 6612 18729000
20111104 28020 28200 27810 28060 6010 16822000
20111103 27900 28700 27900 27980 14118 40009000
20111102 26500 27870 26240 27700 13133 35802000
20111101 27100 27640 26710 26870 8947 24283000
20111031 27330 27580 26910 27450 7655 20929000
20111028 27500 27630 26740 27340 13314 36004000
20111026 25990 27360 25800 27360 15475 41619000
20111025 25250 26850 25250 26550 11413 29851000
20111024 24200 24690 24140 24640 3282 8030000
20111021 24180 24400 24110 24210 1925 4666000
20111020 25570 25570 24020 24280 3201 7870000
20111019 25920 26100 25370 25440 3360 8603000
20111018 26540 26830 25910 25910 3375 8898000
20111017 27300 27500 26800 26940 4162 11265000
20111014 27060 27330 26900 27080 3183 8627000
20111013 26860 27280 26620 27030 3919 10592000
20111012 26100 26870 25700 26850 3235 8591000
20111011 26320 26700 25900 26060 3127 8280000
20111010 25800 26100 25800 25950 1390 3605000
20110930 26400 26500 25300 25860 3041 7856000
20110929 27600 27800 26210 26290 3923 10501000
20110928 28550 28650 27620 27700 2637 7433000
20110927 28600 28650 28210 28510 2324 6612000
20110926 28300 28600 28150 28370 3070 8722000
20110923 28990 28990 28100 28380 4106 11682000
20110922 29920 29920 29080 29080 2706 7970000
20110921 29350 30130 29170 30030 3523 10496000
20110920 29090 29520 29000 29400 2267 6636000
20110919 29990 29990 29020 29100 2137 6294000
20110916 30500 30690 30100 30100 2182 6626000
20110915 30450 30690 30180 30340 2218 6759000
20110914 30770 30770 29980 30450 2273 6886000
20110913 30700 31200 30120 30470 3447 10516000
20110909 31400 31470 30880 30930 2406 7466000
20110908 32000 32000 31240 31250 2798 8798000
20110907 31640 31800 30900 31690 3226 10171000
20110906 31340 31600 30500 31350 4046 12582000
20110905 32350 32350 30900 31880 6021 18939000
20110902 32509 32900 32200 32479 2305 7481000
20110901 33700 33700 32400 32800 3743 12375000
20110831 33100 33470 32189 32950 4811 15696000
20110830 34400 34400 33000 33120 5232 17619000
20110829 33790 33850 33100 33650 6841 22897000
20110826 33760 33990 33500 33930 9180 31036000
20110825 33540 33840 33000 33790 10252 34358000
20110824 32770 33900 32770 33700 14578 48859000
20110823 32680 32960 32280 32750 6202 20200000
20110822 32990 33200 32310 32689 6327 20639000
20110819 32409 32780 31800 32780 10781 34701000
20110818 31450 33450 31450 33000 24643 80921000
20110817 31220 31600 30900 31450 4711 14768000
20110816 31720 32000 31200 31200 6633 20898000
20110812 30380 31400 30380 31050 6318 19584000
20110811 29940 30500 29500 30430 6487 19530000
20110810 31650 31650 30000 30560 11927 36578000
20110809 30950 30980 28800 30270 9025 27127000
20110808 33030 33050 30500 31500 8987 28528000
20110805 33000 33660 32780 33500 9203 30543000
20110804 34500 34550 33600 33990 6330 21515000
20110803 33700 34200 33100 33860 9521 32135000
20110802 33430 33470 32500 33280 5178 17069000
20110801 33000 33400 32600 33390 6604 21897000
20110729 32340 33400 32299 32700 4510 14734000
20110728 32980 32980 32229 32390 4025 13064000
20110727 32330 32850 31670 32689 6975 22522000
20110726 32680 32920 31020 32100 9015 28943000
20110725 34000 35800 33310 33450 18086 62126000
20110721 33300 33970 33200 33300 9076 30441000
20110720 33190 33450 32790 33080 3857 12738000
20110719 33400 33550 33000 33160 5058 16795000
20110718 34100 34100 33240 33700 5840 19635000
20110715 33300 33640 33100 33480 6393 21359000
20110714 33320 33630 32800 33480 6459 21427000
20110713 33010 33700 32890 33490 4674 15589000
20110712 33200 33440 32820 33060 6931 22882000
20110711 33730 34010 33200 33660 7119 23978000
20110708 34200 34200 33120 33890 10229 34232000
20110707 33430 34580 33000 33760 25644 86692000
20110706 32400 33300 32110 32580 7009 22718000
20110705 33480 33480 32299 32580 9187 30021000
20110704 31800 32299 31390 32220 10907 34969000
20110701 31630 32299 31100 31800 7077 22408000
20110630 32100 32100 31200 31680 8102 25644000
20110629 31700 33500 31100 31870 17539 56836000
20110628 31360 31360 30800 30970 5507 17081000
20110627 31010 31870 30800 31360 8753 27383000
20110624 30980 31500 30500 31150 11781 36435000
20110623 29200 30790 29150 30400 6170 18594000
20110622 29580 29700 29000 29440 2519 7389000
20110621 29800 29800 28970 29550 3780 11137000
20110620 30390 30390 29080 29400 5152 15228000
20110617 31000 31000 30300 30400 4864 14929000
20110616 30950 30950 30090 30390 5587 17069000
20110615 31640 31640 30950 31010 6848 21394000
20110614 31300 31990 31020 31680 8984 28309000
20110613 30310 31650 30290 31590 12876 40296000
20110610 29580 31140 29480 30690 9548 29074000
20110609 31240 31300 29800 29820 8116 24736000
20110608 30600 31400 30020 31050 7709 23780000
20110607 30500 30750 29840 30660 6777 20498000
20110603 30290 30990 29810 30600 8560 26080000
20110602 29600 30400 29000 30090 7683 22836000
20110601 29300 30100 29160 29730 7741 23104000
20110531 28770 29400 28700 29300 4507 13139000
20110530 28200 29240 28100 28770 7291 21046000
20110527 29000 29000 28110 28450 5707 16245000
20110526 30190 30190 29000 29010 9617 28376000
20110525 36210 37390 36210 36580 8387 30934000
20110524 37000 37500 36000 36670 10692 39306000
20110523 34200 37700 33900 37250 16866 60474000
20110520 35280 35600 33910 34430 7396 25610000
20110519 35600 36460 35250 35280 5221 18716000
20110518 35100 35550 35020 35400 2824 9983000
20110517 35410 35600 34810 35230 4961 17428000
20110513 35500 35700 34820 35410 5785 20345000
20110512 36780 36790 35200 35600 5310 19258000
20110511 36750 36980 36510 36820 3459 12711000
20110510 36730 36780 36290 36780 3319 12112000
20110509 36410 37090 36410 36630 5669 20839000
20110506 36460 36880 36000 36430 4505 16394000
20110505 36300 36600 36250 36480 5544 20196000
20110504 37000 37000 36130 36320 7445 27103000
20110503 37200 37950 36900 37080 14271 53136000
20110429 39000 40000 38180 38200 19074 73375000
20110428 43220 43500 42420 42420 4044 17349000
20110427 44000 44400 42960 43220 3556 15526000
20110426 44640 45000 43850 43970 2642 11678000
20110425 45800 45980 44580 44640 3880 17549000
20110422 46100 46250 45130 46100 6049 27681000
20110421 46000 46230 45150 46020 8546 39199000
20110420 43390 45800 43380 45800 7663 34350000
20110419 44000 44000 43240 43370 4275 18595000
20110418 44870 45000 44050 44120 3876 17218000
20110415 44470 45080 43700 44870 5489 24276000
20110414 45110 45110 44430 44530 3859 17234000
20110413 44910 45180 44310 45110 4531 20265000
20110412 45990 46150 44990 45150 8733 39698000
20110411 47020 47590 46220 46400 17734 83097000
20110408 44180 46870 43770 46070 18581 84932000
20110407 43090 44330 42800 44180 8319 36305000
20110406 43320 43500 42800 43000 5312 22846000
20110401 43160 43700 43000 43630 3955 17125000
20110331 43100 43400 43000 43100 5013 21658000
20110330 44300 44640 42900 42900 9609 42086000
20110329 46150 46460 44220 44250 8482 38318000
20110328 46680 46950 46200 46300 5773 26838000
20110325 46900 46950 46470 46750 4322 20186000
20110324 46490 47120 46300 46700 5098 23859000
20110323 46500 46600 46000 46490 5236 24258000
20110322 46420 46980 46290 46650 7296 34025000
20110321 45600 46980 45600 46280 8093 37540000
20110318 45300 45770 45160 45610 3879 17650000
20110317 45810 45810 45030 45160 5616 25463000
20110316 45470 46160 45470 45940 5410 24840000
20110315 46600 46600 45100 45460 10491 47862000
20110314 47430 47450 46220 46730 8979 41906000
20110311 47970 47970 47530 47570 6107 29165000
20110310 47500 48360 47410 48070 8842 42463000
20110309 48250 48420 47400 47610 7808 37206000
20110308 48170 48320 47800 48110 5188 24932000
20110307 47700 48290 47330 48170 7338 35099000
20110304 47100 47760 47100 47500 4611 21852000
20110303 47560 48180 47200 47570 5598 26682000
20110302 48290 48290 47080 47560 8368 39743000
20110301 48890 49110 48190 48300 8328 40535000
20110228 49200 49520 48500 49000 5943 29072000
20110225 49300 50180 48720 49020 5829 28696000
20110224 48500 50990 48410 49440 14924 74409000
20110223 46710 49990 46510 49630 12619 60645000
20110222 48510 48600 46700 46710 8193 38820000
20110221 47500 48550 47400 48500 6102 29272000
20110218 48650 48800 47710 47780 5583 26812000
20110217 48380 48900 47800 48750 8304 40231000
20110216 47850 48380 47410 48300 6000 28819000
20110215 47880 48410 47440 47630 8527 40827000
20110214 47000 48290 47000 47930 7071 33598000
20110211 46650 47290 46410 46920 4756 22330000
20110210 45580 46700 45200 46650 5340 24632000
20110209 45980 46190 45530 45580 3315 15194000
20110201 45900 46350 45720 46020 3719 17102000
20110131 46200 46300 45500 46010 5889 27034000
20110128 46350 46740 45820 46590 4260 19733000
20110127 45400 46500 45120 46300 4779 22066000
20110126 44710 45970 44710 45600 3524 16030000
20110125 44550 45000 44050 44690 2823 12581000
20110124 45060 45310 44510 44550 2807 12572000
20110121 44370 45400 44310 45040 3651 16421000
20110120 46260 46590 44630 44650 4275 19481000
20110119 45230 46480 45230 46400 4750 21812000
20110118 45000 45400 44310 45220 3160 14266000
20110117 47410 47410 45000 45030 6877 31533000
20110114 49560 49560 47600 47620 5898 28485000
20110113 49880 50180 49200 49540 3548 17630000
20110112 49140 49800 48760 49630 4137 20392000
20110111 49820 50120 48410 49130 6556 32098000
20110110 51600 51960 49560 49840 7942 40251000
20110107 51280 52380 51280 51640 6870 35626000
20110106 53050 53050 51080 51380 9612 50006000
20110105 53200 53200 52480 53180 6706 35416000
20110104 52580 53700 52300 53270 8770 46313000
20101231 51760 52520 51420 52450 7456 38881000
20101230 52020 52020 51300 51380 5591 28826000
20101229 50900 52000 50600 51980 6480 33250000
20101228 53960 54100 50700 50950 9277 48137000
20101227 57130 57200 53950 54100 8912 49467000
20101224 56370 56980 55470 56000 8491 47548000
20101223 57100 57350 56300 56370 6366 36085000
20101222 58210 58210 56880 57140 7631 43945000
20101221 58090 58670 56810 58210 10100 58356000
20101220 59900 60150 56400 58150 16670 97216000
20101217 58030 60440 57610 59830 19733 116527000
20101216 57520 58880 57500 58030 8995 52374000
20101215 57900 58200 57200 57520 9355 53836000
20101214 57640 58540 57500 57900 11102 64281000
20101213 56080 57860 56080 57620 10765 61625000
20101210 54860 56130 54860 56060 7344 40989000
20101209 56990 57000 55130 55210 11009 61520000
20101208 57910 58200 56900 57130 7962 45839000
20101207 57190 58180 56300 57900 9511 54691000
20101206 57800 58000 56000 57300 11800 66862000
20101203 58490 58490 56610 57610 12957 74412000
20101202 57900 59300 57500 58060 18537 108714000
20101201 57080 57500 56660 57180 11372 65017000
20101130 60280 60300 55800 57140 30386 175189000
20101129 60810 61380 60000 60110 18542 112160000
20101126 60600 62490 60000 61100 19730 120814000
20101125 64000 64290 60700 61180 40377 250669000
20101124 63380 64330 62420 63960 32138 204422000
20101123 61180 64599 59800 64190 43475 268283000
20101122 62250 64500 60590 61310 64817 405053000
20101119 57120 62210 57120 62210 62285 371203000
20101118 57670 58800 55000 56550 23115 131047000
20101117 57000 59560 56240 57060 38760 224970000
20101116 55760 57600 54400 56780 34986 197797000
20101115 53230 55350 53230 55340 15371 83724000
20101112 56500 56980 53010 53070 25415 139501000
20101111 58010 59280 57000 57020 28167 164148000
20101110 55670 59590 55670 58800 38756 225387000
20101109 56000 56100 55330 55640 16135 89787000
20101108 55160 56170 55000 55970 23530 130851000
20101105 53750 55480 53210 55070 20867 113944000
20101104 52310 53600 52310 53500 10042 53461000
20101103 54450 54450 52550 52740 17482 93483000
20101102 55800 56620 54700 54890 24759 138054000
20101101 54060 56000 54000 55620 24426 134762000
20101029 53500 54650 53480 54050 12895 69918000
20101028 54100 54650 53000 53220 17015 91176000
20101027 55150 56240 54510 54650 15027 83104000
20101026 57490 57490 54980 55160 21256 118154000
20101025 55000 56880 55000 56710 20287 114445000
20101022 53280 56000 53270 54760 19551 107199000
20101021 53090 54000 52700 53270 10910 58299000
20101020 52320 54350 51800 53090 15655 83265000
20101019 50700 53500 50420 53230 17535 92168000
20101018 52650 52650 49000 50420 17758 89435000
20101015 52500 54400 50980 52840 16865 88492000
20101014 54980 55300 52650 52650 16724 89482000
20101013 55570 56700 54300 54860 14225 78508000
20101012 54200 55850 53700 55490 16870 93207000
20101011 54060 54380 53210 54300 14672 79052000
20101008 52650 54180 52650 54010 12595 67832000
20100930 51980 52550 51460 52540 8530 44618000
20100929 54200 54470 51900 52000 15873 83840000
20100928 54530 55180 54400 54500 10341 56516000
20100927 53370 55400 53370 54900 11995 65419000
20100921 53250 53790 53020 53310 6920 36859000
20100920 53780 54330 52940 53050 10400 55795000
20100917 53520 54410 53020 53780 10929 58776000
20100916 55840 56000 53500 54060 20959 114328000
20100915 59670 59670 55880 56000 24703 142465000
20100914 58800 60490 58600 58870 22779 135527000
20100913 58600 59280 57880 58720 21165 123900000
20100910 58000 60300 56810 59310 34542 201147000
20100909 58380 59970 57620 58600 32546 191510000
20100908 58900 58900 56880 58160 40151 231854000
20100907 61100 61200 58000 59570 48217 286288000
20100906 65910 65910 61550 62880 112727 719608000
20100903 58000 59920 58000 59920 20379 121419000
20100902 52810 54980 52350 54470 32583 174877000
20100901 51210 52700 50700 52600 24055 124056000
20100831 50480 51930 49710 51410 17793 90331000
20100830 49480 51180 49480 50840 13538 68464000
20100827 48850 49580 48510 49510 11351 55798000
20100826 48600 49300 48090 48870 13498 65672000
20100825 50540 50680 48000 48010 19218 94860000
20100824 50270 51300 49720 50740 14253 72172000
20100823 50350 51280 49830 50370 18299 92160000
20100820 53110 53470 50550 50590 33961 175621000
20100819 55220 55330 53900 54020 23125 125657000
20100818 54310 55550 54100 55110 26630 146315000
20100817 55050 55540 53750 54260 22276 121481000
20100816 54190 55340 53670 54650 22142 120969000
20100813 54000 54360 53200 54150 19221 103422000
20100812 53000 55290 52490 54080 34161 184815000
20100811 52700 53770 52300 53250 23277 123388000
20100810 54450 55400 52810 52810 39592 214642000
20100809 50530 55990 50530 54650 44041 233856000
20100806 50000 51360 49550 51120 27521 138581000
20100805 51000 52500 50360 50700 48983 252992000
20100804 48950 49770 48350 49690 22629 111246000
20100803 50800 50850 49000 49000 25693 128003000
20100802 49600 50850 49310 50740 24566 123375000
20100730 48840 49800 48620 49540 23081 113640000
20100729 49140 49990 48570 49000 24325 119911000
20100728 48400 49590 48100 49380 23259 113933000
20100727 49170 49290 48560 48600 18024 88035000
20100726 49060 49680 48310 49610 23842 116964000
20100723 48440 49000 47620 48740 23428 113373000
20100722 47490 48500 47310 48440 17900 85948000
20100721 47980 49260 47510 47610 25312 122334000
20100720 46880 48380 46600 48100 23456 111612000
20100719 45490 47280 45410 46980 20395 94939000
20100716 44400 46300 44180 46190 18295 82822000
20100715 45530 46660 44000 44510 15819 72455000
20100714 45710 46870 45420 45740 17911 82671000
20100713 46980 46980 45400 45750 22377 103133000
20100712 47500 48240 47220 47500 23646 112848000
20100709 46550 48280 45200 47720 24574 115509000
20100708 47460 47600 45530 46330 22239 103417000
20100707 44460 47680 44310 47330 30995 142052000
20100706 43100 45360 43060 44810 23414 104414000
20100705 43300 44200 42510 43290 21008 90865000
20100702 45900 45900 42400 44630 47282 206850000
20100701 47800 48500 46920 47000 11564 55018000
20100630 49000 49000 45700 48450 15517 73527000
20100629 53800 54490 49560 49560 18263 94416000
20100628 55360 55990 53880 53950 9837 53717000
20100625 56530 56700 54310 55350 12015 66594000
20100624 57280 57380 56400 56850 8518 48487000
20100623 55500 57380 55210 57180 12429 70237000
20100622 56200 57390 56000 56160 11792 66997000
20100621 54600 57300 52810 56780 17530 97182000
20100618 60300 60300 54900 55110 27334 156643000
20100617 62600 65480 61000 61000 45594 289364000
20100611 59490 61850 58580 61510 38610 232079000
20100610 57910 59950 57910 59350 26774 158901000
20100609 57820 58940 57500 58320 24622 143279000
20100608 56090 58690 56050 57520 31199 179722000
20100607 53500 56840 53160 56320 23531 130528000
20100604 54830 55250 53690 55000 13911 75756000
20100603 55280 57310 54500 55400 22959 127821000
20100602 53500 55090 52830 54990 12825 69096000
20100601 53980 55670 52680 53500 16974 91526000
20100531 58680 58990 54310 54710 24568 140530000
20100528 60850 61250 58810 59010 22311 133176000
20100527 58380 60490 57310 60100 25651 151518000
20100526 58000 59950 57880 58780 19980 117868000
20100525 58850 59580 57500 58280 24649 144592000
20100524 57900 61350 57900 59930 38097 227297000
20100521 52810 57850 52400 57830 29254 162884000
20100520 56800 58200 55010 55010 26974 152702000
20100519 56150 59000 55500 58050 40452 231950000
20100518 52900 57200 51800 57200 39754 220576000
20100517 53780 56000 53030 53060 25190 137565000
20100514 54200 55650 53100 54960 21317 116028000
20100513 54250 55500 51010 55490 26915 143384000
20100511 58880 59200 54260 54880 20969 118633000
20100510 56780 58490 53680 57900 19600 111392000
20100507 56780 58560 56000 56530 20568 117568000
20100506 64000 64000 58910 58940 25507 157220000
20100505 61220 64480 61000 64290 22741 143756000
20100504 62000 63900 61610 62420 19778 124330000
20100430 61180 64700 58900 64239 37491 231001000
20100429 65200 67490 61000 61220 36372 233533000
20100428 64970 68300 64930 64940 44092 291226000
20100427 76800 76800 72140 72140 10758 78315000
20100426 81600 82400 80010 80150 18034 145645000
20100423 83000 85950 81600 81790 26459 220186000
20100422 82600 86300 81000 84200 35542 298410000
20100421 80700 84280 80500 83000 27812 229135000
20100420 86450 87500 80000 81300 31115 254998000
20100419 86000 89850 84500 86380 32543 285502000
20100416 86000 87850 83000 86850 26180 223946000
20100415 88510 91500 83680 86400 39958 353009000
20100414 89390 91460 86600 88450 36668 325731000
20100413 99870 101890 90470 91600 69363 651244000
20100412 105230 106800 98800 100520 65340 666480000
20100409 106000 108800 103700 106200 53501 569080000
20100408 110600 113980 106000 106000 94456 1039923000
20100407 97000 108130 96500 108130 96419 1007188000
20100406 90000 99470 88880 98300 116182 1081581000
20100402 85010 92880 85000 91500 191222 1675753000
