20180619 8120 8290 7540 7670 25222 19679069 8.95 0.88 -8.47 16195 9027 1.79 0.93
20180615 8250 8500 8170 8380 17443 14502476 3.97 0.65 0.72 10364 7079 1.46 0.64
20180614 8580 8580 8180 8320 20052 16643680 4.72 0.82 -1.77 11930 8122 1.47 0.74
20180613 8480 8890 8320 8470 39690 34175150 6.85 2.23 1.80 21030 18660 1.13 1.47
20180612 8210 8380 8180 8320 21133 17497786 2.38 1.37 -0.95 13841 7293 1.90 0.78
20180611 7810 8600 7770 8400 44894 37735694 10.61 4.89 7.42 18614 26280 0.71 1.66
20180608 7960 7980 7750 7820 7741 6064128 2.91 0.55 -1.14 5380 2361 2.28 0.29
20180607 7920 8030 7910 7910 9309 7422801 1.50 0.58 -1.00 6224 3085 2.02 0.34
20180606 7940 8000 7880 7990 5838 4637103 1.52 0.25 0.88 2841 2997 0.95 0.22
20180605 7820 7970 7800 7920 9209 7275827 2.19 0.33 1.93 4532 4677 0.97 0.34
20180604 7800 8040 7710 7770 13785 10848996 4.14 0.51 -2.51 8482 5303 1.60 0.51
20180601 8180 8180 7620 7970 32275 25204632 6.64 1.40 -5.46 16524 15751 1.05 1.19
20180517 8300 8490 8170 8430 19275 16062866 3.85 0.86 1.44 8950 10325 0.87 0.71
20180516 8410 8620 8250 8310 42211 35484664 4.36 2.66 -2.12 21795 20417 1.07 1.56
20180515 8040 8490 8030 8490 32947 27246261 5.71 2.88 5.33 12503 20444 0.61 1.22
20180514 7930 8070 7910 8060 9735 7813090 2.01 0.83 1.13 5319 4416 1.20 0.36
20180511 8100 8160 7960 7970 10830 8716596 2.46 0.97 -1.85 8117 2713 2.99 0.40
20180510 8000 8150 7990 8120 16222 13124726 2.01 1.71 1.75 6572 9650 0.68 0.60
20180509 7960 8030 7920 7980 9730 7752630 1.39 1.02 0.50 4737 4993 0.95 0.36
20180508 7880 7970 7880 7940 10769 8518762 1.14 1.19 0.89 5967 4802 1.24 0.40
20180507 7740 7890 7740 7870 10820 8486598 1.93 1.19 1.42 5367 5453 0.98 0.40
20180504 7790 7860 7720 7760 8291 6457365 1.79 0.91 -0.51 4126 4165 0.99 0.31
20180503 7660 7820 7600 7800 7776 5999119 2.86 0.82 1.30 4400 3377 1.30 0.29
20180502 7740 7860 7620 7700 10217 7913252 3.11 1.07 -0.26 7330 2887 2.54 0.38
20180427 7800 7840 7710 7720 8019 6214584 1.68 0.77 -0.39 5442 2577 2.11 0.30
20180426 7930 7990 7750 7750 11348 8910152 3.00 1.00 -3.00 7620 3728 2.04 0.42
20180425 7900 8020 7880 7990 8364 6667022 1.76 0.50 0.50 4435 3929 1.13 0.31
20180424 7750 8030 7750 7950 9445 7497087 3.61 0.37 2.58 3594 5851 0.61 0.35
20180423 7800 7900 7680 7750 10507 8178519 2.80 0.25 -1.27 6684 3823 1.75 0.39
20180420 8040 8110 7850 7850 12218 9736024 3.22 0.28 -2.73 8050 4168 1.93 0.45
20180419 8090 8230 8030 8070 16472 13417462 2.47 0.39 -0.25 9289 7183 1.29 0.61
20180418 8390 8490 7850 8090 34513 27781410 7.63 0.83 -3.58 19235 15278 1.26 1.27
20180417 8930 8930 8300 8390 53018 46119285 6.90 1.57 -8.11 33746 19272 1.75 1.96
20180416 8720 9250 8510 9130 94579 84307135 8.45 5.37 4.22 50466 44113 1.14 3.49
20180413 8570 8780 8490 8760 16694 14375537 3.38 0.86 1.98 8179 8515 0.96 0.62
20180412 8550 8820 8500 8590 14188 12181580 3.70 0.64 -0.58 8019 6168 1.30 0.52
20180411 8420 8920 8380 8640 28752 24868592 6.41 1.34 2.49 16790 11962 1.40 1.06
20180410 8430 8440 8240 8430 14547 12143564 2.37 0.69 -0.12 9355 5192 1.80 0.54
20180409 8460 8500 8090 8440 13842 11531211 4.85 0.66 -0.24 6939 6903 1.01 0.51
20180404 8400 8540 8310 8460 25385 21381835 2.75 1.40 1.32 14259 11126 1.28 0.94
20180403 8170 8360 8070 8350 28108 23198224 3.55 1.85 2.08 13504 14603 0.92 1.04
20180402 8200 8290 8100 8180 25159 20610869 2.29 1.83 -1.45 17670 7489 2.36 0.93
20180330 8120 8300 8100 8300 12661 10405241 2.47 0.83 2.47 5290 7371 0.72 0.47
20180329 7950 8130 7950 8100 13163 10621035 2.26 0.93 1.89 5871 7292 0.81 0.49
20180328 7960 8160 7860 7950 11438 9176096 3.73 0.78 -1.24 6311 5127 1.23 0.43
20180327 7880 8120 7800 8050 13385 10664035 4.12 0.96 3.74 5155 8230 0.63 0.50
20180326 7690 7820 7030 7760 18066 13650806 10.13 1.53 -0.51 4452 13614 0.33 0.68
20180323 8330 8330 7670 7800 20241 16166487 7.79 1.98 -7.91 14534 5706 2.55 0.76
20180322 8440 8540 8430 8470 7708 6529002 1.30 0.63 -0.12 4501 3207 1.40 0.29
20180321 8510 8610 8470 8480 13469 11526220 1.65 0.87 -0.35 7904 5565 1.42 0.50
20180320 8460 8530 8300 8510 9933 8365866 2.71 0.50 0.12 4914 5019 0.98 0.37
20180319 8470 8570 8410 8500 7725 6557811 1.89 0.37 0.35 3465 4260 0.81 0.29
20180316 8450 8580 8440 8470 12341 10494075 1.66 0.62 0.24 5201 7140 0.73 0.46
20180315 8670 8740 8380 8450 17324 14748024 4.11 0.99 -3.43 9434 7890 1.20 0.65
20180314 9130 9130 8730 8750 29883 26789521 4.48 2.29 -1.91 21585 8298 2.60 1.12
20180313 8660 8940 8570 8920 32453 28438318 4.28 3.82 3.24 14623 17830 0.82 1.22
20180312 8520 8750 8490 8640 11817 10182050 3.05 1.36 1.41 5988 5829 1.03 0.44
20180309 8500 8570 8410 8520 7889 6706933 1.90 0.92 0.95 3017 4872 0.62 0.30
20180308 8440 8460 8360 8440 5248 4413953 1.19 0.60 0.48 2891 2357 1.23 0.20
20180307 8460 8600 8380 8400 7870 6673698 2.61 0.91 -0.36 4675 3195 1.46 0.29
20180306 8400 8490 8300 8430 9629 8098346 2.26 1.14 0.36 5233 4396 1.19 0.36
20180305 8180 8450 8180 8400 12969 10865736 3.29 1.71 2.31 4165 8804 0.47 0.49
20180302 8250 8390 8210 8210 7192 5963207 2.17 0.98 -1.08 3964 3228 1.23 0.27
20180301 8190 8320 8110 8300 6229 5136111 2.56 0.88 1.22 2159 4070 0.53 0.23
20180228 8260 8280 8120 8200 7210 5914651 1.94 1.13 -0.73 3776 3434 1.10 0.27
20180227 8130 8380 8130 8260 8777 7254126 3.04 1.52 0.49 5314 3463 1.53 0.33
20180226 8010 8250 8010 8220 8527 6934972 2.99 1.63 2.37 2852 5675 0.50 0.32
20180223 8050 8090 7950 8030 5950 4776810 1.74 0.96 -0.12 3387 2563 1.32 0.22
20180222 8000 8070 7900 8040 4883 3910982 2.14 0.71 1.39 2131 2753 0.77 0.18
20180214 7860 7970 7860 7930 3901 3088502 1.40 0.47 0.63 2399 1502 1.60 0.15
20180213 7900 8000 7860 7880 5580 4429631 1.77 0.58 -0.25 3652 1928 1.89 0.21
20180212 7600 7920 7600 7900 5805 4523487 4.20 0.58 3.67 2140 3665 0.58 0.22
20180209 7930 8000 7400 7620 10833 8359704 7.39 0.91 -6.16 7266 3567 2.04 0.41
20180208 7990 8120 7900 8120 8249 6647972 2.75 0.63 1.50 3864 4385 0.88 0.31
20180207 8200 8340 7820 8000 11306 9087459 6.42 0.77 -1.23 6283 5023 1.25 0.42
20180206 8520 8830 8090 8100 12117 10224559 8.51 0.90 -6.90 7351 4766 1.54 0.45
20180205 8880 9000 8660 8700 7463 6537285 3.77 0.52 -3.55 4862 2601 1.87 0.28
20180202 8940 9270 8510 9020 20224 17868220 8.47 1.70 0.56 11837 8387 1.41 0.76
20180201 9070 9950 8850 8970 14319 13124929 12.11 1.17 -1.21 8955 5364 1.67 0.54
20180131 9600 9660 9000 9080 19362 18007370 6.83 1.71 -6.10 12925 6437 2.01 0.72
20180130 9680 9740 9620 9670 5681 5485267 1.24 0.50 -0.10 2793 2888 0.97 0.21
20180129 9840 9840 9610 9680 11817 11453156 2.35 1.09 -1.22 8236 3580 2.30 0.44
20180126 9800 10030 9730 9800 8320 8165302 3.06 0.74 0.10 4878 3442 1.42 0.31
20180125 9680 10150 9620 9790 16190 15864033 5.48 1.62 1.14 8478 7712 1.10 0.61
20180124 9700 9770 9600 9680 14453 13952742 1.75 1.40 -0.21 8949 5504 1.63 0.54
20180123 9730 9770 9680 9700 5547 5389651 0.93 0.39 -0.10 3271 2276 1.44 0.21
20180122 9820 9820 9670 9710 9487 9218605 1.53 0.52 -1.12 4988 4499 1.11 0.36
20180119 9890 9890 9740 9820 10675 10484022 1.52 0.58 -0.71 5332 5343 1.00 0.40
20180118 9850 9920 9780 9890 9671 9525517 1.42 0.54 0.10 5282 4389 1.20 0.36
20180117 10020 10060 9780 9880 16266 16080558 2.76 1.01 -2.76 9377 6889 1.36 0.61
20180116 10620 10620 10030 10160 24474 25026754 5.89 1.97 1.40 13962 10512 1.33 0.92
20180115 9750 10310 9700 10020 29291 29526230 6.19 3.36 1.62 15442 13849 1.11 1.10
20180112 9690 9880 9610 9860 12061 11778923 2.79 1.67 1.75 5195 6866 0.76 0.45
20180111 9610 9720 9600 9690 7197 6939092 1.24 0.91 0.21 4495 2703 1.66 0.27
20180110 9760 9820 9620 9670 7656 7422185 2.04 0.88 -1.43 5711 1945 2.94 0.29
20180109 9760 9870 9760 9810 5863 5745950 1.12 0.64 -0.20 3983 1880 2.12 0.22
20180108 9940 9940 9740 9830 10813 10609903 2.01 1.17 -1.40 6660 4153 1.60 0.40
20180105 9900 10000 9900 9970 4652 4630985 1.00 0.77 0.00 2471 2181 1.13 0.17
20180104 9960 10020 9830 9970 10456 10417965 1.92 1.18 0.91 5591 4865 1.15 0.39
20180103 9800 9950 9750 9880 11714 11585666 2.05 1.39 1.33 5944 5770 1.03 0.44
20180102 9690 9750 9640 9750 8081 7840772 1.14 3.53 0.83 2782 5299 0.52 0.30
20171229 9690 9750 9560 9670 11436 11060018 1.97 1.20 0.10 7668 3768 2.03 0.43
20171228 9700 9760 9610 9660 6870 6665874 1.55 0.70 -0.31 4253 2617 1.62 0.26
20171227 9690 9770 9650 9690 6165 5980253 1.24 0.64 -0.10 2875 3290 0.87 0.23
20171226 9560 9720 9520 9700 9545 9218754 2.07 1.13 0.31 5257 4287 1.23 0.36
20171225 10040 10090 9630 9670 15032 14675227 4.58 2.19 -3.69 8536 6496 1.31 0.56
20171222 10290 10300 9990 10040 9988 10122175 3.02 1.69 -2.33 6734 3254 2.07 0.37
20171221 10390 10450 10270 10280 8442 8696743 1.73 1.55 -1.34 5496 2946 1.87 0.32
20171220 10470 10570 10410 10420 5119 5368334 1.53 0.96 -0.10 2547 2572 0.99 0.19
20171219 10380 10500 10380 10430 3723 3892864 1.16 0.58 0.48 1542 2181 0.71 0.14
20171218 10390 10660 10360 10380 6996 7313632 2.84 0.97 -1.80 4469 2527 1.77 0.26
20171215 10650 10650 10560 10570 5201 5508014 0.85 0.65 -0.66 3790 1411 2.69 0.19
20171214 10700 10700 10610 10640 6220 6614856 0.84 0.76 -0.56 4517 1703 2.65 0.23
20171213 10620 10720 10620 10700 4652 4971197 0.94 0.50 0.09 2867 1785 1.61 0.17
20171212 10800 10800 10680 10690 9208 9882766 1.13 0.49 0.47 3268 5940 0.55 0.34
20171211 10720 10780 10630 10640 10957 11714535 1.40 0.51 -0.37 6848 4109 1.67 0.41
20171208 10640 10900 10610 10680 9044 9748430 2.70 0.43 -0.65 5123 3921 1.31 0.34
20171207 10810 10850 10670 10750 6964 7469311 1.67 0.28 0.00 4236 2728 1.55 0.26
20171206 10680 10850 10670 10750 10650 11471900 1.67 0.39 -0.19 6257 4393 1.42 0.40
20171205 10720 11100 10600 10770 56451 61541053 4.66 2.45 0.47 18798 37653 0.50 2.11
20171204 10760 11020 10670 10720 23318 25243889 3.26 0.85 -0.28 10867 12451 0.87 0.87
20171201 10710 10840 10700 10750 8382 9019152 1.30 0.28 -0.09 4122 4260 0.97 0.31
20171130 11150 11150 10680 10760 25005 27100941 4.22 0.80 -3.50 17328 7676 2.26 0.94
20171129 11370 11490 11130 11150 24110 27204108 3.16 0.71 -2.11 15799 8311 1.90 0.90
20171128 11580 11640 11200 11390 34181 39165377 3.80 1.12 -1.56 17068 17113 1.00 1.28
20171127 11340 11990 11230 11570 44917 51848471 6.63 1.91 0.87 19767 25151 0.79 1.68
20171124 11480 11540 11380 11470 19926 22815793 1.39 0.78 -0.69 6712 13214 0.51 0.75
20171123 11490 11600 11350 11550 32192 36987607 2.16 1.36 -0.43 10255 21937 0.47 1.21
20171122 11420 11800 11250 11600 39071 44961870 4.82 1.99 1.58 13073 25998 0.50 1.46
20171121 11330 11430 11170 11420 16195 18361160 2.28 0.87 0.35 5487 10708 0.51 0.61
20171120 11400 11400 10910 11380 10083 11247102 4.30 0.54 -0.18 5556 4527 1.23 0.38
20171117 11450 11480 11150 11400 29560 33496195 2.88 2.08 -0.52 9770 19790 0.49 1.11
20171116 11370 11620 11260 11460 23321 26703958 3.16 1.98 0.44 8841 14481 0.61 0.87
20171115 11100 11440 11050 11410 18901 21304080 3.50 1.66 2.42 7418 11483 0.65 0.71
20171114 11000 11150 10930 11140 11700 12914217 2.00 1.12 1.27 5145 6555 0.78 0.44
20171113 10930 11030 10850 11000 10019 10993848 1.64 1.06 0.00 5022 4997 1.00 0.38
20171110 11060 11080 10910 11000 7179 7884675 1.55 0.77 0.18 3660 3519 1.04 0.27
20171109 10960 11080 10900 10980 11039 12125795 1.62 1.32 -0.90 6010 5030 1.19 0.41
20171108 10800 11170 10720 11080 17051 18734940 4.20 2.63 3.45 6826 10225 0.67 0.64
20171107 10710 10790 10650 10710 6911 7401955 1.31 1.03 0.00 4359 2552 1.71 0.26
20171106 10630 10770 10530 10710 5007 5341284 2.25 0.58 0.47 2662 2344 1.14 0.19
20171103 10710 10790 10600 10660 6501 6948939 1.77 0.69 -0.56 3769 2732 1.38 0.24
20171102 10900 10920 10700 10720 6360 6856888 2.02 0.64 -1.65 4024 2336 1.72 0.24
20171101 10950 11140 10800 10900 7667 8399208 3.10 0.70 -0.55 4463 3205 1.39 0.29
20171031 10840 10990 10710 10960 8095 8778071 2.60 0.55 1.95 3497 4598 0.76 0.30
20171030 11270 11320 10130 10750 14714 15937359 10.58 1.10 -4.44 8827 5887 1.50 0.55
20171027 11410 11410 11200 11250 10360 11695961 1.85 0.79 -1.06 7793 2567 3.04 0.39
20171026 11380 11410 11280 11370 8713 9898665 1.14 0.60 0.09 4393 4321 1.02 0.33
20171025 11350 11430 11270 11360 12613 14280596 1.41 0.81 0.09 7946 4667 1.70 0.47
20171024 11600 11650 11030 11350 27854 31800075 5.33 2.29 -2.41 16827 11027 1.53 1.04
20171023 11560 11650 11530 11630 7254 8413224 1.04 0.58 0.69 3408 3846 0.89 0.27
20171020 11420 11600 11420 11550 9014 10378125 1.57 0.73 0.96 4165 4849 0.86 0.34
20171019 11790 11900 11400 11440 15433 17886890 4.24 1.30 -2.97 10459 4974 2.10 0.58
20171018 11730 11840 11570 11790 18265 21394182 2.31 1.53 0.86 8938 9327 0.96 0.68
20171017 11810 11810 11680 11690 10954 12853489 1.10 0.70 -1.02 6685 4269 1.57 0.41
20171016 12100 12100 11800 11810 8883 10583891 2.50 0.54 -1.50 5767 3116 1.85 0.33
20171013 12070 12070 11910 11990 7891 9452124 1.33 0.46 -0.50 4225 3667 1.15 0.30
20171012 12150 12170 11990 12050 13434 16189999 1.48 0.74 -0.82 8006 5427 1.48 0.50
20171011 12130 12170 12020 12150 18397 22248409 1.23 1.14 -0.16 8942 9456 0.95 0.69
20171010 11880 12200 11810 12170 29506 35479143 3.28 2.54 2.44 9855 19650 0.50 1.10
20171009 11880 11940 11780 11880 13028 15425102 1.35 1.17 0.59 7147 5881 1.22 0.49
20170929 11750 11840 11660 11810 11063 13019705 1.54 0.99 1.03 4171 6893 0.61 0.41
20170928 11620 11770 11600 11690 18504 21655670 1.47 1.89 0.78 9418 9086 1.04 0.69
20170927 11410 11600 11410 11600 8358 9630267 1.66 0.82 1.31 2771 5587 0.50 0.31
20170926 11480 11560 11430 11450 7035 8067952 1.13 0.64 -0.87 4791 2244 2.14 0.26
20170925 11710 11710 11510 11550 10521 12214131 1.72 0.93 -0.94 7168 3353 2.14 0.39
20170922 11600 11720 11570 11660 11467 13360665 1.29 0.89 0.52 6230 5237 1.19 0.43
20170921 11750 11840 11600 11600 11585 13541565 2.04 0.91 -1.53 8344 3241 2.57 0.43
20170920 11670 11810 11600 11780 10132 11858694 1.80 0.75 0.86 4530 5602 0.81 0.38
20170919 11680 11690 11500 11680 10927 12712704 1.63 0.70 0.26 5658 5269 1.07 0.41
20170918 11610 11730 11600 11650 12391 14436223 1.12 0.82 0.17 7377 5014 1.47 0.46
20170915 11870 11890 11600 11630 19088 22310944 2.45 1.39 -1.94 12676 6413 1.98 0.71
20170914 11840 11950 11780 11860 11338 13452745 1.43 0.77 -0.17 6722 4617 1.46 0.42
20170913 11930 12090 11800 11880 13836 16452188 2.43 0.88 -0.42 9485 4351 2.18 0.52
20170912 11860 12210 11860 11930 21628 26028312 2.94 1.56 0.17 10816 10812 1.00 0.81
20170911 11880 11950 11760 11910 9244 10981942 1.61 0.56 0.93 4342 4901 0.89 0.35
20170908 11780 11910 11720 11800 12686 15003625 1.62 0.73 0.51 6350 6336 1.00 0.48
20170907 11800 11920 11700 11740 16710 19700400 1.85 1.01 -1.26 11488 5222 2.20 0.63
20170906 12120 12120 11860 11890 18675 22284182 2.15 1.14 -1.74 10907 7769 1.40 0.70
20170905 12050 12150 11910 12100 12044 14519033 1.99 0.66 0.41 5684 6360 0.89 0.45
20170904 11860 12240 11820 12050 22285 26802492 3.53 0.72 1.26 11308 10977 1.03 0.83
20170901 12030 12070 11830 11900 17414 20729362 2.00 0.56 -1.08 10403 7011 1.48 0.65
20170831 12040 12140 12030 12030 12325 14889650 0.91 0.39 -0.25 7438 4887 1.52 0.46
20170830 12170 12170 12010 12060 17539 21183300 1.32 0.58 -0.17 9646 7893 1.22 0.66
20170829 12050 12180 12010 12080 21693 26191570 1.40 0.79 -0.58 12957 8736 1.48 0.81
20170828 11660 12650 11610 12150 85746 104607461 8.91 6.67 4.11 44080 41666 1.06 3.21
20170825 11510 11670 11430 11670 17490 20229788 2.07 1.48 0.86 7884 9606 0.82 0.65
20170824 11520 11640 11440 11570 15290 17667044 1.74 1.48 0.87 6968 8322 0.84 0.56
20170823 11350 11590 11310 11470 10022 11493984 2.47 0.98 1.06 5223 4799 1.09 0.37
20170822 11560 11600 11330 11350 9393 10760068 2.34 0.97 -1.82 6267 3127 2.00 0.35
20170821 11320 11560 11310 11560 12070 13843616 2.22 1.40 2.57 3957 8113 0.49 0.45
20170818 11390 11400 11160 11270 12312 13891817 2.10 1.35 -1.31 6934 5378 1.29 0.45
20170817 11370 11440 11300 11420 8011 9115179 1.23 0.78 0.09 4380 3631 1.21 0.30
20170816 11360 11440 11280 11410 9335 10617317 1.42 0.83 1.15 3784 5551 0.68 0.34
20170815 11260 11380 11240 11280 6509 7342191 1.24 0.57 -0.35 3805 2703 1.41 0.24
20170814 11380 11380 11200 11320 6939 7852310 1.62 0.60 2.07 2870 4070 0.71 0.26
20170811 11320 11370 11050 11090 14858 16610800 2.81 1.44 -2.46 8137 6720 1.21 0.55
20170810 11650 11670 11370 11370 13679 15721911 2.57 1.36 -2.49 9582 4097 2.34 0.51
20170809 11570 11780 11530 11660 14218 16602985 2.17 1.06 1.13 5808 8410 0.69 0.53
20170808 11530 11610 11460 11530 7812 9005881 1.30 0.53 -0.09 4723 3089 1.53 0.29
20170807 11520 11650 11470 11540 6885 7955793 1.56 0.36 0.17 3592 3293 1.09 0.25
20170804 11700 11750 11500 11520 9147 10606440 2.14 0.46 -1.54 5860 3287 1.78 0.34
20170803 11810 11820 11640 11700 12066 14116728 1.52 0.53 -1.18 7251 4815 1.51 0.45
20170802 11550 11970 11410 11840 31094 36293852 4.83 1.50 2.16 12234 18860 0.65 1.15
20170801 11600 11720 11540 11590 14950 17383330 1.55 0.62 -0.34 7320 7630 0.96 0.55
20170731 11680 11700 11320 11630 28376 32758508 3.30 1.31 0.87 14509 13866 1.05 1.05
20170728 11690 11710 11530 11530 13336 15509305 1.55 0.65 -0.95 6550 6786 0.97 0.49
20170727 11420 11730 11360 11640 26482 30702213 3.25 1.45 2.28 8771 17711 0.50 0.98
20170726 11500 11550 11210 11380 20754 23493566 2.99 1.09 -0.09 9033 11721 0.77 0.77
20170725 11890 11900 11370 11390 31892 36912635 4.68 1.98 0.62 14807 17085 0.87 1.18
20170724 11100 11350 11040 11320 15891 17858295 2.79 0.88 1.89 6361 9530 0.67 0.59
20170721 11030 11220 11030 11110 6848 7630344 1.71 0.38 -0.27 3896 2952 1.32 0.25
20170720 11180 11390 11100 11140 16023 18004923 2.60 0.98 -0.27 8508 7515 1.13 0.59
20170719 10630 11580 10570 11170 24584 26983084 9.48 1.82 4.88 10458 14126 0.74 0.91
20170718 10300 10700 10260 10650 16992 17880296 4.26 1.17 3.00 6877 10114 0.68 0.63
20170717 11200 11200 10280 10340 25499 27123110 8.21 1.88 -7.76 14897 10603 1.41 0.94
20170714 11230 11310 11170 11210 6689 7502474 1.23 0.38 -1.23 4448 2241 1.98 0.25
20170713 11270 11370 11270 11350 8083 9153830 0.88 0.41 0.27 3670 4412 0.83 0.30
20170712 11280 11360 11150 11320 10286 11576863 1.87 0.50 0.71 4870 5416 0.90 0.38
20170711 11550 11580 11030 11240 22160 25197318 4.80 1.11 -2.01 14435 7725 1.87 0.82
20170710 11890 11940 11660 11670 20669 24254675 2.35 1.13 -1.85 13131 7538 1.74 0.76
20170707 11720 11960 11630 11890 26195 31026489 2.82 1.74 1.45 11468 14727 0.78 0.97
20170706 11670 11800 11540 11720 18678 21808515 2.24 1.38 0.86 8469 10209 0.83 0.69
20170705 11650 11800 11540 11620 15166 17654026 2.24 1.01 0.09 9191 5976 1.54 0.56
20170704 11600 11850 11570 11610 19239 22513514 2.41 1.17 0.09 10424 8815 1.18 0.71
20170703 11470 11650 11420 11600 12222 14103371 2.01 0.52 1.31 4818 7404 0.65 0.45
20170630 11470 11560 11410 11450 9858 11317010 1.30 0.31 -0.43 6160 3699 1.67 0.36
20170629 11540 11580 11420 11500 11303 12988971 1.39 0.25 -0.35 5357 5946 0.90 0.42
20170628 11580 11580 11360 11540 22619 25867991 1.89 0.41 -0.60 13550 9070 1.49 0.84
20170627 11740 11840 11590 11610 26019 30405022 2.11 0.48 -2.03 17599 8420 2.09 0.96
20170626 11540 11850 11380 11850 48421 56534629 4.05 1.00 2.16 18463 29958 0.62 1.79
20170623 11500 11620 11210 11600 48311 55372332 3.57 1.12 0.87 22674 25637 0.88 1.78
20170622 11880 11890 11440 11500 82589 96247067 3.78 2.78 -3.52 49586 33003 1.50 3.05
20170621 10830 11920 10680 11920 71062 81036758 11.44 4.14 9.96 45251 25810 1.75 2.62
20170620 10790 10960 10730 10840 22910 24824481 2.14 1.58 0.74 10235 12676 0.81 0.85
20170619 10660 10790 10640 10760 17942 19198277 1.40 1.22 0.37 9373 8570 1.09 0.66
20170616 10740 10890 10600 10720 21100 22688971 2.71 1.64 0.19 10404 10696 0.97 0.78
20170615 10560 10810 10500 10700 15609 16739594 2.93 1.31 1.23 6112 9497 0.64 0.58
20170614 10500 10600 10450 10570 8280 8717579 1.42 0.61 0.28 3926 4354 0.90 0.31
20170613 10400 10590 10370 10540 9477 9959522 2.12 0.72 1.35 3667 5810 0.63 0.35
20170612 10700 10740 10400 10400 19090 20116221 3.17 1.63 -3.17 12933 6157 2.10 0.71
20170609 10630 10750 10550 10740 11680 12472338 1.88 0.89 0.75 5379 6301 0.85 0.43
20170608 10660 10730 10530 10660 11188 11895484 1.88 0.79 0.00 6440 4748 1.36 0.41
20170607 10450 10700 10450 10660 16111 17099649 2.39 1.15 2.11 6600 9510 0.69 0.60
20170606 10360 10480 10330 10440 7526 7839565 1.45 0.49 0.58 4278 3248 1.32 0.28
20170605 10370 10500 10320 10380 12072 12578926 1.74 0.58 0.19 6768 5304 1.28 0.45
20170602 10240 10470 10050 10360 18977 19401867 4.11 0.90 1.27 8768 10210 0.86 0.70
20170601 10510 10560 10160 10230 16158 16688767 3.78 0.76 -3.22 11047 5112 2.16 0.60
20170531 10680 10850 10550 10570 15518 16576876 2.81 0.72 -1.12 8900 6618 1.34 0.57
20170526 10900 10900 10630 10690 13541 14495017 2.50 0.65 -1.02 8790 4751 1.85 0.50
20170525 10330 10810 10170 10800 39992 42229627 6.20 2.38 4.65 16325 23666 0.69 1.48
20170524 9950 10360 9760 10320 20288 20419633 6.03 1.27 3.72 9614 10674 0.90 0.75
20170523 10010 10220 9890 9950 16369 16437189 3.28 0.96 -1.00 8517 7852 1.08 0.60
20170522 10500 10540 10010 10050 18153 18607811 5.03 1.17 -4.56 12314 5839 2.11 0.67
20170519 10510 10570 10410 10530 9970 10453605 1.52 0.63 0.00 5815 4155 1.40 0.37
20170518 10580 10680 10430 10530 19360 20422579 2.37 1.19 -0.28 11701 7659 1.53 0.72
20170517 10440 10610 10390 10560 16235 17097101 2.11 1.00 1.15 8378 7858 1.07 0.60
20170516 10210 10480 10110 10440 21138 21780820 3.62 1.21 2.15 9466 11672 0.81 0.78
20170515 10290 10360 10200 10220 10663 10956397 1.56 0.54 -0.20 5617 5046 1.11 0.39
20170512 10190 10320 10120 10240 12313 12596809 1.96 0.59 0.29 6338 5976 1.06 0.45
20170511 10360 10380 9880 10210 20945 21155858 4.83 1.00 -1.35 11459 9486 1.21 0.77
20170510 10700 10830 10290 10350 16127 17064599 5.05 0.71 -3.27 10868 5259 2.07 0.60
20170509 10510 10750 10510 10700 27236 29022845 2.26 1.09 0.66 19601 7635 2.57 1.01
20170508 10860 10920 10550 10630 21397 22922312 3.41 0.86 -2.03 13605 7792 1.75 0.79
20170505 10990 10990 10800 10850 19321 21045703 1.74 0.72 -0.64 9975 9347 1.07 0.71
20170504 10990 11070 10870 10920 20331 22329523 1.81 0.81 -1.09 11923 8408 1.42 0.75
20170503 10950 11150 10860 11040 25943 28397586 2.63 1.05 0.27 15394 10549 1.46 0.96
20170502 10650 11200 10650 11010 38498 42200741 5.17 1.73 3.57 16450 22048 0.75 1.42
20170428 10630 10810 10600 10630 20641 22073317 1.98 0.85 0.09 11943 8699 1.37 0.76
20170427 10520 10650 10150 10620 27920 29183610 4.74 1.10 0.66 13770 14150 0.97 1.03
20170426 10520 10590 10460 10550 12276 12942705 1.24 0.43 0.29 6708 5568 1.20 0.45
20170425 10630 10780 10430 10520 23932 25388865 3.30 0.83 -0.75 16556 7376 2.24 0.88
20170424 10960 10960 10540 10600 26435 28197055 3.85 0.89 -2.75 16480 9955 1.66 0.98
20170421 10850 11200 10850 10900 30444 33499265 3.23 1.03 0.74 14019 16425 0.85 1.12
20170420 11250 11330 10730 10820 33280 36508557 5.33 1.24 -3.82 22562 10718 2.11 1.23
20170419 11530 11530 11140 11250 27905 31436407 3.38 1.00 -2.43 14844 13061 1.14 1.03
20170418 11730 11770 11480 11530 26784 31182377 2.50 0.91 -0.77 15939 10845 1.47 0.99
20170417 11880 11930 11550 11620 30576 35725496 3.19 1.02 -2.60 16729 13847 1.21 1.13
20170414 12280 12280 11890 11930 28793 34783756 3.17 1.02 -3.09 20199 8594 2.35 1.06
20170413 12190 12340 12080 12310 20579 25157025 2.13 0.66 0.98 8666 11913 0.73 0.76
20170412 12180 12330 12010 12190 33255 40524316 2.63 1.09 0.08 14723 18532 0.79 1.23
20170411 12170 12300 11940 12180 33516 40578292 2.96 1.17 0.08 19150 14366 1.33 1.24
20170410 12510 12510 12150 12170 34035 41826990 2.91 0.97 -1.62 19386 14649 1.32 1.26
20170407 12340 12480 12340 12370 19307 23970495 1.13 0.52 -0.08 8220 11087 0.74 0.71
20170406 12300 12540 12270 12380 36297 45154778 2.20 1.07 1.06 14737 21559 0.68 1.34
20170405 11850 12270 11850 12250 29940 36444573 3.54 0.92 3.11 9129 20811 0.44 1.11
20170331 11830 12050 11820 11880 23768 28364930 1.95 0.74 0.51 11739 12029 0.98 0.88
20170330 12540 12540 11800 11820 66436 80304155 5.88 2.66 -6.04 45762 20674 2.21 2.45
20170329 12590 12820 12470 12580 30045 37960266 2.79 1.21 0.24 13445 16601 0.81 1.11
20170328 12480 12620 12480 12550 19491 24480881 1.12 0.76 0.56 7963 11528 0.69 0.72
20170327 12550 12630 12450 12480 23046 28845037 1.43 0.89 -0.64 11811 11235 1.05 0.85
20170324 12480 12570 12410 12560 22192 27725404 1.28 0.83 0.72 10034 12158 0.83 0.82
20170323 12620 12720 12420 12470 30264 38043719 2.37 1.13 -1.66 17686 12578 1.41 1.12
20170322 12760 12840 12570 12680 29589 37552103 2.10 1.15 -1.25 17863 11727 1.52 1.09
20170321 12750 12870 12710 12840 23791 30497057 1.25 0.90 0.63 23622 169 139.77 0.88
20170320 12600 12800 12600 12760 23546 29980883 1.58 0.79 1.03 8584 14962 0.57 0.87
20170317 12670 12830 12600 12630 26490 33710364 1.81 0.75 -0.71 13555 12935 1.05 0.98
20170316 12550 12750 12510 12720 29991 37979344 1.92 0.80 1.52 14473 15518 0.93 1.11
20170315 12550 12670 12460 12530 24874 31261343 1.67 0.64 -0.56 12721 12153 1.05 0.92
20170314 12650 12700 12500 12600 27099 34098411 1.58 0.68 -0.40 13881 13218 1.05 1.00
20170313 12530 12670 12490 12650 40153 50522584 1.44 0.92 0.96 14537 25616 0.57 1.48
20170310 12810 12830 12520 12530 53636 67882996 2.42 1.40 -2.19 27374 26262 1.04 1.98
20170309 13160 13180 12800 12810 40849 52885328 2.88 1.07 -2.95 28609 12240 2.34 1.51
20170308 13200 13280 13130 13200 31563 41686738 1.14 0.81 0.00 17522 14041 1.25 1.17
20170307 13250 13280 13140 13200 32978 43591995 1.06 0.84 -0.38 16080 16898 0.95 1.22
20170306 12960 13250 12900 13250 58113 76473388 2.70 1.71 2.24 30199 27914 1.08 2.15
20170303 12860 13020 12850 12960 27703 35814583 1.32 0.82 0.47 14078 13625 1.03 1.02
20170302 13210 13220 12900 12900 41115 53570676 2.43 1.20 -2.12 28389 12726 2.23 1.52
20170301 13130 13240 13100 13180 35726 47078817 1.06 0.87 0.00 19843 15883 1.25 1.32
20170228 13090 13230 13030 13180 34506 45360819 1.54 0.87 1.38 19134 15372 1.24 1.27
20170227 13130 13270 12980 13000 31264 40982650 2.20 0.78 -1.44 20817 10446 1.99 1.15
20170224 13260 13270 13100 13190 25835 34056839 1.29 0.62 -0.15 13888 11947 1.16 0.95
20170223 13200 13320 13050 13210 44199 58192162 2.04 1.17 -0.08 25935 18264 1.42 1.63
20170222 12910 13420 12910 13220 68603 90542052 3.94 2.11 2.16 31848 36755 0.87 2.53
20170221 12850 12970 12820 12940 28952 37403905 1.17 0.90 0.70 13467 15485 0.87 1.07
20170220 12950 12960 12740 12850 32866 42181751 1.70 - -0.46 21176 11690 1.81 1.21
20170217 12710 12970 12700 12910 32460 41733186 2.11 0.91 1.10 15938 16522 0.96 1.20
20170216 12700 12830 12590 12770 25524 32454055 1.89 0.62 0.71 13902 11622 1.20 0.94
20170215 12960 13080 12660 12680 43048 55297600 3.24 1.15 -2.16 29265 13783 2.12 1.59
20170214 13120 13140 12920 12960 27123 35228371 1.67 0.73 -1.37 18367 8756 2.10 1.00
20170213 13050 13160 12880 13140 38396 50064426 2.14 1.14 0.46 18891 19505 0.97 1.42
20170210 13130 13490 13010 13080 43455 57541329 3.65 1.54 -0.53 25034 18421 1.36 1.60
20170209 12900 13250 12900 13150 52172 68600388 2.71 2.37 1.94 24383 27789 0.88 1.93
20170208 12800 12960 12770 12900 25826 33255593 1.48 1.10 0.39 14015 11811 1.19 0.95
20170207 12790 12990 12710 12850 26757 34370113 2.18 1.20 0.08 14423 12334 1.17 0.99
20170206 12680 12840 12610 12840 20521 26183086 1.82 0.86 1.42 10381 10140 1.02 0.76
20170203 12750 12760 12550 12660 15862 20036639 1.65 0.58 -0.71 9798 6064 1.62 0.59
20170126 12860 12890 12610 12750 21243 27097709 2.19 0.76 -0.31 14000 7243 1.93 0.78
20170125 12520 12880 12510 12790 32714 41699419 2.95 1.22 1.99 15927 16787 0.95 1.21
20170124 12630 12670 12470 12540 21307 26772018 1.59 0.67 -0.40 14070 7237 1.94 0.79
20170123 12660 12720 12510 12590 28265 35659006 1.67 0.64 0.08 15888 12377 1.28 1.04
20170120 12200 12660 12160 12580 34185 42748232 4.08 0.63 2.78 15298 18887 0.81 1.26
20170119 12200 12430 12010 12240 23995 29338243 3.42 0.41 -0.33 12268 11727 1.05 0.89
20170118 12410 12480 12100 12280 26568 32806683 3.06 0.41 -1.05 15926 10642 1.50 0.98
20170117 12160 12580 12150 12410 46867 58161321 3.49 0.65 0.81 23598 23269 1.01 1.73
20170116 12880 13000 11670 12310 90747 113726634 10.25 1.36 -5.09 50553 40194 1.26 3.35
20170113 13590 13670 12930 12970 81496 108300999 5.44 1.18 -4.70 54090 27406 1.97 3.01
20170112 13780 13860 13570 13610 49831 68187093 2.09 0.54 -1.80 28204 21627 1.30 1.84
20170111 13740 13970 13730 13860 54360 75260635 1.73 0.54 0.00 30920 23440 1.32 2.01
20170110 14090 14330 13820 13860 85517 120321517 3.60 0.83 -2.12 55636 29881 1.86 3.16
20170109 14100 14430 14050 14160 62051 88171333 2.67 0.53 -0.56 35594 26457 1.35 2.29
20170106 14240 14450 14080 14240 94258 134231311 2.56 0.79 -1.32 57122 37136 1.54 3.48
20170105 13990 14830 13900 14430 162793 233656052 6.65 1.64 3.22 72608 90185 0.81 6.01
20170104 14160 14340 13870 13980 103258 144824232 3.32 1.03 -1.34 63613 39645 1.60 3.81
20170103 14150 14320 13910 14170 94230 132656230 2.88 1.06 -0.49 54939 39291 1.40 3.48
20161230 13790 14240 13670 14240 134703 188961999 4.14 1.84 3.41 52491 82212 0.64 4.98
20161229 13700 14070 13550 13770 99522 138082765 3.81 1.49 0.88 48431 51091 0.95 3.68
20161228 13700 13880 13600 13650 63152 86647130 2.03 0.89 -0.87 37595 25557 1.47 2.33
20161227 13270 13900 13160 13770 108002 147850519 5.58 1.71 3.77 40718 67284 0.61 3.99
20161226 13010 13310 12880 13270 40684 53451357 3.30 0.59 1.76 20266 20419 0.99 1.50
20161223 13590 13640 13040 13040 54053.34 72106810.050
20161222 13800 13880 13400 13550 68435.36 93418413.950
20161221 13410 13910 13370 13900 82256.67 112448458.090
20161220 13840 13860 13340 13450 71113.41 96369472.700
20161219 13780 13990 13580 13850 67617.97 93485280.190
20161216 13690 13800 13510 13610 72777.89 99213892.140
20161215 13230 13790 13220 13680 104518.29 141447972.280
20161214 12710 13910 12710 13390 120936.03 160945977.090
20161213 12470 12890 12380 12780 52311.85 66202755.950
20161212 12840 13040 12360 12600 102286.31 131100313.150
20161209 12730 12990 12650 12840 51439.66 66201786.380
20161208 12800 12840 12680 12690 28845.10 36779255.880
20161207 12740 12770 12570 12740 33336.96 42242471.810
20161206 12790 12920 12680 12700 29323.89 37508930.550
20161205 12390 12840 12320 12790 43543.07 55005592.400
20161202 13090 13150 12510 12580 70887.03 90671514.980
20161201 13130 13230 13000 13140 40743.23 53445023.650
20161130 13020 13190 12810 13100 47899.70 62591356.970
20161129 13360 13510 12960 13010 81472.13 107543842.570
20161128 13650 13730 13270 13370 80366.47 107891049.290
20161125 13900 13970 13130 13660 102610.17 138457992.640
20161124 14150 14360 13850 13920 110387.57 155016424.240
20161123 13780 14480 13680 14210 137119.16 192044566.560
20161122 13660 14190 13500 13830 122801.13 170384657.580
20161121 13290 13880 13260 13720 134428.29 183770551.870
20161118 13300 13460 13200 13300 61833.74 82326502.720
20161117 13180 13280 12950 13280 53531.92 70183720.060
20161116 13040 13420 13040 13070 62130.95 82007761.140
20161115 13150 13240 12990 13230 50013.56 65556112.680
20161114 13150 13270 12930 13090 81284.12 106586457.440
20161111 12800 13280 12800 13120 92878.48 121561991.430
20161110 12650 12960 12650 12910 62300.92 80089395.970
20161109 12840 12920 12460 12560 59124.59 74758515.420
20161108 12790 13040 12640 12650 65098.83 83603622.340
20161107 12640 12770 12550 12770 55341.47 70112298.840
20161104 12540 12770 12490 12660 56791.85 71831954.290
20161103 12470 12680 12370 12510 54586.28 68722479.760
20161102 12600 12630 12340 12400 40720.31 50826376.600
20161101 12250 12650 12250 12640 57114.67 71351205.100
20161031 12270 12360 12150 12260 30140.93 36899726.250
20161028 12570 12700 12270 12290 44798.58 55843723.880
20161027 12560 12730 12470 12630 54878.01 69184689.490
20161026 12500 12540 12390 12540 41586.54 51885759.450
20161025 12410 12540 12400 12500 40737.05 50837417.430
20161024 12250 12510 12200 12460 60848.86 75544424.730
20161021 12340 12460 12160 12300 35413.73 43613125.460
20161020 12400 12480 12280 12400 45797.17 56708080.690
20161019 12350 12470 12270 12400 49185.30 60920438.420
20161018 12070 12300 12070 12300 32254.75 39387700.770
20161017 12260 12340 12040 12100 31981.48 39009937.040
20161014 12370 12370 12050 12250 42280.28 51549148.520
20161013 12280 12400 12220 12370 37217.29 45852874.110
20161012 12240 12350 12180 12300 31595.15 38785091.970
20161011 12320 12330 12160 12270 36216.76 44277320.430
20161010 12050 12310 12050 12290 43477.18 53103936.110
20160930 11950 12040 11880 11990 24698.99 29557964.940
20160929 11780 12010 11780 11940 36298.91 43319184.820
20160928 11800 11840 11740 11780 19475.84 22960762.520
20160927 11590 11780 11530 11780 30996.02 36084189.180
20160926 11790 11850 11590 11610 45491.90 53069236.030
20160923 12070 12070 11820 11830 30092.85 35942149.050
20160922 11970 12140 11930 12010 49729.13 59882970.430
20160921 11870 11950 11820 11910 28080.00 33427665.000
20160920 11820 11890 11720 11870 29716.23 35138897.200
20160919 11600 11980 11560 11800 36559.87 43132639.570
20160914 11670 11990 11610 11680 42359.58 49863447.090
20160913 11680 11840 11610 11770 48331.01 56820611.660
20160912 12200 12230 11600 11620 111728.95 133503650.450
20160909 12430 12720 12400 12460 73028.53 91491526.210
20160908 12520 12650 12410 12450 81635.59 101846760.990
20160907 12850 13050 12600 12600 116814.50 148877688.790
20160906 12800 12870 12400 12740 111760.37 141329684.380
20160905 12680 13230 12680 12890 235237.77 305684778.490
20160902 12670 12860 12500 12660 52057.48 66173156.460
20160901 12980 13080 12760 12760 87052.98 112523080.350
20160831 12820 13130 12380 13090 163880.03 208882366.220
20160830 12970 13050 12770 12850 56754.20 73014818.110
20160829 12820 13080 12750 13000 67076.18 86549131.730
20160826 12870 13070 12720 12860 82096.50 105603558.660
20160825 12980 13040 12650 12840 96243.30 123308463.200
20160824 12560 13770 12560 13090 237034.43 312927676.300
20160823 12640 12940 12300 12590 108198.04 136531862.110
20160822 12900 13270 12580 12660 143202.14 185673858.200
20160819 12780 13150 12580 13010 155825.50 201482026.770
20160818 12700 13290 12500 12950 379104.74 488952494.510
20160817 11650 12870 11600 12870 277096.18 346764675.600
20160816 11330 11830 11300 11700 117875.60 136515036.870
20160815 11070 11350 11020 11340 58733.89 65913651.040
20160812 11030 11110 10910 11070 35614.04 39328456.610
20160811 11290 11340 11000 11000 46227.99 51453559.850
20160810 11390 11420 11250 11340 39305.97 44579184.100
20160809 11430 11430 11250 11350 48251.92 54627226.750
20160808 11500 11550 11300 11390 57053.22 65083170.940
20160805 11300 11560 11130 11360 80188.35 91139644.980
20160804 11010 11420 11010 11260 79221.55 88905144.170
20160803 11040 11140 10960 11060 29692.38 32782314.130
20160802 10910 11040 10870 11010 25521.90 27965621.820
20160801 11370 11390 10750 10920 44347.64 49053829.080
20160729 11430 11480 11200 11370 28095.62 31916375.070
20160728 11420 11550 11200 11420 43455.88 49483502.040
20160727 12370 12430 11150 11420 105845.95 124666532.870
20160726 12290 12450 12220 12380 80753.38 99838844.810
20160725 12060 12330 12020 12290 75044.49 91776759.570
20160722 12200 12300 12090 12150 64288.60 78352032.460
20160721 12170 12450 12030 12190 114893.60 140748317.700
20160720 11880 12300 11830 12190 100769.86 122221044.500
20160719 12030 12150 11750 11850 59538.75 70788402.650
20160718 11880 12120 11610 12120 82739.57 98761106.290
20160715 12010 12090 11850 11880 40219.63 48004572.840
20160714 12170 12300 11950 11970 55995.89 67854940.500
20160713 12400 12450 12140 12170 66848.69 81649682.880
20160712 12080 12520 11930 12400 118391.58 145139215.280
20160711 12000 12150 11930 12100 51387.80 61767521.350
20160708 12060 12300 12020 12040 47862.53 58063183.760
20160707 12230 12300 11970 12130 107363.75 129923534.970
20160706 11850 12450 11800 12360 156239.34 189678701.170
20160705 11880 12150 11700 11920 85008.00 101125403.000
20160704 11550 11960 11550 11830 88766.20 104875420.720
20160701 11930 11970 11560 11650 71603.57 83924957.750
20160630 11750 11980 11550 11900 99221.53 117139405.140
20160629 11620 11780 11480 11700 77348.58 90035669.320
20160628 11330 11640 11310 11580 83830.13 96652098.610
20160627 11110 11450 11100 11410 50164.81 56748827.780
20160624 11260 11440 10800 11200 57560.53 64382292.570
20160623 11160 11350 11050 11270 57986.51 65133030.630
20160622 10860 11270 10800 11230 51628.78 56670787.380
20160621 11420 11520 10930 11020 60533.79 68151765.500
20160620 11520 11600 11270 11410 62528.67 71211220.360
20160617 11420 11700 11420 11630 67859.83 78601677.330
20160616 11380 11540 11160 11380 79521.75 90237123.280
20160615 10590 11350 10510 11340 76039.00 84600538.670
20160614 10800 10880 10520 10680 29319.00 31338963.000
20160613 11110 11210 10800 10800 43900.31 48531161.340
20160608 11360 11480 11180 11260 51583.00 58475363.290
20160607 11470 11620 11320 11350 63393.72 72426252.890
20160606 11540 11610 11370 11480 46520.05 53480536.280
20160603 11290 11550 11160 11550 57194.13 65153562.750
20160602 11210 11340 11080 11320 39624.92 44440535.250
20160601 10980 11440 10960 11280 95602.65 107308170.440
20160531 10600 11090 10580 10990 80812.08 88359724.100
20160530 10560 10840 10440 10640 36521.44 38994549.860
20160527 10730 10900 10610 10640 67104.87 72409298.850
20160526 10720 10910 10430 10810 71868.17 76641197.690
20160525 10790 10880 10630 10830 47355.20 51083512.160
20160524 10530 10950 10400 10830 99348.91 106277011.830
20160523 10400 10640 10280 10630 57970.04 60620199.150
20160520 10150 10590 10140 10470 40620.90 42054606.870
20160519 10060 10700 10020 10330 83601.99 86629490.460
20160518 9910 10430 9830 10150 69349.17 69995988.200
20160517 10010 10190 9840 9930 31795.44 31842700.740
20160516 9890 10200 9720 10090 36976.08 36941331.750
20160513 9910 10030 9750 9770 24641.00 24310000
20160512 9500 9930 9400 9830 38779.00 37640000
20160511 10050 10110 9750 9810 48879.00 48530000
20160510 10340 10530 9900 9980 58972.00 60150000
20160509 11000 11000 10380 10530 52326.00 55370000
20160506 12000 12000 11130 11150 71099.00 81980000
20160505 11770 12100 11680 11950 43798.00 52210000
20160504 11890 12050 11720 11790 56661.00 67430000
20160503 11620 11920 11420 11890 42539.00 50050000
20160429 11630 11880 11610 11610 35209.00 41320000
20160428 11590 11880 11270 11800 51781.00 59800000
20160427 11640 11860 11530 11590 51416.00 60020000
20160426 11040 11800 10980 11730 88449.00 101230000
20160425 11080 11130 10820 11030 27627.00 30380000
20160422 10850 11080 10800 11040 26936.00 29530000
20160421 10960 11220 10900 10960 54669.00 60540000
20160420 11600 11730 10670 11060 89999.00 100000000
20160419 11700 11740 11500 11650 34482.00 40040000
20160418 11680 11810 11450 11580 58397.00 67850000
20160415 11610 11990 11530 11790 85096.00 100150000
20160414 11320 11620 11200 11610 57213.00 65050000
20160413 11200 11510 11130 11270 98855.00 112520000
20160412 11190 11190 11000 11090 47439.00 52550000
20160411 11030 11300 10920 11190 59767.00 66630000
20160408 10800 11100 10710 10900 55059.00 60090000
20160407 11320 11390 10780 10780 71486.00 78910000
20160406 11230 11510 11120 11220 76181.00 85960000
20160405 11000 11460 10900 11380 133293.00 149130000
20160401 10500 11400 10450 11210 129561.00 140900000
20160331 10540 10940 10530 10600 96174.00 103050000
20160330 10100 10860 10100 10680 129675.00 136530000
20160329 10120 10160 9660 9870 37440.00 37180000
20160328 10090 10350 10060 10120 48681.00 49730000
20160325 10050 10130 9950 10040 27447.00 27530000
20160324 10170 10250 9960 10020 55147.00 55610000
20160323 9990 10300 9940 10250 58650.00 59330000
20160322 9970 10100 9870 9990 55722.00 55650000
20160321 9890 10030 9850 10010 58058.00 57760000
20160318 9630 9890 9560 9830 61537.00 60090000
20160317 9340 9730 9340 9600 55449.00 53020000
20160316 9340 9640 9340 9420 76409.00 72490000
20160315 9120 9280 9100 9200 37501.00 34530000
20160314 8900 9300 8900 9140 41521.00 37950000
20160311 8810 8890 8670 8810 19238.00 16890000
20160310 9080 9220 8770 8830 33559.00 30190000
20160309 9210 9210 8910 9070 24373.00 22190000
20160308 9280 9320 8710 9310 31444.00 28530000
20160307 9090 9370 9060 9220 29118.00 26860000
20160304 9300 9390 8880 9000 32886.00 30070000
20160303 9280 9480 9180 9320 47253.00 44170000
20160302 8840 9330 8810 9270 43775.00 39910000
20160301 8620 8990 8550 8870 34410.00 29980000
20160229 9150 9160 8490 8600 34841.00 30180000
20160226 9400 9440 8930 9210 35674.00 32730000
20160225 10100 10150 9130 9140 61323.00 58810000
20160224 10150 10240 9850 10140 39312.00 39520000
20160223 10200 10300 10080 10140 38591.00 39160000
20160222 10100 10260 10060 10190 50258.00 51060000
20160219 9850 10130 9840 9960 36339.00 36230000
20160218 10030 10140 9770 9820 39417.00 39200000
20160217 9810 10060 9680 10040 49441.00 48830000
20160216 9410 9970 9410 9860 46066.00 44930000
20160215 9300 9520 9120 9430 31928.00 29760000
20160205 9800 9890 9600 9600 27676.00 26870000
20160204 9400 9940 9380 9750 57051.00 55680000
20160203 9140 9490 9010 9400 33119.00 30700000
20160202 8890 9340 8810 9260 43082.00 39320000
20160201 8500 9130 8470 8930 53030.00 46700000
20160129 8320 8710 8230 8590 33891.00 28800000
20160128 8800 8870 8090 8240 30145.00 26030000
20160127 9250 9250 8230 8880 50678.00 44160000
20160126 9810 10030 9090 9090 63397.00 60810000
20160125 10210 10210 10010 10100 41749.00 42290000
20160122 10120 10310 9740 10050 39430.00 39520000
20160121 10030 10380 9940 9940 54284.00 55060000
20160120 10390 10700 10060 10190 69120.00 71650000
20160119 10140 10500 10030 10470 48795.00 50340000
20160118 9530 10240 9530 10130 42798.00 42700000
20160115 10220 10360 9900 9930 39447.00 40120000
20160114 9700 10350 9510 10250 52620.00 52550000
20160113 10340 10450 10030 10030 38924.00 39880000
20160112 10300 10600 9890 10250 47101.00 47950000
20160111 11160 11420 10400 10400 56778.00 61930000
20160108 12000 12230 11000 11560 79495.00 92400000
20160107 12550 12650 11600 11670 14647.00 17880000
20160106 12450 12980 12450 12860 50878.00 64900000
20160105 12010 12580 11500 12450 86412.00 105080000
20160104 13670 13870 12510 12540 53615.00 70570000
20151231 14180 14340 13800 13890 43389.00 61540000
20151230 14290 14340 14090 14170 45385.00 64400000
20151229 13860 14260 13420 14260 80426.00 110510000
20151228 14500 14520 13820 13820 70947.00 100360000
20151225 14390 14480 14080 14480 68235.00 97660000
20151224 14790 14870 14200 14380 62607.00 90460000
20151223 14590 14720 14450 14720 76165.00 111300000
20151222 14710 14950 14490 14610 81657.00 119500000
20151221 14180 14970 14020 14860 93029.00 134560000
20151218 14410 14530 14170 14270 65617.00 94090000
20151217 14030 14560 14010 14500 94970.00 135420000
20151216 14360 14500 13950 13950 89192.00 126770000
20151215 14230 14640 14150 14310 74469.00 107030000
20151214 13480 14380 13320 14300 94483.00 131940000
20151211 13770 14000 13360 13550 54710.00 74130000
20151210 13410 14250 13330 13870 134202.00 186360000
20151209 13550 13590 13120 13320 84663.00 112580000
20151208 13820 13980 13280 13590 102698.00 139380000
20151207 13700 14290 13620 13790 131160.00 181800000
20151204 13380 14380 13250 13860 190630.00 263630000
20151203 12310 13590 12310 13590 217778.00 290980000
20151202 12860 12860 11700 12350 142163.00 175870000
20151201 11710 12870 11610 12870 213404.00 271940000
20151130 11610 11940 10910 11700 99248.00 113430000
20151127 12600 12900 11500 11600 137647.00 168100000
20151126 12500 13000 12430 12620 99082.00 125940000
20151125 12120 12550 12100 12470 100414.00 124630000
20151124 12070 12100 11760 12070 78332.00 93400000
20151123 11880 12350 11880 12070 89595.00 109050000
20151120 12040 12220 12000 12130 64269.00 77820000
20151119 11760 12090 11760 12060 58258.00 69330000
20151118 12270 12330 11710 11760 86450.00 104350000
20151117 12530 12630 12140 12250 100626.00 124120000
20151116 11680 12500 11650 12300 125613.00 153220000
20151113 11500 12250 11390 11990 156571.00 186260000
20151112 11680 11750 11270 11710 104581.00 120310000
20151111 11300 11740 11250 11660 112019.00 128760000
20151110 11290 11530 11200 11320 87058.00 98790000
20151109 11100 11510 11000 11410 116238.00 131080000
20151106 10870 11400 10850 11270 108369.00 121530000
20151105 11040 11550 10800 10950 163443.00 182030000
20151104 10580 11060 10530 11030 141298.00 153620000
20151103 10200 10700 10100 10600 123102.00 128350000
20151102 10080 10450 9890 10150 77837.00 79450000
20151030 10310 10480 10000 10220 87677.00 90080000
20151029 10400 10540 10170 10390 87704.00 91050000
20151028 10700 10980 10260 10340 117028.00 124590000
20151027 10690 10830 10150 10800 128828.00 134900000
20151026 10900 11180 10510 10780 183043.00 198580000
20151023 10360 10830 10080 10800 207056.00 215410000
20151022 10300 10460 9600 10240 238775.00 243270000
20151021 10060 10930 9850 10100 277285.00 288860000
20151020 9820 10070 9800 10040 75320.00 75050000
20151019 10000 10090 9720 9850 106168.00 104830000
20151016 9950 10280 9820 10010 112879.00 112880000
20151015 9440 9780 9360 9760 84756.00 81540000
20151014 9580 9750 9450 9450 71716.00 68740000
20151013 9500 9750 9430 9640 65146.00 62640000
20151012 9240 9780 9200 9630 115225.00 109470000
20151009 9050 9450 8880 9310 99925.00 90980000
20151008 8970 9110 8820 9010 71080.00 63890000
20150930 8620 8770 8500 8690 42847.00 37130000
20150929 8440 8680 8340 8620 46078.00 39300000
20150928 8450 8710 8350 8580 43199.00 36980000
20150925 8750 8920 8360 8450 51705.00 44480000
20150924 8680 8880 8590 8830 52231.00 45610000
20150923 8760 8940 8520 8590 79790.00 69550000
20150922 8580 9300 8480 9000 127829.00 112760000
20150921 7980 8590 7890 8500 74988.00 62120000
20150918 8000 8430 8000 8200 66106.00 54190000
20150917 8050 8320 7820 7840 71226.00 57580000
20150916 7430 8100 7400 8090 85565.00 65980000
20150915 7930 8080 7360 7360 70974.00 54440000
20150914 9100 9260 8180 8180 70720.00 60640000
20150911 9020 9130 8670 9090 60577.00 54230000
20150910 9140 9280 9000 9020 74220.00 67720000
20150909 9100 9470 9010 9360 141892.00 130730000
20150908 8590 9170 8140 9050 88906.00 76690000
20150907 9450 9960 8600 8700 188125.00 174700000
20150902 8380 9930 8380 9500 209031.00 200730000
20150901 8720 9180 8110 9030 111008.00 96700000
20150831 9200 9200 8750 8800 69275.00 62200000
20150828 8680 9290 8680 9280 99005.00 88900000
20150827 8740 8900 7850 8650 91992.00 77920000
20150826 9050 9350 8200 8400 98613.00 87970000
20150825 9020 9300 8890 8890 96208.00 86380000
20150824 10650 10700 9880 9880 70761.00 71000000
20150821 11490 11660 10650 10980 116258.00 130540000
20150820 12010 12530 11560 11670 109418.00 132230000
20150819 11280 12480 10800 12220 144154.00 168890000
20150818 13130 13550 11880 11880 243326.00 311860000
20150817 12200 13560 11920 13200 203497.00 257360000
20150814 12320 12990 12310 12500 268219.00 339150000
20150813 11380 12640 11300 12490 246742.00 296830000
20150812 10950 11700 10860 11490 155329.00 175970000
20150811 11030 11290 10930 11090 106245.00 118240000
20150810 10800 11250 10570 11110 102227.00 112410000
20150807 10190 10690 10190 10640 80928.00 84560000
20150806 9820 10240 9570 10160 75750.00 76230000
20150805 9970 10300 9780 9980 87582.00 88400000
20150804 9380 10060 9300 10060 75624.00 72760000
20150803 10010 10160 9090 9180 81901.00 77330000
20150731 10020 10450 10000 10100 65295.00 66490000
20150730 10690 10970 10250 10300 90678.00 97290000
20150729 10430 10800 9800 10800 90542.00 93120000
20150728 9600 10580 9410 10200 132161.00 131790000
20150727 11190 11590 10400 10400 141734.00 156100000
20150724 11750 12350 11020 11560 167081.00 199070000
20150723 11410 11880 11200 11760 122144.00 141550000
20150722 11000 11550 10820 11470 125081.00 141000000
20150721 10740 11250 10580 11040 82297.00 90310000
20150720 10930 11300 10680 10970 114988.00 126810000
20150717 10290 11100 10260 10940 108007.00 116260000
20150716 9000 10690 9000 10260 127742.00 127790000
20150715 10680 11020 9990 9990 138956.00 143490000
20150714 11200 11610 10500 11100 201066.00 224030000
20150713 10340 10780 10100 10780 132073.00 140290000
20150710 9600 9800 9210 9800 63332.00 61380000
20150709 7500 8910 7500 8910 107481.00 92270000
20150708 8100 8500 8100 8100 241802.00 196590000
20150707 9510 9800 9000 9000 86148.00 79670000
20150706 11700 11700 9580 10000 158450.00 168590000
20150703 11200 12100 10350 10640 118284.00 130240000
20150702 12500 12890 11250 11460 144891.00 173910000
20150701 13040 13760 12210 12500 132181.00 175780000
20150630 11900 13010 10910 13010 139437.00 167700000
20150629 13400 13690 11820 11830 138075.00 173210000
20150626 14050 14180 13130 13130 95582.00 129150000
20150625 15200 15470 14420 14590 101870.00 153980000
20150624 14750 15200 14610 15170 104212.00 156000000
20150623 15010 15390 13710 14720 102512.00 149470000
20150619 16200 16700 15160 15160 98246.00 154430000
20150618 17130 17710 16700 16840 121372.00 209610000
20150617 16620 17260 16010 17230 120648.00 199950000
20150616 18000 18000 16520 16700 146218.00 250650000
20150615 18450 19000 17990 18110 125916.00 232450000
20150612 18280 19400 17700 18380 186157.00 345090000
20150611 17140 18300 17080 18190 169671.00 300120000
20150610 16900 17450 16610 17240 128596.00 220370000
20150609 16710 17540 16660 17030 143490.00 245540000
20150608 17740 17750 16380 16850 194874.00 330850000
20150605 17810 18050 17020 17780 165424.00 292930000
20150604 17900 18380 16210 17500 177244.00 305890000
20150603 18400 19150 16880 18010 221504.00 402070000
20150602 16060 17670 15800 17670 188423.00 314100000
20150601 14930 16190 14930 16060 152826.00 242150000
20150529 14600 15400 13980 15110 183752.00 272320000
20150528 16280 16290 14660 14700 201735.00 318280000
20150527 16400 16700 15640 16260 238500.00 387640000
20150526 15800 16890 15800 16770 331924.00 548830000
20150525 13940 15350 13750 15350 194031.00 284650000
20150522 13990 14320 13610 13950 194401.00 272120000
20150521 12910 13700 12910 13600 174466.00 233450000
20150520 13010 13880 12860 12900 229206.00 308050000
20150519 12600 13200 12600 13060 187772.00 241460000
20150518 11920 12700 11920 12580 166901.00 206120000
20150515 12350 12420 11910 12020 129072.00 156120000
20150514 12350 12650 12050 12440 159338.00 196890000
20150513 11880 12880 11720 12330 255805.00 317080000
20150512 11900 11920 11580 11920 178370.00 209700000
20150511 11700 11970 11530 11900 227094.00 267680000
20150508 11350 11640 11200 11640 130317.00 148860000
20150507 11130 11410 11010 11150 124691.00 139640000
20150506 11750 11870 11100 11120 161917.00 186690000
20150505 11450 11980 11310 11820 217791.00 252520000
20150504 11660 11790 11430 11480 217439.00 251120000
20150430 12200 12490 11780 11790 374181.00 450800000
20150429 12120 12120 11570 12120 341806.00 408240000
20150428 11020 11020 11020 11020 3977.00 4380000
20150427 10020 10020 10020 10020 5456.00 5460000
20150114 8900 9130 8850 9110 63596.00 57290000
20150113 8650 8860 8600 8860 30238.00 26520000
20150112 8800 8860 8660 8660 34291.00 29970000
20150109 8900 9020 8870 8870 27739.00 24830000
20150108 8910 9060 8860 8930 33046.00 29630000
20150107 9050 9060 8880 8960 36748.00 32920000
20150106 8800 9070 8680 9050 72242.00 64400000
20150105 8760 8890 8730 8850 41582.00 36660000
20141231 8630 8750 8540 8670 31804.00 27450000
20141230 8800 9010 8600 8620 49631.00 43650000
20141229 8930 9110 8700 8850 61888.00 54670000
20141226 8890 9050 8730 8930 51575.00 45760000
20141225 8750 8890 8720 8850 38006.00 33400000
20141224 8570 8770 8570 8740 31557.00 27450000
20141223 8540 8820 8500 8570 45354.00 39190000
20141222 9170 9200 8480 8590 74519.00 65070000
20141219 9550 9550 9050 9160 96092.00 88190000
20141218 9830 9830 9550 9590 69858.00 67560000
20141217 9530 9940 9430 9830 157821.00 153380000
20141216 9460 9620 9350 9570 71466.00 67820000
20141215 9420 9480 9310 9480 58141.00 54710000
20141212 9340 9480 9250 9450 63628.00 59530000
20141211 9240 9470 9120 9320 59893.00 55750000
20141210 8900 9260 8900 9240 62244.00 56810000
20141209 9310 9310 8830 8840 107578.00 97970000
20141208 9490 9540 9200 9340 89597.00 83980000
20141205 10020 10020 9250 9530 116249.00 111800000
20141204 9950 10280 9900 10090 125368.00 126880000
20141203 9680 9920 9630 9900 113322.00 110870000
20141202 9520 9760 9510 9650 77069.00 74690000
20141201 9610 9690 9500 9520 70669.00 67710000
20141128 9850 9890 9580 9660 102856.00 99720000
20141127 9860 9980 9790 9850 85000.00 83990000
20141126 10070 10080 9840 9920 66251.00 65820000
20141125 9840 10050 9840 10010 59362.00 59050000
20141124 9780 9900 9780 9840 59228.00 58200000
20141121 9710 9930 9650 9760 65299.00 64000000
20141120 9610 9770 9610 9700 39208.00 37960000
20141119 9750 9800 9580 9750 43998.00 42780000
20141118 9740 9920 9570 9720 70591.00 68970000
20141117 9370 9870 9350 9740 86388.00 83700000
20141114 9250 9470 9240 9410 44046.00 41250000
20141113 9700 9710 9300 9330 99922.00 93980000
20141112 9620 9760 9520 9730 60677.00 58600000
20141111 10340 10360 9430 9640 131417.00 129730000
20141110 10190 10370 10190 10370 57601.00 59120000
20141107 10500 10670 10230 10270 90911.00 95160000
20141106 10500 10540 10280 10540 78095.00 81320000
20141105 10370 10520 10230 10460 82394.00 85820000
20141104 10370 10500 10100 10390 131527.00 135830000
20141103 10840 11000 10380 10380 320505.00 341590000
20141031 10500 10840 10490 10840 158203.00 168820000
20141030 10460 10780 10400 10570 133296.00 141060000
20141029 10090 10700 9920 10570 196152.00 202320000
20141028 9770 10050 9730 10000 73999.00 73440000
20141027 9430 9780 9400 9720 63772.00 61400000
20141024 9660 9780 9390 9430 83103.00 79050000
20141023 9800 9900 9620 9680 86386.00 84160000
20141022 10450 10450 9910 9910 134151.00 137000000
20141021 10180 10520 10100 10490 162828.00 168370000
20141020 10130 10510 10110 10180 137040.00 140520000
20141017 9750 10090 9420 10080 117293.00 113960000
20141016 9950 10170 9780 9780 129800.00 129780000
20141015 9500 10190 9320 10000 164663.00 161000000
20141014 9550 9690 9460 9530 79682.00 76340000
20141013 9500 9580 9290 9570 83898.00 78850000
20141010 9650 9740 9490 9540 80914.00 77790000
20141009 9480 9750 9460 9700 129738.00 124920000
20141008 9500 9540 9300 9520 82894.00 78040000
20140930 9490 9540 9420 9500 57311.00 54290000
20140929 9360 9640 9270 9490 125379.00 118770000
20140926 9210 9390 9160 9310 73657.00 68510000
20140925 9320 9370 9130 9200 96370.00 89120000
20140924 9010 9360 8960 9290 136476.00 125980000
20140923 8800 9040 8790 9030 70934.00 63330000
20140922 9000 9010 8710 8790 66651.00 58830000
20140919 8910 9020 8850 9010 59097.00 52820000
20140918 8800 8910 8720 8900 56950.00 50430000
20140917 8760 8850 8660 8820 68480.00 59880000
20140916 9200 9230 8710 8730 117426.00 105170000
20140915 9090 9240 9080 9170 78569.00 72000000
20140912 9040 9160 8950 9120 73653.00 66710000
20140911 9100 9270 8910 9020 123947.00 112380000
20140910 8880 9210 8770 9090 163919.00 148000000
20140909 8860 8920 8730 8900 81516.00 71950000
20140905 8790 8960 8770 8860 104911.00 92980000
20140904 8670 8890 8670 8780 99964.00 87980000
20140903 8670 8730 8590 8710 84257.00 73060000
20140902 8560 8710 8530 8680 87813.00 75900000
20140901 8450 8560 8450 8530 67504.00 57460000
20140829 8390 8460 8260 8430 48467.00 40510000
20140828 8520 8570 8370 8400 40539.00 34280000
20140827 8400 8500 8360 8460 44127.00 37210000
20140826 8700 8760 8350 8420 75701.00 64580000
20140825 8930 8950 8670 8700 78552.00 68810000
20140822 8780 8970 8720 8920 110316.00 97740000
20140821 8670 8940 8600 8870 136848.00 120550000
20140820 8560 8860 8510 8690 172809.00 151060000
20140819 8530 8600 8450 8550 80263.00 68350000
20140818 8380 8550 8350 8540 94927.00 80520000
20140815 8290 8390 8270 8370 53218.00 44360000
20140814 8420 8450 8270 8290 72710.00 60800000
20140813 8520 8550 8360 8420 76939.00 64900000
20140812 8490 8600 8400 8550 84624.00 72050000
20140811 8480 8490 8300 8470 78968.00 66480000
20140808 8410 8450 8290 8390 50344.00 42080000
20140807 8470 8660 8370 8390 76149.00 64670000
20140806 8480 8520 8390 8510 65851.00 55640000
20140805 8250 8550 8210 8520 144081.00 121890000
20140804 8160 8280 8160 8260 52208.00 42970000
20140801 8330 8360 8150 8160 62901.00 51990000
20140731 8290 8430 8260 8330 67122.00 55860000
20140730 8130 8350 8110 8330 104943.00 86610000
20140729 8170 8210 8120 8160 69403.00 56650000
20140728 8070 8180 8060 8170 63826.00 51920000
20140725 7920 8060 7890 8050 41546.00 33220000
20140724 7990 8010 7800 7920 39148.00 30900000
20140723 8000 8060 7830 7940 42790.00 33980000
20140722 7850 8010 7840 8000 31760.00 25270000
20140721 7950 7950 7840 7840 29678.00 23400000
20140718 7920 8010 7900 7920 29186.00 23210000
20140717 8090 8090 7890 7960 35130.00 28000000
20140716 8180 8220 8050 8090 40136.00 32580000
20140715 8200 8230 8070 8170 59231.00 48160000
20140714 8000 8200 7960 8200 73171.00 59470000
20140711 7870 8010 7830 8000 36298.00 28880000
20140710 7950 7970 7830 7870 42287.00 33440000
20140709 8030 8100 7900 7950 46753.00 37380000
20140708 7900 8100 7880 8060 55630.00 44580000
20140707 7950 8040 7850 8030 62095.00 49220000
20140704 8100 8100 7980 8010 59434.00 47860000
20140703 8390 8450 8250 8250 93927.00 78070000
20140702 8250 8450 8240 8450 90069.00 75250000
20140701 8360 8380 8200 8260 68626.00 56700000
20140630 8300 8400 8280 8350 61668.00 51380000
20140627 8400 8470 8280 8310 81587.00 68240000
20140626 8420 8500 8270 8400 119890.00 100290000
20140625 8620 8620 8300 8400 98930.00 83110000
20140624 8390 8600 8290 8550 140465.00 118510000
20140623 8260 8420 8220 8390 115735.00 96100000
20140620 7990 8320 7960 8290 113630.00 93100000
20140619 8130 8340 7850 8020 102716.00 83680000
20140618 8140 8210 8040 8170 60862.00 49360000
20140617 8220 8330 8120 8170 77667.00 63840000
20140616 8100 8190 8020 8170 65401.00 53050000
20140613 8000 8130 7930 8080 52320.00 42080000
20140612 8180 8180 8000 8010 64023.00 51470000
20140611 8100 8330 8050 8190 101019.00 82920000
20140610 7910 8120 7900 8050 74499.00 59890000
20140609 7810 8080 7780 7900 82848.00 66030000
20140606 8000 8010 7830 7870 92767.00 73320000
20140605 8060 8460 7970 8050 221714.00 180230000
20140604 7470 7820 7460 7780 101658.00 78270000
20140603 7480 7600 7450 7500 32549.00 24570000
20140530 7520 7550 7400 7440 29834.00 22260000
20140529 7680 7690 7520 7520 33622.00 25530000
20140528 7530 7710 7520 7670 51026.00 39020000
20140527 7570 7600 7480 7520 26492.00 19940000
20140526 7520 7640 7480 7600 32021.00 24180000
20140523 7320 7540 7320 7520 29401.00 21890000
20140522 7370 7480 7330 7340 27459.00 20340000
20140521 7340 7390 7260 7380 21996.00 16100000
20140520 7360 7440 7310 7350 14678.00 10800000
20140519 7350 7400 7250 7320 19960.00 14580000
20140516 7350 7450 7300 7400 22552.00 16610000
20140515 7650 7740 7390 7400 34587.00 26130000
20140514 7590 7720 7550 7660 31825.00 24280000
20140513 7600 7650 7520 7570 28939.00 21920000
20140512 7420 7630 7390 7610 43108.00 32490000
20140509 7370 7420 7230 7350 22713.00 16650000
20140508 7340 7510 7310 7370 28431.00 21100000
20140507 7580 7580 7310 7350 29388.00 21900000
20140506 7530 7670 7470 7590 35585.00 26970000
20140505 7410 7550 7310 7530 27798.00 20670000
20140430 7360 7440 7340 7430 23007.00 17020000
20140429 7250 7400 7240 7380 30754.00 22510000
20140428 7390 7470 7220 7260 39173.00 28610000
20140425 7660 7720 7440 7460 48373.00 36570000
20140424 7910 7950 7650 7650 70916.00 55060000
20140423 7940 8030 7870 7950 34642.00 27510000
20140422 7870 8050 7840 7920 47456.00 37580000
20140421 7960 8140 7900 7900 57878.00 46470000
20140418 7990 8110 7890 8050 63248.00 50640000
20140417 8020 8040 7960 7970 40215.00 32140000
20140416 7950 8030 7860 8030 48219.00 38380000
20140415 8000 8070 7940 7960 46198.00 36940000
20140414 7940 8050 7870 8030 56420.00 45090000
20140411 8280 8280 7830 7940 145999.00 116410000
20140410 8330 8420 8230 8310 95581.00 79530000
20140409 8180 8470 8140 8360 120900.00 100830000
20140408 8220 8260 8080 8210 92644.00 75650000
20140404 8150 8340 8130 8300 90460.00 74430000
20140403 8060 8220 8030 8210 76337.00 61880000
20140402 8270 8290 8040 8080 91713.00 74630000
20140401 8190 8280 8050 8260 81537.00 66700000
20140331 8210 8240 8030 8190 82192.00 66890000
20140328 8530 8650 8070 8090 190331.00 158340000
20140327 8910 8980 8600 8610 156897.00 137920000
20140326 8890 9100 8790 8990 161554.00 144690000
20140325 9170 9180 8800 8930 240043.00 215410000
20140324 9250 9670 9150 9370 295789.00 277640000
20140321 9200 9460 8970 9310 327093.00 300850000
20140320 9110 10180 9030 9590 621284.00 594630000
20140319 9530 9530 9000 9370 684892.00 646370000
20140318 7840 8660 7800 8660 202514.00 170210000
20140317 7560 8000 7450 7870 100381.00 77310000
20140314 7600 7650 7470 7570 47265.00 35720000
20140313 7550 7710 7510 7700 69905.00 53240000
20140312 7770 7770 7380 7660 105734.00 79970000
20140311 7710 8090 7570 7790 172662.00 135710000
20140310 7410 8180 7360 7880 239075.00 185890000
20140307 7660 7700 7410 7500 79967.00 60470000
20140306 7570 7800 7480 7670 130510.00 99630000
20140305 7390 7920 7350 7620 182672.00 139610000
20140304 7360 7420 7240 7370 48489.00 35580000
20140303 7230 7430 7200 7410 59982.00 44030000
20140228 7010 7250 6940 7240 48739.00 34570000
20140227 7080 7280 7020 7040 41717.00 29780000
20140226 7000 7140 6850 7110 43154.00 30170000
20140225 7430 7520 6970 7050 83186.00 60660000
20140224 7180 7470 7140 7440 85747.00 62960000
20140221 7110 7250 7060 7170 38355.00 27460000
20140220 7300 7320 7100 7110 62182.00 44690000
20140219 7380 7470 7250 7300 64484.00 47400000
20140218 7330 7420 7260 7350 67582.00 49550000
20140217 7250 7400 7230 7370 67134.00 49190000
20140214 7160 7240 7110 7240 48997.00 35190000
20140213 7280 7320 7120 7130 60793.00 44000000
20140212 7140 7280 7080 7270 63732.00 45920000
20140211 7180 7280 7090 7110 60846.00 43550000
20140210 7030 7190 7030 7160 63891.00 45510000
20140207 6790 7070 6740 7040 42211.00 29420000
20140130 6910 6950 6830 6840 21733.00 14960000
20140129 6910 6940 6840 6930 30831.00 21280000
20140128 6890 6940 6800 6890 18819.00 12900000
20140127 6870 6970 6810 6860 34421.00 23750000
20140124 6840 6910 6800 6880 34310.00 23580000
20140123 6810 6860 6790 6820 29924.00 20440000
20140122 6700 6840 6660 6810 34857.00 23640000
20140121 6490 6720 6490 6700 25236.00 16760000
20140120 6560 6640 6490 6510 15355.00 10050000
20140117 6690 6740 6530 6560 18909.00 12520000
20140116 6710 6740 6650 6670 18623.00 12450000
20140115 6670 6710 6620 6690 17812.00 11850000
20140114 6530 6680 6520 6660 22191.00 14670000
20140113 6490 6630 6400 6510 28678.00 18610000
20140110 6820 6850 6560 6560 38216.00 25450000
20140109 6950 7050 6830 6830 46588.00 32360000
20140108 6720 7090 6720 6990 73691.00 51140000
20140107 6650 6710 6550 6700 16092.00 10700000
20140106 6850 6850 6620 6640 20668.00 13850000
20140103 6850 6880 6780 6840 21668.00 14780000
20140102 6720 6880 6720 6870 24353.00 16610000
20131231 6760 6860 6720 6780 24134.00 16370000
20131230 6690 6810 6630 6780 28868.00 19460000
20131227 6550 6730 6520 6640 31053.00 20680000
20131226 6780 6800 6570 6590 26066.00 17460000
20131225 6720 6780 6630 6780 24325.00 16360000
20131224 6770 6860 6600 6700 20280.00 13710000
20131223 6750 6850 6540 6750 18979.00 12780000
20131220 7000 7030 6720 6760 34641.00 23640000
20131219 7170 7170 6960 6970 35259.00 24850000
20131218 7060 7170 7020 7110 36967.00 26290000
20131217 6990 7120 6960 7040 43450.00 30680000
20131216 7010 7140 6920 6950 41010.00 28870000
20131213 6850 7030 6780 7010 36481.00 25370000
20131212 6920 6970 6870 6900 29688.00 20530000
20131211 7040 7040 6800 6920 50579.00 34810000
20131210 7110 7150 7030 7030 38366.00 27190000
20131209 7040 7110 6970 7100 40777.00 28710000
20131206 7020 7090 6930 7000 40409.00 28320000
20131205 6980 7120 6940 7030 48547.00 34230000
20131204 6930 7080 6890 7010 56123.00 39400000
20131203 6700 6920 6680 6920 58253.00 39820000
20131202 7290 7300 6750 6770 123747.00 86840000
20131129 7270 7550 7220 7500 106622.00 79480000
20131128 7420 7460 7260 7280 80358.00 59130000
20131127 7220 7470 7210 7420 84695.00 62210000
20131126 7220 7310 7140 7280 65436.00 47260000
20131125 7420 7470 7180 7210 86005.00 62870000
20131122 7350 7470 7280 7450 89245.00 65910000
20131121 7460 7470 7280 7340 99107.00 72760000
20131120 7600 7640 7400 7540 122361.00 91760000
20131119 7520 7680 7410 7630 182592.00 137860000
20131118 7550 7660 7390 7510 260175.00 195380000
20131115 6790 7500 6780 7500 317777.00 233980000
20131114 6680 6840 6650 6820 45593.00 30810000
20131113 7000 7000 6720 6730 78887.00 54020000
20131112 7130 7170 6930 7090 90196.00 63440000
20131111 6950 7250 6880 7170 131296.00 93400000
20131108 6970 7210 6930 6980 150932.00 106710000
20131107 6740 7390 6730 7040 210111.00 149780000
20131106 6790 6940 6790 6870 44825.00 30800000
20131105 6750 6910 6700 6910 50970.00 34820000
20131104 6560 6820 6480 6790 49392.00 33040000
20131101 6520 6550 6450 6530 22791.00 14800000
20131031 6510 6540 6370 6530 38710.00 24950000
20131030 6410 6540 6350 6510 46389.00 30090000
20131029 6730 6820 6140 6460 71837.00 46300000
20131028 6760 6890 6700 6730 39672.00 26900000
20131025 6860 6990 6730 6790 51253.00 35120000
20131024 6810 7000 6710 6860 54199.00 37240000
20131023 7050 7090 6740 6830 91360.00 62950000
20131022 7070 7340 6980 7100 128679.00 92430000
20131021 6860 7170 6800 7100 123745.00 87430000
20131018 6850 6930 6720 6900 55743.00 38050000
20131017 6800 7070 6770 6880 127576.00 88470000
20131016 6880 6880 6680 6760 70771.00 48070000
20131015 6760 6980 6720 6940 112418.00 77080000
20131014 6700 6800 6630 6790 57000.00 38260000
20131011 6630 6770 6610 6700 44867.00 29990000
20131010 6770 6800 6560 6620 82608.00 55050000
20131009 6490 6870 6450 6710 123638.00 82970000
20131008 6430 6520 6370 6500 29970.00 19300000
20130930 6500 6500 6370 6400 15354.00 9840000
20130927 6370 6410 6320 6390 19011.00 12110000
20130926 6400 6470 6350 6360 25280.00 16210000
20130925 6460 6510 6420 6420 22356.00 14440000
20130924 6550 6570 6420 6460 30320.00 19620000
20130923 6440 6590 6440 6560 35464.00 23160000
20130918 6350 6440 6300 6440 24072.00 15320000
20130917 6550 6570 6340 6350 32079.00 20720000
20130916 6640 6660 6530 6570 32987.00 21650000
20130913 6550 6680 6540 6630 53647.00 35520000
20130912 6530 6590 6510 6550 35158.00 23040000
20130911 6670 6680 6500 6560 47555.00 31210000
20130910 6540 6610 6480 6600 51330.00 33690000
20130909 6470 6550 6430 6530 45706.00 29730000
20130906 6520 6530 6410 6440 32225.00 20810000
20130905 6470 6550 6430 6520 39616.00 25780000
20130904 6460 6490 6410 6470 25336.00 16340000
20130903 6360 6470 6360 6460 27911.00 17950000
20130902 6260 6360 6250 6360 21455.00 13530000
20130830 6430 6430 6260 6290 39787.00 25230000
20130829 6400 6510 6390 6430 27378.00 17620000
20130828 6460 6480 6380 6410 38017.00 24450000
20130827 6540 6560 6460 6530 30170.00 19640000
20130826 6320 6560 6270 6540 39638.00 25510000
20130823 6460 6460 6240 6320 34768.00 22090000
20130822 6440 6500 6420 6430 26781.00 17290000
20130821 6350 6460 6300 6450 27615.00 17620000
20130820 6370 6440 6280 6350 27343.00 17390000
20130819 6250 6400 6210 6380 29287.00 18490000
20130816 6420 6600 6290 6290 41479.00 26690000
20130815 6640 6670 6420 6450 46031.00 30050000
20130814 6660 6720 6580 6650 49834.00 33140000
20130813 6670 6680 6600 6680 48497.00 32170000
20130812 6700 6750 6560 6700 85573.00 56790000
20130809 6470 6880 6450 6660 102807.00 68640000
20130808 6380 6530 6310 6410 40786.00 26240000
20130807 6520 6530 6310 6340 54323.00 34730000
20130806 6550 6580 6450 6500 48800.00 31810000
20130805 6460 6570 6350 6550 45636.00 29580000
20130802 6510 6700 6420 6450 111182.00 72920000
20130801 6090 6710 6090 6600 140311.00 90580000
20130731 6040 6200 6020 6100 38185.00 23380000
20130730 6000 6050 5870 6010 21630.00 12950000
20130729 6100 6130 5960 6000 27893.00 16810000
20130726 6000 6160 6000 6140 27924.00 17010000
20130725 6180 6200 6040 6060 40590.00 24830000
20130724 6090 6220 6000 6180 55626.00 34000000
20130723 5960 6150 5950 6120 39952.00 24310000
20130722 5790 5980 5710 5980 24155.00 14150000
20130719 5980 6060 5820 5820 34990.00 20830000
20130718 6070 6070 5960 5990 32586.00 19580000
20130717 6230 6230 6010 6070 38503.00 23580000
20130716 6120 6250 6090 6230 41930.00 25950000
20130715 6090 6170 6050 6120 32086.00 19640000
20130712 6100 6150 6030 6030 43176.00 26270000
20130711 5850 6190 5840 6120 54088.00 32680000
20130710 5680 5860 5650 5850 25562.00 14760000
20130709 5670 5740 5570 5680 19867.00 11260000
20130708 6000 6000 5670 5670 43337.00 25140000
20130705 6060 6210 6050 6090 42687.00 26120000
20130704 5980 6100 5880 6060 41436.00 24910000
20130703 6050 6100 5800 5990 39386.00 23460000
20130702 6050 6120 6000 6100 33769.00 20480000
20130701 5840 6100 5760 6050 31376.00 18620000
20130628 5900 6090 5740 5850 41218.00 24330000
20130627 6160 6380 5970 5980 58282.00 36030000
20130626 6050 6170 5980 6150 38295.00 23310000
20130625 6010 6130 5480 6080 62717.00 36660000
20130624 6540 6540 5950 6060 43568.00 27170000
20130621 6200 6600 6200 6540 47889.00 30760000
20130620 6610 6660 6330 6380 44907.00 29370000
20130619 6810 6820 6510 6660 62156.00 41100000
20130618 6920 6960 6770 6850 58794.00 40350000
20130617 6880 6950 6710 6910 61883.00 42200000
20130614 6760 6910 6760 6860 75595.00 51710000
20130613 7380 7400 6900 6900 96465.00 67380000
20130607 7750 7980 7510 7670 162806.00 124980000
20130606 7900 8060 7540 7750 150551.00 116900000
20130605 7740 7960 7630 7940 213630.00 167740000
20130604 7600 7710 7410 7670 97934.00 74190000
20130603 7340 7690 7270 7650 156925.00 117950000
20130531 7440 7450 7300 7350 62754.00 46250000
20130530 7320 7460 7300 7420 53401.00 39430000
20130529 7440 7540 7360 7390 59029.00 43820000
20130528 7430 7480 7280 7450 72693.00 53640000
20130527 7310 7540 7200 7410 102938.00 76280000
20130524 7070 7330 7070 7320 120445.00 86690000
20130523 7060 7180 6950 6970 74024.00 52340000
20130522 7180 7270 7050 7130 83888.00 60050000
20130521 7100 7240 7030 7170 98960.00 70600000
20130520 6940 7110 6920 7100 89907.00 63520000
20130517 6920 6960 6800 6950 73717.00 50830000
20130516 6900 6950 6770 6930 84771.00 58300000
20130515 6650 6940 6640 6910 88894.00 60590000
20130514 6730 6770 6580 6630 51130.00 33910000
20130513 6840 6900 6670 6780 49928.00 33680000
20130510 6800 6900 6740 6850 68464.00 46730000
20130509 6920 7040 6830 6930 55299.00 38320000
20130508 6930 6970 6860 6950 48019.00 33210000
20130507 6850 6980 6810 6930 45027.00 31070000
20130506 6800 6920 6780 6850 33995.00 23270000
20130503 6690 6870 6630 6800 46131.00 31370000
20130502 6570 6670 6500 6640 23558.00 15520000
20130426 6770 6830 6550 6560 44404.00 29650000
20130425 6950 6970 6750 6750 62045.00 42510000
20130424 6900 7100 6900 7010 52694.00 36960000
20130423 7160 7200 6870 6900 72229.00 50670000
20130422 7350 7350 7070 7210 100753.00 72310000
20130419 7360 7510 7320 7470 76680.00 57040000
20130418 7100 7440 7100 7390 82682.00 60670000
20130417 7150 7250 7060 7200 43073.00 30840000
20130416 6930 7190 6880 7160 45219.00 31910000
20130415 7120 7210 7020 7080 38293.00 27200000
20130412 7300 7390 7110 7140 46257.00 33560000
20130411 7300 7390 7210 7340 54979.00 40190000
20130410 7410 7420 7150 7250 62096.00 45050000
20130409 7340 7550 7340 7440 62164.00 46330000
20130408 7230 7410 7020 7400 72158.00 51970000
20130403 7670 7740 7280 7420 99654.00 74050000
20130402 7950 8080 7700 7720 96252.00 75860000
20130401 7710 8030 7620 8030 122167.00 96090000
20130329 7880 8050 7700 7760 94091.00 74370000
20130328 8000 8000 7700 7880 111970.00 88030000
20130327 8250 8440 8040 8100 159078.00 130830000
20130326 8340 8420 8200 8320 140190.00 116340000
20130325 8510 8770 8320 8460 204534.00 174350000
20130322 8500 8660 8330 8550 219994.00 187080000
20130321 8020 8830 8010 8650 357183.00 302330000
20130320 7770 8570 7700 8130 303246.00 248860000
20130319 7850 7890 7610 7820 142706.00 110620000
20130318 7500 8070 7330 7960 264951.00 204670000
20130315 7600 8080 7570 7640 247328.00 193910000
20130314 7850 8000 7720 7750 271275.00 213120000
20130313 7800 8260 7800 8150 591589.00 474120000
20130312 7550 7550 7550 7550 92466.00 69810000
20130311 6840 6890 6750 6860 25025.00 17130000
20130308 6810 6940 6740 6840 37042.00 25330000
20130307 6900 6960 6720 6790 45748.00 31320000
20130306 6810 6940 6800 6910 50542.00 34760000
20130305 6740 6870 6620 6830 40034.00 27090000
20130304 7130 7130 6600 6710 85741.00 58930000
20130301 7180 7230 7070 7180 66852.00 47670000
20130228 7120 7220 7050 7180 52843.00 37780000
20130227 7180 7310 7030 7070 76415.00 54490000
20130226 7400 7440 7210 7220 93352.00 68470000
20130225 7430 7570 7300 7490 108704.00 80950000
20130222 7250 7450 7150 7340 107396.00 78910000
20130221 7260 7330 7100 7250 96319.00 69500000
20130220 7010 7350 7010 7310 92365.00 66510000
20130219 7190 7270 7050 7100 75529.00 53840000
20130218 7060 7550 7020 7260 139521.00 101540000
20130208 6960 7110 6960 7050 50120.00 35270000
20130207 7100 7160 6980 7020 57527.00 40450000
20130206 7000 7190 6990 7100 103984.00 73910000
20130205 6900 6980 6820 6950 53824.00 37140000
20130204 6990 7140 6760 6990 106164.00 73760000
20130201 6870 7050 6800 6960 100255.00 69880000
20130131 6830 6880 6740 6870 50672.00 34490000
20130130 6930 6990 6760 6840 49301.00 33840000
20130129 6890 6990 6820 6930 67318.00 46530000
20130128 6620 6800 6600 6780 48093.00 32380000
20130125 6850 6850 6600 6630 54391.00 36540000
20130124 6700 7030 6670 6870 114867.00 78590000
20130123 6710 6850 6550 6690 52873.00 35370000
20130122 7050 7050 6700 6780 71217.00 48830000
20130121 6860 7050 6830 7030 95160.00 66020000
20130118 6820 6950 6720 6890 63996.00 43720000
20130117 6770 7050 6770 6830 116444.00 80570000
20130116 6870 6960 6700 6870 119573.00 81720000
20130115 7050 7170 6800 7000 259686.00 181210000
20130114 6200 6850 6190 6850 146306.00 96800000
20130111 6350 6440 6200 6230 69184.00 43810000
20130110 6380 6460 6300 6410 63999.00 40740000
20130109 6350 6550 6260 6380 79326.00 51060000
20130108 6250 6430 6240 6380 68233.00 43290000
20130107 6150 6290 6100 6280 44895.00 27990000
20130104 6300 6320 6090 6150 46511.00 28740000
20121231 6240 6300 6210 6250 47189.00 29470000
20121228 6190 6280 6140 6230 51224.00 31820000
20121227 6430 6520 6170 6180 91319.00 57820000
20121226 6140 6360 6080 6350 121896.00 76620000
20121225 5980 6150 5930 6090 68609.00 41660000
20121224 5950 6040 5900 5970 34470.00 20580000
20121221 6040 6080 5910 5970 48750.00 29110000
20121220 6040 6040 5880 6000 54008.00 32160000
20121219 5930 6260 5880 6070 78094.00 47490000
20121218 5930 6110 5880 5930 72674.00 43620000
20121217 5850 6050 5850 5970 73647.00 43620000
20121214 5610 5940 5580 5870 71266.00 41360000
20121213 5700 5760 5570 5580 39238.00 22180000
20121212 5720 5850 5630 5770 42514.00 24420000
20121211 5840 5850 5740 5740 50859.00 29430000
20121210 5760 5950 5660 5880 66795.00 38940000
20121207 5560 5750 5530 5740 69012.00 39060000
20121206 5600 5640 5480 5550 39921.00 22160000
20121205 5340 5800 5300 5610 80265.00 45070000
20121204 5080 5350 5070 5300 29413.00 15270000
20121203 5450 5470 5120 5140 27686.00 14590000
20121130 5320 5450 5260 5390 21277.00 11460000
20121129 5460 5560 5300 5320 22802.00 12440000
20121128 5610 5610 5400 5450 27859.00 15250000
20121127 6010 6030 5580 5610 38956.00 22450000
20121126 6200 6210 6010 6040 24834.00 15150000
20121123 6250 6310 6180 6190 21712.00 13540000
20121122 6360 6360 6200 6230 26144.00 16370000
20121121 6200 6390 6140 6380 44015.00 27610000
20121120 6340 6370 6170 6170 23580.00 14730000
20121119 6130 6310 6130 6290 24019.00 14950000
20121116 6120 6220 6110 6170 20468.00 12630000
20121115 6210 6260 6110 6130 21516.00 13310000
20121114 6200 6280 6120 6270 26946.00 16670000
20121113 6440 6450 6190 6200 32454.00 20410000
20121112 6350 6460 6320 6440 24703.00 15840000
20121109 6620 6630 6360 6400 57112.00 36920000
20121108 6760 6960 6680 6690 62640.00 42920000
20121107 6880 6910 6750 6810 29420.00 20030000
20121106 6810 6930 6750 6910 50077.00 34310000
20121105 6900 6950 6770 6770 34310.00 23460000
20121102 6890 6950 6830 6910 34255.00 23590000
20121101 6770 6960 6770 6920 45274.00 31220000
20121031 6740 6850 6730 6800 23733.00 16080000
20121030 6810 6880 6710 6760 31828.00 21590000
20121029 6750 6860 6710 6750 28111.00 19030000
20121026 7010 7030 6730 6780 59812.00 40830000
20121025 7180 7260 6970 6980 69174.00 49060000
20121024 7120 7350 7090 7190 56571.00 40810000
20121023 7400 7400 7180 7190 74738.00 54510000
20121022 7050 7400 7000 7390 114777.00 83030000
20121019 7270 7280 7110 7170 58956.00 42330000
20121018 7050 7310 7010 7270 84668.00 60880000
20121017 7060 7110 6850 7040 59904.00 41790000
20121016 7020 7130 7000 7040 46853.00 33110000
20121015 7260 7290 6800 7020 70412.00 49490000
20121012 7220 7360 7080 7250 68440.00 49450000
20121011 7600 7600 7220 7240 117452.00 86600000
20121010 7430 7740 7360 7620 151970.00 114900000
20121009 7150 7630 7150 7510 155851.00 115940000
20121008 7060 7400 7060 7210 106551.00 77150000
20120928 6880 7080 6860 7040 80521.00 56350000
20120927 6660 7140 6650 6910 97382.00 67530000
20120926 7230 7250 6730 6750 120215.00 83320000
20120925 6910 7670 6910 7280 186974.00 138200000
20120924 6750 7030 6600 6980 77318.00 53280000
20120921 7040 7110 6780 6780 97055.00 67360000
20120920 7440 7440 7000 7040 113243.00 81520000
20120919 7590 7670 7420 7520 73840.00 55740000
20120918 7400 7720 7400 7590 90703.00 68680000
20120917 7870 7940 7400 7490 126712.00 97290000
20120914 8350 8450 7680 7990 254176.00 205060000
20120913 8070 8790 7950 8450 385357.00 323390000
20120912 8150 8240 7990 8090 171290.00 138620000
20120911 8340 8370 8120 8160 205436.00 168820000
20120910 8350 8660 8150 8490 338945.00 284590000
20120907 8100 8850 7880 8430 422178.00 350060000
20120906 7340 8110 7340 8110 374348.00 294530000
20120905 7350 7550 7270 7370 179428.00 132600000
20120904 7050 7780 6880 7550 329078.00 243130000
20120903 6890 7240 6830 7130 162846.00 114960000
20120831 6880 7240 6660 7050 194462.00 134600000
20120830 7500 7550 7020 7020 235834.00 169280000
20120829 7350 7840 7250 7800 297301.00 223600000
20120828 7320 7630 7160 7550 210636.00 155270000
20120827 7840 7840 7290 7470 240875.00 181430000
20120824 7520 8260 7520 7900 345751.00 272730000
20120823 7050 7520 6900 7520 297241.00 219110000
20120822 6280 6840 6270 6840 121820.00 80710000
20120821 6070 6240 6060 6220 25333.00 15670000
20120820 6130 6130 6000 6090 20075.00 12150000
20120817 6350 6350 6070 6130 36882.00 22760000
20120816 6220 6350 6220 6300 15596.00 9820000
20120815 6310 6330 6210 6250 17453.00 10930000
20120814 6430 6430 6200 6330 20346.00 12790000
20120813 6530 6540 6300 6300 34375.00 21940000
20120810 6750 6750 6570 6580 51896.00 34430000
20120809 6750 6800 6630 6800 46382.00 31160000
20120808 6810 6840 6650 6800 21753.00 14620000
20120807 6720 6860 6650 6780 24063.00 16290000
20120806 6530 6740 6520 6710 23086.00 15330000
20120803 6400 6600 6330 6600 17889.00 11590000
20120802 6310 6740 6310 6410 23418.00 15230000
20120801 6220 6370 6160 6290 12549.00 7910000
20120731 6200 6340 6160 6220 11406.00 7090000
20120730 6500 6510 6270 6270 12374.00 7860000
20120727 6590 6590 6400 6430 12235.00 7920000
20120726 6580 6660 6510 6520 11212.00 7400000
20120725 6660 6730 6590 6600 12318.00 8200000
20120724 6570 6740 6510 6650 14483.00 9600000
20120723 6600 6620 6500 6570 16512.00 10810000
20120720 6830 6850 6670 6700 15029.00 10150000
20120719 6770 6890 6670 6830 23042.00 15700000
20120718 6630 6890 6630 6770 25276.00 17050000
20120717 6690 6740 6510 6630 17544.00 11620000
20120716 7190 7190 6690 6700 31289.00 21650000
20120713 7370 7440 7160 7190 26197.00 19040000
20120712 7310 7490 7310 7440 22317.00 16570000
20120711 7120 7360 7120 7340 17477.00 12720000
20120710 7110 7300 7110 7270 16531.00 11940000
20120709 7450 7460 7100 7250 24574.00 17950000
20120706 7650 7720 7150 7460 53921.00 39750000
20120705 8030 8030 7500 7580 65253.00 50370000
20120704 8100 8280 8050 8150 58421.00 47730000
20120703 7980 8200 7900 8100 63239.00 51050000
20120702 7700 8010 7700 7980 51694.00 40870000
20120629 7700 7780 7500 7720 44299.00 33820000
20120628 8150 8170 7800 7830 51853.00 41710000
20120627 7950 8290 7700 8150 66511.00 53530000
20120626 8000 8250 7420 8070 81658.00 64090000
20120625 8100 8480 8020 8240 114977.00 94930000
20120621 7750 8420 7740 8380 190980.00 158920000
20120620 7530 7660 7500 7650 23740.00 18040000
20120619 7600 7600 7460 7550 17878.00 13460000
20120618 7590 7710 7570 7640 17561.00 13410000
20120615 7740 7790 7500 7580 28788.00 21930000
20120614 7510 7920 7410 7730 50912.00 39390000
20120613 7400 7520 7330 7520 20996.00 15650000
20120612 7440 7470 7350 7370 16091.00 11880000
20120611 7380 7540 7330 7500 19033.00 14160000
20120608 7670 7690 7350 7380 22176.00 16580000
20120607 7770 7800 7530 7560 17026.00 13030000
20120606 7650 7750 7600 7660 14256.00 10930000
20120605 7650 7840 7610 7630 25385.00 19520000
20120604 7980 8080 7600 7720 35071.00 27700000
20120601 8290 8350 8140 8180 30254.00 24910000
20120531 8400 8400 8190 8300 39248.00 32550000
20120530 8400 8600 8340 8450 47405.00 40210000
20120529 8350 8400 8200 8380 51653.00 43040000
20120528 8110 8430 7800 8370 52762.00 43000000
20120525 8290 8290 8100 8110 29239.00 23900000
20120524 8190 8310 8130 8240 39071.00 32130000
20120523 8400 8460 8100 8180 50200.00 41400000
20120522 8400 8550 8400 8470 31853.00 26960000
20120521 8250 8480 8250 8330 37741.00 31560000
20120518 8690 8700 8190 8240 70158.00 59230000
20120517 8810 8960 8500 8760 70754.00 61780000
20120516 9140 9300 8810 8830 75894.00 68900000
20120515 9000 9520 9000 9200 132208.00 122870000
20120514 9200 9340 8900 9170 91779.00 83660000
20120511 9350 9450 8980 9100 112099.00 102930000
20120510 9440 9810 9100 9320 188525.00 177880000
20120509 8600 9730 8600 9450 260542.00 241900000
20120508 8370 9240 8230 8880 188769.00 167200000
20120507 8380 8440 8120 8400 77676.00 64280000
20120504 8290 8770 8290 8490 114600.00 97770000
20120503 8500 8650 8260 8280 99063.00 83100000
20120502 17250 18080 16650 17850 72061.00 125830000
20120427 16220 17180 16220 17150 40386.00 68380000
20120426 17400 17400 16610 16610 46389.00 78670000
20120425 15800 17180 15700 17180 64062.00 107000000
20120424 15120 15630 14810 15620 33721.00 51540000
20120423 17000 17080 15120 15250 55879.00 88430000
20120419 16780 17080 16610 16800 33063.00 55460000
20120418 16350 17160 16300 16900 55518.00 93500000
20120417 16620 16720 16210 16300 34763.00 57070000
20120416 16890 16970 16400 16840 36693.00 61120000
20120413 17200 17200 16860 16950 52107.00 88580000
20120412 17010 17530 16820 17380 69991.00 120230000
20120411 16750 18090 16570 17100 104433.00 179850000
20120410 15100 16860 15050 16860 94980.00 152980000
20120409 15160 15960 15040 15330 56885.00 88730000
20120406 15600 15710 15110 15340 98156.00 151500000
20120405 14480 14480 14480 14480 14166.00 20510000
20120330 12960 13310 12730 13160 16473.00 21450000
20120329 13330 13670 12380 13160 22257.00 29310000
20120328 14740 14740 13450 13460 34727.00 48270000
20120327 14730 14980 14280 14940 37621.00 55080000
20120326 15700 16400 14800 14960 53362.00 83210000
20120323 15010 16020 15010 15700 63273.00 99330000
20120322 14820 15800 14660 15260 56445.00 86650000
20120321 14620 14800 14250 14800 20746.00 30320000
20120320 14900 14900 14400 14480 23821.00 34740000
20120319 14460 14940 14400 14940 26030.00 38420000
20120316 14040 14490 14000 14460 20909.00 29780000
20120315 14060 14360 13760 14060 27291.00 38480000
20120314 14900 15190 13620 14050 44689.00 65610000
20120313 14770 14840 14610 14840 28699.00 42240000
20120312 14250 14740 14220 14730 34169.00 49650000
20120309 13930 14380 13930 14250 21112.00 30050000
20120308 13850 14040 13810 13980 13210.00 18420000
20120307 13700 14070 13600 13750 14193.00 19690000
20120306 14150 14320 13770 13850 23563.00 32840000
20120305 14600 14650 14250 14290 32624.00 47010000
20120302 14050 14720 14050 14540 44808.00 64920000
20120301 13770 14430 13750 14080 31926.00 45230000
20120229 13960 14110 13710 13850 15694.00 21790000
20120228 13840 14150 13520 14050 33439.00 46080000
20120227 13970 14540 13900 13900 51653.00 73570000
20120224 14030 14100 13880 13980 24382.00 34130000
20120223 14020 14300 13830 13940 38655.00 54180000
20120222 14250 14250 13880 14110 69466.00 97510000
20120221 12940 14230 12620 14230 53290.00 71000000
20120220 12920 13220 12700 12940 41063.00 53190000
20120217 12660 12770 12390 12730 33224.00 41830000
20120216 12340 12600 12240 12600 37735.00 46870000
20120215 12160 12350 12010 12340 26811.00 32730000
20120214 12070 12220 11960 12110 17864.00 21510000
20120213 11890 12270 11770 12170 21809.00 26350000
20120210 11990 12170 11860 11960 24413.00 29330000
20120209 12120 12380 12010 12100 50725.00 61720000
20120208 12190 12460 11800 12220 48029 58226000
20120207 11600 12260 11420 12140 41504 49451000
20120206 11600 11890 11550 11680 17553 20564000
20120203 11200 11720 11130 11650 23433 26914000
20120202 11020 11330 10870 11220 11986 13263000
20120201 11100 11280 10990 11000 8140 9058000
20120131 11110 11150 10900 11110 7082 7792000
20120130 11280 11290 11100 11120 10024 11227000
20120120 11150 11290 11000 11180 10025 11202000
20120119 10870 11170 10660 11010 9959 10945000
20120118 11280 11600 10750 10990 17516 19585000
20120117 10500 11300 10500 11240 11689 12851000
20120116 10580 10930 10510 10600 6980 7489000
20120113 11530 11600 10720 10800 20180 22216000
20120112 11610 11780 11500 11530 14670 17052000
20120111 11400 11790 11330 11670 27172 31534000
20120110 10900 11530 10820 11400 23242 26170000
20120109 10350 11000 10170 10920 14328 15317000
20120106 10350 10480 9910 10410 10751 10943000
20120105 10680 10880 10220 10270 8422 8860000
20120104 11360 11360 10850 10860 8054 8962000
20111230 10980 11260 10980 11210 9777 10940000
20111229 10770 11200 10770 10980 6345 7009000
20111228 11220 11270 10640 11140 9390 10304000
20111227 11520 11650 11160 11220 9812 11183000
20111226 11780 11980 11690 11690 8532 10080000
20111223 11420 12120 11350 11860 15921 18818000
20111222 11770 11800 11150 11510 12698 14549000
20111221 12450 12450 11850 11850 10975 13362000
20111220 12170 12550 12150 12170 12954 15961000
20111219 11910 12250 11620 12220 12903 15427000
20111216 11650 12090 11600 12000 10641 12595000
20111215 11900 11950 11580 11650 11489 13526000
20111214 12010 12350 11900 11950 9461 11439000
20111213 12860 12950 12200 12270 16486 20512000
20111212 13120 13310 12950 12970 5740 7498000
20111209 13080 13350 13000 13060 8973 11799000
20111208 13270 13460 12900 13270 16178 21423000
20111207 13120 13250 12950 13140 11278 14781000
20111206 13000 13150 12850 13010 11957 15548000
20111205 13810 13860 12940 13000 14279 18945000
20111202 14360 14390 13920 13950 13770 19364000
20111201 14500 14830 14300 14360 25028 36399000
20111130 14940 14950 13900 14060 29521 42658000
20111129 14500 15000 14330 14990 30582 45112000
20111128 14100 14380 14050 14280 9052 12849000
20111125 14360 14770 14110 14260 15792 22897000
20111124 14390 14440 14000 14380 17329 24638000
20111123 14330 14650 14300 14320 14984 21648000
20111122 14260 14400 14020 14330 12339 17566000
20111121 14340 14490 14130 14440 12518 17871000
20111118 14990 15000 14340 14340 17559 25843000
20111117 15220 15290 14690 15140 24319 36556000
20111116 15840 15840 15020 15150 27095 41488000
20111115 15640 15820 15520 15730 29190 45775000
20111114 15360 15840 15220 15680 39419 61375000
20111111 15250 15300 14820 15150 19884 30069000
20111110 15050 15560 15000 15230 33396 51092000
20111109 15120 15360 14800 15340 21709 32804000
20111108 15530 15570 15070 15090 22806 34920000
20111107 15190 15670 15090 15540 31185 48097000
20111104 15510 15690 15130 15210 37436 57501000
20111103 15690 16059 15390 15390 52447 82399000
20111102 14880 15880 14760 15670 50045 76496000
20111101 15190 15380 14900 15250 42382 64322000
20111031 14980 15500 14850 15410 46860 71814000
20111028 15020 15150 14660 15100 50453 75573000
20111027 14680 14890 14520 14820 38338 56354000
20111026 14500 15170 14360 14600 70923 105204000
20111025 13860 14950 13700 14710 70595 101682000
20111024 13590 13970 12830 13910 32969 44100000
20111021 13890 13890 13480 13510 24307 33182000
20111020 14060 14060 13460 13970 44822 61638000
20111019 13530 14650 13500 14200 71789 101901000
20111018 13930 14070 13350 13380 42408 58525000
20111017 13560 14220 13510 14100 56278 78523000
20111014 13610 13680 13220 13570 38336 51675000
20111013 13430 13810 13300 13720 53366 72416000
20111012 12710 13550 12420 13480 63965 83901000
20111011 12880 13000 12500 12810 67343 85958000
20111010 13500 13500 12410 12500 62524 79445000
20110930 13660 13870 13080 13470 14929 20062000
20110929 14900 15000 13640 13650 24399 34478000
20110928 16010 16140 15020 15160 16753 25870000
20110927 15800 16000 15500 15910 11913 18817000
20110926 15750 16090 15510 15690 13469 21278000
20110923 15580 15910 15330 15650 17290 26922000
20110922 16670 16710 15930 16079 22098 35960000
20110921 16280 16890 16149 16830 21236 35321000
20110920 16239 16490 15980 16329 14317 23263000
20110919 17430 17430 16000 16280 24270 40218000
20110916 17880 18000 17400 17430 15618 27552000
20110915 18100 18240 17800 17800 15485 27931000
20110914 17700 18080 17410 17990 15985 28470000
20110913 17980 17980 17500 17550 14827 26145000
20110909 18350 18500 18010 18160 13623 24793000
20110908 19000 19000 18220 18250 24102 44947000
20110907 18470 18800 18200 18720 18413 34110000
20110906 18280 18740 17880 18130 18368 33523000
20110905 18750 18980 18150 18560 23478 43446000
20110902 19760 19760 18810 19170 36824 70729000
20110901 19760 20570 19620 20020 51980 104885000
20110831 20010 20320 19200 19550 37917 74522000
20110830 20010 20850 19910 20290 65741 134191000
20110829 20100 20350 19750 19750 39589 79220000
20110826 19800 20790 19660 20330 72286 147457000
20110825 19510 19920 19310 19870 42079 82515000
20110824 19900 20330 19400 19520 63584 125642000
20110823 18400 19950 18380 19900 56683 109223000
20110822 18360 18660 18180 18320 21140 38927000
20110819 18200 18370 17900 18200 27841 50566000
20110818 19550 19970 18030 18710 44853 85582000
20110817 20000 20190 19610 19710 40366 80156000
20110816 19520 20500 19190 20200 76778 153439000
20110815 19050 19600 18890 19520 42094 81527000
20110812 19210 19880 19100 19140 49615 96203000
20110811 17900 19130 17520 19100 50993 94579000
20110810 19020 19400 18540 18620 55655 105729000
20110809 17700 20000 17060 18690 75973 136619000
20110808 20600 20600 18950 18950 65918 127319000
20110805 21400 22280 20900 21060 74254 160554000
20110804 21780 22400 21150 22350 94891 205610000
20110803 22450 22470 21660 21990 89986 198477000
20110802 21350 22860 21300 22470 178253 393368000
20110801 18920 20860 18900 20860 94130 191830000
20110729 18580 19660 18570 18960 46007 88006000
20110728 18800 18840 18460 18510 25421 47414000
20110727 18680 19290 18370 19000 30142 57208000
20110726 18590 18900 18010 18850 26532 49173000
20110725 19610 19800 18510 18580 42622 81008000
20110722 20140 20440 19850 19910 37036 74618000
20110721 20420 20610 20050 20080 48260 98039000
20110720 19700 20990 19580 20720 102572 209495000
20110719 19790 19990 19190 19900 48684 95072000
20110718 20150 20300 19480 19900 53938 106662000
20110715 20140 20640 19950 20130 68840 139875000
20110714 19800 20580 19450 20410 95410 191249000
20110713 19600 20060 19290 19840 72910 143405000
20110712 18700 20050 18500 19780 87173 167916000
20110711 19100 19580 18670 19000 79948 152018000
20110708 18530 21440 18530 19640 149647 296746000
20110707 21900 26280 20510 20590 292380 670018000
