20180214 49000 50240 48610 50090 27523 136599148 3.34 0.46 2.73 12003 15520 0.77 0.30
20180213 49000 49780 48440 48760 32781 161373528 2.75 0.49 -0.08 17180 15601 1.10 0.35
20180212 48000 49120 47930 48800 43681 212435317 2.51 0.60 2.74 22370 21311 1.05 0.47
20180209 46980 48530 45400 47500 97568 457687120 6.46 1.50 -1.90 57699 39869 1.45 1.05
20180208 47180 48920 47180 48420 36819 177058826 3.68 0.54 2.35 19993 16826 1.19 0.40
20180207 50000 50800 47200 47310 87026 421221840 7.36 1.38 -3.29 49996 37030 1.35 0.94
20180206 50300 50780 48630 48920 71314 353535104 4.13 1.25 -6.14 41975 29338 1.43 0.77
20180205 53150 53990 51430 52120 68414 359782576 4.71 1.24 -4.19 40259 28156 1.43 0.74
20180202 52700 54400 52300 54400 61190 327783392 3.97 1.14 2.93 21750 39440 0.55 0.66
20180201 53500 54150 52110 52850 51197 270434592 3.81 0.90 -1.23 31111 20087 1.55 0.55
20180131 51680 54190 51510 53510 62593 333442016 5.19 1.10 3.56 28537 34057 0.84 0.67
20180130 52080 52680 51000 51670 40811 211238751 3.22 0.67 -0.92 20591 20220 1.02 0.44
20180129 53970 53970 52000 52150 59207 312106304 3.64 0.92 -3.57 37888 21318 1.78 0.64
20180126 52910 54300 52500 54080 54443 291479392 3.42 0.87 2.68 17566 36877 0.48 0.59
20180125 53650 54040 52310 52670 68051 361014464 3.21 1.19 -2.28 41869 26182 1.60 0.73
20180124 53950 54260 52600 53900 61617 328954672 3.09 1.07 0.24 33625 27992 1.20 0.66
20180123 53630 54390 53000 53770 61205 328013216 2.57 0.99 -0.41 28744 32461 0.89 0.66
20180122 51900 54000 51610 53990 78125 414124528 4.66 1.16 5.24 25688 52437 0.49 0.84
20180119 52360 53460 51130 51300 45585 238370015 4.43 0.58 -2.42 22442 23144 0.97 0.49
20180118 52380 52950 51910 52570 38220 200622093 2.00 0.44 1.29 17804 20416 0.87 0.41
20180117 53780 53870 51720 51900 65856 345477424 4.02 0.73 -2.88 33010 32845 1.01 0.71
20180116 52910 54500 52610 53440 80907 434098096 3.55 0.88 0.49 45275 35631 1.27 0.87
20180115 52460 54500 52180 53180 105825 566204400 4.42 1.14 1.30 56127 49699 1.13 1.14
20180112 50430 52500 50180 52500 100892 518339456 4.63 1.19 4.73 38921 61971 0.63 1.08
20180111 51300 51890 50000 50130 80460 407661776 3.67 0.99 -2.77 37823 42636 0.89 0.86
20180110 50600 51840 50210 51560 83048 423985968 3.22 1.03 1.92 38620 44428 0.87 0.89
20180109 49600 50880 48900 50590 87197 435336256 3.99 1.10 1.85 39353 47844 0.82 0.94
20180108 48380 50050 48350 49670 110884 549084960 3.51 1.71 2.67 44963 65921 0.68 1.19
20180105 49340 49420 48000 48380 61644 299530656 2.89 1.38 -1.65 35651 25993 1.37 0.66
20180104 49210 49790 48870 49190 64632 318352336 1.86 1.08 -0.73 34969 29663 1.18 0.69
20180103 49320 50000 49200 49550 77591 386021488 1.61 1.47 -0.30 38136 39455 0.97 0.83
20180102 48280 49870 48250 49700 80453 397799104 3.37 10.05 3.33 36317 44136 0.82 0.86
20171229 48360 48680 47790 48100 40012 192591479 1.84 0.93 -0.54 17610 22402 0.79 0.43
20171228 48300 48680 47890 48360 53849 260226817 1.65 1.26 0.79 24111 29738 0.81 0.58
20171227 49180 49380 47710 47980 48472 233772442 3.40 1.15 -2.22 27695 20778 1.33 0.52
20171226 50400 50880 48750 49070 41819 206785848 4.24 0.91 -2.25 23182 18637 1.24 0.45
20171225 49750 50680 49570 50200 41694 209134049 2.23 0.99 0.70 20669 21024 0.98 0.45
20171222 49790 50130 49310 49850 29235 145216164 1.65 0.69 0.10 17028 12207 1.39 0.31
20171221 49160 50210 47100 49800 51871 255864128 6.36 1.32 1.90 17577 34294 0.51 0.56
20171220 49360 49790 48700 48870 46823 230390580 2.21 1.27 -0.99 26551 20272 1.31 0.50
20171219 47920 49580 47920 49360 59591 292231408 3.46 1.78 2.83 22843 36748 0.62 0.64
20171218 47550 48540 47550 48000 23030 110587488 2.08 0.56 0.78 12183 10848 1.12 0.25
20171215 48350 48870 47500 47630 29567 142304774 2.84 0.70 -1.41 13789 15778 0.87 0.32
20171214 48310 48640 47700 48310 37250 179866291 1.95 0.92 0.00 14652 22598 0.65 0.40
20171213 47300 48520 47200 48310 35251 168879629 2.79 0.83 1.98 15390 19861 0.77 0.38
20171212 47550 47800 47060 47370 42728 203079077 1.56 1.06 -0.42 20590 22138 0.93 0.46
20171211 45960 47590 45680 47570 59685 280434000 4.20 1.70 4.69 21820 37865 0.58 0.64
20171208 44200 45950 44200 45440 36347 164943051 3.93 0.98 2.14 14865 21482 0.69 0.39
20171207 45050 45450 44450 44490 28030 125610872 2.21 0.70 -1.57 14558 13472 1.08 0.30
20171206 45340 45850 44230 45200 45558 205636639 3.51 1.19 -2.04 26257 19301 1.36 0.49
20171205 45990 46470 45750 46140 31017 142880710 1.57 0.78 0.30 12787 18230 0.70 0.33
20171204 45680 46120 45320 46000 34429 157981031 1.75 0.74 0.70 14806 19622 0.75 0.37
20171201 44750 46240 44540 45680 45866 209510318 3.81 0.89 2.40 21516 24349 0.88 0.49
20171130 44480 45290 44200 44610 44072 197310109 2.45 0.79 0.22 26792 17280 1.55 0.47
20171129 45200 45400 44100 44510 36327 162264009 2.88 0.58 -1.44 19883 16444 1.21 0.39
20171128 44500 45480 44000 45160 37191 166859911 3.32 0.44 1.23 15312 21879 0.70 0.40
20171127 45480 45480 44000 44610 70727 314308832 3.25 0.87 -1.96 40745 29982 1.36 0.76
20171124 46500 47250 45000 45500 70037 319536336 4.79 0.88 -3.19 44572 25466 1.75 0.75
20171123 48650 48700 46630 47000 65126 307524112 4.25 0.88 -3.41 44598 20529 2.17 0.70
20171122 50290 50290 48300 48660 71128 349099504 4.01 0.98 -2.01 38347 32781 1.17 0.76
20171121 47380 49760 47250 49660 141321 690108112 5.31 2.58 4.99 61178 80143 0.76 1.52
20171120 46380 47490 45580 47300 60593 282945248 4.08 1.15 1.05 25687 34906 0.74 0.65
20171117 48390 48520 46800 46810 60070 285206976 3.55 1.06 -3.38 34844 25226 1.38 0.65
20171116 47940 48570 47200 48450 37921 182285423 2.85 0.58 0.62 17460 20461 0.85 0.41
20171115 48100 48980 47040 48150 64502 309613920 3.98 0.98 -1.31 35626 28876 1.23 0.69
20171114 49880 49960 48480 48790 50486 247386536 2.97 0.70 -2.20 32396 18090 1.79 0.54
20171113 50350 50350 49420 49890 50837 253296194 1.86 0.63 -0.22 25033 25804 0.97 0.55
20171110 49280 50010 48350 50000 79183 392101056 3.38 0.99 1.96 38077 41106 0.93 0.85
20171109 47600 49040 46850 49040 82113 393780496 4.59 1.04 2.70 35609 46504 0.77 0.88
20171108 48410 49150 47700 47750 65482 316556512 3.00 0.86 -1.34 38814 26668 1.46 0.70
20171107 48320 49490 47800 48400 83663 407073968 3.50 1.24 0.23 42305 41358 1.02 0.90
20171106 46720 48300 46430 48290 94293 448266192 4.01 1.53 3.52 31793 62500 0.51 1.01
20171103 48050 48200 46510 46650 73550 346923568 3.52 1.25 -2.77 45498 28052 1.62 0.79
20171102 46680 47980 46600 47980 76317 363394160 2.96 1.08 2.78 25478 50838 0.50 0.82
20171101 46470 47450 46380 46680 53195 249773256 2.30 0.69 0.45 24452 28743 0.85 0.57
20171031 46750 46860 46080 46470 40824 189115345 1.68 0.49 -0.17 24204 16620 1.46 0.44
20171030 47280 47880 46080 46550 63264 294994224 3.82 0.75 -1.10 33167 30097 1.10 0.68
20171027 46580 47090 46090 47070 60030 280854720 2.14 0.70 0.81 25548 34483 0.74 0.65
20171026 47640 48790 46500 46690 135312 641540352 4.76 1.88 -2.87 77709 57603 1.35 1.45
20171025 46200 48380 46130 48070 87498 415230704 4.87 1.34 4.05 36893 50605 0.73 0.94
20171024 46580 46900 46000 46200 69376 321894224 1.95 1.10 -0.11 38047 31329 1.21 0.75
20171023 46390 47200 46100 46250 68508 317847440 2.38 1.00 0.26 29811 38697 0.77 0.74
20171020 46690 47280 45510 46130 69940 322788640 3.77 0.99 -1.66 44898 25042 1.79 0.75
20171019 47550 48150 46880 46910 64138 303383856 2.67 0.92 -1.49 38475 25662 1.50 0.69
20171018 47950 48130 47200 47620 54612 259728480 1.95 0.68 -0.17 33921 20691 1.64 0.59
20171017 47800 48290 46700 47700 57723 273615696 3.36 0.60 0.72 27477 30247 0.91 0.62
20171016 47350 48550 46910 47360 96449 463098768 3.48 0.97 0.38 49862 46588 1.07 1.04
20171013 46180 47200 46000 47180 79279 371561520 2.61 0.86 2.74 37027 42251 0.88 0.85
20171012 45800 46110 45320 45920 59498 272680176 1.72 0.68 0.26 27859 31639 0.88 0.64
20171011 46000 46790 45110 45800 109714 503625104 3.67 1.51 0.00 50006 59708 0.84 1.18
20171010 44090 46010 44020 45800 135156 610165520 4.50 2.31 3.60 63887 71268 0.90 1.45
20171009 43000 44480 42570 44210 114037 499857280 4.52 2.61 4.64 48506 65531 0.74 1.23
20170929 41470 42750 41470 42250 42173 178570135 3.08 0.83 1.68 16277 25896 0.63 0.45
20170928 41310 41850 41310 41550 34103 141720173 1.30 0.69 0.14 17774 16329 1.09 0.37
20170927 41350 41700 41030 41490 37647 156191126 1.62 0.76 0.12 20099 17548 1.15 0.40
20170926 42250 42450 40600 41440 64605 267537145 4.36 1.38 -2.43 36632 27973 1.31 0.69
20170925 43120 43490 42350 42470 40095 171422005 2.64 0.76 -1.51 21684 18410 1.18 0.43
20170922 41870 43800 41800 43120 78144 336129408 4.76 1.34 2.72 30723 47421 0.65 0.84
20170921 42000 42480 41500 41980 28051 118041440 2.33 0.43 -0.33 12989 15062 0.86 0.30
20170920 41630 42290 41550 42120 36758 153773669 1.77 0.47 0.86 19047 17710 1.08 0.40
20170919 42700 42770 41560 41760 50227 211147511 2.84 0.61 -1.90 27066 23161 1.17 0.54
20170918 42400 43000 41970 42570 70035 298005424 2.42 0.87 0.19 28489 41546 0.69 0.75
20170915 40950 42780 40910 42490 106575 448983840 4.57 1.59 3.76 37649 68926 0.55 1.15
20170914 41520 41750 40840 40950 61542 254066979 2.20 0.96 -1.21 33494 28048 1.19 0.66
20170913 39920 41500 39510 41450 105110 429293360 5.02 1.91 4.54 36394 68716 0.53 1.13
20170912 39990 40190 39290 39650 65793 261377971 2.26 1.16 -0.63 32668 33125 0.99 0.71
20170911 39060 39970 38920 39900 62125 245811692 2.69 1.11 2.12 31076 31049 1.00 0.67
20170908 38930 39180 38730 39070 41234 160841546 1.16 0.68 0.46 21055 20179 1.04 0.44
20170907 38900 39040 38570 38890 46186 179479674 1.21 0.78 -0.03 29115 17071 1.71 0.50
20170906 38610 38950 38250 38900 59664 230632665 1.81 1.08 0.78 35661 24003 1.49 0.64
20170905 38400 38720 38080 38600 75500 290282208 1.67 1.54 0.60 46483 29017 1.60 0.81
20170904 38710 38710 38210 38370 58165 223178323 1.29 1.23 -0.88 36225 21940 1.65 0.63
20170901 39400 39400 38610 38710 62266 241806492 2.01 1.38 -1.38 38958 23308 1.67 0.67
20170831 39680 39680 39110 39250 39670 155916468 1.44 0.80 -0.78 23286 16384 1.42 0.43
20170830 39680 39910 39420 39560 41738 165146105 1.24 0.90 -0.10 23774 17964 1.32 0.45
20170829 40190 40300 39510 39600 43700 173846912 1.96 0.98 -1.52 24561 19139 1.28 0.47
20170828 40180 40430 39860 40210 49066 197158515 1.42 1.18 0.00 20919 28147 0.74 0.53
20170825 40000 40560 39920 40210 51692 208037216 1.60 1.32 0.42 23683 28010 0.85 0.56
20170824 39060 40060 38850 40040 62613 248269100 3.10 1.67 2.51 23991 38622 0.62 0.67
20170823 39300 39330 39000 39060 24468 95706860 0.84 0.57 -0.20 14844 9624 1.54 0.26
20170822 39190 39420 39000 39140 34576 135612431 1.07 0.70 0.18 18514 16062 1.15 0.37
20170821 38800 39340 38800 39070 35232 137741814 1.39 0.64 0.70 17884 17348 1.03 0.38
20170818 38850 38880 38400 38800 39085 150933610 1.23 0.69 -0.31 20584 18501 1.11 0.42
20170817 39110 39230 38600 38920 54231 210550486 1.61 0.94 -0.82 29566 24665 1.20 0.58
20170816 39460 39890 39110 39240 52805 207632662 1.98 0.73 -0.56 27082 25723 1.05 0.57
20170815 40000 40220 39300 39460 66745 263793338 2.30 1.00 -1.42 33040 33705 0.98 0.72
20170814 39300 40210 39300 40030 61083 244066855 2.31 0.88 1.44 29111 31973 0.91 0.66
20170811 40070 40180 39360 39460 48121 191388674 2.05 0.68 -1.35 24455 23666 1.03 0.52
20170810 39630 40070 39540 40000 61040 243482382 1.34 0.84 0.96 26801 34239 0.78 0.66
20170809 39000 40000 38650 39620 125132 493882016 3.46 2.05 1.56 52820 72312 0.73 1.34
20170808 39090 39460 38810 39010 37140 145210230 1.66 0.49 -0.38 20412 16728 1.22 0.40
20170807 38460 39320 37650 39160 73972 285044608 4.34 1.03 1.74 37735 36237 1.04 0.80
20170804 39010 39330 38460 38490 55163 213500268 2.23 0.72 -1.48 30977 24186 1.28 0.59
20170803 39300 39740 38910 39070 71043 278892224 2.11 0.82 -0.74 44081 26962 1.63 0.76
20170802 39810 39810 39130 39360 67713 266780235 1.71 0.82 -0.93 36690 31023 1.18 0.73
20170801 40170 40410 39300 39730 109548 434932464 2.75 1.59 -1.44 67833 41715 1.63 1.18
20170731 40910 40940 40050 40310 56588 228162353 2.19 0.79 -0.71 30915 25673 1.20 0.61
20170728 40600 40950 40110 40600 80443 326369088 2.07 1.23 0.00 41462 38981 1.06 0.86
20170727 41800 41850 39970 40600 120335 486820048 4.49 2.28 -2.99 69240 51095 1.36 1.29
20170726 42800 42980 41580 41850 46558 196047064 3.26 0.92 -2.45 24602 21957 1.12 0.50
20170725 43300 43300 42700 42900 40853 175751499 1.40 0.78 -0.19 21031 19822 1.06 0.44
20170724 41980 43430 41810 42980 69619 298899536 3.87 1.46 2.63 34358 35261 0.97 0.75
20170721 42000 42370 41520 41880 49197 206635068 2.02 1.05 -0.29 27028 22169 1.22 0.53
20170720 41830 42260 41010 42000 57495 238985528 2.99 1.23 0.36 30782 26714 1.15 0.62
20170719 41380 41990 41020 41850 35174 146312172 2.34 0.67 1.14 18853 16322 1.16 0.38
20170718 41700 42000 40800 41380 51611 212798702 2.85 0.91 -1.87 29603 22007 1.35 0.55
20170717 42380 42750 40990 42170 45594 191047688 4.14 0.82 -0.78 21785 23809 0.92 0.49
20170714 42900 43160 42250 42500 44882 191458572 2.12 0.79 -1.12 30926 13956 2.22 0.48
20170713 42800 43370 42520 42980 55834 240058224 1.98 1.02 0.19 26494 29339 0.90 0.60
20170712 42510 42970 42310 42900 65716 280625344 1.56 1.18 1.16 27217 38499 0.71 0.71
20170711 41380 42740 41130 42410 70294 296569008 3.90 1.04 2.64 25156 45138 0.56 0.76
20170710 41090 41500 40900 41320 40208 165559233 1.46 0.55 0.78 19678 20530 0.96 0.43
20170707 41650 42280 41000 41000 51240 213123469 3.07 0.65 -1.56 27716 23524 1.18 0.55
20170706 41660 42360 41230 41650 46084 192148249 2.71 0.55 -0.07 26069 20015 1.30 0.50
20170705 40350 41820 40350 41680 70655 292584464 3.61 0.84 2.31 25655 45000 0.57 0.76
20170704 42600 42680 40680 40740 128573 530167488 4.69 1.71 -4.37 75317 53257 1.41 1.38
20170703 43480 43760 42530 42600 68060 292236112 2.83 0.78 -2.02 42660 25400 1.68 0.73
20170630 42600 43650 42500 43480 78127 338540304 2.70 0.89 1.95 31503 46624 0.68 0.84
20170629 42780 43200 42280 42650 71218 304077856 2.14 0.78 -0.58 44779 26439 1.69 0.77
20170628 42870 43490 42530 42900 74137 319268128 2.24 0.79 0.05 38694 35443 1.09 0.80
20170627 43440 43440 42510 42880 84184 360443008 2.14 0.93 -1.29 51893 32291 1.61 0.90
20170626 43740 44240 42900 43440 128010 555571488 3.05 1.72 -1.05 70147 57863 1.21 1.38
20170623 43530 44000 42600 43900 83484 360320016 3.21 1.27 0.64 45802 37682 1.22 0.90
20170622 44250 44900 43610 43620 83961 371070320 2.92 1.35 -1.42 46657 37305 1.25 0.90
20170621 43480 44250 43250 44250 88579 386484832 2.31 1.30 2.43 34759 53820 0.65 0.95
20170620 43900 43910 42800 43200 67579 291809056 2.54 1.06 -1.03 43735 23844 1.83 0.73
20170619 43100 43950 43100 43650 48933 213487543 1.97 0.72 1.28 24788 24145 1.03 0.53
20170616 42930 43300 42770 43100 39679 170754382 1.23 0.50 0.23 19201 20479 0.94 0.43
20170615 43300 43700 42600 43000 67140 288858800 2.54 0.86 -0.58 34342 32798 1.05 0.72
20170614 44950 45000 42800 43250 116063 507241904 4.89 1.58 -3.91 73852 42211 1.75 1.25
20170613 44730 45340 44330 45010 48426 217848594 2.26 0.60 0.60 21008 27418 0.77 0.52
20170612 45000 45330 44310 44740 67065 300836400 2.26 0.82 -1.02 39671 27394 1.45 0.72
20170609 45200 45880 44520 45200 94584 427460672 2.99 1.31 -0.55 50115 44470 1.13 1.02
20170608 45050 45480 44710 45450 62966 284244720 1.71 0.79 0.82 27649 35317 0.78 0.68
20170607 44180 45100 43810 45080 93713 417478976 2.92 1.33 2.04 42180 51533 0.82 1.01
20170606 42570 44190 42570 44180 83747 364797024 3.80 1.29 3.71 34386 49361 0.70 0.90
20170605 42450 43800 42450 42600 75463 326697776 3.18 1.10 0.35 43340 32124 1.35 0.81
20170602 42300 42680 41840 42450 45658 193250251 1.99 0.61 0.35 21693 23965 0.91 0.49
20170601 40810 42800 40810 42300 97432 412423968 4.82 1.40 2.47 31708 65724 0.48 1.05
20170531 41500 41880 40810 41280 50079 205924824 2.59 0.67 -0.05 27624 22454 1.23 0.54
20170526 41710 42180 41180 41300 56784 236640353 2.41 0.71 -0.58 31470 25314 1.24 0.61
20170525 40500 41550 40500 41540 92534 380580656 2.60 0.95 2.82 35238 57297 0.62 0.99
20170524 40360 40750 39300 40400 75668 303380176 3.59 0.56 0.00 44957 30711 1.46 0.81
20170523 40520 41170 40310 40400 73273 297804912 2.12 0.52 -0.25 36322 36951 0.98 0.79
20170522 39990 40810 39330 40500 77586 313878320 3.72 0.58 1.81 34605 42982 0.81 0.83
20170519 39250 40180 39250 39780 78036 310946992 2.37 0.60 1.48 41650 36386 1.14 0.84
20170518 40000 40600 38900 39200 179910 714688544 4.16 1.66 -4.16 110391 69519 1.59 1.93
20170517 42000 42170 39950 40900 269656 1103964432 5.19 4.03 -4.35 160021 109634 1.46 2.90
20170516 41480 42830 41000 42760 96745 404965696 4.35 1.66 1.54 43934 52812 0.83 1.04
20170515 42000 42750 41700 42110 47090 198683635 2.50 0.77 0.43 24888 22203 1.12 0.51
20170512 42390 42400 41610 41930 62007 260159585 1.88 1.10 -0.02 29164 32843 0.89 0.67
20170511 40430 41940 40200 41940 66740 275222464 4.30 1.34 3.56 27653 39087 0.71 0.72
20170510 40990 41960 40410 40500 61591 253505575 3.79 1.26 -1.03 32324 29267 1.10 0.66
20170509 52200 53860 51500 53700 54581 287952384 4.45 1.09 1.17 27283 27299 1.00 0.76
20170508 55150 55350 52000 53080 62027 333232800 6.09 1.22 -3.58 34841 27186 1.28 0.87
20170505 54620 55870 54360 55050 37592 207085340 2.77 0.63 0.82 18731 18861 0.99 0.53
20170504 54980 55470 54550 54600 32339 177518922 1.68 0.40 -0.20 16821 15519 1.08 0.45
20170503 55650 56180 54360 54710 57324 314876080 3.26 0.67 -2.04 30568 26756 1.14 0.80
20170502 53950 55930 53580 55850 60126 332445200 4.31 0.67 2.48 24755 35371 0.70 0.84
20170428 54700 54980 53300 54500 67035 361570576 3.07 0.72 -0.55 36381 30654 1.19 0.94
20170427 55000 55500 53900 54800 81359 442837696 2.88 0.81 -1.53 45306 36053 1.26 1.14
20170426 58000 58200 55260 55650 141805 804314352 5.11 1.61 -3.35 78555 63250 1.24 1.98
20170425 55480 57950 55470 57580 76897 435048640 4.47 0.86 3.80 31620 45277 0.70 1.07
20170424 55500 56940 53410 55470 82858 458947200 6.29 1.00 -1.14 43818 39040 1.12 1.16
20170421 55700 57250 54900 56110 83734 467206000 4.14 1.08 -1.04 48574 35159 1.38 1.17
20170420 57160 59280 56480 56700 114175 656880752 4.90 1.76 -0.79 63848 50327 1.27 1.59
20170419 57250 57500 55710 57150 82903 468898432 3.13 1.48 -0.12 49572 33331 1.49 1.16
20170418 54050 57500 53730 57220 82845 465114528 6.98 1.56 5.86 34449 48396 0.71 1.16
20170417 52550 54500 52220 54050 51456 275376944 4.31 1.01 2.25 23699 27758 0.85 0.72
20170414 52930 54220 52380 52860 55117 293626352 3.47 1.05 -0.21 26463 28654 0.92 0.77
20170413 51100 53170 50300 52970 52828 275953600 5.62 1.04 3.72 23957 28871 0.83 0.74
20170412 50050 51420 49550 51070 38377 195001747 3.73 0.62 1.92 15850 22527 0.70 0.54
20170411 50240 50470 48760 50110 67646 334909312 3.41 1.04 -0.18 41828 25818 1.62 0.94
20170410 50800 51390 49970 50200 40142 202839532 2.80 0.59 -1.18 24080 16062 1.50 0.56
20170407 49300 51490 49300 50800 62275 315245392 4.45 1.00 3.19 28495 33780 0.84 0.87
20170406 48900 49240 48520 49230 46300 226466076 1.47 0.70 0.47 24399 21901 1.11 0.65
20170405 49800 49880 48530 49000 91766 450312752 2.72 1.63 -1.21 48959 42807 1.14 1.28
20170331 47300 50000 47060 49600 86126 419559360 6.26 1.86 5.67 36623 49503 0.74 1.20
20170330 46370 47880 46200 46940 56165 264032195 3.62 1.29 1.21 26706 29459 0.91 0.78
20170329 46110 46890 45950 46380 31413 145806153 2.04 0.67 0.61 16195 15218 1.06 0.44
20170328 47320 47450 45720 46100 65548 303221552 3.65 1.44 -2.74 41286 24262 1.70 0.92
20170327 47470 48200 47390 47400 41568 198648478 1.71 0.82 -0.21 20828 20740 1.00 0.58
20170324 47180 48120 47090 47500 37174 177562451 2.18 0.73 0.51 15951 21222 0.75 0.52
20170323 47230 47900 46390 47260 42476 200008736 3.19 0.82 -0.02 20799 21677 0.96 0.59
20170322 46300 47820 46100 47270 47603 224328565 3.68 0.99 1.00 24379 23225 1.05 0.66
20170321 44630 46950 44400 46800 58848 269187792 5.72 1.33 4.93 58523 325 180.07 0.82
20170320 44920 45250 44230 44600 68740 306055840 2.26 1.63 -0.98 36626 32115 1.14 0.96
20170317 45550 45900 44920 45040 35268 160083408 2.14 0.67 -1.49 22155 13113 1.69 0.49
20170316 46000 46750 45480 45720 47516 217930102 2.76 0.95 -0.78 32807 14709 2.23 0.66
20170315 45900 46800 45520 46080 29464 136238709 2.79 0.52 0.52 16333 13131 1.24 0.41
20170314 45710 46490 45110 45840 39720 182178108 3.04 0.68 0.97 23580 16139 1.46 0.55
20170313 44550 46450 44060 45400 58526 266526508 5.36 1.01 1.91 29130 29396 0.99 0.82
20170310 43150 44990 42900 44550 88805 394483424 4.86 1.94 3.63 38733 50072 0.77 1.24
20170309 42650 43530 42310 42990 34769 148837058 2.85 0.79 0.58 20485 14284 1.43 0.49
20170308 43550 43560 42480 42740 61557 263189846 2.50 1.61 -1.18 38721 22836 1.70 0.86
20170307 43500 43890 43120 43250 48586 211488646 1.75 1.29 -1.53 28397 20189 1.41 0.68
20170306 42690 44600 42690 43920 55394 243654281 4.45 1.50 2.38 29623 25771 1.15 0.77
20170303 42090 42990 41860 42900 28123 119868870 2.69 0.62 2.02 12464 15659 0.80 0.39
20170302 42470 42670 42000 42050 25688 108329697 1.59 0.53 -0.47 16701 8987 1.86 0.36
20170301 42250 42650 41820 42250 33100 139880279 1.96 0.65 -0.09 18547 14553 1.27 0.46
20170228 42480 42940 41710 42290 46468 196456454 2.91 0.94 0.00 32049 14418 2.22 0.65
20170227 42850 43180 42110 42290 51458 218781727 2.50 0.90 -1.17 30668 20790 1.48 0.72
20170224 43880 43880 42450 42790 71435 306764544 3.24 1.38 -2.97 41293 30142 1.37 1.00
20170223 43140 44100 43110 44100 42124 184571263 2.29 0.83 2.01 16506 25618 0.64 0.59
20170222 43600 43960 42880 43230 43554 188820436 2.49 0.94 -0.23 24710 18844 1.31 0.61
20170221 43850 44080 43210 43330 39461 172269402 1.99 0.93 -0.94 21448 18013 1.19 0.55
20170220 41880 43800 41880 43740 90281 389755136 4.63 - 5.37 34852 55429 0.63 1.26
20170217 41420 42480 41130 41510 43070 180313723 3.27 1.38 0.41 20594 22477 0.92 0.60
20170216 40220 41570 40030 41340 37906 155607894 3.83 1.06 2.68 11964 25942 0.46 0.53
20170215 40370 40680 39970 40260 21899 88547309 1.76 0.62 -0.42 12323 9576 1.29 0.31
20170214 40280 40680 40250 40430 19327 78170053 1.07 0.51 0.40 10514 8814 1.19 0.27
20170213 40350 40900 40170 40270 50547 204974701 1.80 1.52 -0.81 31104 19444 1.60 0.71
20170210 41180 41180 40200 40600 26017 105322997 2.40 0.86 -0.47 13663 12354 1.11 0.37
20170209 39460 40870 39460 40790 60525 244659003 3.58 2.51 3.48 19543 40982 0.48 0.85
20170208 39410 39580 38880 39420 19551 76874080 1.77 0.80 -0.20 8545 11006 0.78 0.28
20170207 39560 39960 39420 39500 32093 127319251 1.37 1.18 -0.15 14687 17406 0.84 0.45
20170206 38930 39780 38800 39560 27683 109292785 2.52 1.05 1.62 9995 17688 0.57 0.39
20170203 39020 39400 38900 38930 11917 46552456 1.28 0.43 -0.18 5189 6728 0.77 0.17
20170126 38670 39250 38670 39000 29522 115371349 1.49 1.11 0.46 13042 16480 0.79 0.42
20170125 38980 39000 38450 38820 21039 81804568 1.42 0.78 0.57 6127 14912 0.41 0.30
20170124 38500 39250 38300 38600 45449 176112444 2.49 2.06 1.05 16710 28739 0.58 0.64
20170123 38200 38450 38020 38200 23374 89278077 1.13 0.88 0.18 10060 13314 0.76 0.33
20170120 38120 38350 37560 38130 20771 79186395 2.08 0.72 0.53 9684 11088 0.87 0.29
20170119 37490 38080 37310 37930 22824 86284330 2.05 0.84 1.20 9558 13266 0.72 0.32
20170118 37400 37820 37340 37480 22325 84038545 1.28 0.83 0.29 9813 12512 0.78 0.31
20170117 37020 37500 36800 37370 21221 78792229 1.88 0.67 0.27 10010 11211 0.89 0.30
20170116 37700 37960 36580 37270 45101 167047106 3.65 1.54 -1.32 25581 19520 1.31 0.64
20170113 37580 38070 37580 37770 32674 123667638 1.29 1.10 -0.24 17170 15503 1.11 0.46
20170112 38130 38130 37720 37860 14815 56113686 1.07 0.49 -0.81 7973 6842 1.17 0.21
20170111 38590 38590 37850 38170 20855 79419183 1.93 0.65 -0.34 12691 8164 1.55 0.29
20170110 38900 39300 38220 38300 45990 178018930 2.82 1.67 0.10 26766 19224 1.39 0.65
20170109 37600 38350 37410 38260 32568 123825136 2.51 1.28 2.03 17254 15314 1.13 0.46
20170106 37680 38000 37450 37500 33706 127312647 1.46 1.58 -0.21 13455 20250 0.66 0.47
20170105 37350 37730 37350 37580 18561 69797016 1.01 0.79 0.11 9526 9035 1.05 0.26
20170104 37100 37680 36800 37540 28940 107840376 2.38 1.32 1.62 10881 18059 0.60 0.41
20170103 36600 37250 36590 36940 23999 89027700 1.79 1.04 0.38 15544 8455 1.84 0.34
20161230 36900 37270 36700 36800 22253 82335061 1.55 0.83 0.22 12238 10015 1.22 0.31
20161229 36790 36900 36600 36720 13156 48406333 0.81 0.44 -0.70 7458 5698 1.31 0.19
20161228 37520 37520 36820 36980 29463 108942350 1.87 1.00 -1.31 21013 8450 2.49 0.42
20161227 37720 37720 37000 37470 21113 78795027 1.92 0.64 -0.13 11495 9618 1.20 0.30
20161226 37390 37620 36920 37520 29307 109387903 1.87 0.87 0.03 20143 9164 2.20 0.41
20161223 37500 37600 36760 37510 41807.01 155701018.600
20161222 36770 37360 36770 37100 26168.19 97095148.820
20161221 36500 37140 36410 36700 28578.87 105163340.340
20161220 36200 36790 36090 36390 39769.79 145265723.720
20161219 36000 36650 36000 36250 32192.38 117065987.400
20161216 36150 36620 35780 35940 30461.49 109917304.110
20161215 36840 37070 36080 36180 31134.40 113547787.690
20161214 36910 37400 36100 37090 61409.74 224698783.190
20161213 37130 37580 36710 36890 41215.44 152517488.930
20161212 38420 38610 36900 37240 44994.01 169869016.010
20161209 38700 38700 38200 38390 26886.80 103383744.500
20161208 38050 38860 38050 38700 42578.46 163871732.460
20161207 37980 38120 37660 38020 15418.23 58501839.230
20161206 37800 38140 37600 37990 28480.06 107837609.940
20161205 38080 38880 37810 37810 40776.67 155749867.280
20161202 38050 38580 37800 38340 43301.96 165465655.600
20161201 38600 39390 37900 38300 61460.33 236841338.880
20161130 38450 38780 38210 38600 52953.93 203434040.450
20161129 38820 40080 38550 38640 99887.38 392593203.190
20161128 38740 39190 38500 38990 74319.76 289232130.150
20161125 38070 38650 38010 38460 66294.91 254814111.580
20161124 37510 38850 37160 38350 91354.56 348413080.250
20161123 37400 37560 37240 37560 38107.22 142621740.410
20161122 37460 37540 37160 37260 25164.73 93760091.760
20161121 37160 37590 37010 37340 27100.46 101117719.990
20161118 37390 37390 36990 37140 32094.34 119144899.430
20161117 37250 37420 37110 37350 28709.09 106886174.500
20161116 37340 37500 37260 37400 26631.10 99584854.260
20161115 37200 37440 37000 37290 27075.12 100841759.920
20161114 37600 37680 36960 37180 71905.40 267565392.540
20161111 38070 38100 37420 37470 45250.91 170252002.860
20161110 37930 38190 37750 37940 30812.05 117253687.830
20161109 38030 38040 37400 37750 25889.10 97738396.820
20161108 37700 38070 37610 38030 23898.37 90382424.000
20161107 37510 38210 37510 37630 26309.70 99627574.350
20161104 37730 38060 37700 37850 15158.04 57418412.640
20161103 37780 38240 37650 37800 27491.94 104361154.120
20161102 37990 38060 37700 37770 28562.98 107976742.150
20161101 37800 38010 37700 37970 26590.70 100634920.930
20161031 38010 38190 37690 37840 39726.71 150268718.370
20161028 38350 38590 38110 38260 31458.89 120369297.960
20161027 38300 38500 38210 38460 25419.35 97492298.130
20161026 38590 38740 38020 38330 36350.75 139701070.630
20161025 38960 39000 38410 38590 50357.12 194293661.100
20161024 39050 39300 38810 38930 35312.52 137812442.610
20161021 39150 39190 38530 38990 48215.57 187495314.880
20161020 38710 38750 38010 38600 25247.71 96893229.550
20161019 39000 39000 38500 38630 23941.67 92535029.940
20161018 38200 39000 38100 39000 45301.79 175637981.410
20161017 38160 38780 37900 38100 37509.62 143940586.710
20161014 38760 39000 37860 38150 63285.90 242079015.400
20161013 39530 39600 38720 38830 49773.21 194383425.630
20161012 39350 39770 39190 39440 29982.50 118415204.380
20161011 39610 39660 39190 39380 53079.20 209023834.850
20161010 41250 41250 38860 40060 109184.51 432379022.100
20160930 40120 41600 39680 41270 47435.28 194629578.460
20160929 40180 40500 39830 40120 27432.88 110024858.510
20160928 39950 40300 39750 40140 40082.94 160716731.290
20160927 38740 39780 38730 39680 38813.44 152917337.640
20160926 38700 39210 38660 38730 21287.56 82828228.910
20160923 39650 39800 39000 39000 22802.62 89554267.910
20160922 39100 39800 39020 39650 36596.80 144691373.330
20160921 39080 39350 38700 39150 21209.04 82806138.240
20160920 39170 39200 38700 39040 23760.89 92611136.090
20160919 38330 39100 38110 39070 48001.42 185517917.750
20160914 38250 38490 37620 38100 37380.09 142569958.730
20160913 37550 38300 37550 38200 34490.95 131153443.520
20160912 37130 37970 36700 37550 41587.73 156086241.170
20160909 38040 38200 37410 37440 35902.32 136132947.250
20160908 38060 38160 37770 37960 26715.57 101453160.360
20160907 38240 38240 37760 37880 38533.80 146343358.130
20160906 37780 38180 37200 38080 48010.53 181493232.050
20160905 37640 37890 37330 37560 44620.06 167734803.670
20160902 38220 38250 37170 37370 41352.73 155445937.740
20160901 37790 38280 37710 37980 53877.96 205065558.770
20160831 37300 37840 37260 37580 38994.41 146580135.130
20160830 37060 37680 37060 37380 44891.72 168087015.460
20160829 37740 37950 36980 37050 61346.04 227923278.050
20160826 37820 38040 37580 37700 51730.63 195386676.950
20160825 38110 38170 37710 37730 44573.98 168906897.000
20160824 38510 38680 38100 38230 45405.08 174045860.060
20160823 38300 38850 38280 38580 39769.81 153547380.960
20160822 38840 39080 38140 38280 40555.58 156004595.530
20160819 38870 39100 38480 38550 53226.59 206001080.850
20160818 39600 39800 38800 38890 53970.54 211191276.140
20160817 39940 40140 39500 39700 35120.54 139375826.450
20160816 39820 40510 39600 39810 57042.43 228403417.370
20160815 39560 40190 38750 40000 68641.13 271713987.300
20160812 39650 39690 39010 39550 36744.86 144306634.810
20160811 39230 40460 39220 39670 50969.74 203396361.620
20160810 39450 39540 39150 39220 24289.36 95421926.220
20160809 38700 39500 38700 39410 40444.60 158825331.060
20160808 38600 39000 38060 38900 44504.56 171034766.550
20160805 39490 39580 38660 38810 46534.13 181194147.580
20160804 39720 39730 39060 39470 20806.46 81837399.360
20160803 39390 39870 39030 39620 25340.68 100344090.640
20160802 39800 40250 39000 39550 39839.30 157070782.880
20160801 40310 40750 39350 39670 44189.11 175722737.900
20160729 40650 41490 40310 40770 60104.45 245590023.850
20160728 38970 40600 38800 40600 94911.86 380174757.140
20160727 40200 40300 38010 39110 94832.19 372480931.020
20160726 38690 40070 38400 40030 48443.19 190896106.800
20160725 38660 39670 38260 38590 34632.07 134753848.320
20160722 39190 39370 38400 38660 34331.66 133026989.210
20160721 39350 39940 39200 39290 32873.94 129800840.120
20160720 39590 39990 39200 39490 24914.78 98436357.940
20160719 40410 40600 39150 39450 51455.21 203754288.940
20160718 40560 41200 40340 40700 34626.92 141178214.240
20160715 40500 41470 40290 41080 42765.53 175598673.840
20160714 39990 40710 39990 40420 44671.01 180166058.250
20160713 40730 41550 39880 40350 81192.21 329201961.620
20160712 38080 41980 37800 41190 140333.56 567703879.180
20160711 38000 38360 37220 38160 49543.67 187422639.640
20160708 36860 38170 36620 37720 62409.86 234876598.780
20160707 36600 36900 36300 36860 44521.77 163129569.280
20160706 35940 36880 35940 36580 50866.15 185671851.500
20160705 36300 36380 35770 35900 42037.29 151232880.750
20160704 36100 36740 36040 36320 36650.63 133291447.610
20160701 36880 36980 36130 36270 23349.18 84973635.680
20160630 36270 36880 35900 36770 42115.89 153119182.270
20160629 36410 36610 35840 36260 32714.98 118380793.630
20160628 36500 37050 36060 36470 54092.99 196909970.800
20160627 35800 37050 35610 36810 59279.43 216911220.500
20160624 35590 36350 35000 35800 56982.32 203536771.290
20160623 35380 35790 34850 35630 73180.62 257328289.830
20160622 36250 36250 35100 35660 94543.69 334901401.210
20160621 36490 37300 36180 36350 53391.83 196592452.540
20160620 35800 36580 35380 36290 57257.62 206006284.430
20160617 35770 35950 35250 35800 57194.59 203984848.800
20160616 36720 37050 35460 35700 108990.48 393995865.240
20160615 36580 37370 36200 37110 97156.00 358350468.550
20160614 35160 37000 34900 36910 88128.59 321567467.780
20160613 34530 36110 34530 35350 70462.14 250357291.960
20160608 34210 35290 34000 35050 54426.02 189615001.100
20160607 34590 34750 34070 34210 35317.05 121293514.960
20160606 33970 34680 33610 34490 48808.89 167324998.120
20160603 33400 34300 33210 33750 48914.23 165538875.760
20160602 33460 34000 33010 33300 43052.29 143644135.340
20160601 51600 52500 51100 51300 35506.52 184207005.670
20160531 49910 51200 49910 51180 28503.87 145089514.730
20160530 49300 50220 48570 50000 23015.14 114361515.510
20160527 49660 50260 49340 49530 17266.77 85968842.350
20160526 48930 49680 48500 49670 32893.42 161275431.300
20160525 49090 49500 48300 48520 27362.80 133697589.270
20160524 49400 49490 48150 48900 23388.70 114104223.420
20160523 49300 50210 49200 49350 18441.48 91569631.140
20160520 49000 49950 48700 49300 31204.04 153483374.630
20160519 50900 51170 49620 49670 27800.51 140188498.790
20160518 51510 51510 50050 50590 22385.57 113515169.990
20160517 52010 52290 51500 51720 19567.84 101311866.100
20160516 51760 52370 50980 52290 28065.43 145144171.470
20160513 51280 52350 51080 52020 27686.00 143490000
20160512 50300 51280 50000 51150 22064.00 111890000
20160511 51500 52980 51160 51270 35280.00 184090000
20160510 50000 52050 49900 51530 33751.00 172380000
20160509 50480 50970 49480 50250 34221.00 171980000
20160506 53000 53190 50500 50980 58598.00 301300000
20160505 52400 53590 52400 53190 20712.00 109700000
20160504 53880 53880 52380 52750 27562.00 145610000
20160503 51310 53500 51010 53300 48018.00 253840000
20160429 51090 52300 50700 51450 44565.00 230680000
20160428 50310 51500 50000 51140 32818.00 166580000
20160427 50580 51500 50000 50500 43695.00 221930000
20160426 50600 51250 50000 50220 40751.00 205190000
20160425 52130 52190 50170 50700 69564.00 354250000
20160422 48610 53450 48570 52810 78446.00 399870000
20160421 48310 49930 48160 48790 34366.00 168790000
20160420 50050 50450 47500 48600 54389.00 263000000
20160419 48990 50180 48440 49980 36170.00 178710000
20160418 48560 49080 48080 48800 22462.00 109020000
20160415 48880 49270 48200 48570 25301.00 122680000
20160414 48700 49480 48420 49220 28330.00 138580000
20160413 50000 51250 48880 49000 60030.00 301050000
20160412 49030 51850 48300 50000 61535.00 309300000
20160411 48100 50480 47580 49500 61292.00 301300000
20160408 47000 49470 46350 48120 58584.00 280870000
20160407 45600 49470 45260 48050 69727.00 329340000
20160406 46160 46350 45180 45700 37824.00 172540000
20160405 44990 46500 44990 46150 19865.00 91550000
20160401 45800 45820 45100 45280 23742.00 107750000
20160331 46900 46900 45670 45990 35067.00 161510000
20160330 44580 46500 44570 46500 53919.00 246290000
20160329 43820 44680 43510 44530 29595.00 130500000
20160328 44440 45000 43770 43910 26633.00 118300000
20160325 44240 44560 44100 44440 15287.00 67850000
20160324 44690 44750 44000 44250 27545.00 122020000
20160323 44630 44950 44300 44750 17098.00 76260000
20160322 45720 45720 44150 44630 39016.00 174540000
20160321 46010 46640 45390 45760 46824.00 213930000
20160318 45200 46240 45010 45900 41477.00 189630000
20160317 44890 45400 44380 45380 30935.00 138980000
20160316 45460 45760 44440 44940 25183.00 113190000
20160315 44600 45690 44280 45500 29003.00 130840000
20160314 45370 46570 44680 45050 58049.00 263280000
20160311 43380 44790 43380 44700 32729.00 144590000
20160310 42720 44450 42720 43870 48370.00 211850000
20160309 43060 43500 42180 42710 22393.00 95990000
20160308 44080 44750 42580 43630 53235.00 231690000
20160307 44520 44900 43890 44550 35107.00 155650000
20160304 42910 44990 42830 44390 46993.00 206630000
20160303 43590 44400 43000 43110 48279.00 210240000
20160302 43120 46610 43000 44200 119907.00 529280000
20160301 41360 43100 40510 43100 42184.00 178170000
20160229 41750 42270 39900 41400 49988.00 206300000
20160226 41620 42880 41440 42000 39244.00 165710000
20160225 43400 43480 41500 41500 32036.00 136310000
20160224 43250 43560 42520 43500 39974.00 172600000
20160223 42970 43500 42250 43330 28002.00 119790000
20160222 42080 44190 42080 43000 61800.00 265880000
20160219 41510 41880 41110 41670 21366.00 88440000
20160218 41900 42080 41200 41490 25896.00 107710000
20160217 43200 43200 41510 41900 28104.00 118340000
20160216 42990 43400 42650 43190 30249.00 130400000
20160215 40000 43220 39840 42810 39670.00 168770000
20160205 40800 42800 40800 41660 33574.00 140980000
20160204 40700 41450 40220 40690 20054.00 81960000
20160203 39810 41690 39660 40700 33464.00 135530000
20160202 39100 39980 39000 39660 14575.00 57820000
20160201 38900 39390 38680 39150 18725.00 73150000
20160129 37550 39600 37350 38660 23697.00 92030000
20160128 37180 38880 37180 37500 38806.00 148160000
20160127 39000 39000 34860 38010 42469.00 156190000
20160126 39890 40150 37880 38010 29639.00 116100000
20160125 39500 40400 39110 40050 41163.00 164330000
20160122 39340 39990 38420 39120 25354.00 99410000
20160121 39500 40250 39060 39100 23954.00 95140000
20160120 40600 40790 39810 40150 21674.00 87400000
20160119 40150 40990 39800 40620 52489.00 212240000
20160118 39770 40990 39340 40050 33946.00 136670000
20160115 41500 41500 39660 40290 39235.00 159080000
20160114 39000 42000 38770 41800 43219.00 174460000
20160113 41010 42160 39410 39970 65082.00 265640000
20160112 40700 41000 39200 39270 42513.00 169850000
20160111 42010 43530 40000 40000 36822.00 154870000
20160108 42130 44000 41220 43210 46165.00 197140000
20160107 43620 44000 40930 41180 7003.00 29770000
20160106 43420 44900 43000 44680 46343.00 203790000
20160105 41680 44330 41010 43790 50272.00 217750000
20160104 44760 44760 42200 42280 21199.00 91540000
20151231 45760 45980 44330 44950 30212.00 135570000
20151230 46000 46480 44890 45900 43559.00 197910000
20151229 45430 47190 44880 45950 40846.00 188780000
20151228 43800 46660 43800 45700 52065.00 236650000
20151225 44600 46200 43500 43880 36015.00 161620000
20151224 43500 44330 43110 44330 41891.00 183540000
20151223 42310 43700 41870 43490 37355.00 160870000
20151222 42200 44100 41800 42620 36525.00 157040000
20151221 41000 43000 40600 42000 49633.00 207760000
20151218 41000 41440 40700 41090 30126.00 123200000
20151217 40850 41350 40480 41200 29580.00 121190000
20151216 40130 40840 40060 40610 29106.00 117820000
20151215 39900 40300 39880 40130 14932.00 59830000
20151214 39000 40190 38820 40040 17031.00 67680000
20151211 39500 39890 39040 39200 16663.00 65730000
20151210 40060 40830 39050 39050 21942.00 87540000
20151209 39900 40720 39680 40000 26259.00 105750000
20151208 39390 40080 39150 39810 31708.00 125950000
20151207 40000 40000 39100 39530 35631.00 140360000
20151204 40850 40850 39880 40080 26899.00 107930000
20151203 41700 41900 40100 41000 43906.00 179540000
20151202 40100 44400 40050 41700 79068.00 329230000
20151201 39350 41140 39000 40460 30358.00 121960000
20151130 39500 40000 38830 39350 29392.00 115790000
20151127 39930 39960 38500 38830 40281.00 158220000
20151126 40000 40200 39660 39940 40566.00 162060000
20151125 39660 40360 39100 39900 48118.00 192210000
20151124 40480 40480 39660 39980 39792.00 158830000
20151123 40500 42300 40310 40780 79567.00 328730000
20151120 40700 41330 40500 40900 31083.00 126720000
20151119 40350 41220 39800 41180 26812.00 107910000
20151118 41000 41150 40280 40380 29189.00 119390000
20151117 41990 42100 40880 40890 40066.00 165270000
20151116 40790 41960 40500 41930 23413.00 96340000
20151113 41000 41670 40890 41000 16745.00 68990000
20151112 41490 41710 40770 41200 20292.00 83440000
20151111 40700 41550 40700 41500 30509.00 126130000
20151110 41100 41300 40710 40880 25704.00 105250000
20151109 40000 41590 39930 41320 53182.00 217560000
20151106 39510 40400 39420 40010 35455.00 141630000
20151105 39700 40000 39110 39400 47607.00 188190000
20151104 39010 40580 39000 40180 30574.00 121740000
20151103 39180 39800 38530 38900 17831.00 69950000
20151102 38010 40260 38000 39380 31889.00 126620000
20151030 39000 40910 38700 39960 39458.00 157840000
20151029 38970 39460 38010 39290 27721.00 107310000
20151028 39690 40090 38120 38350 30983.00 121430000
20151027 39390 39900 38600 39890 50227.00 196620000
20151026 39550 39820 38750 39690 44234.00 174120000
20151023 39000 39880 38340 39100 72209.00 283840000
20151022 37000 39470 36520 39100 86967.00 328390000
20151021 37650 37990 36260 36600 57653.00 214400000
20151020 37190 37440 36810 37380 34038.00 126190000
20151019 37980 37980 36910 37300 33653.00 125710000
20151016 37600 38000 37100 37630 34793.00 130650000
20151015 36910 37660 36800 37530 29802.00 111220000
20151014 37050 38100 36680 36700 34460.00 129300000
20151013 37500 37690 37080 37300 29323.00 109620000
20151012 36230 38050 36210 37860 82665.00 308120000
20151009 36700 36980 35800 36720 36219.00 131640000
20151008 36980 37300 36190 37150 56228.00 207500000
20150930 36440 36780 35310 36050 28262.00 101760000
20150929 34880 37250 34800 36500 31102.00 112160000
20150928 35560 35960 34610 35350 23333.00 81680000
20150925 36490 36680 35050 35450 20054.00 72030000
20150924 36700 36990 36320 36500 12481.00 45770000
20150923 36780 37200 36300 36640 13837.00 50780000
20150922 37400 37440 36460 36700 13934.00 51480000
20150921 36000 37320 35580 37130 20353.00 75010000
20150918 36160 36880 35700 36200 10243.00 37030000
20150917 36500 38170 36120 36120 27408.00 101390000
20150916 34500 37560 34170 36500 25443.00 90880000
20150915 33910 34700 33660 34440 15007.00 51430000
20150914 35990 36170 33730 34260 33565.00 116300000
20150911 36350 36720 35700 35930 17656.00 63720000
20150910 36200 37090 36190 36350 15453.00 56570000
20150909 36600 37480 36110 36980 38871.00 144120000
20150908 34600 36550 34090 36540 33445.00 119400000
20150907 34670 36300 34310 34600 34320.00 121210000
20150902 32980 34600 32550 34600 42283.00 143080000
20150901 34000 34780 33000 33750 40079.00 135260000
20150831 35950 35950 34000 34500 54768.00 190530000
20150828 35200 36800 34500 36460 64627.00 228230000
20150827 35000 35500 33050 35120 53497.00 185200000
20150826 33850 35290 31150 34090 69641.00 236420000
20150825 32100 35100 31970 32500 78445.00 264340000
20150824 35100 35990 33240 34000 98089.00 335440000
20150821 38500 39490 36880 36930 67941.00 256500000
20150820 39000 42000 39000 39530 59833.00 241160000
20150819 37800 40050 37010 39630 57669.00 220800000
20150818 41250 42280 38000 38690 64329.00 261810000
20150817 41000 41850 40730 41500 42828.00 176830000
20150814 41850 42150 40860 40990 45928.00 189670000
20150813 41520 42240 40670 41850 66137.00 272680000
20150812 41900 44970 41500 41700 61605.00 264620000
20150811 42890 44400 42500 42640 62566.00 271330000
20150810 40850 43330 40810 42800 69374.00 291030000
20150807 40620 41490 40390 40730 31262.00 127890000
20150806 40640 41580 40510 40600 33378.00 136760000
20150805 41900 42000 40720 41480 53584.00 221440000
20150804 41460 42410 40630 42220 88010.00 366050000
20150803 38060 41800 38060 41770 79209.00 318190000
20150731 36800 38960 36800 38860 58745.00 225350000
20150730 38990 39770 37500 37520 43601.00 168700000
20150729 39500 39940 37010 39000 59311.00 228570000
20150728 37190 39800 37190 39100 86459.00 332480000
20150727 40060 41040 37500 37950 90505.00 357050000
20150724 42600 43000 40300 40980 59183.00 247320000
20150723 42100 42940 40900 42300 66584.00 280160000
20150722 41120 42000 40290 41340 55343.00 228370000
20150721 39190 41520 38880 41520 55816.00 226740000
20150720 40000 41250 39250 39850 85835.00 348120000
20150717 38070 40840 38010 40260 81216.00 321890000
20150716 34700 38800 33200 38200 105703.00 387730000
20150715 39960 39960 34000 35400 130886.00 491080000
20150714 36330 36330 36330 36330 4687.00 17020000
20150707 34980 36850 33030 33030 82342.00 279480000
20150706 36680 40480 33160 36700 126565.00 449010000
20150703 36730 38600 35390 36840 105512.00 391680000
20150702 37710 38680 36100 37000 73133.00 275290000
20150701 38300 39800 36500 37710 78085.00 301430000
20150630 34870 38480 34000 38360 79735.00 291460000
20150629 38450 38580 33620 35390 118578.00 430850000
20150626 40000 41430 37350 37350 80499.00 310600000
20150625 40560 43100 40150 41500 86232.00 362530000
20150624 40300 40950 39110 40550 49639.00 199060000
20150623 40000 41200 36750 39900 63818.00 249050000
20150619 41980 43310 39510 39700 120217.00 500610000
20150618 42410 43500 41300 41400 70065.00 296660000
20150617 42600 42650 39300 42400 67132.00 277990000
20150616 44700 44700 41020 42000 80348.00 347860000
20150615 43000 45160 42600 44590 117940.00 518790000
20150612 43050 44440 42610 43030 118037.00 510710000
20150611 40840 43000 40840 43000 114718.00 483220000
20150610 40000 41200 39800 40820 74408.00 303090000
20150609 40000 41000 39780 40180 60406.00 243080000
20150608 40340 40950 39310 40200 75355.00 300120000
20150605 39770 40990 39090 40990 102762.00 411530000
20150604 40670 40670 36900 39490 85024.00 330250000
20150603 42440 42990 39880 41000 96900.00 399260000
20150602 42300 43140 41600 42360 75204.00 317830000
20150601 40000 42010 39300 41800 79642.00 328030000
20150529 41060 42090 37710 39810 64185.00 255190000
20150528 41990 42990 41060 41060 69773.00 294500000
20150527 42650 42650 41100 42000 62790.00 264330000
20150526 41890 43490 41420 42700 71883.00 305540000
20150525 41000 43500 40500 41500 89651.00 375450000
20150522 43000 43500 40030 41710 83420.00 347440000
20150521 38000 41900 37900 41900 108057.00 438500000
20150520 37300 38880 37030 38090 77187.00 294490000
20150519 36250 37490 35850 37300 65874.00 243030000
20150518 37800 37850 35750 36050 76024.00 277950000
20150515 37490 38390 36590 37290 52500.00 197390000
20150514 37980 37980 36000 37500 53628.00 197670000
20150513 58000 58480 56020 57490 32703.00 186750000
20150512 57730 59290 57000 57920 36796.00 213160000
20150511 55300 58500 54110 58070 49800.00 284100000
20150508 51500 54800 51450 54620 45130.00 238880000
20150507 51750 52040 49910 50950 19256.00 97740000
20150506 52400 54500 51210 51750 31194.00 164180000
20150505 51590 54800 51200 52080 66326.00 352080000
20150504 50110 51200 50110 50890 22712.00 115220000
20150430 50970 51780 49350 49750 34369.00 172960000
20150429 49950 52240 49490 50900 21737.00 110950000
20150428 52450 52890 49700 49910 47092.00 239870000
20150427 52450 53010 51500 52590 26475.00 137670000
20150424 54020 55080 51750 52470 32408.00 170920000
20150423 52710 55810 52500 55080 42749.00 232070000
20150422 51020 53500 51020 52310 26548.00 139440000
20150421 49410 51500 48680 50940 32195.00 161570000
20150420 49750 50190 49160 49410 39191.00 194190000
20150417 50300 50620 49810 50180 27701.00 139150000
20150416 49270 50980 48680 49920 33930.00 168410000
20150415 51640 51750 49150 50300 27251.00 137540000
20150414 51880 52400 51320 51640 35135.00 181950000
20150413 52400 53000 51000 51860 39016.00 201980000
20150410 53510 54000 51210 52000 50588.00 264230000
20150409 52000 52900 49000 52590 39719.00 201450000
20150408 51380 52970 50900 51200 33009.00 170480000
20150407 50240 52200 50220 51470 30968.00 158900000
20150403 50000 51000 49000 50200 24452.00 122590000
20150402 51100 51490 49710 50200 34270.00 172780000
20150401 48000 53490 47610 51300 32574.00 165420000
20150331 48800 51000 47990 48650 63966.00 316500000
20150330 44840 47960 44820 47410 51212.00 238060000
20150327 45280 45500 44070 44810 31772.00 142210000
20150326 43610 45800 43610 45230 62310.00 280510000
20150325 44380 44500 43000 44280 48042.00 209910000
20150324 44000 44600 43700 44430 31190.00 137760000
20150323 44650 44770 43410 44200 60285.00 265020000
20150320 45430 45430 43990 44790 35911.00 159100000
20150319 45300 45800 44800 45450 20950.00 94740000
20150318 45290 45360 44650 45240 19861.00 89380000
20150317 45090 45480 44550 45010 16858.00 75880000
20150316 45800 45920 44010 45050 24543.00 110450000
20150313 42000 45300 41900 45050 24941.00 110380000
20150312 43600 45940 42490 42510 24247.00 106730000
20150311 41400 42950 41300 42000 18109.00 76390000
20150310 41000 41660 40990 41440 8034.00 33270000
20150309 40800 41680 39830 41190 12801.00 52130000
20150306 41500 41990 40580 40800 15895.00 65500000
20150305 41510 42150 41120 41400 13307.00 55280000
20150304 41300 42600 40400 41630 20686.00 86100000
20150303 42260 42850 41300 41390 20218.00 84690000
20150302 41230 42270 41030 42260 24947.00 103890000
20150227 41600 41780 40000 41240 25952.00 106390000
20150226 41570 41940 41050 41530 17823.00 73720000
20150225 43080 43180 41120 41670 20163.00 84870000
20150217 41810 43300 41180 43080 29438.00 124240000
20150216 41660 42380 41110 41800 19311.00 80490000
20150213 41010 43400 41000 41560 32396.00 135670000
20150212 38710 39800 38150 39800 21451.00 83490000
20150211 38250 39390 38040 38780 23873.00 92730000
20150210 37520 38180 37400 38040 10083.00 38220000
20150209 38000 38600 37320 37810 25328.00 95560000
20150206 38980 39280 38070 38710 13705.00 53170000
20150205 38200 39000 37700 38960 38203.00 147550000
20150204 39200 39250 37300 37650 44622.00 169580000
20150203 38590 39350 38590 38920 17160.00 66740000
20150202 38740 39990 38410 38560 21726.00 85360000
20150130 40790 41200 38510 39000 21287.00 84450000
20150129 39000 41100 38900 40900 11916.00 48300000
20150128 39980 40500 39100 40160 17729.00 70930000
20150127 41010 41490 39410 39980 22985.00 91860000
20150126 41900 42300 40500 41150 16946.00 69430000
20150123 41700 42000 40080 41580 19090.00 79130000
20150122 40700 42420 39800 42210 25409.00 106650000
20150121 40050 41600 39610 40700 22508.00 91430000
20150120 38830 40100 37900 40050 27218.00 107130000
20150119 38000 39600 37810 38400 26623.00 102800000
20150116 39970 40100 38800 39450 29705.00 117220000
20150115 39600 41300 39130 39900 19167.00 76720000
20150114 41020 41480 39020 39910 22460.00 90300000
20150113 41300 41630 39890 41460 23346.00 95810000
20150112 38180 42450 37610 41140 38461.00 157900000
20150109 37500 39390 37400 38600 42755.00 165560000
20150108 38520 39470 38000 38300 46843.00 182240000
20150107 39870 39870 37760 38680 71477.00 275490000
20150106 36900 39450 36700 39450 49501.00 191540000
20150105 33990 35860 32800 35860 71093.00 250780000
20141231 31400 33050 30780 32600 30365.00 96160000
20141230 32150 32220 30990 31390 24214.00 76080000
20141229 32880 32880 31700 32070 34546.00 110760000
20141226 33060 33380 32600 33100 17590.00 58090000
20141225 32500 33660 32500 33150 32518.00 108390000
20141224 31780 32890 31780 32420 29297.00 94890000
20141223 31920 32600 31300 31700 28643.00 91660000
20141222 32880 32890 31810 31900 28751.00 92320000
20141219 33150 33230 32600 32800 19641.00 64540000
20141218 33430 33860 33090 33220 26910.00 89860000
20141217 34410 34420 33250 33430 28244.00 94850000
20141216 35730 35730 34040 34410 29312.00 101100000
20141215 35280 36280 35100 35500 45416.00 162750000
20141212 34010 35450 34010 35010 32426.00 113080000
20141211 33510 34590 33510 34010 36372.00 124190000
20141210 32410 33700 31730 33470 43101.00 141290000
20141209 33250 33250 31700 32450 44242.00 143540000
20141208 34130 34130 33100 33230 42060.00 140880000
20141205 35500 35500 33520 34210 46855.00 161550000
20141204 34310 35980 34310 35620 60825.00 214490000
20141203 33800 34660 33520 33920 43075.00 146560000
20141202 33730 34340 33590 33930 34489.00 116820000
20141201 33460 35490 33290 33590 61361.00 210700000
20141128 32990 33430 32450 33390 41073.00 135800000
20141127 34030 34030 32780 33020 43848.00 145210000
20141126 34480 34490 33610 33960 21144.00 71840000
20141125 34180 34660 33800 34480 20282.00 69550000
20141124 33700 34650 33380 34200 42723.00 145900000
20141121 33410 33500 33110 33200 11196.00 37240000
20141120 33850 34020 33270 33370 14788.00 49600000
20141119 33210 34200 33070 34180 17815.00 59890000
20141118 33700 33770 33100 33180 16476.00 55060000
20141117 33590 34090 33030 33770 13563.00 45620000
20141114 33620 34290 32970 33550 19558.00 65460000
20141113 34360 34400 32910 34000 19997.00 67170000
20141112 34030 34640 33900 34220 16043.00 54820000
20141111 35310 35310 34090 34200 20275.00 69740000
20141110 34690 35440 34010 35400 24086.00 83680000
20141107 35700 36180 34810 34860 29370.00 103620000
20141106 34850 35930 34600 35700 29561.00 104660000
20141105 34840 35280 34380 34850 24717.00 85740000
20141104 35480 35750 34350 34890 27749.00 96600000
20141103 36080 36130 35020 35460 25480.00 90450000
20141031 35790 36500 35160 36090 31894.00 114220000
20141030 36000 36500 35440 35490 32158.00 115390000
20141029 35050 36790 34850 36490 70225.00 251660000
20141028 31480 34320 31220 34320 53737.00 178370000
20141027 30560 31480 30180 31200 16990.00 52770000
20141024 31720 32300 30650 30830 21925.00 69100000
20141023 30640 31390 30360 31270 17005.00 52730000
20141022 30870 30870 30320 30650 13135.00 40190000
20141021 30740 30960 30400 30820 17661.00 54180000
20141020 31150 31290 30510 30790 16567.00 50820000
20141017 31560 31680 30500 31140 13846.00 43050000
20141016 31700 32500 31520 31560 18901.00 60390000
20141015 31170 32000 30640 31950 23901.00 75390000
20141014 31800 31810 30650 31050 17690.00 55180000
20141013 31020 31750 30500 31620 30191.00 94830000
20141010 30700 31570 30410 31160 35201.00 109730000
20141009 30980 30980 30500 30700 14260.00 43690000
20141008 30050 30920 30050 30890 20433.00 62540000
20140930 29780 30250 29780 29980 14437.00 43350000
20140929 30000 30150 29760 29780 13158.00 39290000
20140926 29840 30140 29750 30030 12765.00 38290000
20140925 30030 30140 29670 29900 15114.00 45180000
20140924 29530 30190 29350 30030 17906.00 53480000
20140923 29250 29610 29100 29610 18088.00 53050000
20140922 30060 30150 29100 29320 24691.00 72510000
20140919 30480 30490 29700 30070 20807.00 62310000
20140918 30330 30590 30040 30380 15905.00 48290000
20140917 30720 30910 29930 30340 11038.00 33470000
20140916 31600 31910 30700 30720 20096.00 62940000
20140915 31680 32330 31490 31600 25140.00 80080000
20140912 30850 31480 30730 31440 19323.00 60430000
20140911 31000 31300 30630 30890 20966.00 64900000
20140910 31500 31600 30390 31160 31917.00 98520000
20140905 30280 30280 29990 30180 14758.00 44420000
20140904 29990 30200 29980 30150 13482.00 40590000
20140903 30390 30390 29960 30100 18572.00 55820000
20140902 30190 30280 29910 30220 11439.00 34440000
20140901 29440 30160 29440 29950 11387.00 34120000
20140829 29450 29710 29290 29450 7055.00 20780000
20140828 29830 29830 28850 29600 5870.00 17230000
20140827 29590 30050 29510 29800 7987.00 23710000
20140826 29740 29880 29310 29600 9076.00 26820000
20140825 30180 30240 29560 29650 10254.00 30610000
20140822 30150 30450 30020 30200 7427.00 22440000
20140821 30110 30490 29850 30000 9598.00 28830000
20140820 30660 30880 30100 30220 10456.00 31860000
20140819 30880 31130 30580 30660 8461.00 26030000
20140818 30400 31160 30400 31070 17735.00 54870000
20140815 30310 30580 30130 30480 11089.00 33720000
20140814 30490 30700 30110 30350 8783.00 26720000
20140813 30550 30860 30000 30650 16392.00 49690000
20140812 31110 31490 30460 30990 35617.00 109500000
20140811 30260 31700 30000 31700 19865.00 61310000
20140808 30250 30510 30040 30210 7606.00 23020000
20140807 29870 30850 29870 30220 14287.00 43360000
20140806 31000 31000 29660 30110 46107.00 138720000
20140805 31320 31470 30440 31270 21021.00 65080000
20140804 29890 31250 29510 31190 23496.00 71790000
20140801 29700 30050 29380 29980 23854.00 70930000
20140731 30300 30450 29500 29660 21680.00 64530000
20140730 30220 30460 30000 30140 10827.00 32660000
20140729 30340 30500 29750 30300 30389.00 91510000
20140728 29660 30950 29370 30280 44733.00 135640000
20140725 27680 29370 27620 29370 55038.00 158390000
20140724 26650 27170 26500 26700 11983.00 32020000
20140723 27360 27380 26500 26880 15526.00 41760000
20140722 27500 27710 27150 27480 12608.00 34430000
20140721 27500 27990 27170 27690 22985.00 63560000
20140718 26360 27550 26100 27080 15187.00 40990000
20140717 26870 26880 26210 26370 4509.00 11900000
20140716 26450 26720 26220 26660 9673.00 25580000
20140715 25790 26480 25790 26450 15107.00 39600000
20140714 26050 26050 25510 25790 13158.00 33910000
20140711 26460 26670 25950 26060 11483.00 30070000
20140710 26910 27000 26380 26430 7898.00 21040000
20140709 27300 27340 27000 27000 3503.00 9500000
20140708 27170 27320 26900 27170 6853.00 18540000
20140707 27580 27580 27080 27190 4075.00 11100000
20140704 28000 28000 27380 27490 8854.00 24390000
20140703 27720 28110 27630 28070 10259.00 28600000
20140702 27890 27990 27430 27630 6901.00 19040000
20140701 28260 28270 27710 27800 9855.00 27440000
20140630 27220 28300 27070 28270 10379.00 28740000
20140627 26990 27190 26850 27100 15316.00 41480000
20140626 27000 27200 26820 26990 8482.00 22890000
20140625 27200 27200 26400 26840 7483.00 20000000
20140624 27300 27300 26620 27040 14138.00 38230000
20140623 27170 27730 27170 27300 6363.00 17500000
20140620 27770 27770 26950 27170 6676.00 18120000
20140619 28800 29040 27060 27490 6093.00 17000000
20140618 29080 29550 28880 28900 3824.00 11130000
20140617 29780 29780 29010 29200 4395.00 12850000
20140616 29590 30150 29590 29800 5359.00 16020000
20140613 29500 29600 29370 29590 3548.00 10480000
20140612 29330 29620 29220 29520 2078.00 6110000
20140611 29500 29670 29200 29510 2012.00 5930000
20140610 28710 29650 28710 29570 3222.00 9460000
20140609 29570 29580 28690 28730 5767.00 16840000
20140606 29960 30140 29500 29560 4523.00 13430000
20140605 29800 29980 29610 29970 2294.00 6850000
20140604 29870 29940 29660 29810 2363.00 7030000
20140603 29900 30190 29710 29800 2303.00 6880000
20140530 30680 30680 29910 29980 3137.00 9450000
20140529 30470 30860 30300 30410 3386.00 10330000
20140528 30000 30500 29800 30410 3668.00 11130000
20140527 30350 30620 29790 29910 3267.00 9820000
20140526 30210 30650 30210 30420 3584.00 10900000
20140523 30310 30770 30100 30350 4335.00 13150000
20140522 29570 31100 29420 30300 8431.00 25690000
20140521 29250 29740 29140 29600 2240.00 6590000
20140520 29680 29900 29100 29410 4593.00 13500000
20140519 28800 29840 28170 29680 8750.00 25040000
20140516 29980 30200 27150 29000 5421.00 15920000
20140515 38900 38920 37550 38100 5719.00 21770000
20140514 39010 39260 38510 38820 2304.00 8950000
20140513 39010 39480 38670 39150 4926.00 19290000
20140512 38700 39450 38030 39100 6627.00 25590000
20140509 38680 40180 38010 38400 8389.00 32630000
20140508 38000 39030 38000 38530 6418.00 24820000
20140507 38690 39600 38210 39170 8355.00 32520000
20140506 39300 39350 38710 38840 8489.00 33080000
20140505 39200 39720 38220 39410 13189.00 51450000
20140430 38100 39880 37720 39720 18301.00 72010000
20140429 35800 38300 35000 38050 16251.00 60470000
20140428 36970 36970 35800 35850 7147.00 25790000
20140425 36690 37480 36680 36970 6387.00 23790000
20140424 36700 37570 36550 36680 6493.00 24010000
20140423 36970 37580 36500 36570 5898.00 21700000
20140422 37760 37900 36830 37290 4701.00 17540000
20140421 36760 37850 36300 37760 8331.00 31180000
20140418 37000 37180 36610 36860 2082.00 7690000
20140417 36580 37280 36500 37080 5097.00 18880000
20140416 37840 37950 36000 37250 13626.00 50200000
20140415 37400 37970 37390 37830 11803.00 44580000
20140414 37340 37750 36980 37590 9279.00 34710000
20140411 36310 37750 36000 37320 16673.00 62230000
20140410 36010 36800 35960 36400 22721.00 82810000
20140409 35200 35870 35000 35620 7698.00 27360000
20140408 34480 35300 34250 35110 8049.00 28210000
20140404 34000 34700 33900 34510 10760.00 37040000
20140403 33470 35110 33010 34500 13387.00 45770000
20140402 33850 34080 32890 33470 16851.00 56580000
20140401 34070 34490 33380 33880 8905.00 30250000
20140331 34330 34780 33600 34070 9702.00 33040000
20140328 35290 35350 34360 34360 7507.00 26100000
20140327 35550 35920 34750 35300 10370.00 36610000
20140326 35280 35740 34910 35500 7359.00 26030000
20140325 35200 35480 34510 35370 8966.00 31570000
20140324 34390 35490 34300 34940 23138.00 81120000
20140321 33500 34500 33430 33970 19587.00 66950000
20140320 33030 34500 33030 33900 13581.00 46130000
20140319 33510 33700 32810 33030 7845.00 25920000
20140318 33490 34480 33400 33500 12437.00 42150000
20140317 32500 34200 32500 33510 15440.00 51510000
20140314 32720 32820 32190 32500 7085.00 23010000
20140313 32580 33170 32520 32700 5967.00 19600000
20140312 32980 33240 32410 32590 14661.00 47950000
20140311 33880 33950 32550 33060 21453.00 71000000
20140310 34570 34720 33610 33750 18361.00 62790000
20140307 33610 34670 33400 34220 22935.00 78100000
20140306 33600 33620 32150 33600 38633.00 126000000
20140305 34750 34890 33320 33500 22713.00 76430000
20140304 35010 35280 34410 34730 16863.00 58530000
20140303 34500 35030 33880 34970 14366.00 49750000
20140228 34040 34650 33000 34500 22936.00 77600000
20140227 34430 35390 34000 34130 21108.00 73510000
20140226 35100 35660 33410 34420 31459.00 108240000
20140225 38050 38480 34310 34890 53486.00 194170000
20140224 40700 40850 37320 38120 34882.00 135410000
20140221 41300 42280 40250 41030 16986.00 69860000
20140220 39810 41300 39430 41290 31320.00 127160000
20140219 39050 39990 39020 39420 13439.00 53110000
20140218 40290 40480 38510 39050 19725.00 76980000
20140217 39430 40360 39100 40000 14446.00 57290000
20140214 37760 39660 37760 39080 28914.00 113070000
20140213 38710 38880 37560 37760 12236.00 46410000
20140212 38660 38930 37850 38300 13002.00 49540000
20140211 39310 39450 38350 38610 10242.00 39770000
20140210 38850 39430 38100 39300 16146.00 62590000
20140207 37420 38980 37420 38880 5152.00 19890000
20140130 39400 39690 37650 37700 8162.00 31400000
20140129 40640 40640 38900 39300 10481.00 41650000
20140128 40000 41150 39390 40590 8647.00 34960000
20140127 38820 40500 38500 40000 17879.00 70840000
20140124 38220 39640 37630 38800 15741.00 60650000
20140123 37940 38300 37180 38110 13641.00 51510000
20140122 37400 38280 37010 37950 8667.00 32690000
20140121 38630 38880 36950 37320 10502.00 39350000
20140120 37710 38660 37510 38600 6832.00 25910000
20140117 39390 39660 37700 37800 11848.00 45490000
20140116 39900 39980 39000 39390 8356.00 32890000
20140115 40300 40400 39560 39980 7554.00 30210000
20140114 40100 40380 38960 40260 6706.00 26610000
20140113 39500 40450 38800 39670 26417.00 104690000
20140110 38600 39800 38500 38700 29555.00 115390000
20140109 38650 39000 36900 37900 14270.00 53910000
20140108 38450 39270 38260 38800 9633.00 37370000
20140107 39750 39750 38140 38680 10690.00 41150000
20140106 40590 40590 39060 39800 8078.00 32160000
20140103 41450 42000 39870 41150 7120.00 29040000
20140102 39700 42050 39060 41420 10977.00 45080000
20131231 38100 39750 37520 39480 12870.00 49970000
20131230 39000 39000 37460 38110 14501.00 55080000
20131227 38800 39560 37930 38950 6014.00 23230000
20131226 39740 40450 38500 38710 4855.00 18970000
20131225 39560 39960 38960 39700 5484.00 21700000
20131224 38520 39650 38130 39580 8668.00 34070000
20131223 37750 38710 37340 38600 9549.00 36590000
20131220 37850 38760 37500 37700 7579.00 28810000
20131219 39560 39900 37010 38550 9779.00 37670000
20131218 39280 40700 39010 39460 4862.00 19380000
20131217 40510 40600 39280 39360 6081.00 24250000
20131216 41800 42790 40200 40600 11729.00 48530000
20131213 40700 41980 40050 41800 7603.00 31270000
20131212 40990 41100 39850 40900 8039.00 32620000
20131211 40870 41680 39880 40990 9120.00 37150000
20131210 38920 41290 38710 40960 21742.00 87460000
20131209 37790 40000 37270 38880 30359.00 118310000
20131206 37880 38000 36650 37230 12437.00 46230000
20131205 37350 38500 36550 37960 17764.00 66600000
20131204 36370 38100 35850 37550 15882.00 58650000
20131203 35000 37100 34980 36340 15961.00 57500000
20131202 37110 37200 34100 35500 16112.00 58910000
20131129 38390 38390 37450 37800 13931.00 52500000
20131128 37700 38850 37420 38280 15072.00 57820000
20131127 37390 37900 37100 37400 8775.00 32880000
20131126 37500 38000 37310 37800 7071.00 26520000
20131125 36480 38120 35520 38120 13532.00 50740000
20131122 35310 36800 35310 36520 8494.00 30750000
20131121 35700 35700 34920 35470 5817.00 20570000
20131120 35600 35990 35100 35700 2944.00 10480000
20131119 35580 35880 35500 35600 5052.00 18010000
20131118 35600 36000 35330 35580 4271.00 15230000
20131115 34820 35900 34510 35440 4253.00 15040000
20131114 34240 35360 34120 34820 2179.00 7570000
20131113 34970 34970 34260 34540 3782.00 13060000
20131112 33510 35000 33510 34630 6115.00 21140000
20131111 33400 33900 33060 33700 4536.00 15220000
20131108 33940 34140 33330 33400 3572.00 12030000
20131107 34900 35090 33260 33700 8731.00 29890000
20131106 36140 36150 34500 35480 3505.00 12500000
20131105 35900 36400 35880 36160 2834.00 10220000
20131104 35800 37000 35610 36250 7778.00 28240000
20131101 36520 37000 35030 36010 9402.00 34010000
20131031 36900 37500 35900 37000 7894.00 29200000
20131030 35910 37500 35910 36900 13907.00 51420000
20131029 37670 37830 36100 36430 10448.00 38410000
20131028 37000 38300 36650 37790 19875.00 74900000
20131025 36450 38820 36450 37090 20964.00 78410000
20131024 35810 36180 35260 35290 3441.00 12230000
20131023 34780 36120 34780 35900 11819.00 41980000
20131022 35180 35180 34000 35000 5158.00 17850000
20131021 34600 35320 34200 35180 8066.00 28210000
20131018 32900 34880 32740 34580 11939.00 40740000
20131017 34000 34940 32650 32960 11942.00 39940000
20131016 35280 35390 34010 34340 6710.00 23110000
20131015 35890 35890 35000 35240 4718.00 16650000
20131014 35500 35980 34750 35890 10854.00 38250000
20131011 35500 36180 35500 35600 6937.00 24820000
20131010 36200 36650 34990 35770 12474.00 44390000
20131009 36980 37080 36300 36650 6099.00 22290000
20131008 36400 37480 36400 36670 5604.00 20740000
20130930 36020 36600 35810 36400 2269.00 8220000
20130927 35700 36400 35700 36020 6454.00 23270000
20130926 36910 36910 35550 35950 8878.00 32080000
20130925 37800 38290 36980 36980 8074.00 30400000
20130924 37890 38250 37100 37800 6568.00 24780000
20130923 38070 38500 37310 37900 6261.00 23680000
20130918 38400 39330 38100 38220 8000.00 30970000
20130917 37570 38750 36810 38570 13347.00 50670000
20130916 37370 38200 37120 37570 5756.00 21650000
20130913 37290 37870 37000 37520 6946.00 25970000
20130912 37000 38050 36860 37280 11045.00 41370000
20130911 35730 37290 34020 37290 14396.00 51740000
20130910 36000 36280 35550 35730 7395.00 26570000
20130909 35640 36320 35310 36100 12640.00 45220000
20130906 36270 36270 35600 35640 9159.00 32770000
20130905 36210 36850 36210 36270 5280.00 19240000
20130904 37000 37250 36200 36280 7401.00 27070000
20130903 37240 37380 36580 37150 5884.00 21710000
20130902 36200 37250 34510 37190 11109.00 40280000
20130830 36000 37100 35750 36010 10651.00 38830000
20130829 37510 37520 36130 36270 7595.00 27710000
20130828 38000 38200 37420 37510 5243.00 19780000
20130827 38090 38530 37500 38270 12210.00 46420000
20130826 36400 38200 36130 38100 14489.00 53640000
20130823 37200 37310 35550 36100 15106.00 54570000
20130822 36630 37480 36490 36970 7629.00 28320000
20130821 37910 38100 36460 37300 12874.00 47590000
20130820 38990 39220 37800 37900 13042.00 50340000
20130819 38410 38940 37500 38900 11008.00 42150000
20130816 38670 39200 38280 38420 5838.00 22620000
20130815 40050 40370 38580 39000 9003.00 35220000
20130814 39510 40460 39350 40420 7418.00 29730000
20130813 39670 39670 38740 39500 4705.00 18510000
20130812 40220 40590 38530 39680 12930.00 50880000
20130809 41000 41190 39900 40220 6580.00 26590000
20130808 41190 41580 40240 40960 9504.00 38770000
20130807 40280 41680 40280 41300 15057.00 61980000
20130806 39450 40990 38910 40250 8308.00 33370000
20130805 39300 40280 38660 39450 10932.00 43330000
20130802 37700 39610 37700 39390 17565.00 68460000
20130801 37000 38150 37000 37610 6980.00 26330000
20130731 38000 38000 36520 37000 8104.00 30000000
20130730 37350 38500 36500 36520 15544.00 57540000
20130729 37490 38860 36550 37690 15172.00 57790000
20130726 37000 38250 35500 37500 15731.00 58320000
20130725 35990 38150 35280 37700 15159.00 55850000
20130724 36150 36620 35670 35910 7727.00 27860000
20130723 35520 36700 35500 36520 17031.00 61290000
20130722 37580 37580 35510 35900 5418.00 19690000
20130719 36500 36950 35200 35770 9600.00 34610000
20130718 35980 36690 34500 36690 13718.00 48900000
20130717 36890 37500 35550 36000 8947.00 32470000
20130716 37490 38500 36950 37020 7419.00 27740000
20130715 36530 37850 36530 37060 8264.00 30760000
20130712 37370 37390 36250 37100 9942.00 36470000
20130711 33970 37530 33970 37480 11779.00 42600000
20130710 34790 34800 33900 34410 3812.00 13100000
20130709 34130 35030 34110 34550 3482.00 12000000
20130708 34920 35830 34520 34830 9430.00 33230000
20130705 33400 36880 33400 35220 17775.00 63000000
20130704 34400 34850 33700 33850 9228.00 31660000
20130703 33580 34880 33000 34490 15077.00 51730000
20130702 33020 34400 32400 33640 15955.00 53090000
20130701 32790 33370 32400 33160 9617.00 31780000
20130628 31830 33090 31500 32620 10088.00 32870000
20130627 31550 32800 31350 31850 8931.00 28610000
20130626 30140 31580 30140 31550 12130.00 37780000
20130625 29590 30280 27200 30140 22929.00 65470000
20130624 30660 30820 29500 29590 21788.00 65350000
20130621 29800 31500 29030 31060 9136.00 27600000
20130620 31770 31780 30490 30580 8139.00 25290000
20130619 32230 32480 30760 32000 8508.00 26780000
20130618 32100 32850 31550 32030 6342.00 20420000
20130617 32060 32450 31340 32250 10234.00 32860000
20130614 30750 32050 30700 31910 16266.00 51380000
20130613 30400 31300 28910 31090 16675.00 49630000
20130607 30500 31450 30300 30490 17180.00 53030000
20130606 29980 31010 29810 30550 9119.00 27940000
20130605 30040 30750 29480 30300 14595.00 44150000
20130604 30920 30920 29580 29880 13212.00 39650000
20130603 31660 32190 30440 31000 16482.00 51280000
20130531 31290 32280 31210 31650 22892.00 72910000
20130530 31230 31600 31050 31220 11032.00 34540000
20130529 31400 32330 31200 31600 12443.00 39470000
20130528 32790 32790 31500 31600 32195.00 102770000
20130527 32400 33500 32400 32810 7760.00 25570000
20130524 32500 33130 32100 32500 11709.00 37940000
20130523 33100 33530 32360 32370 7395.00 24310000
20130522 33760 33880 33000 33400 9835.00 32850000
20130521 34400 34600 33190 34200 13092.00 44030000
20130520 33300 34700 32860 34300 15362.00 52100000
20130517 31400 33200 31190 33180 13595.00 44380000
20130516 32100 32240 31300 31730 12499.00 39830000
20130515 31900 32410 30900 32070 11759.00 37330000
20130514 30730 32250 30380 32100 11452.00 35610000
20130513 30780 31300 30420 30730 6963.00 21490000
20130510 31250 31300 30000 31090 13832.00 42120000
20130509 31200 31640 30520 31250 10606.00 32970000
20130508 30700 31640 30020 31250 14679.00 45090000
20130507 32000 32000 30000 30620 20884.00 65190000
20130506 32280 32280 31300 31950 16421.00 52130000
20130503 31200 32470 30880 32200 15479.00 48960000
20130502 29900 31490 28000 31200 14938.00 45740000
20130426 30570 31700 29900 30100 16161.00 49380000
20130425 31450 33330 30590 31290 40939.00 130850000
20130424 30300 32090 29800 32000 23372.00 72800000
20130423 30300 30680 29800 30300 19579.00 59190000
20130422 28200 30990 28050 30100 18766.00 55750000
20130419 28110 29410 28110 28380 20942.00 60280000
20130418 28700 29240 28000 28380 12903.00 36720000
20130417 26900 28780 26900 28750 23869.00 66910000
20130416 26700 27600 26350 27000 18899.00 51190000
20130415 28280 28280 26400 27460 32416.00 88190000
20130412 26450 28690 26100 28290 28972.00 80270000
20130411 25160 26660 25160 26380 16305.00 42560000
20130410 25020 26100 25020 25340 26152.00 66770000
20130409 25090 25590 24850 25250 5216.00 13140000
20130408 24190 25110 23780 25050 5413.00 13230000
20130403 24610 25100 24600 24710 4544.00 11240000
20130402 25570 25680 24150 24600 11795.00 29300000
20130401 25490 25900 25260 25510 4358.00 11120000
20130329 26100 26100 25330 25560 4413.00 11290000
20130328 25780 26200 24510 25910 14910.00 38290000
20130327 26200 26670 25690 26190 9545.00 24880000
20130326 26120 26760 25840 26100 5731.00 14950000
20130325 26260 26500 25990 26130 7739.00 20320000
20130322 26480 26870 25810 26400 11499.00 30390000
20130321 26000 26560 25670 26480 11209.00 29480000
20130320 24830 25770 24710 25650 14136.00 35880000
20130319 24130 24810 24130 24740 7882.00 19360000
20130318 24800 24820 24320 24580 5571.00 13690000
20130315 25100 25150 24500 24800 7827.00 19500000
20130314 23870 25380 23710 24820 14294.00 35570000
20130313 23680 23970 23100 23890 8405.00 20000000
20130312 24390 24700 23600 23700 13586.00 32770000
20130311 24180 24820 24060 24400 10363.00 25240000
20130308 24050 24740 24040 24380 13648.00 33480000
20130307 25110 25890 24000 24180 29453.00 73180000
20130306 24580 25400 24320 25110 13574.00 33750000
20130305 23580 24790 23500 24670 23861.00 57920000
20130304 26030 26300 23880 23880 69265.00 170060000
20130301 25950 26580 25600 26530 9761.00 25450000
20130228 25500 26300 25310 26190 16265.00 41900000
20130227 26200 26290 25380 25500 16946.00 43500000
20130226 27140 27280 26160 26170 16682.00 44680000
20130225 26510 27310 26380 27240 21356.00 57450000
20130222 26000 26900 25100 26480 25826.00 68440000
20130221 26520 27100 25720 26010 38924.00 102490000
20130220 25270 26980 25200 26980 12858.00 33980000
20130219 26380 26380 24000 25770 36041.00 92450000
20130218 26010 27000 25500 26380 14380.00 37810000
20130208 25950 26870 25450 26120 13176.00 34480000
20130207 24660 25950 24660 25750 18632.00 47440000
20130206 24020 24880 23960 24690 13809.00 33950000
20130205 23000 24200 22810 24010 16749.00 39350000
20130204 24100 24800 23220 23400 22562.00 53870000
20130201 24200 24400 24000 24160 16416.00 39790000
20130131 24260 24330 23810 24200 13385.00 32300000
20130130 24110 24400 23590 24260 16942.00 40680000
20130129 24040 24280 23810 24000 15366.00 36820000
20130128 22820 24490 22700 24180 28032.00 66560000
20130125 22100 23100 21910 22820 28050.00 63770000
20130124 23000 23200 21980 22150 38753.00 86830000
20130123 23200 23280 22180 23100 29731.00 67950000
20130122 23710 23790 23000 23450 31495.00 73680000
20130121 23580 24880 23500 23910 38780.00 93070000
20130118 23150 25000 22800 23940 68062.00 160290000
20130117 22050 23090 22050 23090 82486.00 189340000
20130116 20390 21280 20390 20990 18180.00 38020000
20130115 20000 20770 19980 20570 13791.00 28210000
20130114 19700 20350 19700 19980 19129.00 38480000
20130111 20170 20250 19620 19700 12894.00 25720000
20130110 19550 20460 19550 20170 14425.00 28950000
20130109 19420 19950 19420 19600 11631.00 22880000
20130108 19750 20150 19390 19520 23278.00 45770000
20130107 18900 19720 18850 19620 31840.00 61950000
20130104 18360 19170 18340 19100 29126.00 54620000
20121231 18760 18860 18180 18350 23085.00 42500000
20121228 18600 18820 18150 18760 14616.00 27100000
20121227 19100 19190 18600 18620 8170.00 15370000
20121226 19090 19350 18840 19060 9323.00 17690000
20121225 18780 19350 18780 19120 22888.00 43800000
20121224 18620 18950 18440 18780 13237.00 24930000
20121221 18300 18970 18100 18670 28718.00 53590000
20121220 18080 18350 17910 18250 9718.00 17610000
20121219 18180 18540 18180 18260 6595.00 12120000
20121218 18550 18550 18210 18300 12856.00 23610000
20121217 18100 18700 17960 18560 36515.00 67160000
20121214 17610 18220 17580 18100 16425.00 29600000
20121213 17600 17750 17520 17610 4439.00 7820000
20121212 17630 17780 17580 17600 6710.00 11830000
20121211 17860 17990 17590 17770 7587.00 13500000
20121210 17480 18020 17470 17840 17476.00 31120000
20121207 17430 17600 17220 17450 9447.00 16470000
20121206 17520 17680 17330 17420 15445.00 27070000
20121205 17240 17780 17000 17400 17734.00 31180000
20121204 17030 17300 16830 17240 6390.00 10910000
20121203 16800 17480 16800 17000 20281.00 35000000
20121130 16240 16860 16240 16800 11681.00 19530000
20121129 16000 16300 15850 16240 5967.00 9650000
20121128 16250 16300 16020 16070 6761.00 10900000
20121127 16450 16500 16120 16250 6217.00 10110000
20121126 16580 16770 16450 16450 7363.00 12260000
20121123 16400 16750 16260 16560 12358.00 20510000
20121122 16710 16710 16300 16400 4827.00 7940000
20121121 16780 16940 16430 16700 6924.00 11550000
20121120 16680 16900 16460 16850 6726.00 11260000
20121119 16200 16730 16150 16660 14566.00 23850000
20121116 17030 17100 16080 16100 15623.00 25590000
20121115 17070 17250 16900 17150 8308.00 14230000
20121114 17020 17110 16750 17070 6170.00 10470000
20121113 17320 17320 16950 17040 6252.00 10660000
20121112 17600 17600 17170 17270 6468.00 11210000
20121109 17740 17810 17550 17610 5048.00 8900000
20121108 17500 17850 17460 17740 13343.00 23700000
20121107 17350 17950 17340 17600 16835.00 29920000
20121106 17710 17940 17300 17410 7004.00 12260000
20121105 17740 18030 17650 17700 12903.00 23070000
20121102 17830 17930 17700 17740 9633.00 17140000
20121101 17750 17980 17670 17860 11927.00 21320000
20121031 17670 18060 17600 17720 16717.00 29880000
20121030 17850 17850 17560 17660 4862.00 8590000
20121029 17120 17750 17120 17700 20914.00 36720000
20121026 17090 17310 17090 17110 21186.00 36450000
20121025 17040 17180 16910 17060 11094.00 18960000
20121024 17620 17620 16860 17040 19481.00 33610000
20121023 17700 17710 17520 17680 10610.00 18710000
20121022 17840 17840 17510 17700 8979.00 15870000
20121019 17790 17850 17630 17840 16584.00 29400000
20121018 17720 17930 17690 17780 25527.00 45440000
20121017 18030 18050 17710 17720 10683.00 19030000
20121016 17980 18080 17820 18020 13757.00 24740000
20121015 17790 17980 17700 17910 14585.00 26070000
20121012 17790 18040 17680 17740 11578.00 20630000
20121011 17650 18110 17650 17900 23080.00 41450000
20121010 17800 18010 17750 17950 19481.00 34940000
20121009 17600 17840 17580 17800 15096.00 26830000
20121008 17570 17700 17400 17590 12949.00 22750000
20120928 17200 17580 17160 17510 18023.00 31480000
20120927 17100 17400 16920 17280 15922.00 27400000
20120926 17210 17390 16980 17010 16163.00 27720000
20120925 17360 17560 17250 17250 13236.00 22980000
20120924 17000 17460 16910 17440 24838.00 42860000
20120921 17030 17200 16920 17100 20866.00 35610000
20120920 17880 18070 17020 17020 35054.00 61870000
20120919 17730 17920 17650 17900 25057.00 44670000
20120918 17980 17980 17710 17730 25800.00 46000000
20120917 18130 18300 18000 18000 32027.00 58160000
20120914 18240 18270 17910 18110 33561.00 60760000
20120913 18150 18390 18100 18130 45437.00 82860000
20120912 18640 18670 17980 18150 94948.00 173920000
20120911 18470 18750 18150 18640 102199.00 188260000
20120910 19000 19300 18310 18530 157074.00 293070000
20120907 19500 20500 18990 19440 206427.00 403020000
20120906 19500 19660 19250 19480 130769.00 254350000
20120905 19420 19890 19140 19500 144509.00 281970000
20120904 19680 19770 19100 19540 153537.00 299700000
20120903 19300 19670 18850 19570 144078.00 278800000
20120831 18800 19450 18650 19230 127642.00 245080000
20120830 19580 19590 18510 19220 108217.00 208110000
20120829 19140 19690 18800 19390 125744.00 240850000
20120828 18700 19160 18300 19140 100071.00 188580000
20120827 18500 18820 18100 18660 85518.00 159070000
20120824 18810 18810 18150 18500 26022.00 47860000
20120823 18750 18780 18620 18690 43833.00 81970000
20120822 18590 18820 18510 18700 49655.00 92820000
20120821 18730 18990 18400 18750 108472.00 203270000
20120820 18610 18780 18410 18690 113062.00 210270000
20120817 19050 19050 18300 18600 74819.00 139220000
20120816 19390 19440 18700 19060 104103.00 198770000
20120815 18500 19520 18200 19010 118728.00 223200000
20120814 17760 18390 17580 18380 24386.00 44010000
20120813 18100 18300 17610 17760 17553.00 31460000
20120810 17580 18500 17440 18000 37361.00 66580000
20120809 17450 18000 17390 17560 37286.00 65840000
20120808 17340 17550 17100 17490 17286.00 30030000
20120807 17210 17360 17100 17250 13375.00 23040000
20120806 16760 17290 16680 17210 21972.00 37360000
20120803 16580 16760 16430 16750 10434.00 17320000
20120802 16870 17080 16580 16580 12002.00 20170000
20120801 16860 17000 16570 16980 15048.00 25380000
20120731 17270 17610 16780 16860 48422.00 83040000
20120730 17420 17800 17110 17320 50821.00 88850000
20120727 17460 17780 17450 17550 60371.00 106390000
20120726 17700 17780 17220 17270 35961.00 62990000
20120725 17800 18230 17700 17700 43598.00 78610000
20120724 17980 18090 17800 17850 39192.00 70330000
20120723 17780 18050 17570 17980 68377.00 122480000
20120720 17730 18060 17650 17780 47044.00 84100000
20120719 17390 17890 17360 17810 67402.00 119140000
20120718 17300 17530 17210 17400 49973.00 87150000
20120717 17200 17450 17000 17300 27247.00 47290000
20120716 17200 17450 16750 17220 60009.00 103350000
20120713 17580 17680 17120 17210 34412.00 59640000
20120712 17720 17910 17510 17680 16236.00 28680000
20120711 17500 17810 17470 17750 28738.00 50680000
20120710 17500 17860 17460 17700 21133.00 37240000
20120709 17730 18110 17450 17680 34794.00 61990000
20120706 17390 17960 17280 17880 17926.00 31650000
20120705 17400 17580 17270 17360 19213.00 33450000
20120704 17980 18020 17480 17590 17216.00 30510000
20120703 18150 18350 17930 17930 22481.00 40790000
20120702 17780 18250 17620 18220 34590.00 62550000
20120629 17410 17760 17270 17690 4864.00 8520000
20120628 17520 17780 17410 17410 4956.00 8690000
20120627 17530 17850 17410 17590 6701.00 11860000
20120626 17450 17880 17300 17530 15180.00 26670000
20120625 17640 17800 17430 17550 8434.00 14890000
20120621 17810 17940 17510 17850 26076.00 46210000
20120620 17880 18000 17770 17890 9211.00 16490000
20120619 17620 18000 17600 17980 11639.00 20660000
20120618 17750 18050 17750 17940 12998.00 23250000
20120615 17560 17950 17560 17820 8411.00 14940000
20120614 17640 18000 17600 17750 17823.00 31820000
20120613 17300 17790 17250 17750 22844.00 40180000
20120612 17420 17510 17200 17390 6848.00 11870000
20120611 17260 17520 17000 17500 10491.00 18190000
20120608 17660 17660 17100 17360 10765.00 18730000
20120607 17240 17700 17240 17500 15049.00 26290000
20120606 17300 17400 17170 17220 11705.00 20160000
20120605 17200 17390 17170 17280 9136.00 15760000
20120604 17130 17840 17000 17210 23029.00 40150000
20120601 17360 17400 17170 17330 20738.00 35900000
20120531 16610 17400 16550 17160 31316.00 53720000
20120530 16600 16950 16540 16700 11908.00 19930000
20120529 16250 16600 16250 16540 10288.00 16940000
20120528 16180 16420 15210 16360 10916.00 17640000
20120525 16560 16690 16160 16220 8431.00 13770000
20120524 16670 16930 16530 16580 14082.00 23670000
20120523 16320 16790 16320 16700 17778.00 29610000
20120522 16120 16380 16120 16320 7910.00 12860000
20120521 16090 16280 15960 16100 8055.00 12960000
20120518 16390 16450 15900 16170 20115.00 32480000
20120517 16380 16600 16150 16500 15953.00 26170000
20120516 16750 16890 16360 16380 14491.00 24140000
20120515 16660 16980 16600 16800 14274.00 24030000
20120514 16710 16960 16630 16660 8736.00 14600000
20120511 16990 17050 16660 16660 13289 22341000
20120510 17100 17310 16910 16980 10365 17708000
20120509 17120 17390 17010 17100 15189 26108000
20120508 17420 17500 17230 17350 11975 20740000
20120507 17020 17500 16900 17450 21673 37360000
20120504 16900 17160 16870 17090 15762 26895000
20120503 16960 16980 16690 16870 11988 20209000
20120502 17010 17140 16800 16960 15941 27071000
20120427 16750 16940 16580 16730 12161 20338000
20120426 17260 17260 16600 16750 15819 26705000
20120425 17090 17490 17060 17370 12919 22318000
20120424 17250 17550 16580 17200 18663 31681000
20120423 17810 18030 17200 17340 20162 35330000
20120420 17890 18120 17720 17800 20373 36545000
20120419 17790 18060 17670 17890 17247 30792000
20120418 17250 17860 17250 17810 20715 36550000
20120417 17590 17730 17210 17230 14758 25667000
20120416 17600 17690 17410 17630 17174 30093000
20120413 17870 18230 17600 17680 26602 47646000
20120412 17420 17880 17420 17760 26800 47368000
20120411 16980 17690 16890 17510 28255 49187000
20120409 17560 17560 16900 16900 18536 32081000
20120406 17500 17670 17300 17600 24313 42487000
20120405 17190 17550 16890 17510 27449 47446000
20120330 17150 17350 16810 17020 14556 24816000
20120329 16940 17390 16230 17200 27952 47220000
20120328 17650 17820 16820 16900 34113 58977000
20120327 18300 18650 17800 17850 35321 64334000
20120326 17680 18390 17580 18230 38434 69740000
20120323 17930 17940 17460 17780 20145 35678000
20120322 17750 18300 17610 18000 27014 48527000
20120321 18160 18300 17600 17750 33834 60395000
20120320 18480 18480 18010 18090 35891 65403000
20120319 18550 18780 18250 18630 57363 106457000
20120316 17800 18650 17800 18530 73367 134775000
20120315 17300 18030 17300 17930 74340 131597000
20120314 17870 18080 16980 17230 74898 131708000
20120313 17010 18400 17010 17950 93321 165579000
20120312 16690 17170 16610 17100 42375 71762000
20120309 16370 16670 16370 16660 26050 43022000
20120308 16170 16500 16170 16250 23991 39182000
20120307 16219 16600 16059 16140 31344 51096000
20120306 16900 16970 16400 16450 34832 57732000
20120305 16810 17260 16810 16960 34181 58308000
20120302 16520 16890 16520 16850 21839 36666000
20120301 16400 16650 16400 16520 13506 22370000
20120229 16590 16760 16450 16500 22284 37005000
20120228 16770 16840 16460 16630 34790 57867000
20120227 17110 17390 16760 16920 75464 129042000
20120224 17090 17200 16950 17150 29256 49982000
20120223 17070 17460 16900 17090 37641 64606000
20120222 17170 17290 17040 17140 56811 97255000
20120221 16520 17200 16350 17170 60157 101941000
20120220 16390 16670 16309 16550 24579 40644000
20120217 16329 16440 16100 16280 13394 21731000
20120216 16550 16720 16200 16340 23327 38379000
20120215 16129 16650 16110 16620 25351 41612000
20120214 16379 16470 16170 16350 13900 22645000
20120213 16070 16440 15910 16379 21571 34994000
20120210 16079 16200 15850 16170 23407 37564000
20120209 15990 16250 15810 16129 25038 40206000
20120208 15490 15970 15490 15970 19904 31291000
20120207 15700 15700 15360 15600 11210 17340000
20120206 15840 15840 15550 15810 17042 26745000
20120203 15690 15930 15500 15830 17277 27123000
20120202 15320 15750 15220 15750 13611 21071000
20120201 15960 16059 15330 15400 12925 20328000
20120131 16300 16390 15800 16040 13948 22321000
20120130 16900 16950 16350 16400 12587 20925000
20120120 16780 16980 16700 16860 20251 34192000
20120119 16570 16760 16219 16710 15867 26255000
20120118 16860 16890 16309 16570 19939 33032000
20120117 16180 16930 16100 16850 29019 48089000
20120116 16200 16290 15880 16250 10749 17306000
20120113 16720 16800 16090 16450 17457 28537000
20120112 16600 16840 16480 16730 22473 37431000
20120111 16840 16880 16460 16820 27693 46258000
20120110 16379 16990 16219 16960 36825 61265000
20120109 15850 16550 15720 16470 26415 42719000
20120106 15050 15880 14810 15880 10409 16100000
20120105 15660 15710 14800 15250 12799 19407000
20120104 16190 16280 15500 15820 11542 18298000
20111230 15950 16100 15760 16030 12561 20035000
20111229 15600 15950 15510 15940 14012 22219000
20111228 15300 15650 15030 15610 9310 14268000
20111227 15300 15460 14800 15390 10760 16366000
20111226 15280 15480 15210 15460 8195 12621000
20111223 14990 15490 14900 15460 13849 21179000
20111222 15200 15330 14350 15280 20381 30387000
20111221 15810 15970 15300 15550 15929 24762000
20111220 15980 16180 15590 15890 19162 30344000
20111219 16100 16149 15500 16149 23022 36389000
20111216 15330 16180 15250 16180 18549 29150000
20111215 15250 15600 14580 15600 18314 27912000
20111214 15150 15460 15140 15380 8216 12560000
20111213 15120 15350 14570 15350 11269 16789000
20111212 15370 15450 15150 15290 6705 10235000
20111209 15120 15370 15120 15370 8756 13346000
20111208 15310 15540 15100 15300 8237 12634000
20111207 15250 15440 15130 15340 8864 13575000
20111206 14810 15330 14810 15320 9881 14987000
20111205 14600 15000 14480 15000 10223 15099000
20111202 14730 14960 14560 14660 7496 11034000
20111201 15190 15190 14820 14820 12282 18416000
20111130 15530 15570 14520 14600 11722 17554000
20111129 15600 15600 15410 15530 7184 11129000
20111128 15260 15450 15180 15350 3448 5272000
20111125 15340 15470 15210 15260 4399 6734000
20111124 15250 15460 15030 15460 5676 8657000
20111123 15380 15480 15220 15310 5432 8325000
20111122 15270 15450 15090 15360 7057 10785000
20111121 15400 15490 15150 15460 5472 8372000
20111118 16079 16170 15280 15340 13346 20900000
20111117 16059 16350 16059 16190 7947 12858000
20111116 16700 16830 16100 16149 14568 23977000
20111115 16480 16760 16400 16740 14216 23615000
20111114 16250 16590 16230 16580 15534 25537000
20111111 16070 16300 16050 16100 6011 9719000
20111110 16440 16440 16090 16110 10990 17875000
20111109 16210 16500 16120 16500 10308 16874000
20111108 16500 16500 16140 16190 11223 18304000
20111107 16670 16690 16440 16440 11314 18698000
20111104 16550 16740 16329 16690 18114 29980000
20111103 16510 16930 16470 16470 31041 51813000
20111102 15780 16300 15640 16300 20169 32164000
20111101 15990 16160 15780 16000 13689 21865000
20111031 16180 16180 15900 16110 11864 19051000
20111028 15950 16129 15840 16100 15573 24925000
20111027 15920 15990 15710 15780 9659 15304000
20111026 15700 16100 15650 15890 16916 26941000
20111025 15530 15960 15290 15880 15030 23588000
20111024 15090 15590 14850 15560 11754 17946000
20111021 15050 15150 14850 14970 5200 7801000
20111020 15380 15380 14850 14950 9450 14191000
20111019 15490 15640 15320 15390 5245 8121000
20111018 15870 15950 15420 15440 9008 14084000
20111017 16079 16320 15790 15870 14053 22489000
20111014 16000 16290 15880 16030 9076 14591000
20111013 15850 16270 15760 16100 12450 20043000
20111012 15230 15890 14900 15850 11141 17407000
20111011 15640 15740 15140 15230 7628 11754000
20111010 15300 15500 15150 15200 7225 11063000
20110930 15430 15730 15180 15200 6418 9892000
20110929 16020 16170 15400 15410 9005 14179000
20110928 16580 16830 16100 16140 7714 12708000
20110927 16420 16600 16320 16460 6477 10659000
20110926 16700 16950 16230 16300 10053 16717000
20110923 16700 16970 16560 16730 9959 16653000
20110922 17350 17600 16960 17000 13876 23937000
20110921 16820 17720 16820 17600 21332 37248000
20110920 16840 17120 16760 16900 10666 18122000
20110919 17580 17580 16850 16850 11780 20101000
20110916 17690 17690 17420 17580 10726 18807000
20110915 17610 17830 17390 17530 16134 28456000
20110914 17170 17500 16880 17440 14959 25831000
20110913 17210 17220 16680 17050 16690 28325000
20110909 17950 18300 17150 17430 22158 39222000
20110908 18790 18790 18010 18010 20503 37552000
20110907 18280 18530 18110 18430 20262 37239000
20110906 17890 18230 17760 18100 16846 30443000
20110905 18190 18470 17900 17990 26087 47221000
20110902 19700 19700 18300 18710 55983 106136000
20110901 20740 21180 19900 19940 109153 223050000
20110831 20590 20950 19920 20600 107477 220240000
20110830 19890 20860 19430 20290 116587 232962000
20110829 20280 20280 19400 19670 64470 127555000
20110826 19550 19900 19310 19700 23296 45755000
20110825 19310 19900 19110 19650 34749 67930000
20110824 19700 20130 19300 19490 36761 72321000
20110823 19290 19800 19100 19760 49922 97493000
20110822 18150 19460 18150 19200 50997 97418000
20110819 18280 18590 17920 18530 33170 60459000
20110817 18870 19140 18750 18820 26549 50241000
20110816 19370 19370 18740 18830 38761 73596000
20110815 18400 19300 18400 19270 46666 88743000
20110812 18510 18780 18060 18650 34346 63214000
20110811 17450 18470 17370 18360 41313 74676000
20110810 17380 17900 17060 17900 31802 55713000
20110809 16000 17070 15730 17070 20694 34225000
20110808 17390 17490 16040 16500 21017 35321000
20110805 17500 17930 17020 17640 17693 31341000
20110804 18630 18880 18180 18280 23860 44115000
20110803 18350 19100 18120 18800 36392 68300000
20110802 18380 18590 17810 18590 20088 36561000
20110801 18220 18550 17810 18350 20491 37450000
20110729 18200 18650 18020 18220 29818 54764000
20110728 17010 18980 17010 18260 39210 71826000
20110727 16780 17380 16510 17290 12304 21016000
20110726 16520 16880 16510 16790 12624 21164000
20110725 17350 17670 16410 16470 16544 27981000
20110722 17610 17800 17550 17640 8432 14902000
20110721 18270 18360 17560 17600 15644 27968000
20110720 18320 18580 17970 18200 14536 26630000
20110719 18500 18500 18130 18220 11089 20261000
20110718 18780 18850 18400 18540 17527 32534000
20110715 18330 19000 18210 18790 31954 59860000
20110714 17620 18300 17620 18190 18997 34331000
20110713 17390 17850 17290 17770 11094 19529000
20110712 17710 17840 17210 17270 13528 23658000
20110711 17850 18060 17600 17900 10571 18840000
20110708 18000 18250 17710 17970 11843 21228000
20110707 17900 18600 17740 18100 30979 56566000
20110706 17620 18050 17310 17990 17899 31682000
20110705 17650 17750 17430 17660 12405 21803000
20110704 17250 17850 17250 17690 20814 36681000
20110701 17320 17490 17100 17210 12790 22102000
20110630 17080 17530 17050 17290 19245 33388000
20110629 17240 17540 17080 17110 14528 25102000
20110628 17490 17490 17040 17270 20803 35773000
20110627 16520 17880 16510 17390 46504 80293000
20110624 15820 16800 15820 16600 36738 60371000
20110623 15230 16720 15110 16120 29661 48108000
20110622 15400 15490 15100 15200 5349 8153000
20110621 15200 15570 15030 15410 7278 11208000
20110620 15190 15300 14900 15090 6522 9840000
20110617 15260 15360 15140 15150 4746 7235000
20110616 15530 15530 15180 15250 6512 10009000
20110615 15810 16100 15650 15680 9137 14508000
20110614 15600 15830 15600 15830 7008 11049000
20110613 15480 15690 15330 15570 5343 8286000
20110610 15510 15630 15320 15560 5671 8767000
20110609 16129 16170 15450 15510 9378 14827000
20110608 16320 16329 15940 16129 7324 11774000
20110607 16200 16430 16100 16260 8269 13430000
20110603 15640 16500 15640 16290 13622 21976000
20110602 15900 15980 15500 15730 10401 16345000
20110601 16070 16149 15820 16070 8401 13407000
20110531 15590 16090 15420 16070 10019 15924000
20110530 15400 15800 15400 15590 9788 15317000
20110527 16000 16070 15440 15450 9305 14568000
20110526 16000 16239 15920 16000 6043 9702000
20110525 16520 16690 16000 16020 7787 12737000
20110524 16309 16690 16210 16560 8275 13614000
20110523 17200 17200 16300 16320 15053 25008000
20110520 17610 17610 17200 17200 10254 17763000
20110519 18280 18280 17010 17670 11216 20173000
20110518 18230 18300 18040 18200 4893 8900000
20110517 18110 18280 17890 18230 9965 18095000
20110516 18420 18490 18080 18100 8140 14827000
20110513 18600 18890 18100 18450 8129 14922000
20110512 31280 31500 30450 30450 9502 29510000
20110511 30850 31570 30420 31370 9509 29531000
20110510 30660 30980 30380 30760 4770 14584000
20110509 30500 31160 30220 30850 10099 31082000
20110506 28980 31200 28820 30500 18657 56826000
20110505 28860 29080 28380 28870 5217 15015000
20110504 29990 29990 28800 28890 7415 21834000
20110503 30150 30270 29660 30200 4798 14409000
20110429 30990 30990 29210 30160 12096 36319000
20110427 32400 32740 31720 31880 6798 21922000
20110426 32400 32570 32180 32439 5560 17990000
20110425 33400 33500 32479 32540 11174 36704000
20110422 33580 33850 33320 33500 13499 45376000
20110421 33280 33490 32900 33480 11909 39581000
20110420 33310 33640 32750 33230 11382 37636000
20110419 33000 33690 32710 33280 16703 55821000
20110418 32930 33160 32689 33050 6229 20491000
20110415 33110 33260 32680 32930 6228 20506000
20110414 33000 33280 32700 33110 8858 29300000
20110413 32180 33000 32180 32950 6693 21946000
20110412 32750 32750 32210 32470 7789 25290000
20110411 33650 33800 32740 32750 16953 56020000
20110408 33580 33760 33160 33510 12780 42734000
20110407 32740 33700 32740 33550 20262 67630000
20110406 32210 32750 32210 32680 11512 37458000
20110401 32200 32390 31810 32270 7835 25171000
20110331 32049 32500 32049 32320 8622 27839000
20110330 32119 32400 31980 32030 8764 28182000
20110329 33100 33100 31950 32000 19686 63525000
20110328 33800 33970 33140 33190 15618 52163000
20110325 33980 33980 33480 33800 10113 34102000
20110324 33920 34140 33700 33760 9515 32216000
20110323 33700 34240 33610 33980 10660 36264000
20110322 33550 33780 33100 33690 7839 26199000
20110321 33850 33990 33290 33460 9833 33058000
20110318 34200 34300 33680 33870 8689 29506000
20110317 34080 34500 33510 33770 13069 44330000
20110316 34200 34770 34140 34450 13870 47884000
20110315 35080 35160 33030 34340 20818 70879000
20110314 34600 35150 34300 35050 14007 48538000
20110311 35200 35550 34740 34800 18435 64583000
20110310 35830 36500 35400 35440 22061 78949000
20110309 35090 35990 34900 35870 25364 90176000
20110308 35430 35430 34880 35090 15239 53411000
20110307 35700 35780 34940 35450 22846 80689000
20110304 34650 35400 34600 35360 15425 54061000
20110303 35310 35890 34380 34590 19633 69188000
20110302 35150 35540 34790 35300 20096 70456000
20110301 35000 36400 35000 35530 37097 132632000
20110228 33500 34790 33500 34700 22642 77675000
20110225 33800 33870 33120 33470 15273 51055000
20110224 33550 34000 33200 33930 22627 76149000
20110223 33450 33970 33020 33570 28361 94806000
20110222 35490 35490 33430 33530 20802 71398000
20110221 34500 35560 34500 35490 15899 55842000
20110218 35700 35700 34900 34910 18717 65660000
20110217 36140 36320 35380 35980 20739 74041000
20110216 35190 36490 35120 36120 24419 87834000
20110215 35510 36000 34950 35180 22802 80959000
20110214 34540 35800 34540 35510 26313 93287000
20110211 34130 35000 34130 34800 22523 78021000
20110210 32710 34790 32350 34620 18797 63274000
20110209 33610 33960 32549 32700 13358 44271000
20110201 33890 34200 33530 33930 8042 27207000
20110131 33590 34300 33400 33820 11773 39974000
20110128 33860 33970 33200 33800 12180 40945000
20110127 32980 34200 32500 34040 15652 52412000
20110126 32479 34200 32100 33340 12512 41934000
20110125 33700 33970 31700 32610 14805 48256000
20110124 33460 34950 33460 34100 18665 64137000
20110121 32759 34000 32750 33450 13054 43540000
20110120 34850 35200 33000 33030 20591 70391000
20110119 35100 35400 34230 35310 23250 81138000
20110118 33000 35940 33000 35210 34649 120270000
20110117 33000 34350 32900 33300 18626 62528000
20110114 34180 34200 32619 32710 13725 45329000
20110113 34800 34990 34170 34220 8359 28737000
20110112 34330 34960 34000 34670 9478 32745000
20110111 35550 36200 33600 34320 19662 67667000
20110110 36010 36710 35500 35650 11662 42140000
20110107 35730 36800 35700 36060 14515 52569000
20110106 37050 37150 35900 36010 21096 76519000
20110105 37710 37780 36950 37020 20963 78013000
20110104 37800 38360 37360 37970 20569 77837000
20101231 36850 37550 36700 37350 16469 61240000
20101230 38000 38000 36560 37000 16511 61219000
20101229 36500 37660 36050 37510 16454 60665000
20101228 37100 37350 35380 36380 20408 74072000
20101227 39060 39500 36750 37380 31993 121780000
20101224 41550 42150 38790 38800 44098 175586000
20101223 40100 42400 39920 41950 62113 259122000
20101222 39510 41240 38890 40540 37048 149122000
20101221 39180 39660 38610 39400 25836 101107000
20101220 40950 41490 37800 39330 40833 162129000
20101217 41000 41750 40790 41000 30605 125815000
20101216 41100 42580 40700 41430 43821 182625000
20101215 42040 43400 40800 41100 77109 324453000
20101214 39450 43470 38800 42720 98138 403142000
20101213 38670 40290 37750 39520 58712 229817000
20101210 37500 38600 36880 38280 43278 163016000
20101209 38700 38700 36630 36860 53262 199618000
20101208 38900 40600 38750 39200 49191 194296000
20101207 40500 40500 37510 39180 69154 267967000
20101206 40120 42000 39490 40700 66946 274249000
20101203 44100 44400 40600 40810 103723 435925000
20101202 46850 47800 44440 45050 98361 451281000
20101201 43000 47000 42880 46460 117375 534066000
20101130 43300 46600 42010 44300 136913 611879000
20101129 42790 46180 41690 44270 146533 645262000
20101126 37680 42690 37500 42690 184142 752121000
20101125 35820 38810 35380 38810 165578 611247000
20101124 35240 37860 35240 35280 193222 692490000
20101123 35100 51980 32700 39160 277327 1005753000
