20180214 6230 6250 5850 5890 96910 57766612 6.45 0.67 -5.00 62397 34513 1.81 2.40
20180213 6430 6460 6150 6200 147860 93151901 4.73 1.20 -5.49 95979 51881 1.85 3.66
20180212 6320 6770 6320 6560 205615 135696743 6.99 2.38 1.86 106958 98658 1.08 5.10
20180209 6500 6620 6100 6440 212740 135661630 7.88 4.42 -2.42 95560 117180 0.82 5.27
20180208 6550 6600 6380 6600 101796 66725846 3.67 2.76 10.00 41281 60515 0.68 2.52
20180207 5740 6000 5700 6000 56452 33607999 5.50 1.85 10.09 40944 15508 2.64 1.40
20180206 5860 5890 5400 5450 39186 22290155 8.24 1.51 -8.40 24786 14400 1.72 1.02
20180205 5830 6010 5810 5950 21367 12710384 3.38 0.74 0.51 11451 9916 1.15 0.56
20180202 5850 5980 5670 5920 21825 12803066 5.32 0.71 1.54 10886 10939 1.00 0.57
20180201 6180 6230 5830 5830 45400 27310603 6.47 1.58 -5.66 31800 13600 2.34 1.18
20180131 6370 6380 6180 6180 24686 15518078 3.13 0.84 -3.29 17234 7453 2.31 0.64
20180130 6330 6400 6330 6390 16706 10648344 1.10 0.51 0.47 8576 8130 1.05 0.44
20180129 6510 6510 6320 6360 36533 23390479 2.92 1.11 -2.15 29878 6655 4.49 0.95
20180126 6460 6550 6400 6500 29411 19126436 2.31 0.90 0.31 17842 11569 1.54 0.77
20180125 6420 6580 6390 6480 36656 23832602 2.94 1.19 0.31 18781 17875 1.05 0.96
20180124 6430 6470 6360 6460 26915 17286280 1.71 0.84 0.16 14928 11987 1.25 0.70
20180123 6470 6480 6380 6450 33445 21502936 1.55 0.96 0.00 19406 14038 1.38 0.87
20180122 6330 6450 6270 6450 37697 24122682 2.83 1.05 1.26 17653 20045 0.88 0.98
20180119 6330 6420 6320 6370 29002 18491129 1.57 0.84 0.31 15913 13089 1.22 0.76
20180118 6320 6420 6310 6350 27012 17166662 1.74 0.74 0.16 16854 10157 1.66 0.70
20180117 6380 6390 6220 6340 32351 20479947 2.66 0.87 -0.78 16587 15764 1.05 0.84
20180116 6180 6390 6140 6390 48623 30741575 4.04 1.46 3.23 12846 35776 0.36 1.27
20180115 6270 6310 6140 6190 42312 26399899 2.69 1.27 -1.90 22442 19869 1.13 1.10
20180112 6360 6380 6280 6310 23263 14720470 1.58 0.69 -0.47 14492 8771 1.65 0.61
20180111 6230 6380 6200 6340 36467 22948714 2.88 1.14 1.44 17051 19415 0.88 0.95
20180110 6340 6340 6190 6250 34892 21835017 2.38 1.11 -0.95 21868 13023 1.68 0.91
20180109 6380 6380 6290 6310 29980 18994404 1.41 0.93 -1.10 18899 11081 1.71 0.78
20180108 6360 6400 6250 6380 41679 26330350 2.37 1.51 0.63 21149 20530 1.03 1.09
20180105 6360 6380 6310 6340 26727 16948508 1.10 1.45 0.00 17561 9165 1.92 0.70
20180104 6370 6380 6310 6340 26816 17001263 1.10 0.95 -0.63 20385 6430 3.17 0.70
20180103 6340 6390 6300 6380 32194 20483591 1.42 1.14 0.79 17247 14946 1.15 0.84
20171229 6160 6240 6160 6220 19286 11988430 1.29 0.68 0.65 8538 10749 0.79 0.50
20171228 6120 6230 6120 6180 25500 15772994 1.79 0.80 0.65 13533 11967 1.13 0.67
20171227 6230 6260 6130 6140 30679 19005998 2.09 0.83 -1.13 19269 11410 1.69 0.80
20171226 6130 6230 6110 6210 32246 19952505 1.95 0.88 0.98 14710 17537 0.84 0.84
20171225 6320 6340 6130 6150 30950 19148897 3.33 0.81 -2.38 20812 10137 2.05 0.81
20171222 6330 6370 6290 6300 22670 14328833 1.27 0.62 -0.32 12706 9963 1.28 0.59
20171221 6390 6410 6250 6320 42915 27196853 2.50 1.29 -1.40 24472 18443 1.33 1.12
20171220 6660 6690 6380 6410 56316 36673655 4.66 2.35 -3.61 38865 17451 2.23 1.47
20171219 6570 6660 6550 6650 30978 20460451 1.67 1.46 1.06 17685 13293 1.33 0.81
20171218 6710 6780 6530 6580 38724 25624808 3.70 2.18 -2.52 27168 11557 2.35 1.01
20171215 6760 6780 6700 6750 14699 9916311 1.18 0.79 -0.59 9534 5165 1.85 0.38
20171214 6830 6830 6680 6790 26069 17578755 2.19 1.48 -0.73 18551 7518 2.47 0.68
20171213 6760 6850 6760 6840 9596 6530845 1.32 0.51 0.59 5167 4429 1.17 0.25
20171212 6930 6930 6750 6800 17159 11756093 2.60 0.73 -1.88 11525 5634 2.05 0.45
20171211 6950 6980 6880 6930 21142 14611163 1.45 0.88 0.14 14254 6888 2.07 0.55
20171208 6860 6960 6820 6920 19448 13428322 2.04 0.68 1.02 7118 12330 0.58 0.51
20171207 6810 6880 6750 6850 20951 14273452 1.89 0.67 -0.58 12823 8128 1.58 0.55
20171206 6880 6940 6710 6890 15138 10376426 3.34 0.50 0.00 9784 5354 1.83 0.39
20171205 7200 7200 6850 6890 41305 28825801 4.87 1.72 -4.04 30236 11069 2.73 1.08
20171204 7340 7360 7130 7180 23924 17293072 3.11 1.11 -2.97 17521 6403 2.74 0.62
20171201 7660 7660 7360 7400 40692 30584133 4.05 2.59 0.00 25219 15473 1.63 1.06
20171130 7150 7450 7140 7400 35905 26298689 4.32 2.92 3.06 15228 20676 0.74 0.94
20171129 7160 7190 7090 7180 10138 7238556 1.39 0.77 0.14 5122 5015 1.02 0.26
20171128 7080 7170 7070 7170 9072 6467326 1.41 0.61 1.27 3926 5147 0.76 0.24
20171127 7190 7190 7060 7080 11566 8210962 1.81 0.68 -1.67 8160 3406 2.40 0.30
20171124 7140 7220 7120 7200 11932 8563278 1.40 0.56 0.56 7422 4510 1.65 0.31
20171123 7370 7370 7160 7160 18840 13674200 2.85 0.84 -2.72 14130 4710 3.00 0.49
20171122 7360 7400 7330 7360 14262 10494668 0.95 0.61 0.14 10806 3456 3.13 0.37
20171121 7440 7460 7310 7350 17507 12934740 2.02 0.73 -1.21 13236 4271 3.10 0.46
20171120 7500 7500 7300 7440 22893 16926802 2.67 0.90 -0.80 15950 6943 2.30 0.60
20171117 7730 7770 7410 7500 33041 25226933 4.63 1.42 -3.47 23944 9097 2.63 0.86
20171116 7690 7800 7640 7770 24945 19344645 2.08 1.13 1.04 12271 12674 0.97 0.65
20171115 7720 7720 7620 7690 17793 13636749 1.30 0.81 -0.26 11619 6175 1.88 0.46
20171114 7710 7760 7630 7710 21217 16302441 1.68 1.02 -0.52 15000 6217 2.41 0.55
20171113 7640 7920 7640 7750 30161 23510343 3.65 1.72 1.04 13269 16892 0.79 0.79
20171110 7750 7750 7640 7670 21841 16761087 1.42 1.28 -1.03 15920 5921 2.69 0.57
20171109 7730 7830 7700 7750 19483 15112995 1.68 1.14 0.26 12262 7222 1.70 0.51
20171108 7660 7770 7630 7730 17572 13573646 1.83 0.84 0.91 6958 10615 0.66 0.46
20171107 7660 7680 7620 7660 14477 11068097 0.78 0.67 -0.26 8839 5638 1.57 0.38
20171106 7610 7690 7560 7680 14475 11005682 1.72 0.51 1.32 7955 6520 1.22 0.38
20171103 7660 7710 7560 7580 19105 14600968 1.95 0.66 -1.43 11883 7221 1.65 0.50
20171102 7780 7810 7690 7690 19518 15112173 1.54 0.63 -1.54 15765 3752 4.20 0.51
20171101 7720 7870 7680 7810 36421 28446905 2.46 1.34 1.17 22582 13839 1.63 0.95
20171031 7690 7740 7630 7720 18879 14561302 1.43 0.70 0.39 7789 11091 0.70 0.49
20171030 7890 7920 7620 7690 47169 36327924 3.80 2.31 -2.53 28780 18389 1.57 1.23
20171027 7960 8010 7850 7890 23446 18631528 2.00 1.21 -1.38 15914 7532 2.11 0.61
20171026 7950 8020 7890 8000 27822 22177163 1.64 1.52 0.76 13884 13938 1.00 0.73
20171025 7920 7950 7880 7940 18218 14418970 0.89 0.87 0.51 9381 8836 1.06 0.48
20171024 7920 7940 7840 7900 17816 14045188 1.26 0.87 -0.50 11981 5835 2.05 0.46
20171023 7890 7950 7860 7940 14718 11663138 1.14 0.57 0.38 7411 7307 1.01 0.38
20171020 7850 7920 7820 7910 18284 14418288 1.27 0.59 0.25 11097 7187 1.54 0.48
20171019 7980 8020 7860 7890 22724 18010975 2.01 0.71 -1.13 15402 7322 2.10 0.59
20171018 7950 8080 7920 7980 30578 24531383 2.01 0.94 0.25 13423 17155 0.78 0.80
20171017 7930 8010 7930 7960 16510 13167403 1.01 0.46 0.00 8159 8351 0.98 0.43
20171016 8180 8180 7950 7960 41212 33132241 2.81 1.25 -2.69 30914 10298 3.00 1.08
20171013 8090 8200 8040 8180 44541 36196108 1.98 1.64 1.11 17724 26816 0.66 1.16
20171012 8140 8140 8030 8090 26069 21048186 1.35 1.00 -0.61 16750 9319 1.80 0.68
20171011 8080 8150 8080 8140 35033 28435335 0.86 1.56 0.49 17886 17147 1.04 0.91
20171010 8000 8140 7960 8100 33123 26685187 2.25 1.36 1.38 13975 19147 0.73 0.86
20171009 7950 8010 7940 7990 26420 21091190 0.88 1.06 1.01 11035 15385 0.72 0.69
20170929 7880 7960 7850 7910 15114 11962502 1.40 0.50 0.38 6751 8363 0.81 0.39
20170928 7970 7980 7870 7880 20734 16369535 1.39 0.52 -0.63 13987 6747 2.07 0.54
20170927 7860 7960 7860 7930 17227 13651024 1.27 0.38 0.38 8487 8740 0.97 0.45
20170926 8030 8070 7830 7900 41890 33137499 2.99 0.95 -1.74 26026 15865 1.64 1.09
20170925 8100 8180 8030 8040 29659 23997248 1.85 0.68 -0.86 18651 11008 1.69 0.77
20170922 8150 8180 8050 8110 41744 33750951 1.59 1.00 -0.73 25335 16409 1.54 1.09
20170921 8140 8280 8100 8170 70042 57398613 2.21 1.92 0.37 32484 37559 0.86 1.83
20170920 8050 8140 8040 8140 42356 34321081 1.24 1.24 1.12 12331 30024 0.41 1.10
20170919 8120 8130 8040 8050 37669 30425883 1.11 1.05 -0.86 22282 15387 1.45 0.98
20170918 8110 8140 8080 8120 25444 20620366 0.74 0.61 0.12 16141 9303 1.73 0.66
20170915 8130 8140 8070 8110 32187 26067651 0.86 0.78 -0.25 19599 12588 1.56 0.84
20170914 8160 8190 8100 8130 44340 36066904 1.10 1.05 -0.37 29382 14958 1.96 1.16
20170913 8110 8170 8080 8160 31428 25534551 1.11 0.68 0.62 15743 15685 1.00 0.82
20170912 8200 8200 8090 8110 46061 37497088 1.34 1.03 -0.86 31847 14214 2.24 1.20
20170911 8100 8210 8080 8180 55864 45577671 1.61 1.30 1.11 23884 31980 0.75 1.46
20170908 8070 8120 8050 8090 29751 24056913 0.87 0.66 0.25 15700 14051 1.12 0.78
20170907 8140 8170 8070 8070 48625 39441381 1.23 1.12 -1.10 32618 16007 2.04 1.27
20170906 8130 8200 8050 8160 50494 41014551 1.84 1.17 0.25 23859 26635 0.90 1.32
20170905 8120 8150 8090 8140 39832 32358117 0.74 0.87 0.00 21319 18513 1.15 1.04
20170904 8080 8140 8050 8140 46563 37758682 1.11 0.95 0.74 23496 23067 1.02 1.22
20170901 8100 8100 8050 8080 39527 31890295 0.62 0.79 -0.12 23010 16516 1.39 1.03
20170831 8070 8100 8030 8090 40059 32327150 0.87 0.78 0.37 18793 21266 0.88 1.05
20170830 8110 8110 8020 8060 49039 39506761 1.10 0.89 -1.10 29333 19706 1.49 1.28
20170829 8150 8160 8070 8150 52751 42781890 1.11 0.88 0.12 26176 26575 0.98 1.38
20170828 8060 8170 8050 8140 64453 52293216 1.49 0.90 0.74 32980 31473 1.05 1.68
20170825 7980 8090 7940 8080 42559 34135897 1.88 0.38 1.51 17090 25469 0.67 1.11
20170824 8000 8030 7950 7960 47183 37652789 1.00 0.37 -0.50 29739 17444 1.70 1.23
20170823 8060 8130 7980 8000 69496 55938864 1.86 0.57 -0.87 43656 25839 1.69 1.81
20170822 8190 8190 8060 8070 75721 61409337 1.58 0.68 -2.18 48630 27091 1.80 1.98
20170821 8290 8350 8130 8250 122276 100228320 2.63 1.29 -1.43 77899 44377 1.76 3.19
20170818 8280 8780 8280 8370 241442 203951860 6.11 4.48 2.32 122303 119139 1.03 6.30
20170817 7960 8280 7900 8180 121710 98579873 4.79 2.97 3.15 44663 77047 0.58 3.18
20170816 7860 7960 7830 7930 43590 34425401 1.66 0.97 1.02 21377 22213 0.96 1.14
20170815 7830 7880 7770 7850 30154 23628720 1.40 0.66 0.26 15618 14536 1.07 0.79
20170814 7700 7840 7690 7830 37535 29285262 1.95 0.82 1.95 15556 21980 0.71 0.98
20170811 7700 7830 7640 7680 36394 28164425 2.45 0.76 -1.03 19059 17334 1.10 0.95
20170810 7920 7940 7710 7760 57314 44804328 2.90 1.23 -2.14 35607 21707 1.64 1.50
20170809 7860 8030 7820 7930 64248 50952450 2.67 1.46 0.89 30060 34188 0.88 1.68
20170808 7840 7890 7800 7860 32035 25143229 1.15 0.68 0.26 16748 15287 1.10 0.84
20170807 7870 7900 7810 7840 37660 29548526 1.14 0.77 -0.76 21660 16000 1.35 0.98
20170804 7860 7940 7840 7900 49509 39056434 1.27 1.01 0.25 22397 27112 0.83 1.29
20170803 7790 7940 7760 7880 49622 39067269 2.31 0.86 1.03 20738 28883 0.72 1.29
20170802 8000 8010 7790 7800 51458 40511612 2.76 0.96 -2.26 33460 17999 1.86 1.34
20170801 8030 8030 7920 7980 47934 38180565 1.38 0.92 0.13 27443 20491 1.34 1.25
20170731 7920 7980 7880 7970 46555 36949263 1.26 0.83 0.63 23459 23096 1.02 1.21
20170728 8010 8090 7910 7920 49443 39514042 2.25 0.84 -0.88 28067 21376 1.31 1.29
20170727 7780 8100 7730 7990 94452 74838207 4.73 1.80 2.17 45014 49438 0.91 2.46
20170726 7850 7860 7750 7820 30980 24163558 1.40 0.52 -0.51 18382 12598 1.46 0.81
20170725 7850 7910 7740 7860 38570 30130167 2.16 0.62 0.00 21687 16884 1.28 1.01
20170724 7740 7930 7680 7860 68308 53422482 3.21 1.01 1.03 34843 33465 1.04 1.78
20170721 7870 7900 7710 7780 60928 47563955 2.41 0.98 -1.14 39964 20964 1.91 1.59
20170720 7780 7930 7750 7870 64162 50459218 2.31 1.08 0.90 33707 30456 1.11 1.67
20170719 7730 7820 7620 7800 66938 51667328 2.58 1.04 0.65 37898 29040 1.31 1.75
20170718 7690 7810 7600 7750 51141 39407844 2.72 0.75 0.26 30151 20990 1.44 1.34
20170717 8290 8290 7470 7730 93501 73579439 9.88 1.38 -6.87 58178 35323 1.65 2.44
20170714 8240 8340 8230 8300 36646 30350563 1.33 0.46 0.36 18521 18125 1.02 0.96
20170713 8210 8360 8210 8270 48247 39938982 1.82 0.45 0.12 25969 22279 1.17 1.26
20170712 8310 8360 8150 8260 91836 75528553 2.51 0.78 -1.08 61096 30740 1.99 2.40
20170711 8510 8590 8340 8350 68892 58514736 2.93 0.50 -2.11 43668 25223 1.73 1.80
20170710 8600 8680 8440 8530 93858 80230867 2.77 0.55 -1.50 54194 39664 1.37 2.45
20170707 8730 8740 8600 8660 96604 83560443 1.60 0.61 -0.92 59156 37448 1.58 2.52
20170706 8580 8780 8520 8740 188409 163428657 3.02 1.46 1.63 88541 99867 0.89 4.92
20170705 8600 8680 8450 8600 143115 122453713 2.67 1.25 -0.23 79236 63879 1.24 3.74
20170704 8580 8680 8440 8620 171291 146616420 2.80 1.84 0.47 95808 75482 1.27 4.47
20170703 8530 8960 8470 8580 251028 215816184 6.01 4.41 5.28 116136 134892 0.86 6.55
20170630 8150 8220 8080 8150 41532 33819045 1.72 0.61 0.12 24205 17327 1.40 1.08
20170629 8110 8180 8110 8140 38238 31128877 0.86 0.43 0.37 20650 17588 1.17 1.00
20170628 8230 8260 8090 8110 69702 56681558 2.06 0.60 -1.93 46178 23523 1.96 1.82
20170627 8320 8370 8230 8270 64753 53696414 1.67 0.55 -1.31 41495 23258 1.78 1.69
20170626 8240 8390 8180 8380 70112 58188334 2.55 0.60 1.70 32343 37769 0.86 1.83
20170623 8300 8350 8080 8240 99650 81909437 3.22 0.91 -1.67 62699 36951 1.70 2.61
20170622 8600 8630 8380 8380 136267 115781883 2.87 1.33 -3.68 91179 45087 2.02 3.56
20170621 8370 8790 8320 8700 210897 180817227 5.63 2.67 4.19 80892 130004 0.62 5.51
20170620 8430 8460 8330 8350 76729 64320525 1.54 0.92 -1.07 46563 30166 1.54 2.01
20170619 8380 8470 8260 8440 62277 51968546 2.51 0.65 0.72 35936 26342 1.36 1.63
20170616 8400 8540 8300 8380 63317 53212114 2.86 0.57 -0.24 35700 27618 1.29 1.66
20170615 8310 8560 8310 8400 100288 84672374 3.01 0.68 1.20 51447 48841 1.05 2.62
20170614 8450 8490 8250 8300 92582 77256730 2.83 0.53 -2.24 58576 34006 1.72 2.42
20170613 8340 8530 8340 8490 96717 81676331 2.28 0.54 2.04 46872 49844 0.94 2.53
20170612 8500 8680 8280 8320 128774 109220408 4.67 0.76 -2.80 76415 52359 1.46 3.37
20170609 8630 8670 8420 8560 138387 118266694 2.86 0.89 -2.17 82239 56148 1.46 3.62
20170608 8990 8990 8610 8750 284632 249787589 4.27 2.57 -1.69 162119 122513 1.32 7.44
20170607 8030 8900 8030 8900 223480 192872416 10.75 2.74 10.01 164396 59084 2.78 5.84
20170606 8220 8350 8000 8090 113831 92437574 4.18 1.44 -3.46 74661 39170 1.91 2.98
20170605 13080 13630 12950 13460 84663 113033143 5.19 1.23 2.83 41361 43302 0.96 3.54
20170602 12870 13240 12580 13090 70285 90629494 5.15 1.16 2.19 36310 33975 1.07 2.97
20170601 13340 13450 12730 12810 62083 81046326 5.34 1.09 -4.97 43013 19070 2.26 2.62
20170531 13800 13880 13330 13480 77138 104488765 4.08 1.57 -0.07 40886 36252 1.13 3.26
20170526 12700 13930 12690 13490 101039 134854304 9.77 3.05 6.30 38519 62520 0.62 4.27
20170525 12470 12730 12290 12690 32363 40551992 3.51 0.97 1.36 16200 16162 1.00 1.37
20170524 12130 12550 12010 12520 30878 37900249 4.43 0.73 2.79 16319 14559 1.12 1.30
20170523 12910 12930 12180 12180 43249 54230412 5.81 1.01 -5.65 31607 11642 2.71 1.83
20170522 12980 13280 12820 12910 37980 49563906 3.55 0.98 -0.39 18293 19686 0.93 1.60
20170519 12920 13030 12880 12960 20998 27221523 1.16 0.55 0.08 11532 9466 1.22 0.89
20170518 12810 13100 12760 12950 32925 42581884 2.61 0.84 -0.69 19474 13450 1.45 1.39
20170517 12690 13360 12580 13040 75597 98722068 6.15 2.55 2.84 33776 41820 0.81 3.19
20170516 12220 12690 12180 12680 46057 57441687 4.16 1.80 3.43 18877 27180 0.69 1.95
20170515 12320 12430 12240 12260 17774 21931110 1.55 0.62 -0.08 9724 8050 1.21 0.75
20170512 12230 12390 12130 12270 18521 22727010 2.12 0.57 -0.08 10122 8399 1.21 0.78
20170511 12230 12440 11710 12280 37047 45053838 5.97 0.92 0.49 21136 15910 1.33 1.56
20170510 12550 12670 12220 12220 28607 35738581 3.61 0.70 -2.08 18301 10306 1.78 1.21
20170509 12260 12580 12210 12480 26055 32322590 3.02 0.63 1.88 13273 12782 1.04 1.10
20170508 12420 12600 12250 12250 32101 39861596 2.81 0.74 -1.61 20879 11222 1.86 1.36
20170505 12530 12780 12400 12450 39283 49375775 3.02 0.95 -1.19 22555 16728 1.35 1.66
20170504 12330 12850 12230 12600 75884 95665782 5.04 2.53 2.36 32584 43300 0.75 3.21
20170503 12330 12530 12230 12310 30543 37805120 2.44 1.10 0.00 17156 13387 1.28 1.29
20170502 12390 12390 12220 12310 27823 34187584 1.39 1.02 0.41 14387 13436 1.07 1.18
20170428 12070 12400 12010 12260 42589 52040048 3.26 1.74 2.59 18966 23623 0.80 1.84
20170427 11690 11980 11670 11950 29767 35202521 2.65 1.10 2.05 15822 13945 1.13 1.29
20170426 11680 11790 11650 11710 19537 22891008 1.20 0.62 0.69 10966 8571 1.28 0.85
20170425 11570 11770 11570 11630 18644 21755766 1.73 0.45 0.78 10388 8256 1.26 0.81
20170424 11900 11920 11540 11540 25725 30147283 3.19 0.55 -3.03 17029 8696 1.96 1.11
20170421 11910 12040 11800 11900 28369 33825527 2.02 0.47 0.17 15631 12738 1.23 1.23
20170420 12110 12200 11740 11880 42557 51038524 3.80 0.60 -1.74 26783 15774 1.70 1.84
20170419 12150 12250 11910 12090 41843 50354436 2.79 0.56 -0.90 26533 15310 1.73 1.81
20170418 12690 12830 12170 12200 67605 84559849 5.20 1.00 -3.86 42854 24751 1.73 2.93
20170417 13120 13120 12580 12690 52261 66797273 4.12 0.81 -3.28 35845 16416 2.18 2.26
20170414 13520 13610 13000 13120 96676 128012935 4.46 1.90 -4.02 66379 30297 2.19 4.19
20170413 13460 13780 13230 13670 96797 130788180 4.08 2.40 1.48 52298 44499 1.18 4.19
20170412 13200 13890 13070 13470 60713 81530635 6.18 1.54 1.51 29751 30961 0.96 2.63
20170411 13080 13290 13080 13270 30540 40297398 1.60 0.77 1.38 16049 14492 1.11 1.32
20170410 13410 13410 13070 13090 37449 49475893 2.54 0.97 -2.39 27300 10148 2.69 1.62
20170407 13460 13580 13310 13410 28801 38673204 2.01 0.63 -0.30 17871 10930 1.63 1.25
20170406 13220 13530 13160 13450 44149 59243199 2.79 1.03 1.51 16115 28034 0.57 1.91
20170405 13120 13270 12970 13250 56359 73902729 2.30 1.42 1.45 34107 22251 1.53 2.44
20170331 13150 13250 12840 13060 30923 40184779 3.14 0.68 0.15 17915 13008 1.38 1.34
20170330 13400 13400 12980 13040 33087 43486365 3.12 0.78 -3.26 23271 9815 2.37 1.43
20170329 13740 14000 13480 13480 64227 87599144 3.77 1.89 -2.32 30050 34176 0.88 2.78
20170328 13700 13930 13500 13800 30016 41197486 3.07 0.95 -1.50 22620 7397 3.06 1.30
20170327 14120 14200 13780 14010 40304 56119205 2.94 1.43 -2.03 25144 15160 1.66 1.75
20170324 14330 14380 13760 14300 59194 83320630 4.37 2.77 0.70 28010 31185 0.90 2.56
20170323 14440 14440 14060 14200 17479 24911788 2.61 0.79 -2.34 10877 6602 1.65 0.76
20170322 14490 14560 14130 14540 23365 33450427 2.95 1.18 -0.14 14326 9039 1.58 1.01
20170321 14870 14870 14510 14560 17269 25273233 2.42 0.91 -2.22 17187 82 208.96 0.75
20170320 14470 14930 14310 14890 23520 34202639 4.30 1.27 3.26 8595 14925 0.58 1.02
20170317 14590 14640 14380 14420 25333 36800162 1.78 1.60 -1.30 12992 12340 1.05 1.10
20170316 14850 14850 14420 14610 21247 30920413 2.93 1.34 -0.34 13346 7901 1.69 0.92
20170315 14950 14950 14520 14660 11453 16819080 2.90 0.69 -1.15 6874 4579 1.50 0.50
20170314 14770 14910 14670 14830 13577 20116158 1.62 0.79 0.41 5066 8511 0.60 0.59
20170313 14380 14860 14350 14770 21304 31212251 3.52 1.12 2.07 10381 10923 0.95 0.92
20170310 14590 14700 14450 14470 11554 16802535 1.71 0.59 -0.89 6142 5412 1.13 0.50
20170309 14690 14730 14390 14600 21568 31431464 2.33 1.22 -0.14 9367 12201 0.77 0.93
20170308 14730 14730 14500 14620 15077 22042155 1.57 0.71 0.00 6111 8966 0.68 0.65
20170307 14570 14770 14520 14620 16937 24804064 1.72 0.81 0.41 7496 9441 0.79 0.73
20170306 14280 14740 14070 14560 30230 44083385 4.69 1.62 1.96 11108 19121 0.58 1.31
20170303 14200 14360 14180 14280 14301 20371494 1.27 0.74 0.56 6214 8086 0.77 0.62
20170302 14450 14450 14160 14200 11850 16928478 2.01 0.56 -1.53 6220 5630 1.10 0.51
20170301 14230 14500 14190 14420 32489 46690807 2.17 1.83 0.77 9104 23385 0.39 1.41
20170228 14070 14310 14020 14310 15046 21387111 2.06 0.84 1.63 5537 9509 0.58 0.65
20170227 14190 14350 13990 14080 19625 27798074 2.53 1.23 -1.12 12668 6957 1.82 0.85
20170224 14170 14290 14110 14240 18065 25683060 1.27 1.24 0.49 10791 7274 1.48 0.78
20170223 14100 14280 14010 14170 20568 29044710 1.92 1.30 0.64 10128 10440 0.97 0.89
20170222 14140 14350 14060 14080 15631 22167272 2.05 1.00 -0.42 9248 6382 1.45 0.68
20170221 14000 14180 13990 14140 15355 21673789 1.36 0.98 1.36 5184 10171 0.51 0.66
20170220 13790 14020 13720 13950 10167 14185005 2.17 - 0.72 4073 6094 0.67 0.44
20170217 14060 14190 13810 13850 11209 15696678 2.69 0.58 -2.05 6113 5096 1.20 0.49
20170216 13800 14180 13670 14140 27008 37615341 3.69 1.56 2.32 11548 15460 0.75 1.17
20170215 13970 14260 13780 13820 14273 20089165 3.39 0.86 -2.33 7563 6710 1.13 0.62
20170214 14030 14190 13920 14150 15442 21724084 1.91 0.98 -0.14 8064 7378 1.09 0.67
20170213 13940 14270 13820 14170 20676 29139265 3.23 1.32 1.72 8189 12487 0.66 0.90
20170210 14030 14270 13920 13930 19554 27547678 2.49 1.35 -0.71 9546 10007 0.95 0.85
20170209 13860 14080 13730 14030 16375 22850966 2.53 1.32 1.23 6485 9891 0.66 0.71
20170208 13990 13990 13610 13860 11223 15471492 2.74 0.92 0.07 6033 5190 1.16 0.49
20170207 14010 14030 13710 13850 10742 14870379 2.28 0.85 -1.14 7238 3504 2.07 0.47
20170206 13680 14070 13680 14010 20648 28816581 2.85 1.47 2.41 6229 14418 0.43 0.89
20170203 13600 13700 13520 13680 13589 18486633 1.32 0.93 0.59 6540 7049 0.93 0.59
20170126 13410 13660 13400 13600 5854 7948488 1.94 0.37 1.49 2443 3411 0.72 0.25
20170125 13300 13500 13200 13400 10179 13646908 2.26 0.60 0.90 2807 7372 0.38 0.44
20170124 13280 13390 13160 13280 13028 17303260 1.74 0.71 0.23 5461 7567 0.72 0.56
20170123 13150 13480 13150 13250 27744 36917701 2.50 1.46 0.38 14930 12814 1.17 1.20
20170120 12920 13270 12740 13200 16459 21568100 4.11 0.87 2.25 5141 11318 0.45 0.71
20170119 12920 13090 12830 12910 12448 16097234 2.00 0.64 -0.92 8070 4378 1.84 0.54
20170118 12880 13100 12730 13030 15376 19980923 2.87 0.77 1.16 6845 8532 0.80 0.67
20170117 12650 12980 12350 12880 20331 25909133 4.93 0.99 0.86 9944 10387 0.96 0.88
20170116 13840 13860 12460 12770 30230 39142898 10.12 1.72 -7.73 14640 15590 0.94 1.31
20170113 14220 14260 13840 13840 16273 22841191 2.95 0.91 -2.67 10329 5944 1.74 0.71
20170112 14350 14370 14080 14220 15637 22257284 2.02 0.76 -0.91 9749 5888 1.66 0.68
20170111 14630 14710 14330 14350 16806 24338786 2.60 0.68 -1.85 10752 6054 1.78 0.73
20170110 14920 14920 14620 14620 24106 35470025 2.02 0.82 -1.55 17475 6631 2.64 1.04
20170109 14740 15000 14730 14850 15058 22438857 1.82 0.52 -0.13 7511 7547 1.00 0.65
20170106 15000 15150 14790 14870 17892 26836229 2.41 0.59 -0.40 9204 8688 1.06 0.78
20170105 14810 15020 14780 14930 28531 42592153 1.62 0.98 0.88 9453 19078 0.50 1.24
20170104 14850 14880 14580 14800 38309 56248438 2.03 1.58 0.00 25298 13011 1.94 1.66
20170103 15200 15310 14750 14800 46415 69388754 3.71 2.56 -1.99 30827 15588 1.98 2.01
20161230 15070 15190 14900 15100 13532 20423901 1.94 0.69 1.14 4250 9282 0.46 0.59
20161229 14810 15230 14800 14930 25652 38614540 2.91 1.45 0.88 10600 15052 0.70 1.11
20161228 15000 15050 14770 14800 21527 32095148 1.87 1.05 -1.33 11615 9912 1.17 0.93
20161227 14930 15020 14870 15000 14186 21195755 1.00 0.68 0.47 8783 5403 1.63 0.62
20161226 15020 15180 14680 14930 15774 23446302 3.29 0.73 -1.91 9523 6250 1.52 0.68
20161223 15380 15380 14890 15220 20732.05 31352288.730
20161222 15370 15490 15100 15370 16046.91 24503139.200
20161221 14960 15440 14800 15380 35694.05 54547320.650
20161220 15040 15230 14760 14830 15736.49 23503368.790
20161219 14850 15530 14680 15210 19618.88 29601379.170
20161216 15090 15090 14790 14850 11676.42 17422572.220
20161215 14880 15150 14660 14990 12146.05 18187202.740
20161214 14780 15090 14530 14970 19735.92 29509872.060
20161213 14780 14880 14380 14780 20907.19 30547952.380
20161212 15540 15560 14300 14750 31642.66 47884414.250
20161209 15650 15780 15470 15650 20283.98 31689466.420
20161208 15800 15890 15600 15720 26355.98 41524759.240
20161207 15700 15840 15530 15760 20430.09 32073283.070
20161206 15360 15880 15360 15700 28883.88 45279492.530
20161205 15130 15530 15100 15430 13512.43 20789618.770
20161202 15410 15440 15100 15280 19696.35 30018302.570
20161201 15350 15450 15270 15380 13640.98 20968521.590
20161130 15170 15430 15170 15330 18132.21 27784484.050
20161129 15450 15660 15230 15280 30853.64 47679149.960
20161128 16020 16070 15300 15560 41787.68 65252800.580
20161125 15920 16070 15560 16010 25671.42 40689865.650
20161124 16160 16270 15810 15880 29707.06 47750116.740
20161123 16460 16840 16040 16220 39008.25 64035714.340
20161122 16360 16700 16310 16460 41220.40 67990257.390
20161121 15810 16700 15680 16550 61039.44 98106022.550
20161118 16120 16170 15740 15790 32610.64 51687718.150
20161117 16260 16590 15980 16110 42229.31 68349278.830
20161116 15760 17180 15650 16330 89861.44 149039703.660
20161115 15800 15980 15600 15650 34854.24 54954575.160
20161114 15290 15810 15250 15810 43449.31 67879930.260
20161111 15200 15570 15140 15310 41077.72 63258891.320
20161110 14980 15230 14960 15190 20289.90 30678226.490
20161109 15150 15180 14500 14880 25175.34 37596354.250
20161108 15300 15350 15110 15150 19435.14 29599860.460
20161107 15190 15310 15120 15290 19313.82 29400476.160
20161104 15170 15280 15100 15240 16525.00 25079720.360
20161103 14970 15240 14970 15170 18155.12 27454489.120
20161102 14980 15230 14940 15020 20912.05 31576328.010
20161101 15080 15120 14850 14980 27557.45 41211683.910
20161031 14960 15090 14850 15000 13440.23 20137361.280
20161028 15220 15300 14920 14960 20894.35 31481074.780
20161027 15290 15370 15210 15280 15556.83 23804160.670
20161026 15390 15390 15100 15300 18481.50 28120213.290
20161025 15390 15570 15270 15360 25911.73 39996210.690
20161024 15070 15470 14920 15300 31260.48 47910657.770
20161021 15280 15280 14850 14990 12743.20 19182516.170
20161020 15270 15390 15090 15290 22373.94 34027415.370
20161019 15300 15430 15150 15240 25512.02 39021229.640
20161018 15000 15240 14900 15150 23098.41 34890415.890
20161017 15050 15350 14900 14950 33012.80 49994991.300
20161014 14970 15000 14820 14910 23539.50 35084931.090
20161013 14950 14970 14800 14900 18201.94 27163534.110
20161012 14800 14940 14700 14870 21168.19 31419624.250
20161011 14710 14850 14610 14830 23287.90 34330890.650
20161010 14310 14720 14250 14680 27798.22 40433270.680
20160930 14260 14370 14190 14210 9590.28 13679689.940
20160929 14080 14320 14080 14220 11640.83 16588021.730
20160928 14170 14320 14080 14080 11508.22 16370588.000
20160927 14110 14490 13930 14210 18335.54 25871617.280
20160926 14570 14610 14100 14120 20345.27 29265040.630
20160923 14680 14680 14300 14520 17713.58 25652862.640
20160922 14870 14890 14520 14570 18889.76 27724668.290
20160921 14420 14570 14280 14570 20072.54 29007102.240
20160920 14500 14590 14200 14380 17264.00 24819717.710
20160919 14490 14680 14400 14500 12992.40 18860453.540
20160914 14200 14490 14040 14390 14951.63 21482487.790
20160913 14500 14500 14140 14320 21300.81 30515801.570
20160912 14990 14990 14120 14260 37204.30 54559045.480
20160909 15110 15500 15090 15220 37160.58 56927364.850
20160908 15140 15280 15010 15170 30490.27 46031607.730
20160907 15270 15630 15120 15230 75086.45 115810728.710
20160906 14590 15190 14590 15170 54729.68 82105576.040
20160905 14600 14720 14490 14610 12687.80 18564945.930
20160902 14620 14740 14430 14550 17802.62 25974845.560
20160901 14830 14900 14730 14730 19141.25 28342645.700
20160831 14920 14920 14610 14800 27322.69 40282124.760
20160830 15070 15170 14850 14930 34294.33 51323446.910
20160829 14880 15260 14810 15240 41565.93 62552834.350
20160826 14800 15130 14720 14910 39533.06 59019312.710
20160825 14510 14840 14500 14810 40306.46 59147067.830
20160824 14410 14670 14380 14510 22535.49 32731277.310
20160823 14430 14530 14310 14430 16511.63 23790892.950
20160822 14570 14700 14370 14390 13946.22 20227076.020
20160819 14630 14680 14430 14590 19971.40 29101438.620
20160818 14750 14750 14580 14660 17609.24 25809759.930
20160817 14680 14830 14660 14740 21842.74 32211709.620
20160816 14750 14860 14700 14750 19672.01 29049279.430
20160815 14500 14820 14340 14780 37265.56 54709621.930
20160812 14450 14550 14360 14500 12396.06 17928116.080
20160811 14570 14680 14380 14480 23169.22 33741351.760
20160810 14700 14790 14520 14690 42747.52 62583600.040
20160809 14540 14750 14490 14700 26288.47 38516602.990
20160808 14350 14730 14010 14630 44188.66 63825388.420
20160805 14230 14660 14220 14520 35105.33 50755233.480
20160804 14280 14370 14100 14290 16759.01 23830193.340
20160803 14250 14440 14170 14330 18204.42 26017817.000
20160802 14000 14450 13850 14390 23240.98 32919866.950
20160801 14050 14170 13550 14110 29891.48 41357204.220
20160729 14200 14310 14100 14150 20704.04 29417206.840
20160728 14320 14350 14000 14170 33231.53 47247712.170
20160727 15100 15100 14020 14320 69433.88 100751832.680
20160726 14730 15180 14630 15180 81265.94 120794792.390
20160725 15150 15190 14700 14740 58610.60 87345798.240
20160722 15470 15490 15210 15260 42178.88 64607915.380
20160721 15590 15640 15360 15480 40537.32 62651858.810
20160720 15450 15670 15330 15550 62105.15 96389609.700
20160719 15200 15500 15110 15450 45788.36 70101475.140
20160718 15080 15350 14770 15290 100903.91 152839992.530
20160715 15090 15290 15030 15160 30100.07 45533402.550
20160714 15140 15340 14960 15200 41913.57 63643218.190
20160713 15120 15220 14920 15130 72760.47 109871977.880
20160712 15080 15260 14760 15200 54268.54 81498469.510
20160711 15350 15360 15000 15020 54420.21 82500045.430
20160708 15250 15460 15090 15370 55705.30 85197836.140
20160707 15550 15780 15200 15420 67013.46 103749403.680
20160706 15460 15690 15190 15450 72538.36 111888978.490
20160705 15130 15870 15060 15620 115830.00 178794791.710
20160704 15110 15980 15110 15360 118572.07 181937886.720
20160701 15080 15080 14540 14680 49715.97 73400837.540
20160630 14800 15040 14790 15000 64025.41 95587434.990
20160629 14780 15060 14540 14920 89763.23 133340957.110
20160628 14550 14770 14500 14750 44301.50 64834578.040
20160627 14000 14740 13980 14690 69560.36 100849962.290
20160624 14300 14410 13710 14140 62456.87 87773168.980
20160623 14500 14770 14210 14370 80501.65 116647053.490
20160622 14130 14300 13950 14300 39660.10 56044506.580
20160621 14320 14490 13980 14090 45595.70 65109625.240
20160620 14210 14430 13930 14340 44975.22 63725788.630
20160617 14110 14650 13950 14240 72137.15 103477245.540
20160616 14380 14410 14050 14140 47865.46 68043213.140
20160615 13470 14410 13320 14400 77423.54 108585695.370
20160614 13200 13500 13110 13500 30545.50 40566129.370
20160613 13490 13490 13130 13220 48962.30 65272041.270
20160608 13730 13820 13510 13800 27626.15 37739244.820
20160607 13650 13880 13510 13800 31390.09 43083031.660
20160606 13940 13940 13440 13660 44556.05 60903220.840
20160603 13930 14150 13700 13880 62402.33 86562862.640
20160602 13550 13970 13550 13920 60247.14 83272793.030
20160601 13650 13730 13470 13670 42639.83 58039366.190
20160531 13140 13760 13090 13680 55183.60 74332255.970
20160530 13240 13240 13000 13140 19691.39 25803877.120
20160527 13100 13390 13060 13260 37357.67 49598679.420
20160526 13050 13340 12600 13290 57571.41 75211926.820
20160525 12740 13140 12730 13070 61690.51 79786231.320
20160524 12820 12820 12520 12580 19685.56 24840010.500
20160523 12500 12880 12500 12850 31534.91 40134482.920
20160520 12380 12460 12200 12460 25455.22 31415792.710
20160519 12380 12590 12300 12420 17120.76 21365217.110
20160518 12700 12750 12200 12300 27801.37 34513089.460
20160517 12880 12960 12670 12770 17829.57 22803786.590
20160516 12750 12950 12590 12900 25570.18 32758843.710
20160513 12540 13000 12520 12790 42788.00 54620000
20160512 12550 12700 12330 12570 25849.00 32310000
20160511 12880 12950 12680 12720 28138.00 36090000
20160510 12610 12880 12610 12820 26938.00 34370000
20160509 13280 13280 12680 12750 38322.00 49550000
20160506 13780 14050 13310 13330 66186.00 90590000
20160505 13710 13830 13510 13780 38869.00 53200000
20160504 13770 13870 13660 13700 52145.00 71780000
20160503 13430 13890 13410 13890 81987.00 112220000
20160429 13360 13530 13300 13470 30963.00 41640000
20160428 13580 13640 13190 13470 45381.00 60880000
20160427 13480 13700 13370 13460 42914.00 58090000
20160426 13480 13550 13240 13490 36344.00 48760000
20160425 13020 13660 12880 13430 59832.00 79970000
20160422 12780 12990 12670 12990 22401.00 28870000
20160421 12840 13040 12700 12800 30797.00 39780000
20160420 13550 13600 12550 12830 43361.00 56540000
20160419 13630 13780 13350 13510 33938.00 45840000
20160418 13430 13830 13240 13600 44453.00 60230000
20160415 13860 14050 13520 13610 48914.00 67280000
20160414 13500 13670 13380 13620 43131.00 58440000
20160413 13590 13870 13470 13490 72665.00 99240000
20160412 13180 13600 13150 13550 79491.00 106810000
20160411 13050 13540 13050 13290 52576.00 70050000
20160408 12930 13100 12730 12990 29234.00 37870000
20160407 13390 13430 12910 12910 42539.00 55910000
20160406 13300 13500 13140 13380 40879.00 54530000
20160405 12890 13430 12850 13300 64050.00 84710000
20160401 12710 12970 12400 12910 40043.00 51010000
20160331 12750 12970 12660 12770 49526.00 63510000
20160330 12360 12800 12360 12770 44852.00 56790000
20160329 12680 12700 12200 12440 28887.00 35930000
20160328 12830 13000 12650 12680 30208.00 38870000
20160325 12680 12840 12640 12800 19700.00 25110000
20160324 12820 12830 12600 12790 29964.00 38120000
20160323 12760 12890 12690 12880 26229.00 33620000
20160322 12840 13070 12720 12790 51862.00 66740000
20160321 12860 13000 12680 12980 53565.00 68810000
20160318 12500 12820 12370 12740 40804.00 51660000
20160317 12210 12600 12210 12500 31420.00 39140000
20160316 12100 12280 11900 12280 32653.00 39580000
20160315 12160 12250 11870 12050 23893.00 28800000
20160314 11810 12300 11780 12250 36624.00 44500000
20160311 11640 11840 11510 11700 14571.00 17080000
20160310 12040 12060 11560 11880 23142.00 27400000
20160309 11550 12020 11350 12000 30594.00 35850000
20160308 11510 11850 10960 11820 31238.00 35580000
20160307 11350 11750 11350 11530 21894.00 25330000
20160304 11780 11880 11240 11350 30967.00 35790000
20160303 11860 12080 11800 11840 33107.00 39540000
20160302 11350 11960 11330 11880 33896.00 39560000
20160301 11180 11510 11010 11350 26530.00 29760000
20160229 11880 11880 10910 11150 26198.00 29320000
20160226 12200 12200 11600 11890 28302.00 33480000
20160225 12900 13010 11660 11680 45403.00 56010000
20160224 13100 13270 12830 12960 49281.00 64240000
20160223 12670 13160 12620 13150 66453.00 86320000
20160222 12600 12780 12510 12670 29573.00 37440000
20160219 12400 12570 12260 12460 26840.00 33320000
20160218 12600 12690 12410 12420 29659.00 37220000
20160217 12550 12730 12310 12590 27970.00 34960000
20160216 12240 12660 12190 12610 26241.00 32840000
20160215 11830 12300 11580 12230 25931.00 31180000
20160205 12120 12320 11990 11990 24786.00 30140000
20160204 11860 12280 11770 12140 34975.00 42400000
20160203 11600 11930 11520 11820 26274.00 30920000
20160202 11300 11760 11200 11700 28276.00 32960000
20160201 11520 11760 11150 11370 18038.00 20640000
20160129 11010 11900 10980 11620 34488.00 39760000
20160128 11500 11800 11010 11140 49555.00 56410000
20160121 12250 12610 12000 12000 47355.00 58470000
20160120 12150 12470 12130 12370 48555.00 59780000
20160119 11790 12360 11750 12290 46560.00 56340000
20160118 11140 11950 11140 11830 29490.00 34620000
20160115 12000 12120 11440 11510 38750.00 45900000
20160114 11220 12150 11090 12030 42058.00 49360000
20160113 11900 12130 11400 11520 37646.00 44530000
20160112 11610 11940 11420 11750 38512.00 44950000
20160111 12360 12700 11530 11530 68591.00 83160000
20160108 13130 13270 12240 12810 66592.00 86170000
20160107 13910 13910 12780 12820 11113.00 14880000
20160106 13930 14210 13900 14160 42073.00 59280000
20160105 13150 13980 13150 13910 62380.00 85030000
20160104 15210 15290 13780 13800 37910.00 54970000
20151231 15850 15850 15250 15260 46616.00 72450000
20151230 15550 15870 15430 15800 52065.00 81650000
20151229 15250 15660 14920 15600 45727.00 69620000
20151228 16010 16100 15160 15200 72528.00 114180000
20151225 15680 16050 15600 15890 67756.00 107580000
20151224 15150 15870 15150 15770 88003.00 137730000
20151223 15560 15620 15210 15260 60035.00 92480000
20151222 15700 15760 15150 15580 68350.00 105920000
20151221 15650 16100 15590 15760 75334.00 119200000
20151218 15310 15670 15150 15590 97912.00 151040000
20151217 14580 15490 14580 15460 112468.00 170410000
20151216 14600 14650 14380 14480 42708.00 62060000
20151215 14470 14800 14360 14420 45971.00 66900000
20151214 13650 14390 13580 14370 44606.00 62740000
20151211 13960 13960 13600 13760 30602.00 42050000
20151210 14000 14200 13870 13910 33339.00 46820000
20151209 14170 14280 13910 14000 37381.00 52540000
20151208 14550 14640 14170 14200 49180.00 70580000
20151207 14680 14850 14500 14730 53223.00 78120000
20151204 14380 14860 14310 14680 78029.00 113770000
20151203 14280 14500 14130 14480 60775.00 87190000
20151202 14400 14730 13690 14170 67682.00 96180000
20151201 13850 14650 13850 14410 75073.00 107140000
20151130 14330 14330 13340 13980 80037.00 110800000
20151127 15500 15500 14000 14160 118190.00 173640000
20151126 16170 16230 15500 15560 84268.00 133240000
20151125 16150 16180 15870 16050 81882.00 131200000
20151124 15570 16000 15350 16000 75904.00 119600000
20151123 15860 16090 15300 15450 97471.00 153500000
20151120 15930 16180 15580 15850 100177.00 158920000
20151119 15590 16070 15400 16040 94311.00 147940000
20151118 16200 16200 15590 15590 87123.00 138200000
20151117 16320 16890 15920 16030 263430.00 430950000
20151116 14700 16670 14700 16670 338399.00 539610000
20151113 13760 15290 13760 15150 243788.00 360690000
20151112 14130 14170 13640 13980 93730.00 130200000
20151111 13910 14200 13830 14130 71412.00 100060000
20151110 13970 14250 13710 13890 85056.00 119380000
20151109 13900 14080 13620 13900 84407.00 117290000
20151106 13700 14200 13570 14120 124459.00 172460000
20151105 13560 13710 13000 13710 130500.00 174860000
20151104 12810 13590 12810 13550 85066.00 113060000
20151103 12700 13090 12700 12850 49814.00 64350000
20151102 12550 13050 12500 12600 48017.00 61370000
20151030 13200 13280 12800 12990 55171.00 72140000
20151029 13370 13430 13000 13260 65639.00 86950000
20151028 13110 13650 13090 13220 86650.00 116070000
20151027 13350 13460 12620 13290 73807.00 96870000
20151026 13280 13610 12800 13470 95754.00 127470000
20151023 12670 13170 12450 13030 76397.00 97740000
20151022 12030 12650 11960 12530 69874.00 86180000
20151021 13100 13240 11870 11910 81428.00 102660000
20151020 12910 13350 12910 13190 71698.00 94000000
20151019 13220 13380 12830 13000 96371.00 126250000
20151016 12650 13700 12430 13370 152994.00 197980000
20151015 12010 12540 12010 12520 85467.00 105680000
20151014 12100 12400 12000 12130 79544.00 97250000
20151013 12000 12180 11910 12170 62061.00 74840000
20151012 11610 12250 11570 12140 92985.00 111670000
20151009 11250 11750 11180 11630 73889.00 84420000
20151008 11280 11360 11040 11300 76152.00 85540000
20150930 11000 11070 10730 10880 63120.00 68580000
20150929 11220 11240 10800 11020 52542.00 57800000
20150928 10870 11360 10700 11330 64277.00 71350000
20150925 11150 11390 10720 10860 68803.00 76240000
20150924 10780 11180 10710 11180 75917.00 83130000
20150923 10720 10890 10550 10640 47851.00 51220000
20150922 10910 11140 10750 10920 69263.00 75960000
20150921 10250 11420 10180 11010 71341.00 77090000
20150918 10180 10550 9980 10400 61810.00 63330000
20150917 10010 10660 9950 10120 77533.00 79640000
20150916 9460 10320 9380 10290 72313.00 70650000
20150915 9680 9800 9230 9380 46316.00 44110000
20150914 10990 11050 9810 9810 74588.00 76100000
20150911 10830 10980 10750 10900 42300.00 45940000
20150910 10890 11020 10760 10810 54726.00 59590000
20150909 10890 11200 10730 11070 102830.00 112860000
20150908 10050 10890 10050 10740 48607.00 50430000
20150907 10110 10430 10050 10130 52739.00 54130000
20150902 9400 10680 9400 9830 61835.00 61850000
20150901 11070 11070 10210 10250 68524.00 72590000
20150831 11400 11660 11100 11250 81988.00 92910000
20150828 11050 11640 11010 11630 92876.00 104650000
20150827 10740 10880 10180 10820 85841.00 91030000
20150826 10400 11030 10020 10380 124683.00 131280000
20150825 10490 10840 10320 10320 91615.00 95760000
20150824 12220 12390 11470 11470 90177.00 105000000
20150821 12760 13370 12380 12740 89771.00 115400000
20150820 13520 13960 13210 13210 71571.00 96890000
20150819 13200 13940 12280 13840 107420.00 141620000
20150818 15210 15300 13640 13640 137646.00 199540000
20150817 14780 15230 14610 15160 123526.00 185840000
20150814 15400 15460 14900 14930 136232.00 206220000
20150813 14400 15350 14010 15140 156443.00 231120000
20150812 14490 14920 14330 14550 112783.00 164910000
20150811 14660 15060 14400 14630 154416.00 226640000
20150810 14290 14960 14100 14780 165520.00 241390000
20150807 13680 14400 13550 14160 120295.00 166890000
20150806 13470 13850 13080 13470 78822.00 106880000
20150805 13850 14380 13670 13770 141726.00 198440000
20150804 12760 13900 12760 13820 117611.00 156220000
20150803 13000 13430 12330 12640 85817.00 111170000
20150731 12910 13600 12760 12950 69655.00 90940000
20150730 13580 13990 13100 13190 117705.00 160550000
20150729 13070 13600 12450 13590 116297.00 151630000
20150728 12200 13380 11780 12570 136368.00 170130000
20150727 13910 14540 13000 13000 116803.00 161710000
20150724 15000 15220 14410 14440 169992.00 253460000
20150723 14990 15470 14820 15150 186775.00 281160000
20150722 14570 14770 13870 14560 140561.00 202600000
20150721 13990 14650 13640 14390 152048.00 216430000
20150720 13950 14500 13560 14280 187007.00 263280000
20150717 12800 13900 12660 13700 163747.00 217890000
20150716 12130 12780 11060 12650 201572.00 248550000
20150715 14050 14050 12010 12130 337182.00 450810000
20150714 12770 12770 12770 12770 8492.00 10840000
20150707 11640 11800 11610 11610 34235.00 39800000
20150706 15320 15330 12900 12900 166429.00 228480000
20150703 14350 14900 14330 14330 103550.00 149080000
20150702 16040 16800 15920 15920 137597.00 220010000
20150701 18260 19500 17690 17690 190226.00 349720000
20150630 19650 21500 19650 19650 248136.00 493660000
20150629 21830 21830 21830 21830 13550.00 29570000
20150601 22700 24650 22700 24300 136334.00 325460000
20150529 21470 22660 19400 22660 158514.00 343320000
20150528 23350 23850 21130 21130 110805.00 247690000
20150527 22980 24030 22020 23480 81515.00 187060000
20150526 21400 23080 21220 23050 110484.00 246700000
20150525 20690 22510 20220 21530 135788.00 287720000
20150522 20880 21540 19820 20680 127325.00 263010000
20150521 20360 20850 19700 20400 129744.00 263010000
20150520 18980 21350 18880 20000 207827.00 415570000
20150519 18420 19650 17850 19420 204531.00 386910000
20150518 16950 18480 16830 18270 158500.00 283470000
20150515 17200 17300 16610 17190 67625.00 114660000
20150514 16980 17350 16630 17220 105291.00 179010000
20150513 16420 17160 16090 16980 99669.00 165440000
20150512 16660 16700 16310 16490 71708.00 118160000
20150511 16000 16800 15700 16570 81171.00 131880000
20150508 15300 15920 15200 15810 84266.00 131460000
20150507 16220 16440 14870 15030 75003.00 115810000
20150506 17130 17500 15400 16520 70565.00 119960000
20150505 17350 17450 16660 17110 73030.00 124520000
20150504 17250 17880 17210 17350 96725.00 169340000
20150430 16900 17990 16750 17180 146547.00 254800000
20150429 16100 16950 15930 16650 71579.00 118250000
20150428 16980 17070 15900 16110 86420.00 141360000
20150427 16800 17770 16620 17060 156577.00 267790000
20150424 16250 16750 16000 16700 102529.00 169180000
20150423 16700 16880 16250 16450 93152.00 153560000
20150422 16220 16940 16190 16690 145805.00 241470000
20150421 15420 16220 15420 16170 88686.00 141650000
20150420 15850 15850 15250 15550 83792.00 130200000
20150417 16560 16570 15810 15880 115663.00 185880000
20150416 15450 16280 15240 16040 131969.00 207250000
20150415 15820 15860 15100 15300 61976.00 96010000
20150414 16150 16180 15700 15890 82505.00 131260000
20150413 15710 16290 15450 16180 108930.00 173360000
20150410 15120 15780 15120 15730 66270.00 102830000
20150409 15980 16070 14600 15370 101214.00 153710000
20150408 16550 16780 15660 15980 110294.00 177430000
20150407 15630 16990 15600 16480 136852.00 225420000
20150403 14750 16240 14600 15790 175193.00 273690000
20150402 14000 14920 14000 14900 156242.00 227770000
20150401 13930 14150 13920 14000 98901.00 138490000
20150331 14100 14100 13680 13820 101550.00 140630000
20150330 13750 14250 13680 14140 120145.00 167000000
20150327 13700 13800 13500 13690 78651.00 107240000
20150326 13800 13960 13370 13700 68589.00 93740000
20150325 13900 14040 13680 13850 66182.00 91530000
20150324 14210 14210 13400 14000 115798.00 159980000
20150323 13950 14390 13730 14210 101525.00 142130000
20150320 13590 13990 13590 13900 88686.00 122180000
20150319 13710 13790 13420 13530 82500.00 112030000
20150318 13680 13790 13530 13700 76062.00 103750000
20150317 13500 13990 13350 13670 120082.00 164730000
20150316 13010 13390 13010 13330 78363.00 103730000
20150313 13340 13360 12860 13000 89367.00 116480000
20150312 13590 13690 13000 13140 100390.00 132680000
20150311 12740 13510 12700 13500 126650.00 167000000
20150310 12850 12950 12600 12800 94941.00 121650000
20150309 12710 12950 12450 12780 97474.00 123970000
20150306 12470 12870 12470 12710 157024.00 200030000
20150305 12680 12990 12420 12430 154807.00 196190000
20150304 12230 12280 12020 12230 62103.00 75430000
20150303 12180 12420 12060 12250 105459.00 128890000
20150302 12000 12190 12000 12130 71772.00 86840000
20150227 11930 12050 11850 11990 59902.00 71550000
20150226 11990 12330 11970 12090 121265.00 147280000
20150225 11960 11960 11610 11730 71758.00 84700000
20150217 11420 11920 11320 11790 82414.00 95830000
20150216 11420 11420 11260 11400 37635.00 42680000
20150213 11200 11440 11130 11280 37928.00 42810000
20150212 11000 11180 11000 11120 20833.00 23140000
20150211 10760 11180 10760 11000 24611.00 27170000
20150210 10750 10890 10660 10890 20023.00 21550000
20150209 11140 11180 10720 10750 33726.00 37010000
20150206 11330 11440 11060 11090 37569.00 42090000
20150205 11240 11520 11190 11440 108127.00 123090000
20150204 11210 11240 11020 11050 25230.00 28090000
20150203 11180 11240 11080 11190 29858.00 33300000
20150202 11110 11310 11020 11160 27665.00 30820000
20150130 11050 11220 11050 11060 22813.00 25330000
20150129 11240 11240 11030 11130 31663.00 35250000
20150128 11400 11400 11280 11330 38236.00 43270000
20150127 11390 11530 11280 11460 93325.00 106590000
20150126 11000 11160 10910 11150 37471.00 41450000
20150123 11350 11350 10970 11100 49709.00 55090000
20150122 11070 11260 11000 11200 62648.00 69860000
20150121 10780 11160 10780 11060 94855.00 104320000
20150120 10340 10600 10340 10600 32990.00 34660000
20150119 10600 10730 10210 10320 37628.00 39560000
20150116 10710 10780 10570 10710 35534.00 37910000
20150115 10580 10790 10540 10710 26701.00 28540000
20150114 10750 10820 10500 10570 30320.00 32250000
20150113 10550 10790 10490 10740 44849.00 47880000
20150112 10480 10510 10210 10480 25132.00 25960000
20150109 10530 10660 10470 10480 27891.00 29450000
20150108 10610 10630 10390 10580 29986.00 31550000
20150107 10770 10800 10520 10620 36668.00 38910000
20150106 10380 10740 10300 10730 47189.00 49910000
20150105 10400 10420 10250 10420 36580.00 37840000
20141231 10240 10500 10180 10300 28830.00 29690000
20141230 10740 10850 10120 10240 85702.00 89090000
20141229 11510 11550 10500 10910 93955.00 103010000
20141226 11450 11500 11370 11500 35157.00 40180000
20141225 11330 11480 11290 11450 33343.00 38040000
20141224 11290 11470 11260 11320 33664.00 38200000
20141223 11400 11520 11020 11110 39344.00 44160000
20141222 12280 12280 11210 11390 78963.00 91030000
20141219 12720 12720 12000 12300 96078.00 117850000
20141218 12440 12850 12100 12690 132006.00 165660000
20141217 12350 12770 12110 12420 128722.00 160270000
20141216 12330 12640 12000 12250 186477.00 230410000
20141210 11170 11740 11170 11620 54445.00 62650000
20141209 11510 11750 11130 11160 63675.00 73200000
20141208 11600 11840 11360 11650 60150.00 69610000
20141205 12250 12270 11240 11700 88063.00 104450000
20141204 12350 12530 12260 12300 93793.00 115830000
20141203 12400 12500 12060 12350 90666.00 110940000
20141202 12330 12690 12330 12460 64134.00 80280000
20141201 12610 12780 12280 12300 68037.00 84350000
20141128 12640 12840 12400 12600 115166.00 145330000
20141127 12670 12800 12390 12710 153866.00 194180000
20141126 12260 13190 12260 12580 191012.00 242500000
20141125 11920 12050 11710 12020 88533.00 105410000
20141124 12070 12070 11790 11940 74263.00 88470000
20141121 12100 12100 11830 11920 62551.00 74540000
20141120 11800 12070 11710 12000 105026.00 125020000
20141119 11120 12230 11120 12110 176455.00 208720000
20141118 11110 11230 11070 11120 16711.00 18610000
20141117 10890 11180 10820 11120 22827.00 25260000
20141114 10840 10950 10800 10880 12270.00 13360000
20141113 11040 11080 10800 10930 24845.00 27050000
20141112 10920 11060 10800 11050 21465.00 23480000
20141111 11440 11440 10770 10940 41784.00 46310000
20141110 11330 11530 11250 11450 37817.00 43120000
20141107 11380 11490 11190 11350 51008.00 57760000
20141106 11510 11560 11180 11380 43631.00 49340000
20141105 11720 11730 11440 11500 31736.00 36620000
20141104 11650 11940 11600 11710 33644.00 39560000
20141103 11500 11690 11450 11670 24088.00 27940000
20141031 11750 11750 11380 11540 32347.00 37180000
20141030 11670 11750 11550 11610 35801.00 41660000
20141029 11650 11780 11520 11700 41067.00 47910000
20141028 11350 11650 11340 11590 25558.00 29450000
20141027 11160 11410 11150 11340 18044.00 20380000
20141024 11140 11230 11110 11160 18729.00 20930000
20141023 11510 11630 10980 11150 43754.00 49100000
20141022 11900 11900 11480 11530 36762.00 43050000
20141021 12080 12140 11880 11900 34320.00 41100000
20141020 11860 12100 11860 12070 35022.00 41980000
20141017 12200 12350 11750 11910 59958.00 71950000
20141016 12750 12750 12310 12320 61243.00 76750000
20141015 12530 12790 12460 12750 85164.00 107920000
20141014 12350 12530 12200 12450 50064.00 61930000
20141013 12570 12570 12090 12350 60758.00 74510000
20141010 12710 12760 12500 12550 54278.00 68460000
20141009 12750 12940 12490 12850 90531.00 115320000
20141008 12720 12770 12380 12670 73207.00 91870000
20140930 12820 12940 12550 12660 95032.00 121040000
20140929 12470 12870 12310 12750 136562.00 171920000
20140926 11890 12520 11840 12460 143193.00 175580000
20140925 11930 12010 11780 11950 71618.00 85190000
20140924 11650 11960 11630 11880 49598.00 58730000
20140923 11560 11690 11560 11680 30338.00 35310000
20140922 11780 11790 11520 11550 31807.00 36890000
20140919 11760 11870 11580 11770 43371.00 50820000
20140918 11630 11780 11510 11730 45514.00 53010000
20140917 11450 11680 11410 11680 54901.00 63530000
20140916 12000 12100 11400 11400 79804.00 93890000
20140915 11960 12140 11880 12030 65006.00 77970000
20140912 11780 12000 11710 11980 55598.00 65970000
20140911 12000 12090 11750 11760 89641.00 106720000
20140910 12190 12190 11940 11970 90258.00 108610000
20140909 11940 12460 11730 12260 136993.00 165790000
20140905 11880 12080 11600 12020 150743.00 178970000
20140904 11650 11980 11510 11910 178923.00 210460000
20140903 11210 11710 11120 11640 146795.00 168130000
20140902 11000 11250 11000 11220 73759.00 82050000
20140901 10800 11070 10730 11030 48505.00 52920000
20140829 10880 10880 10580 10780 37705.00 40350000
20140828 10800 11090 10800 10820 41457.00 45290000
20140827 10850 10950 10720 10750 26693.00 28810000
20140826 11120 11130 10720 10870 63817.00 69390000
20140825 11500 11500 11110 11160 76598.00 86100000
20140822 10920 11400 10180 11300 140793.00 157870000
20140821 11100 11140 10820 10910 52198.00 57010000
20140820 11050 11180 11000 11050 59576.00 66100000
20140819 11110 11170 10920 11050 61464.00 67830000
20140818 10900 11140 10840 11110 74114.00 81470000
20140815 10770 10870 10710 10870 39275.00 42430000
20140814 10730 10940 10730 10820 68550.00 74410000
20140813 10830 10830 10590 10710 44474.00 47610000
20140812 10970 10970 10720 10750 61323.00 66280000
20140811 10860 10980 10800 10920 53483.00 58290000
20140808 10820 10890 10710 10860 44965.00 48600000
20140807 11100 11190 10760 10820 99810.00 109140000
20140806 11270 11270 11000 11190 90023.00 100390000
20140805 10820 11470 10650 11290 175753.00 195370000
20140804 10720 11110 10720 10910 119607.00 130340000
20140801 10650 10940 10420 10490 124261.00 133400000
20140731 10440 10840 10330 10750 133923.00 141980000
20140730 10190 10490 10120 10410 110370.00 113760000
20140729 10180 10230 10040 10180 58708.00 59500000
20140728 10260 10350 10050 10180 72740.00 73890000
20140725 9830 10030 9800 10030 50179.00 49950000
20140724 9760 9900 9610 9850 39880.00 38930000
20140723 9760 9960 9640 9800 38205.00 37380000
20140722 9700 9820 9650 9760 22959.00 22400000
20140721 9700 9790 9520 9760 30153.00 29040000
20140718 9710 9810 9600 9690 29582.00 28690000
20140717 10030 10080 9700 9750 35335.00 34850000
20140716 9840 10120 9810 10030 71070.00 71070000
20140715 9830 9920 9720 9870 26965.00 26430000
20140714 9700 9900 9610 9850 31408.00 30670000
20140711 9650 9810 9610 9700 20263.00 19690000
20140710 9750 9770 9610 9650 19585.00 18970000
20140709 9780 10060 9690 9720 49941.00 49250000
20140708 9770 9840 9620 9790 30765.00 30000000
20140707 9860 9870 9700 9790 27036.00 26390000
20140704 9730 9900 9680 9860 38111.00 37260000
20140703 9770 9830 9680 9750 39036.00 38100000
20140702 9830 9870 9690 9780 32959.00 32100000
20140701 9600 9820 9550 9780 59752.00 58110000
20140630 9690 9720 9520 9600 37895.00 36350000
20140627 9300 9790 9210 9690 80757.00 77300000
20140626 9150 9310 9150 9260 20485.00 18960000
20140625 9230 9290 9110 9150 14572.00 13340000
20140624 9190 9280 9150 9250 16853.00 15560000
20140623 9160 9280 9160 9190 18888.00 17420000
20140620 9000 9190 8930 9140 25747.00 23260000
20140619 9230 9380 8910 8950 31717.00 28930000
20140618 9430 9430 9230 9240 19505.00 18110000
20140617 9470 9530 9350 9350 26055.00 24550000
20140616 9600 9690 9520 9550 37829.00 36230000
20140613 9410 9600 9370 9550 39711.00 37800000
20140612 9580 9580 9410 9440 31244.00 29560000
20140611 9390 9660 9330 9600 54690.00 52290000
20140610 9350 9420 9220 9400 22792.00 21280000
20140609 9440 9520 9350 9360 20834.00 19650000
20140606 9400 9510 9350 9500 40400.00 38140000
20140605 9230 9370 9210 9360 26054.00 24220000
20140604 9330 9390 9130 9190 28878.00 26570000
20140603 9450 9450 9300 9330 25343.00 23770000
20140530 9350 9500 9330 9400 30656.00 28900000
20140529 9600 9630 9370 9370 42368.00 40130000
20140528 9560 9610 9400 9590 44178.00 42080000
20140527 9720 9770 9510 9560 57879.00 55730000
20140526 9680 9850 9630 9810 71608.00 69800000
20140523 9790 9880 9560 9710 125078.00 121350000
20140522 10650 10650 9930 10080 219924.00 226740000
20140521 19300 19550 19100 19460 25270.00 48880000
20140520 18680 19400 18680 19370 28448.00 54500000
20140519 18560 18680 18360 18640 7731.00 14350000
20140516 18680 18700 18220 18560 13399.00 24610000
20140515 19380 19380 18630 18700 14294.00 27150000
20140514 19400 19400 19060 19200 13643.00 26140000
20140513 19110 19550 19100 19210 22477.00 43440000
20140512 19100 19240 18800 19190 20297.00 38660000
20140509 19070 19160 18510 18600 13872.00 25990000
20140508 19010 19350 18910 19070 14279.00 27340000
20140507 19160 19310 19050 19050 21975.00 42120000
20140506 19380 19490 19160 19200 25902.00 50010000
20140505 18950 19350 18910 19330 17169.00 32850000
20140430 18550 19070 18550 18950 18817.00 35560000
20140429 18230 18630 18210 18590 12205.00 22530000
20140428 18690 18690 18050 18240 15688.00 28690000
20140425 18790 19100 18460 18530 16231.00 30640000
20140424 19230 19280 18830 18830 16816.00 31990000
20140423 19180 19370 19060 19220 15771.00 30230000
20140422 19320 19550 18720 19150 32809.00 62820000
20140421 20600 20600 19580 19580 71308.00 141480000
20140418 21930 21930 21510 21750 10665.00 23140000
20140417 22000 22000 21700 21810 14109.00 30770000
20140416 21730 21850 21450 21580 17354.00 37420000
20140415 22000 22190 21760 21850 16486.00 36170000
20140414 22240 22450 21920 22000 27738.00 61330000
20140411 21320 21890 21280 21820 27558.00 59520000
20140410 21790 21800 21540 21540 19002.00 41180000
20140409 21390 21800 21390 21720 19832.00 42920000
20140408 21020 21800 20910 21560 26368.00 56700000
20140404 20580 21180 20480 21100 19068.00 39940000
20140403 20660 20840 20450 20580 12946.00 26680000
20140402 20910 21010 20510 20550 14626.00 30290000
20140401 20590 20880 20590 20880 19998.00 41460000
20140331 20630 21100 20380 20610 25078.00 51930000
20140328 21750 21840 20630 20650 33038.00 70000000
20140327 22540 22700 21840 21900 23620.00 52380000
20140326 22290 22670 22050 22440 16671.00 37370000
20140325 22580 22770 22040 22220 17066.00 38210000
20140324 22600 23150 22430 22610 41009.00 93170000
20140321 21800 22870 21210 22680 52606.00 116590000
20140320 22790 23020 22100 22100 27582.00 62270000
20140319 23610 23620 22860 22920 26410.00 61080000
20140318 24200 24670 23600 23740 47137.00 113580000
20140317 23870 24770 23560 24230 56996.00 137670000
20140314 23380 24590 23240 23950 42957.00 103050000
20140313 23070 23890 22570 23700 50195.00 117450000
20140312 22700 23880 22380 22940 36690.00 84660000
20140311 24160 24400 22200 22930 47118.00 107710000
20140310 24700 25080 24050 24160 15250.00 37540000
20140307 24980 25440 24510 24840 18668.00 46660000
20140306 26110 26200 25010 25210 32521.00 82750000
20140305 26180 26880 26130 26500 19655.00 52020000
20140304 26120 26330 25660 26090 14752.00 38360000
20140303 25870 26500 25100 26500 33768.00 86410000
20140228 25490 26260 24850 25900 16378.00 41910000
20140227 27120 27300 25460 25530 19148.00 50440000
20140226 25510 27080 25410 27030 27416.00 72010000
20140225 26770 27300 25510 25800 33130.00 87760000
20140224 28800 28950 26080 26820 64694.00 175870000
20140221 28500 29000 27800 28980 17608.00 50250000
20140220 28870 29080 27500 28420 23321.00 66070000
20140219 29290 30350 28350 28870 51577.00 151690000
20140218 28490 30620 28320 29000 93191.00 273340000
20140217 25460 27930 25460 27930 55483.00 151980000
20140214 24960 25390 24650 25390 16142.00 40530000
20140213 25700 25910 24800 24860 23989.00 61050000
20140212 24850 26160 24850 25690 25690.00 66160000
20140211 24710 25300 24310 24710 27183.00 67370000
20140210 24500 25430 24350 25200 27070.00 67470000
20140207 23300 24530 23300 24500 20987.00 50600000
20140130 23710 23800 23310 23400 6758.00 15850000
20140129 23360 23740 23200 23690 9972.00 23510000
20140128 23750 23880 23100 23360 11011.00 25770000
20140127 23400 23920 23400 23750 17670.00 41850000
20140124 23470 23700 23300 23580 16692.00 39210000
20140123 23300 23500 23080 23390 16496.00 38390000
20140122 23160 23450 22920 23300 18468.00 42850000
20140121 22220 23050 22220 23050 11976.00 27290000
20140120 22230 22500 22050 22290 5962.00 13280000
20140117 22890 22890 22200 22220 12268.00 27580000
20140116 23140 23550 22910 22950 10909.00 25370000
20140115 22890 23350 22750 23140 9572.00 22100000
20140114 22530 23000 22210 22990 9448.00 21460000
20140113 22300 22700 22200 22460 6226.00 13940000
20140110 22150 22440 21750 22380 11766.00 26060000
20140109 22770 22940 22220 22220 14883.00 33610000
20140108 23120 23220 22130 22780 22832.00 51870000
20140107 23230 23230 22500 22950 15127.00 34600000
20140106 23920 24300 23140 23300 21653.00 51100000
20140103 23670 24180 23320 23880 24951.00 59270000
20140102 22960 23770 22960 23670 21335.00 50070000
20131231 22860 23580 22000 22960 17571.00 40600000
20131230 23000 23780 22690 22910 30308.00 70560000
20131227 22600 23260 21120 23000 38923.00 87610000
20131226 23810 23880 22800 22800 26543.00 61900000
20131225 23180 23980 23040 23900 34433.00 81790000
20131224 22480 23270 22300 23040 24461.00 56040000
20131223 22490 22770 22230 22360 18704.00 42120000
20131220 22750 22800 22060 22340 14421.00 32220000
20131219 22700 23250 22390 22660 16980.00 38720000
20131218 22530 22780 22200 22490 15830.00 35700000
20131217 23400 23530 22120 22500 35026.00 79670000
20131216 24590 24590 23400 23490 33311.00 79410000
20131213 23500 25000 23300 24350 39699.00 96840000
20131212 24060 24800 23700 23880 32764.00 79500000
20131211 24310 24570 23450 23890 30128.00 72120000
20131210 24800 24800 24110 24500 30036.00 73400000
20131209 23380 25150 23380 24590 53717.00 131300000
20131206 23520 24030 22890 23350 25582.00 59710000
20131205 23450 24440 23150 23700 40236.00 95600000
20131204 22210 24440 22100 23540 60114.00 143100000
20131203 20470 22220 20370 22220 32359.00 69660000
20131202 22110 22850 20840 20840 49685.00 107730000
20131129 22280 23510 22130 23160 51895.00 119550000
20131128 21780 22440 21700 22240 31372.00 69420000
20131127 21600 22100 21520 21780 19076.00 41500000
20131126 21920 22160 21450 21660 23855.00 51940000
20131125 21450 22160 21400 21910 37955.00 82710000
20131122 20700 21940 20700 21640 43035.00 92030000
20131121 21050 21080 20600 20630 23221.00 48180000
20131120 21190 21400 20690 21240 29962.00 62780000
20131119 20880 21840 20760 21280 37924.00 81060000
20131118 20800 21590 20700 20800 40991.00 86070000
20131115 20820 21200 20510 20800 40240.00 84140000
20131114 19200 20800 19200 20740 41383.00 84320000
20131113 19750 19860 19270 19270 10314.00 20170000
20131112 19290 19850 19080 19750 13998.00 27340000
20131111 18700 19170 18560 19070 6913.00 13110000
20131108 19010 19130 18560 18700 13359.00 25100000
20131107 19600 19600 19050 19170 10628.00 20490000
20131106 20000 20000 19550 19620 11026.00 21830000
20131105 19600 20080 19300 20010 19159.00 38000000
20131104 19350 19870 19200 19620 11703.00 23020000
20131101 19130 19320 18880 19180 7082.00 13510000
20131031 18870 19500 18860 19180 11202.00 21610000
20131030 18700 19080 18500 19010 9186.00 17310000
20131029 19190 19580 17950 18650 18957.00 35560000
20131028 19650 19980 19200 19370 14567.00 28680000
20131025 20110 20110 19400 19510 13011.00 25570000
20131024 19800 20710 19700 20060 26275.00 53080000
20131023 20550 20800 19380 19790 21009.00 41840000
20131022 20240 20940 20040 20410 28253.00 57870000
20131021 19730 20370 19410 20200 24745.00 49570000
20131018 19650 20190 19570 19750 21304.00 42310000
20131017 19350 20600 19350 19810 53743.00 107940000
20131016 19260 19390 18780 18880 15959.00 30320000
20131015 19370 19800 19020 19460 27790.00 53840000
20131014 18600 19500 18540 19370 40500.00 77290000
20131011 18320 18620 18310 18540 13047.00 24110000
20131010 18640 18640 18230 18280 15570.00 28590000
20131009 18730 18800 18450 18650 14158.00 26280000
20131008 18350 18800 18260 18730 12439.00 23200000
20130930 18110 18330 18110 18250 5880.00 10730000
20130927 18100 18350 17930 18030 8269.00 14980000
20130926 18700 18750 18060 18110 16687.00 30680000
20130925 19310 19380 18620 18700 19281.00 36520000
20130924 19220 19540 19000 19390 24777.00 47760000
20130923 19300 19460 18990 19200 22514.00 43160000
20130918 18630 19200 18540 19200 14617.00 27740000
20130917 18930 19230 18700 18700 15752.00 29900000
20130916 19070 19090 18670 18790 13267.00 24960000
20130913 18780 19000 18670 19000 11020.00 20770000
20130912 18790 18970 18600 18750 14230.00 26770000
20130911 19310 19450 18610 18790 32879.00 62090000
20130910 19580 19780 19160 19380 18537.00 36000000
20130909 19980 19980 19440 19610 21595.00 42380000
20130906 19830 20190 19440 20010 22992.00 45390000
20130905 20210 20210 19750 19860 23832.00 47440000
20130904 19740 20450 19590 20300 43043.00 86590000
20130903 19270 20180 19270 19870 43068.00 85470000
20130902 18600 19290 18580 19230 25881.00 49310000
20130830 19050 19210 18660 18800 20089.00 37920000
20130829 19000 19400 18810 19040 35661.00 68310000
20130828 18590 19250 18340 19000 43175.00 81660000
20130827 18210 18710 18110 18700 22057.00 40740000
20130826 18100 18280 18000 18210 14980.00 27200000
20130823 18270 18520 17780 18110 14856.00 27010000
20130822 18250 18490 18180 18180 10154.00 18640000
20130821 18400 18470 18250 18380 9334.00 17120000
20130820 17880 18540 17880 18520 25761.00 47040000
20130819 17600 17920 17510 17890 16994.00 30180000
20130816 18350 18600 17600 17680 25151.00 45650000
20130815 18440 18700 18110 18520 33960.00 62360000
20130814 19000 19040 18390 18500 22812.00 42700000
20130813 18700 19070 18520 19030 24832.00 46790000
20130812 18730 18850 18550 18700 27459.00 51370000
20130809 18660 18730 18150 18500 26898.00 49780000
20130808 18870 18970 18400 18560 29863.00 55790000
20130807 18820 19480 18560 19020 43397.00 82700000
20130806 19470 19470 18710 19000 44496.00 84370000
20130805 19000 19590 18870 19300 38849.00 74820000
20130802 19000 19140 18750 18810 34554.00 65370000
20130801 18800 19150 18600 19140 51416.00 97190000
20130731 18920 19240 18460 18580 48036.00 90050000
20130730 17760 18910 17300 18580 45158.00 82560000
20130729 18160 18160 17700 17850 15755.00 28220000
20130726 17620 18180 17620 17970 9833.00 17620000
20130725 18560 18730 17730 17870 19966.00 36320000
20130724 18650 18850 18370 18650 24462.00 45650000
20130723 18470 18710 18300 18650 26722.00 49540000
20130722 17330 18500 17120 18500 28413.00 51370000
20130719 17780 17890 17440 17460 10048.00 17700000
20130718 17850 18050 17470 17590 13276.00 23460000
20130717 18010 18180 17770 17890 12524.00 22470000
20130716 17810 18250 17810 18080 20344.00 36750000
20130715 17570 17990 17370 17900 14821.00 26320000
20130712 17560 18020 17260 17450 19645.00 34870000
20130711 17150 17540 17050 17520 14689.00 25520000
20130710 16780 17150 16700 17090 7165.00 12180000
20130709 16530 16890 16350 16600 5182.00 8570000
20130708 17150 17150 16720 16720 8452.00 14270000
20130705 17400 17510 17170 17180 7652.00 13310000
20130704 16950 17750 16800 17490 15953.00 27740000
20130703 16880 17260 16000 17200 11680.00 19550000
20130702 17110 17120 16810 16950 5516.00 9330000
20130701 16550 17000 16550 16990 5990.00 10120000
20130628 16700 17030 16700 16760 4226.00 7130000
20130627 16690 16990 16690 16910 9312.00 15680000
20130626 16160 16750 16100 16700 9249.00 15290000
20130625 16220 16500 14660 16310 9338.00 14680000
20130624 16500 17300 16010 16280 6662.00 10980000
20130621 16200 17300 16200 17130 6606.00 11180000
20130620 17590 17900 17250 17290 10146.00 17860000
20130619 17050 17750 17020 17590 12137.00 21100000
20130618 17480 17480 17080 17160 4859.00 8370000
20130617 17340 17610 17120 17350 11376.00 19790000
20130614 16540 17340 16400 17250 14287.00 24220000
20130613 16500 16580 16000 16390 7848.00 12790000
20130607 17180 17540 16860 16970 8727.00 15030000
20130606 17460 17500 17150 17200 8762.00 15180000
20130605 17500 17560 17290 17520 7266.00 12680000
20130604 17310 17550 17220 17420 11000.00 19070000
20130603 17750 17930 17330 17380 11572.00 20320000
20130531 18140 18200 17750 17820 16071.00 28750000
20130530 17990 18380 17820 18120 17574.00 31900000
20130529 17800 18080 17800 18060 15903.00 28580000
20130528 18000 18000 17590 17800 13132.00 23320000
20130527 17860 18060 17700 18000 16005.00 28650000
20130524 17610 17850 17440 17850 13319.00 23470000
20130523 17800 17800 17420 17500 19999.00 35200000
20130522 18120 18350 17800 17820 24826.00 44840000
20130521 18000 18300 17800 18260 30171.00 54540000
20130520 18000 18670 18000 18040 42135.00 77180000
20130517 17530 17900 17530 17900 23976.00 42630000
20130516 17360 17840 17200 17710 24870.00 43830000
20130515 16980 17450 16980 17370 12126.00 20950000
20130514 17240 17490 16800 17000 13906.00 23890000
20130513 17500 17500 17210 17370 17059.00 29570000
20130510 17050 17580 16930 17500 28200.00 48930000
20130509 17060 17090 16830 17070 16979.00 28780000
20130508 16890 16980 16670 16960 13736.00 23160000
20130507 17000 17020 16750 16850 11876.00 20030000
20130506 16860 17090 16770 17000 13693.00 23200000
20130503 16710 16940 16610 16850 13756.00 23150000
20130502 16550 16740 16450 16710 9135.00 15190000
20130426 16760 16880 16520 16580 11523.00 19210000
20130425 16480 16830 16370 16720 20580.00 34310000
20130424 15860 16380 15860 16260 8107.00 13160000
20130423 16700 16740 16000 16070 10811.00 17590000
20130422 16400 16790 16400 16640 13761.00 22900000
20130419 16170 16710 16100 16680 18433.00 30290000
20130418 15780 16130 15620 16030 10465.00 16740000
20130417 15620 15850 15560 15850 5131.00 8060000
20130416 15200 15740 15120 15740 5742.00 8890000
20130415 15960 15960 15570 15650 6153.00 9630000
20130412 16000 16170 15890 15930 8879.00 14260000
20130411 15890 16110 15840 15900 5909.00 9430000
20130410 16120 16120 15710 15890 6709.00 10650000
20130409 16050 16190 15950 16100 5876.00 9460000
20130408 15600 15960 15550 15940 8469.00 13330000
20130403 16490 16700 15100 16020 12140.00 19500000
20130402 16850 17080 16480 16490 13749.00 23080000
20130401 16380 16760 16310 16720 11507.00 19150000
20130329 16420 16600 16320 16410 9640.00 15850000
20130328 17060 17070 16410 16420 18887.00 31380000
20130327 17320 17450 17010 17060 14586.00 25070000
20130326 17600 17700 17160 17310 15119.00 26160000
20130325 17730 17850 17520 17680 18648.00 32980000
20130322 17690 18000 17550 17730 12967.00 23000000
20130321 17700 18130 17690 17810 23429.00 41940000
20130320 17340 17790 17250 17760 20410.00 35810000
20130319 17140 17860 17140 17540 22563.00 39530000
20130318 17050 17290 16950 17060 12106.00 20750000
20130315 17200 17450 17010 17070 14289.00 24710000
20130314 17260 17490 17180 17190 11407.00 19750000
20130313 17240 17390 16820 17350 16826.00 28690000
20130312 18180 18300 17150 17400 23788.00 41920000
20130311 18220 18300 17900 18000 14657.00 26480000
20130308 18460 18790 18000 18180 19004.00 34640000
20130307 18580 18890 18070 18500 30407.00 56210000
20130306 18500 18660 18300 18580 30865.00 57030000
20130305 18500 18630 17850 18500 28476.00 52060000
20130304 18760 19250 18120 18400 60726.00 114240000
20130301 18400 18730 18300 18720 41034.00 76130000
20130228 18020 18570 17810 18400 42832.00 78370000
20130227 18110 18300 17660 17840 23605.00 42280000
20130226 18010 18470 17900 18090 45738.00 83270000
20130225 17500 18330 17500 18190 50950.00 92030000
20130222 17950 18200 17350 17420 33276.00 59330000
20130221 17890 18010 17570 17880 31063.00 55350000
20130220 17360 18180 17360 18040 44122.00 78940000
20130219 17720 17720 17270 17330 17831.00 31080000
20130218 17450 17790 17360 17630 25136.00 44330000
20130208 17000 17360 16970 17310 15390.00 26520000
20130207 16860 17120 16860 17040 13492.00 22920000
20130206 16940 17120 16830 16880 16887.00 28600000
20130205 16800 17080 16610 17020 14742.00 24950000
20130204 17550 17620 16750 16790 38411.00 65210000
20130201 17900 17900 17490 17540 23227.00 40970000
20130131 17670 17740 17370 17740 14467.00 25360000
20130130 17880 17900 17490 17670 21794.00 38440000
20130129 17990 18000 17760 17880 20124.00 35990000
20130128 17410 17970 17410 17940 23348.00 41350000
20130125 17560 17750 17300 17360 19654.00 34340000
20130124 18200 18810 17600 17700 40357.00 73340000
20130123 17860 18000 17550 17990 19489.00 34650000
20130122 18200 18260 17500 17860 29104.00 52020000
20130121 18100 18500 17800 18330 40140.00 72800000
20130118 17490 18080 17410 17990 34765.00 61900000
20130117 17600 17670 17250 17310 15657.00 27160000
20130116 17830 18000 17300 17590 22811.00 40260000
20130115 17580 18100 17580 17830 38580.00 68740000
20130114 17000 17670 16710 17600 26845.00 46600000
20130111 17360 17620 17000 17000 17584.00 30350000
20130110 17500 17800 17300 17440 22336.00 38990000
20130109 17640 18000 17400 17660 25501.00 45190000
20130108 17520 18150 17300 17780 44992.00 79890000
20130107 17320 17650 17020 17570 29626.00 51480000
20130104 16960 17320 16750 17320 31253.00 53260000
20121231 17140 17270 16870 16920 23940.00 40640000
20121228 17110 17250 16880 17130 23698.00 40440000
20121227 17590 17820 17100 17110 34297.00 59550000
20121226 17410 17770 17300 17640 39086.00 68500000
20121225 16900 17640 16870 17560 57103.00 98780000
20121224 17090 17190 16810 16900 20709.00 35140000
20121221 17010 17320 16760 17000 41348.00 70490000
20121220 16280 17000 16220 17000 37932.00 63400000
20121219 16540 16660 16200 16430 24114.00 39560000
20121218 16500 17050 16350 16490 38663.00 64660000
20121217 17450 17450 16540 16610 42951.00 71980000
20121214 16420 17120 16380 16940 52568.00 88480000
20121213 16340 16720 16210 16310 32322.00 53280000
20121212 16100 16600 15980 16320 27576.00 44890000
20121211 16700 16790 16300 16300 36944.00 61030000
20121210 16450 17270 16040 16860 64717.00 108030000
20121207 16000 16950 15930 16420 65557.00 108010000
20121206 15600 16200 15510 16150 46809.00 74840000
20121205 14890 16000 14710 15670 39886.00 62070000
20121204 15410 15710 14300 15070 42588.00 63480000
20121203 15520 16290 15360 15760 32026.00 50830000
20121130 15160 15680 15150 15580 26502.00 40980000
20121129 15700 15950 15220 15270 32252.00 49780000
20121128 15640 16180 15510 15680 32038.00 50950000
20121127 16100 16330 15510 15890 36431.00 58190000
20121126 16590 16670 16110 16220 38903.00 63820000
20121123 16520 17370 16210 16820 72949.00 122570000
20121122 16280 16580 16030 16500 38275.00 62550000
20121121 15450 16750 15400 16370 64534.00 104430000
20121120 16240 16760 15620 15650 67624.00 109710000
20121119 15040 16210 14920 15990 57360.00 90050000
20121116 14950 15360 14680 15210 29115.00 43800000
20121115 15350 15680 14940 15030 32966.00 50620000
20121114 15330 15550 15010 15500 39975.00 61250000
20121113 15990 16200 15510 15530 54044.00 85250000
20121112 15860 16500 15470 16070 100879.00 161500000
20121109 14260 15690 14250 15690 80766.00 124410000
20121108 14800 14800 14200 14260 20655.00 29950000
20121107 15240 15370 14830 15000 23475.00 35360000
20121106 14730 15480 14620 15370 45627.00 69080000
20121105 14910 15090 14520 14720 22175.00 32810000
20121102 14710 14980 14560 14930 28332.00 41780000
20121101 14590 15410 14570 14960 50678.00 76090000
20121031 13640 14800 13640 14300 30762.00 43970000
20121030 13500 13640 13460 13490 3547.00 4790000
20121029 13440 13530 13350 13460 2849.00 3820000
20121026 13800 13940 13450 13450 7061.00 9610000
20121025 14120 14260 13860 13860 7267.00 10200000
20121024 14000 14270 13810 14090 9237.00 12980000
20121023 14180 14300 13980 14000 7115.00 10050000
20121022 14100 14220 13920 14180 5969.00 8400000
20121019 14080 14130 13870 14130 7148.00 10030000
20121018 13880 14080 13770 14030 6751.00 9440000
20121017 13900 13990 13630 13760 4912.00 6780000
20121016 13780 14130 13700 13900 7608.00 10620000
20121015 14010 14090 13610 13720 5457.00 7510000
20121012 14140 14300 13810 13950 7968.00 11130000
20121011 14370 14370 14100 14120 8505.00 12070000
20121010 14350 14470 14150 14380 9846.00 14100000
20121009 14080 14600 13870 14370 14329.00 20480000
20121008 13800 13850 13570 13840 7267.00 9980000
20120928 13500 13750 13400 13720 6861.00 9350000
20120927 13170 13680 13170 13450 8603.00 11570000
20120926 13940 13940 13020 13170 10570.00 14170000
20120925 14190 14240 13820 13820 6560.00 9200000
20120924 14330 14330 14060 14190 6698.00 9510000
20120921 14690 14690 14170 14190 7460.00 10740000
20120920 15100 15220 14660 14700 6953.00 10390000
20120919 15320 15320 14950 15070 2884.00 4340000
20120918 15010 15120 14910 15020 4026.00 6030000
20120917 15700 15700 15120 15120 6287.00 9660000
20120914 15650 15910 15560 15700 6792.00 10660000
20120913 15940 16090 15620 15620 7227.00 11430000
20120912 15830 16090 15770 15950 8658.00 13770000
20120911 15820 15910 15660 15770 8695.00 13730000
20120910 16110 16180 15830 15910 13776.00 22010000
20120907 15350 15970 15350 15830 20722.00 32590000
20120906 15100 15300 15100 15280 5562.00 8470000
20120905 15080 15220 14910 15100 4211.00 6350000
20120904 15220 15250 15000 15120 5315.00 8030000
20120903 15000 15250 14880 15220 6300.00 9530000
20120831 14900 15070 14800 15000 4292.00 6420000
20120830 15330 15510 14840 14960 10954.00 16550000
20120829 15060 15590 15050 15480 12365.00 19030000
20120828 15140 15300 14980 15180 7149.00 10800000
20120827 15750 15750 15110 15130 9072.00 13930000
20120824 16100 16150 15820 15850 7796.00 12420000
20120823 16090 16250 16040 16160 6620.00 10670000
20120822 16230 16380 16060 16120 7963.00 12880000
20120821 16000 16310 16000 16220 8339.00 13500000
20120820 16050 16090 15850 16060 4530.00 7220000
20120817 15860 16110 15860 16070 6420.00 10260000
20120816 15980 16220 15880 15920 7784.00 12460000
20120815 16360 16360 15970 16050 7109.00 11430000
20120814 16090 16360 15950 16320 11483.00 18520000
20120813 16530 16770 16100 16180 11186.00 18430000
20120810 16760 16920 16580 16600 10458.00 17500000
20120809 16700 16790 16400 16770 16718.00 27760000
20120808 17070 17190 16620 16690 16987.00 28550000
20120807 16860 16980 16720 16910 13180.00 22230000
20120806 16450 16880 16420 16860 14048.00 23430000
20120803 16410 16550 16320 16540 9389.00 15450000
20120802 16400 16450 16110 16440 7976.00 13000000
20120801 16220 16570 16200 16400 9077.00 14880000
20120731 16080 16470 15830 16280 8706.00 14090000
20120730 16690 16740 16030 16180 9941.00 16200000
20120727 16970 17040 16520 16560 15977.00 26590000
20120726 17520 17780 16900 16970 24033.00 41350000
20120725 16700 17640 16580 17310 41690.00 72150000
20120724 16320 17070 16180 16650 20617.00 34430000
20120723 17300 17550 16460 16620 26489.00 44630000
20120720 16280 16470 16110 16120 8662.00 14080000
20120719 16140 16470 16000 16350 8601.00 14030000
20120718 16140 16170 15660 16110 10133.00 16160000
20120717 16300 16400 15900 16150 10491.00 16930000
20120716 17150 17280 16310 16330 12424.00 20750000
20120713 17190 17340 17040 17100 7092.00 12150000
20120712 17050 17370 16860 17310 11688.00 20050000
20120711 16900 17190 16900 17050 6880.00 11720000
20120710 17020 17200 16750 16840 8394.00 14190000
20120709 17350 17450 17070 17100 8836.00 15240000
20120706 17290 17500 17010 17470 12626.00 21770000
20120705 17400 17490 17100 17170 10774.00 18520000
20120704 17590 17660 17400 17430 8666.00 15170000
20120703 17450 17680 17320 17570 10661.00 18680000
20120702 17530 17630 17380 17470 10778.00 18840000
20120629 17190 17490 17130 17400 12754.00 22110000
20120628 17980 18190 17260 17310 19002.00 33550000
20120627 17920 18280 17860 17930 25806.00 46620000
20120626 17650 18140 17090 17880 25559.00 44710000
20120625 18070 18750 17920 18020 44836.00 82250000
20120621 17900 18070 17630 17790 10313.00 18420000
20120620 18030 18090 17900 17950 10044.00 18050000
20120619 18090 18240 17840 17980 14803.00 26600000
20120618 18010 18430 17890 18100 23715.00 43190000
20120615 17680 17840 17300 17800 13617.00 24010000
20120614 17700 17870 17590 17650 18242.00 32340000
20120612 17510 17590 17220 17500 7895.00 13760000
20120611 17280 17540 17190 17520 8541.00 14880000
20120608 17540 17550 17080 17150 9124.00 15780000
20120607 17560 17700 17190 17250 8905.00 15510000
20120606 17600 17750 17350 17440 9254.00 16190000
20120605 17560 17790 17510 17580 10978.00 19350000
20120604 18000 18080 17660 17670 21956.00 39310000
20120601 18200 19250 18070 18480 39334.00 73590000
20120531 18200 18320 18060 18180 16258.00 29520000
20120530 18350 18460 18210 18230 23119.00 42350000
20120529 18300 18490 18070 18350 30992.00 56660000
20120528 17520 18300 17060 18210 27618.00 49280000
20120525 17820 18160 17570 17760 16744.00 29810000
20120524 18000 18200 17850 17920 11821.00 21270000
20120523 18000 18100 17620 18090 14498.00 26000000
20120522 17830 18140 17740 18020 15458.00 27760000
20120521 17510 17790 17500 17720 10069.00 17780000
20120518 17610 17820 17550 17590 11378.00 20090000
20120517 17500 17920 17410 17920 15851.00 28060000
20120516 18440 18440 17630 17640 23310.00 41910000
20120515 18100 18420 17850 18340 27972.00 50920000
20120514 17900 18950 17790 18360 48139.00 88810000
20120511 17530 18000 17460 17640 14406.00 25540000
20120510 17590 17750 17450 17540 10389.00 18270000
20120509 18100 18100 17600 17620 16639.00 29570000
20120508 18200 18570 18200 18230 27103.00 49730000
20120504 18100 18140 17950 18070 17522.00 31610000
20120503 17760 18150 17650 18070 19997.00 35900000
20120502 17640 17800 17440 17760 14462.00 25570000
20120427 17480 17700 17270 17430 7118.00 12440000
20120426 17870 17870 17450 17460 13350.00 23480000
20120425 17150 17790 16800 17640 24570.00 42700000
20120424 17450 17570 16770 17290 17987.00 30850000
20120423 18200 18350 17530 17550 20730.00 37120000
20120420 18140 18250 17900 18180 16998.00 30750000
20120419 17970 18290 17860 18150 18694.00 33940000
20120418 17700 17980 17430 17960 13183.00 23460000
20120417 18000 18100 17690 17690 11169.00 19900000
20120416 18070 18370 18010 18050 19050.00 34680000
20120413 18090 18190 17890 17970 14195.00 25570000
20120412 17900 18230 17650 18070 17970.00 32300000
20120411 17500 18380 17320 17890 17920.00 31870000
20120410 17150 17790 17020 17750 15805.00 27410000
20120409 17580 17590 17160 17190 9952 17282000
20120406 17640 17880 17480 17630 13737 24292000
20120405 17180 17650 17180 17630 18394 32075000
20120330 17170 17480 16770 17150 15255 26143000
20120329 17400 17900 17100 17170 20532 35829000
20120327 18700 18940 18320 18430 11080 20616000
20120326 18900 19200 18500 18660 10391 19559000
20120323 19510 19530 18800 18980 20176 38496000
20120322 19500 20090 19170 19700 34591 68203000
20120321 19360 19970 19280 19530 21661 42407000
20120320 19800 19800 19130 19350 21449 41723000
20120319 19200 20200 19070 19870 35774 70440000
20120316 18580 19150 18480 19070 23281 43833000
20120315 19340 19480 18000 18640 30733 57721000
20120314 20860 20900 19310 19380 45291 91548000
20120313 20500 20990 20480 20760 36202 75316000
20120312 20710 20770 20350 20550 27062 55503000
20120309 20000 20850 19920 20710 52437 107323000
20120308 19610 19980 19600 19960 24182 47949000
20120307 19680 19940 19480 19580 28886 56832000
20120306 20480 20680 19920 20000 31149 62724000
20120305 20780 21140 20480 20500 36884 76428000
20120302 20750 21180 20500 20800 40552 84137000
20120301 20400 20800 20250 20400 30350 62233000
20120229 21250 21250 20480 20490 56920 118007000
20120228 20090 21660 20000 21310 94793 197388000
20120227 20300 20580 20020 20060 56670 115026000
20120224 19700 20500 19620 20150 54626 109890000
20120223 19900 19980 19530 19760 44124 87203000
20120222 19250 19960 19200 19930 61316 119871000
20120221 19250 19270 18730 19250 28131 53576000
20120220 19450 19480 19120 19160 30919 59602000
20120217 19490 19610 19050 19210 30117 58154000
20120216 19300 19440 19010 19430 37630 72470000
20120215 18850 19500 18660 19390 46067 88081000
20120214 19500 19700 19030 19090 45460 87705000
20120213 18810 19590 18770 19060 54526 105043000
20120210 18700 19180 18510 18920 50334 94948000
20120209 18300 19150 18200 18760 59430 110668000
20120208 17790 18340 17630 18230 25056 45175000
20120207 18350 18350 17620 17800 25577 45753000
20120206 18450 18580 18200 18420 29260 53765000
20120203 18400 18550 18250 18460 30197 55650000
20120202 18550 18700 18010 18450 40164 73736000
20120201 18030 18730 17740 18330 46508 84641000
20120131 17660 17950 17000 17950 22690 39566000
20120130 17750 17970 17550 17660 30930 54794000
20120120 17070 17740 16860 17560 35271 61541000
20120119 16960 17150 16560 16720 29387 49485000
20120118 18110 18420 16400 17030 59614 103028000
20120117 17100 18160 17100 18110 23997 42498000
20120116 17700 18240 17080 17090 20000 35501000
20120113 19310 19650 18110 18130 32965 61481000
20120112 19160 20200 19110 19520 39165 77199000
20120111 18900 19690 18850 19280 39344 75958000
20120110 18400 19480 18280 19220 42867 82143000
20120109 17700 18590 17300 18440 33552 60654000
20120106 17830 18330 16820 17900 43782 76062000
20120105 20500 20570 18690 18690 37037 71541000
20120104 21160 21480 20530 20770 39646 83265000
20111230 20440 21250 20240 20950 44943 93055000
20111229 20450 20880 20100 20500 30689 62798000
20111228 21500 21930 20000 20500 49511 101691000
20111227 22300 23070 21470 21700 55609 123974000
20111226 22800 23580 22410 22650 61809 141903000
20111223 22500 23400 22180 23090 77383 176312000
20111222 21100 23470 20800 22970 86651 192943000
20111221 22500 22650 21250 21380 51897 114479000
20111220 23040 23130 22160 22210 54232 122655000
20111219 22100 23300 21950 23040 85046 192119000
20111216 20400 22700 20100 22620 71226 152004000
20111215 21450 22180 20600 20750 79626 170843000
20111214 21550 22250 20550 21700 81897 175601000
20111213 21050 22520 20910 21630 106808 231571000
20111212 21160 21980 20750 20910 64496 137458000
20111209 20190 21280 20060 21250 81059 168338000
20111208 19120 20870 18780 20790 93705 190409000
20111207 18990 19170 18580 18970 23130 43588000
20111206 18780 19360 18210 19060 30909 57841000
20111205 21100 21100 19160 19220 44787 88841000
20111202 20700 21610 20550 21290 60129 127542000
20111201 20990 21620 20400 21050 76195 160736000
20111130 20000 21330 20000 20440 89069 183234000
20111129 20850 20850 19820 20000 52283 105369000
20111128 18780 20200 18710 20200 57911 114107000
20111125 18320 18660 18000 18360 11823 21630000
20111124 18600 18700 18000 18450 13896 25550000
20111123 19470 19620 18910 18950 12891 24793000
20111122 18800 19600 18600 19480 17687 33776000
20111121 18750 19150 18200 19150 14701 27354000
20111118 19160 19690 18590 18750 16258 31302000
20111117 19230 19590 19230 19400 11850 23025000
20111116 20360 20360 19180 19280 24574 48374000
20111115 19900 20480 19800 20350 24048 48811000
20111114 19850 20140 19660 19960 19884 39622000
20111111 19640 20150 19470 19500 13551 26648000
20111110 19700 19950 19520 19600 20489 40353000
20111109 19630 20090 19330 20090 25045 49479000
20111108 20290 20380 19410 19510 24830 49521000
20111107 20180 20550 20150 20290 22167 45025000
20111104 20620 21290 20110 20430 47146 97241000
20111103 21790 21810 20580 20600 84206 179461000
20111102 19000 19900 18800 19830 40459 78199000
20111101 18430 19560 18300 19400 50520 96257000
20111031 18180 18730 17960 18690 23847 43796000
20111028 18290 18470 17780 18210 22923 41455000
20111027 17670 18650 17450 17940 23718 42909000
20111026 17450 17950 17310 17560 20094 35606000
20111025 17200 17770 16900 17590 17726 30801000
20111024 16800 17200 16410 17120 10235 17280000
20111021 17000 17160 16720 16760 7251 12239000
20111020 17510 17700 16780 16980 12595 21399000
20111019 17650 18160 17600 17700 9744 17346000
20111018 18510 18700 17620 17650 15382 28019000
20111017 18890 19080 18600 18730 13907 26099000
20111014 18690 19350 18500 18890 21339 40590000
20111013 18350 19480 18180 19000 38653 73331000
20111012 17260 18110 17020 18010 15055 26729000
20111011 17850 18000 17040 17450 12039 21116000
20111010 17110 17480 16810 17300 9595 16481000
20110930 17250 17450 16700 17190 8310 14215000
20110929 18450 18450 17180 17220 12803 22663000
20110928 18820 19290 18450 18540 7577 14231000
20110927 19230 19230 18610 18860 6444 12169000
20110926 18760 19270 18760 18880 11169 21201000
20110923 18350 19300 18350 19140 18225 34658000
20110922 19720 19720 18870 18890 24621 47442000
20110921 18660 19780 18400 19740 25851 49680000
20110920 18500 18860 18300 18700 14507 26958000
20110919 19650 19770 18510 18570 17004 32321000
20110916 20350 20520 19850 19900 14768 29695000
20110915 20300 20560 20060 20320 21800 44366000
20110914 20360 20550 19640 20300 17514 35191000
20110913 19630 20550 19630 20090 20646 41640000
20110909 19700 20200 19600 19930 12876 25573000
20110908 20300 20470 19600 19700 13936 27865000
20110907 19580 20280 19580 20190 17252 34363000
20110906 19590 19790 19280 19410 12270 23921000
20110905 20980 20980 19780 19780 19079 38384000
20110902 21670 21780 20730 20780 19308 40552000
20110901 22270 22590 21500 21670 20022 44069000
20110831 21950 22690 21900 22270 18153 40428000
20110830 22890 23380 22030 22180 27567 62898000
20110829 22600 22920 22260 22700 20127 45366000
20110826 22770 23000 22480 22600 33470 76116000
20110825 22090 22770 22090 22670 30332 68087000
20110824 22010 22900 22000 22220 35313 79348000
20110823 21400 22040 21390 21880 21902 47739000
20110822 22000 22270 21300 21400 20515 44797000
20110819 21600 22180 21410 22030 22519 49019000
20110818 22920 22920 22220 22380 35407 79752000
20110817 21820 23490 21820 23000 67508 155730000
20110816 22530 22610 21900 21960 28932 63946000
20110815 21920 22500 21920 22370 26434 58755000
20110812 21770 22440 21770 21800 33483 73863000
20110811 20660 21930 20360 21620 37036 79045000
20110810 21700 22250 21200 21370 35945 78111000
20110809 20400 21730 19360 21150 43892 90404000
20110808 23000 23190 21420 21420 54412 120155000
20110805 23550 24470 23300 23800 45533 109431000
20110804 25000 25390 24330 24950 65011 162136000
20110803 24300 25100 24040 24850 61158 150846000
20110802 23290 24870 23180 24780 84731 204628000
20110801 22800 23170 22150 23090 26979 61513000
20110729 22950 23950 22950 23060 55143 129871000
20110727 22460 22890 22110 22710 37066 83709000
20110726 22180 22700 21800 22670 35600 79443000
20110725 24300 24300 22200 22300 53236 123386000
20110722 24700 25000 24380 24420 33415 82393000
20110721 24950 25480 24660 24700 39928 100022000
20110720 25010 25300 24540 25100 42891 106579000
20110719 25390 26000 24970 24980 55684 140845000
20110718 25500 26450 24930 25770 83300 212967000
20110715 25500 27850 25050 25860 128169 338193000
20110714 24310 26480 23730 25850 117486 292540000
20110713 24300 24840 24010 24470 90193 220511000
20110712 22680 25120 22080 24500 133524 322489000
20110711 22700 23590 22300 23000 123153 282020000
20110708 21590 21730 20600 21540 60867 128528000
20110707 21550 23500 21500 21880 118430 265935000
20110706 20780 21980 20410 21720 95313 203197000
20110705 19880 21190 19600 21000 85732 175048000
20110704 19400 19820 19360 19820 35634 69938000
20110701 19530 19790 19400 19400 30593 59854000
20110630 19220 19800 19190 19520 36660 71583000
20110629 19650 20380 19520 19520 73376 146327000
20110628 18970 20550 18820 19900 72843 142298000
20110627 18580 19140 18500 18950 44892 84709000
20110624 18290 19350 18000 18780 58434 110090000
20110623 18000 18480 17510 18290 38787 69629000
20110622 18080 18970 18080 18340 45877 85331000
20110621 17860 18090 17610 18000 21479 38385000
20110620 17900 18250 17500 17840 20470 36520000
20110617 17830 18400 17790 17880 21973 39746000
20110616 18580 18600 17810 17920 34966 63422000
20110614 18980 19690 18880 19120 52145 100402000
20110613 18450 19450 17850 19260 58423 108803000
20110610 18730 19100 18100 18480 48251 89155000
20110609 20280 20280 19030 19030 67750 133202000
20110608 20030 20800 19660 20640 85467 172889000
20110607 21880 21880 20360 20500 100591 207529000
20110603 21640 21940 20660 21840 86732 185466000
20110602 22300 22300 21250 21850 116597 253370000
20110601 20510 22770 20510 22770 187469 419409000
20110531 21430 21430 20300 20700 126786 263953000
20110530 17910 19800 17910 19800 27374 53560000
20110527 19600 19600 17720 18000 31686 58574000
20110526 19180 19980 18690 19680 43062 83148000
20110525 19970 20350 18900 19130 40062 78494000
20110524 19700 20600 19010 19950 59027 117941000
20110523 19020 20870 19000 19950 103792 209922000
20110520 17950 19790 17800 19430 63745 121881000
20110519 18160 18450 17820 17990 20470 37045000
20110518 19280 19450 18310 18350 46463 87715000
20110517 17070 18730 17060 18730 31200 57146000
20110516 16970 17170 16860 17030 7470 12741000
20110513 16980 17180 16650 17040 12457 21017000
20110512 18000 18000 16910 17010 27447 47558000
20110511 18900 18900 18110 18170 15108 27646000
20110510 38390 38500 37340 37800 6949 26272000
20110509 37600 38400 37580 37860 7972 30265000
20110506 36150 37330 36020 37160 3855 14269000
20110505 36100 36990 36020 36720 3217 11783000
20110504 37680 37690 36400 36610 6544 24295000
20110503 36700 37020 35480 37020 4425 16016000
20110429 37000 37100 36410 36750 2640 9663000
20110428 36200 37400 36200 36630 6224 22974000
20110427 37390 37970 36180 36390 4601 17031000
20110426 37990 38750 37100 37410 4884 18415000
20110425 38960 38960 37990 38230 6549 25096000
20110421 39890 39980 39270 39440 9336 36988000
20110420 39380 40180 39060 40100 23225 92531000
20110419 38400 39500 38120 39140 8108 31500000
20110418 38550 38760 38080 38740 4709 18131000
20110415 38500 38830 38010 38700 5130 19679000
20110414 39080 39190 38400 38500 6532 25248000
20110413 38180 39330 38040 39080 8883 34465000
20110412 38020 38500 37890 38190 5277 20147000
20110411 38900 39090 38020 38100 9068 34834000
20110408 38880 38980 38410 38950 8397 32489000
20110407 37780 39160 37700 38980 11415 43822000
20110406 39000 39100 37650 37800 14503 55085000
20110401 39280 39400 38200 39100 7239 28027000
20110331 39900 40470 38750 38770 9803 38672000
20110330 41350 41510 39310 39620 10462 41780000
20110329 41700 43300 41350 41550 14264 60583000
20110328 40650 42630 40600 42150 18655 78315000
20110325 40400 40980 40040 40850 6964 28229000
20110324 41300 41500 40430 40570 6735 27612000
20110323 41200 41550 40900 41480 6104 25190000
20110322 40880 41660 40290 41390 6995 28674000
20110321 40460 40970 40170 40600 5552 22511000
20110318 40500 41490 40500 40790 7013 28690000
20110317 42000 42000 40120 40340 14753 60459000
20110316 42540 42560 41730 42150 8144 34264000
20110315 43250 43760 41800 42190 14405 61195000
20110314 42980 44150 42780 43400 14171 61430000
20110311 44300 45630 43070 43900 32569 143749000
20110310 42500 44470 41410 44400 35056 151014000
20110309 41500 42990 41490 42170 18538 78560000
20110308 41280 41680 40990 41490 10596 43752000
20110307 41990 42100 40850 41280 14163 58333000
20110304 41880 42450 41020 41720 10157 42176000
20110303 44000 44000 41890 41910 16993 72850000
20110301 43310 44600 42880 44510 14652 64237000
20110228 42450 43990 41820 43310 12564 54538000
20110225 43000 43000 41000 42330 10018 42279000
20110224 42750 43100 42110 42830 9938 42487000
20110223 41510 42970 41510 42700 13218 56184000
20110222 44880 44990 42000 42020 24058 104025000
20110221 44000 45500 43830 45050 17370 77851000
20110218 45900 46310 44270 44500 27498 124042000
20110217 45440 49280 45130 46510 44572 210168000
20110216 44100 45390 43800 44810 22982 102986000
20110215 44500 46980 44220 44700 35013 159499000
20110214 45700 45720 43410 45130 34093 151746000
20110210 46180 46180 44550 45700 33034 149427000
20110209 43920 47500 43550 46230 43287 195662000
20110201 44000 44380 42710 43550 28321 122931000
20110131 41500 44880 41500 44880 48582 213486000
20110128 38400 41550 38400 40800 29912 120368000
20110127 37010 38850 36510 38240 23202 88009000
20110126 37510 39180 37020 37930 24373 93058000
20110125 40580 40970 37420 37420 35797 136169000
20110124 43010 44120 41500 41580 29630 126527000
20110121 43810 45470 42800 43500 36466 160000000
20110120 42550 46500 42200 44300 46240 207013000
20110119 42000 44600 41320 43410 42747 183648000
20110118 39500 43690 38950 42980 48418 204990000
20110117 38400 41410 37080 40000 38888 154596000
20110114 39400 41550 39300 39880 44265 178076000
20110113 39010 39750 38130 38470 39880 155008000
20110112 38210 40980 37030 40490 50037 196785000
20110111 40000 40740 38010 38300 46813 184904000
20110110 36310 40230 36250 40230 71486 282334000
20110107 37900 37900 35500 36570 28437 105023000
20110106 38910 39110 38100 38500 35324 136172000
20110105 37980 39680 37810 39260 58294 224702000
20110104 36000 37940 35050 37800 55083 202803000
20101231 39880 40000 36880 37000 112918 430870000
