20180214 11060 11240 10780 10850 31566 34521948 4.16 0.52 -1.90 18260 13306 1.37 2.65
20180213 11380 11440 11040 11060 47497 53256217 3.54 0.73 -2.04 29789 17708 1.68 3.99
20180212 10920 11790 10890 11290 67423 76600204 8.40 1.12 5.32 31635 35787 0.88 5.66
20180209 10800 11060 10510 10720 50064 53985738 4.94 0.79 -3.68 28922 21142 1.37 4.21
20180208 10630 11460 10530 11130 63025 69602893 8.63 0.99 3.25 27616 35409 0.78 5.29
20180207 10700 11090 9920 10780 74656 78448693 11.02 1.26 1.51 38753 35902 1.08 6.27
20180206 11520 11630 10620 10620 72266 78657340 8.56 1.36 -10.00 32085 40181 0.80 6.07
20180205 11480 11920 11130 11800 41156 47866828 6.76 0.68 1.03 19634 21522 0.91 3.46
20180202 12190 12200 11380 11680 65844 77249943 6.62 1.21 -5.73 37046 28798 1.29 5.53
20180201 13790 13870 12390 12390 63273 82609353 10.75 1.22 -10.02 34671 28602 1.21 5.31
20180131 14220 14420 13600 13770 53789 74598589 5.72 1.08 -3.91 30466 23323 1.31 4.52
20180130 14650 14660 14000 14330 41832 60093684 4.55 0.74 -1.17 23273 18559 1.25 3.51
20180129 15450 15500 14300 14500 76263 112677338 7.78 1.30 -6.03 46517 29746 1.56 6.41
20180126 15700 15820 15410 15430 37580 58703591 2.61 0.58 -1.84 23245 14335 1.62 3.16
20180125 15870 15960 15660 15720 48804 76976483 1.88 0.74 -1.38 29729 19074 1.56 4.10
20180124 15950 16110 15710 15940 43871 69683581 2.50 0.61 -0.25 24821 19050 1.30 3.68
20180123 15700 16290 15560 15980 78047 124774212 4.62 1.13 1.14 39535 38512 1.03 6.56
20180122 15490 16250 15220 15800 84293 132813107 6.68 1.21 2.53 38710 45582 0.85 7.08
20180119 15380 15760 15280 15410 68493 106008235 3.14 0.90 0.72 36962 31530 1.17 5.75
20180118 15650 15730 15260 15300 56083 86741832 3.01 0.63 -2.05 36322 19761 1.84 4.71
20180117 15980 16080 15330 15620 70202 109596023 4.72 0.60 -1.76 41869 28333 1.48 5.90
20180116 15730 16100 15600 15900 67716 107087891 3.17 0.48 0.82 34255 33461 1.02 5.69
20180115 16250 16380 15710 15770 85180 136305170 4.15 0.52 -2.41 49664 35516 1.40 7.15
20180112 16660 16850 16090 16160 99963 164347602 4.55 0.52 -3.18 59514 40449 1.47 8.40
20180111 17010 17150 16560 16690 123859 208191130 3.43 0.56 -2.91 79955 43904 1.82 10.40
20180110 18360 19000 17170 17190 210413 373425744 9.59 0.84 -9.91 127338 83075 1.53 17.67
20180109 20060 20590 19080 19080 182690 362186688 7.49 0.85 -5.36 115251 67439 1.71 15.34
20180108 19780 21400 19500 20160 205093 421027472 9.26 1.18 -1.75 111513 93580 1.19 17.23
20180105 20590 22300 20410 20520 232383 491799616 9.32 1.83 1.23 135375 97008 1.40 19.52
20180104 19970 21040 19800 20270 279046 565448176 6.21 3.93 1.50 138011 141035 0.98 23.44
20180103 19970 20970 19970 19970 351760 706202848 4.51 534.43 -10.00 89431 262329 0.34 29.55
20180102 22190 22190 22190 22190 3291 7302729 0.00 - -10.02 - 3291 - 0.28
20170120 22300 24670 22300 24670 142054 342656016 10.57 2.34 9.99 80461 61593 1.31 11.95
20170119 21800 22900 21450 22430 51597 115365826 6.57 0.80 1.63 25189 26409 0.95 4.34
20170118 21920 22370 21700 22070 37422 82588800 3.02 0.49 -0.36 21137 16286 1.30 3.15
20170117 21800 22420 20500 22150 71530 154207373 8.77 0.75 1.14 37423 34107 1.10 6.02
20170116 23030 23370 20910 21900 78799 176042891 10.59 0.83 -5.73 46713 32086 1.46 6.63
20170113 23950 24550 23230 23230 64789 154828354 5.47 0.63 -3.65 39222 25567 1.53 5.45
20170112 24570 25300 24020 24110 70798 174178538 5.12 0.62 -3.48 47854 22945 2.09 5.96
20170111 25500 26150 24900 24980 92740 236124740 4.87 0.74 -2.76 58393 34347 1.70 7.80
20170110 24740 26860 24510 25690 167558 434144592 9.50 1.54 3.84 71353 96205 0.74 14.10
20170109 25150 25350 24300 24740 76653 189184437 4.17 0.69 -1.79 45826 30826 1.49 6.45
20170106 25000 25940 24880 25190 103354 263085198 4.20 0.89 -0.28 53909 49444 1.09 8.70
20170105 25010 26100 24950 25260 128906 328281264 4.51 0.99 -0.98 73610 55296 1.33 10.85
20170104 23900 25950 23700 25510 154259 386229392 9.42 1.32 6.78 66350 87909 0.75 12.98
20170103 24390 24950 23810 23890 79696 194052703 4.67 0.62 -2.05 49459 30237 1.64 6.71
20161230 24620 25110 24080 24390 85401 208860653 4.14 0.64 -1.97 52929 32472 1.63 7.19
20161229 25320 25850 24770 24880 131528 331426352 4.17 1.04 -3.86 77512 54017 1.43 11.07
20161228 24230 26270 23920 25880 198669 497817456 9.71 1.72 6.90 90701 107968 0.84 16.72
20161227 24030 24330 23630 24210 88655 212514311 2.89 0.73 0.08 52894 35761 1.48 7.46
20161226 23430 24570 22890 24190 140026 336246816 7.07 1.22 1.81 64287 75739 0.85 11.78
20161223 22800 23910 22430 23760 103563.67 241665331.720
20161222 23950 24300 23120 23180 103990.30 245888748.460
20161221 23080 23950 22700 23930 142554.45 335428962.130
20161220 22790 23800 22770 23150 119249.44 277610766.570
20161219 23140 23180 22440 22980 103037.00 235170123.960
20161216 23350 24310 23120 23500 165289.92 391860461.060
20161215 22910 25380 22300 23800 237316.42 563886700.080
20161214 22670 25000 21800 23720 291576.51 672735240.700
20161213 21600 22780 20780 22780 310693.69 684424881.030
20161212 20710 20710 20710 20710 15544.32 32192286.720
20160613 20610 20610 18860 18860 54445.45 107728428.310
20160608 20900 21080 20690 20950 24133.44 50424569.530
20160607 21140 21140 20760 20800 27827.86 58095875.160
20160606 21030 21310 20800 21150 23407.50 49375519.730
20160603 21020 21340 20920 20920 23942.85 50425107.990
20160602 20970 21400 20680 21160 26574.74 55996948.470
20160601 20680 21330 20540 20760 29843.53 62739576.850
20160531 19170 20850 19120 20730 44793.14 89858338.920
20160530 19120 19500 18860 19170 15394.45 29577834.210
20160527 19340 19560 19130 19330 19567.72 37866166.000
20160526 19560 19650 18300 19350 27770.58 53008289.500
20160525 19810 19940 19320 19420 25339.33 49710090.570
20160524 19320 20420 18790 19800 46706.93 90962270.970
20160523 18750 19480 18700 19300 32290.50 61846730.970
20160520 18340 18800 18000 18690 22165.76 40844097.040
20160519 18300 18860 18220 18350 24417.21 45397757.960
20160518 18800 19000 17780 18180 29237.65 53845240.550
20160517 19190 19350 18790 19000 23824.27 45349572.830
20160516 18560 19190 18460 19170 39080.92 74051770.300
20160513 18830 19020 18150 18550 30562.00 57030000
20160512 18000 19380 17300 19020 59093.00 107430000
20160511 19210 19270 18380 18460 48950.00 91410000
20160510 19100 19780 18770 19150 68545.00 130660000
20160509 21600 21610 19940 19940 67452.00 136310000
20160506 23910 24410 22000 22150 76973.00 177810000
20160505 24040 24250 23700 24010 35954.00 86380000
20160504 23040 24760 23040 24310 83138.00 201020000
20160503 22560 23570 22350 23520 91009.00 208700000
20160415 24700 25200 24400 24550 43757.00 108310000
20160414 24310 25280 24310 24690 62341.00 154620000
20160413 23880 25690 23570 24310 112746.00 278420000
20160412 22810 24390 22450 23930 126535.00 298190000
20160411 21800 22850 21630 22720 92517.00 207180000
20160408 21630 21880 21080 21420 52879.00 113230000
20160407 22700 22870 21920 21950 54597.00 121060000
20160406 22070 22910 22000 22620 86825.00 195170000
20160405 21500 22360 21500 22190 63382.00 140080000
20160401 22000 22200 21300 21720 55027.00 119100000
20160331 22090 22990 22090 22130 77490.00 173800000
20160330 21500 21990 21180 21900 54600.00 117930000
20160329 22150 22190 21000 21160 77215.00 165460000
20160328 22800 23100 22250 22400 100774.00 227390000
20160325 20850 22500 20850 22400 117623.00 257690000
20160324 21490 21580 20800 20820 76415.00 162130000
20160323 21110 21890 21040 21720 95029.00 203880000
20160322 21180 22270 21000 21960 102664.00 223320000
20160321 21350 21570 20690 21550 109828.00 232670000
20160318 20480 21900 20360 21000 121872.00 257140000
20160317 20200 20800 19600 20620 113654.00 230490000
20160316 20420 20800 19810 20200 109114.00 222250000
20160315 20480 20980 19560 19650 119022.00 240030000
20160314 19050 19990 19050 19450 76769.00 150780000
20160311 17980 18800 17590 18800 52265.00 95500000
20160310 18800 18980 18260 18280 46063.00 85900000
20160309 18200 19380 17900 18800 94797.00 179160000
20160308 18030 18780 16840 18700 92259.00 165050000
20160307 17800 18290 17700 18030 59113.00 106470000
20160304 17700 18580 17140 17610 109181.00 195560000
20160303 17770 18350 17560 17580 112138.00 200540000
20160302 16800 17650 16500 17450 74679.00 127760000
20160301 16360 16960 15910 16650 73856.00 121060000
20160229 17800 17860 16360 16360 78625.00 130830000
20160226 17750 18450 16950 18180 120922.00 214430000
20160225 19700 19760 17730 17730 52312.00 96810000
20160224 19630 19860 19020 19700 43342.00 84660000
20160223 19890 19990 19360 19620 40260.00 79430000
20160222 19740 19890 19430 19850 50781.00 100130000
20160219 19690 19820 19250 19420 56132.00 109390000
20160218 20370 20380 19790 19790 75279.00 151090000
20160217 19400 20850 19310 20550 90214.00 179040000
20160216 18520 19700 18520 19700 83787.00 161240000
20160215 17180 18490 17180 18490 38765.00 69450000
20160205 18390 18640 17900 18200 55868.00 102030000
20160204 17650 19240 17650 18300 63346.00 116730000
20160203 17200 17740 16900 17580 38004.00 65540000
20160202 16890 17790 16720 17580 48408.00 84590000
20160201 17380 17600 16350 16850 50981.00 86660000
20160129 16000 17900 15650 17580 67424.00 113280000
20160128 16580 17140 15510 16300 47049.00 77140000
20160127 17800 17840 15900 17180 69690.00 115210000
20160126 19180 19300 17580 17580 51157.00 94540000
20160125 19280 20020 18850 19530 69420.00 134520000
20160122 18600 19170 18030 18990 60334.00 112350000
20160121 18800 19690 18060 18350 75226.00 143510000
20160120 19450 20500 18900 19440 122260.00 238220000
20160119 17820 19740 17800 19670 79295.00 148540000
20160118 16950 18350 16610 17960 67595.00 120360000
20160115 18690 19500 17280 17320 80690.00 148390000
20160114 16230 19300 16230 19200 103298.00 184580000
20160113 19300 20000 17530 17550 77360.00 148510000
20160112 19010 20980 18860 19480 113894.00 219520000
20160111 21950 22490 20950 20950 47470.00 100690000
20160108 27000 27000 22510 23280 133172.00 322920000
20160107 26820 27150 25010 25010 13118.00 34130000
20160106 25510 28000 24300 27790 135029.00 348650000
20160105 25510 26800 25510 25510 75398.00 195620000
20160104 30900 31010 28340 28340 46072.00 133940000
20151231 32410 32800 30000 31490 57025.00 183230000
20151230 32200 32490 31080 32470 60975.00 193980000
20151229 31210 31790 29940 31500 55221.00 169040000
20151228 32700 33380 31100 31210 62714.00 202490000
20151225 31000 32900 30270 32490 69305.00 222740000
20151224 29800 31530 29480 31400 87811.00 269980000
20151223 30040 30370 29300 29900 51424.00 153050000
20151222 30050 30210 29650 29910 55731.00 166460000
20151221 29500 30400 29320 29970 47850.00 143580000
20151218 30000 30210 29130 29790 63496.00 187870000
20151217 29200 30310 28600 30210 89866.00 267470000
20151216 28580 29500 28580 29030 39904.00 116110000
20151215 28190 29380 28080 28900 57870.00 166280000
20151214 27160 28380 27020 28250 35143.00 97150000
20151211 27300 27850 26010 27650 49411.00 132860000
20151210 27500 28050 27030 27550 34271.00 94550000
20151209 27900 28800 27280 27820 54791.00 153840000
20151208 28850 28850 27670 28150 49927.00 140290000
20151207 28990 29100 28350 28850 66307.00 190000000
20151204 27900 29890 27750 29300 144569.00 418320000
20151203 27650 27890 26800 27810 70720.00 193710000
20151202 28020 28490 25800 27770 76691.00 206490000
20151201 27300 28580 26710 27960 74751.00 209070000
20151130 27330 28000 24600 27550 85518.00 227600000
20151127 29380 29950 26440 26950 113579.00 324510000
20151126 29400 30980 28790 29380 102042.00 302590000
20151125 28760 29800 27560 29590 121453.00 349690000
20151124 26200 28380 25300 28210 87842.00 231250000
20151123 25900 27590 25800 26290 69951.00 187140000
20151120 25350 26670 25350 26120 64218.00 168000000
20151119 25300 25890 24020 25490 82860.00 207290000
20151118 25870 26800 25000 25660 91399.00 237560000
20151117 24920 27200 24910 25840 134890.00 355060000
20151116 23000 24750 22990 24730 86347.00 208450000
20151113 23000 24800 22000 24010 96564.00 227540000
20151112 23250 24130 22820 23500 79885.00 187820000
20151111 22300 23250 22160 23000 96152.00 218130000
20151110 22060 22650 22050 22200 80684.00 179980000
20151109 22000 23100 21650 22410 135487.00 300610000
20151106 20400 22750 20400 22500 108382.00 230780000
20151105 20050 21290 19670 20890 131263.00 267270000
20151104 18400 20050 18320 20050 85065.00 163710000
20151103 18450 18590 17820 18230 46121.00 84210000
20151102 19050 19540 18250 18490 84787.00 158840000
20151030 19800 20080 19340 19590 54731.00 108060000
20151029 20150 20530 19610 20100 59569.00 119610000
20151028 20900 21710 19800 20150 84462.00 178210000
20151027 19700 21470 19220 21260 85058.00 171750000
20151026 20000 20550 19440 19940 78537.00 157310000
20151023 18390 19700 18220 19450 98413.00 186260000
20151022 17590 18520 17210 18280 71542.00 128180000
20151021 19550 19850 17580 17580 104994.00 192990000
20151020 18700 19620 18460 19530 84098.00 160530000
20151019 19000 19250 18000 18500 69475.00 130100000
20151016 19160 19350 18560 19080 66010.00 125190000
20151015 18210 19170 17850 19050 77237.00 144660000
20151014 18520 19500 18000 18310 75093.00 141390000
20151013 18000 18900 17800 18800 80564.00 148210000
20151012 17190 18850 17080 18290 83105.00 149420000
20151009 16570 17650 16410 17300 114720.00 193760000
20151008 16350 16900 16020 16770 86649.00 142980000
20150930 15470 16640 15380 15820 86113.00 136350000
20150929 15320 16000 15270 15450 47432.00 73810000
20150928 14900 16210 14120 16000 51793.00 77950000
20150925 15770 16370 14610 14900 81782.00 127960000
20150924 15430 15940 15280 15800 49251.00 77080000
20150923 15660 15950 15000 15420 73753.00 114590000
20150922 15800 16260 15380 15850 119296.00 189460000
20150921 13680 15170 13580 15170 64835.00 95030000
20150918 13870 14120 13400 13790 46931.00 64300000
20150917 14340 14900 13800 13850 82603.00 119580000
20150916 13550 14880 12910 14620 93277.00 130480000
20150915 13620 14100 13240 13530 65419.00 88180000
20150914 16370 16620 14710 14710 78715.00 121810000
20150911 16500 16840 15800 16340 71568.00 116720000
20150910 16680 17500 16420 16730 65810.00 111670000
20150909 16080 17120 15910 16860 75818.00 125920000
20150908 15100 16300 14160 16100 64607.00 97690000
20150907 15590 16500 14820 15540 74904.00 117610000
20150902 15590 17680 15590 15590 56281.00 89550000
20150901 18200 18600 17320 17320 35102.00 61640000
20150831 20680 21270 19240 19240 57329.00 115840000
20150828 19850 21440 19080 21380 122916.00 245790000
20150827 18200 19500 16500 19500 44871.00 82410000
20150826 19900 20500 17940 17940 66351.00 127350000
20150825 19930 20750 19930 19930 52178.00 104550000
20150824 22310 23880 22140 22140 29678.00 65990000
20150821 27120 27120 24600 24600 58036.00 147180000
20150820 30040 30040 27300 27330 39484.00 113450000
20150819 27620 31000 27430 30210 73573.00 211210000
20150818 33960 34290 30480 30480 42932.00 137070000
20150817 34840 34900 33200 33870 36915.00 125070000
20150814 34920 36000 34210 34890 58049.00 204930000
20150813 33270 34980 33100 34690 39391.00 134550000
20150812 34500 35980 33100 34500 55805.00 193960000
20150811 34600 36150 33510 35000 67322.00 234930000
20150810 33850 35800 32800 35510 98647.00 341220000
20150807 30700 33770 30700 33700 71433.00 233750000
20150806 28830 31300 27810 30700 60427.00 182740000
20150805 28890 30900 27900 28970 63095.00 187540000
20150804 26100 28160 25780 28160 44286.00 120200000
20150803 27400 28190 25560 25600 54181.00 142710000
20150731 30000 30900 27200 28400 112814.00 332720000
20150730 28600 30170 27160 30170 106811.00 317670000
20150729 25600 27430 24900 27430 78507.00 204010000
20150728 24800 27490 24070 24940 93551.00 239420000
20150727 29100 31500 26740 26740 88387.00 261380000
20150724 28770 31750 28600 29710 103110.00 311020000
20150723 27350 30130 26890 28910 86135.00 244510000
20150722 27490 28530 26210 27440 59883.00 164190000
20150721 26690 28500 25020 27250 81919.00 225140000
20150720 25700 27710 25680 26900 139446.00 371650000
20150717 23200 25190 22700 25190 168388.00 413630000
20150716 19410 23100 19410 22900 182496.00 383910000
20150715 23980 23980 21570 21570 134672.00 298920000
20150714 23970 23970 23010 23970 70103.00 167810000
20150713 21790 21790 20790 21790 115012.00 250320000
20150706 23960 23960 19810 19810 75471.00 157400000
20150703 22010 23540 22010 22010 63606.00 140660000
20150702 25000 25880 24450 24450 58526.00 143760000
20150701 30100 30990 27170 27170 96565.00 281620000
20150630 28200 31490 28200 30190 76390.00 223300000
20150629 34810 35490 31330 31330 26698.00 84840000
20150626 37300 37300 34810 34810 42425.00 148780000
20150625 39800 39800 37150 38680 22715.00 88590000
20150624 38660 40480 37410 39790 55554.00 218490000
20150623 35200 38990 34080 38600 36060.00 132910000
20150619 37940 39100 35500 37860 23659.00 89170000
20150618 40300 41050 38800 39000 40312.00 161170000
20150617 38600 40370 37000 39960 38207.00 148980000
20150616 41600 41600 38620 38620 46836.00 184600000
20150615 45200 46600 42850 42910 38526.00 172050000
20150612 44300 44790 43360 44400 32977.00 146080000
20150611 44500 44500 43310 43730 36735.00 160730000
20150610 45320 45410 42970 44880 58400.00 258870000
20150609 44880 46050 42200 43300 37531.00 164490000
20150608 48610 49000 43970 45000 80932.00 375300000
20150605 46370 49200 45700 48500 97452.00 467240000
20150604 45980 46750 42200 46480 84430.00 379620000
20150603 43850 46690 42760 46370 88507.00 392630000
20150602 43390 45000 42680 43950 134229.00 590250000
20150601 41000 43560 39520 43400 91765.00 375650000
20150529 40050 41500 37000 41150 39409.00 158680000
20150528 42330 43580 39880 40210 52072.00 214950000
20150527 44300 44350 42000 43100 40039.00 172470000
20150526 43870 44840 42470 43990 49662.00 218360000
20150525 39900 43800 38590 43450 89729.00 370350000
20150522 41720 42180 40170 41150 38842.00 158540000
20150521 40410 41800 38810 41790 47696.00 191470000
20150520 40000 41990 38690 40370 39458.00 159330000
20150519 39000 41700 39000 40050 50151.00 201510000
20150518 35900 39650 35530 38200 55253.00 207920000
20150515 37800 37800 35500 36370 48932.00 177880000
20150514 34520 37710 34280 37710 80540.00 290150000
20150513 36520 36520 33600 34280 71413.00 248900000
20150512 33000 35760 31990 35760 94711.00 324890000
20150511 30650 32700 30240 32510 60749.00 193900000
20150508 29750 30800 29000 30200 26896.00 80450000
20150507 29480 30150 29350 29610 13362.00 39790000
20150506 31210 31210 29650 30110 40635.00 124350000
20150505 31300 32000 29910 31580 64815.00 200450000
20150504 31000 31790 30410 31150 21050.00 65270000
20150430 30100 32200 30000 31090 49421.00 153390000
20150429 28700 31880 28200 30230 78140.00 238010000
20150428 30190 30440 28380 28980 77872.00 226350000
20150427 31600 31990 29000 30500 66760.00 202820000
20150424 32700 32700 30500 31440 44172.00 139370000
20150423 32900 33970 32120 32700 50307.00 167450000
20150422 31510 33200 31510 32710 56617.00 184680000
20150421 30200 32960 30200 31500 42711.00 136540000
20150420 32240 32240 30000 31100 33879.00 105950000
20150417 31530 33000 30310 32700 75468.00 242970000
20150416 31690 32990 29580 31400 39067.00 122700000
20150415 33230 34870 31300 32260 43110.00 139870000
20150414 31300 35100 30500 33760 72639.00 242370000
20150413 29280 32280 28500 31960 75892.00 228030000
20150410 29030 29990 28090 29600 48283.00 138880000
20150409 29000 30980 27930 29110 43961.00 127520000
20150408 31580 31580 29910 30700 28058.00 86510000
20150407 31840 32400 30890 31750 48156.00 150850000
20150403 30490 32960 29180 31850 60749.00 190060000
20150402 30650 30710 29490 30190 37895.00 113860000
20150401 30250 32490 30000 30650 61456.00 189050000
20150331 29200 30250 29200 29740 30070.00 89480000
20150330 28290 30000 27290 29850 56959.00 164690000
20150327 27010 28400 26520 28280 30984.00 86150000
20150326 27190 28000 26050 27530 56226.00 153350000
20150325 27740 28140 26720 27180 55332.00 150910000
20150324 27300 28550 25680 28240 96321.00 266110000
20150323 24370 26440 24250 26440 58802.00 147900000
20150320 23200 24250 22950 24040 39986.00 95440000
20150319 22200 24050 22200 23500 54363.00 127350000
20150318 21200 22500 20710 22400 41834.00 89830000
20150317 20950 21300 20750 21300 28350.00 59820000
20150316 20800 21180 20300 20990 33498.00 69460000
20150313 20440 20980 20080 20800 17828.00 36420000
20150312 20260 20500 20000 20200 11774.00 23790000
20150311 20850 21100 19750 20560 35038.00 70840000
20150310 21700 21870 20760 20950 27429.00 58330000
20150309 21690 22150 21170 21820 28547.00 62420000
20150306 21450 21800 20850 21650 21494.00 45980000
20150305 21330 22200 20800 21440 23903.00 51860000
20150304 21030 21880 20190 21250 29039.00 61720000
20150303 21430 21470 20660 21150 30413.00 63950000
20150302 20490 21890 20190 21580 48875.00 101830000
20150227 18580 20390 18400 20390 45547.00 89790000
20150226 18880 18880 18300 18540 10442.00 19280000
20150225 19000 19010 18400 18700 12085.00 22610000
20150217 18360 19300 18200 18950 14484.00 26850000
20150216 18180 18600 18000 18350 9935.00 18220000
20150213 17830 18370 17810 18340 13100.00 23860000
20150212 17900 18200 17840 18000 10475.00 18920000
20150211 17300 18490 17200 18070 18039.00 32240000
20150210 17730 18190 17180 17500 16604.00 29030000
20150209 17610 18180 17610 17730 11705.00 20990000
20150206 17660 17870 16870 17670 13431.00 23460000
20150205 18200 18370 17660 17950 15319.00 27370000
20150204 18800 18960 17880 18000 11056.00 20440000
20150203 18730 18790 18210 18780 10072.00 18720000
20150202 18480 18650 17820 18640 10309.00 18880000
20150130 18830 19010 18340 18340 5933.00 11020000
20150129 18750 18970 18410 18830 7656.00 14320000
20150128 19060 19410 18930 18930 10329.00 19790000
20150127 19750 19750 19040 19250 15032.00 29110000
20150126 19550 19980 19260 19800 29561.00 57860000
20150123 19800 19800 19000 19550 21613.00 41860000
20150122 19100 20100 19010 19700 34415.00 67720000
20150121 18070 19160 18050 19000 35556.00 66560000
20150120 17830 18300 17580 18030 14762.00 26400000
20150119 17500 18170 17000 17800 22075.00 39580000
20150116 18030 18350 17850 17850 9526.00 17140000
20150115 18150 18550 17880 18050 9334.00 16950000
20150114 17850 18290 17520 18150 19091.00 34540000
20150113 17250 17970 17020 17890 19172.00 33730000
20150112 17210 17910 17000 17300 19276.00 33640000
20150109 17600 18140 17480 17600 30593.00 54460000
20150108 19000 19380 18220 18430 62742.00 117700000
20150107 17850 17850 17190 17700 19836.00 34790000
20150106 17760 18100 17400 17550 20558.00 36350000
20150105 18400 18400 17500 17780 25944.00 46260000
20141231 18500 18900 17200 18680 61455.00 110690000
20141230 18420 19500 18020 18700 46060.00 87180000
20141229 18150 18550 17560 18420 25051.00 45450000
20141226 18070 18720 18070 18510 30226.00 55840000
20141225 17940 18850 17500 18400 28383.00 52240000
20141224 17130 17940 17110 17940 13009.00 22780000
20141223 17380 17800 16540 17070 17026.00 29240000
20141222 17910 18160 16250 17170 40743.00 70500000
20141219 18450 18880 17300 18060 30459.00 54920000
20141218 18120 19300 17710 18670 28015.00 51990000
20141217 19000 19500 17910 17980 41084.00 76960000
20141216 18660 19660 18510 19050 37910.00 72250000
20141215 18580 19080 17730 18880 63100.00 116650000
20141212 16910 18580 16650 18580 81425.00 145950000
20141211 15870 17300 15870 16890 54456.00 91260000
20141210 15540 16370 15170 16030 39712.00 62650000
20141209 17000 17350 15500 16000 70858.00 114010000
20141208 17610 17780 16450 16980 76765.00 131250000
20141205 17130 18230 15610 17790 93466.00 160430000
20141204 15650 17140 15650 17140 103194.00 173390000
20141203 15300 15880 15250 15580 44784.00 69510000
20141202 15000 15580 14950 15460 49171.00 75390000
20141201 14940 15470 14630 15000 65862.00 99610000
20141128 14870 15170 14480 14940 71505.00 106790000
20141127 13570 14980 13510 14800 129566.00 189670000
20141126 13450 13620 13200 13620 35446.00 47500000
20141125 13290 13560 13150 13510 47933.00 64140000
20141124 13250 13450 13150 13450 42951.00 56950000
20141121 12870 13350 12810 13230 32662.00 43140000
20141120 12880 12910 12680 12880 21150.00 27070000
20141119 12800 13020 12660 12930 32062.00 41170000
20141118 12750 12880 12580 12800 25832.00 32870000
20141117 12500 12960 12390 12740 33148.00 41930000
20141114 12350 12750 12020 12550 41675.00 51910000
20141113 12970 12970 12300 12390 42634.00 53550000
20141112 12800 13010 12580 13010 36715.00 47160000
20141111 13600 13900 13030 13060 125490.00 169040000
20141110 14570 14580 14350 14480 29449.00 42590000
20141107 14500 14590 14190 14580 54239.00 78060000
20141106 14350 14570 14100 14550 38641.00 55370000
20141105 14440 14740 14020 14420 52617.00 75150000
20141104 14820 14920 14410 14440 37458.00 54710000
20141103 14950 15100 14690 14920 26994.00 40050000
20141031 14970 15270 14550 14950 37935.00 56430000
20141030 15150 15160 14680 14880 44380.00 66040000
20141029 15010 15300 14920 15100 71021.00 107570000
20141028 14050 15300 14050 15150 127154.00 188640000
20141027 13250 14200 13150 14000 42644.00 58630000
20141024 13230 13390 13100 13230 12402.00 16430000
20141023 13600 13780 13180 13230 24003.00 32160000
20141022 13740 13950 13550 13600 28559.00 39360000
20141021 13790 13890 13570 13660 26332.00 36240000
20141020 13450 13680 13330 13660 15558.00 21060000
20141017 13760 13760 13200 13410 25649.00 34370000
20141016 13750 13960 13550 13760 36382.00 50060000
20141015 13930 13990 13580 13760 25437.00 34980000
20141014 14170 14270 13850 13880 32453.00 45540000
20141013 14200 14250 13740 14200 42107.00 58900000
20141010 14390 14390 14110 14180 31959.00 45470000
20141009 14380 14540 14190 14440 46610.00 67080000
20141008 14200 14400 14080 14360 44943.00 64250000
20140930 14340 14400 14110 14200 29191.00 41500000
20140929 14330 14500 14140 14340 42919.00 61260000
20140926 14280 14550 14110 14330 50557.00 72290000
20140925 13670 14340 13590 14230 77391.00 109350000
20140924 13330 13720 13140 13670 60115.00 81580000
20140923 13150 13350 13100 13330 29190.00 38700000
20140922 13660 13660 12970 13160 37269.00 49280000
20140919 13350 13730 13310 13660 31476.00 42490000
20140918 13300 13410 13080 13360 27161.00 36030000
20140917 13640 13800 13180 13350 48683.00 64960000
20140916 14760 14890 13460 13630 94315.00 133080000
20140915 14860 15100 14660 14910 52033.00 77260000
20140912 14320 14880 14290 14860 67169.00 98160000
20140911 14130 14550 14080 14280 44479.00 63510000
20140910 14180 14220 13990 14170 31432.00 44250000
20140909 14100 14380 13940 14220 49213.00 69840000
20140905 14290 14330 13890 14100 48217.00 67730000
20140904 14350 14490 14100 14270 46678.00 66710000
20140903 14300 14910 14200 14280 66047.00 95590000
20140902 14000 14590 13880 14390 102981.00 146180000
20140901 13650 14330 13350 14070 99108.00 137980000
20140829 13500 13670 13210 13670 25587.00 34510000
20140828 13200 13750 13190 13500 41824.00 56470000
20140827 13230 13460 13150 13190 31114.00 41340000
20140826 13180 13650 13130 13220 35201.00 46940000
20140825 13780 13880 13160 13180 30256.00 40750000
20140822 13980 14060 13480 13800 49613.00 68120000
20140821 13720 14070 13660 13760 45653.00 63270000
20140820 13660 14440 13560 13870 61368.00 85770000
20140819 13740 13840 13350 13590 43188.00 58770000
20140818 13700 13890 13430 13880 45335.00 61860000
20140815 13080 13760 12890 13630 54144.00 73140000
20140814 12880 13350 12610 13070 51137.00 66960000
20140813 12870 13190 12470 12920 56549.00 72480000
20140812 13250 13280 12850 12900 56140.00 72910000
20140811 12310 13500 12260 13120 68673.00 89080000
20140808 12250 12540 12040 12310 54492.00 67150000
20140807 11970 12540 11970 12350 58253.00 71790000
20140806 12000 12180 11910 12000 21236.00 25540000
20140805 11910 12290 11880 12020 25729.00 31030000
20140804 11950 12060 11740 12010 28130.00 33560000
20140801 12300 12310 11850 11940 39354.00 47540000
20140731 11860 12600 11750 12430 62004.00 75990000
20140730 11360 12200 11330 11960 77326.00 91470000
20140729 11300 11430 11120 11400 39633.00 44840000
20140728 10780 11350 10750 11310 42654.00 47030000
20140725 10760 10900 10680 10810 16670.00 17970000
20140724 10790 10930 10450 10800 23060.00 24830000
20140723 11160 11320 10700 10800 31151.00 34380000
20140722 10790 11220 10700 11190 35008.00 38640000
20140721 11000 11100 10580 10790 24343.00 26260000
20140718 10950 11200 10850 10990 15249.00 16800000
20140717 10960 11000 10750 11000 23393.00 25430000
20140716 11520 11670 10840 10960 58824.00 65670000
20140715 11390 11780 11330 11560 62150.00 71930000
20140714 11220 11380 11060 11290 35827.00 40210000
20140711 11130 11430 11040 11220 55526.00 62200000
20140710 11210 11460 11000 11130 59689.00 66950000
20140709 11600 12150 11200 11290 97969.00 114790000
20140708 11260 11820 10930 11780 88797.00 100920000
20140707 11300 11650 11240 11400 49656.00 56860000
20140704 11420 11520 11050 11280 55485.00 62530000
20140703 11390 11750 11270 11580 116651.00 133760000
20140702 10930 11900 10930 11330 153099.00 174880000
20140701 11130 11230 10820 11000 112021.00 123070000
20140630 10220 11230 10180 11230 142066.00 153550000
20140627 9900 10290 9830 10210 62484.00 63600000
20140626 9530 10160 9530 9900 45624.00 45090000
20140625 9600 9620 9400 9530 21207.00 20210000
20140624 9490 9630 9410 9520 20778.00 19770000
20140623 9330 9570 9250 9440 21569.00 20420000
20140620 9100 9300 9020 9290 22355.00 20510000
20140619 9600 9690 9130 9200 22923.00 21550000
20140618 9730 9840 9590 9600 25604.00 24770000
20140617 9930 10280 9800 9800 28925.00 28780000
20140616 9870 10200 9850 9980 37038.00 37250000
20140613 9910 9980 9730 9900 35337.00 34940000
20140612 9790 10060 9750 9870 44200.00 43830000
20140611 9500 9980 9420 9850 55168.00 53780000
20140610 9390 9590 9300 9530 26548.00 25130000
20140609 9560 9740 9310 9400 31003.00 29490000
20140606 9470 9700 9430 9630 36549.00 35090000
20140605 9450 9580 9280 9490 30282.00 28500000
20140604 9550 9700 9300 9460 20199.00 19050000
20140603 9460 9780 9400 9680 34708.00 33330000
20140530 9680 9720 9320 9450 34917.00 32980000
20140529 9800 9860 9560 9680 38213.00 37160000
20140528 9450 9880 9340 9730 59349.00 57730000
20140527 9590 9600 9340 9400 43908.00 41490000
20140526 8830 9630 8830 9590 67449.00 62250000
20140523 8660 8760 8610 8760 14116.00 12260000
20140522 8700 8760 8630 8650 21162.00 18410000
20140521 8580 8700 8490 8680 19128.00 16470000
20140520 8820 8880 8600 8640 18699.00 16300000
20140519 8760 8800 8650 8750 11730.00 10240000
20140516 8840 8840 8550 8790 22332.00 19390000
20140515 9100 9270 8870 8910 26743.00 24300000
20140514 8950 9120 8900 9070 18973.00 17170000
20140513 8910 9170 8910 8960 22419.00 20230000
20140512 8730 8950 8730 8910 23365.00 20690000
20140509 8780 8900 8400 8660 23907.00 20620000
20140508 8730 8980 8550 8770 20550.00 18080000
20140507 9020 9170 8720 8780 22800.00 20440000
20140506 9120 9240 8970 9130 31398.00 28590000
20140505 8820 9130 8810 9110 29647.00 26710000
20140430 8880 9000 8760 8910 25473.00 22620000
20140429 8610 8880 8590 8870 28627.00 25120000
20140428 8950 9090 8410 8700 42175.00 36580000
20140425 9530 9590 9000 9140 52102.00 48240000
20140424 9750 9890 9540 9590 43245.00 41880000
20140423 9880 10080 9520 9710 55371.00 54150000
20140422 10190 10310 9730 9900 65230.00 64580000
20140421 10200 10590 10140 10260 55284.00 57230000
20140418 10520 10680 10280 10380 68216.00 71090000
20140417 10050 10750 10050 10700 108037.00 113530000
20140416 10090 10350 10000 10090 72785.00 73760000
20140415 10480 10750 10160 10210 115346.00 120180000
20140414 10300 11120 10100 10800 129478.00 138110000
20140411 9720 10800 9530 10480 162204.00 166710000
20140410 10050 10060 9700 9820 107548.00 106320000
20140409 9230 10070 9230 10070 135008.00 132750000
20140408 8750 9270 8730 9150 50574.00 45920000
20140404 8580 8780 8530 8750 20091.00 17470000
20140403 8360 8850 8360 8730 38683.00 33440000
20140402 8480 8480 8280 8350 16056.00 13410000
20140401 8320 8470 8320 8460 8932.00 7530000
20140331 8350 8410 8220 8350 12937.00 10760000
20140328 8500 8540 8260 8320 25727.00 21530000
20140327 8810 8890 8580 8590 20417.00 17820000
20140326 8670 8840 8620 8810 19210.00 16840000
20140325 8670 8730 8590 8640 18894.00 16350000
20140324 8680 8870 8680 8700 25005.00 21930000
20140321 8590 8750 8360 8680 39885.00 33970000
20140320 8980 9100 8600 8600 29811.00 26520000
20140319 9040 9060 8900 8990 25609.00 22930000
20140318 9000 9200 8930 9100 39079.00 35420000
20140317 8880 9080 8710 9050 42045.00 37420000
20140314 8790 9070 8650 8860 61033.00 54110000
20140313 9740 9740 9080 9160 136428.00 127470000
20140312 9740 9740 9480 9740 167123.00 162640000
20140311 9120 9120 8610 8850 33592.00 29620000
20140310 9580 9600 8960 9040 45295.00 41650000
20140307 9700 9960 9490 9600 45857.00 44360000
20140306 9800 9920 9440 9760 58133.00 56350000
20140305 9210 9850 9130 9850 80601.00 77480000
20140304 9150 9360 9040 9210 32854.00 30140000
20140303 8860 9250 8800 9220 41758.00 38050000
20140228 8940 9000 8580 8910 32148.00 28200000
20140227 8600 9360 8590 8940 62279.00 56240000
20140226 8810 8830 8000 8600 39556.00 33470000
20140225 9180 9600 8400 8840 90320.00 82730000
20140224 8700 9250 8600 9180 50642.00 45210000
20140221 8500 8730 8470 8720 31601.00 27140000
20140220 8900 8990 8500 8530 51709.00 44710000
20140219 9050 9140 8800 8900 50716.00 45170000
20140218 9140 9380 8940 9050 80833.00 73970000
20140217 8510 9160 8420 9120 75942.00 67420000
20140214 8160 8650 8140 8500 47501.00 40130000
20140213 8430 8430 8110 8160 40838.00 33860000
20140212 7990 8440 7870 8430 67514.00 55550000
20140211 8050 8200 7890 7930 40173.00 32190000
20140210 7820 8030 7760 7990 44577.00 35360000
20140207 7500 7770 7450 7760 25264.00 19270000
20140130 7680 7680 7540 7560 17258.00 13110000
20140129 7670 7730 7610 7680 21025.00 16110000
20140128 7560 7710 7480 7680 28662.00 21760000
20140127 7600 7690 7530 7610 26091.00 19840000
20140124 7540 7600 7500 7600 28795.00 21760000
20140123 7520 7640 7470 7530 27259.00 20600000
20140122 7440 7560 7390 7520 34810.00 26080000
20140121 7330 7460 7280 7410 21623.00 15910000
20140120 7300 7430 7250 7280 20388.00 14950000
20140117 7290 7340 7160 7270 16228.00 11750000
20140116 7140 7340 7120 7280 21320.00 15440000
20140115 7170 7230 7070 7150 13611.00 9710000
20140114 6910 7140 6910 7140 13540.00 9540000
20140113 7090 7140 6860 6950 26830.00 18750000
20140110 7140 7280 6990 7090 25174.00 17980000
20140109 7530 7650 7200 7210 28267.00 21080000
20140108 7540 7740 7480 7550 31688.00 24100000
20140107 7180 7530 7180 7530 24972.00 18470000
20140106 7540 7590 7210 7290 30387.00 22270000
20140103 7520 7660 7460 7540 27543.00 20790000
20140102 7510 7560 7440 7520 24370.00 18290000
20131231 7430 7540 7380 7510 28506.00 21290000
20131230 7280 7480 7260 7440 28889.00 21400000
20131227 7060 7290 7020 7250 25807.00 18590000
20131226 7260 7300 7080 7100 25069.00 17960000
20131225 7200 7300 7100 7290 21843.00 15770000
20131224 7080 7220 7060 7170 22294.00 15910000
20131223 7190 7440 7020 7070 34259.00 24630000
20131220 7590 7670 7240 7270 50003.00 36850000
20131219 7570 7830 7570 7680 47046.00 36230000
20131218 7850 8130 7600 7660 69271.00 54610000
20131217 7680 8170 7680 7950 103287.00 82590000
20131216 7720 7840 7510 7780 64814.00 49730000
20131213 7440 8030 7350 7770 123369.00 96160000
20131212 7300 7450 7230 7420 28940.00 21280000
20131211 7420 7430 7160 7240 24022.00 17510000
20131210 7310 7460 7310 7370 26681.00 19730000
20131209 7150 7360 7130 7340 25950.00 18850000
20131206 7200 7270 7100 7150 14758.00 10580000
20131205 7120 7240 7060 7190 21480.00 15370000
20131204 6950 7230 6920 7120 29905.00 21280000
20131203 6900 7160 6750 7030 35052.00 24240000
20131202 7400 7400 6900 6980 54990.00 39330000
20131129 7230 7560 7230 7560 80293.00 59500000
20131128 7210 7380 7210 7260 39341.00 28760000
20131127 7260 7270 7170 7230 28641.00 20690000
20131126 7150 7260 7140 7200 11729.00 8450000
20131125 7180 7300 7150 7150 17136.00 12390000
20131122 7240 7310 7170 7190 14186.00 10250000
20131121 7270 7320 7150 7240 19268.00 13910000
20131120 7050 7400 7050 7310 43988.00 31840000
20131119 7050 7080 6960 7080 19708.00 13810000
20131118 7000 7090 6980 7040 21826.00 15340000
20131115 6830 7080 6830 6980 24578.00 17160000
20131114 6790 6900 6660 6850 18393.00 12560000
20131113 6770 6850 6750 6770 10617.00 7200000
20131112 6690 6840 6690 6800 8397.00 5690000
20131111 6560 6760 6550 6710 4907.00 3270000
20131108 6590 6650 6480 6610 6350.00 4170000
20131107 6760 6780 6590 6600 6411.00 4280000
20131106 6760 6860 6750 6780 8092.00 5520000
20131105 6680 6800 6660 6790 4814.00 3240000
20131104 6700 6740 6650 6740 5506.00 3680000
20131101 6750 6750 6640 6670 5373.00 3580000
20131031 6790 6800 6700 6760 6176.00 4170000
20131030 6480 6800 6480 6770 7976.00 5340000
20131029 6840 6870 6410 6640 18222.00 12090000
20131028 6870 6930 6690 6840 13792.00 9340000
20131025 6860 6980 6810 6860 13888.00 9580000
20131024 7000 7000 6830 6870 13805.00 9510000
20131023 7200 7300 6920 7000 27623.00 19570000
20131022 7210 7420 7170 7200 28447.00 20700000
20131021 7130 7300 7120 7210 17306.00 12470000
20131018 7100 7280 7060 7150 12821.00 9180000
20131017 7150 7170 7020 7160 17487.00 12430000
20131016 7260 7370 6990 7080 26356.00 18800000
20131015 7340 7550 7200 7260 27110.00 19880000
20131014 7250 7460 7150 7390 38873.00 28470000
20131011 6930 7270 6930 7220 65510.00 47050000
20131010 6990 7040 6860 6940 19949.00 13840000
20131009 6940 7040 6880 7000 20623.00 14420000
20131008 6820 7050 6770 6940 21422.00 14750000
20130930 6810 6900 6730 6810 17675.00 11980000
20130927 6950 6950 6840 6850 8218.00 5650000
20130926 6860 6990 6820 6920 19176.00 13260000
20130925 6930 7030 6880 6930 18040.00 12520000
20130924 6950 6980 6850 6980 12254.00 8460000
20130923 6880 6960 6810 6920 15595.00 10760000
20130918 6780 6900 6780 6880 10868.00 7430000
20130917 7010 7070 6810 6830 16865.00 11630000
20130916 7010 7210 6970 7040 32317.00 22950000
20130913 6880 7080 6830 7010 25094.00 17490000
20130912 6830 6940 6810 6870 13088.00 9010000
20130911 6980 7020 6840 6850 23553.00 16280000
20130910 6860 7040 6860 6940 23185.00 16090000
20130909 6890 6960 6840 6860 14469.00 9960000
20130906 6890 6980 6810 6880 16520.00 11360000
20130905 6830 6950 6750 6890 17339.00 11910000
20130904 6940 6960 6760 6810 15901.00 10820000
20130903 6840 6970 6820 6930 22031.00 15230000
20130902 6730 6900 6650 6850 20635.00 13990000
20130830 6800 6960 6700 6800 27007.00 18370000
20130829 6970 7080 6800 6840 24573.00 16940000
20130828 6830 7080 6720 6990 42199.00 29280000
20130827 6880 6920 6730 6880 30382.00 20710000
20130826 6830 6980 6780 6910 47546.00 32670000
20130823 6640 7300 6640 6890 90226.00 63520000
20130822 6720 6720 6630 6640 16804.00 11210000
20130821 6580 6780 6520 6760 34919.00 23370000
20130820 6380 6670 6380 6620 30999.00 20370000
20130819 6260 6430 6190 6390 10779.00 6820000
20130816 6500 6570 6220 6290 18606.00 11960000
20130815 6600 6690 6480 6490 17351.00 11470000
20130814 6680 6750 6540 6580 24302.00 16060000
20130813 6520 6750 6490 6720 39152.00 25960000
20130812 6430 6610 6380 6540 28911.00 18860000
20130809 6370 6440 6280 6380 13205.00 8380000
20130808 6360 6500 6250 6370 19341.00 12230000
20130807 6530 6670 6370 6390 25818.00 16840000
20130806 6430 6570 6410 6530 18581.00 12090000
20130805 6380 6460 6350 6450 15509.00 9940000
20130802 6410 6510 6310 6400 24488.00 15660000
20130801 6300 6420 6260 6420 20527.00 13050000
20130731 6420 6480 6280 6310 29551.00 18730000
20130730 6600 6600 6360 6480 51692.00 33430000
20130729 6300 6780 6240 6740 137815.00 90920000
20130726 6220 6440 6040 6390 38205.00 23880000
20130725 5950 6300 5900 6240 54510.00 33430000
20130724 5990 6000 5840 5920 14362.00 8500000
20130723 5900 6010 5850 5990 15488.00 9220000
20130722 5840 5910 5750 5890 14223.00 8310000
20130719 5810 5890 5690 5810 18343.00 10670000
20130718 5850 5940 5720 5850 13551.00 7910000
20130717 5900 5910 5790 5800 7789.00 4560000
20130716 5770 5940 5750 5900 12875.00 7550000
20130715 5720 5810 5670 5790 7305.00 4200000
20130712 5760 5860 5650 5710 8474.00 4860000
20130711 5670 5820 5620 5760 11849.00 6810000
20130710 5510 5650 5490 5650 8295.00 4610000
20130709 5420 5530 5420 5510 5889.00 3220000
20130708 5720 5720 5440 5470 6796.00 3750000
20130705 5750 5750 5630 5700 7001.00 3980000
20130704 5600 5730 5540 5690 9239.00 5220000
20130703 5600 5640 5500 5610 7539.00 4210000
20130702 5610 5670 5500 5640 10392.00 5820000
20130701 5410 5570 5400 5560 8803.00 4820000
20130628 5470 5580 5390 5400 11009.00 6030000
20130627 5670 5710 5450 5460 9646.00 5400000
20130626 5590 5670 5510 5630 10809.00 6030000
20130625 5560 5660 5180 5590 14181.00 7730000
20130624 5980 5990 5590 5600 11200.00 6430000
20130621 6050 6050 5840 5990 10837.00 6450000
20130620 6160 6210 6080 6090 8809.00 5410000
20130619 6230 6230 6090 6180 7021.00 4310000
20130618 6190 6240 6180 6200 6353.00 3940000
20130617 6220 6280 6170 6190 8380.00 5200000
20130614 6150 6240 6150 6210 7750.00 4800000
20130613 6400 6400 6080 6150 15588.00 9590000
20130607 6530 6600 6370 6380 12620.00 8180000
20130606 6690 6690 6530 6530 15210.00 10040000
20130605 6650 6700 6620 6700 12681.00 8450000
20130604 6770 6830 6630 6650 21201.00 14300000
20130603 6750 6840 6700 6730 20342.00 13780000
20130531 6800 6880 6760 6770 24497.00 16710000
20130530 6840 6890 6750 6800 22674.00 15440000
20130529 6840 6910 6790 6870 23646.00 16160000
20130528 6910 6950 6770 6840 23387.00 16020000
20130527 6890 6960 6830 6940 25305.00 17480000
20130524 6750 6920 6730 6890 28216.00 19270000
20130523 6780 6940 6710 6790 31850.00 21760000
20130522 6740 6870 6700 6780 26041.00 17650000
20130521 6800 6840 6670 6780 22795.00 15370000
20130520 6590 6850 6530 6770 38216.00 25680000
20130517 6490 6590 6480 6580 19196.00 12540000
20130516 6430 6540 6410 6530 16144.00 10460000
20130515 6420 6450 6370 6430 7982.00 5110000
20130514 6450 6460 6310 6380 10815.00 6900000
20130513 6510 6530 6420 6480 10097.00 6540000
20130510 6470 6540 6410 6510 15068.00 9760000
20130509 6370 6550 6370 6510 31203.00 20180000
20130508 6330 6450 6320 6390 13314.00 8480000
20130507 6310 6400 6270 6350 10059.00 6370000
20130506 6240 6310 6220 6300 10117.00 6330000
20130503 6170 6260 6120 6220 7648.00 4750000
20130502 6130 6180 6060 6140 4641.00 2830000
20130426 6310 6320 6100 6110 15192.00 9380000
20130425 6450 6460 6330 6340 12685.00 8120000
20130424 6230 6480 6230 6480 10730.00 6840000
20130423 6380 6460 6200 6230 9617.00 6080000
20130422 6340 6470 6290 6430 12471.00 7990000
20130419 6280 6420 6280 6380 10662.00 6790000
20130418 6330 6330 6250 6280 9877.00 6210000
20130417 6270 6300 6180 6280 5545.00 3460000
20130416 6220 6270 6110 6270 10021.00 6190000
20130415 6300 6330 6210 6250 6522.00 4070000
20130412 6330 6410 6270 6270 5790.00 3660000
20130411 6630 6630 6410 6410 11794.00 7660000
20130410 6490 6500 6360 6450 8676.00 5580000
20130409 6320 6430 6310 6430 8298.00 5300000
20130408 6250 6330 6120 6330 9037.00 5630000
20130403 6520 6520 6290 6310 11745.00 7480000
20130402 6650 6700 6450 6460 13506.00 8870000
20130401 6540 6750 6500 6650 10843.00 7130000
20130329 6530 6620 6450 6540 14747.00 9630000
20130328 6880 6880 6620 6630 13706.00 9170000
20130327 6960 6970 6820 6910 16557.00 11420000
20130326 6860 6950 6690 6940 15740.00 10690000
20130325 6850 6890 6810 6870 11313.00 7750000
20130322 6950 6950 6820 6860 18540.00 12740000
20130321 6700 6920 6670 6880 27727.00 18920000
20130320 6550 6720 6510 6680 18529.00 12300000
20130319 6570 6670 6420 6550 16797.00 10930000
20130318 6740 6800 6540 6620 15809.00 10520000
20130315 6760 6860 6690 6800 19282.00 13080000
20130314 6760 6800 6710 6770 9394.00 6350000
20130313 6800 6870 6660 6740 14996.00 10120000
20130312 7200 7220 6780 6880 30932.00 21590000
20130311 7070 7220 7000 7180 26390.00 18820000
20130308 7190 7300 7070 7100 29738.00 21380000
20130307 7070 7270 7010 7230 47678.00 34010000
20130306 7010 7130 7000 7130 37077.00 26240000
20130305 6830 6960 6830 6930 20248.00 13980000
20130304 7090 7090 6750 6900 35417.00 24500000
20130301 6960 7190 6960 7140 37559.00 26620000
20130228 6900 7130 6820 7120 61575.00 43160000
20130227 6790 6900 6600 6880 32289.00 21670000
20130226 6880 6950 6800 6810 18177.00 12530000
20130225 6830 6950 6830 6900 14580.00 10030000
20130222 6800 6930 6800 6850 18949.00 13030000
20130221 6980 6980 6760 6830 28929.00 19910000
20130220 6850 7050 6850 7000 22776.00 15820000
20130219 6960 7020 6840 6860 20314.00 14060000
20130218 6940 7030 6930 6960 26437.00 18440000
20130208 6820 6960 6820 6940 25726.00 17790000
20130207 6840 6850 6710 6820 16880.00 11470000
20130206 6790 6850 6770 6820 16204.00 11030000
20130205 6780 6820 6680 6790 15273.00 10310000
20130204 6800 6840 6730 6780 19005.00 12890000
20130201 6660 6870 6630 6830 30083.00 20460000
20130131 6700 6740 6630 6690 12926.00 8620000
20130130 6750 6750 6600 6700 13298.00 8880000
20130129 6640 6740 6610 6710 17200.00 11490000
20130128 6470 6660 6470 6630 14633.00 9640000
20130125 6440 6550 6440 6500 16147.00 10450000
20130124 6720 6820 6440 6440 31472.00 20890000
20130123 6760 6820 6610 6740 18775.00 12570000
20130122 6960 6960 6730 6780 21511.00 14720000
20130121 6880 6980 6880 6960 21891.00 15190000
20130118 6860 6940 6780 6930 27472.00 18900000
20130117 7000 7020 6830 6860 38707.00 26780000
20130116 6820 7080 6680 7070 70528.00 48500000
20130115 6720 6910 6720 6870 49540.00 33770000
20130114 6500 6770 6430 6720 40658.00 26920000
20130111 6680 6930 6510 6550 68358.00 46280000
20130110 6640 6740 6590 6680 30345.00 20240000
20130109 6590 6680 6490 6600 26151.00 17220000
20130108 6460 6700 6410 6570 33670.00 22100000
20130107 6410 6480 6330 6480 14868.00 9540000
20130104 6450 6530 6310 6410 19705.00 12610000
20121231 6440 6660 6380 6420 25657.00 16560000
20121228 6240 6500 6210 6390 21756.00 13820000
20121227 6400 6450 6300 6300 31916.00 20310000
20121226 6230 6420 6230 6400 29164.00 18460000
20121225 6150 6300 6120 6250 22320.00 13900000
20121224 6080 6180 6080 6140 13651.00 8370000
20121221 6070 6150 6020 6090 24275.00 14760000
20121220 6080 6100 5980 6060 21530.00 12990000
20121219 6100 6140 6050 6100 18245.00 11090000
20121218 6100 6170 6050 6110 15134.00 9230000
20121217 6070 6120 6040 6090 18258.00 11090000
20121214 5820 6090 5800 6070 27862.00 16710000
20121213 5890 5940 5820 5820 9806.00 5760000
20121212 5910 5960 5840 5930 11065.00 6520000
20121211 6000 6020 5920 5930 14117.00 8410000
20121210 5920 6050 5880 6030 16948.00 10110000
20121207 5810 5930 5790 5920 21375.00 12550000
20121206 5840 5890 5770 5800 16914.00 9840000
20121205 5650 5960 5650 5890 38526.00 22430000
20121204 5580 5830 5400 5760 25244.00 14160000
20121203 5630 5850 5630 5650 18555.00 10710000
20121130 5650 5700 5600 5680 7701.00 4350000
20121129 5640 5750 5600 5620 8877.00 5040000
20121128 5850 5960 5660 5690 9564.00 5500000
20121127 6080 6200 5810 5870 16561.00 9840000
20121126 6250 6250 6090 6090 10974.00 6740000
20121123 6170 6500 6170 6260 22402.00 14020000
20121122 6190 6240 6130 6170 5462.00 3380000
20121121 6190 6220 6100 6200 6392.00 3940000
20121120 6220 6230 6150 6150 3218.00 1980000
20121119 6150 6210 6080 6190 7141.00 4380000
20121116 6100 6150 6090 6150 6270.00 3830000
20121115 6170 6230 6130 6150 5715.00 3530000
20121114 6300 6300 6120 6210 9444.00 5840000
20121113 6400 6430 6240 6260 9662.00 6110000
20121112 6390 6450 6370 6410 7527.00 4830000
20121109 6410 6440 6310 6390 7472.00 4770000
20121108 6630 6630 6410 6410 15624.00 10170000
20121107 6520 6720 6500 6660 26773.00 17720000
20121106 6550 6570 6450 6510 14187.00 9200000
20121105 6600 6600 6500 6570 11315.00 7400000
20121102 6660 6670 6520 6600 30096.00 19770000
20121101 6530 6670 6520 6650 11169.00 7390000
20121031 6500 6530 6470 6530 5273.00 3420000
20121030 6510 6580 6450 6480 6693.00 4350000
20121029 6500 6530 6450 6490 6340.00 4110000
20121026 6700 6720 6470 6500 14376.00 9430000
20121025 6680 6750 6650 6690 16416.00 11010000
20121024 6650 6770 6650 6710 13542.00 9080000
20121023 6730 6810 6720 6730 12113.00 8180000
20121022 6760 6830 6600 6800 25164.00 16890000
20121019 7250 7250 6830 6850 63913.00 44470000
20121018 6810 7090 6780 7020 27450.00 18970000
20121017 6750 6820 6620 6800 14292.00 9630000
20121016 6710 6880 6710 6740 14590.00 9900000
20121015 6840 6850 6680 6740 14690.00 9910000
20121012 6940 6960 6740 6870 52454.00 35840000
20121011 7120 7380 6900 6950 68427.00 48670000
20121010 6800 7370 6800 7210 53138.00 37710000
20121009 6560 6940 6560 6850 15574.00 10570000
20121008 6610 6680 6550 6630 7131.00 4700000
20120928 6520 6650 6470 6620 7122.00 4690000
20120927 6370 6560 6310 6520 9735.00 6280000
20120926 6540 6620 6310 6330 10572.00 6870000
20120925 6600 6650 6460 6540 7667.00 5030000
20120924 6520 6670 6460 6640 3749.00 2450000
20120921 6540 6650 6530 6540 5340.00 3520000
20120920 6860 6860 6530 6570 11386.00 7580000
20120919 6800 6880 6780 6870 5009.00 3420000
20120918 6790 6870 6730 6800 5986.00 4070000
20120917 7120 7150 6760 6800 13743.00 9520000
20120914 7140 7220 7020 7120 17196.00 12240000
20120913 7220 7250 7080 7090 12035.00 8640000
20120912 7150 7230 7050 7210 16819.00 12020000
20120911 7150 7170 7020 7100 15307.00 10820000
20120910 7050 7250 7050 7150 19499.00 13920000
20120907 6960 7190 6910 7080 26133.00 18520000
20120906 6780 6890 6750 6880 13348.00 9120000
20120905 6680 6800 6610 6760 8952.00 6030000
20120904 6670 6760 6660 6690 11816.00 7910000
20120903 6490 6700 6480 6660 9075.00 6000000
20120831 6500 6580 6400 6500 6326.00 4110000
20120830 6690 6690 6370 6500 18945.00 12430000
20120829 6660 6780 6660 6690 11364.00 7640000
20120828 6610 6740 6530 6700 11696.00 7780000
20120827 7060 7060 6610 6610 22621.00 15200000
20120824 7220 7300 7050 7070 17648.00 12680000
20120823 7300 7310 7130 7270 29543.00 21390000
20120822 7500 7500 7200 7350 60623.00 44250000
20120821 7280 7790 7190 7500 104361.00 79540000
20120820 6910 7090 6820 7080 11127.00 7760000
20120817 6940 7070 6890 6990 7552.00 5270000
20120816 7000 7050 6910 7010 7912.00 5510000
20120815 6920 7170 6860 7020 19660.00 13770000
20120814 6820 6940 6700 6930 11756.00 8030000
20120813 7030 7030 6800 6820 11977.00 8250000
20120810 7020 7050 6930 7020 8390.00 5860000
20120809 6900 7040 6840 7010 13974.00 9720000
20120808 6810 6910 6780 6910 17533.00 12010000
20120807 6820 6870 6760 6840 13357.00 9100000
20120806 6620 6820 6530 6820 17202.00 11600000
20120803 6470 6680 6470 6630 6341.00 4180000
20120802 6550 6590 6430 6480 4048.00 2620000
20120801 6400 6620 6350 6520 7749.00 5040000
20120731 6380 6430 6290 6350 5603.00 3550000
20120730 6660 6690 6410 6420 6233.00 4080000
20120727 6610 6730 6600 6640 4425.00 2930000
20120726 6690 6800 6620 6630 7730.00 5200000
20120725 6690 6810 6580 6690 13132.00 8810000
20120724 6550 6750 6550 6720 5933.00 3970000
20120723 6650 6700 6550 6630 3956.00 2610000
20120720 6680 6770 6610 6680 6311.00 4210000
20120719 6510 6760 6490 6660 12627.00 8420000
20120718 6420 6550 6370 6550 6812.00 4390000
20120717 6430 6520 6340 6470 8128.00 5230000
20120716 6800 6820 6350 6370 11636.00 7580000
20120713 7000 7000 6810 6830 10429.00 7180000
20120712 6990 7060 6850 7020 5733.00 3990000
20120711 6910 7040 6900 6990 4796.00 3340000
20120710 7020 7190 6890 6910 14384.00 10030000
20120709 7580 7600 7190 7190 9389.00 6940000
20120706 7820 7820 7440 7640 12429.00 9400000
20120705 7960 8050 7730 7730 5159.00 4020000
20120704 7980 8070 7930 8020 7152.00 5710000
20120703 7940 8060 7910 7990 6941.00 5550000
20120702 7940 8000 7920 7940 4136.00 3290000
20120629 7780 7950 7730 7920 5562.00 4370000
20120628 7950 8000 7760 7800 4385.00 3450000
20120627 7940 8040 7900 7900 4944.00 3940000
20120626 7930 8010 7800 7980 5536.00 4380000
20120625 8230 8230 7960 7990 7673.00 6190000
20120621 8460 8460 8190 8250 6851.00 5670000
20120620 8300 8430 8270 8420 12003.00 10060000
20120619 8300 8370 8250 8300 7282.00 6030000
20120618 8330 8430 8320 8380 10421.00 8720000
20120615 8240 8380 8200 8320 10696.00 8830000
20120614 8210 8340 8180 8200 7805.00 6440000
20120613 8120 8320 8110 8260 10058.00 8300000
20120612 8150 8150 8040 8150 7607.00 6160000
20120611 8120 8230 8010 8180 10019.00 8130000
20120608 8260 8300 8070 8070 12151.00 9930000
20120607 8420 8470 8200 8230 13407.00 11120000
20120606 8750 8750 8320 8420 27626.00 23470000
20120605 8210 8760 8130 8610 37734.00 32270000
20120604 8410 8410 8170 8220 11616.00 9610000
20120601 8600 8680 8540 8560 6873.00 5910000
20120531 8560 8670 8480 8610 7797.00 6710000
20120530 8480 8790 8450 8600 12388.00 10680000
20120529 8320 8510 8310 8490 11756.00 9920000
20120528 8300 8360 8080 8350 9163.00 7520000
20120525 8510 8520 8290 8300 10387.00 8680000
20120524 8510 8590 8450 8480 5692.00 4840000
20120523 8600 8650 8470 8520 8970.00 7670000
20120522 8610 8650 8550 8630 6994.00 6010000
20120521 8610 8680 8500 8550 8887.00 7600000
20120518 8580 8750 8510 8630 14949.00 12870000
20120517 8500 8660 8500 8630 9747.00 8380000
20120516 8600 8630 8450 8500 7935.00 6790000
20120515 8880 8880 8490 8600 19788.00 17020000
20120514 12140 12160 11900 11900 13515 16263000
20120511 12150 12200 11990 12040 13921 16833000
20120510 12200 12390 12100 12210 12350 15087000
20120509 12500 12500 12180 12230 15143 18700000
20120508 12430 12650 12430 12550 21144 26522000
20120507 12260 12480 12200 12450 16488 20331000
20120504 12120 12390 12070 12300 15467 18995000
20120503 12100 12170 12000 12130 9882 11940000
20120502 12010 12140 11820 12110 16051 19158000
20120427 11900 11950 11800 11860 5704 6781000
20120426 12240 12240 11850 11920 9027 10843000
20120425 12080 12230 12000 12230 4870 5901000
20120424 12310 12310 11710 12050 9922 11956000
20120423 13000 13140 12380 12380 23909 30317000
20120420 13380 13580 13320 13410 9791 13155000
20120419 13310 13600 13290 13350 12584 16870000
20120417 13200 13270 13050 13160 8002 10536000
20120416 13220 13260 13030 13190 6596 8665000
20120413 13220 13290 13100 13250 10647 14059000
20120412 12860 13150 12800 13090 14507 18934000
20120411 12800 12960 12710 12800 9798 12574000
20120410 12820 12900 12520 12860 6796 8665000
20120409 13080 13080 12780 12820 6211 8009000
20120406 13190 13250 13020 13080 9375 12318000
20120405 12880 13230 12690 13140 11588 15092000
20120330 12860 12960 12660 12880 7387 9463000
20120329 13090 13140 12760 12870 8419 10901000
20120328 13820 13840 13060 13140 14272 19170000
20120327 13850 14070 13590 14030 28476 39325000
20120326 15180 15240 13980 14020 46303 67230000
20120323 15980 15980 15000 15200 25261 38835000
20120322 15680 16270 15510 16050 24748 39541000
20120321 15720 15970 15300 15680 10096 15720000
20120320 15700 16059 15550 15760 15637 24650000
20120319 15270 15890 15270 15830 15979 25089000
20120316 15000 15430 14860 15370 13803 20851000
20120315 14700 15160 14600 15000 14859 22109000
20120314 15410 15570 14550 14690 21629 32724000
20120313 15380 15570 15260 15410 22364 34533000
20120312 14800 15620 14790 15330 28689 43874000
20120309 14500 15080 14410 14800 27054 40111000
20120308 14180 14750 14180 14350 6361 9188000
20120307 14080 14430 14060 14180 9183 13055000
20120306 14700 14860 14360 14410 19372 28257000
20120305 14540 14850 14360 14740 19288 28262000
20120302 14100 14550 14100 14540 21576 31009000
20120301 13580 14100 13580 14090 12000 16733000
20120229 13960 13980 13590 13600 10226 14098000
20120228 13920 14290 13920 13980 17455 24600000
20120227 13990 14280 13920 14130 29226 41203000
20120224 14310 14310 14180 14290 11621 16562000
20120223 14260 14480 14200 14310 11937 17077000
20120222 14020 14360 14000 14280 14380 20416000
20120221 14090 14200 13760 14080 11395 15975000
20120220 14330 14350 14010 14070 12297 17329000
20120217 14140 14340 13880 14200 15014 21184000
20120216 14110 14520 13900 14160 23316 33074000
20120215 13550 14040 13480 13980 22726 31320000
20120214 13420 13680 13210 13550 13441 18023000
20120213 12890 13430 12800 13400 14187 18817000
20120210 12800 12990 12730 12990 8375 10786000
20120209 12750 12930 12720 12760 9074 11654000
20120208 12420 12760 12380 12720 6832 8597000
20120207 12600 12660 12340 12400 5857 7287000
20120206 12600 12680 12520 12670 7975 10051000
20120203 12330 12600 12260 12580 6823 8511000
20120202 12300 12350 12160 12340 3311 4056000
20120201 12200 12320 12080 12200 2616 3196000
20120131 12200 12200 12060 12170 2367 2870000
20120130 12450 12450 12150 12190 2817 3459000
20120120 12210 12400 12210 12350 4192 5169000
20120119 11910 12270 11900 12180 3798 4609000
20120118 12160 12450 11850 11910 4928 6021000
20120117 11520 12190 11500 12160 3517 4201000
20120116 11700 11920 11500 11500 2679 3145000
20120113 12530 12580 11870 11920 6148 7455000
20120112 12500 12700 12490 12530 3953 4969000
20120111 12520 12780 12500 12570 4945 6242000
20120110 12240 12750 12200 12620 8310 10413000
20120109 11680 12250 11530 12240 5453 6587000
20120106 11470 11820 11400 11780 2990 3462000
20120105 12130 12360 11600 11700 5108 6077000
20120104 12680 12790 12310 12310 2764 3467000
20111230 12340 12670 12340 12560 2296 2882000
20111229 12300 12540 12300 12340 2541 3155000
20111228 12500 12540 12130 12330 2905 3582000
20111227 12950 12980 12520 12520 4620 5880000
20111226 13110 13280 13000 13000 2363 3097000
20111223 12950 13350 12950 13130 3210 4235000
20111222 13270 13300 12680 13080 5503 7139000
20111221 14020 14100 13390 13390 4958 6860000
20111220 13900 14180 13800 13870 5554 7801000
20111219 13990 14130 13580 14040 6667 9222000
20111216 13800 14140 13700 14130 6163 8560000
20111215 14170 14180 13700 13700 6476 9020000
20111214 14510 14600 14230 14240 4532 6515000
20111213 15000 15000 14320 14430 7916 11499000
20111212 15500 15590 15030 15040 6355 9672000
20111209 15800 15940 15410 15500 9065 14125000
20111208 16149 16300 15560 15950 14221 22729000
20111207 15700 16450 15580 16340 30418 49178000
20111206 15270 16000 14680 15980 14424 22045000
20111205 16290 16290 15430 15430 13396 21328000
20111202 16100 16450 15950 16390 23133 37387000
20111201 15710 16600 15580 16370 17339 27777000
20111130 16059 16090 15050 15350 7590 11759000
20111129 15870 16280 15700 16149 7196 11459000
20111128 15600 15840 15580 15690 3347 5246000
20111125 15820 15940 15680 15680 3613 5704000
20111124 15890 15950 15580 15820 6252 9865000
20111123 15960 16070 15870 15910 3552 5670000
20111122 15820 15980 15700 15970 4085 6481000
20111121 15910 16050 15760 16020 4429 7022000
20111118 16300 16480 15800 15880 8584 13835000
20111117 16510 16710 16370 16430 10271 16995000
20111116 17220 17220 16510 16560 17474 29395000
20111115 17270 17300 17040 17260 13402 23018000
20111114 17160 17320 16960 17260 26158 44913000
20111111 16770 17190 16610 17050 31439 53361000
20111110 16580 16960 16450 16650 13284 22175000
20111109 16750 16760 16360 16710 9833 16318000
20111108 16550 16970 16490 16600 19225 32186000
20111107 16560 16840 16450 16520 9044 15028000
20111104 16660 16800 16420 16540 10713 17756000
20111103 16890 16980 16500 16500 23918 40210000
20111102 16400 16880 16250 16790 14600 24291000
20111101 16550 16890 16460 16660 15553 26026000
20111031 16550 16800 16309 16760 13214 21896000
20111028 16470 16550 16300 16460 10848 17796000
20111027 16379 16470 16210 16370 7419 12105000
20111026 16270 16460 16020 16260 8502 13886000
20111025 15890 16520 15780 16370 22150 36103000
20111024 15450 15950 15330 15910 3974 6207000
20111021 15460 15730 15400 15450 2135 3326000
20111020 15850 15950 15490 15520 3672 5749000
20111019 15990 16070 15760 15990 2919 4647000
20111018 16210 16210 15860 15880 7734 12369000
20111017 16160 16309 15910 16300 5664 9164000
20111014 15900 16090 15720 16000 4567 7262000
20111013 15650 16100 15520 16030 7093 11294000
20111012 15190 15750 14880 15680 6365 9837000
20111011 15550 15800 14930 15140 3144 4854000
20111010 15400 15570 15310 15330 1694 2604000
20110930 15560 15750 15300 15400 3034 4683000
20110929 16090 16090 15530 15530 5895 9273000
20110928 16450 16550 16120 16160 3694 6041000
20110927 16379 16470 16250 16400 3358 5492000
20110926 16500 16550 16260 16300 3450 5651000
20110923 16480 16670 16350 16520 5864 9655000
20110922 17100 17150 16700 16700 6159 10426000
20110921 16860 17270 16720 17260 6155 10514000
20110920 16710 16910 16660 16770 2518 4223000
20110919 17050 17050 16680 16710 5935 9965000
20110916 17170 17270 17030 17080 4784 8208000
20110915 17160 17320 17080 17080 4890 8413000
20110914 17080 17080 16740 17080 4150 7025000
20110913 16920 16990 16600 16960 4782 8031000
20110909 17200 17300 17030 17060 3208 5502000
20110908 17540 17640 17100 17210 6382 11063000
20110907 17300 17560 17190 17500 5821 10119000
20110906 16990 17230 16860 17120 4546 7778000
20110905 17020 17210 16950 17100 6051 10326000
20110902 17400 17490 17070 17300 8121 13975000
20110901 17500 17580 17320 17470 9129 15932000
20110831 17420 17650 17180 17400 9659 16818000
20110830 17990 18300 17460 17590 16830 30196000
20110829 18010 18150 17910 17970 12307 22208000
20110826 18060 18210 17880 18090 16822 30372000
20110825 17800 18370 17780 18170 34200 61872000
20110823 17180 17760 17180 17750 16101 28364000
20110822 17180 17390 17100 17180 6718 11580000
20110819 17000 17230 16900 17140 13664 23293000
20110818 17600 17700 17330 17360 11062 19368000
20110817 17680 17840 17520 17700 9431 16710000
20110816 18140 18140 17660 17730 9952 17742000
20110815 17650 18100 17640 17990 10902 19547000
20110812 17680 17880 17550 17640 11083 19658000
20110811 16900 17580 16860 17540 12646 21892000
20110810 17500 17630 17250 17300 14469 25279000
20110809 16590 17350 16400 17180 16793 28609000
20110808 17900 17940 16610 17350 24251 42045000
20110805 17620 18270 17600 18000 17980 32350000
20110804 18600 18840 18470 18550 14225 26490000
20110803 18280 18750 18100 18500 24380 45075000
20110802 18900 19200 18000 18440 41522 76038000
20110801 18770 19400 18550 19250 27214 52222000
20110729 19180 19450 18710 18780 17864 34102000
20110728 18900 19590 18820 19180 25973 49960000
20110727 18580 19440 18000 19190 27171 51393000
20110726 18600 19000 18300 18580 17423 32318000
20110725 19900 19900 18500 18600 25691 49174000
20110722 19900 20140 19600 19990 18373 36526000
20110721 20200 20380 19680 19730 23164 46009000
20110720 20720 21450 19770 20180 47217 97351000
20110719 20120 20950 20100 20780 47250 97407000
20110718 20250 21180 20050 20480 83046 171576000
20110715 19130 19950 19100 19950 45724 89901000
20110714 18710 19250 18620 19220 28404 53826000
20110713 18380 18840 18380 18710 15925 29602000
20110712 19000 19000 18360 18390 26326 49077000
20110711 19260 19600 19130 19220 24332 46925000
20110708 19030 19580 19020 19420 28032 54127000
20110707 19100 19700 18900 19200 48762 94035000
20110706 18420 19200 18420 19150 35372 66929000
20110705 18600 18660 18370 18460 15202 28078000
20110704 18120 18600 18120 18600 17462 32169000
20110701 18020 18300 17830 18090 11573 20973000
20110630 17910 18120 17800 17970 13732 24713000
20110629 18830 18880 17870 17880 27259 49839000
20110628 18600 18990 18470 18850 24779 46605000
20110627 18680 18860 18270 18600 29760 55091000
20110623 18400 18400 17400 18280 27959 50186000
20110622 18600 18950 18260 18280 20469 37900000
20110621 18350 18910 18150 18800 31803 59092000
20110620 18200 18390 18010 18210 15494 28194000
20110617 18100 18680 18090 18120 33637 61826000
20110616 18150 18350 17730 17780 10053 17955000
20110615 18500 18870 18100 18300 21130 38915000
20110614 17580 18690 17430 18510 40497 73544000
20110613 17050 17420 16840 17220 11893 20398000
20110610 17510 17510 16840 17320 23553 40191000
20110609 19580 19580 17580 17600 46519 84967000
20110608 19410 19960 19310 19530 42101 82634000
20110607 19810 20270 19400 19500 51820 102517000
20110603 19490 19850 19280 19680 47431 92775000
20110602 19500 19780 18900 19480 36220 69583000
20110601 19400 19830 18800 19680 60761 118333000
20110531 19160 19540 18850 19210 46299 88970000
20110530 18400 19440 18260 19040 42519 80186000
20110527 17830 18380 17650 18300 20753 37409000
20110526 17870 18120 17410 17800 12100 21476000
20110525 18210 18240 17540 17800 14821 26446000
20110524 19080 19080 17060 18200 20176 36847000
20110523 18850 19080 18470 18780 26402 49772000
20110520 19710 19950 18800 18800 34225 65798000
20110519 19480 20090 19400 19630 57362 112938000
20110518 19350 19350 18880 19230 43793 83952000
20110517 18730 19690 18300 19180 48002 90927000
20110516 19280 19280 18710 18880 35101 66628000
20110513 18300 19450 18280 19090 50298 94577000
20110512 17150 18780 17140 18260 36959 66907000
20110511 17180 17300 17020 17280 9943 17054000
20110510 16950 17400 16800 17270 17233 29454000
20110509 16700 17240 16700 17140 15173 25798000
20110506 16350 16950 16300 16690 15573 26021000
20110505 16329 16560 16270 16379 9775 16066000
20110504 16650 16850 16350 16400 16281 26933000
20110503 16440 16950 16250 16720 21023 34878000
20110429 16010 16800 16010 16620 40645 66544000
20110428 17800 19090 17110 17250 79833 145202000
