20171221 5190 5190 5090 5160 25206 12955164 1.93 1.38 -0.58 18181 7025 2.59 0.31
20171220 5230 5250 5150 5190 16451 8519369 1.92 0.86 -0.19 10672 5779 1.85 0.20
20171219 5230 5230 5130 5200 23111 11940539 1.92 1.33 -0.19 15110 8001 1.89 0.28
20171218 5210 5260 5170 5210 18664 9696735 1.72 1.01 -0.57 11381 7282 1.56 0.23
20171215 5210 5250 5190 5240 17921 9351795 1.14 0.95 -0.19 8643 9277 0.93 0.22
20171214 5300 5300 5220 5250 15041 7878114 1.51 0.70 -0.94 9861 5179 1.90 0.18
20171213 5270 5330 5230 5300 20679 10915832 1.90 0.82 0.57 9525 11154 0.85 0.25
20171212 5310 5320 5260 5270 14364 7585328 1.13 0.56 -0.75 8994 5370 1.67 0.18
20171211 5300 5370 5280 5310 24264 12881164 1.71 0.95 0.76 13805 10459 1.32 0.30
20171208 5250 5330 5230 5270 20280 10700496 1.90 0.79 0.38 11150 9131 1.22 0.25
20171207 5210 5310 5160 5250 27212 14253898 2.88 0.89 0.77 12738 14474 0.88 0.33
20171206 5280 5300 5100 5210 40069 20715487 3.79 1.52 -1.33 30188 9881 3.06 0.49
20171205 5390 5390 5250 5280 16684 8831695 2.61 0.57 -1.68 12322 4362 2.82 0.20
20171204 5400 5420 5330 5370 23136 12440180 1.67 0.81 -0.56 16752 6384 2.62 0.28
20171201 5380 5430 5360 5400 21328 11483832 1.30 0.70 0.00 15656 5673 2.76 0.26
20171130 5280 5530 5240 5400 52160 28271029 5.49 2.14 2.27 22519 29641 0.76 0.64
20171129 5260 5300 5210 5280 18294 9607286 1.71 0.74 0.19 10059 8235 1.22 0.22
20171128 5200 5320 5180 5270 31588 16561757 2.68 1.17 0.76 18256 13332 1.37 0.38
20171127 5300 5300 5200 5230 20221 10591766 1.89 0.71 -1.32 15710 4511 3.48 0.25
20171124 5300 5310 5200 5300 30148 15839618 2.08 1.01 0.00 20896 9253 2.26 0.37
20171123 5290 5370 5250 5300 21455 11375963 2.24 0.66 -0.93 15819 5636 2.81 0.26
20171122 5320 5370 5300 5350 19696 10499877 1.32 0.61 0.56 11857 7839 1.51 0.24
20171121 5450 5500 5230 5320 44007 23684131 4.97 1.48 -2.03 27089 16918 1.60 0.54
20171120 5480 5520 5400 5430 27491 14959889 2.19 0.81 -0.91 16538 10953 1.51 0.34
20171117 5710 5780 5470 5480 36675 20448130 5.43 1.06 -4.03 23714 12961 1.83 0.45
20171116 5620 5720 5600 5710 34957 19795107 2.14 1.04 1.96 14576 20382 0.72 0.43
20171115 5590 5600 5550 5600 18974 10585031 0.90 0.48 0.72 9491 9483 1.00 0.23
20171114 5580 5620 5550 5560 30504 17030017 1.25 0.69 -0.36 21955 8549 2.57 0.37
20171113 5600 5670 5570 5580 48142 26964487 1.76 1.20 -1.76 30867 17275 1.79 0.59
20171110 5700 5700 5610 5680 41218 23299354 1.57 1.11 -0.70 26913 14305 1.88 0.50
20171109 5730 5800 5700 5720 29615 16952673 1.74 0.73 -0.69 21245 8370 2.54 0.36
20171108 5730 5770 5590 5760 46624 26588221 3.14 1.06 0.52 21196 25428 0.83 0.57
20171107 5820 5820 5690 5730 55891 32040283 2.25 1.31 -1.04 39545 16346 2.42 0.68
20171106 5830 5840 5760 5790 26614 15417902 1.38 0.54 -0.17 17900 8713 2.05 0.32
20171103 5750 5830 5710 5800 27645 15924274 2.09 0.52 0.87 15074 12571 1.20 0.34
20171102 5850 5900 5680 5750 46721 27000741 3.76 0.83 -1.71 35896 10825 3.32 0.57
20171101 6010 6010 5850 5850 62025 36623477 2.67 1.31 -2.50 45547 16478 2.76 0.76
20171031 6010 6070 5950 6000 49719 29864945 2.00 1.18 -0.17 27180 22539 1.21 0.61
20171030 5970 6020 5810 6010 61077 36148104 3.52 1.66 0.67 29773 31305 0.95 0.74
20171027 5970 6050 5940 5970 45641 27324034 1.84 1.29 0.00 26175 19466 1.34 0.56
20171026 5840 6050 5820 5970 61344 36568682 3.94 1.81 2.23 30210 31134 0.97 0.75
20171025 5850 5850 5790 5840 18357 10702837 1.03 0.44 0.52 7047 11310 0.62 0.22
20171024 5810 5870 5790 5810 24700 14380526 1.38 0.54 0.17 13636 11064 1.23 0.30
20171023 5830 5850 5760 5800 34126 19772568 1.54 0.62 -0.51 20980 13147 1.60 0.42
20171020 5810 5830 5710 5830 38134 21974485 2.07 0.72 0.34 22400 15734 1.42 0.46
20171019 5920 5920 5740 5810 54033 31281021 3.06 1.05 -1.19 33711 20322 1.66 0.66
20171018 6060 6070 5860 5880 56585 33485835 3.52 1.15 -1.51 39767 16818 2.36 0.69
20171017 6090 6120 5940 5970 46262 27737482 2.96 0.92 -1.97 30675 15587 1.97 0.56
20171016 6080 6250 6030 6090 82135 50505110 3.62 1.68 0.16 37823 44312 0.85 1.00
20171013 6030 6080 6030 6080 27095 16413024 0.83 0.45 0.83 10589 16506 0.64 0.33
20171012 6060 6130 6000 6030 46437 28008587 2.15 0.58 -0.50 30658 15779 1.94 0.57
20171011 6110 6130 6060 6060 44231 26930992 1.15 0.46 -0.82 26901 17330 1.55 0.54
20171010 6070 6150 6030 6110 51711 31558869 1.98 0.54 0.66 30777 20933 1.47 0.63
20171009 6120 6200 6030 6070 74904 45684070 2.78 0.84 -0.82 42468 32435 1.31 0.91
20170929 6140 6150 6060 6120 81493 49807867 1.47 0.97 0.16 44746 36747 1.22 0.99
20170928 5950 6230 5890 6110 151393 92280034 5.71 2.27 2.69 67381 84013 0.80 1.85
20170927 5730 5950 5700 5950 125569 73999001 4.37 2.11 4.02 45847 79722 0.58 1.53
20170926 5730 5750 5580 5720 43364 24512210 2.98 0.46 0.35 23925 19438 1.23 0.53
20170925 5860 5860 5680 5700 45760 26378781 3.09 0.46 -2.06 31300 14460 2.16 0.56
20170922 5770 5870 5700 5820 55222 32100316 2.96 0.57 1.39 31884 23338 1.37 0.67
20170921 5880 5910 5710 5740 63954 37155373 3.42 0.69 -1.71 42056 21898 1.92 0.78
20170920 5910 5930 5800 5840 89550 52302353 2.22 1.07 -0.17 58162 31387 1.85 1.09
20170919 5640 5940 5630 5850 214987 125714472 5.52 3.51 4.09 94693 120293 0.79 2.62
20170918 5500 5640 5470 5620 73718 40908531 3.09 1.31 2.18 30399 43319 0.70 0.90
20170915 5480 5540 5480 5500 41226 22713376 1.09 0.77 0.18 20192 21035 0.96 0.50
20170914 5510 5530 5470 5490 42566 23403066 1.08 0.81 -0.72 27457 15109 1.82 0.54
20170913 5480 5530 5460 5530 45148 24851015 1.28 0.92 1.10 20223 24926 0.81 0.58
20170912 5430 5580 5430 5470 103396 56989203 2.77 2.88 1.11 45961 57435 0.80 1.32
20170911 5390 5420 5380 5410 48165 25999229 0.74 1.26 0.19 29235 18930 1.54 0.61
20170908 5390 5410 5370 5400 30175 16276610 0.74 0.70 0.19 14535 15640 0.93 0.39
20170907 5390 5420 5370 5390 34782 18748711 0.93 0.76 -0.19 15067 19714 0.76 0.44
20170906 5430 5430 5370 5400 29526 15907928 1.11 0.60 -0.18 17481 12045 1.45 0.38
20170905 5420 5450 5380 5410 36606 19761035 1.29 0.79 -0.55 24549 12057 2.04 0.47
20170904 5430 5470 5400 5440 59760 32510127 1.30 1.46 0.74 27372 32388 0.85 0.76
20170901 5370 5430 5340 5400 54689 29461414 1.68 1.55 0.75 28628 26060 1.10 0.70
20170831 5330 5400 5290 5360 49602 26404019 2.05 1.55 0.00 30340 19262 1.58 0.63
20170830 5380 5400 5310 5360 44812 23955622 1.67 1.65 -0.56 29892 14919 2.00 0.57
20170829 5400 5400 5370 5390 22031 11863078 0.55 0.77 -0.37 14258 7773 1.83 0.28
20170828 5430 5430 5340 5410 33996 18347794 1.67 1.22 0.37 18394 15602 1.18 0.43
20170825 5330 5400 5320 5390 25821 13856071 1.50 0.79 1.13 9478 16343 0.58 0.33
20170824 5370 5400 5310 5330 33533 17935319 1.68 0.99 -0.74 21438 12095 1.77 0.43
20170823 5370 5400 5340 5370 20449 10984256 1.12 0.57 -0.19 10914 9536 1.14 0.26
20170822 5420 5440 5350 5380 29467 15862075 1.66 0.83 -0.74 18969 10498 1.81 0.38
20170821 5420 5440 5390 5420 29646 16063698 0.92 0.76 0.18 14575 15070 0.97 0.38
20170818 5350 5450 5320 5410 49632 26808179 2.43 1.46 1.12 23224 26407 0.88 0.63
20170817 5360 5370 5320 5350 40536 21648517 0.94 1.25 0.19 21646 18890 1.15 0.52
20170816 5340 5360 5280 5340 30517 16254565 1.50 0.94 0.19 16622 13894 1.20 0.39
20170815 5340 5350 5310 5330 26869 14306582 0.75 0.78 -0.37 15428 11440 1.35 0.34
20170814 5320 5350 5280 5350 48660 25887718 1.32 1.62 0.94 21797 26862 0.81 0.62
20170811 5290 5350 5270 5300 23450 12427078 1.50 0.58 -0.56 13620 9830 1.39 0.30
20170810 5340 5360 5280 5330 32177 17122412 1.49 0.83 -0.56 18743 13434 1.40 0.41
20170809 5350 5370 5330 5360 30932 16528683 0.75 0.83 0.37 19920 11011 1.81 0.39
20170808 5340 5390 5300 5340 36962 19753748 1.69 1.08 0.00 21500 15463 1.39 0.47
20170807 5300 5350 5300 5340 26636 14203338 0.93 0.78 -0.19 13954 12682 1.10 0.34
20170804 5480 5560 5290 5350 74225 40065721 5.16 2.89 2.29 38262 35963 1.06 0.94
20170803 5240 5290 5210 5230 24971 13105471 1.53 0.86 -0.19 11983 12988 0.92 0.32
20170802 5310 5310 5230 5240 23768 12481426 1.51 0.82 -1.13 14901 8867 1.68 0.30
20170801 5300 5330 5280 5300 21173 11215401 0.94 0.73 0.00 11652 9521 1.22 0.27
20170731 5340 5350 5270 5300 26824 14239208 1.50 0.90 -0.38 16420 10403 1.58 0.34
20170728 5290 5350 5250 5320 31511 16716035 1.89 1.09 0.57 14648 16863 0.87 0.40
20170727 5240 5300 5180 5290 41501 21764219 2.30 1.54 1.34 17513 23988 0.73 0.53
20170726 5260 5290 5200 5220 23955 12511659 1.71 0.84 -0.76 15740 8215 1.92 0.30
20170725 5230 5320 5200 5260 21217 11128566 2.29 0.73 0.19 12156 9061 1.34 0.27
20170724 5190 5250 5180 5250 31262 16287320 1.34 0.91 0.77 17045 14217 1.20 0.40
20170721 5260 5270 5200 5210 26610 13875546 1.34 0.82 -0.57 16156 10455 1.55 0.34
20170720 5280 5290 5240 5240 32113 16880756 0.95 1.00 -0.95 19542 12571 1.55 0.41
20170719 5240 5300 5210 5290 30808 16147274 1.72 0.82 1.15 15649 15160 1.03 0.39
20170718 5190 5240 5150 5230 25475 13206374 1.74 0.61 1.16 15370 10105 1.52 0.32
20170717 5490 5490 5110 5170 55851 29369965 6.93 1.34 -5.66 36066 19785 1.82 0.71
20170714 5520 5530 5450 5480 17734 9713250 1.45 0.43 -0.36 10828 6906 1.57 0.22
20170713 5410 5500 5380 5500 30049 16356818 2.20 0.76 0.73 14222 15826 0.90 0.38
20170712 5650 5660 5390 5460 57705 31633349 4.91 1.78 -0.73 28626 29080 0.98 0.73
20170711 5450 5530 5410 5500 46925 25726906 2.20 1.79 0.92 19074 27852 0.68 0.59
20170710 5330 5480 5330 5450 55769 30300251 2.82 2.77 2.44 22701 33068 0.69 0.71
20170707 5300 5320 5280 5320 16030 8482751 0.75 0.70 0.38 8868 7162 1.24 0.20
20170706 5300 5320 5290 5300 20366 10800632 0.57 0.90 0.00 12495 7870 1.59 0.26
20170705 5300 5310 5270 5300 22611 11968194 0.75 0.87 0.00 12872 9739 1.32 0.29
20170704 5330 5330 5270 5300 16013 8473892 1.13 0.51 -0.56 9951 6062 1.64 0.20
20170703 5310 5330 5250 5330 25465 13493255 1.50 0.75 0.19 12523 12942 0.97 0.32
20170630 5260 5360 5220 5320 29846 15801054 2.67 0.94 1.33 12638 17208 0.73 0.38
20170629 5250 5280 5230 5250 19188 10078515 0.95 0.58 0.19 11331 7857 1.44 0.24
20170628 5330 5330 5180 5240 39763 20814117 2.83 1.35 -1.13 26110 13653 1.91 0.50
20170627 5390 5400 5270 5300 42139 22404272 2.42 1.72 -1.49 27165 14975 1.81 0.53
20170626 5370 5400 5240 5380 39439 21002208 2.98 1.84 0.19 18089 21350 0.85 0.50
20170623 5380 5410 5310 5370 18127 9702957 1.86 0.88 -0.19 11551 6576 1.76 0.23
20170622 5490 5490 5380 5380 25281 13727563 2.01 1.30 -1.82 18263 7018 2.60 0.32
20170621 5460 5480 5420 5480 21832 11890928 1.10 1.29 0.37 11042 10790 1.02 0.28
20170620 5480 5490 5400 5460 17925 9778219 1.64 1.16 -0.55 11324 6601 1.72 0.23
20170619 5500 5510 5440 5490 24299 13300045 1.28 1.74 0.00 16248 8050 2.02 0.31
20170616 5480 5510 5450 5490 13570 7434145 1.09 0.94 -0.18 7321 6249 1.17 0.17
20170615 5460 5510 5430 5500 19638 10771242 1.47 1.50 0.73 9253 10386 0.89 0.25
20170614 5490 5540 5430 5460 9212 5033722 2.00 0.56 -0.73 7103 2109 3.37 0.12
20170613 5420 5510 5420 5500 10784 5905461 1.66 0.66 1.48 4215 6569 0.64 0.14
20170612 5470 5520 5420 5420 16723 9132044 1.81 1.10 -2.17 11597 5125 2.26 0.21
20170609 5590 5590 5470 5540 15769 8701635 2.15 0.99 -0.72 10059 5710 1.76 0.20
20170608 5600 5630 5550 5580 13035 7265304 1.43 0.63 -0.36 8890 4145 2.14 0.17
20170607 5490 5610 5450 5600 25685 14330597 2.91 1.27 2.00 7196 18489 0.39 0.33
20170606 5500 5500 5430 5490 10119 5537104 1.28 0.42 0.55 5879 4240 1.39 0.13
20170605 5420 5500 5420 5460 11510 6283846 1.48 0.41 0.74 5147 6363 0.81 0.15
20170602 5330 5450 5290 5420 19276 10322146 3.00 0.56 1.50 10061 9215 1.09 0.24
20170601 5550 5590 5330 5340 36525 19835192 4.68 1.14 -3.78 29011 7514 3.86 0.46
20170531 5630 5670 5540 5550 23677 13252181 2.32 0.69 -0.89 16197 7480 2.17 0.30
20170526 5690 5740 5580 5600 30740 17336809 2.81 0.89 -1.58 23393 7347 3.18 0.39
20170525 5680 5700 5580 5690 31784 17966893 2.11 0.89 0.18 15965 15818 1.01 0.40
20170524 5410 5680 5300 5680 49020 27069256 7.02 1.61 4.99 19398 29622 0.65 0.62
20170523 5600 5610 5380 5410 24511 13454835 4.11 0.83 -3.22 17417 7094 2.46 0.31
20170522 5620 5750 5580 5590 35541 20100384 3.01 1.32 -1.06 21933 13608 1.61 0.45
20170519 5520 5700 5520 5650 32204 18180181 3.24 1.34 1.62 14591 17613 0.83 0.41
20170518 5460 5650 5400 5560 36420 20292522 4.55 1.47 1.28 12429 23991 0.52 0.46
20170517 5500 5540 5460 5490 23306 12830914 1.46 0.99 0.18 14487 8819 1.64 0.30
20170516 5350 5490 5350 5480 20455 11091434 2.60 0.78 1.67 8760 11695 0.75 0.26
20170515 5320 5410 5310 5390 22447 12060002 1.89 0.81 1.89 7819 14628 0.53 0.28
20170512 5310 5320 5210 5290 17910 9442086 2.09 0.54 0.38 10094 7815 1.29 0.23
20170511 5430 5440 5120 5270 39384 20768311 5.94 1.26 -2.23 22767 16617 1.37 0.50
20170510 6500 6620 6470 6490 18010 11801206 2.28 0.58 -1.22 10238 7772 1.32 0.27
20170509 6600 6660 6420 6570 33256 21752775 3.64 1.21 -0.45 20655 12600 1.64 0.51
20170508 6840 6890 6600 6600 30208 20469817 4.24 1.21 -3.51 22700 7508 3.02 0.46
20170505 6710 6930 6710 6840 44506 30494586 3.27 1.99 1.63 21323 23183 0.92 0.68
20170504 6730 6830 6670 6730 30818 20852905 2.40 1.44 0.90 14554 16264 0.89 0.47
20170503 6650 6730 6650 6670 17423 11644594 1.19 0.69 -0.45 11538 5884 1.96 0.27
20170502 6740 6740 6650 6700 13986 9350907 1.35 0.48 0.15 8659 5326 1.63 0.22
20170428 6700 6710 6620 6690 17985 11996095 1.35 0.55 0.30 11581 6404 1.81 0.28
20170427 6570 6700 6430 6670 31562 20775452 4.12 0.87 1.68 17518 14044 1.25 0.49
20170426 6470 6560 6400 6560 25798 16762463 2.49 0.67 2.18 9267 16531 0.56 0.40
20170425 6510 6580 6410 6420 36154 23503694 2.61 0.96 -1.38 25732 10422 2.47 0.56
20170424 6670 6670 6510 6510 33914 22246360 2.40 0.90 -2.40 20744 13171 1.57 0.53
20170421 6740 6780 6600 6670 35584 23838930 2.67 0.71 -1.04 24194 11390 2.12 0.55
20170420 6860 6950 6720 6740 49753 34056692 3.35 1.07 -1.75 34566 15187 2.28 0.77
20170419 6850 6870 6720 6860 37619 25555509 2.19 0.76 0.00 20890 16729 1.25 0.58
20170418 6920 6930 6850 6860 32398 22285004 1.16 0.54 -0.87 22504 9894 2.27 0.50
20170417 6860 6950 6830 6920 33748 23219761 1.74 0.53 0.29 19469 14279 1.36 0.52
20170414 7040 7090 6850 6900 95327 66147249 3.39 1.76 -2.54 71684 23643 3.03 1.48
20170413 7060 7110 7040 7080 33087 23427737 0.99 0.58 0.00 19767 13321 1.48 0.51
20170412 7130 7140 7060 7080 51977 36852326 1.12 0.93 -1.26 36330 15648 2.32 0.81
20170411 7170 7230 7050 7170 87693 62481521 2.52 1.88 0.56 51121 36572 1.40 1.36
20170410 7200 7200 7120 7130 48380 34579143 1.11 0.79 -1.11 32548 15832 2.06 0.75
20170407 7250 7270 7190 7210 49511 35688104 1.10 0.78 -0.83 35022 14489 2.42 0.77
20170406 7310 7350 7220 7270 46007 33561647 1.79 0.71 -0.14 23742 22265 1.07 0.72
20170405 7200 7300 7170 7280 47496 34363349 1.82 0.68 1.96 22526 24970 0.90 0.74
20170331 7110 7170 7100 7140 41353 29521850 0.99 0.52 0.56 26882 14471 1.86 0.64
20170330 7350 7380 7100 7100 122453 87975611 3.80 1.64 -3.53 85133 37320 2.28 1.90
20170329 7480 7490 7360 7360 60351 44800823 1.74 0.73 -1.60 42401 17950 2.36 0.94
20170328 7440 7490 7370 7480 53039 39471374 1.61 0.56 0.27 31044 21995 1.41 0.82
20170327 7480 7530 7370 7460 73479 54765899 2.14 0.58 -0.27 48953 24527 2.00 1.14
20170324 7320 7490 7320 7480 91608 68208523 2.32 0.75 2.05 47851 43757 1.09 1.42
20170323 7450 7510 7310 7330 95898 70989941 2.67 0.79 -2.01 65990 29908 2.21 1.49
20170322 7410 7540 7350 7480 97144 72345544 2.54 0.82 0.00 51521 45624 1.13 1.51
20170321 7500 7540 7350 7480 114884 85447457 2.53 1.12 -0.27 113587 1298 87.53 1.79
20170320 7160 7580 7160 7500 234002 173724672 5.86 3.44 4.60 84524 149478 0.57 3.64
20170317 7250 7310 7160 7170 71234 51540307 2.06 1.19 -1.65 51766 19467 2.66 1.09
20170316 7200 7300 7180 7290 90318 65509860 1.66 1.69 1.11 34632 55686 0.62 1.39
20170315 7130 7240 7130 7210 82609 59528954 1.54 1.90 0.98 23475 59134 0.40 1.27
20170314 7200 7200 7120 7140 34164 24431889 1.11 0.76 -0.56 21168 12996 1.63 0.52
20170313 7100 7210 7050 7180 61387 43899847 2.26 1.30 1.56 20588 40798 0.50 0.94
20170310 7040 7120 7040 7070 30026 21290491 1.13 0.57 0.14 14240 15786 0.90 0.46
20170309 7120 7150 7000 7060 59303 41826554 2.11 1.24 -0.84 42954 16350 2.63 0.91
20170308 7170 7190 7110 7120 32914 23480476 1.12 0.67 -0.70 21834 11080 1.97 0.51
20170307 7180 7230 7100 7170 42407 30351597 1.81 0.89 -0.14 25775 16631 1.55 0.65
20170306 7050 7200 7020 7180 71302 51008034 2.56 1.59 2.13 23463 47840 0.49 1.10
20170303 7060 7120 7000 7030 56272 39636184 1.69 1.11 -0.71 38552 17721 2.18 0.86
20170302 7180 7190 7080 7080 36656 26105217 1.53 0.64 -1.39 25490 11165 2.28 0.56
20170301 7140 7180 7100 7180 38586 27543210 1.12 0.52 0.42 22616 15970 1.42 0.59
20170228 7100 7180 7080 7150 36241 25867678 1.41 0.48 0.70 16667 19574 0.85 0.56
20170227 7240 7240 7080 7100 57014 40764845 2.21 0.78 -1.93 40938 16076 2.55 0.88
20170224 7200 7380 7160 7240 85702 62335713 3.06 1.22 0.56 47034 38668 1.22 1.32
20170223 7270 7270 7160 7200 67330 48584661 1.51 0.96 -1.37 44068 23263 1.89 1.03
20170222 7180 7320 7130 7300 126619 91860556 2.65 2.03 1.81 48511 78108 0.62 1.95
20170221 7150 7180 7110 7170 42777 30530743 0.98 0.54 0.28 22708 20069 1.13 0.66
20170220 7050 7170 7050 7150 40907 29135911 1.70 - 1.13 18827 22080 0.85 0.63
20170217 7200 7240 7050 7070 72658 51611308 2.64 0.78 -1.81 52617 20040 2.63 1.12
20170216 7070 7220 7060 7200 68185 48767820 2.25 0.75 1.41 39387 28798 1.37 1.05
20170215 7200 7310 7070 7100 87563 62899967 3.31 1.04 -1.93 59333 28230 2.10 1.35
20170214 7130 7280 7080 7240 125062 90152094 2.81 1.83 1.69 38213 86849 0.44 1.92
20170213 7120 7130 7050 7120 75682 53697718 1.13 1.17 0.28 43821 31861 1.38 1.16
20170210 6980 7130 6950 7100 110993 78584338 2.59 2.02 2.01 49721 61272 0.81 1.71
20170209 6900 6990 6870 6960 56555 39269958 1.74 1.09 0.72 32662 23893 1.37 0.87
20170208 6830 6910 6780 6910 52603 36001622 1.88 1.14 0.14 30416 22187 1.37 0.81
20170207 6890 6900 6820 6900 45749 31398418 1.16 1.05 0.15 30725 15024 2.05 0.70
20170206 6870 6930 6810 6890 56260 38615234 1.75 1.37 0.29 39473 16787 2.35 0.86
20170203 7030 7040 6850 6870 63442 43743735 2.70 1.74 -2.41 48107 15335 3.14 0.97
20170126 6890 7050 6870 7040 41134 28635727 2.61 1.14 2.03 15382 25751 0.60 0.63
20170125 6800 6900 6800 6900 24227 16612083 1.46 0.60 0.88 11315 12913 0.88 0.37
20170124 6970 6970 6820 6840 32725 22459415 2.16 0.76 -1.58 20847 11878 1.76 0.50
20170123 6850 7000 6840 6950 44229 30723685 2.34 0.93 1.76 21282 22946 0.93 0.68
20170120 6750 6870 6700 6830 40140 27332786 2.51 0.84 0.74 22508 17632 1.28 0.62
20170119 6800 6880 6700 6780 38563 26200175 2.65 0.79 -0.29 14222 24341 0.58 0.59
20170118 6860 6870 6760 6800 44573 30308377 1.61 0.83 -0.58 32007 12566 2.55 0.68
20170117 6600 6840 6580 6840 48288 32480925 3.91 0.81 2.86 20158 28129 0.72 0.74
20170116 6800 6900 6480 6650 66971 45047856 6.10 1.20 -3.48 45042 21930 2.05 1.03
20170113 6970 6990 6850 6890 41669 28844229 2.02 0.67 -0.43 22294 19375 1.15 0.64
20170112 6920 7060 6870 6920 41432 28921789 2.73 0.62 -0.72 19608 21824 0.90 0.64
20170111 7080 7170 6910 6970 68606 48161654 3.65 0.86 -2.24 42222 26384 1.60 1.05
20170110 7100 7240 7090 7130 79397 56802119 2.12 1.01 0.71 45261 34136 1.33 1.22
20170109 7060 7130 7050 7080 47917 33950992 1.13 0.64 0.43 28637 19281 1.49 0.74
20170106 7130 7130 6990 7050 71319 50301016 1.98 1.04 -0.42 48954 22366 2.19 1.10
20170105 7160 7180 7070 7080 67990 48280542 1.54 1.09 -0.98 43667 24323 1.80 1.04
20170104 6900 7260 6840 7150 130169 92748591 6.09 2.72 3.62 48491 81678 0.59 2.00
20170103 6710 6910 6710 6900 75632 51909394 2.99 1.94 2.99 19130 56501 0.34 1.16
20161230 6700 6770 6670 6700 26545 17798056 1.49 0.65 0.00 12358 14187 0.87 0.41
20161229 6650 6800 6620 6700 41836 28174625 2.69 1.05 0.15 17381 24455 0.71 0.64
20161228 6700 6730 6640 6690 37816 25341617 1.35 0.88 0.60 14371 23445 0.61 0.58
20161227 6600 6720 6600 6650 57765 38519582 1.82 1.47 0.91 30900 26865 1.15 0.89
20161226 6520 6620 6420 6590 30912 20206485 3.07 0.77 1.07 11849 19063 0.62 0.48
20161223 6610 6640 6510 6520 37193.53 24387078.540
20161222 6710 6710 6600 6650 36207.43 24054994.410
20161221 6560 6720 6530 6700 51942.62 34606800.950
20161220 6600 6600 6480 6530 40480.17 26413994.920
20161219 6560 6630 6540 6590 35747.76 23532201.970
20161216 6430 6570 6430 6550 45456.63 29668172.490
20161215 6420 6510 6390 6430 40819.35 26364006.580
20161214 6460 6510 6380 6420 44390.01 28597794.060
20161213 6380 6510 6320 6450 58131.03 37302641.290
20161212 6860 6910 6360 6380 100537.28 66649111.970
20161209 6810 6880 6780 6840 42602.88 29185525.380
20161208 6880 6910 6780 6780 48809.22 33374273.430
20161207 6840 6910 6740 6870 52744.39 36060830.340
20161206 6760 6930 6760 6860 58398.41 39993659.510
20161205 6690 6810 6650 6760 86809.51 58325721.560
20161202 6920 6920 6740 6810 66457.79 45368299.700
20161201 6900 6950 6820 6890 51638.69 35600821.060
20161130 6920 6980 6820 6900 91474.28 63078180.650
20161129 7190 7200 6870 6910 182211.68 127275943.570
20161128 7160 7240 7110 7190 68351.42 49058911.900
20161125 7360 7390 7030 7170 171938.85 123049140.480
20161124 7410 7460 7350 7400 75028.05 55482916.540
20161123 7600 7630 7350 7410 191384.29 142368505.860
20161122 7500 7730 7500 7630 209185.38 160245463.940
20161121 7310 7550 7310 7500 126851.78 94344700.390
20161118 7390 7440 7300 7310 100052.53 73659015.230
20161117 7520 7520 7360 7380 81552.74 60469446.610
20161116 7550 7550 7420 7490 79096.94 59133716.410
20161115 7450 7680 7350 7570 173646.46 130362147.070
20161114 7420 7480 7370 7440 115805.50 86032676.880
20161111 7600 7740 7400 7450 152716.41 115150127.900
20161110 7500 7780 7490 7550 174071.20 133271090.050
20161109 7480 7600 7320 7420 134088.01 99996890.430
20161108 7550 7770 7410 7500 210538.95 159512900.340
20161107 7160 7640 7160 7550 279853.75 208935341.230
20161104 7010 7350 7010 7210 218939.44 158597529.950
20161103 6970 7100 6930 7000 122903.62 86180751.230
20161102 7120 7150 7000 7010 85018.08 60011167.840
20161101 7100 7140 7000 7120 104065.48 73570198.050
20161031 7140 7170 6910 7090 109929.10 77082847.480
20161028 7140 7420 7070 7150 182322.73 131934003.500
20161027 7090 7220 7000 7150 103999.16 73629344.300
20161026 7050 7270 6990 7090 248966.95 177927003.140
20161025 6770 7150 6770 7010 252415.86 176581825.380
20161024 6700 6760 6680 6750 84563.92 57020538.190
20161021 6670 6750 6570 6700 71406.58 47596380.460
20161020 6720 6720 6630 6670 91628.05 61052829.200
20161019 6760 6860 6700 6740 81973.11 55516449.560
20161018 6680 6760 6650 6760 68770.73 46180381.280
20161017 6840 6860 6620 6640 109015.61 73647967.190
20161014 6900 6910 6770 6810 100683.20 68699095.680
20161013 6750 6990 6750 6920 169168.78 116823991.350
20161012 6800 6890 6700 6780 113384.83 77039814.360
20161011 6680 6840 6650 6820 191517.70 129298532.790
20161010 6590 6700 6590 6680 115137.13 76649950.550
20160930 6580 6620 6510 6550 66781.90 43815657.350
20160929 6590 6640 6550 6580 79895.31 52696039.430
20160928 6700 6760 6580 6610 147474.31 98348400.220
20160927 6450 6800 6440 6760 272462.17 181233431.540
20160926 6570 6730 6490 6500 100750.03 66824623.960
20160923 6550 6640 6530 6570 75316.15 49698599.860
20160922 6600 6630 6540 6550 63861.90 42010537.330
20160921 6530 6610 6430 6570 65388.88 42795952.540
20160920 6420 6550 6380 6530 83002.71 53780028.870
20160919 6310 6490 6310 6420 83638.46 53740964.840
20160914 6320 6340 6240 6290 27526.89 17353243.070
20160913 6280 6340 6280 6330 33468.68 21122175.940
20160912 6320 6440 6260 6280 68446.95 43331260.430
20160909 6470 6560 6440 6480 66437.28 43161802.500
20160908 6550 6590 6430 6480 76908.30 49997599.670
20160907 6540 6650 6500 6520 70976.85 46661420.570
20160906 6470 6550 6380 6550 62750.33 40530693.790
20160905 6530 6600 6430 6480 52015.55 33739415.460
20160902 6550 6750 6470 6500 103391.16 68158351.330
20160901 6490 6680 6420 6580 135737.56 89642600.820
20160831 6450 6500 6380 6470 43668.28 28112240.790
20160830 6360 6500 6330 6430 62663.08 40372692.420
20160829 6280 6460 6260 6340 50132.98 31889999.600
20160826 6270 6390 6250 6300 53426.81 33845446.030
20160825 6400 6400 6200 6280 64224.65 40292687.500
20160824 6530 6530 6400 6420 63505.31 40919384.710
20160823 6460 6590 6450 6510 49442.71 32223408.280
20160822 6550 6620 6470 6500 54215.24 35545011.760
20160819 6620 6630 6510 6550 66805.75 43839986.500
20160818 6630 6720 6580 6630 102395.32 68001005.420
20160817 6460 6650 6400 6620 134192.16 88358625.030
20160816 6460 6470 6390 6430 73970.72 47526496.740
20160815 6300 6430 6280 6410 111082.30 70746842.820
20160812 6230 6340 6210 6320 50935.97 31954904.650
20160811 6330 6350 6220 6230 52319.56 32822963.480
20160810 6380 6430 6310 6360 79383.29 50573252.810
20160809 6250 6430 6220 6390 101601.04 64542176.770
20160808 6160 6250 6110 6250 75436.16 46602800.450
20160805 6250 6290 6200 6210 55709.54 34712123.660
20160804 6260 6300 6200 6270 62082.17 38801499.860
20160803 6340 6340 6200 6240 119602.60 74633065.490
20160802 6250 6350 6200 6350 73625.08 46308339.400
20160801 6180 6370 6160 6250 96786.30 60452118.960
20160729 6320 6370 6200 6240 71811.77 45003541.620
20160728 6400 6450 6180 6340 113106.22 71104618.230
20160727 6750 6820 6290 6360 186801.80 121867562.430
20160726 6610 6790 6560 6730 133800.83 89883588.710
20160725 6760 6790 6540 6620 145981.68 96471197.090
20160722 6940 6970 6530 6730 215370.44 144538082.230
20160721 6890 7050 6820 6940 117550.23 81193551.580
20160720 7060 7110 6900 6910 126869.53 88612275.270
20160719 7040 7210 6880 7100 165448.36 116600158.830
20160718 7110 7260 6910 7090 146059.45 103108414.940
20160715 6750 7350 6740 7100 280136.32 199108678.860
20160714 6810 6890 6640 6810 146923.01 98948615.500
20160713 6500 6850 6410 6800 287947.45 192758605.240
20160712 6460 6540 6290 6480 136389.01 87421213.720
20160711 6550 6670 6430 6500 236227.62 154728281.230
20160708 6370 6650 6330 6590 197858.02 130112216.740
20160707 6410 6480 6230 6380 188128.27 119666045.520
20160706 6500 6700 6370 6440 269777.82 176134883.240
20160705 6200 6810 6170 6560 399900.82 260719566.110
20160704 6220 6440 6220 6320 368434.72 233882524.240
20160701 5790 6410 5790 6190 551023.12 342691293.980
20160630 5680 6040 5580 5830 206888.39 120424038.150
20160629 5550 5800 5540 5720 160459.93 90713415.810
20160628 5490 5550 5400 5540 72817.28 39985772.300
20160627 5360 5540 5350 5510 57205.49 31401717.210
20160624 5500 5570 5260 5430 75793.36 41265247.730
20160623 5520 5580 5500 5550 58558.85 32424196.230
20160622 5420 5560 5360 5520 51630.86 28316801.400
20160621 5500 5590 5420 5460 68029.59 37551021.980
20160620 5500 5530 5360 5440 53509.80 29116501.860
20160617 5470 5580 5470 5500 61771.74 34128714.200
20160616 5560 5560 5430 5480 79778.22 43821546.590
20160615 5300 5610 5270 5540 96426.10 52843930.720
20160614 5390 5470 5300 5390 89722.75 48260301.200
20160613 5720 5720 5440 5440 130225.47 72865567.560
20160608 5890 5890 5700 5810 120537.21 69852967.160
20160607 6050 6050 5860 5900 152945.05 90431567.770
20160606 5790 6040 5730 6000 282791.68 167538961.350
20160603 5780 5820 5710 5750 109647.04 63015199.040
20160602 5780 5780 5680 5740 119628.79 68431682.500
20160601 5670 5860 5670 5790 168903.26 97028648.340
20160531 5520 5740 5510 5720 148882.16 84241055.600
20160530 5600 5640 5500 5530 96789.01 53871636.820
20160527 5810 5900 5700 5720 107391.43 62304592.350
20160526 5740 5860 5530 5850 129478.22 73601031.720
20160525 5930 6040 5710 5740 135166.78 79025660.170
20160524 5920 6050 5750 5920 176583.14 103917268.250
20160523 5640 6000 5610 5920 239111.76 140689719.350
20160520 5510 5690 5500 5620 130438.88 72870833.940
20160519 5500 5880 5500 5680 244016.61 139145846.730
20160518 5770 5790 5370 5500 253199.42 142420475.710
20160517 5900 6200 5810 5900 442651.30 264857278.830
20160516 5810 6040 5610 5980 593951.81 350678720.170
20160513 5010 5490 5000 5490 175894.00 94120000
20160512 5090 5090 4940 4990 49447.00 24670000
20160511 5360 5380 5080 5090 67413.00 35170000
20160510 8020 8100 7950 8020 42239.00 33920000
20160509 8380 8420 7970 8040 67196.00 54940000
20160506 8790 8940 8460 8480 107429.00 93200000
20160505 8660 8800 8580 8790 85942.00 74820000
20160504 8390 8650 8390 8560 72468.00 62020000
20160503 8270 8460 8220 8450 58697.00 49230000
20160429 8250 8300 8130 8260 27261.00 22510000
20160428 8260 8300 8080 8260 32552.00 26680000
20160427 8280 8360 8230 8260 32454.00 26930000
20160426 8180 8280 8080 8280 32274.00 26470000
20160425 8200 8220 8050 8190 30414.00 24800000
20160422 8050 8190 7910 8180 31254.00 25320000
20160421 8100 8250 8000 8030 36867.00 30100000
20160420 8560 8590 7910 8090 72035.00 59150000
20160419 8540 8620 8450 8530 45361.00 38650000
20160418 8610 8620 8490 8540 50512.00 43190000
20160415 8720 8800 8600 8650 61988.00 53630000
20160414 8670 8720 8590 8720 50309.00 43520000
20160413 8450 8690 8450 8600 83548.00 72030000
20160412 8520 8530 8320 8450 57792.00 48640000
20160411 8320 8560 8310 8510 72245.00 61240000
20160408 8170 8350 8160 8280 61234.00 50540000
20160407 8440 8480 8240 8240 61234.00 51200000
20160406 8400 8470 8330 8440 64699.00 54350000
20160405 8250 8430 8160 8420 87426.00 72730000
20160401 8200 8290 8000 8230 67034.00 54660000
20160331 8250 8370 8180 8210 84542.00 69780000
20160330 7990 8270 7940 8250 104407.00 84830000
20160329 7790 8070 7770 7940 101384.00 80190000
20160328 8150 8330 7750 7860 170829.00 137800000
20160325 7470 7780 7460 7720 85199.00 65310000
20160324 7580 7600 7450 7490 50829.00 38200000
20160323 7560 7630 7510 7590 37202.00 28210000
20160322 7560 7620 7500 7580 59626.00 45070000
20160321 7570 7690 7540 7640 69798.00 53060000
20160318 7350 7600 7290 7560 82585.00 61760000
20160317 7050 7340 7050 7340 66593.00 48070000
20160316 7110 7150 6980 7040 48025.00 33980000
20160315 7080 7150 7000 7050 45058.00 31850000
20160314 6850 7130 6850 7040 33088.00 23330000
20160311 6800 6900 6720 6800 27518.00 18780000
20160310 7050 7140 6830 6850 36931.00 25840000
20160309 7190 7250 7000 7040 41336.00 29370000
20160308 7300 7330 6990 7330 55121.00 39440000
20160307 7160 7340 7110 7330 55731.00 40410000
20160304 7200 7310 6860 7190 77732.00 55280000
20160303 7020 7340 7000 7320 87318.00 62500000
20160302 6720 7060 6720 7040 60858.00 42030000
20160301 6570 6790 6470 6740 43085.00 28470000
20160229 6900 6990 6420 6530 54293.00 35740000
20160226 6980 6980 6710 6880 40473.00 27670000
20160225 7460 7500 6730 6750 70204.00 49630000
20160224 7470 7570 7270 7480 45613.00 33810000
20160223 7520 7600 7360 7470 40303.00 30100000
20160222 7480 7640 7470 7540 47959.00 36240000
20160219 7240 7460 7240 7410 41621.00 30750000
20160218 7450 7510 7350 7350 59102.00 43950000
20160217 7350 7430 7270 7410 58895.00 43320000
20160216 7210 7400 7170 7390 56147.00 41110000
20160215 6890 7250 6800 7170 40494.00 28440000
20160205 7050 7180 7000 7020 40830.00 29020000
20160204 6940 7120 6920 7050 44224.00 31170000
20160203 6870 6970 6780 6950 35871.00 24550000
20160202 6730 6980 6730 6920 39616.00 27320000
20160201 6800 6880 6630 6710 33648.00 22820000
20160129 6600 6900 6600 6800 47171.00 31990000
20160128 6780 6850 6560 6600 36554.00 24680000
20160127 7100 7100 6420 6810 56758.00 38370000
20160126 7570 7570 6870 6870 66908.00 48360000
20160125 7520 7680 7520 7580 39637.00 30160000
20160122 7570 7600 7230 7520 56482.00 42080000
20160121 7680 7890 7470 7470 67099.00 51650000
20160120 7800 7950 7660 7800 79168.00 61880000
20160119 7510 7870 7510 7840 64613.00 49750000
20160118 7260 7600 7250 7560 64185.00 48110000
20160115 7510 7610 7300 7340 61666.00 45920000
20160114 7210 7610 7040 7570 70128.00 51790000
20160113 7420 7620 7210 7250 63694.00 47460000
20160112 7340 7500 7220 7410 69464.00 51110000
20160111 7910 7940 7210 7240 108522.00 82140000
20160108 8050 8260 7410 7990 96314.00 76570000
20160107 8450 8460 7730 7740 35719.00 29200000
20160106 8370 8620 8300 8590 117202.00 99410000
20160105 8000 8570 7960 8360 113677.00 94430000
20160104 9400 9490 8510 8510 107349.00 96240000
20151231 9750 9860 9440 9450 120796.00 116280000
20151230 9600 9980 9600 9800 197237.00 193040000
20151229 9470 9570 9220 9540 107717.00 101120000
20151228 9380 9700 9320 9470 189642.00 180380000
20151225 9240 9410 9220 9380 82611.00 77000000
20151224 9210 9350 9060 9240 83903.00 77090000
20151223 9550 9550 9200 9210 129180.00 121110000
20151222 9170 9610 9130 9550 199495.00 187460000
20151221 9090 9270 9020 9210 97930.00 89770000
20151218 9260 9280 9050 9100 115262.00 105550000
20151217 9120 9280 9120 9250 137702.00 126830000
20151216 9080 9140 8990 9020 98046.00 88720000
20151215 9010 9200 8950 9020 111687.00 101190000
20151214 8800 9080 8700 9050 122981.00 109010000
20151211 9120 9400 8970 9010 171865.00 155790000
20151210 9600 9660 9130 9300 279935.00 261110000
20151209 9070 9780 8960 9560 310353.00 292070000
20151208 8860 9140 8830 9020 175032.00 157870000
20151207 8570 9020 8520 8970 155673.00 137200000
20151204 8640 8720 8430 8540 101906.00 87590000
20151203 8290 8540 8240 8540 84788.00 71350000
20151202 8390 8500 8130 8290 72078.00 59840000
20151201 8280 8530 8210 8410 91990.00 77180000
20151130 8180 8420 7820 8280 119932.00 98120000
20151127 8980 9060 8100 8170 168804.00 145100000
20151126 9260 9260 8970 9000 130874.00 119150000
20151125 9120 9280 9080 9230 90868.00 83560000
20151124 9080 9140 8840 9120 74379.00 67140000
20151123 9200 9330 8960 9000 113800.00 104290000
20151120 9030 9120 8920 9120 109490.00 99010000
20151119 8850 9040 8750 9010 70203.00 62600000
20151118 8990 9120 8700 8740 90705.00 81240000
20151117 9370 9390 8910 8950 148915.00 136640000
20151116 8550 9500 8420 9300 113785.00 101190000
20151113 8800 8960 8630 8710 92323.00 81110000
20151112 9060 9090 8710 8960 155694.00 138440000
20151111 8700 9070 8630 9010 139111.00 123270000
20151110 8580 8820 8480 8750 122169.00 106180000
20151109 8410 8690 8300 8610 135628.00 115470000
20151106 8410 8640 8410 8570 121688.00 103910000
20151105 8660 8950 8380 8420 225315.00 193370000
20151104 8280 8650 8220 8610 197919.00 167060000
20151103 8010 8180 8000 8170 118941.00 96450000
20151102 7800 8180 7550 7990 119761.00 96510000
20151030 7990 8210 7770 7990 124213.00 99180000
20151029 7940 8140 7930 8080 104158.00 83820000
20151028 8020 8190 7820 7910 110684.00 88870000
20151027 7980 8170 7410 8120 127685.00 99890000
20151026 8120 8200 7910 7990 117094.00 93980000
20151023 7740 8020 7690 7980 117097.00 92000000
20151022 7460 7740 7380 7730 116963.00 88550000
20151021 8180 8340 7390 7390 212036.00 167050000
20151020 8160 8230 7960 8210 130061.00 105700000
20151019 8150 8340 7910 8180 188921.00 153680000
20151016 7950 8150 7760 7970 175714.00 139720000
20151015 7540 7870 7540 7810 124266.00 96130000
20151014 7760 7900 7550 7600 130841.00 100770000
20151013 7700 7990 7510 7910 185530.00 143420000
20151012 7400 7800 7310 7730 188392.00 142800000
20151009 7220 7390 7130 7280 106699.00 77490000
20151008 7250 7310 7070 7190 113580.00 81730000
20150930 6810 7050 6800 6940 81979.00 56770000
20150929 6820 6920 6710 6790 70449.00 47960000
20150928 6800 7080 6650 6990 75096.00 51620000
20150925 7090 7160 6680 6750 130029.00 89490000
20150924 7150 7260 7000 7160 158897.00 113280000
20150923 7570 7570 6990 7080 289509.00 209570000
20150922 7080 7580 6910 7580 417832.00 309710000
20150921 6200 6890 6150 6890 146883.00 98180000
20150918 6370 6440 6160 6260 64987.00 40740000
20150917 6420 6670 6280 6300 99822.00 64520000
20150916 5970 6500 5930 6470 78493.00 49040000
20150915 6020 6280 5850 5910 59152.00 35850000
20150914 6980 7110 6220 6220 96818.00 62790000
20150911 6730 6920 6590 6910 66542.00 44850000
20150910 6800 6880 6600 6640 66961.00 45360000
20150909 6780 7020 6670 6910 107971.00 74060000
20150908 6280 6750 6150 6720 67714.00 43600000
20150907 6260 6450 6120 6190 60895.00 38350000
20150902 6040 6600 5950 6070 75495.00 46620000
20150901 6500 6800 6270 6290 101612.00 67310000
20150831 7000 7000 6600 6600 89185.00 60050000
20150828 6610 7020 6610 6970 98772.00 66800000
20150827 6300 6530 6140 6510 81342.00 51700000
20150826 6480 6730 6010 6120 122689.00 78910000
20150825 6410 6700 6360 6360 86154.00 55700000
20150824 7560 7560 7070 7070 105029.00 75600000
20150821 8590 8620 7780 7860 93863.00 76870000
20150820 8680 8880 8400 8480 96197.00 82860000
20150819 8160 8840 8020 8760 132132.00 110410000
20150818 9580 9750 8560 8560 203248.00 189040000
20150817 9310 9550 9130 9510 193618.00 181320000
20150814 9480 9520 9260 9370 108877.00 102200000
20150813 8960 9310 8850 9290 93796.00 85600000
20150812 9230 9390 9020 9020 93715.00 86230000
20150811 9250 9550 9160 9320 117363.00 109940000
20150810 8910 9340 8900 9240 115602.00 106180000
20150807 8650 8880 8650 8810 84902.00 74510000
20150806 8390 8760 8300 8560 58266.00 49810000
20150805 8870 9090 8590 8650 109199.00 96250000
20150804 8180 8860 8180 8860 98912.00 84950000
20150803 8080 8300 7500 8290 104204.00 83130000
20150731 8200 8440 8050 8160 76112.00 62730000
20150730 8740 8950 8440 8440 109166.00 95480000
20150729 8300 8750 8000 8730 130247.00 108140000
20150728 8080 8750 7810 8060 140304.00 114240000
20150727 9380 9460 8670 8670 173866.00 158180000
20150724 9990 10080 9600 9630 159332.00 157480000
20150723 9700 10100 9630 9990 150892.00 150170000
20150722 9800 10040 9460 9740 154666.00 150290000
20150721 9890 10200 9600 9950 150065.00 149800000
20150720 10390 10400 9800 10040 240441.00 243100000
20150717 9610 10300 9510 10250 192769.00 190930000
20150716 8880 9510 8400 9510 259322.00 239050000
20150715 9660 9660 8510 8880 261626.00 235600000
20150714 8910 9610 8880 9400 368786.00 342680000
20150713 8790 8790 8390 8790 202822.00 176270000
20150710 7710 7990 7700 7990 108277.00 85630000
20150709 6350 7260 6160 7260 179009.00 125490000
20150708 5810 6800 5810 6600 351119.00 214840000
20150707 6990 6990 6460 6460 109142.00 71890000
20150706 8390 8390 6900 7180 213005.00 163020000
20150703 8190 8790 7610 7630 186898.00 148600000
20150702 9450 9680 8430 8460 183530.00 163370000
20150701 10220 10460 9310 9370 207810.00 209360000
20150630 9400 10350 8520 10220 233244.00 216160000
20150629 10950 10970 9470 9470 221396.00 220280000
20150626 11060 11370 10520 10520 170559.00 185080000
20150625 11950 12430 11570 11690 210052.00 250540000
20150624 11660 12100 11500 11920 175064.00 206660000
20150623 11300 11800 10500 11550 199429.00 224030000
20150619 12700 12700 11600 11600 187164.00 225040000
20150618 13460 13600 12850 12890 178218.00 237230000
20150617 13070 13580 12500 13460 233831.00 305820000
20150616 14470 14470 13230 13350 249203.00 343470000
20150615 14200 15150 14200 14670 364348.00 535080000
20150612 13440 14260 13400 14150 351325.00 487900000
20150611 13550 13600 13220 13420 229064.00 306130000
20150610 13360 13950 13330 13620 249496.00 339680000
20150609 12950 13990 12440 13850 357052.00 476240000
20150608 14150 14150 13210 13250 491466.00 664610000
20150605 16310 16310 14210 14680 617909.00 946400000
20150527 13550 14830 13500 14830 323566.00 469230000
20150526 13160 13490 12700 13480 357076.00 471970000
20150525 12970 13500 12910 13100 353957.00 466120000
20150522 12520 13390 12290 12950 391561.00 503470000
20150521 11500 12320 11400 12280 466069.00 557130000
20150520 10370 11210 10370 11200 325361.00 356620000
20150519 10160 10350 10050 10190 207326.00 211690000
20150518 10100 10400 9980 10010 235883.00 238930000
20150515 10570 10570 10080 10200 269910.00 276860000
20150514 9820 10600 9680 10570 320410.00 328890000
20150513 10070 10300 9780 9860 224162.00 223850000
20150512 9600 10340 9600 10040 275305.00 274460000
20150511 9250 9640 9000 9600 211312.00 198160000
20150508 8780 9000 8650 8990 160424.00 141310000
20150507 8960 9010 8480 8530 137111.00 119820000
20150506 9360 9450 8880 8950 163393.00 149430000
20150505 10220 10220 9220 9360 222556.00 215450000
20150504 10350 10470 10190 10240 169012.00 174560000
20150430 10220 10600 10120 10330 242298.00 252010000
20150429 10190 10410 9880 10200 250919.00 254880000
20150428 9390 10330 9340 10330 445829.00 444570000
20150427 9380 9640 9290 9390 172662.00 162970000
20150424 9180 9460 8900 9340 186510.00 170410000
20150423 9200 9750 9190 9310 262879.00 248010000
20150422 8620 9340 8600 9180 297783.00 270110000
20150421 8350 8490 8240 8490 174152.00 145720000
20150420 8350 8360 8000 8310 211101.00 173710000
20150417 11060 11280 10820 10840 162907.00 178920000
20150416 10530 10820 10100 10690 101762.00 107390000
20150415 10930 10940 10480 10530 110364.00 118160000
20150414 10970 11360 10780 10940 173415.00 191910000
20150413 10400 10600 10320 10590 139327.00 146410000
20150410 10150 10450 10000 10450 125077.00 128920000
20150409 10400 10400 9660 10220 155100.00 155340000
20150408 10550 10840 10280 10440 167612.00 176330000
20150407 10400 10670 10250 10500 181610.00 189340000
20150403 9900 10590 9800 10340 205228.00 211110000
20150402 9400 9640 9310 9640 131896.00 124470000
20150401 9200 9440 9180 9390 122513.00 114360000
20150331 9280 9540 9120 9180 134676.00 125330000
20150330 8950 9300 8950 9180 153104.00 140570000
20150327 8800 8960 8800 8950 81960.00 72930000
20150326 9000 9000 8760 8770 101654.00 89840000
20150325 9140 9190 8880 8990 142044.00 127310000
20150324 8960 9200 8800 9100 143423.00 129310000
20150323 9000 9070 8830 8910 132562.00 118590000
20150320 8850 9000 8650 8790 133961.00 118300000
20150319 8550 8780 8410 8750 128808.00 110370000
20150318 8220 8640 8170 8530 160619.00 135880000
20150317 8090 8330 8040 8180 149451.00 122010000
20150316 7730 8060 7730 8040 142717.00 113910000
20150313 7650 7900 7630 7700 106571.00 82610000
20150312 7530 7620 7390 7490 51394.00 38590000
20150311 7570 7650 7500 7530 63183.00 47740000
20150310 7550 7690 7500 7610 61236.00 46670000
20150309 7540 7590 7390 7560 44167.00 33140000
20150306 7680 7760 7490 7550 75249.00 57150000
20150305 7510 7730 7470 7720 113675.00 86670000
20150304 7340 7620 7340 7500 94551.00 70620000
20150303 7300 7430 7250 7330 88010.00 64680000
20150302 7290 7370 7240 7350 75448.00 55160000
20150227 7280 7360 7220 7270 61397.00 44670000
20150226 7160 7350 7160 7300 76037.00 55410000
20150225 7220 7250 7100 7190 61433.00 44120000
20150217 7420 7490 7180 7210 124538.00 90790000
20150216 6930 7420 6930 7420 137543.00 99690000
20150213 6760 6970 6760 6930 35758.00 24600000
20150212 6730 6800 6670 6750 24973.00 16820000
20150211 6680 6720 6600 6690 30162.00 20070000
20150210 6640 6690 6500 6680 24901.00 16500000
20150209 6750 6840 6600 6640 34975.00 23480000
20150206 6950 6950 6680 6800 41782.00 28410000
20150205 7100 7150 6930 6940 41825.00 29230000
20150204 7100 7190 7020 7060 36407.00 25900000
20150203 7030 7160 7030 7070 35398.00 25170000
20150202 6900 7070 6880 7010 38735.00 27140000
20150130 7080 7090 6920 6920 36546.00 25540000
20150129 6980 7130 6890 7050 61635.00 43370000
20150128 6930 7000 6890 6930 38931.00 27080000
20150127 6900 6990 6800 6940 54062.00 37310000
20150126 6800 6920 6770 6900 44127.00 30200000
20150123 6900 6900 6750 6790 40808.00 27750000
20150122 6840 6880 6760 6880 49582.00 33830000
20150121 6690 6860 6680 6840 65362.00 44400000
20150120 6450 6700 6450 6690 43309.00 28650000
20150119 6530 6720 6350 6440 52360.00 34260000
20150116 6490 6590 6470 6580 40447.00 26390000
20150115 6460 6510 6430 6490 20564.00 13320000
20150114 6540 6540 6400 6430 24447.00 15820000
20150113 6400 6570 6350 6560 32119.00 20660000
20150112 6650 6650 6400 6400 35052.00 22670000
20150109 6670 6700 6620 6630 35028.00 23370000
20150108 6680 6720 6610 6660 37140.00 24720000
20150107 6690 6770 6640 6680 35633.00 23860000
20150106 6630 6730 6550 6720 46446.00 30940000
20150105 6590 6710 6480 6670 37973.00 25060000
20141231 6480 6680 6480 6570 32207.00 21200000
20141230 6790 6830 6500 6530 64401.00 42650000
20141229 7080 7080 6720 6790 105047.00 71860000
20141226 7260 7290 7030 7090 99003.00 70660000
20141225 7080 7300 7000 7250 101302.00 73000000
20141224 7100 7180 6930 7070 121559.00 86010000
20141223 7000 7420 6950 7270 200248.00 144200000
20141222 7250 7290 6870 7080 104585.00 73450000
20141219 7010 7470 6940 7350 167769.00 121780000
20141218 6910 7140 6900 7070 69591.00 48890000
20141217 7170 7200 6920 6990 62245.00 43700000
20141216 7270 7330 7160 7170 52998.00 38230000
20141215 7170 7320 7110 7270 58611.00 42330000
20141212 7150 7200 7080 7190 54785.00 39060000
20141211 7170 7200 7030 7120 74643.00 53060000
20141210 6750 7300 6700 7240 92046.00 63970000
20141209 7310 7350 6690 6730 158053.00 111630000
20141208 7360 7390 7110 7290 118906.00 86150000
20141205 7910 7980 7300 7440 163610.00 124020000
20141204 8010 8200 7900 7910 274791.00 220460000
20141203 7850 8000 7700 8000 118614.00 92840000
20141202 7750 7890 7710 7830 61389.00 48070000
20141201 7880 7920 7700 7770 89225.00 69380000
20141128 7840 8090 7750 7880 130869.00 103630000
20141127 8000 8070 7800 7880 191091.00 151190000
20141126 8040 8410 8020 8170 289447.00 237520000
20141125 7870 8080 7750 8080 138117.00 109080000
20141124 7860 7990 7690 7890 172896.00 135820000
20141121 7840 7910 7750 7870 119862.00 94060000
20141120 7830 7960 7720 7840 172860.00 135210000
20141119 7730 8200 7700 8010 348844.00 277170000
20141118 7260 7820 7210 7790 182593.00 138350000
20141117 7240 7420 7190 7260 45193.00 33050000
20141114 7230 7290 7110 7240 28203.00 20310000
20141113 7300 7370 7100 7220 41288.00 29760000
20141112 7160 7300 7080 7290 30441.00 21940000
20141111 7480 7530 7060 7170 57577.00 41910000
20141110 7500 7550 7400 7480 43726.00 32590000
20141107 7700 7700 7470 7520 53027.00 40250000
20141106 7460 7700 7440 7680 77577.00 58890000
20141105 7530 7680 7430 7460 57063.00 42750000
20141104 7600 7800 7500 7580 82365.00 63190000
20141103 7650 7800 7500 7600 112218.00 86070000
20141031 7430 7710 7310 7650 94213.00 70740000
20141030 7420 7550 7370 7370 59931.00 44600000
20141029 7320 7500 7280 7450 67447.00 50010000
20141028 7110 7300 7110 7300 47687.00 34530000
20141027 7020 7110 6980 7100 36914.00 26010000
20141024 7120 7190 6960 7000 51809.00 36660000
20141023 7400 7490 7090 7120 57475.00 41670000
20141022 7500 7550 7380 7420 51642.00 38600000
20141021 7590 7670 7440 7480 44931.00 33970000
20141020 7580 7640 7500 7570 42663.00 32350000
20141017 7520 7640 7200 7570 89647.00 66840000
20141016 7650 7770 7520 7520 87530.00 67070000
20141015 7670 7790 7600 7740 90989.00 70110000
20141014 7880 7920 7630 7710 108411.00 84680000
20141013 7800 7920 7780 7880 101365.00 79620000
20141010 7850 7910 7780 7840 112644.00 88290000
20141009 7810 7980 7790 7940 189211.00 148970000
20141008 8050 8050 7700 7900 245567.00 192730000
20140930 8430 8430 8020 8110 488404.00 403520000
20140929 7660 7660 7660 7660 1441.00 1100000
20140926 6960 6960 6960 6960 1364.00 940000
20140801 6430 6460 6310 6330 30251.00 19330000
20140731 6330 6420 6290 6400 26129.00 16640000
20140730 6360 6370 6270 6360 26696.00 16880000
20140729 6300 6420 6280 6340 38494.00 24410000
20140728 6320 6340 6260 6310 28277.00 17810000
20140725 6180 6290 6110 6290 29934.00 18530000
20140724 6140 6200 6090 6180 23090.00 14200000
20140723 6190 6210 6070 6150 24256.00 14870000
20140722 6120 6220 6010 6190 29354.00 17990000
20140721 6230 6230 6070 6120 25867.00 15920000
20140718 6140 6230 6110 6230 24182.00 14920000
20140717 6120 6200 6030 6130 40301.00 24550000
20140716 6470 6500 6150 6160 62307.00 39110000
20140715 6380 6600 6330 6470 42873.00 27690000
20140714 6360 6450 6300 6420 32219.00 20580000
20140711 6390 6500 6350 6360 39892.00 25530000
20140710 6370 6480 6350 6360 34744.00 22260000
20140709 6450 6630 6340 6380 72111.00 46750000
20140708 6530 6530 6350 6480 50588.00 32570000
20140707 6260 6500 6210 6470 87449.00 56040000
20140704 6230 6360 6130 6270 50207.00 31340000
20140703 6170 6270 6120 6180 63818.00 39600000
20140702 6000 6300 5920 6180 87280.00 53260000
20140701 6040 6060 5920 6000 31028.00 18570000
20140630 6080 6130 5980 6050 48390.00 29180000
20140627 5990 6180 5950 6080 63496.00 38700000
20140626 6000 6000 5880 5990 28423.00 16930000
20140625 5980 5990 5880 5950 25417.00 15050000
20140624 6040 6070 5860 5980 50060.00 29830000
20140623 5940 6080 5910 6030 52181.00 31460000
20140620 5710 5930 5700 5910 34439.00 20080000
20140619 5940 6000 5680 5710 48597.00 28380000
20140618 6080 6150 5860 5940 59804.00 35850000
20140617 5890 6080 5840 6080 101871.00 61140000
20140616 5960 6000 5850 5890 46567.00 27590000
20140613 5990 6050 5920 6000 52917.00 31660000
20140612 5760 6090 5620 6000 108850.00 64050000
20140611 5790 5840 5690 5780 48679.00 28090000
20140610 5630 5980 5550 5850 81265.00 46350000
20140609 5590 5690 5530 5590 54432.00 30630000
20140606 5500 5630 5470 5580 36700.00 20380000
20140605 5490 5550 5430 5530 21260.00 11650000
20140604 5500 5570 5400 5500 48040.00 26430000
20140603 5520 5580 5460 5470 29102.00 16040000
20140530 5400 5540 5350 5540 48544.00 26460000
20140529 5450 5470 5340 5380 23765.00 12830000
20140528 5450 5500 5400 5450 27569.00 15040000
20140527 5450 5520 5380 5480 28323.00 15500000
20140526 5530 5540 5400 5450 24840.00 13550000
20140523 5400 5520 5350 5500 74778.00 40770000
20140522 5320 5470 5270 5400 39438.00 21350000
20140521 5160 5360 5130 5320 23667.00 12480000
20140520 5240 5290 5160 5180 11808.00 6140000
20140519 5210 5250 5120 5170 8231.00 4250000
20140516 5250 5270 5140 5250 12732.00 6640000
20140515 5280 5290 5100 5220 26119.00 13600000
20140514 5290 5300 5200 5230 31755.00 16650000
20140513 5230 5400 5210 5290 44390.00 23630000
20140512 5140 5240 5110 5230 23512.00 12210000
20140509 5160 5170 5070 5100 10669.00 5450000
20140508 5120 5190 5080 5140 17153.00 8790000
20140507 5210 5240 5090 5120 21253.00 10940000
20140506 5230 5270 5210 5240 19334.00 10130000
20140505 5150 5280 5110 5260 24290.00 12620000
20140430 4990 5150 4990 5140 35250.00 17870000
20140429 5080 5080 4860 4990 34757.00 17290000
20140428 5300 5300 4990 5090 38143.00 19400000
20140425 5470 5530 5290 5350 24733.00 13310000
20140424 5470 5580 5410 5490 26703.00 14660000
20140423 5480 5490 5410 5470 12801.00 6980000
20140422 5450 5510 5370 5480 35734.00 19420000
20140421 5550 5560 5440 5450 25795.00 14190000
20140418 5580 5580 5490 5520 30740.00 16970000
20140417 5650 5650 5540 5580 27759.00 15500000
20140416 5610 5650 5590 5640 19127.00 10750000
20140415 5720 5720 5620 5640 19032.00 10770000
20140414 5660 5740 5620 5710 22906.00 13000000
20140411 5580 5680 5550 5650 24248.00 13650000
20140410 5600 5690 5550 5580 40464.00 22740000
20140409 5490 5640 5420 5620 48128.00 26520000
20140408 5500 5530 5400 5490 33505.00 18350000
20140404 5490 5500 5300 5490 17203.00 9390000
20140403 5460 5510 5390 5480 18226.00 9910000
20140402 5480 5510 5430 5450 16961.00 9270000
20140401 5320 5480 5250 5470 25396.00 13680000
20140331 5520 5550 5300 5310 31429.00 16910000
20140328 5630 5660 5480 5510 28881.00 16030000
20140327 5760 5760 5620 5630 26191.00 14830000
20140326 5750 5810 5710 5760 22160.00 12730000
20140325 5680 5770 5630 5750 27114.00 15510000
20140324 5730 5740 5590 5680 31610.00 17930000
20140321 5590 5740 5480 5730 46891.00 26250000
20140320 5790 5810 5590 5620 25342.00 14440000
20140319 5700 5800 5660 5750 32567.00 18670000
20140318 5670 5760 5620 5700 36079.00 20550000
20140317 5600 5720 5510 5690 37128.00 20880000
20140314 5890 5890 5510 5600 75898.00 43090000
20140313 5900 6020 5850 5950 43701.00 25920000
20140312 5990 6060 5770 5960 61052.00 36070000
20140311 6060 6130 5890 6020 50347.00 30090000
20140310 6240 6260 6010 6070 95289.00 58470000
20140307 6000 6350 5970 6290 134245.00 82940000
20140306 5970 6020 5820 5970 35983.00 21340000
20140305 5850 6080 5730 5920 63123.00 37440000
20140304 5900 5900 5680 5800 39282.00 22830000
20140303 5850 5920 5800 5920 43005.00 25250000
20140228 5700 5840 5510 5840 43764.00 24830000
20140227 5760 5950 5720 5750 51056.00 29810000
20140226 5810 5850 5510 5720 58503.00 33250000
20140225 6100 6350 5790 5810 130145.00 79010000
20140224 5850 6060 5810 6050 67323.00 40050000
20140221 5850 5960 5790 5870 41027.00 24050000
20140220 5860 5980 5820 5880 57908.00 34030000
20140219 6000 6200 5850 5960 75180.00 45040000
20140218 5830 6080 5760 6000 101237.00 60340000
20140217 5820 5960 5740 5830 120753.00 70480000
20140214 5430 5960 5420 5840 143389.00 81950000
20140213 5610 5620 5360 5420 87429.00 47990000
20140212 5650 5690 5560 5640 64541.00 36230000
20140211 5670 5720 5620 5680 47321.00 26860000
20140210 5620 5750 5610 5680 72622.00 41210000
20140207 5500 5650 5420 5610 39754.00 22170000
20140130 5620 5680 5550 5590 34231.00 19200000
20140129 5450 5690 5430 5620 56894.00 31860000
20140128 5510 5570 5370 5440 46991.00 25550000
20140127 5400 5650 5340 5500 74693.00 41300000
20140124 5290 5490 5260 5410 64280.00 34580000
20140123 5250 5320 5200 5290 51935.00 27260000
20140122 5180 5290 5140 5270 56969.00 29840000
20140121 5190 5290 5180 5220 57234.00 29930000
20140120 5140 5440 5120 5190 92237.00 48540000
20140117 5060 5170 5030 5150 61557.00 31520000
20140116 5060 5110 5010 5050 36652.00 18600000
20140115 5030 5100 4980 5070 34871.00 17590000
20140114 4880 5060 4850 5040 34703.00 17310000
20140113 4710 4910 4710 4890 30977.00 14940000
20140110 4930 4940 4710 4760 53355.00 25560000
20140109 5020 5080 4940 4940 53611.00 26830000
20140108 5080 5190 4990 5000 64835.00 32910000
20140107 5030 5130 5010 5090 64947.00 32960000
20140106 4920 5120 4910 5060 110072.00 55650000
20140103 4990 5000 4910 4940 27299.00 13510000
20140102 4980 5020 4930 4990 38875.00 19370000
20131231 4920 5000 4890 4970 50855.00 25210000
20131230 4870 5000 4820 4950 51354.00 25280000
20131227 4710 4890 4710 4840 32560.00 15730000
20131226 4790 4820 4700 4710 20538.00 9760000
20131225 4730 4800 4710 4790 17281.00 8230000
20131224 4750 4800 4660 4740 17180.00 8140000
20131223 4780 4780 4640 4720 15527.00 7310000
20131220 4870 4870 4710 4750 29698.00 14210000
20131219 4890 4920 4850 4850 30470.00 14880000
20131218 4910 4920 4820 4860 27410.00 13370000
20131217 4890 4930 4820 4910 28196.00 13740000
20131216 4950 5040 4860 4860 46753.00 23130000
20131213 4900 4970 4860 4950 41262.00 20330000
20131212 4870 4950 4870 4900 32184.00 15770000
20131211 4950 4950 4840 4890 47426.00 23160000
20131210 4930 5000 4920 4960 63720.00 31580000
20131209 4880 4980 4880 4920 53989.00 26620000
20131206 4880 4940 4840 4880 58018.00 28320000
20131205 4750 5120 4720 4930 131118.00 64690000
20131204 4730 4820 4670 4770 58755.00 27980000
20131203 4560 4730 4560 4700 53734.00 24940000
20131202 4800 4860 4520 4580 105545.00 49520000
20131129 4950 4990 4920 4970 58568.00 29020000
20131128 4910 5040 4900 4940 84945.00 42230000
20131127 4860 4920 4820 4900 51233.00 24960000
20131126 4860 4890 4820 4850 43468.00 21060000
20131125 4840 4890 4810 4890 43031.00 20900000
20131122 4900 4920 4820 4850 36140.00 17590000
20131121 4910 4920 4830 4880 58023.00 28250000
20131120 4830 4970 4800 4940 102975.00 50290000
20131119 4820 4940 4760 4850 69105.00 33430000
20131118 4680 4930 4660 4840 92689.00 44450000
20131115 4580 4690 4560 4680 53454.00 24880000
20131114 4480 4610 4460 4580 40560.00 18430000
20131113 4700 4700 4500 4510 66071.00 30360000
20131112 4690 4750 4650 4720 39221.00 18390000
20131111 4630 4700 4600 4680 38098.00 17760000
20131108 4720 4750 4580 4650 71394.00 33330000
20131107 4850 4880 4740 4780 62950.00 30180000
20131106 4830 4970 4800 4890 147735.00 72340000
20131105 4860 4860 4750 4830 146541.00 70260000
20131104 4750 4940 4700 4890 125478.00 60720000
20131101 4740 4820 4640 4740 104496.00 49480000
20131031 5080 5160 4810 4820 259014.00 128820000
20131030 5170 5400 5170 5230 252800.00 131730000
20131029 5740 5740 5740 5740 7964.00 4570000
20131008 5820 6390 5820 6380 145271.00 90490000
20130930 5650 5930 5610 5810 33819.00 19470000
20130927 5630 5710 5530 5630 23950.00 13440000
20130926 5660 5740 5600 5600 38950.00 22030000
20130925 5900 5940 5660 5690 67502.00 38910000
20130924 5890 6000 5810 5900 50565.00 29850000
20130923 5920 6010 5800 5900 59485.00 35130000
20130918 5800 5970 5760 5930 64068.00 37680000
20130917 5650 5840 5540 5790 71791.00 41050000
20130916 5670 5740 5550 5640 47870.00 27020000
20130913 5640 5690 5500 5670 42712.00 23850000
20130912 5620 5720 5620 5650 30868.00 17450000
20130911 5740 5870 5590 5620 69152.00 39630000
20130910 5890 5900 5680 5760 92205.00 52900000
20130909 5980 6020 5820 5930 43618.00 25790000
20130906 5990 6090 5900 5960 43329.00 25890000
20130905 5800 6150 5790 5990 68836.00 41200000
20130904 5880 6190 5820 5840 72443.00 43410000
20130903 5850 5950 5760 5900 75036.00 44140000
20130902 5440 5960 5410 5880 116509.00 67270000
20130830 5660 5860 5500 5540 85032.00 48320000
20130829 5490 5750 5360 5750 118765.00 66380000
20130828 5650 5760 5460 5490 99400.00 55470000
20130827 5760 5890 5720 5790 83852.00 48680000
20130826 5610 5840 5500 5800 121224.00 69350000
20130823 5620 5790 5430 5620 109154.00 60970000
20130822 5630 5650 5510 5640 75573.00 42230000
20130821 5440 5700 5410 5630 127108.00 70880000
20130820 5180 5680 5110 5520 228698.00 125220000
20130819 4840 5250 4840 5180 128243.00 65660000
20130816 5190 5290 4890 4910 111728.00 56540000
20130815 5030 5220 4970 5100 133371.00 67980000
20130814 4990 5140 4940 5100 217571.00 109780000
20130813 4930 4980 4810 4930 156582.00 76640000
20130812 4580 4960 4500 4960 279732.00 137510000
20130809 4490 4520 4440 4510 25933.00 11610000
20130808 4460 4530 4400 4460 42944.00 19200000
20130807 4610 4610 4480 4520 37612.00 17030000
20130806 4570 4640 4530 4600 46438.00 21270000
20130805 4590 4600 4510 4570 30343.00 13850000
20130802 4600 4620 4520 4570 38055.00 17350000
20130801 4420 4630 4420 4590 63504.00 28720000
20130731 4390 4520 4360 4420 48245.00 21480000
20130730 4290 4420 4240 4400 40698.00 17750000
20130729 4210 4410 4210 4290 31635.00 13690000
20130726 4220 4270 4200 4240 19661.00 8300000
20130725 4310 4320 4230 4230 17169.00 7320000
20130724 4330 4350 4260 4320 20957.00 9010000
20130723 4250 4350 4240 4310 25693.00 11080000
20130722 4250 4260 4200 4250 21670.00 9150000
20130719 4350 4420 4260 4260 22990.00 9980000
20130718 4330 4420 4330 4380 31328.00 13740000
20130717 4400 4420 4310 4320 20730.00 9040000
20130716 4410 4490 4320 4420 40301.00 17740000
20130715 4210 4450 4200 4450 63705.00 27670000
20130712 4300 4340 4200 4210 34438.00 14690000
20130711 4200 4440 4170 4330 50350.00 21650000
20130710 4180 4290 4170 4240 44541.00 18810000
20130709 4180 4180 4050 4080 19784.00 8100000
20130708 4180 4180 4020 4070 40402.00 16610000
20130705 4150 4200 4050 4110 17616.00 7270000
20130704 4010 4240 4010 4140 59528.00 24800000
20130703 3880 4150 3840 4060 73846.00 29780000
20130702 3860 3900 3810 3900 27218.00 10490000
20130701 3810 3860 3750 3860 21009.00 8000000
20130628 3800 3860 3730 3790 31374.00 11910000
20130627 3980 4010 3790 3820 34274.00 13340000
20130626 3970 4020 3890 3960 25288.00 9960000
20130625 4020 4070 3650 3970 35757.00 13920000
20130624 4300 4350 3960 4010 37981.00 15740000
20130621 4290 4370 4210 4310 25381.00 10900000
20130620 4480 4490 4320 4360 31043.00 13670000
20130619 4520 4550 4410 4530 26467.00 11820000
20130618 4590 4620 4490 4550 33979.00 15440000
20130617 4650 4680 4550 4590 36283.00 16750000
20130614 4460 4640 4400 4640 81768.00 37380000
20130613 4370 4500 4310 4460 64437.00 28510000
20130607 4420 4500 4300 4370 30886.00 13560000
20130606 4510 4530 4400 4420 31030.00 13860000
20130605 4500 4540 4430 4530 26559.00 11950000
20130604 4630 4640 4490 4500 51179.00 23250000
20130603 4620 4650 4600 4650 36095.00 16690000
20130531 4640 4690 4610 4620 45520.00 21140000
20130530 4670 4710 4610 4640 43819.00 20340000
20130529 4720 4750 4670 4680 50169.00 23620000
20130528 4680 4740 4650 4710 50127.00 23570000
20130527 4630 4720 4620 4670 48967.00 22880000
20130524 4570 4650 4550 4630 43177.00 19910000
20130523 4630 4650 4560 4580 53626.00 24680000
20130522 4730 4760 4600 4640 80016.00 37580000
20130521 4700 4750 4650 4730 64400.00 30300000
20130520 4610 4760 4600 4720 89936.00 42180000
20130517 4600 4620 4520 4620 71958.00 32850000
20130516 4530 4660 4530 4590 64356.00 29650000
20130515 4510 4590 4490 4580 38978.00 17740000
20130514 4500 4640 4460 4570 71783.00 32640000
20130513 4700 4700 4500 4510 75119.00 34280000
20130510 5940 6100 5870 6040 84558.00 50940000
20130509 5840 6040 5780 5940 70731.00 41750000
20130508 5800 6150 5800 5900 135042.00 80630000
20130507 5600 5810 5600 5800 88377.00 50680000
20130506 5550 5670 5540 5620 38873.00 21810000
20130503 5410 5560 5410 5550 22907.00 12630000
20130502 5390 5420 5330 5400 12602.00 6770000
20130426 5540 5580 5360 5390 30317.00 16570000
20130425 5520 5640 5490 5530 30721.00 17110000
20130424 5410 5570 5410 5540 25328.00 13900000
20130423 5650 5650 5380 5410 42013.00 23160000
20130422 5570 5730 5540 5650 45985.00 25920000
20130419 5460 5610 5460 5560 30183.00 16770000
20130418 5420 5510 5410 5460 15243.00 8330000
20130417 5410 5480 5410 5460 16889.00 9190000
20130416 5490 5490 5300 5450 30685.00 16590000
20130415 5650 5650 5510 5560 37759.00 21070000
20130412 5490 5660 5480 5650 52279.00 29230000
20130411 5530 5580 5460 5510 19688.00 10870000
20130410 5560 5620 5450 5520 24302.00 13430000
20130409 5510 5640 5490 5580 40180.00 22310000
20130408 5390 5550 5310 5540 30902.00 16770000
20130403 5440 5510 5390 5430 23346.00 12730000
20130402 5500 5550 5420 5430 27235.00 14890000
20130401 5410 5590 5390 5510 37095.00 20450000
20130329 5440 5680 5350 5430 57079.00 31260000
20130328 5410 5410 5260 5260 21244.00 11280000
20130327 5350 5420 5320 5410 21483.00 11550000
20130326 5370 5430 5250 5350 26630.00 14180000
20130325 5440 5450 5370 5420 16612.00 8970000
20130322 5360 5410 5330 5410 22326.00 12030000
20130321 5350 5420 5330 5360 26082.00 14020000
20130320 5230 5380 5230 5370 27020.00 14370000
20130319 5240 5280 5100 5240 27630.00 14360000
20130318 5430 5480 5250 5250 47212.00 25190000
20130315 5520 5550 5410 5470 36697.00 20120000
20130314 5490 5570 5470 5530 21022.00 11580000
20130313 5540 5540 5430 5470 30109.00 16490000
20130312 5720 5730 5470 5540 54441.00 30420000
20130311 5800 5800 5680 5720 54677.00 31300000
20130308 5650 5810 5620 5790 101133.00 58060000
20130307 5660 5750 5550 5630 51663.00 29200000
20130306 5560 5730 5530 5690 60483.00 34180000
20130305 5430 5560 5420 5550 33032.00 18150000
20130304 5610 5650 5360 5430 49984.00 27570000
20130301 5620 5690 5580 5660 39547.00 22300000
20130228 5520 5650 5510 5650 41826.00 23420000
20130227 5460 5550 5460 5500 33183.00 18240000
20130226 5580 5700 5490 5490 45854.00 25710000
20130225 5490 5850 5480 5650 61803.00 34860000
20130222 5530 5570 5480 5490 29268.00 16160000
20130221 5620 5670 5490 5550 49437.00 27530000
20130220 5550 5670 5540 5670 43124.00 24230000
20130219 5640 5670 5530 5560 35831.00 19980000
20130218 5620 5660 5570 5640 37624.00 21180000
20130208 5500 5650 5500 5590 36520.00 20410000
20130207 5470 5530 5410 5520 29310.00 16030000
20130206 5450 5510 5450 5470 21235.00 11630000
20130205 5410 5480 5350 5450 38027.00 20580000
20130204 5520 5600 5450 5470 44753.00 24690000
20130201 5510 5560 5470 5520 40666.00 22450000
20130131 5450 5580 5410 5510 47804.00 26270000
20130130 5470 5470 5370 5430 32386.00 17560000
20130129 5440 5480 5400 5460 35737.00 19440000
20130128 5290 5440 5260 5430 36628.00 19630000
20130125 5240 5340 5210 5270 32612.00 17140000
20130124 5480 5590 5240 5290 73076.00 39480000
20130123 5480 5560 5380 5480 48832.00 26710000
20130122 5650 5730 5490 5520 76956.00 43190000
20130121 5590 5790 5520 5690 78686.00 44570000
20130118 5480 5620 5450 5600 68507.00 38140000
20130117 5610 5620 5440 5490 56495.00 31080000
20130116 5580 5700 5490 5610 81344.00 45390000
20130115 5430 5800 5430 5610 145956.00 82000000
20130114 5230 5530 5220 5450 75791.00 40720000
20130111 5550 5580 5250 5260 74795.00 40370000
20130110 5390 5510 5350 5500 75368.00 41060000
20130109 5380 5470 5320 5390 76952.00 41580000
20130108 5330 5440 5240 5420 79614.00 42630000
20130107 5240 5330 5210 5320 52627.00 27830000
20130104 5320 5350 5210 5250 46245.00 24350000
20121231 5250 5380 5220 5300 61796.00 32740000
20121228 5220 5260 5180 5250 46828.00 24490000
20121227 5330 5370 5210 5220 62789.00 33120000
20121226 5260 5350 5220 5340 95093.00 50200000
20121225 5170 5310 5150 5270 77179.00 40590000
20121224 5170 5270 5110 5170 55865.00 28990000
20121221 5250 5320 5190 5200 42256.00 22100000
20121220 5290 5320 5200 5280 47397.00 24900000
20121219 5260 5370 5210 5320 76884.00 40940000
20121218 5190 5370 5120 5280 131269.00 69290000
20121217 5120 5300 5080 5220 102584.00 53030000
20121214 4940 5200 4920 5110 111253.00 56740000
20121213 5000 5050 4920 4930 35379.00 17630000
20121212 4980 5170 4960 5060 53822.00 27110000
20121211 5000 5070 4960 4980 60141.00 30170000
20121210 5000 5130 4900 5080 117882.00 59120000
20121207 4870 5090 4830 5060 112749.00 56220000
20121206 5000 5030 4850 4920 91752.00 45070000
20121205 4530 4980 4530 4980 99474.00 48360000
20121204 4400 4550 4400 4530 19738.00 8850000
20121203 4670 4680 4410 4440 36370.00 16620000
20121130 4610 4840 4610 4740 22028.00 10410000
20121129 4600 4850 4570 4640 20409.00 9610000
20121128 4850 4850 4600 4610 19925.00 9290000
20121127 5050 5050 4860 4860 20375.00 10060000
20121126 5150 5200 5020 5040 11971.00 6080000
20121123 5180 5180 5120 5160 11767.00 6050000
20121122 5200 5230 5110 5170 20363.00 10490000
20121121 5090 5340 5060 5250 40746.00 21160000
20121120 5100 5120 5040 5040 7661.00 3880000
20121119 5010 5100 4930 5070 9701.00 4870000
20121116 4970 5040 4950 5000 11761.00 5880000
20121115 5070 5160 4980 4990 15173.00 7680000
20121114 5100 5140 5060 5120 11726.00 5970000
20121113 5250 5250 5100 5110 13683.00 7040000
20121112 5210 5250 5190 5250 11299.00 5890000
20121109 5130 5210 5130 5190 15709.00 8110000
20121108 5290 5290 5130 5130 25494.00 13260000
20121107 5300 5370 5280 5330 14849.00 7910000
20121106 5400 5430 5250 5320 22316.00 11830000
20121105 5400 5460 5370 5420 17671.00 9560000
20121102 5420 5460 5370 5410 22397.00 12100000
20121101 5300 5490 5300 5420 30365.00 16440000
20121031 5250 5370 5250 5340 13960.00 7410000
20121030 5220 5350 5220 5280 11794.00 6240000
20121029 5250 5320 5200 5240 14901.00 7850000
20121026 5520 5520 5250 5280 36434.00 19480000
20121025 5580 5630 5520 5530 25101.00 13970000
20121024 5510 5650 5500 5570 26151.00 14600000
20121023 5620 5740 5560 5580 39496.00 22340000
20121022 5600 5690 5550 5670 30379.00 17040000
20121019 5670 5860 5640 5690 56234.00 32360000
20121018 5610 5730 5550 5680 54181.00 30710000
20121017 5540 5700 5500 5630 52376.00 29390000
20121016 5410 5580 5410 5560 38068.00 21030000
20121015 5540 5540 5340 5460 29637.00 16070000
20121012 5580 5680 5450 5540 42144.00 23440000
20121011 5730 5780 5560 5610 69914.00 39730000
20121010 5630 5820 5550 5820 115209.00 65770000
20121009 5510 5770 5500 5680 98912.00 56020000
20121008 5590 5600 5450 5500 70812.00 38890000
20120928 5580 5720 5460 5600 141883.00 79060000
20120927 5120 5630 5120 5630 162963.00 90870000
20120926 5210 5300 5100 5120 30642.00 15910000
20120925 5310 5410 5260 5270 44169.00 23470000
20120924 5210 5530 5150 5400 68576.00 36910000
20120921 5410 5460 5250 5270 93900.00 50260000
20120920 5930 5940 5650 5660 57740.00 33410000
20120919 5950 6030 5860 5980 45743.00 27210000
20120918 5990 6080 5810 5930 57223.00 34080000
20120917 6150 6200 6010 6010 72464.00 44050000
20120914 6260 6450 6100 6280 119183.00 74930000
20120913 6480 6480 6210 6230 161194.00 102160000
20120912 6550 6660 6320 6640 257456.00 167580000
20120911 6650 6730 6270 6330 263861.00 171290000
20120910 6610 6610 6610 6610 88944.00 58790000
20120907 5510 6010 5400 6010 77203.00 44650000
20120906 5310 5590 5310 5460 48153.00 26370000
20120905 5220 5340 5200 5300 17204.00 9070000
20120904 5310 5370 5250 5260 15029.00 7970000
20120903 5200 5340 5130 5340 18938.00 10000000
20120831 5260 5280 5140 5240 17082.00 8900000
20120830 5400 5450 5150 5260 27813.00 14730000
20120829 5380 5450 5290 5400 21348.00 11490000
20120828 5260 5380 5210 5350 15404.00 8180000
20120827 5310 5390 5200 5250 21036.00 11120000
20120824 5500 5680 5390 5400 40782.00 22540000
20120823 5360 5600 5330 5540 49677.00 27340000
20120822 5390 5480 5330 5370 22796.00 12290000
20120821 5270 5450 5240 5390 37969.00 20380000
20120820 5340 5340 5190 5290 22159.00 11640000
20120817 5360 5480 5270 5350 40238.00 21620000
20120816 5250 5720 5220 5500 73346.00 40380000
20120815 5330 5340 5250 5250 12613.00 6660000
20120814 5240 5360 5130 5330 24038.00 12630000
20120813 5390 5390 5230 5250 18185.00 9660000
20120810 5450 5450 5340 5410 22497.00 12120000
20120809 5360 5470 5270 5440 37650.00 20230000
20120808 5360 5500 5310 5400 34373.00 18590000
20120807 5290 5380 5270 5360 30733.00 16350000
20120806 5120 5320 5080 5290 31379.00 16370000
20120803 5050 5140 5010 5140 16946.00 8610000
20120802 5050 5090 4980 5020 13982.00 7030000
20120801 4970 5200 4970 5090 20424.00 10430000
20120731 5180 5180 4920 4960 18582.00 9270000
20120730 5340 5390 5110 5130 19356.00 10140000
20120727 5350 5400 5220 5300 11177.00 5910000
20120726 5280 5440 5260 5290 26117.00 14020000
20120725 5360 5370 5250 5280 15865.00 8430000
20120724 5250 5400 5250 5350 20521.00 10920000
20120723 5280 5370 5200 5280 16727.00 8830000
20120720 5400 5480 5300 5300 22142.00 11940000
20120719 5290 5550 5270 5430 45527.00 24800000
20120718 5300 5350 5180 5320 24685.00 12980000
20120717 5150 5460 5080 5340 60057.00 31810000
20120716 5740 5740 5160 5160 63899.00 34110000
20120713 5770 5850 5720 5730 22278.00 12870000
20120712 5770 5890 5640 5830 38373.00 22120000
20120711 5680 5880 5610 5820 38851.00 22410000
20120710 5680 5730 5560 5650 19734.00 11120000
20120709 5800 5850 5630 5630 23849.00 13650000
20120706 5710 5890 5660 5860 27246.00 15760000
20120705 5880 5880 5680 5700 30524.00 17530000
20120704 6060 6100 5890 5900 38709.00 23180000
20120703 6120 6200 6030 6060 43234.00 26510000
20120702 6220 6240 6120 6160 39396.00 24330000
20120629 6010 6200 5950 6200 47100.00 28780000
20120628 6090 6140 5970 6100 52129.00 31650000
20120627 6100 6180 6040 6060 38466.00 23470000
20120626 6030 6190 5970 6130 44707.00 27290000
20120625 6060 6150 6010 6070 37011.00 22470000
20120621 6190 6240 6030 6050 44911.00 27430000
20120620 6330 6390 6190 6240 48719.00 30700000
20120619 6300 6390 6190 6320 58956.00 37040000
20120618 6290 6360 6270 6320 59075.00 37250000
20120615 6450 6520 6170 6260 92646.00 58650000
20120614 6720 6800 6450 6450 95710.00 63470000
20120613 6610 6780 6440 6780 125498.00 83110000
20120612 6560 6840 6530 6650 138141.00 92630000
20120611 6460 6660 6400 6620 79206.00 51950000
20120608 6600 6670 6410 6450 99105.00 65140000
20120607 6800 6900 6550 6560 125720.00 84940000
20120606 6780 6880 6650 6720 95929.00 64880000
20120605 6990 7010 6690 6760 143236.00 97520000
20120604 6990 7070 6860 7010 143175.00 99560000
20120601 7150 7200 6980 7050 162717.00 114990000
20120531 7350 7350 7060 7120 268133.00 192900000
20120530 7070 7450 6980 7380 354159.00 255630000
20120529 6320 6890 6280 6890 313905.00 212620000
20120528 5610 6260 5560 6260 88505.00 53250000
20120525 5860 5910 5600 5690 57532.00 33150000
20120524 5830 6020 5750 5960 69601.00 40950000
20120522 6300 6300 6080 6120 43559.00 26830000
20120521 6550 6550 6330 6330 10462.00 6700000
20120518 10930 10950 10550 10580 7552.00 8080000
20120517 10650 10970 10610 10940 10403.00 11230000
20120516 10600 10850 10600 10670 15847.00 17000000
20120514 11160 11280 11020 11100 8714.00 9730000
20120511 11290 11290 11090 11090 6495.00 7260000
20120510 11070 11290 11070 11160 8542.00 9540000
20120509 11200 11360 11040 11060 12621.00 14120000
20120507 11230 11390 11130 11380 14410.00 16250000
20120504 11360 11360 11090 11250 13251.00 14850000
20120503 11050 11370 11050 11310 18902.00 21230000
20120502 11040 11180 10930 11050 7909.00 8720000
20120427 10920 11090 10870 10870 6190.00 6790000
20120426 10960 11090 10910 11000 10701.00 11780000
20120425 10720 11000 10620 10980 11530.00 12480000
20120424 10820 10960 10420 10800 11885.00 12720000
20120423 11140 11200 10830 10830 14143.00 15580000
20120420 11000 11220 10920 11140 18230.00 20280000
20120419 11030 11140 10900 10930 13376.00 14730000
20120418 10690 11040 10690 11020 18300.00 19960000
20120417 10960 11200 10660 10670 25230.00 27490000
20120416 10410 10840 10320 10700 17085.00 18220000
20120413 10370 10480 10340 10470 12898.00 13430000
20120412 10150 10400 10120 10350 13355.00 13700000
20120411 9980 10270 9900 10150 13111.00 13270000
20120410 9920 10110 9710 10080 9559.00 9480000
20120409 10060 10240 9940 9980 7728.00 7790000
20120406 10070 10190 10010 10090 9999.00 10090000
20120405 9770 10130 9700 10070 12043.00 12050000
20120330 9900 10070 9620 9770 15895.00 15630000
20120329 10300 10300 9800 9940 27226.00 27300000
20120328 11300 11330 10300 10460 44659.00 49250000
20120327 10820 11450 10750 11430 50751.00 56760000
20120326 10920 11060 10610 10720 9142.00 9840000
20120323 11010 11270 10830 10980 22742.00 25130000
20120322 10800 11200 10760 11140 30598.00 33880000
20120321 10750 10850 10550 10830 11118.00 11930000
20120320 10960 11000 10550 10620 18455.00 19870000
20120319 10550 11200 10480 11070 24998.00 27160000
20120316 10380 10580 10350 10570 12332.00 12910000
20120315 10660 10710 10280 10340 21386.00 22310000
20120314 11330 11390 10590 10660 40749.00 45330000
20120313 11170 11320 11090 11310 28797.00 32200000
20120312 11110 11280 11020 11180 14992.00 16710000
20120309 10880 11100 10830 11090 17117.00 18760000
20120308 10700 10870 10660 10850 12544.00 13540000
20120307 10770 10860 10570 10650 22142.00 23650000
20120306 11190 11210 10760 10830 26214.00 28420000
20120305 11170 11250 11060 11110 8091.00 9000000
20120302 10880 11190 10850 11100 9217.00 10190000
20120301 10670 10980 10660 10830 5576.00 6060000
20120229 10930 11040 10770 10770 9185.00 10000000
20120228 11190 11230 10900 11060 14129.00 15570000
20120227 11160 11360 11160 11190 15392.00 17310000
20120224 11100 11190 11010 11160 16283.00 18060000
20120223 10990 11420 10970 11130 27986.00 31320000
20120222 10620 11000 10610 10970 17047.00 18480000
20120221 10500 10660 10350 10650 7253.00 7610000
20120220 10800 10850 10500 10500 11917.00 12690000
20120217 10750 10790 10580 10680 8574.00 9140000
20120216 10670 10840 10540 10710 9199 9827000
20120215 10480 10720 10450 10700 7972 8473000
20120214 10510 10580 10380 10500 8985 9402000
20120213 10240 10730 10110 10510 13447 14089000
20120210 10210 10380 10170 10240 8989 9229000
20120209 10150 10390 10110 10220 12261 12619000
20120208 9890 10200 9820 10170 10634 10718000
20120207 10040 10040 9800 9880 9298 9206000
20120206 9900 10070 9810 10070 13659 13636000
20120203 9640 9900 9480 9870 14573 14181000
20120202 9440 9670 9440 9650 5663 5428000
20120201 9470 9640 9430 9490 3826 3653000
20120131 9680 9680 9470 9470 5803 5522000
20120130 9720 9790 9560 9650 3300 3202000
20120120 9670 9750 9600 9640 6776 6560000
20120119 9580 9750 9480 9610 3492 3364000
20120118 9730 9990 9550 9560 6797 6658000
20120117 9350 9870 9210 9780 8196 7827000
20120116 9520 9650 9180 9290 6269 5863000
20120113 10210 10210 9650 9700 4993 4916000
20120112 10190 10280 10060 10210 5254 5333000
20120111 10450 10450 10060 10170 6505 6637000
20120110 9670 10190 9610 10180 8328 8290000
20120109 9350 9770 9220 9750 10221 9724000
20120106 9320 9380 9030 9350 3104 2867000
20120105 9790 9790 9280 9300 5982 5686000
20120104 10320 10410 9810 9860 7912 8030000
20111230 10250 10420 10190 10300 3627 3746000
20111229 10090 10260 10020 10170 4556 4631000
20111228 10450 10500 9950 10190 7123 7252000
20111227 10720 10760 10450 10630 4988 5270000
20111226 10750 10950 10710 10800 2414 2613000
20111223 10860 11050 10610 10850 2853 3108000
20111222 11430 11430 10420 10840 7598 8300000
20111221 12180 12220 11500 11510 13067 15577000
20111220 11800 12390 11800 12230 14265 17189000
20111219 12200 12230 12010 12180 3249 3943000
20111216 12030 12250 12000 12230 3170 3845000
20111215 12180 12280 12030 12030 2989 3633000
20111214 12200 12380 12030 12150 2211 2690000
20111213 12680 12770 12020 12200 3685 4606000
20111212 12800 12880 12700 12700 2906 3711000
20111209 12900 13040 12820 12820 3294 4247000
20111208 13080 13280 12820 13050 4425 5751000
20111207 13340 13350 13080 13150 3875 5101000
20111206 13190 13350 13040 13220 3072 4047000
20111205 13420 13460 13170 13190 4435 5893000
20111202 13880 13880 13400 13430 6634 8976000
20111201 14110 14300 13910 13920 11016 15540000
20111130 14900 14950 13520 13800 17105 24391000
20111129 15000 15060 14710 14910 12752 18974000
20111128 15150 15150 14810 14880 18435 27574000
20111125 14820 15280 14630 15230 47099 70661000
20111124 14450 15190 14350 14920 22268 33050000
20111123 14240 14590 14200 14590 4478 6455000
20111122 14210 14400 14200 14310 3210 4585000
20111121 14270 14320 14130 14310 3130 4462000
20111118 14480 14780 14280 14290 6859 9951000
20111117 14610 14740 14410 14570 6268 9132000
20111116 14980 15050 14560 14610 12134 17814000
20111115 14830 15200 14670 15050 17308 25932000
20111114 14720 14830 14630 14770 8569 12621000
20111111 14320 14610 14320 14570 7504 10884000
20111110 14230 14560 14230 14420 7680 11088000
20111109 14300 14450 14190 14430 4976 7127000
20111108 14430 14550 14210 14210 4541 6530000
20111107 14350 14540 14350 14480 4695 6782000
20111104 14480 14550 14310 14470 6612 9534000
20111103 14440 14610 14300 14460 13580 19699000
20111102 13990 14500 13860 14380 9522 13478000
20111101 14050 14210 13960 14120 5084 7153000
20111031 14150 14340 14020 14180 6834 9701000
20111028 14050 14210 13950 14170 8622 12139000
20111027 14080 14090 13880 13990 3549 4956000
20111026 13880 14200 13750 13990 6878 9595000
20111025 13630 13950 13500 13910 4187 5788000
20111024 13450 13670 13170 13660 3598 4830000
20111021 13730 13820 13400 13420 3091 4199000
20111020 14150 14210 13680 13790 5141 7119000
20111019 14570 14660 14110 14290 5267 7512000
20111018 14600 14920 14330 14570 13365 19651000
20111017 14400 14480 14290 14480 2939 4235000
20111014 14410 14450 14230 14350 2561 3673000
20111013 14400 14600 14300 14500 4833 6995000
20111012 13760 14440 13610 14360 5093 7226000
20111011 14200 14350 13740 13860 2496 3494000
20111010 13650 14000 13650 13830 1237 1706000
20110930 14200 14290 13740 13740 3062 4245000
20110929 14300 14400 13870 13930 4036 5698000
20110928 14610 14710 14380 14420 2495 3627000
20110927 14470 14650 14460 14580 2269 3301000
20110926 14480 14740 14400 14440 2210 3205000
20110923 14400 14600 14310 14510 4547 6563000
20110922 14790 15020 14580 14580 9532 14195000
20110921 14400 14910 14400 14850 5951 8765000
20110920 14420 14600 14310 14470 2543 3674000
20110919 14610 14720 14430 14460 2482 3609000
20110916 14810 14890 14690 14740 2859 4222000
20110915 14800 14870 14610 14710 4411 6513000
20110914 14630 14710 14420 14690 3319 4840000
20110913 14600 14690 14510 14580 2342 3414000
20110909 14700 14910 14700 14760 2684 3972000
20110908 15050 15120 14750 14790 4347 6503000
20110907 14790 15090 14750 15030 5655 8459000
20110906 14900 14900 14580 14700 2853 4196000
20110905 15010 15060 14690 14700 4427 6544000
20110902 15180 15180 14930 15110 4129 6204000
20110901 15020 15230 14970 15160 6433 9683000
20110831 15350 15400 15010 15010 6034 9142000
20110830 15710 15840 15310 15310 6163 9636000
20110829 15780 15860 15600 15700 5415 8503000
20110826 15680 15950 15630 15790 7504 11851000
20110825 15410 15900 15410 15790 10768 16845000
20110824 15500 15630 15410 15410 8682 13485000
20110823 15400 15450 15240 15380 9131 14006000
20110822 15200 15370 15120 15270 5609 8555000
20110819 14750 15250 14580 15230 11012 16531000
20110818 15450 15500 14900 14990 12436 18833000
20110817 15390 15540 15360 15410 3447 5323000
20110816 15610 15690 15420 15440 5348 8298000
20110815 15240 15560 15160 15540 7485 11549000
20110812 15350 15550 15240 15240 9000 13826000
20110811 14970 15290 14740 15290 8870 13369000
20110810 15100 15360 15010 15150 5613 8529000
20110809 14950 15140 14400 14880 5450 8035000
20110808 15790 15970 15060 15180 6267 9639000
20110805 16000 16260 15880 16020 4625 7436000
20110804 16470 16610 16390 16490 3852 6356000
20110803 16250 16550 16200 16390 4263 7000000
20110802 16100 16360 15930 16360 3134 5054000
20110801 15990 16280 15630 16170 3168 5097000
20110729 16390 16520 15980 15990 4557 7368000
20110728 16420 16500 16239 16440 3126 5117000
20110727 16219 16530 16030 16520 4179 6834000
20110726 16400 16400 16020 16300 3027 4919000
20110725 16730 17060 16170 16250 7764 12908000
20110722 16710 16920 16610 16730 3030 5083000
20110721 17080 17180 16690 16700 3908 6581000
20110720 16900 17180 16800 17080 4560 7738000
20110719 17110 17240 16910 16950 5477 9323000
20110718 17310 17500 17200 17240 8347 14469000
20110715 17400 17770 17400 17500 11778 20762000
20110714 17490 17500 17240 17420 6519 11320000
20110713 17200 17400 17100 17380 7684 13287000
20110712 17300 17300 17060 17150 8892 15222000
20110711 16850 17530 16760 17460 17277 29887000
20110708 16870 16950 16700 16850 6533 10997000
20110707 16750 17240 16750 16910 14269 24302000
20110706 16700 16890 16580 16840 11943 20051000
20110705 16850 16970 16580 16700 10176 16971000
20110704 16280 16780 16280 16730 11780 19533000
20110701 16079 16430 16079 16280 6058 9880000
20110630 15930 16219 15930 16129 7018 11312000
20110629 16480 16490 15990 15990 6207 10058000
20110628 16430 16500 16110 16379 6934 11305000
20110627 16440 16650 16300 16520 10045 16525000
20110624 16140 16680 16090 16420 18565 30597000
20110623 16000 16239 15780 16140 13223 21187000
20110622 15470 16590 15230 16280 17459 27886000
20110621 15080 15330 15080 15280 2713 4128000
20110620 15180 15300 15070 15080 3845 5831000
20110617 15440 15690 15200 15230 4891 7551000
20110616 15580 16000 15150 15700 13683 21297000
20110615 15620 15890 15600 15600 2603 4094000
20110614 15450 15870 15330 15720 2979 4669000
20110613 15400 15490 15210 15410 2574 3944000
20110610 15700 15950 15220 15510 3971 6161000
20110609 16200 16200 15680 15680 3473 5529000
20110608 16290 16290 15920 16200 3840 6166000
20110607 16180 16350 16100 16280 2363 3838000
20110603 15840 16270 15840 16180 3510 5677000
20110602 16000 16120 15700 15850 3757 5972000
20110601 16110 16329 16110 16329 3996 6500000
20110531 15940 16280 15900 16250 3661 5898000
20110530 16000 16210 15610 15950 4194 6677000
20110527 16300 16450 15930 15960 5902 9510000
20110526 16480 16800 16400 16450 7098 11759000
20110525 16800 16950 16420 16450 5933 9862000
20110524 17080 17140 16480 16950 8433 14137000
20110523 17680 17780 17070 17080 7728 13407000
20110520 18110 18280 17700 17710 9611 17208000
20110519 18780 18950 18130 18180 20864 38992000
20110518 18500 19000 18180 18900 31854 59230000
20110517 17710 18740 17590 18670 28570 52310000
20110516 17540 17730 17420 17710 5346 9403000
20110513 17280 17560 17240 17540 4575 7952000
20110512 17610 17750 17210 17280 5964 10447000
20110511 17490 17960 17360 17760 7576 13381000
20110510 17340 17470 17260 17450 3603 6264000
20110509 17250 17440 17250 17340 5006 8679000
20110506 17200 17280 17060 17220 4918 8453000
20110505 17210 17380 17100 17230 4942 8516000
20110504 17600 17610 17180 17200 6269 10877000
20110503 17800 17800 17480 17760 4951 8710000
20110429 17490 17690 17400 17650 2606 4575000
20110428 18090 18250 17370 17400 6589 11683000
20110427 18450 18450 17910 18000 6078 11034000
20110426 18500 18580 18210 18290 6894 12635000
20110425 18780 18780 18240 18380 5666 10424000
20110422 19100 19100 18600 18670 6567 12340000
20110421 18980 19120 18890 19050 6230 11845000
20110420 18510 19250 18510 19070 10119 19124000
20110419 18730 18730 18360 18520 9068 16763000
20110418 19050 19050 18580 18750 13740 25854000
20110415 19300 19330 19010 19110 10778 20653000
20110414 19530 19550 19290 19330 9001 17430000
20110413 19310 19530 19190 19520 7642 14838000
20110412 19180 19380 19120 19300 7108 13698000
20110411 19370 19620 19200 19280 12017 23260000
20110408 19400 19580 18900 19430 10290 19951000
20110407 19130 19390 19120 19350 8126 15683000
20110406 19640 19840 19010 19110 16990 32742000
20110401 19560 19780 19520 19650 10412 20440000
20110331 20260 20400 19510 19520 17691 35240000
20110330 20460 20810 20210 20480 17569 35912000
20110329 21220 21290 20430 20450 36212 75537000
20110328 20800 22800 20660 21560 86926 187036000
20110325 20500 20880 20360 20840 54752 113006000
20110324 19910 20750 19660 20700 52499 106912000
20110323 19600 19940 19410 19910 16872 33370000
20110322 19500 19650 19150 19640 14662 28457000
20110318 19540 19680 19370 19600 9399 18307000
20110317 19620 19620 19360 19370 10997 21398000
20110316 19420 19820 19420 19810 14061 27605000
20110315 19940 19940 19160 19400 18660 36252000
20110314 19810 20050 19730 20020 21998 43606000
20110311 19990 20090 19800 19820 19704 39278000
20110310 20330 20520 20010 20030 17451 35347000
20110309 20550 20590 20290 20330 12095 24626000
20110308 20320 20670 20210 20550 15358 31505000
20110307 20330 20460 20160 20330 12629 25663000
20110304 20030 20450 19920 20290 9502 19162000
20110303 20770 20870 20040 20040 24354 49986000
20110302 19900 21000 19630 20760 29580 59846000
20110301 20270 20270 19940 19990 13091 26293000
20110228 19870 20280 19780 20270 14745 29569000
20110225 19860 20050 19680 19820 9337 18532000
20110224 20200 20300 19710 19910 12158 24335000
20110223 20380 20400 20000 20200 11096 22385000
20110222 20420 20560 19960 20370 22344 45424000
20110221 19950 20390 19810 20390 11806 23852000
20110218 20340 20580 20000 20070 13606 27560000
20110217 20500 20890 20250 20400 18424 37794000
20110216 19500 20590 19450 20550 26380 53128000
20110215 19700 19830 19480 19550 14753 29023000
20110214 19560 19890 19550 19700 12460 24510000
20110211 19380 19760 19300 19560 13188 25787000
20110210 18670 19440 18670 19380 11427 21916000
20110209 18140 19200 18140 18830 6110 11521000
20110201 19120 19280 18960 19100 6983 13344000
20110131 18850 19480 18830 19260 11285 21680000
20110128 19020 19130 18770 19000 9513 18018000
20110127 18900 19300 18760 19090 12510 23856000
20110126 18820 19360 18780 19110 14112 26905000
20110125 18470 19000 18010 19000 14873 27711000
20110124 18300 18800 18180 18460 9581 17737000
20110121 17980 18420 17910 18180 7734 14084000
20110120 18660 18800 18090 18110 7873 14461000
20110119 18420 18870 18380 18810 8173 15312000
20110118 18210 18500 18150 18420 5909 10855000
20110117 19140 19140 18090 18350 11932 22151000
20110114 20020 20020 19150 19300 15273 29737000
20110113 20250 20340 20060 20080 7452 15000000
20110112 20250 20390 20030 20250 9521 19201000
20110111 20900 21000 20010 20210 16031 32571000
20110110 20830 21130 20680 20960 12895 27004000
20110107 20670 21090 20670 20830 12721 26584000
20110106 21280 21350 20800 20850 16606 34865000
20110105 21300 21490 21150 21280 14725 31363000
20110104 21280 21420 20980 21350 19003 40338000
20101231 21030 21190 20870 21150 16358 34387000
20101230 21230 21300 20900 21010 13819 29110000
20101229 20900 21300 20740 21290 14295 30113000
20101228 20800 21150 20700 20900 18187 38064000
20101227 21550 21850 20850 20850 21010 45066000
20101224 21810 22000 21280 21470 19930 42975000
20101223 22650 22810 21890 21900 30911 68865000
20101222 23300 23430 22680 22770 37297 85409000
20101221 23300 23560 23010 23280 41441 96222000
20101220 23260 23940 22580 23490 70593 164532000
20101217 22720 23480 22520 23200 51162 117836000
20101216 22780 23180 22410 22700 59122 134233000
20101215 22850 24200 22700 22930 104975 245154000
20101214 21990 23280 21830 23150 106590 240299000
20101213 21800 22830 21120 22380 115677 254588000
20101210 21800 23490 21770 22200 221913 505249000
