20180223 16130 16580 16010 16220 83100 134753767 3.53 0.98 0.43 51877 31223 1.66 1.04
20180222 15570 16300 15250 16150 94320 150041901 6.80 1.15 4.67 40137 54183 0.74 1.18
20180214 15290 15470 14980 15430 58290 89094909 3.21 0.56 1.11 26084 32206 0.81 0.73
20180213 14780 15490 14780 15260 71150 108416015 4.81 0.56 3.46 35929 35222 1.02 0.89
20180212 14450 15100 14300 14750 97359 142790519 5.59 0.75 3.15 45487 51871 0.88 1.22
20180209 14760 15260 14080 14300 102388 149987958 7.64 0.75 -7.38 61138 41250 1.48 1.28
20180208 15100 15780 15000 15440 82567 128291774 5.10 0.59 1.05 37452 45115 0.83 1.03
20180207 15780 16120 14310 15280 168034 258918236 11.59 1.29 -2.18 91926 76108 1.21 2.10
20180206 16900 16900 15620 15620 182627 292200864 7.38 1.62 -9.97 113473 69153 1.64 2.28
20180205 16980 17490 16900 17350 109882 189336887 3.38 0.88 -0.57 64071 45810 1.40 1.37
20180202 17020 17490 16510 17450 136735 234308213 5.69 1.13 1.39 74430 62305 1.19 1.71
20180201 18200 18200 17150 17210 102739 180805398 5.83 0.81 -4.44 63386 39353 1.61 1.28
20180131 18100 18360 17300 18010 120348 215191700 5.82 0.87 -1.04 69211 51138 1.35 1.50
20180130 18360 18370 17960 18200 94371 171334040 2.25 0.67 0.00 45540 48830 0.93 1.18
20180129 18600 18980 17730 18200 173033 315310384 6.69 1.28 -2.62 95497 77536 1.23 2.16
20180126 18800 19000 18400 18690 112667 210372522 3.16 0.75 -1.48 64208 48458 1.33 1.41
20180125 19300 19930 18880 18970 135149 260465785 5.41 0.88 -2.22 84751 50398 1.68 1.69
20180124 19000 19980 18910 19400 172500 337274752 5.59 1.13 1.41 82603 89897 0.92 2.15
20180123 19010 19240 18720 19130 109459 207582451 2.72 0.67 0.21 65441 44018 1.49 1.37
20180122 19230 19260 18400 19090 144331 271939024 4.47 0.87 -0.83 88903 55428 1.60 1.80
20180119 20070 20320 18900 19250 191823 373692544 7.25 1.26 -1.69 106450 85373 1.25 2.39
20180118 17730 19580 17730 19580 150485 282172624 10.39 1.05 10.00 59105 91380 0.65 1.88
20180117 19120 19120 17600 17800 166693 298456624 7.95 1.15 -6.86 103429 63264 1.63 2.08
20180116 19010 19410 18620 19110 161503 306293920 4.16 1.13 0.74 97577 63926 1.53 2.02
20180115 18560 19200 18210 18970 158226 298039264 5.39 1.09 3.27 65879 92347 0.71 1.97
20180112 18630 19290 18200 18370 122871 232072427 5.86 0.82 -1.29 67656 55215 1.23 1.53
20180111 18550 18780 18210 18610 105833 195980889 3.07 0.60 0.32 52039 53794 0.97 1.32
20180110 19100 19560 18510 18550 176926 335741344 5.54 0.97 -2.21 103071 73855 1.40 2.21
20180109 18990 19490 18460 18970 148569 280236208 5.42 0.79 -0.21 80374 68196 1.18 1.85
20180108 18290 19470 18150 19010 171817 325966592 7.22 0.98 3.94 76035 95782 0.79 2.14
20180105 18420 18590 18000 18290 146866 268428480 3.20 1.19 -0.92 70876 75990 0.93 1.83
20180104 17700 18970 17680 18460 243067 443924048 7.30 1.55 4.47 97035 146032 0.66 3.03
20180103 17350 18140 17330 17670 202873 359624160 4.69 1.47 2.26 85134 117740 0.72 2.53
20180102 16600 17580 16510 17280 172016 296082992 6.45 7.94 4.10 71481 100535 0.71 2.15
20171229 16610 16800 16480 16600 108262 180020061 1.92 0.69 -0.66 53544 54719 0.98 1.35
20171228 16000 16860 15950 16710 197897 327034656 5.69 1.50 4.44 68480 129416 0.53 2.47
20171227 16210 16540 16000 16000 102900 166779439 3.30 0.80 -2.32 63389 39511 1.60 1.28
20171226 16270 16420 15980 16380 110627 179671630 2.69 0.89 0.18 56999 53628 1.06 1.38
20171225 15960 16480 15840 16350 209242 339945184 4.03 2.05 2.96 97209 112033 0.87 2.61
20171222 15290 16180 15220 15880 165641 261336684 6.37 1.74 5.44 62140 103502 0.60 2.07
20171221 15000 15230 14800 15060 71029 107254894 2.87 0.63 0.53 34079 36951 0.92 0.89
20171220 15610 15710 14950 14980 90132 137487096 4.85 0.81 -4.40 62898 27234 2.31 1.12
20171219 15300 15790 15260 15670 85237 133073867 3.45 0.76 2.02 39805 45432 0.88 1.06
20171218 15600 15620 15060 15360 98240 149932052 3.56 0.86 -2.29 57742 40498 1.43 1.23
20171215 15900 16240 15580 15720 131270 208626600 4.15 1.15 -1.26 77595 53676 1.45 1.64
20171214 15800 16180 15570 15920 154855 246498991 3.86 1.47 0.76 79756 75099 1.06 1.93
20171213 15360 15860 15200 15800 90051 140507609 4.30 0.81 2.86 38282 51769 0.74 1.12
20171212 15660 15870 15350 15360 84330 131398334 3.31 0.62 -2.17 52597 31734 1.66 1.05
20171211 15650 15750 15400 15700 107463 167369578 2.23 0.73 0.00 60183 47280 1.27 1.34
20171208 15150 15750 15120 15700 131748 203578693 4.12 0.84 2.68 65623 66125 0.99 1.64
20171207 15400 15780 15190 15290 112912 175225014 3.80 0.67 -1.48 63635 49277 1.29 1.41
20171206 15190 15560 14920 15520 121906 185321407 4.15 0.57 0.58 64019 57888 1.11 1.52
20171205 15950 15980 14820 15430 209800 321085888 7.19 1.13 -4.40 133907 75894 1.76 2.62
20171204 16030 16500 15850 16140 154887 249919940 4.08 0.93 1.25 80017 74871 1.07 1.93
20171201 16050 16580 15920 15940 184834 300176688 4.06 1.34 -1.97 91045 93789 0.97 2.31
20171130 16200 16370 16000 16260 177288 287029872 2.27 1.56 -0.25 93384 83904 1.11 2.21
20171129 15200 16300 15170 16300 339369 544258288 7.62 5.56 9.99 190684 148685 1.28 4.24
20171128 14150 14830 14150 14820 75921 110308845 4.81 1.26 4.73 24578 51343 0.48 0.95
20171127 14140 14570 14100 14150 58196 83694087 3.32 0.89 -0.14 28152 30044 0.94 0.73
20171124 14210 14420 14030 14170 40297 57640797 2.78 0.56 1.00 20712 19585 1.06 0.50
20171123 14560 14620 13800 14030 52654 75484641 5.62 0.65 -3.90 37151 15504 2.40 0.66
20171122 14980 15030 14400 14600 77866 114038331 4.23 1.01 -2.01 55321 22545 2.45 0.97
20171121 14780 15090 14700 14900 71511 106584543 2.62 0.92 0.00 36669 34842 1.05 0.89
20171120 14200 14970 13800 14900 85121 124341223 8.18 1.18 4.20 35331 49790 0.71 1.06
20171117 14880 14960 14300 14300 75690 110676794 4.44 1.07 -3.90 42933 32757 1.31 0.95
20171116 14400 14980 14390 14880 94612 140196180 4.10 1.55 3.48 33233 61379 0.54 1.18
20171115 14900 14900 14320 14380 57338 83304276 3.89 0.89 -3.49 38163 19175 1.99 0.72
20171114 14580 15040 14470 14900 75778 112112669 3.91 1.26 2.12 29763 46015 0.65 0.95
20171113 14790 14790 14440 14590 56217 81964447 2.40 0.91 -0.14 31055 25162 1.23 0.70
20171110 14450 14730 14380 14610 70690 103475763 2.44 1.14 1.67 26706 43984 0.61 0.88
20171109 14390 14480 14280 14370 45928 66081320 1.40 0.74 0.63 25576 20352 1.26 0.57
20171108 14200 14600 14080 14280 72977 105063072 3.69 1.26 1.28 34514 38463 0.90 0.91
20171107 14050 14140 13840 14100 54076 75856556 2.15 0.89 1.00 26614 27463 0.97 0.68
20171106 13710 13990 13560 13960 63891 88323391 3.12 0.95 1.23 29470 34421 0.86 0.80
20171103 14380 14440 13710 13790 72589 101508205 5.08 0.98 -4.04 46403 26186 1.77 0.91
20171102 14690 14690 14320 14370 46521 67188276 2.51 0.54 -2.38 27188 19333 1.41 0.58
20171101 14660 14760 14430 14720 51504 75431871 2.26 0.61 0.96 21872 29632 0.74 0.64
20171031 14670 14800 14280 14580 68564 99595952 3.54 0.82 -0.61 38746 29817 1.30 0.86
20171030 15360 15480 14430 14670 97974 144793029 6.80 1.37 -4.99 61146 36828 1.66 1.22
20171027 15880 15890 15420 15440 106838 167113485 2.92 1.81 -4.04 71518 35320 2.02 1.34
20171026 15410 16090 15380 16090 102769 162042677 4.60 2.15 4.35 39362 63406 0.62 1.28
20171025 15430 15480 15270 15420 47092 72403164 1.37 0.89 0.39 27810 19282 1.44 0.59
20171024 15290 15530 15170 15360 64877 99739388 2.37 1.36 1.05 34849 30028 1.16 0.81
20171023 15210 15250 15110 15200 36685 55710116 0.92 0.70 -0.07 21215 15470 1.37 0.46
20171020 15140 15250 15080 15210 44393 67237681 1.12 0.86 0.53 25260 19132 1.32 0.55
20171019 15270 15450 15040 15130 45806 69597499 2.69 0.80 -0.92 24081 21725 1.11 0.57
20171018 15890 15950 15130 15270 71731 111796185 5.17 1.29 -3.66 45997 25734 1.79 0.90
20171017 16000 16180 15760 15850 40427 64567987 2.63 0.66 -0.94 21923 18504 1.18 0.51
20171016 16050 16250 16000 16000 59807 96531055 1.56 0.98 -0.37 29499 30307 0.97 0.75
20171013 15900 16140 15830 16060 39678 63657846 1.95 0.61 1.01 18118 21560 0.84 0.50
20171012 16400 16400 15850 15900 75021 120452405 3.35 1.16 -3.05 48180 26841 1.79 0.94
20171011 16230 16550 16230 16400 63583 104334568 1.96 1.02 0.31 28292 35291 0.80 0.79
20171010 16440 16440 16080 16350 70002 113705588 2.20 1.18 -0.30 42602 27400 1.55 0.88
20171009 16490 16570 16340 16400 57024 93859723 1.42 0.95 0.92 29980 27044 1.11 0.71
20170929 16150 16450 16080 16250 60846 99128360 2.30 0.77 1.12 27502 33344 0.82 0.76
20170928 16010 16240 16000 16070 70764 114303752 1.49 0.71 -0.43 33558 37207 0.90 0.88
20170927 16100 16270 16000 16140 52175 84266736 1.68 0.45 0.44 27754 24420 1.14 0.65
20170926 15910 16150 15910 16070 55660 89226915 1.51 0.44 1.39 26289 29370 0.90 0.70
20170925 16020 16250 15810 15850 59346 94945174 2.75 0.44 -1.00 39392 19954 1.97 0.74
20170922 16580 16580 15890 16010 155894 251367509 4.12 1.24 -4.30 97818 58075 1.68 1.95
20170921 17360 17600 16630 16730 173608 296641680 5.56 1.51 -4.18 117065 56543 2.07 2.17
20170920 17110 17480 17040 17460 130136 225243058 2.57 1.11 2.11 54738 75398 0.73 1.63
20170919 17180 17490 17010 17100 113682 195609830 2.78 0.90 -0.93 65876 47806 1.38 1.42
20170918 16980 17330 16830 17260 102429 175449829 2.94 0.78 1.35 45440 56988 0.80 1.28
20170915 16980 17240 16850 17030 109141 186139035 2.31 0.77 0.83 53053 56088 0.95 1.36
20170914 17110 17180 16800 16890 119283 202521342 2.22 0.75 -1.34 73265 46018 1.59 1.49
20170913 17000 17200 16770 17120 139875 237222710 2.52 0.71 0.23 81741 58134 1.41 1.75
20170912 17700 17710 17020 17080 163280 283677840 3.95 0.75 -2.34 97635 65645 1.49 2.04
20170911 17380 17700 17200 17490 127775 222409775 2.87 0.46 0.52 66588 61188 1.09 1.60
20170908 17650 17850 17130 17400 158536 275802384 4.07 0.52 -1.58 95717 62820 1.52 1.98
20170907 18100 18330 17460 17680 202365 360394624 4.84 0.72 -1.61 116597 85768 1.36 2.53
20170906 17800 18950 17800 17970 337980 616744784 6.57 1.37 2.69 175777 162204 1.08 4.22
20170901 17350 17590 17120 17500 262104 455583616 2.73 1.22 1.69 123029 139076 0.88 3.28
20170831 16980 17790 16980 17210 435499 754173840 4.84 2.99 2.93 212642 222857 0.95 5.44
20170830 16100 16880 16040 16720 284905 472926096 5.21 2.53 3.72 110320 174585 0.63 3.56
20170829 16250 16370 16080 16120 89962 145666722 1.78 0.73 -0.98 58226 31736 1.83 1.12
20170828 16000 16530 15880 16280 164224 265564341 4.08 1.53 2.26 73070 91154 0.80 2.05
20170825 15730 16060 15600 15920 95557 151497941 2.91 0.79 0.57 52885 42672 1.24 1.19
20170824 16000 16210 15820 15830 92744 148592681 2.43 0.68 -1.55 53816 38927 1.38 1.16
20170823 16420 16470 16000 16080 119494 193806059 2.87 0.72 -1.71 67561 51933 1.30 1.49
20170822 16190 16360 15910 16360 141375 227691904 2.78 0.63 0.99 73528 67848 1.08 1.77
20170821 16060 16240 16000 16200 88790 143483100 1.49 0.37 0.87 45658 43132 1.06 1.11
20170818 16390 16390 16010 16060 158736 256508722 2.29 0.68 -3.08 100317 58419 1.72 1.98
20170817 16570 16810 16340 16570 178522 295311936 2.84 0.78 0.06 98350 80172 1.23 2.23
20170816 16850 16960 16410 16560 257111 427424144 3.21 1.28 -3.50 156764 100348 1.56 3.21
20170815 15830 17190 15770 17160 432789 712086736 8.99 2.86 8.68 189327 243461 0.78 5.41
20170814 15790 16040 15540 15790 185667 294015840 3.19 1.07 0.83 108618 77049 1.41 2.32
20170811 15800 16060 15600 15660 115306 182308531 2.90 0.59 -1.32 61375 53931 1.14 1.44
20170810 16200 16200 15600 15870 149224 236984152 3.71 0.77 -1.98 91736 57488 1.60 1.87
20170809 16100 16410 16010 16190 122502 198079866 2.48 0.59 0.25 67275 55227 1.22 1.53
20170808 16010 16300 15720 16150 184659 296179856 3.60 0.82 0.12 106231 78428 1.35 2.31
20170807 16900 16900 15650 16130 293533 472725984 7.21 1.26 -6.98 166406 127126 1.31 3.67
20170804 17280 17850 17070 17340 222354 387844688 4.51 0.92 0.35 105948 116406 0.91 2.78
20170803 17010 17410 16900 17280 141755 243411001 2.97 0.46 0.58 72627 69128 1.05 1.77
20170802 17460 17750 17100 17180 196330 341737424 3.72 0.56 -1.55 109115 87215 1.25 2.45
20170801 17890 18370 17300 17450 269044 477363056 5.95 0.81 -3.00 159120 109924 1.45 3.36
20170731 17700 18310 17350 17990 338565 603761696 5.34 1.00 0.06 187396 151170 1.24 4.23
20170728 17560 18070 17150 17980 266632 469744080 5.23 0.80 2.16 131244 135388 0.97 3.33
20170727 18000 18980 17550 17600 475005 861220192 7.84 1.75 -3.56 265518 209488 1.27 5.94
20170726 16790 18500 16790 18250 408267 725911280 10.15 1.82 8.37 164422 243845 0.67 5.10
20170725 16910 17030 16400 16840 175226 293155104 3.70 0.84 -1.17 102671 72556 1.42 2.19
20170724 16290 17590 16260 17040 364091 617662288 8.13 2.12 4.22 175871 188220 0.93 4.55
20170721 15860 16650 15660 16350 247442 398892384 6.20 1.67 2.44 121618 125824 0.97 3.09
20170720 15980 16260 15750 15960 165904 264181895 3.19 1.16 -0.13 97200 68704 1.41 2.07
20170719 15210 16000 15140 15980 170664 267369891 5.63 1.32 4.65 74656 96008 0.78 2.13
20170718 14840 15310 14810 15270 98221 148150036 3.35 0.67 2.35 44957 53264 0.84 1.23
20170717 15980 15980 14410 14920 176263 267183537 9.81 1.27 -6.81 104376 71888 1.45 2.20
20170714 15600 16040 15520 16010 130610 207140395 3.33 0.94 2.43 55169 75441 0.73 1.63
20170713 15810 16070 15600 15630 137503 217678755 3.00 0.93 -0.32 82613 54890 1.51 1.72
20170712 15580 15840 15520 15680 103504 162444933 2.05 0.66 0.64 53659 49845 1.08 1.29
20170711 16110 16130 15540 15580 184754 290825616 3.64 1.26 -3.83 113801 70953 1.60 2.31
20170710 16430 16500 16020 16200 138097 223543539 2.92 0.95 -1.40 82797 55300 1.50 1.73
20170707 16160 16470 16110 16430 132199 215355296 2.20 0.96 0.49 71365 60834 1.17 1.65
20170706 16650 16960 16250 16350 182658 302907632 4.28 1.43 -1.51 103488 79170 1.31 2.28
20170705 16250 16610 16180 16600 151236 248440057 2.63 1.10 1.53 70968 80268 0.88 1.89
20170704 16480 16640 16250 16350 131086 215598022 2.37 0.86 -0.79 70326 60761 1.16 1.64
20170703 16500 16630 16150 16480 129592 211524088 2.91 0.74 -0.12 84033 45559 1.84 1.62
20170630 16620 16680 16420 16500 94835 156841643 1.56 0.51 -1.08 57141 37693 1.52 1.19
20170629 16540 16720 16310 16680 131895 217879072 2.46 0.66 0.06 81704 50190 1.63 1.65
20170628 16500 17070 16250 16670 197136 330325264 4.99 0.95 1.52 97064 100072 0.97 2.46
20170627 16130 16740 16110 16420 209356 343606448 3.87 1.09 0.74 110421 98935 1.12 2.62
20170626 15440 16800 15390 16300 241938 390080544 9.13 1.41 5.50 117705 124233 0.95 3.02
20170623 14950 15450 14770 15450 152697 229968017 4.52 0.90 2.73 72399 80298 0.90 1.91
20170622 15710 15780 15040 15040 199520 309118416 4.68 1.18 -4.93 123991 75530 1.64 2.49
20170621 15280 15920 15050 15820 234939 364088176 5.68 1.23 3.33 104997 129942 0.81 2.94
20170620 15550 15550 15230 15310 131145 201592812 2.08 0.54 -0.58 71906 59238 1.21 1.64
20170619 15400 15670 15030 15400 137049 210073298 4.16 0.50 0.13 74531 62518 1.19 1.71
20170616 15320 15520 15250 15380 141466 217385063 1.76 0.55 0.13 69047 72419 0.95 1.77
20170615 15330 15690 15190 15360 204001 313630672 3.22 0.87 -1.16 119410 84591 1.41 2.55
20170614 15250 15990 14910 15540 344608 530533584 7.10 1.88 2.10 169179 175429 0.96 4.31
20170613 14800 15770 14700 15220 397328 604400672 7.30 3.46 3.82 186996 210332 0.89 4.97
20170612 13300 14660 13180 14660 272088 386382704 11.10 3.60 9.98 132016 140072 0.94 3.40
20170609 13480 13500 13120 13330 75761 100856498 2.82 1.10 -1.11 49204 26557 1.85 0.95
20170608 13350 13540 13180 13480 88083 117713661 2.70 1.41 1.13 38954 49129 0.79 1.10
20170607 13100 13470 13070 13330 81495 108306698 3.04 1.36 1.37 38560 42935 0.90 1.02
20170606 13120 13160 12970 13150 56875 74399697 1.45 0.98 0.69 26963 29913 0.90 0.71
20170605 12810 13070 12730 13060 76053 98777701 2.66 1.36 2.19 32030 44024 0.73 0.95
20170602 12500 12840 12380 12780 40712 51434429 3.68 0.67 2.24 21111 19600 1.08 0.51
20170601 12940 12940 12480 12500 56982 72383420 3.56 0.80 -3.33 41023 15959 2.57 0.71
20170531 12780 13060 12720 12930 69360 89329215 2.69 0.95 2.21 28822 40538 0.71 0.87
20170526 12770 12850 12640 12650 47685 60793770 1.65 0.56 -0.47 27733 19952 1.39 0.60
20170525 12630 12900 12450 12710 65681 83253190 3.52 0.72 -0.70 37933 27748 1.37 0.82
20170524 12530 12880 12200 12800 64143 80740782 5.40 0.61 1.59 35240 28903 1.22 0.80
20170523 13110 13240 12520 12600 110579 141789693 5.46 0.93 -4.40 77032 33546 2.30 1.38
20170522 13450 13560 13070 13180 78590 104711235 3.64 0.65 -2.01 50947 27643 1.84 0.98
20170519 13660 13910 13300 13450 110072 149286327 4.45 0.97 -1.82 71722 38350 1.87 1.38
20170518 13720 13840 13600 13700 94167 129150348 1.73 0.83 -1.23 52171 41996 1.24 1.18
20170517 13800 13940 13630 13870 134195 184643680 2.24 1.31 0.22 71107 63088 1.13 1.68
20170516 12970 13880 12850 13840 174534 234905719 7.92 2.26 6.46 63117 111417 0.57 2.18
20170515 13280 13330 12870 13000 94674 123121208 3.47 1.35 -1.81 56765 37909 1.50 1.18
20170512 13290 13300 13090 13240 72138 95236575 1.58 1.01 -0.45 41361 30777 1.34 0.90
20170511 12770 13310 12710 13300 93813 122729481 4.64 1.47 2.86 41233 52581 0.78 1.17
20170510 13000 13210 12900 12930 75528 98884362 2.38 1.29 -0.54 34018 41510 0.82 0.94
20170509 12490 13000 12370 13000 49790 63432350 5.00 0.77 3.26 21811 27979 0.78 0.62
20170508 13060 13060 12550 12590 60628 77560616 3.89 0.87 -3.97 38922 21706 1.79 0.76
20170505 13040 13310 12980 13110 76078 100291770 2.52 1.16 0.15 38137 37941 1.01 0.95
20170504 13030 13180 12790 13090 56703 74097012 3.00 0.88 0.69 29019 27684 1.05 0.71
20170503 13080 13190 12950 13000 48807 63750621 1.83 0.73 -0.99 29367 19440 1.51 0.61
20170502 13150 13320 13050 13130 82896 109305308 2.07 1.17 0.61 44750 38146 1.17 1.04
20170428 12750 13100 12730 13050 85196 110676828 2.91 1.30 2.76 34983 50213 0.70 1.06
20170427 12540 12730 12160 12700 54389 67747498 4.52 0.80 0.63 28814 25575 1.13 0.68
20170426 12800 12810 12610 12620 49938 63459297 1.56 0.73 -1.25 31301 18637 1.68 0.62
20170425 12690 12850 12500 12780 62728 79808886 2.75 0.96 0.31 30786 31943 0.96 0.78
20170424 12660 12950 12500 12740 102848 131016385 3.61 1.74 2.17 44689 58159 0.77 1.29
20170421 12330 12550 12280 12470 58723 73109435 2.18 1.05 0.56 29658 29065 1.02 0.73
20170420 12000 12450 11910 12400 66144 81131565 4.54 1.34 4.20 25503 40640 0.63 0.83
20170419 12160 12280 11660 11900 50499 60085266 5.10 1.06 -2.14 29434 21065 1.40 0.63
20170418 12270 12350 12120 12160 48476 59299333 1.88 1.01 -0.82 24151 24324 0.99 0.61
20170417 12650 12650 12050 12260 71165 87756984 4.72 1.51 -3.46 46331 24834 1.87 0.89
20170414 12880 12920 12670 12700 43179 55043258 1.93 0.84 -1.78 32829 10350 3.17 0.54
20170413 12900 13090 12840 13050 32811 42657030 1.92 0.58 0.46 12165 20647 0.59 0.41
20170412 13000 13150 12870 12990 42784 55610378 2.14 0.71 -0.54 23003 19781 1.16 0.53
20170411 12980 13080 12820 13060 50100 64888832 2.00 0.89 0.38 27711 22389 1.24 0.63
20170410 13180 13210 12890 13010 66480 86701298 2.44 1.17 -0.76 43764 22716 1.93 0.83
20170407 13330 13380 13110 13110 63960 84560689 2.04 1.17 -1.13 43534 20427 2.13 0.80
20170406 13280 13350 13190 13260 59397 78908551 1.21 1.13 0.15 31921 27477 1.16 0.74
20170405 12930 13240 12900 13240 59531 78094736 2.65 1.12 3.36 19601 39930 0.49 0.74
20170331 12650 12860 12650 12810 30763 39340291 1.66 0.48 1.03 13835 16928 0.82 0.38
20170330 13110 13140 12650 12680 69692 89522506 3.75 0.95 -3.06 48759 20933 2.33 0.87
20170329 13220 13220 13000 13080 54618 71492279 1.67 0.64 -0.83 35476 19142 1.85 0.68
20170328 13210 13350 13110 13190 47519 62975082 1.82 0.50 -0.23 23239 24281 0.96 0.59
20170327 13380 13420 13170 13220 63854 84807168 1.88 0.58 -0.45 37907 25947 1.46 0.80
20170324 13180 13390 12990 13280 83178 109530992 3.04 0.58 1.07 37874 45304 0.84 1.04
20170323 12980 13380 12960 13140 119037 156765714 3.23 0.62 1.08 63537 55500 1.14 1.49
20170322 13100 13220 12850 13000 114111 148340166 2.79 0.63 -1.89 69149 44962 1.54 1.43
20170321 13270 13420 13190 13250 95885 127691263 1.74 0.56 0.15 94990 895 106.13 1.20
20170320 13210 13270 12960 13230 135097 176893844 2.34 0.85 -0.23 75556 59541 1.27 1.69
20170317 13720 13850 13230 13260 248566 336818544 4.53 2.03 -3.21 150094 98473 1.52 3.11
20170316 14060 14060 12990 13700 364751 498714512 8.37 5.28 7.20 206407 158344 1.30 4.56
20170315 12610 12860 12510 12780 59325 75546175 2.78 0.90 1.43 27708 31618 0.88 0.74
20170314 12500 12700 12410 12600 55253 69579018 2.32 0.88 0.96 25379 29874 0.85 0.69
20170313 12600 12600 12310 12480 68919 85549063 2.30 1.13 -0.95 43587 25332 1.72 0.86
20170310 12510 12670 12300 12600 63016 78612706 2.95 1.10 0.40 24457 38559 0.63 0.79
20170309 12850 12870 11620 12550 99030 123944179 9.68 1.83 -2.79 51454 47576 1.08 1.24
20170308 13140 13140 12850 12910 43392 56259757 2.21 0.78 -1.45 27050 16341 1.66 0.54
20170307 13000 13160 12960 13100 39199 51089782 1.54 0.66 0.69 17250 21949 0.79 0.49
20170306 12980 13190 12940 13010 60793 79343099 1.92 0.94 -0.08 36539 24255 1.51 0.76
20170303 13050 13120 12920 13020 43898 57079235 1.52 0.66 -0.84 27586 16312 1.69 0.55
20170302 13460 13460 12930 13130 83083 109018193 3.96 1.34 -2.01 52393 30690 1.71 1.04
20170301 13300 13470 13220 13400 52003 69489171 1.88 0.70 0.75 23206 28797 0.81 0.65
20170228 13090 13300 12980 13300 57377 75730327 2.45 0.71 1.84 22707 34670 0.65 0.72
20170227 13370 13470 12910 13060 87935 115128935 4.19 1.09 -2.39 52640 35295 1.49 1.10
20170224 13400 13540 13300 13380 54001 72337790 1.79 0.59 -0.37 29510 24491 1.20 0.68
20170223 13470 13750 13250 13430 58003 78042805 3.70 0.60 -0.74 32902 25101 1.31 0.73
20170222 13350 13820 13250 13530 113528 154681242 4.27 1.17 1.35 55097 58432 0.94 1.42
20170221 12900 13400 12900 13350 92013 121122249 3.87 1.08 3.25 43580 48433 0.90 1.15
20170220 12600 13100 12580 12930 87360 112069087 4.15 - 3.19 37763 49597 0.76 1.09
20170217 12950 13070 12340 12530 106351 133931254 5.62 1.51 -3.62 75639 30713 2.46 1.33
20170216 12740 13060 12530 13000 83848 107786316 4.17 1.28 2.36 37669 46179 0.82 1.05
20170215 13220 13240 12620 12700 115894 149100026 4.69 2.26 -3.86 76940 38954 1.98 1.45
20170214 13420 13470 13150 13210 32477 43078163 2.39 0.52 -1.42 22816 9661 2.36 0.41
20170213 13240 13430 13140 13400 72198 95986113 2.19 1.28 1.21 44714 27485 1.63 0.90
20170210 13330 13400 13150 13240 48692 64652951 1.87 0.92 -0.97 32753 15939 2.05 0.61
20170209 13400 13630 13320 13370 57529 77502241 2.31 1.08 -0.30 27053 30476 0.89 0.72
20170208 13320 13460 13180 13410 45896 61098898 2.08 0.89 -0.30 26959 18937 1.42 0.57
20170207 13230 13540 13150 13450 88791 118512247 2.95 2.15 1.66 37515 51275 0.73 1.11
20170206 13100 13290 13000 13230 41641 54823456 2.21 0.91 0.99 20024 21618 0.93 0.52
20170203 13190 13210 12950 13100 29516 38613790 1.97 0.58 -0.91 19428 10088 1.93 0.37
20170126 12940 13260 12830 13220 59418 77940321 3.33 0.98 2.32 22283 37135 0.60 0.74
20170125 13080 13090 12800 12920 38384 49518330 2.22 0.59 -1.00 24732 13653 1.81 0.48
20170124 13160 13280 13010 13050 37245 48784518 2.05 0.57 -0.99 25768 11478 2.24 0.47
20170123 12920 13290 12920 13180 63470 83341648 2.84 0.88 1.31 27599 35871 0.77 0.79
20170120 12760 13080 12650 13010 57476 74302769 3.32 0.80 0.46 31829 25646 1.24 0.72
20170119 13080 13340 12900 12950 105182 137873798 3.44 1.33 1.25 58649 46533 1.26 1.31
20170118 12630 12980 12470 12790 63031 80113235 4.06 0.73 1.83 31120 31911 0.98 0.79
20170117 12560 12630 12210 12560 38320 47533690 3.34 0.36 0.00 21699 16621 1.31 0.48
20170116 12150 12640 11910 12560 95904 118956358 6.01 0.80 3.37 36790 59114 0.62 1.20
20170113 12410 12640 12030 12150 55634 68818390 4.89 0.43 -2.64 33288 22346 1.49 0.70
20170112 13490 13570 12150 12480 142480 182733792 10.68 1.22 -6.17 98367 44113 2.23 1.78
20170111 13630 13670 13120 13300 102301 136753061 4.03 0.93 -2.49 70781 31519 2.25 1.28
20170110 13540 13930 13350 13640 138543 189097012 4.29 1.52 0.81 69175 69367 1.00 1.73
20170109 12900 13880 12720 13530 162621 216582487 9.06 2.43 5.70 67872 94750 0.72 2.03
20170106 12780 13350 12590 12800 107290 138425302 5.98 1.84 0.71 54062 53229 1.02 1.34
20170105 12890 12990 12610 12710 71035 90571489 2.94 1.32 -1.55 39218 31817 1.23 0.89
20170104 12240 12940 12230 12910 72751 91755919 5.81 1.45 5.56 26138 46612 0.56 0.91
20170103 12230 12440 12130 12230 40656 50057043 2.54 0.80 0.08 24263 16393 1.48 0.51
20161230 12300 12490 12130 12220 42950 52688829 2.92 0.85 -0.73 24914 18037 1.38 0.54
20161229 12630 12820 12300 12310 64602 81408486 4.09 1.35 -3.22 36801 27800 1.32 0.81
20161228 12850 13070 12610 12720 48587 62296646 3.58 0.96 -0.93 27219 21368 1.27 0.61
20161227 12570 12930 12360 12840 54408 69000236 4.53 0.97 1.99 26798 27610 0.97 0.68
20161226 12250 12590 12230 12590 42312 52540799 2.91 0.69 1.61 18407 23905 0.77 0.53
20161223 12750 12850 12220 12390 43983.28 54849453.940
20161222 12600 12820 12360 12750 49635.99 62584249.110
20161221 12280 12600 12120 12600 62295.63 77305291.130
20161220 12450 12720 11920 12280 82386.46 102048886.290
20161219 12410 12770 12410 12460 70006.34 87975122.640
20161216 12950 13080 12320 12480 118133.13 148669854.410
20161215 12970 13390 12620 12990 101476.20 132496033.410
20161214 12470 13500 12410 13000 177621.45 232436665.710
20161213 12300 12640 11860 12620 133566.58 164824516.180
20161212 12200 12780 11930 12110 168503.68 209354039.440
20161209 11660 12220 11660 12180 81287.19 97235979.330
20161208 11830 12080 11680 11790 70731.00 83984426.940
20161207 11470 11950 11410 11860 92405.63 108479485.410
20161206 11430 11720 11330 11470 52647.04 60529864.590
20161205 11190 11740 11150 11400 65577.88 75711750.770
20161202 11710 11770 11400 11400 110363.16 127925271.050
20161201 11200 11980 11150 11590 184773.84 215123324.880
20161130 11150 11240 10830 10890 65614.59 72398189.290
20161129 11280 11490 11180 11200 46990.55 53265643.820
20161128 11710 11760 11360 11360 93153.12 106938049.910
20161125 11440 11530 11020 11430 66882.25 75326609.900
20161124 11830 11980 11260 11390 108774.03 125505371.180
20161123 12000 12090 11780 11880 41067.47 48913370.430
20161122 11670 12070 11620 11980 63817.85 76099576.710
20161121 11790 12080 11600 11670 59242.57 70062639.540
20161118 11510 11940 11400 11800 69636.58 81527915.880
20161117 11480 11600 11300 11570 50712.48 58304228.600
20161116 11650 11740 11350 11370 68943.74 79187054.900
20161115 11530 11880 11530 11680 74414.48 87300720.850
20161114 11680 11770 11510 11620 61741.83 71681093.300
20161111 11650 11950 11460 11840 123446.93 144258258.670
20161110 11230 11810 11100 11750 180961.60 208754873.760
20161109 10820 11500 10820 11220 183168.72 207402411.760
20161108 10970 11050 10840 10850 43790.32 47711952.830
20161107 10880 11150 10830 10980 53730.73 58996631.120
20161104 10720 11010 10700 10990 73559.12 80114823.280
20161103 10620 10950 10600 10790 50798.07 54950505.850
20161102 10900 10950 10640 10710 46454.14 50006504.880
20161101 10990 11040 10700 10950 75993.79 82594639.670
20161031 10580 10990 10510 10990 97009.50 104237610.180
20161028 10890 11060 10580 10600 72741.46 78356595.150
20161027 11100 11100 10810 10810 51219.57 55747751.160
20161026 11000 11090 10710 11050 95695.64 104367108.980
20161025 10950 11100 10830 11060 93332.58 102567990.320
20161024 11050 11360 10920 10940 130447.89 144332629.200
20161021 11000 11160 10880 11050 144891.90 159485897.130
20161020 10330 11420 10330 11280 298828.08 331090090.720
20161019 10350 10750 10310 10380 205897.90 216832959.730
20161018 10000 10280 10000 10160 124749.43 126772273.640
20161017 9960 10130 9810 9860 82986.19 83049335.270
20161014 9870 9920 9820 9880 36576.58 36095368.700
20161013 9900 9960 9800 9870 77451.64 76388744.480
20161012 9850 9900 9740 9880 58379.72 57322168.310
20161011 9690 9890 9690 9850 70557.46 69141006.810
20161010 9650 9750 9530 9730 81295.93 78468687.410
20160930 9490 9590 9470 9500 35274.47 33582012.480
20160929 9480 9580 9440 9500 22076.39 21014279.130
20160928 9480 9600 9390 9480 28954.55 27481126.950
20160927 9300 9440 9260 9410 38067.08 35494269.970
20160926 9460 9750 9270 9300 48746.81 45765756.600
20160923 9700 9710 9450 9460 54133.69 51631398.360
20160922 9740 9790 9610 9650 50439.38 48805701.860
20160921 9510 9710 9510 9640 47342.30 45660168.770
20160920 9570 9570 9480 9530 21605.67 20565050.900
20160919 9550 9610 9430 9550 29145.80 27718354.730
20160914 9410 9540 9410 9490 31746.89 30087059.940
20160913 9510 9570 9400 9500 58009.05 54978812.780
20160912 9490 9690 9420 9530 99622.99 95374238.410
20160909 9630 9680 9500 9540 44734.87 42766885.300
20160908 9630 9650 9540 9630 40380.11 38725621.050
20160907 9530 9690 9510 9630 56665.29 54478656.060
20160906 9380 9530 9340 9510 55970.32 52759591.330
20160905 9560 9640 9290 9340 62685.34 59391505.890
20160902 9680 9820 9430 9480 58252.38 56064468.270
20160901 9880 9970 9680 9700 47117.39 46231458.680
20160831 9860 10050 9830 9900 40006.80 39704969.070
20160830 9780 10060 9770 9900 78261.58 77760807.990
20160829 9730 9860 9730 9780 32145.07 31489396.150
20160826 9850 9850 9680 9720 40417.02 39559743.440
20160825 9660 9880 9600 9800 69411.80 67694072.440
20160824 9720 9800 9610 9660 28062.27 27189942.090
20160823 9530 9820 9530 9680 47493.86 45924639.520
20160822 9780 9940 9620 9620 64104.71 62707610.660
20160819 9930 9930 9710 9780 76808.62 75250242.920
20160818 9950 10170 9870 9930 103230.14 103646595.750
20160817 9970 9980 9820 9980 69625.40 68977386.930
20160816 10020 10050 9860 9940 90142.44 89621082.400
20160815 9880 10100 9860 10020 132520.99 132615691.240
20160812 9800 9950 9740 9860 87153.25 85719577.590
20160811 9870 10020 9760 9810 93953.07 92856427.300
20160810 10210 10430 9930 9930 201227.87 203192520.790
20160809 10020 10480 9950 10320 258175.47 264212172.800
20160808 9570 10100 9420 10010 227346.79 223956337.910
20160805 9730 9820 9580 9630 84505.94 81837314.110
20160804 9970 9970 9650 9710 134629.19 131552275.130
20160803 9930 10220 9760 9970 225562.62 224956330.330
20160802 9990 10410 9840 9930 278575.83 281512433.900
20160801 9610 10150 9300 10130 227143.12 223889533.160
20160729 10000 10150 9710 9710 156574.30 154828811.500
20160728 9600 10220 9380 10200 169488.69 165937576.560
20160727 9890 9970 9330 9650 152852.48 148078399.850
20160726 9680 10110 9550 9930 193608.69 191946706.370
20160725 9500 9840 9440 9640 122249.81 117905604.320
20160722 9260 9740 9140 9500 184355.06 176036825.260
20160721 9140 9360 9120 9210 51674.51 47704167.280
20160720 9220 9240 9120 9120 32686.34 29947302.840
20160719 9200 9230 9030 9230 34825.89 31808850.420
20160718 9200 9260 9120 9160 53267.01 48918921.570
20160715 9370 9370 9180 9200 94172.71 87100956.300
20160714 9400 9590 9350 9450 91591.57 86739817.310
20160713 9430 9460 9310 9420 101341.42 95074190.510
20160712 9390 9430 9130 9340 111555.05 103529447.780
20160711 9140 9440 8950 9440 148239.82 135974567.230
20160708 9100 9330 9080 9140 58402.67 53726498.880
20160707 9240 9250 9100 9170 49971.01 45810197.280
20160706 9220 9290 9180 9250 51246.09 47289915.820
20160705 9130 9450 9120 9260 88817.05 82387564.980
20160704 8830 9190 8700 9170 148146.86 133581270.180
20160701 9040 9060 8880 8900 42721.02 38193147.210
20160630 9030 9080 8900 9040 60521.65 54329865.630
20160629 9190 9190 8900 8920 67483.53 60644056.020
20160628 8800 9050 8750 9020 73335.79 65488956.890
20160627 8680 8940 8680 8900 96509.51 85217821.170
20160624 8750 8790 8190 8610 70598.86 60630696.900
20160623 8760 8880 8610 8680 36797.94 31990460.880
20160622 8560 8670 8450 8650 33179.87 28493439.990
20160621 8600 8870 8450 8520 53460.27 46486715.840
20160620 8600 8630 8460 8600 31329.62 26810523.580
20160617 8500 8600 8410 8580 40787.99 34785165.100
20160616 8450 8640 8350 8410 43577.18 37036234.240
20160615 8130 8640 8130 8490 43571.42 36721200.870
20160614 8300 8320 8110 8240 37033.73 30429025.440
20160613 8800 8880 8100 8310 77905.07 67002311.500
20160608 8840 8950 8700 8920 58292.80 51606941.040
20160607 8780 8830 8690 8800 36284.12 31757261.640
20160606 8820 8870 8560 8780 67117.52 58576225.270
20160603 8800 8840 8660 8740 53419.02 46660178.760
20160602 8700 8800 8530 8790 49438.36 42942581.480
20160601 8730 8830 8650 8700 53854.11 47051625.460
20160531 8350 8750 8280 8730 74549.82 63583659.200
20160530 8210 8290 8070 8230 31179.88 25604383.670
20160527 8220 8370 8140 8260 47131.16 38911155.930
20160526 8240 8280 8080 8220 28372.89 23198527.310
20160525 8210 8340 8150 8200 33547.25 27660458.190
20160524 8270 8320 8100 8180 29982.34 24456134.220
20160523 8290 8380 8190 8300 35299.00 29282353.480
20160520 8120 8310 8000 8250 34111.46 27966212.590
20160519 8110 8340 8060 8160 39112.74 32146659.880
20160518 8220 8270 7980 8100 41561.64 33569155.470
20160517 8350 8520 8220 8290 58798.61 49230887.400
20160516 8210 8310 8050 8290 48338.18 39584375.570
20160513 8100 8360 8090 8210 57154.00 47030000
20160512 8110 8230 7860 8100 41205.00 33270000
20160511 8280 8350 8160 8190 36672.00 30220000
20160510 8180 8300 8050 8260 58180.00 47760000
20160509 8890 8890 8100 8180 117254.00 97430000
20160506 9470 9510 8900 8940 59400.00 54390000
20160505 9490 9500 9350 9480 31920.00 30110000
20160504 9540 9640 9390 9480 39424.00 37420000
20160503 8940 9610 8850 9540 68039.00 62980000
20160429 9030 9050 8860 8940 27649.00 24750000
20160428 9110 9220 8850 9020 42708.00 38580000
20160427 9380 9420 9100 9130 36368.00 33740000
20160426 9260 9480 9150 9320 52960.00 49380000
20160425 9340 9340 9090 9220 33887.00 31240000
20160422 9030 9230 9010 9170 34322.00 31310000
20160421 9130 9390 8990 9150 53334.00 49090000
20160420 9800 9920 8800 9150 105047.00 98040000
20160419 9740 9750 9410 9600 48422.00 46370000
20160418 9810 9820 9200 9690 74430.00 70550000
20160415 10100 10150 9810 9890 51134.00 50580000
20160414 10000 10280 9810 9980 69954.00 69790000
20160413 9840 10400 9840 10040 128971.00 131410000
20160412 9570 10010 9400 9730 120493.00 118010000
20160411 9140 9760 9110 9570 120538.00 113060000
20160408 9180 9260 8700 9000 108192.00 97270000
20160407 9540 9690 9130 9210 99216.00 92620000
20160406 9320 9990 9210 9500 187858.00 182790000
20160405 9350 9650 9140 9420 133871.00 126870000
20160401 9170 9680 9000 9430 122869.00 114800000
20160331 9140 9600 8880 9170 159700.00 147680000
20160330 8500 9160 8450 9110 221410.00 196540000
20160329 8060 8930 8000 8500 200720.00 172110000
20160328 8150 8270 8070 8120 82846.00 67880000
20160325 8010 8110 8000 8090 50114.00 40360000
20160324 8130 8220 7950 8050 90426.00 73070000
20160323 8190 8270 8130 8260 65253.00 53490000
20160322 8270 8350 8130 8230 88214.00 72580000
20160321 8180 8440 8060 8350 131224.00 107570000
20160318 7810 8180 7810 8100 123100.00 98890000
20160317 7510 7770 7470 7760 88323.00 67490000
20160316 7560 7640 7360 7420 55366.00 41470000
20160315 7640 7690 7470 7550 55250.00 41820000
20160314 7490 7750 7450 7660 93387.00 71380000
20160311 7400 7540 7250 7390 58246.00 43020000
20160310 7680 7800 7410 7440 96035.00 73070000
20160309 8160 8160 7540 7690 224207.00 176060000
20160308 8200 8750 8200 8380 179049.00 151320000
20160307 8190 8490 8110 8290 131298.00 108910000
20160304 8260 8430 8030 8100 251111.00 206920000
20160303 7510 8350 7460 8350 247960.00 202720000
20160302 7280 7640 7220 7590 112335.00 83220000
20160301 6990 7290 6910 7210 61205.00 43540000
20160229 7450 7450 6870 6970 98558.00 69000000
20160226 7530 7590 7280 7490 50419.00 37590000
20160225 8100 8180 7370 7370 80262.00 62140000
20160224 8190 8240 8010 8190 61441.00 49950000
20160223 8070 8350 8030 8270 126468.00 103780000
20160222 7970 8080 7910 8020 78674.00 63000000
20160219 7900 7980 7760 7840 52553.00 41230000
20160218 7980 8160 7810 7920 103165.00 81910000
20160217 7830 7980 7740 7920 66809.00 52570000
20160216 7630 7960 7600 7920 64338.00 50520000
20160215 7410 7640 7400 7600 34861.00 26240000
20160205 7700 7940 7680 7680 48684.00 37970000
20160204 7520 7810 7500 7640 61596.00 47280000
20160203 7250 7480 7190 7380 35024.00 25620000
20160202 7140 7440 7100 7360 48571.00 35540000
20160201 7190 7290 7000 7100 33635.00 24010000
20160129 7070 7440 7010 7310 38476.00 27840000
20160128 7340 7390 6960 7070 37394.00 26850000
20160127 7530 7530 7020 7390 63177.00 46110000
20160126 8070 8110 7340 7340 85854.00 66380000
20160125 8160 8270 8050 8150 50708.00 41450000
20160122 7970 8200 7860 8090 59597.00 47890000
20160121 8140 8390 7870 7900 85827.00 70090000
20160120 8710 9000 8310 8450 180348.00 155530000
20160119 7850 8390 7850 8390 46573.00 37920000
20160118 7610 8120 7610 7910 46563.00 36990000
20160115 8290 8450 7720 7800 52931.00 42740000
20160114 7610 8480 7510 8340 68667.00 55590000
20160113 8490 9010 8160 8190 107197.00 91600000
20160112 8100 8270 7850 8190 56991.00 46210000
20160111 8730 8890 8040 8040 73609.00 62510000
20160108 9390 9390 8510 8930 75233.00 67900000
20160107 9650 9780 8970 9020 16210.00 15310000
20160106 9690 10020 9690 9940 53740.00 53140000
20160105 9430 10190 9180 9690 83416.00 81230000
20160104 10810 11080 9830 9950 71490.00 76040000
20151231 11030 11160 10800 10810 77521.00 85050000
20151230 11200 11390 10910 11170 112920.00 126440000
20151229 11100 11250 10800 11040 90288.00 99140000
20151228 11210 11500 11050 11180 218087.00 245170000
20151225 10700 11200 10650 11020 112229.00 122500000
20151224 10940 10940 10520 10680 60671.00 64760000
20151223 11000 11110 10780 10880 95015.00 103620000
20151222 10900 11100 10750 10990 189018.00 207090000
20151221 10420 10650 10370 10620 78364.00 82380000
20151218 10590 10620 10310 10410 62601.00 65480000
20151217 10440 10760 10400 10550 99233.00 104760000
20151216 10450 10550 10220 10400 71373.00 74390000
20151215 9910 10850 9910 10350 148325.00 154480000
20151214 9600 9950 9490 9940 40506.00 39560000
20151211 9700 9760 9600 9710 34372.00 33350000
20151210 9700 9820 9690 9710 37782.00 36840000
20151209 9800 9900 9660 9750 39685.00 38750000
20151208 10090 10090 9710 9810 61291.00 60460000
20151207 10040 10200 9970 10150 59769.00 60240000
20151204 9960 10160 9890 10000 89185.00 89810000
20151203 9880 10100 9760 10030 76834.00 76370000
20151202 9610 9950 9410 9780 73641.00 71630000
20151201 9700 9810 9360 9660 78357.00 75910000
20151130 9840 10000 9110 9660 95043.00 91880000
20151127 10800 10960 9800 9860 147698.00 152460000
20151126 11010 11100 10810 10890 135892.00 149080000
20151125 10850 11110 10840 10970 145802.00 160030000
20151124 10850 11080 10680 10900 143553.00 156030000
20151123 10250 10960 10250 10960 183800.00 196400000
20151120 10400 10500 10290 10350 86572.00 89860000
20151119 10120 10400 10070 10350 71098.00 72600000
20151118 10380 10480 10000 10080 69493.00 71070000
20151117 10550 10720 10290 10350 94032.00 98800000
20151116 9980 10440 9950 10440 72253.00 74120000
20151113 10750 10750 10200 10270 105381.00 109640000
20151112 11080 11150 10680 10810 122982.00 133310000
20151111 10700 11110 10680 11040 165268.00 180340000
20151110 10740 10860 10410 10810 156061.00 167230000
20151109 10500 10870 10410 10850 156263.00 167730000
20151106 10370 10650 10320 10560 126590.00 133320000
20151105 10440 10610 10240 10400 141920.00 147710000
20151104 10090 10450 10020 10440 141108.00 145490000
20151103 10500 10500 9880 10000 158550.00 159960000
20151102 11400 11400 10400 10490 278685.00 303800000
20151030 11400 11470 10880 11470 345761.00 389110000
20151029 10320 10690 10200 10430 124948.00 130590000
20151028 10460 10710 10140 10220 116544.00 121760000
20151027 10600 10610 10030 10460 102655.00 106020000
20151026 11100 11100 10450 10610 188475.00 201410000
20151023 10610 11150 10310 10980 202443.00 217800000
20151022 9900 10820 9900 10700 177888.00 184170000
20151021 11200 11570 10070 10070 261918.00 282810000
20151020 10900 11850 10610 11190 323856.00 362480000
20151019 10100 11110 9850 11110 351254.00 367180000
20151016 9770 10280 9590 10100 291596.00 290030000
20151015 9350 9750 9240 9590 165608.00 158220000
20151014 9610 9760 9300 9380 162477.00 153390000
20151013 9410 10290 9280 9760 209138.00 205550000
20151012 9240 9780 9230 9550 217585.00 207460000
20151009 9280 9340 9080 9230 224215.00 205850000
20151008 8730 9350 8580 9350 278240.00 252560000
20150930 9140 9150 8460 8500 257818.00 225070000
20150929 8410 9090 8350 9090 402965.00 355340000
20150928 7530 8260 7410 8260 119646.00 97250000
20150925 7750 7860 7430 7510 67571.00 51530000
20150924 7630 7840 7630 7810 80715.00 62480000
20150923 7660 7810 7530 7620 74018.00 56710000
20150922 7750 7940 7650 7850 102532.00 80210000
20150921 7330 7770 7210 7760 101480.00 76340000
20150918 7410 7510 7310 7460 73153.00 54210000
20150917 7490 7830 7310 7350 103739.00 78900000
20150916 7000 7600 6920 7570 103877.00 74800000
20150915 7410 7570 6910 6910 98972.00 71490000
20150914 8510 8610 7660 7660 110067.00 87980000
20150911 8300 8560 8300 8510 64185.00 54330000
20150910 8600 8710 8330 8410 82874.00 70950000
20150909 8300 8840 8250 8780 152859.00 130540000
20150908 7640 8460 7530 8280 86284.00 68220000
20150907 7630 7920 7510 7690 88085.00 68040000
20150902 7320 8180 7320 7420 83784.00 64220000
20150901 8720 8750 7960 7960 139787.00 113930000
20150831 9010 9340 8820 8840 146396.00 132250000
20150828 8400 9020 8320 9020 169036.00 145500000
20150827 8500 8560 7580 8200 140371.00 113960000
20150826 8730 9170 8090 8090 166819.00 141120000
20150825 8990 9360 8990 8990 91577.00 82480000
20150824 10550 10740 9990 9990 90483.00 91190000
20150821 11650 11990 11050 11100 81174.00 93180000
20150820 12340 12350 11800 11840 84104.00 101730000
20150819 11960 12480 11330 12400 128688.00 155000000
20150818 13810 13850 12380 12380 181361.00 238650000
20150817 13600 13880 13500 13760 115170.00 157640000
20150814 13820 14060 13640 13660 120863.00 166950000
20150813 13500 13800 13360 13790 97275.00 132120000
20150812 13720 13950 13580 13600 140390.00 192720000
20150811 14080 14500 13730 13900 156367.00 219090000
20150810 13120 14330 13000 14250 192109.00 261510000
20150807 12610 13080 12610 13030 77230.00 99770000
20150806 12600 12870 12480 12600 62652.00 79380000
20150805 13450 13490 12860 12930 102568.00 135230000
20150804 13010 13560 12870 13530 88663.00 117820000
20150803 12640 12950 12110 12950 98349.00 122940000
20150731 12500 12980 12450 12790 120308.00 152320000
20150730 13800 13930 12700 12710 158361.00 212670000
20150729 13050 14170 12640 13800 169346.00 222580000
20150728 12500 13580 12050 12900 261393.00 331720000
20150727 14450 15290 13390 13390 228562.00 331460000
20150724 15170 15500 14820 14880 358978.00 545690000
20150723 15100 15760 14830 15620 550786.00 842530000
20150722 14360 14360 14360 14360 36155.00 51910000
20150721 13050 13050 13050 13050 4420.00 5760000
20150720 11860 11860 11860 11860 2115.00 2500000
20150707 11490 11730 10780 10780 83069.00 90810000
20150706 13720 13720 11220 11980 197019.00 242180000
20150703 13010 14210 12470 12470 142620.00 184180000
20150702 15120 15690 13610 13850 248964.00 371060000
20150701 15040 15720 14310 15120 158615.00 240610000
20150630 14250 15330 13100 15140 159938.00 232290000
20150629 15500 15670 13510 14260 191779.00 278170000
20150626 16160 16400 15010 15010 121952.00 189310000
20150625 17250 17350 16300 16680 122260.00 206380000
20150624 17280 17430 16800 17350 151340.00 260660000
20150623 16450 17180 15610 17060 163690.00 271240000
20150619 17760 18000 16340 16340 165461.00 283010000
20150618 19370 19680 18100 18150 119837.00 228640000
20150617 19000 19700 18500 19540 166579.00 317540000
20150616 20000 20000 18820 18970 177620.00 341980000
20150615 20330 21280 19850 20210 248517.00 509540000
20150612 19890 21050 19690 20620 292967.00 596730000
20150611 19500 21300 19000 19770 372841.00 755480000
20150527 17650 19450 17560 19450 248720.00 465140000
20150526 17780 17820 17260 17680 231978.00 407820000
20150525 17200 17720 16930 17520 255431.00 444370000
20150522 16910 17500 16720 17250 264458.00 455180000
20150521 16450 16840 16300 16810 210490.00 349770000
20150520 16150 16850 16070 16280 206544.00 340940000
20150519 16030 16230 15840 16190 184377.00 295840000
20150518 15600 16090 15480 15950 150951.00 238540000
20150515 16150 16250 15510 15670 137691.00 217600000
20150514 16490 16720 16060 16150 167276.00 272380000
20150513 15460 16540 15290 16400 238263.00 382460000
20150512 15740 15800 15220 15490 159225.00 246450000
20150511 15340 15730 15200 15730 131764.00 203920000
20150508 15000 15450 14920 15290 92297.00 139920000
20150507 15310 15570 14830 14970 91824.00 139100000
20150506 16210 16450 15290 15560 113817.00 181920000
20150505 16200 16520 16010 16230 125962.00 204930000
20150504 16130 16420 16000 16350 101339.00 164740000
20150430 16140 16450 16050 16050 114269.00 184890000
20150429 16000 16430 15690 16260 127335.00 204490000
20150428 17000 17050 16000 16140 242455.00 397770000
20150427 17040 17800 16720 17270 257289.00 442870000
20150424 16610 17450 16450 17030 256502.00 437140000
20150423 16670 17080 16500 16740 231985.00 389900000
20150422 16650 16950 16300 16670 268194.00 446760000
20150421 15750 16850 15650 16590 384132.00 630080000
20150420 14890 15880 14610 15810 377844.00 581790000
20150417 14840 15070 14700 14880 153847.00 229340000
20150416 14500 14900 14320 14700 99580.00 145360000
20150415 15330 15330 14600 14600 142140.00 212010000
20150414 15440 15580 15230 15330 159251.00 244740000
20150413 15110 15600 15010 15470 189775.00 292170000
20150410 14790 15150 14640 15070 127996.00 191470000
20150409 15400 15400 14490 14860 209659.00 312050000
20150408 15760 15820 15150 15470 204140.00 316960000
20150407 15350 15890 15350 15740 237545.00 371450000
20150403 15280 15500 15100 15350 221205.00 338620000
20150402 14910 15460 14750 15350 289919.00 437710000
20150401 14630 14910 14510 14870 157353.00 231560000
20150331 14840 14930 14490 14590 215772.00 316740000
20150330 14820 15190 14660 15060 207079.00 311120000
20150327 14760 15170 14760 14850 233003.00 348670000
20150326 14530 14660 14310 14640 198599.00 288970000
20150325 14310 14660 14100 14510 179547.00 257700000
20150324 14700 14770 13970 14330 236744.00 340150000
20150323 14680 14850 14550 14700 194717.00 285550000
20150320 14790 14810 14530 14660 167256.00 244580000
20150319 14550 14840 14350 14790 229271.00 335640000
20150318 14330 14690 14310 14550 228083.00 330360000
20150317 14350 14500 14160 14310 212303.00 304440000
20150316 14150 14440 14010 14350 130770.00 186500000
20150313 14350 14360 13960 14050 108268.00 152230000
20150312 13980 14490 13840 14100 139123.00 196570000
20150311 14190 14540 13910 13950 167668.00 238070000
20150310 14200 14780 14170 14200 244594.00 352710000
20150309 13500 14120 13390 13900 228962.00 316890000
20150306 13540 13570 13210 13330 93042.00 124380000
20150305 13200 13530 13200 13440 129848.00 174130000
20150304 13010 13270 13000 13210 76522.00 100810000
20150303 13330 13450 12980 13010 134244.00 176810000
20150302 13080 13420 13050 13350 106478.00 141270000
20150227 13100 13210 12980 13140 69797.00 91390000
20150226 13060 13120 12930 13100 50185.00 65450000
20150225 12960 13050 12810 12980 53121.00 68830000
20150217 12910 13030 12810 12850 62208.00 80270000
20150216 12710 12980 12710 12960 57701.00 74290000
20150213 12650 12820 12610 12710 58439.00 74290000
20150212 12580 12640 12450 12570 37400.00 46920000
20150211 12500 12650 12410 12650 41922.00 52610000
20150210 12480 12530 12310 12530 31127.00 38620000
20150209 12530 12680 12410 12440 23255.00 29160000
20150206 12830 12930 12470 12530 43773.00 55060000
20150205 13110 13130 12650 12800 80086.00 103000000
20150204 13250 13390 13030 13180 120369.00 159130000
20150203 12550 12910 12500 12760 73204.00 93340000
20150202 12750 12750 12300 12470 73746.00 92760000
20150130 13090 13200 12930 12930 51852.00 67660000
20150129 13380 13380 13040 13060 67057.00 88210000
20150128 13450 13650 13310 13420 61279.00 82740000
20150127 13610 13730 13210 13500 83468.00 112300000
20150126 13100 13750 13070 13610 135528.00 183230000
20150123 13230 13300 13040 13100 72688.00 95710000
20150122 13240 13290 13100 13210 100652.00 132680000
20150121 12880 13240 12760 13190 109776.00 143740000
20150120 12420 12870 12410 12870 69183.00 87890000
20150119 12300 13050 12190 12480 104484.00 132540000
20150116 12500 12700 12470 12650 60252.00 76010000
20150115 12650 12690 12440 12480 47326.00 59400000
20150114 12290 12710 12260 12520 94086.00 117980000
20150113 12120 12400 12050 12310 46930.00 57410000
20150112 12410 12450 12040 12110 45292.00 55000000
20150109 12460 12740 12390 12410 76485.00 96380000
20150108 12430 12630 12300 12470 80562.00 100440000
20150107 12290 12560 12250 12400 76843.00 95370000
20150106 12200 12360 12000 12290 79651.00 97120000
20150105 12040 12470 11800 12220 167180.00 201470000
20141231 12550 12550 12080 12100 108909.00 132510000
20141230 12550 12820 12420 12530 47938.00 60440000
20141229 12450 12850 12360 12540 85657.00 108350000
20141226 12040 12780 11800 12620 102974.00 127120000
20141225 12160 12350 11980 12130 45066.00 54630000
20141224 12050 12210 11990 12160 43927.00 53140000
20141223 12100 12260 11970 12000 35565.00 42990000
20141222 12650 12680 11850 11940 81047.00 97670000
20141219 13090 13090 12490 12650 72095.00 91450000
20141218 13000 13350 12800 13050 80994.00 106420000
20141217 13280 13380 12820 12990 73350.00 95450000
20141216 13400 13590 13280 13280 46615.00 62200000
20141215 13120 13480 13050 13420 66418.00 88370000
20141212 12900 13180 12890 13120 52832.00 68990000
20141211 12900 13000 12780 12940 48327.00 62220000
20141210 12500 13060 12470 12920 56849.00 72730000
20141209 13380 13390 12520 12560 106100.00 138270000
20141208 13320 13550 13250 13400 84550.00 113300000
20141205 13890 13900 13200 13380 132971.00 179880000
20141204 13600 14240 13550 13910 181070.00 251730000
20141203 13210 13720 13210 13620 113781.00 154070000
20141202 13580 13670 13490 13550 87209.00 118190000
20141201 13630 13780 13390 13580 78793.00 106890000
20141128 13700 13920 13500 13600 110921.00 151920000
20141127 13580 13790 13390 13700 120478.00 164100000
20141126 13390 13650 13350 13570 90738.00 122850000
20141125 13220 13460 13100 13400 79993.00 106270000
20141124 13230 13280 13100 13220 58067.00 76610000
20141121 13170 13280 13060 13190 40179.00 52880000
20141120 13080 13230 12960 13170 38844.00 51050000
20141119 12910 13100 12890 13050 41002.00 53320000
20141118 12890 13060 12860 12890 41732.00 54040000
20141117 12720 12950 12710 12940 41262.00 53050000
20141114 12780 12780 12500 12710 55996.00 70800000
20141113 13130 13140 12570 12810 56997.00 73080000
20141112 12980 13250 12930 13130 36182.00 47420000
20141111 13620 13710 12880 13020 72416.00 96500000
20141110 13490 13670 13340 13610 55437.00 74860000
20141107 13790 13790 13440 13490 48359.00 65930000
20141106 13530 13730 13530 13720 39437.00 53840000
20141105 13840 13850 13460 13500 76853.00 104390000
20141104 14110 14140 13830 13850 61723.00 86290000
20141103 14180 14270 14090 14150 72483.00 102870000
20141031 14080 14270 13900 14210 96245.00 135990000
20141030 14300 14320 14050 14170 66783.00 94930000
20141029 14200 14480 14120 14380 119610.00 171020000
20141028 13830 14300 13830 14230 84810.00 120020000
20141027 13690 13910 13400 13820 36592.00 50070000
20141024 13720 13930 13670 13800 55406.00 76430000
20141023 14360 14450 13730 13800 73197.00 102520000
20141022 14650 14750 14330 14340 55519.00 80570000
20141021 15050 15060 14610 14660 67924.00 100480000
20141020 14900 15130 14870 15050 82018.00 123390000
20141017 14600 14930 14560 14870 88131.00 130300000
20141016 15040 15240 14650 14700 120673.00 180860000
20141015 15750 15840 15140 15160 210079.00 323410000
20141014 15940 15950 15490 15810 123682.00 195240000
20141013 15450 15980 15160 15950 143713.00 224120000
20141010 16050 16050 15000 15490 152326.00 239340000
20141009 16200 16220 15890 16100 152001.00 244720000
20141008 16050 16270 15820 16220 172794.00 278720000
20140930 16180 16220 15950 16070 172047.00 276710000
20140929 16040 16240 15920 16180 187409.00 302140000
20140926 15910 16150 15800 16040 170981.00 273910000
20140925 15690 15990 15590 15890 132137.00 208380000
20140924 15380 15750 15300 15680 95609.00 149120000
20140923 15170 15430 15100 15430 56838.00 87070000
20140922 15350 15400 15100 15170 50237.00 76560000
20140919 15310 15390 15190 15370 55597.00 84990000
20140918 15220 15440 15180 15320 46750.00 71630000
20140917 15140 15300 15010 15220 54436.00 82440000
20140916 15840 15880 15100 15160 101087.00 156450000
20140915 15790 15970 15680 15830 75019.00 118550000
20140912 15860 15920 15670 15790 89189.00 140630000
20140911 15980 16190 15680 15860 152743.00 243320000
20140910 15850 16150 15730 16020 156624.00 249710000
20140909 15480 16470 15310 16020 259388.00 413520000
20140905 15600 15630 15200 15380 137077.00 211070000
20140904 15590 15830 15410 15690 192004.00 300200000
20140903 15200 15720 15080 15600 265217.00 409500000
20140902 14920 15280 14840 15210 168042.00 254030000
20140901 14610 14940 14560 14910 68706.00 101720000
20140829 14500 14710 14410 14610 43105.00 62860000
20140828 14360 14700 14300 14610 73226.00 106550000
20140827 14210 14620 14210 14310 44215.00 63750000
20140826 14790 14820 14150 14210 88405.00 127430000
20140825 14860 14870 14700 14800 45387.00 67120000
20140822 14830 14920 14750 14850 50484.00 74850000
20140821 14710 14930 14670 14820 56021.00 82790000
20140820 15010 15010 14690 14720 75956.00 112610000
20140819 15200 15200 14680 15010 159512.00 238280000
20140818 15330 15500 15200 15370 87602.00 134270000
20140815 14880 15300 14880 15260 79186.00 120300000
20140814 15180 15200 14860 14900 60299.00 90680000
20140813 15270 15370 14880 15190 75159.00 113560000
20140812 15400 15520 15130 15330 121836.00 186440000
20140811 15000 15620 14910 15450 164393.00 252720000
20140808 14350 14980 14210 14880 83191.00 121860000
20140807 14380 14520 14300 14330 46419.00 66670000
20140806 14340 14520 14290 14340 46613.00 66980000
20140805 14300 14470 14110 14380 46813.00 66810000
20140804 14080 14320 14040 14320 35327.00 50180000
20140801 14430 14620 14100 14150 57764.00 83280000
20140731 14360 14480 14150 14430 45423.00 65190000
20140730 14160 14510 14040 14400 52329.00 75260000
20140729 14140 14350 14090 14160 40526.00 57600000
20140728 13710 14240 13710 14140 50871.00 71440000
20140725 13700 13990 13500 13700 42039.00 57630000
20140724 14410 14540 13000 13700 79976.00 110970000
20140723 14630 14810 14390 14410 35163.00 51190000
20140722 14590 14810 14500 14620 30477.00 44730000
20140721 14770 14950 14630 14630 31490.00 46370000
20140718 14450 14970 14410 14760 48471.00 71070000
20140717 14360 14570 14320 14520 35121.00 50780000
20140716 14770 14900 14360 14410 46781.00 68450000
20140715 14750 15040 14550 14760 74046.00 109830000
20140714 14470 14730 14400 14720 49118.00 71540000
20140711 14300 14580 14220 14450 30474.00 44070000
20140710 14400 14530 14210 14300 40533.00 58330000
20140709 14800 14890 14330 14340 82027.00 120170000
20140708 15050 15280 14740 14830 70285.00 104610000
20140707 15300 15300 14880 15040 88703.00 133180000
20140704 14680 15260 14620 15190 146103.00 220010000
20140703 14450 14950 14310 14690 113514.00 167170000
20140702 14720 14770 14200 14470 77175.00 111850000
20140701 14310 14850 14130 14750 115171.00 168020000
20140630 14180 14370 14070 14310 57623.00 82220000
20140627 14100 14450 14020 14170 85257.00 121330000
20140626 14020 14470 14010 14170 144562.00 205910000
20140625 13160 14550 12960 14250 164454.00 227910000
20140624 13180 13290 12580 13230 57388.00 74150000
20140617 13460 13460 13010 13170 50603.00 66680000
20140616 13500 13590 13390 13450 30985.00 41710000
20140613 13360 13600 13210 13500 51926.00 69670000
20140612 13550 13590 13300 13310 28151.00 37620000
20140611 13360 13650 13310 13550 45798.00 62010000
20140610 13200 13490 13110 13350 42156.00 56220000
20140609 13450 13450 13140 13190 34805.00 46230000
20140606 13620 13690 13310 13420 38809.00 52340000
20140605 13740 13780 13500 13690 60409.00 82450000
20140604 13510 13740 13400 13600 62454.00 84650000
20140603 13240 13860 13130 13730 144570.00 196050000
20140530 12900 13240 12660 13240 65881.00 85660000
20140529 13090 13090 12900 12960 30783.00 39980000
20140528 12950 13130 12820 13090 35499.00 46210000
20140527 13180 13250 12950 12980 27916.00 36440000
20140526 13100 13290 12950 13180 43511.00 57220000
20140523 12900 12980 12770 12930 24480.00 31540000
20140522 13030 13200 12850 12870 36928.00 48090000
20140521 12900 13110 12720 13030 34834.00 45170000
20140520 13070 13300 12950 12950 42725.00 56040000
20140519 13000 13190 12750 12990 46169.00 59690000
20140516 12300 13180 11900 13050 58729.00 74130000
20140515 12730 12860 12260 12300 38425.00 48110000
20140514 12770 12940 12680 12780 22885.00 29310000
20140513 13000 13190 12780 12840 40216.00 51960000
20140512 12700 13200 12680 13050 57978.00 75380000
20140509 12190 12800 12110 12640 66578.00 83700000
20140508 12110 12780 11850 12190 52108.00 64030000
20140507 12500 12830 12080 12250 47596.00 59100000
20140506 26250 26750 26000 26110 28432.00 75040000
20140505 26300 26300 25620 26140 19220.00 49810000
20140430 25450 26180 25180 26120 18879.00 48960000
20140429 24680 25550 24680 25450 17811.00 44640000
20140428 25520 25550 24490 24640 26695.00 66340000
20140425 26260 26550 25310 25800 31952.00 83070000
20140424 26830 26830 25800 26360 24961.00 65210000
20140423 26370 26940 26370 26830 10845.00 28930000
20140422 27390 27580 25990 26490 34079.00 90770000
20140421 28200 28300 27410 27450 24562.00 68480000
20140418 28310 28660 28180 28430 15785.00 44870000
20140417 28420 28680 28270 28300 15593.00 44390000
20140416 28500 28770 28270 28420 15601.00 44340000
20140415 29370 29370 28450 28600 24424.00 70220000
20140414 29060 29430 28670 29360 15456.00 44960000
20140411 29500 29600 29000 29060 22806.00 66790000
20140410 29340 30060 29150 29600 34333.00 101510000
20140409 29180 29670 29170 29390 43270.00 127030000
20140408 28200 29370 28000 29370 60380.00 173540000
20140404 27800 28270 27710 28270 23916.00 67210000
20140403 27790 28290 27760 27900 16329.00 45760000
20140402 28000 28120 27500 27800 15723.00 43600000
20140401 27760 28140 27630 28000 15361.00 42780000
20140331 27480 27860 27420 27750 11197.00 30980000
20140328 28200 28540 27000 27600 23759.00 66070000
20140327 28950 28980 28300 28300 17585.00 50180000
20140326 29030 29400 28940 29000 19056.00 55380000
20140325 28510 29390 28510 29000 29337.00 85170000
20140324 29480 29480 28480 28630 24875.00 71790000
20140321 28590 29650 28000 29350 27735.00 79950000
20140320 29880 30360 28880 28880 24065.00 71790000
20140319 29960 30000 29290 29940 18741.00 55600000
20140318 30950 30950 29880 29990 35456.00 106830000
20140317 29800 30630 29630 30580 20902.00 63300000
20140314 29070 29980 28980 29680 23517.00 69460000
20140313 28400 29470 28200 29050 21112.00 61190000
20140312 29000 29400 27960 28380 24315.00 69340000
20140311 29000 29290 28400 29160 20657.00 59740000
20140310 30010 30650 28330 29050 33676.00 99720000
20140307 31890 31930 30700 30850 19848.00 62130000
20140306 31400 31970 30550 31600 24146.00 75610000
20140305 30900 31470 30800 31060 19877.00 61970000
20140304 30660 31580 30500 30800 33748.00 104930000
20140303 30450 30880 29880 30710 28651.00 87200000
20140228 30090 30600 29340 30380 36982.00 110370000
20140227 32480 32650 30000 30380 45873.00 143350000
20140226 31900 32470 31580 32110 23895.00 76370000
20140225 33690 34450 31500 32120 40115.00 132940000
20140224 33210 34090 32350 33760 33533.00 111360000
20140221 34470 34770 33060 33360 33284.00 112070000
20140220 34360 35200 34080 34430 43685.00 151700000
20140219 34820 34850 33800 34060 33159.00 113670000
20140218 34730 35370 34150 34820 48804.00 169260000
20140217 33310 34350 32800 34210 47864.00 159920000
20140214 32880 33230 32610 33180 42029.00 138650000
20140213 34510 35280 32550 32830 60032.00 202640000
20140212 34610 35300 34060 34770 35596.00 122830000
20140211 36000 36300 33900 34700 73925.00 257800000
20140210 35300 36040 35000 35920 32329.00 114900000
20140207 33500 35840 33400 35360 40985.00 143830000
20140130 34160 35210 33550 33900 37205.00 127650000
20140129 34280 34390 33510 34100 44611.00 151390000
20140128 32080 34390 32080 34280 69290.00 231250000
20140127 31480 32780 31280 32010 37824.00 121520000
20140124 31640 32400 31150 31880 40456.00 128860000
20140123 31720 31950 31420 31770 28822.00 91320000
20140122 30710 31940 30600 31720 35599.00 112180000
20140121 30680 30780 29900 30710 31667.00 95880000
20140120 31060 31060 29870 29880 30100.00 91180000
20140117 31420 31420 30560 31060 21079.00 64930000
20140116 31080 31880 30930 31360 29513.00 92790000
20140115 31000 31460 30710 31080 24536.00 76210000
20140114 29800 31100 29450 30960 29220.00 89280000
20140113 29900 29950 29180 29800 20802.00 61580000
20140110 30640 30880 29600 29860 25010.00 75380000
20140109 30360 31460 30150 30600 47844.00 148050000
20140108 29790 30990 29460 30350 37992.00 115460000
20140107 29530 29670 28740 29580 24855.00 72850000
20140106 30200 30420 29560 29710 29174.00 87030000
20140103 28910 30300 28750 30200 55922.00 166780000
20140102 28760 29220 28700 28910 21909.00 63530000
20131231 29950 30080 28000 28980 43592.00 126310000
20131230 29980 30830 29630 29780 52283.00 158530000
20131227 29500 30010 28900 29600 54887.00 162070000
20131226 28540 28970 28270 28900 40405.00 115890000
20131225 28250 28580 28120 28540 14679.00 41630000
20131224 28860 29140 27760 28220 26207.00 74530000
20131223 28000 28900 27550 28700 22827.00 64880000
20131220 27980 28330 27820 28000 11856.00 33220000
20131219 27820 28690 27780 28240 23894.00 67530000
20131218 27530 27830 27320 27790 8902.00 24630000
20131217 27660 27920 27340 27530 15390.00 42480000
20131216 27780 27950 27180 27510 17666.00 48750000
20131213 28380 28410 27700 27780 25110.00 70290000
20131212 28560 28810 28300 28420 14956.00 42670000
20131211 28250 28810 27900 28400 22512.00 63900000
20131210 29080 29250 28180 28390 33223.00 94880000
20131209 29190 29590 28730 29000 23923.00 69300000
20131206 29510 30160 28700 29150 36192.00 106430000
20131205 28360 29620 28150 29470 52360.00 152200000
20131204 28000 28780 27790 28290 30388.00 86630000
20131203 27200 28180 27080 28020 21781.00 60310000
20131202 27600 28310 26400 27510 63841.00 176320000
20131129 27870 28810 27800 28610 35526.00 101030000
20131128 28100 28350 27900 27970 25574.00 71890000
20131127 27500 28390 27500 28020 28386.00 79740000
20131126 27310 27650 27250 27520 20904.00 57450000
20131125 27300 27600 26750 27310 22419.00 60960000
20131122 27690 27970 27100 27310 21695.00 59590000
20131121 27870 28480 27490 27680 30402.00 84740000
20131120 28000 28070 27540 27990 34178.00 94990000
20131119 27000 28880 26610 28240 71765.00 198010000
20131118 27300 27430 26600 26970 83215.00 224530000
20131115 25480 26500 25210 26150 41917.00 109390000
20131114 24510 25380 24210 25130 25201.00 62790000
20131113 25490 25490 24650 24650 27709.00 69170000
20131112 24580 25630 24450 25520 30348.00 76390000
20131111 24140 24670 24100 24520 18842.00 46000000
20131108 25000 25290 24110 24140 34304.00 84120000
20131107 26230 26370 25290 25300 25129.00 64500000
20131106 26480 26730 26080 26180 35522.00 93770000
20131105 25960 26580 25960 26520 34076.00 89690000
20131104 25700 26160 25450 25950 20773.00 53700000
20131101 26300 26920 25410 25740 33630.00 87100000
20131031 26300 27380 26190 26500 39311.00 105210000
20131030 25560 26390 25550 26390 23352.00 60550000
20131029 26260 26980 24500 25480 41174.00 106650000
20131028 26000 26310 25520 26160 18064.00 46880000
20131025 25900 26850 25640 25970 34510.00 90490000
20131024 25150 26400 25150 25890 30501.00 78830000
20131023 27700 27890 25040 25200 82135.00 211590000
20131022 27380 27960 27200 27790 27190.00 75030000
20131021 26930 27690 26900 27620 37864.00 103760000
20131018 26400 26990 26000 26650 43458.00 115070000
20131017 27730 28260 26400 26400 51198.00 139170000
20131016 30660 30660 27640 27640 63850.00 182450000
20131015 30680 31150 30050 30710 28141.00 85640000
20131014 30100 31230 29620 30950 36721.00 112390000
20131011 30260 31110 29550 30030 33265.00 100640000
20131010 30860 30980 29900 29970 36427.00 110750000
20131009 30520 31490 30280 30920 58484.00 178650000
20131008 30880 32000 29670 31080 68428.00 210860000
20130930 26910 29670 26910 29670 66312.00 190450000
20130927 26910 27330 26860 26970 24098.00 65220000
20130926 27650 27750 26680 26890 37319.00 101340000
20130925 28250 28600 27810 27940 34104.00 95820000
20130924 29050 29440 27910 28230 29981.00 85440000
20130923 28200 29190 28120 29040 35250.00 101290000
20130918 27000 29110 27000 28180 75465.00 214370000
20130917 27460 27690 26800 27080 24938.00 67900000
20130916 27330 28300 27060 27300 31317.00 86570000
20130913 26400 27840 25840 27450 45878.00 121820000
20130912 26920 26950 26100 26400 43342.00 114790000
20130911 27320 28490 26820 27050 65131.00 180880000
20130910 26780 27360 26450 27300 46970.00 126590000
20130909 26610 28300 26530 26780 89795.00 246590000
20130906 25550 26900 25170 26820 93973.00 244910000
20130905 24000 26000 24000 25390 92907.00 234170000
20130904 24080 24770 23800 23880 44421.00 108120000
20130903 24180 24270 23550 24150 42165.00 101380000
20130902 23150 24480 23150 23990 70939.00 170730000
20130830 23410 24080 22930 22990 53475.00 125480000
20130829 22470 24180 22190 23550 101062.00 238170000
20130828 22870 22870 22420 22470 41414.00 93600000
20130827 22810 23070 22610 22840 38930.00 88640000
20130826 22140 23130 22140 22820 88572.00 202390000
20130823 21690 22660 21610 22140 101124.00 225380000
20130822 21300 21750 21050 21580 30073.00 64540000
20130821 21210 21660 21010 21420 35426.00 75860000
20130820 20500 21570 20500 21210 43782.00 92890000
20130819 20310 20840 20310 20670 42838.00 88460000
20130816 21420 21880 20300 20340 54088.00 114340000
20130815 22300 22550 21400 21560 83331.00 182010000
20130814 21950 23050 21880 22670 78823.00 177080000
20130813 22340 22360 21760 21950 37023.00 81440000
20130812 22320 22460 21800 22220 43434.00 95990000
20130809 21400 22160 21400 22090 50554.00 110610000
20130808 21570 21880 21250 21460 35425.00 76160000
20130807 22270 22600 21510 21570 53536.00 117920000
20130806 21900 22620 21790 22270 53486.00 119550000
20130805 21520 22180 21450 21900 38793.00 84610000
20130802 21700 21800 21340 21450 40290.00 86750000
20130801 20490 21570 20450 21520 46449.00 98160000
20130731 20720 21200 20320 20500 36597.00 75920000
20130730 21240 21500 20140 20720 49220.00 102450000
20130729 22140 22360 21150 21180 47070.00 102120000
20130726 21680 22290 21500 22060 49909.00 109570000
20130725 23640 23710 21700 21870 118474.00 266410000
20130724 23790 23950 23220 23640 82390.00 194340000
20130723 23500 23980 22800 23910 104659.00 245580000
20130722 22500 23670 22130 23520 75237.00 173020000
20130719 23700 23980 22600 22660 104293.00 244800000
20130718 22600 24140 22500 23700 136296.00 321580000
20130717 23010 23360 22600 22760 113821.00 261860000
20130716 21900 23430 21820 23010 144083.00 327970000
20130715 21180 22000 20830 21990 82684.00 177070000
20130712 21720 22500 21300 21330 98690.00 216940000
20130711 21180 22240 20880 21780 100382.00 216210000
20130710 20700 21450 20380 21390 75951.00 159190000
20130709 21460 21700 20410 20750 80104.00 166620000
20130708 22000 22480 20800 21470 90640.00 195650000
20130705 22410 23180 22180 22380 150877.00 342300000
20130704 22000 22650 21530 22010 115891.00 256460000
20130703 22080 22760 21750 22470 183964.00 409010000
20130702 20290 22190 20280 22190 162829.00 346590000
20130701 21970 22500 19770 20170 192839.00 397720000
20130628 21800 22370 21300 21970 104846.00 229050000
20130627 20500 22730 20350 22330 175989.00 380480000
20130626 20470 20930 19800 20660 115213.00 235960000
20130625 20700 21280 18700 20450 144940.00 295540000
20130624 19990 21090 19380 20300 139173.00 281280000
20130621 19100 19600 19000 19320 75423.00 145560000
20130620 21800 22460 19800 19810 119093.00 251610000
20130619 22380 22400 21220 21630 71497.00 154660000
20130618 22500 22890 22050 22360 76173.00 171010000
20130617 21340 23170 20990 22850 126950.00 280590000
20130614 21840 23390 21000 21420 172018.00 381490000
20130613 21690 22120 20680 21690 119893.00 258580000
20130607 20550 22280 20450 22140 189504.00 402870000
20130606 19380 21240 19320 21170 201660.00 421620000
20130605 19310 19680 18950 19310 18021.00 34840000
20130604 20160 20480 19190 19340 42261.00 82690000
20130603 20000 20730 19900 20160 42955.00 87340000
20130531 19350 20820 19350 20220 74379.00 150480000
20130530 19480 19580 19190 19300 28392.00 54940000
20130529 19190 19600 19050 19530 35731.00 69040000
20130528 19500 19850 18900 19100 59343.00 113640000
20130527 19580 19880 19200 19580 35195.00 68750000
20130524 19300 19650 19150 19580 43877.00 85330000
20130523 19880 20200 19150 19280 51475.00 101550000
20130522 20950 20950 19780 19960 64282.00 129950000
20130521 20790 21080 20600 21000 56540.00 117830000
20130520 20210 21000 19810 20780 80960.00 166360000
20130517 19300 20180 19200 19980 65565.00 130560000
20130516 19300 19740 18900 19380 43008.00 83510000
20130515 18720 19400 18660 19300 32380.00 61690000
20130514 19600 19720 18610 18680 41102.00 78050000
20130513 19100 19940 19010 19590 42187.00 82780000
20130510 19500 19500 18810 19110 50232.00 96020000
20130509 19400 19560 19100 19560 58318.00 112440000
20130508 18530 19780 18500 19420 84505.00 162790000
20130507 17670 18890 17540 18660 70397.00 129330000
20130506 17500 17960 17500 17720 41229.00 73270000
20130503 17000 17870 16900 17540 67299.00 117470000
20130502 16600 17200 16510 17100 26502.00 45020000
20130426 16950 17180 16750 16770 20296.00 34340000
20130425 16750 17240 16630 16860 36418.00 61800000
20130424 16400 16830 16280 16820 24947.00 41360000
20130423 16850 16850 16280 16300 37474.00 61910000
20130422 16540 16900 16480 16850 38615.00 64790000
20130419 16200 16810 16100 16650 49515.00 81680000
20130418 15800 16550 15750 16400 46121.00 75270000
20130417 15900 15930 15630 15830 13938.00 21970000
20130416 15600 15980 15410 15930 24080.00 37670000
20130415 16360 16360 15660 15800 21671.00 34330000
20130412 16750 16820 16310 16360 14430.00 23880000
20130411 16770 16930 16610 16810 17309.00 29030000
20130410 16600 16840 16500 16720 24432.00 40690000
20130409 16180 16690 16180 16560 26945.00 44500000
20130408 16300 16300 15820 16160 20892.00 33470000
20130403 16350 16610 16270 16350 16708.00 27370000
20130402 16860 17050 16360 16400 17795.00 29770000
20130401 16600 16950 16500 16850 17642.00 29710000
20130329 16470 16630 16340 16550 15676.00 25800000
20130328 16970 16970 16220 16350 29162.00 47830000
20130327 17080 17200 16900 17010 27712.00 47250000
20130326 17430 17430 17000 17000 26569.00 45510000
20130325 17470 17550 17230 17260 22722.00 39420000
20130322 17550 17730 17320 17530 21971.00 38420000
20130321 17490 17800 17400 17670 37031.00 65150000
20130320 17000 17560 16920 17490 36451.00 63170000
20130319 16880 17180 16620 17000 21528.00 36460000
20130318 17410 17500 16850 16880 28085.00 48190000
20130315 17650 17980 17250 17500 26955.00 47450000
20130314 17840 17840 17420 17610 30460.00 53510000
20130313 17880 18400 17630 17920 32144.00 58010000
20130312 18950 19180 17350 17880 40211.00 72610000
20130311 19200 19240 18750 18820 21097.00 40090000
20130308 19500 19590 19150 19300 20155.00 38940000
20130307 19860 19990 19130 19440 31554.00 61700000
20130306 19000 19960 18940 19860 51488.00 101190000
20130305 18450 19090 18300 19000 29304.00 55160000
20130304 19010 19150 18230 18390 33566.00 62740000
20130301 19220 19400 18890 19250 32264.00 61900000
20130228 18500 19310 18400 19090 36194.00 69010000
20130227 18470 18810 18200 18520 39462.00 73120000
20130226 19200 19200 18180 18180 35083.00 65880000
20130225 19060 19230 19000 19230 24992.00 47810000
20130222 18640 19110 18560 19100 41447.00 78300000
20130221 19500 19520 18510 18760 55243.00 104770000
20130220 19290 19770 19180 19700 35155.00 68420000
20130219 20330 20370 19230 19300 67061.00 131320000
20130218 20750 20940 20160 20370 46748.00 95200000
20130208 20940 21190 20710 20730 38535.00 80460000
20130207 20730 21180 20600 20950 53971.00 113030000
20130206 20400 21180 20050 20730 67427.00 139960000
20130205 19800 20350 19400 20240 65388.00 129470000
20130204 20210 20500 19500 20000 58061.00 116160000
20130201 19200 20270 19050 19870 72988.00 143770000
20130131 19950 20070 19210 19210 70474.00 138450000
20130130 19590 20730 19500 19990 88964.00 179170000
20130129 19600 20130 19200 19750 105770.00 208420000
20130128 19000 19850 18750 19690 120466.00 232720000
20130125 18270 19650 17920 19290 199396.00 373210000
20130124 17880 18380 17530 18110 158018.00 284830000
20130123 17940 17940 17070 17420 78210.00 136390000
20130122 17580 18210 17510 17850 118533.00 211490000
20130121 17700 17760 17420 17510 38945.00 68320000
20130118 17570 17660 17210 17610 46980.00 82110000
20130117 17760 17770 17250 17410 45693.00 80070000
20130116 17900 18010 17350 17700 65584.00 115870000
20130115 17470 18240 17470 18000 102303.00 183040000
20130114 16800 17520 16440 17450 80036.00 137320000
20130111 17350 17830 16690 16730 70020.00 120400000
20130110 17340 17640 17200 17350 57875.00 100730000
20130109 17210 17970 17150 17590 139901.00 246850000
20130108 16400 17430 16280 17020 92657.00 156800000
20130107 16350 16470 16070 16460 40380.00 65730000
20130104 17000 17180 16360 16440 46241.00 77070000
20121231 16480 16800 16440 16670 46453.00 77110000
20121228 16480 16710 16240 16610 70361.00 115860000
20121227 17340 17430 16510 16590 85133.00 143890000
20121226 16510 17380 16370 17280 98790.00 167430000
20121225 16000 16760 15860 16600 88495.00 145400000
20121224 16150 16250 15830 16030 59175.00 94800000
20121221 15240 16830 15200 16150 144715.00 235250000
20121220 15500 15500 15010 15300 55751.00 84880000
20121219 15450 15740 15350 15520 38184.00 59360000
20121218 15560 15800 15270 15470 62584.00 96940000
20121217 15390 15950 15380 15740 76610.00 119710000
20121214 14790 15470 14610 15370 82940.00 126200000
20121213 14750 15400 14690 14800 53557.00 80770000
20121212 15050 15120 14720 14890 44192.00 65880000
20121211 15280 15470 14940 15100 55249.00 83600000
20121210 15060 15400 14850 15270 70706.00 107080000
20121207 14680 15400 14400 15090 88213.00 131110000
20121206 14950 15270 14610 14750 61873.00 91650000
20121205 13980 15200 13920 15160 90545.00 133240000
20121204 13600 14270 13420 14200 41237.00 57150000
20121203 13900 14090 13570 13570 25018.00 34580000
20121130 13610 13990 13500 13930 29016.00 40130000
20121129 14570 14660 13720 13780 43843.00 62180000
20121128 14380 14780 14150 14570 48253.00 69930000
20121127 14640 14960 14480 14530 46410.00 68160000
20121126 15020 15090 14590 14640 33518.00 49530000
20121123 15200 15250 14930 14950 32997.00 49890000
20121122 15370 15380 15050 15140 29377.00 44610000
20121121 15130 15480 15070 15460 42463.00 64880000
20121120 15740 15800 15030 15100 42527.00 65390000
20121119 15650 15810 15180 15630 27796.00 43100000
20121116 15370 15640 15330 15540 28868.00 44700000
20121115 15890 16010 15380 15490 38429.00 60260000
20121114 15870 16080 15550 16010 62303.00 98130000
20121113 17100 17100 15830 15900 115541.00 189560000
20121112 18000 18070 17350 17490 58556.00 103320000
20121109 17970 18460 17510 18080 56221.00 100830000
20121108 18450 18540 18000 18000 46640.00 85010000
20121107 18330 19170 18020 18870 73786.00 137580000
20121106 18520 18700 17650 18330 77680.00 141100000
20121105 19400 19400 18500 18720 77550.00 146250000
20121102 19910 20750 19450 19600 124128.00 247610000
20121101 18600 19450 18490 19260 100879.00 190950000
20121031 19060 19060 18030 18360 88227.00 161710000
20121030 19160 19400 18600 18680 75174.00 142640000
20121029 20200 20580 18400 19500 136015.00 262050000
20121026 19950 21110 19810 19920 136681.00 278950000
20121025 21150 21150 19900 19980 143846.00 294140000
20121024 18950 20780 18950 20780 205225.00 415620000
20121023 19060 19680 18780 18890 90736.00 174440000
20121022 18480 18850 18360 18780 66737.00 124510000
20121019 19200 19300 18500 18500 81999.00 154580000
20121018 19130 19640 18610 19210 114109.00 217650000
20121017 18910 19900 18770 19300 120703.00 235300000
20121016 18750 18970 18280 18900 105731.00 197050000
20121015 18900 19210 18160 18660 147744.00 276190000
20121012 17370 19300 17360 19010 229583.00 424470000
20121011 17190 18810 17010 17550 198347.00 356610000
20121010 16980 17670 16840 17270 161702.00 279430000
20121009 17260 17560 16780 17280 252060.00 432430000
20121008 15800 16280 15800 16280 88445.00 143480000
20120928 14360 14850 14280 14800 22393.00 32790000
20120927 13960 14490 13960 14350 15635.00 22360000
20120926 14500 14610 13960 13980 15971.00 22580000
20120925 14440 14600 14360 14490 11216.00 16250000
20120924 14290 14590 14050 14480 14080.00 20110000
20120921 14490 14750 14350 14400 12986.00 18890000
20120920 15120 15120 14420 14490 25665.00 37670000
20120919 15000 15160 14950 15110 11169.00 16830000
20120918 15130 15200 14880 14960 23343.00 35050000
20120917 15750 16240 15240 15240 40643.00 64260000
20120914 15650 15940 15470 15700 29434.00 46200000
20120913 15900 16000 15440 15470 31005.00 48680000
20120912 16010 16450 15700 15950 43509.00 69860000
20120911 15760 16120 15540 15980 47044.00 74610000
20120910 15680 15890 15530 15810 37193.00 58380000
20120907 15380 15960 15220 15680 51447.00 80540000
20120906 15100 15370 15000 15250 25508.00 38680000
20120905 14330 15380 14290 15190 41487.00 61990000
20120904 14740 14740 14330 14370 13138.00 19110000
20120903 14430 14770 14200 14660 15702.00 22890000
20120831 14400 14540 14300 14430 7624.00 10990000
20120830 14660 14830 14050 14400 20722.00 30010000
20120829 15030 15090 14610 14700 24483.00 36350000
20120828 14830 15160 14700 15070 17893.00 26810000
20120827 15200 15200 14780 14860 20979.00 31220000
20120824 15580 15640 15210 15240 34341.00 53040000
20120823 15150 15650 15110 15640 41536.00 64110000
20120822 15490 15490 15080 15150 23942.00 36480000
20120821 15100 15560 15060 15420 40429.00 62000000
20120820 14910 15250 14620 15100 18830.00 27980000
20120817 14870 15100 14850 14980 13094.00 19570000
20120816 14990 15030 14840 14870 13968.00 20830000
20120815 15220 15230 14930 15100 19484.00 29320000
20120814 14960 15300 14700 15260 33132.00 49750000
20120813 15900 15900 14910 14940 54661.00 84230000
20120810 16100 16830 16010 16150 49897.00 81960000
20120809 15790 16160 15660 16100 46384.00 74250000
20120808 15850 15890 15550 15810 34888.00 54850000
20120807 15380 16190 15300 15930 59138.00 94160000
20120806 14700 15460 14700 15410 40727.00 61700000
20120803 14500 14990 14300 14950 36021.00 53040000
20120802 14680 14830 14330 14450 20058.00 29070000
20120801 14600 14950 14580 14780 16725.00 24760000
20120731 14820 14990 14580 14580 14936.00 22070000
20120730 15500 15500 14840 14850 25548.00 38600000
20120727 15280 15530 15270 15350 17869.00 27480000
20120726 15380 15600 15240 15270 18253.00 28140000
20120725 15370 15680 15220 15400 22423.00 34650000
20120724 15100 15540 15010 15390 21885.00 33560000
20120723 15540 15540 15110 15200 26040.00 39810000
20120720 15580 16150 15520 15690 32004.00 50900000
20120719 15390 15840 15310 15610 30607.00 48020000
20120718 15470 15470 15010 15390 28230.00 43010000
20120717 15270 15600 15180 15490 24269.00 37340000
20120716 15300 15860 15280 15320 39020.00 60400000
20120713 17200 17200 15940 15940 87623.00 141690000
20120712 17650 18010 17310 17710 32931.00 58110000
20120711 17710 17880 17300 17840 25524.00 45000000
20120710 17610 17960 17520 17700 18294.00 32430000
20120709 17980 18400 17670 17700 31149.00 56210000
20120706 17900 18320 17610 18150 33541.00 60230000
20120705 18400 18400 17710 17760 50284.00 90370000
20120704 17750 19200 17750 18650 80672.00 150900000
20120703 17700 17970 17550 17730 25897.00 46010000
20120702 17670 18000 17510 17720 27785.00 49400000
20120629 17160 17550 16950 17510 28312.00 48910000
20120628 17600 17810 17140 17170 26750.00 46630000
20120627 17700 18090 17490 17550 26487.00 47220000
20120626 17800 17900 17400 17730 27079.00 47680000
20120625 18800 18860 17880 17940 38314.00 70110000
20120621 19460 19460 18910 18940 34480.00 65830000
20120620 19160 19590 19060 19450 34547.00 66930000
20120619 19350 19350 19030 19100 29301.00 56110000
20120618 19550 19600 19320 19400 28466.00 55380000
20120615 19350 19580 19020 19400 33184.00 64120000
20120614 19300 19690 19210 19280 34286.00 66510000
20120613 18950 19440 18880 19380 32720.00 62860000
20120612 19200 19250 18840 18940 27114.00 51460000
20120611 18880 19470 18880 19300 29529.00 56660000
20120608 19500 19630 18800 18840 36073.00 68960000
20120607 19660 19750 19190 19260 27326.00 53250000
20120606 19460 19690 19270 19360 25348.00 49310000
20120605 19690 19770 19130 19330 33597.00 65310000
20120604 20250 20410 19480 19510 56942.00 113690000
20120601 20810 21300 20630 20810 49168.00 102560000
20120531 20260 21220 20030 20960 65557.00 136350000
20120530 20940 20940 20420 20510 54294.00 111790000
20120529 19820 21260 19820 20950 107143.00 220870000
20120528 19520 19700 18780 19680 54153.00 104420000
20120525 20350 20550 19540 19730 59340.00 117960000
20120524 20600 20640 20110 20270 64503.00 130870000
20120523 21500 21500 20630 20740 70723.00 148290000
20120522 21210 22000 21210 21520 62477.00 135140000
20120521 20800 21610 20700 21110 58461.00 123690000
20120518 22620 22620 21020 21160 101964.00 220430000
20120517 23500 23500 22550 22620 86059.00 197080000
20120516 50250 51420 48500 48800 46413.00 229740000
20120515 48660 51300 47120 50660 54900.00 271180000
20120514 52400 53570 49010 49080 70948.00 364050000
20120511 49560 53800 49060 51150 89525.00 459890000
20120510 46200 49430 46200 49430 81095.00 390250000
20120509 45990 45990 44700 44940 30345.00 136750000
20120508 46450 46980 46010 46210 31283.00 145290000
20120507 44250 46770 43880 46550 44485.00 203320000
20120504 44480 44680 43550 44580 29622.00 130850000
20120503 43270 44870 43250 44400 30196.00 133680000
20120502 43300 43970 43080 43220 33324.00 145190000
20120427 43300 44380 41010 43000 56729.00 243170000
20120425 45700 46500 45150 45150 50479.00 228940000
20120424 48750 50200 47890 50170 32654.00 160130000
20120423 52200 52280 48800 49350 51696.00 260180000
20120420 49800 52350 49580 52150 54106.00 278030000
20120419 50010 50400 49500 49870 25280.00 126120000
20120418 49290 50080 48700 49980 32093.00 159360000
20120417 50480 50900 48850 49000 34101.00 168870000
20120416 50610 51880 50120 50540 36715.00 187260000
20120413 50670 51840 49900 51240 47026 239794000
20120412 49920 50900 48650 50670 45579 227733000
20120411 49600 51800 49030 50110 42117 213005000
20120410 50100 51150 47800 50700 54485 269757000
20120409 51840 52990 50010 50750 55600 288440000
20120406 51020 52000 49860 52000 80563 409843000
20120405 46010 49640 46010 49140 65852 316070000
20120330 48100 48390 44800 46000 55937 258137000
20120329 47810 48540 47150 47960 41369 198704000
20120328 50010 50770 47600 48000 78007 380874000
20120327 51600 52800 51030 51490 29211 151398000
20120326 54000 54270 50500 51300 38843 200916000
20120323 53930 54780 53410 53900 32586 175668000
20120322 54650 57000 54260 55100 44485 249325000
20120321 54500 54990 53010 54960 33136 178944000
20120320 57100 57100 53870 54380 52405 289086000
20120319 54000 58300 53680 57380 64496 362889000
20120316 53700 54700 52900 54210 53000 285445000
20120315 54510 55600 52660 53530 66190 358397000
20120314 60270 60900 54000 54600 99926 568738000
20120313 59010 60590 57900 59970 49288 292467000
20120312 58540 59990 57460 59140 49886 292700000
20120309 59110 61370 57100 57750 99752 588896000
20120308 54800 60000 54010 59100 78935 447722000
20120307 53800 55300 53300 54620 53936 292687000
20120306 53350 56750 53010 54400 87766 478860000
20120305 51000 55220 50440 53770 103626 550503000
20120302 45970 50200 45940 50200 89188 435928000
20120301 45300 46150 45050 45640 33630 153696000
20120229 46020 46680 45260 45610 52287 239719000
20120228 44230 47000 44230 45900 100874 459158000
20120227 42270 45370 41900 43290 95874 418998000
20120224 41880 42670 41500 42140 47947 201472000
20120222 41600 42080 41110 41880 43569 181748000
20120221 41510 42100 40510 41500 47605 196064000
20120220 41760 42550 41370 41560 45455 190398000
20120217 41670 41880 40700 41400 24919 102735000
20120216 41550 41880 40950 41650 40882 169215000
20120215 40050 42030 39840 41810 71234 293552000
20120214 40800 40890 39880 40110 32447 130486000
20120213 39710 41200 39400 40790 45480 183830000
20120210 40600 41550 40130 40250 52757 215410000
20120209 40510 40780 40280 40720 40126 162632000
20120208 39210 41030 39210 40800 59512 240298000
20120207 39990 40000 38780 39000 35146 138085000
20120206 40860 40900 39800 40150 39737 160096000
20120203 40100 40600 39770 40480 46653 188043000
20120202 39810 40360 39030 40170 43276 172348000
20120201 39730 41380 39560 39960 56678 230185000
20120131 40050 40280 39380 39930 32542 129471000
20120130 39480 40600 39230 40180 65016 260593000
20120120 37800 40030 37800 40030 99585 395533000
20120119 35380 36680 35380 36390 17720 64156000
20120118 37580 38400 35510 35600 32284 119203000
20120117 34820 37880 34820 37620 32812 120294000
20120116 37100 37400 35280 35280 31529 113418000
20120113 37880 38850 36980 37420 42619 160962000
20120112 38900 39760 37880 38100 50798 196610000
20120111 39200 39800 38700 38900 43012 167951000
20120110 38600 39770 38220 39500 68613 268036000
20120109 36740 39300 36480 39080 80720 309044000
20120106 34450 37680 34200 36940 52798 189548000
20120105 35980 36280 34100 34850 46188 162388000
20120104 36000 36860 35710 36290 55768 202328000
20111230 34500 37480 34230 36100 78312 281968000
20111229 34500 35300 34000 34080 74121 256992000
20111228 35580 37500 35300 35650 133414 482282000
