20191129 9830 9940 9670 9750 266304 260354326 2.75 0.65 -0.61 137370 128935 1.07 1.03
20191128 10020 10060 9780 9810 272695 269235312 2.79 0.66 -2.10 162833 109862 1.48 1.05
20191127 9800 10160 9670 10020 595493 594598304 5.01 1.33 2.35 263342 332151 0.79 2.30
20191126 9690 9960 9530 9790 664103 648550608 4.53 1.33 3.05 322988 341115 0.95 2.56
20191125 9180 9510 9170 9500 321294 301245008 3.71 0.67 3.71 143620 177674 0.81 1.24
20191122 9300 9420 9100 9160 203423 188446583 3.45 0.45 -1.29 97079 106345 0.91 0.78
20191121 9420 9460 9210 9280 282668 263530699 2.62 0.68 -2.73 153982 128686 1.20 1.09
20191120 9750 10080 9530 9540 775426 755129952 5.77 2.81 0.10 405678 369749 1.10 2.99
20191119 9000 9810 8940 9530 916821 864971936 9.75 8.10 6.84 411838 504983 0.82 3.54
20191118 8780 9250 8720 8920 206616 186172597 6.06 1.96 2.06 94080 112536 0.84 0.80
20191115 8790 8830 8690 8740 73201 64140534 1.59 0.61 -0.57 41861 31340 1.34 0.28
20191114 8900 8900 8720 8790 99543 87473869 2.04 0.80 -0.23 62457 37086 1.68 0.38
20191113 8770 8930 8700 8810 82918 73268378 2.60 0.67 -0.45 42986 39932 1.08 0.32
20191112 9000 9000 8730 8850 103942 91683713 3.03 0.82 -0.78 63942 40000 1.60 0.40
20191111 8960 9120 8870 8920 168475 151479281 2.83 1.34 0.90 91105 77371 1.18 0.65
20191108 8970 9090 8800 8840 141853 126882134 3.25 1.21 -0.79 66080 75773 0.87 0.55
20191107 8700 8920 8680 8910 124414 109619145 2.76 1.17 2.30 57545 66870 0.86 0.48
20191106 8770 8830 8660 8710 84711 74049346 1.93 0.71 -1.02 45779 38932 1.18 0.33
20191105 8810 8950 8720 8800 117218 102904226 2.59 0.87 -0.79 63203 54016 1.17 0.45
20191104 8950 8950 8590 8870 161014 141058594 4.03 1.19 -0.67 94626 66388 1.43 0.62
20191101 8930 8960 8840 8930 100079 88975403 1.34 0.71 -0.22 55977 44102 1.27 0.39
20191031 8990 9070 8910 8950 67802 60929377 1.78 0.45 -0.44 35068 32733 1.07 0.26
20191030 9070 9210 8810 8990 147008 132205821 4.33 1.08 -2.60 84988 62021 1.37 0.57
20191029 9190 9280 9060 9230 201525 185398764 2.39 1.70 0.44 100206 101319 0.99 0.78
20191028 9190 9280 9110 9190 158828 145842889 1.87 1.36 0.88 71598 87230 0.82 0.61
20191025 9240 9280 8500 9110 131314 119429709 8.45 1.17 -1.30 68970 62344 1.11 0.51
20191024 9240 9360 9150 9230 118423 109344270 2.28 1.01 0.33 59750 58673 1.02 0.46
20191023 9230 9290 9150 9200 72741 67032652 1.53 0.55 0.22 31347 41394 0.76 0.28
20191022 9170 9300 9090 9180 112176 103302194 2.29 0.80 0.11 50325 61852 0.81 0.43
20191021 8930 9230 8830 9170 151079 137638623 4.48 1.07 2.80 56469 94610 0.60 0.58
20191018 8880 8960 8800 8920 108952 96663460 1.80 0.71 0.56 46943 62010 0.76 0.42
20191017 8670 8910 8670 8870 141023 124417221 2.76 0.92 2.07 58811 82211 0.72 0.54
20191016 8910 8950 8660 8690 144005 125894666 3.23 1.01 -3.23 89452 54553 1.64 0.56
20191015 9000 9060 8640 8980 152390 135272286 4.61 1.19 -1.43 92086 60303 1.53 0.59
20191014 9070 9130 8940 9110 156345 141432838 2.10 1.39 0.66 88754 67591 1.31 0.60
20191011 8910 9180 8770 9050 176383 157673865 4.63 1.80 2.14 93360 83023 1.12 0.68
20191010 8900 9030 8830 8860 134980 120047206 2.28 1.44 1.03 84580 50400 1.68 0.52
20191009 8890 8900 8600 8770 92332 80983000
20191008 8880 9000 8830 8900 78851 70217904 1.90 0.70 -0.78 38330 40521 0.95 0.30
20190930 9050 9050 8910 8970 81329 73048526 1.56 0.63 0.00 35980 45349 0.79 0.31
20190927 8940 9060 8940 8970 103106 92788200 1.33 0.76 -0.55 41843 61263 0.68 0.40
20190926 9200 9230 8940 9020 113818 103332077 3.19 0.80 -0.66 60784 53035 1.15 0.44
20190925 9390 9480 9010 9080 131445 121284000
20190924 9490 9510 9370 9430 130225 123045273 1.49 0.84 0.53 53261 76964 0.69 0.50
20190923 9560 9560 9300 9380 164701 155129042 2.72 1.10 -1.78 93658 71043 1.32 0.64
20190920 9500 9630 9400 9550 136634 129875939 2.43 0.88 0.95 63138 73496 0.86 0.53
20190919 9450 9560 9310 9460 150119 141919599 2.66 0.94 0.75 67271 82848 0.81 0.58
20190918 9470 9600 9390 9390 151831 143982909 2.23 0.96 -0.32 75384 76447 0.99 0.59
20190917 9470 9550 9360 9420 170254 161211532 2.01 1.07 -0.42 96310 73943 1.30 0.66
20190916 9530 9550 9430 9460 142358 134917488 1.26 0.85 -0.73 89514 52844 1.69 0.55
20190912 9560 9640 9490 9530 157745 150357232 1.58 0.84 0.32 83759 73986 1.13 0.61
20190911 9480 9550 9440 9500 177114 168306000
20190910 9510 9570 9420 9450 142558 135216921 1.58 0.71 -0.74 87450 55108 1.59 0.55
20190909 9400 9590 9360 9520 175936 167139427 2.44 0.88 0.95 91677 84259 1.09 0.68
20190906 9400 9530 9220 9430 185473 173833812 3.32 0.94 0.96 81017 104456 0.78 0.72
20190905 9460 9640 9300 9340 261963 247379896 3.59 1.50 -1.27 149688 112275 1.33 1.01
20190904 8960 9510 8920 9460 281626 261571593 6.58 1.94 5.46 107587 174039 0.62 1.09
20190903 9050 9070 8950 8970 96632 86946000
20190902 8840 9070 8790 9050 173296 155574000
20190830 8880 9050 8770 8920 174406 155173384 3.16 1.26 0.56 84470 89936 0.94 0.67
20190829 8820 8970 8740 8870 146917 130231797 2.62 1.11 1.03 73289 73628 1.00 0.57
20190828 8870 8910 8740 8780 134454 118375842 1.93 0.99 -0.34 79684 54770 1.45 0.52
20190827 8750 9090 8710 8810 185779 164911913 4.38 1.43 1.61 99742 86037 1.16 0.72
20190826 8380 8670 8360 8670 117769 100835262 3.62 0.83 1.17 60398 57371 1.05 0.45
20190823 8680 8690 8500 8570 105460 90413979 2.19 0.63 -1.15 60716 44744 1.36 0.41
20190822 8750 8760 8650 8670 116017 100820017 1.26 0.66 -0.91 73491 42526 1.73 0.45
20190821 8810 8850 8680 8750 153863 134349340 1.92 0.90 -1.13 94647 59217 1.60 0.59
20190820 8860 8920 8720 8850 154221 136100732 2.25 0.88 -0.34 83430 70792 1.18 0.59
20190819 8820 8970 8730 8880 177704 157143898 2.73 1.09 1.02 95313 82391 1.16 0.69
20190816 8580 8840 8520 8790 235693 205712294 3.76 1.72 3.29 93943 141749 0.66 0.91
20190815 8630 8630 8380 8510 154860 131386946 2.86 1.29 -2.52 94410 60450 1.56 0.60
20190814 8810 8820 8710 8730 135992 119018263 1.25 1.27 -0.46 63570 72422 0.88 0.52
20190813 8730 8790 8470 8770 171120 148174878 3.66 1.76 0.34 84468 86653 0.97 0.66
20190812 8910 8920 8650 8740 118344 103550000
20190809 9040 9080 8770 8770 104007 92491499 3.45 1.07 -2.45 49674 54333 0.91 0.40
20190808 9080 9140 8990 8990 71637 64754661 1.66 0.71 -0.66 43675 27962 1.56 0.28
20190807 9160 9200 8950 9050 70486 63869311 2.73 0.61 -1.09 40156 30330 1.32 0.27
20190806 9190 9250 8700 9150 121349 109367925 5.88 0.90 -2.24 61432 59917 1.03 0.47
20190805 9550 9550 9350 9360 66750 63066218 2.08 0.42 -2.50 41729 25021 1.67 0.26
20190802 9480 9600 9210 9600 156893 147162028 4.05 1.03 -0.21 76286 80607 0.95 0.61
20190801 9500 9720 9480 9620 89157 85687314 2.51 0.59 0.42 50611 38546 1.31 0.34
20190731 9830 9840 9550 9580 142155 137730930 2.92 1.04 -3.62 87016 55139 1.58 0.55
20190730 10000 10040 9720 9940 218055 215028616 3.20 1.81 -0.50 127702 90352 1.41 0.84
20190729 10380 10380 9970 9990 197282 198940917 3.96 1.92 -3.48 123787 73494 1.68 0.76
20190726 10540 10690 10330 10350 115456 120511066 3.40 0.86 -2.36 71103 44353 1.60 0.45
20190725 10740 10780 10510 10600 80337 85223331 2.51 0.48 -1.30 50805 29532 1.72 0.31
20190724 10840 10950 10710 10740 74457 80619653 2.21 0.44 -1.29 54858 19599 2.80 0.29
20190723 11280 11320 10800 10880 133969 147015744 4.56 0.82 -4.56 73088 60882 1.20 0.52
20190722 11540 11600 11110 11400 110346 124391977 4.25 0.69 -1.04 57777 52570 1.10 0.43
20190719 11550 12190 11440 11520 270855 319592080 6.49 2.26 -0.26 126341 144514 0.87 1.04
20190718 10970 11760 10890 11550 252925 289476160 7.85 2.67 4.24 111241 141684 0.79 0.98
20190717 11010 11140 10940 11080 86650 95704283 1.82 1.02 0.64 48116 38534 1.25 0.33
20190716 10750 11070 10750 11010 98090 107090833 2.96 1.30 1.85 48976 49115 1.00 0.38
20190715 10520 10830 10400 10810 96625 102528558 4.11 1.20 3.44 50130 46495 1.08 0.37
20190712 10420 10600 10320 10450 63930 66702153 2.69 0.72 0.29 34808 29121 1.20 0.25
20190711 10590 10590 10180 10420 128958 132966616 3.90 1.76 -0.95 71823 57134 1.26 0.50
20190710 10670 10730 10420 10520 38400 40574975 2.91 0.47 -1.41 22542 15859 1.42 0.15
20190709 10600 10790 10550 10670 50516 53919697 2.25 0.54 -0.19 28364 22152 1.28 0.19
20190708 11000 11030 10600 10690 121665 131661376 3.89 1.42 -3.26 74018 47648 1.55 0.47
20190705 10900 11170 10830 11050 102326 112843544 3.12 1.23 1.38 58710 43616 1.35 0.39
20190704 11010 11060 10850 10900 52872 57801419 1.91 0.60 -1.00 31273 21599 1.45 0.20
20190703 11100 11120 10930 11010 78174 86102628 1.71 0.94 -0.81 35007 43167 0.81 0.30
20190702 11000 11170 10820 11100 112676 123389762 3.18 1.38 0.91 55670 57006 0.98 0.43
20190701 11090 11150 10910 11000 82095 90343283 2.20 1.00 0.73 47632 34462 1.38 0.32
20190628 11190 11190 10750 10920 88545 96719710 3.95 0.91 -2.06 49207 39338 1.25 0.34
20190627 11240 11300 11060 11150 78384 87456102 2.14 0.82 -0.62 46353 32032 1.45 0.30
20190626 11200 11380 11130 11220 53551 60353571 2.23 0.53 0.18 26657 26894 0.99 0.21
20190625 11400 11480 11070 11200 105263 117913060 3.58 1.10 -2.10 61608 43655 1.41 0.41
20190624 11450 11520 11350 11440 84339 96432122 1.48 0.92 -0.69 38843 45496 0.85 0.33
20190621 11330 11600 11300 11520 167598 191885439 2.65 1.91 1.59 71552 96045 0.74 0.65
20190620 11270 11440 11210 11340 69888 79174438 2.04 0.71 0.44 35427 34461 1.03 0.27
20190619 11430 11550 11230 11290 82038 93457148 2.81 0.72 -0.79 41578 40460 1.03 0.32
20190618 11200 11430 11100 11380 73659 83299260 2.94 0.62 1.43 18879 54781 0.34 0.28
20190617 11470 11470 11200 11220 65511 74286787 2.39 0.53 -0.53 27665 37846 0.73 0.25
20190614 11380 11520 11260 11280 147689 168282691 2.27 1.35 -1.31 57854 89835 0.64 0.57
20190613 11230 11550 11080 11430 124530 141095949 4.19 1.31 1.78 44519 80011 0.56 0.48
20190612 10810 11300 10810 11230 157294 175172504 4.50 2.23 3.22 59408 97886 0.61 0.61
20190611 10500 10960 10450 10880 101774 109562142 4.80 1.74 2.45 42489 59284 0.72 0.39
20190610 10920 11010 10550 10620 88840 95400253 4.19 1.71 -3.19 54814 34026 1.61 0.34
20190606 11080 11140 10730 10970 76465 83531941 3.72 1.61 -0.54 32345 44120 0.73 0.29
20190605 17440 17860 17440 17590 51637 91175096 2.42 1.07 1.21 23201 28436 0.82 0.31
20190604 17350 17450 17260 17380 33285 57838500 1.10 0.58 0.52 15237 18048 0.84 0.20
20190603 17380 17460 17120 17290 42485 73322990 1.95 0.68 -0.86 22871 19613 1.17 0.26
20190531 17530 17590 17240 17440 56012 97276753 2.01 0.74 -0.06 31461 24551 1.28 0.34
20190530 17490 17590 17360 17450 53611 93616389 1.32 0.70 0.00 33802 19809 1.71 0.33
20190529 17700 17740 17350 17450 56034 97895000
20190528 18210 18210 17600 17740 80058 143420240 3.35 0.97 -2.53 51103 28955 1.76 0.49
20190527 18200 18400 17910 18200 67693 122990132 2.70 0.66 0.17 33684 34009 0.99 0.41
20190524 18400 18760 18010 18170 118992 218693259 4.23 1.28 2.54 52062 66929 0.78 0.73
20190523 17690 17870 17420 17720 60925 107415802 2.53 0.69 -0.28 30287 30638 0.99 0.37
20190522 17440 17980 17120 17770 95792 167174305 4.93 1.17 1.83 44650 51142 0.87 0.58
20190521 17780 17780 17200 17450 67880 118401667 3.26 0.82 -1.97 39398 28482 1.38 0.41
20190520 18510 18650 16710 17800 170281 295475360 10.45 2.77 -4.15 84817 85464 0.99 1.04
20190517 18780 18920 18510 18570 68353 128272752 2.18 1.03 -1.28 43245 25108 1.72 0.42
20190516 18680 18840 18660 18810 40909 76663429 0.96 0.57 0.43 24657 16252 1.52 0.25
20190515 18710 18840 18650 18730 62679 117297702 1.02 0.79 0.16 41720 20958 1.99 0.38
20190514 18880 19050 18630 18700 71114 133459757 2.22 0.83 -1.37 43813 27301 1.60 0.43
20190513 19220 19230 18950 18960 64450 123037379 1.46 0.63 -1.35 39198 25252 1.55 0.39
20190510 19080 19290 18900 19220 91752 175765268 2.05 0.82 1.05 48760 42992 1.13 0.56
20190509 18880 19210 18880 19020 69186 131813716 1.71 0.54 -1.25 44519 24667 1.80 0.42
20190508 19090 19490 19010 19260 98066 189120484 2.49 0.79 -0.21 63800 34266 1.86 0.60
20190507 19150 19480 19130 19300 107478 207520485 1.83 0.89 1.10 64497 42981 1.50 0.66
20190506 19200 19770 18810 19090 141363 271545008 4.91 1.26 -2.35 82762 58601 1.41 0.86
20190430 19320 19630 19180 19550 143580 279556848 2.33 1.34 1.24 63956 79624 0.80 0.88
20190429 18920 19660 18920 19310 155476 300430944 3.93 1.45 2.49 80414 75062 1.07 0.95
20190426 18710 19090 18620 18840 70868 133903177 2.51 0.69 0.43 38462 32406 1.19 0.43
20190425 19300 19300 18720 18760 94890 179868311 3.01 1.00 -2.75 62535 32355 1.93 0.58
20190424 19250 19430 19100 19290 95145 183580711 1.72 1.06 0.26 46745 48400 0.97 0.58
20190423 19170 19400 18770 19240 118308 226355005 3.27 1.49 0.00 65674 52633 1.25 0.72
20190422 18850 19550 18700 19240 158522 303577104 4.54 2.42 2.72 77807 80715 0.96 0.97
20190419 18630 18760 18600 18730 46998 87786117 0.86 0.61 0.21 26248 20750 1.26 0.29
20190418 18790 18790 18630 18690 54671 102292127 0.85 0.66 -0.64 34596 20075 1.72 0.33
20190417 18860 18980 18660 18810 68345 128520837 1.70 0.78 -0.32 38744 29600 1.31 0.42
20190416 18600 18890 18520 18870 68950 129143777 1.98 0.71 0.86 30719 38230 0.80 0.42
20190415 19090 19180 18670 18710 89028 168932018 2.68 0.78 -1.84 54286 34742 1.56 0.54
20190412 18840 19130 18710 19060 103931 195916888 2.23 0.86 1.38 45505 58426 0.78 0.63
20190411 18730 18940 18640 18800 81310 152736226 1.60 0.58 0.32 45605 35704 1.28 0.50
20190410 18600 18920 18590 18740 94267 176850338 1.76 0.65 0.16 49609 44658 1.11 0.57
20190409 18990 18990 18680 18710 119004 223920766 1.63 0.78 -1.89 75835 43169 1.76 0.73
20190408 19030 19170 18570 19070 175560 331672176 3.16 1.26 0.47 104585 70975 1.47 1.07
20190404 19200 19360 18950 18980 136324 260451681 2.13 0.94 -1.45 87126 49198 1.77 0.83
20190403 19700 19780 19140 19260 173511 336136624 3.25 1.42 -2.13 108454 65057 1.67 1.06
20190402 19870 19870 19630 19680 118520 233867780 1.21 1.05 -0.61 62153 56368 1.10 0.72
20190401 19530 19890 19460 19800 163568 322608592 2.20 1.68 1.38 79037 84531 0.94 1.00
20190329 19480 19610 19120 19530 106098 205980040 2.52 1.06 0.36 51632 54466 0.95 0.65
20190328 18710 19640 18440 19460 162045 309784608 6.41 1.78 4.01 70595 91449 0.77 0.99
20190327 18900 19070 18510 18710 61057 114273778 2.96 0.58 -0.95 36200 24857 1.46 0.37
20190326 19290 19350 18870 18890 71167 135629671 2.50 0.60 -1.46 43741 27426 1.59 0.43
20190325 19100 19360 18990 19170 87047 167171006 1.89 0.71 -1.84 43139 43908 0.98 0.53
20190322 19850 19850 19400 19530 117839 230798826 2.27 0.90 -1.36 72333 45506 1.59 0.72
20190321 19820 19900 19710 19800 117194 232210622 0.96 0.81 -0.10 60411 56783 1.06 0.71
20190320 19760 19950 19520 19820 129614 256086918 2.19 0.90 0.76 68072 61542 1.11 0.79
20190319 19310 19800 19310 19670 143104 280448592 2.54 0.98 1.97 67345 75759 0.89 0.87
20190318 19380 19390 19110 19290 107249 206640908 1.44 0.71 -0.46 56784 50465 1.13 0.65
20190315 19440 19600 19100 19380 158807 306710848 2.56 1.04 -0.62 90801 68005 1.34 0.97
20190314 19270 19800 18630 19500 184739 355167424 6.11 1.20 1.77 95496 89244 1.07 1.13
20190313 19700 19700 19050 19160 123218 237347899 3.30 0.76 -2.74 74406 48812 1.52 0.75
20190312 20000 20020 19540 19700 156713 310395600 2.46 0.96 0.87 84227 72487 1.16 0.96
20190311 19080 19660 19070 19530 130727 254460915 3.10 0.76 2.57 62710 68018 0.92 0.80
20190308 19600 19670 19020 19040 166660 322847904 3.23 1.07 -5.27 101594 65066 1.56 1.02
20190307 20440 20440 19880 20100 194572 391725968 2.74 1.44 -1.81 115505 79066 1.46 1.19
20190306 20780 20840 20350 20470 163275 335420288 2.37 1.28 -0.92 96159 67116 1.43 1.00
20190305 20360 20880 20300 20660 158327 326269696 2.85 1.20 1.62 79522 78805 1.01 0.97
20190304 20270 20600 20200 20330 182329 370616704 1.98 1.32 0.59 110802 71527 1.55 1.11
20190301 20410 20420 20040 20210 82586 166857586 1.86 0.53 -0.98 46066 36520 1.26 0.50
20190228 20460 20480 20260 20410 91089 185451248 1.08 0.49 0.64 46776 44313 1.06 0.56
20190227 20510 20750 20240 20280 124555 253925996 2.46 0.71 -1.98 78501 46054 1.70 0.76
20190226 21450 21560 20500 20690 179212 373001536 4.95 1.20 -3.36 108339 70873 1.53 1.09
20190225 21150 21800 21110 21410 210845 451639264 3.23 1.86 0.14 116573 94272 1.24 1.29
20190222 22600 22600 20800 21380 168214 359757536 8.04 1.85 -4.55 84048 84166 1.00 1.03
20190221 24200 24200 22050 22400 254023 592285856 9.75 5.27 1.59 127525 126498 1.01 1.55
20190219 21910 22130 21780 22050 61602 135312872 1.60 1.56 0.87 30198 31404 0.96 0.38
20190218 21200 21880 21200 21860 54773 118679633 3.21 1.71 3.16 21162 33611 0.63 0.33
20190215 20990 21350 20750 21190 29260 61798412 2.86 0.75 0.90 13098 16162 0.81 0.18
20190214 20990 22100 20800 21000 55229 117161714 6.40 1.26 3.45 24936 30293 0.82 0.34
20190213 20140 20320 20000 20300 40031 80874219 1.59 0.98 0.74 16749 23282 0.72 0.24
20190212 20060 20270 19820 20150 17586 35308182 2.26 0.41 1.26 6928 10658 0.65 0.11
20190211 19880 20080 19720 19900 18452 36773048 1.81 0.38 0.10 7754 10698 0.72 0.11
20190201 18990 19990 18990 19880 63801 125875345 5.21 1.48 3.60 22669 41132 0.55 0.50
20190131 18700 19590 18510 19190 79220 150779649 5.76 2.04 2.35 30436 48784 0.62 0.62
20190130 18700 18850 18480 18750 25328 47398099 1.98 0.65 0.11 12395 12934 0.96 0.20
20190129 18840 18840 18360 18730 28584 53303170 2.54 0.73 -0.74 11344 17241 0.66 0.22
20190128 18980 18980 18660 18870 45866 86279700 1.69 1.31 -0.05 16395 29470 0.56 0.36
20190125 19000 19000 18650 18880 36308 68351522 1.85 1.08 -0.11 12871 23437 0.55 0.28
20190124 18970 19000 18490 18900 58173 108888858 2.69 2.20 -0.47 29648 28525 1.04 0.46
20190123 19260 19260 18830 18990 26509 50394292 2.23 0.96 -1.35 14618 11891 1.23 0.21
20190122 19100 19600 19070 19250 28147 54302096 2.77 0.78 0.79 12224 15923 0.77 0.22
20190121 19080 19260 18770 19100 26559 50756375 2.57 0.77 0.21 13120 13439 0.98 0.21
20190118 19300 19350 19010 19060 28562 54628447 1.77 0.84 -0.68 16460 12102 1.36 0.22
20190117 19070 19330 19030 19190 22348 42865128 1.57 0.64 0.63 10611 11737 0.90 0.17
20190116 19400 19400 19020 19070 33086 63594973 1.93 0.90 -2.95 18227 14859 1.23 0.26
20190115 19950 19950 19750 19890 18915 37542745 1.00 0.62 -0.50 9713 9202 1.06 0.15
20190114 19950 19950 19750 19890 18915 37543000
20190111 20090 20090 19910 19990 25893 51678000
20190110 20130 20140 19920 20110 26562 53213000
20190109 20080 20240 19930 20170 43689 87573619 1.55 1.60 0.60 16098 27591 0.58 0.34
20190108 20100 20150 19910 20050 38682 77365144 1.19 1.31 -0.45 11786 26896 0.44 0.30
20190107 20180 20230 20110 20140 18291 36864805 0.59 0.56 -0.59 9478 8814 1.08 0.14
20190104 20000 20370 19740 20260 29850 60292912 3.13 0.95 0.55 10907 18943 0.58 0.23
20190103 20210 20360 20010 20150 18237 36776005 1.72 0.54 -1.23 11289 6949 1.62 0.14
20190102 20680 20680 20130 20400 31070 63064570 2.66 0.93 -1.21 17961 13109 1.37 0.24
20181228 20100 20900 19860 20650 50746 102753338 5.17 1.58 2.74 21944 28802 0.76 0.40
20181227 20160 20240 19990 20100 34475 69335741 1.24 1.10 -0.59 21543 12931 1.67 0.27
20181226 20270 20280 20100 20220 22182 44714587 0.89 0.68 -0.15 13870 8312 1.67 0.17
20181225 20200 20250 20050 20250 29652 59711819 0.99 0.84 0.05 15956 13696 1.17 0.23
20181224 20250 20340 20140 20240 29894 60408218 0.99 0.77 -0.30 15353 14541 1.06 0.23
20181221 20200 20370 20120 20300 44188 89380196 1.23 1.13 0.05 25177 19011 1.32 0.35
20181220 20200 20370 20100 20290 30310 61302990 1.33 0.71 0.05 13172 17139 0.77 0.24
20181219 20360 20360 20140 20280 28587 57788120 1.08 0.64 -0.25 18044 10543 1.71 0.22
20181218 20380 20550 20140 20330 42913 87001000
20181217 20390 20450 20010 20440 48566 98409398 2.15 1.04 0.05 25264 23302 1.08 0.38
20181214 20300 20550 20150 20430 45607 92581791 1.94 1.00 -0.73 24965 20642 1.21 0.36
20181213 20800 20900 20420 20580 47483 98064553 2.31 1.08 -1.06 27999 19485 1.44 0.37
20181212 20560 21010 20420 20800 38855 80931524 2.90 0.76 2.21 10204 28650 0.36 0.30
20181211 20400 20550 20110 20350 45225 91955948 2.18 0.82 0.94 18846 26380 0.71 0.35
20181210 20890 20890 20090 20160 56727 115897547 3.82 0.99 -3.68 32286 24441 1.32 0.44
20181207 21140 21200 20680 20930 39396 82384291 2.48 0.68 -0.10 18571 20825 0.89 0.31
20181206 21300 21500 20850 20950 39024 81971808 3.05 0.57 -1.64 21353 17671 1.21 0.31
20181205 21260 21560 20010 21300 76103 160041355 7.24 1.12 -0.56 34056 42047 0.81 0.60
20181204 22010 22010 21420 21420 63143 136725589 2.67 0.76 -2.99 39471 23672 1.67 0.49
20181203 22380 22470 21980 22080 70053 155246468 2.22 0.79 0.23 34196 35858 0.95 0.55
20181130 22020 22030 21770 22030 40015 87576003 1.18 0.39 0.27 17665 22350 0.79 0.31
20181129 21900 22050 21710 21970 94708 207002388 1.55 0.90 0.09 26095 68613 0.38 0.74
20181128 21820 21950 21640 21950 72366 157815533 1.42 0.61 0.60 22342 50024 0.45 0.57
20181127 22100 22130 21540 21820 138940 303211760 2.70 1.15 0.00 53046 85894 0.62 1.09
20181126 22060 22200 21710 21820 96149 210425617 2.22 0.71 -1.04 39544 56606 0.70 0.75
20181123 22130 22330 21700 22050 107409 236977557 2.84 0.73 -0.50 46397 61013 0.76 0.84
20181122 22090 22380 21650 22160 111632 247047198 3.30 0.67 0.27 39506 72126 0.55 0.87
20181121 21840 22450 21810 22100 134449 298023312 2.88 0.75 -0.41 42177 92272 0.46 1.05
20181120 21780 22700 21570 22190 156773 348116000
20181119 22000 22000 21500 21790 165276 360040000
20181116 21090 22040 20800 21780 171009 364855000
20181115 20100 21200 20100 21000 201159 418104576 5.40 0.81 3.09 66856 134303 0.50 1.58
20181114 20200 20520 19830 20370 203793 411000560 3.45 0.65 1.85 83175 120618 0.69 1.60
20181113 19990 20490 19770 20000 185834 373313168 3.56 0.66 -1.23 74465 111369 0.67 1.46
20181112 20150 20790 19860 20250 200945 406481632 4.59 0.81 0.00 83399 117547 0.71 1.57
20181109 19290 20580 18620 20250 349170 682916224 10.10 1.88 4.38 173511 175658 0.99 2.73
20181108 18570 19880 18310 19400 295375 557409648 8.37 2.25 3.47 127434 167941 0.76 2.31
20181107 18230 19200 18230 18750 531268 977021504 4.79 16.98 -7.41 237264 294004 0.81 4.16
20180611 32990 32990 32080 32500 27448 89231820 2.77 0.74 -0.91 15483 11966 1.29 0.34
20180608 33500 33500 32400 32800 34233 112248814 3.31 0.98 -1.35 18535 15698 1.18 0.43
20180607 32990 33900 32990 33250 39419 132163327 2.77 1.26 1.37 17035 22384 0.76 0.49
20180606 32900 33210 32400 32800 22967 75266577 2.47 0.73 0.21 12321 10646 1.16 0.29
20180605 33400 33400 31500 32730 32406 105163226 5.69 1.16 -1.95 16891 15515 1.09 0.41
20180604 34880 34980 32580 33380 57641 193858896 6.86 2.91 -4.63 33678 23963 1.41 0.72
20180601 35120 35180 34830 35000 22656 79288890 1.00 1.26 -0.28 8887 13769 0.65 0.28
20180531 34820 35180 34820 35100 20234 70851669 1.03 1.15 0.89 8376 11857 0.71 0.25
20180530 34700 35490 34610 34790 24207 84577549 2.50 1.41 -1.16 13220 10988 1.20 0.30
20180529 35000 35300 34920 35200 15161 53175765 1.08 0.85 0.00 6988 8173 0.85 0.19
20180528 35180 35480 34840 35200 16890 59377414 1.82 0.90 0.14 7987 8903 0.90 0.21
20180525 35020 35300 34730 35150 13183 46195759 1.62 0.70 -0.28 7772 5411 1.44 0.17
20180524 35500 35850 35020 35250 18558 65398301 2.33 0.91 -1.12 10875 7683 1.42 0.23
20180523 35500 35950 35330 35650 22198 79261326 1.74 0.90 0.14 11029 11169 0.99 0.28
20180522 35320 35660 35030 35600 18213 64554491 1.78 0.79 0.68 7132 11081 0.64 0.23
20180521 34880 35480 34870 35360 21327 74991891 1.75 0.96 1.38 8875 12452 0.71 0.27
20180518 34980 35080 34710 34880 13851 48328385 1.06 0.62 -0.31 5369 8482 0.63 0.17
20180517 35350 36000 34800 34990 26450 93595894 3.40 1.35 -0.85 13806 12644 1.09 0.33
20180516 34500 35560 34500 35290 43177 152046326 3.06 2.76 1.85 13856 29321 0.47 0.54
20180515 34680 34680 34350 34650 10576 36520970 0.96 0.58 0.61 4552 6024 0.76 0.13
20180514 34730 34790 34200 34440 17517 60297243 1.70 0.86 -0.84 10719 6798 1.58 0.22
20180511 34700 34860 34370 34730 14479 50213465 1.42 0.57 0.40 7551 6928 1.09 0.18
20180510 34820 34820 34370 34590 12093 41721801 1.29 0.41 -0.63 7073 5020 1.41 0.15
20180509 34190 34890 34010 34810 23601 81694497 2.58 0.82 2.23 8684 14917 0.58 0.30
20180508 34370 34500 33830 34050 24076 82076853 1.94 0.87 -1.56 15054 9022 1.67 0.30
20180507 34700 35040 34050 34590 27932 96370566 2.86 1.15 -0.03 15883 12049 1.32 0.35
20180504 35400 35650 34090 34600 39074 135673015 4.41 2.02 -2.18 24403 14671 1.66 0.49
20180503 34900 35550 34650 35370 33139 116670322 2.60 2.11 2.11 9305 23834 0.39 0.42
20180502 35000 35030 34400 34640 19499 67724760 1.80 1.24 -1.23 9632 9867 0.98 0.24
20180427 34350 35150 34270 35070 17975 62654092 2.57 1.19 2.27 5794 12181 0.48 0.23
20180426 34480 34930 34290 34290 12138 42027004 1.84 0.75 -1.35 6572 5566 1.18 0.15
20180425 34530 34970 34280 34760 14194 49393950 2.00 0.79 0.58 7206 6988 1.03 0.18
20180424 34300 34860 34030 34560 14860 51261053 2.42 0.78 0.82 6792 8068 0.84 0.19
20180423 34460 34800 33890 34280 19355 66132441 2.64 0.91 -0.58 11648 7707 1.51 0.24
20180420 34500 35010 34160 34480 15221 52772502 2.47 0.53 0.03 7723 7498 1.03 0.19
20180419 34530 34850 34070 34470 17360 59924848 2.26 0.44 -0.23 8675 8684 1.00 0.22
20180418 34760 34880 33800 34550 22625 77728664 3.12 0.54 -0.20 11662 10963 1.06 0.28
20180417 35150 35150 34500 34620 21173 73690621 1.86 0.50 -0.89 11158 10015 1.11 0.27
20180416 35600 35800 34800 34930 29890 105119757 2.81 0.73 -1.91 18765 11125 1.69 0.37
20180413 35090 35750 34750 35610 52232 184670978 2.84 1.37 1.25 25606 26626 0.96 0.65
20180412 33830 35800 33700 35170 72992 256328370 6.21 2.60 4.05 28873 44119 0.65 0.91
20180411 34240 34270 33800 33800 33078 112543969 1.38 1.18 -0.97 18941 14137 1.34 0.41
20180410 34280 34480 33800 34130 22373 76306140 1.98 0.73 -0.50 11897 10476 1.14 0.28
20180409 34520 34820 34300 34300 23845 82326955 1.51 0.84 -0.72 12178 11667 1.04 0.30
20180404 34250 34990 33920 34550 38251 132887214 3.15 1.60 1.59 13616 24634 0.55 0.48
20180403 33820 34260 33650 34010 22915 77811054 1.78 0.97 -0.70 11238 11677 0.96 0.29
20180402 33780 34430 33440 34250 32390 110652022 2.96 1.49 2.45 13940 18449 0.76 0.41
20180330 32000 33880 32000 33430 35092 116987362 5.91 1.65 5.03 13377 21714 0.62 0.44
20180329 31780 32100 31680 31830 12550 39964889 1.32 0.62 0.09 6330 6220 1.02 0.16
20180328 32160 32360 31600 31800 16639 53255750 2.36 0.86 -1.36 9488 7151 1.33 0.21
20180327 31960 32500 31950 32240 21903 70504460 1.72 1.28 1.03 12584 9319 1.35 0.27
20180326 30880 32050 30560 31910 22472 70877926 4.81 1.41 2.94 10910 11562 0.94 0.28
20180323 31410 31840 30760 31000 32678 102073104 3.35 2.75 -3.88 20173 12505 1.61 0.41
20180322 32600 32830 32000 32250 8261 26734027 2.55 0.67 -0.98 5716 2545 2.25 0.10
20180321 32810 32940 32530 32570 11562 37774701 1.26 0.87 0.03 6405 5157 1.24 0.14
20180320 32360 33150 32360 32560 10516 34329186 2.41 0.74 -0.70 5985 4531 1.32 0.13
20180319 33230 33450 32680 32790 16890 55503126 2.32 1.01 -1.32 9867 7023 1.40 0.21
20180316 33500 33860 33130 33230 12184 40731446 2.18 0.72 -0.66 8772 3412 2.57 0.15
20180315 33430 33760 33110 33450 10695 35759730 1.93 0.62 -0.68 5583 5112 1.09 0.13
20180314 33880 34490 33530 33680 16367 55656101 2.82 0.98 -0.97 9632 6735 1.43 0.21
20180313 34300 34330 34010 34010 14578 49794772 0.93 0.77 -0.67 9083 5495 1.65 0.18
20180312 33950 34530 33620 34240 29855 101989403 2.68 1.69 0.88 16565 13290 1.25 0.37
20180309 33660 34050 33620 33940 13360 45256078 1.27 0.73 0.24 6170 7190 0.86 0.17
20180308 33960 34170 33790 33860 11753 39846103 1.12 0.58 -0.32 6570 5183 1.27 0.15
20180307 34450 34700 33890 33970 14374 48958783 2.35 0.59 -1.36 8866 5508 1.61 0.18
20180306 33900 34920 33900 34440 25938 89698060 3.00 1.06 1.32 12643 13295 0.95 0.32
20180305 33580 34100 33300 33990 22657 76280635 2.41 0.96 2.26 6846 15810 0.43 0.28
20180302 32990 33320 32970 33240 16217 53809017 1.06 0.70 0.57 7083 9134 0.78 0.20
20180301 32600 33260 32600 33050 22053 72758505 2.01 0.99 0.76 8848 13205 0.67 0.28
20180228 32520 33160 32500 32800 34331 112840491 2.01 1.96 -0.33 16254 18077 0.90 0.43
20180227 32530 32960 32370 32910 26865 87465737 1.82 1.78 1.29 9869 16996 0.58 0.34
20180226 32850 32850 32210 32490 18614 60299789 1.96 1.12 -0.34 11696 6918 1.69 0.23
20180223 32580 32760 32400 32600 13836 45080370 1.10 0.58 -0.24 8661 5176 1.67 0.17
20180222 32220 32990 32140 32680 17836 57949337 2.64 0.68 1.68 9869 7967 1.24 0.22
20180214 32450 32450 31960 32140 10638 34115087 1.52 0.32 -0.03 6711 3927 1.71 0.13
20180213 31950 32370 31880 32150 14749 47281334 1.53 0.37 0.31 7741 7008 1.10 0.18
20180212 32650 32750 31210 32050 26303 84128451 4.76 0.54 -1.02 15529 10774 1.44 0.33
20180209 32400 32970 31810 32380 50231 162066091 3.59 1.13 0.28 28148 22083 1.27 0.63
20180208 32050 32450 31810 32290 29126 93767275 1.99 0.63 0.53 14452 14674 0.98 0.36
20180207 33500 33980 31910 32120 48045 157333393 6.30 1.07 -2.22 28002 20043 1.40 0.60
20180206 33040 33680 32650 32850 46801 154998893 3.12 1.24 -0.58 24239 22562 1.07 0.59
20180205 32550 33180 31210 33040 67579 217029393 5.96 2.52 0.00 34427 33152 1.04 0.85
20180202 32950 33230 32300 33040 31020 101554816 2.82 1.30 0.27 16511 14509 1.14 0.39
20180201 32980 33650 32310 32950 37225 122681860 4.04 1.98 -0.75 21753 15472 1.41 0.47
20180131 31300 34000 31300 33200 41809 137542369 7.81 3.04 -4.02 22477 19332 1.16 0.52
20180130 34610 34990 34150 34590 10434 36161931 2.43 0.64 -0.03 5431 5002 1.09 0.13
20180129 34490 35180 34350 34600 13651 47350956 2.41 0.76 0.32 7749 5902 1.31 0.17
20180126 34870 35160 34110 34490 16091 55586985 3.01 0.84 -1.09 10159 5933 1.71 0.20
20180125 35200 35480 34870 34870 11984 42002740 1.73 0.63 -1.27 6652 5332 1.25 0.15
20180124 35550 35640 34810 35320 16623 58647737 2.35 0.86 -0.14 8722 7902 1.10 0.21
20180123 36730 36730 35330 35370 22605 80910514 3.88 1.11 -2.00 15876 6729 2.36 0.28
20180122 35650 36440 35080 36090 22541 80614230 3.81 1.23 1.04 8712 13830 0.63 0.28
20180119 35800 35890 35350 35720 22126 78643880 1.51 1.35 0.17 9888 12238 0.81 0.28
20180118 35500 35900 35380 35660 11606 41297890 1.46 0.65 0.03 6121 5485 1.12 0.15
20180117 36130 36130 35300 35650 18315 65421477 2.31 0.97 -0.64 9771 8544 1.14 0.23
20180116 35160 36250 34780 35880 27643 98258156 4.22 1.64 3.04 12078 15566 0.78 0.35
20180115 35100 35150 34440 34820 11878 41249336 2.02 0.56 -0.80 6789 5089 1.33 0.15
20180112 34800 35210 34790 35100 12572 44029837 1.21 0.48 0.86 5739 6833 0.84 0.16
20180111 35100 35160 34390 34800 19407 67250743 2.20 0.77 -0.68 11373 8034 1.42 0.24
20180110 35050 35480 34610 35040 22531 79289436 2.50 0.93 0.55 10760 11770 0.91 0.28
20180109 35200 35730 34740 34850 18030 63394283 2.79 0.75 -1.78 12333 5697 2.16 0.23
20180108 35120 35890 34690 35480 34366 121802398 3.42 1.68 1.03 18887 15478 1.22 0.43
20180105 34140 35170 33860 35120 37383 129673556 3.86 3.91 3.35 14892 22491 0.66 0.47
20180104 33670 34300 33230 33980 14086 47816616 3.17 0.84 0.80 6842 7244 0.94 0.18
20180103 31920 34360 31920 33710 16671 56387413 7.11 1.00 -1.83 9632 7038 1.37 0.21
20180102 33750 34550 33730 34340 17056 58534363 2.41 4.97 1.06 7608 9448 0.81 0.21
20171229 33500 34130 33410 33980 17175 58063387 2.16 0.95 1.86 8199 8976 0.91 0.22
20171228 33700 33890 33200 33360 16072 53777523 2.05 0.83 -0.95 8428 7644 1.10 0.20
20171227 34260 34380 33390 33680 16518 56037442 2.89 0.93 -1.69 10964 5554 1.97 0.21
20171226 33780 34300 33530 34260 16428 55730705 2.27 1.00 0.79 6916 9512 0.73 0.21
20171225 34310 34830 33900 33990 19176 65841534 2.72 1.17 -0.61 10917 8259 1.32 0.24
20171222 33880 34880 33690 34200 22152 76087795 3.53 1.49 1.54 8983 13169 0.68 0.28
20171221 33150 33690 33000 33680 22976 76863835 2.08 1.71 1.63 9732 13244 0.73 0.29
20171220 33180 33460 33000 33140 8301 27565802 1.39 0.61 -0.15 5055 3246 1.56 0.10
20171219 33050 33380 32940 33190 9413 31219784 1.33 0.70 0.36 6044 3369 1.79 0.12
20171218 32800 33270 32620 33070 18894 62508298 1.99 1.53 1.44 10026 8868 1.13 0.24
20171215 32460 32650 32110 32600 14991 48655665 1.68 1.23 1.27 5692 9299 0.61 0.19
20171214 32500 32680 32060 32190 15447 49841092 1.91 1.31 -0.77 12050 3397 3.55 0.19
20171213 32360 32640 32150 32440 9674 31322340 1.52 0.68 0.56 6042 3632 1.66 0.12
20171212 32410 32410 31880 32260 8143 26250592 1.65 0.52 0.62 3067 5076 0.60 0.10
20171211 32070 32240 31840 32060 13426 43036804 1.25 0.79 -0.03 9807 3619 2.71 0.17
20171208 32150 32880 31960 32070 14011 45251622 2.86 0.73 -0.34 8409 5602 1.50 0.18
20171207 32110 32380 31750 32180 13694 43973847 1.96 0.70 -0.12 9795 3900 2.51 0.17
20171206 32470 32580 31550 32220 21872 69861738 3.20 1.12 0.16 16180 5692 2.84 0.27
20171205 32210 32950 32100 32270 14999 48401923 2.64 0.78 0.19 10472 4528 2.31 0.19
20171204 32090 32770 32050 32210 20695 67059703 2.24 1.09 0.25 15328 5367 2.86 0.26
20171201 31180 32160 31180 32130 24243 77033054 3.12 1.45 2.39 14218 10026 1.42 0.30
20171130 31820 31960 31150 31380 15527 48817770 2.53 0.92 -1.81 10941 4586 2.39 0.19
20171129 32230 32540 31620 31960 22397 71637615 2.86 1.37 -0.59 14775 7622 1.94 0.28
20171128 32100 32700 31910 32150 12686 40998697 2.46 0.73 0.00 7284 5402 1.35 0.16
20171127 33600 33680 32100 32150 20395 66302552 4.71 1.18 -4.20 12934 7461 1.73 0.26
20171124 33740 34200 33340 33560 12353 41575693 2.55 0.51 -0.53 7772 4581 1.70 0.15
20171123 33890 34520 33610 33740 16477 56296219 2.67 0.67 -1.00 8760 7717 1.14 0.21
20171122 35100 35300 33930 34080 19687 67525956 3.92 0.76 -2.49 13206 6482 2.04 0.25
20171121 34900 35470 34660 34950 17600 61555830 2.31 0.60 -0.34 9347 8253 1.13 0.22
20171120 34590 35280 34110 35070 20392 70767664 3.40 0.60 1.95 8472 11920 0.71 0.26
20171117 35900 36050 34030 34400 45826 160150275 5.63 1.54 -4.10 29295 16531 1.77 0.57
20171116 35970 36400 35380 35870 20156 72313907 2.84 0.63 -0.17 11111 9046 1.23 0.25
20171115 36000 36750 35800 35930 24978 90082852 2.65 0.66 0.36 12314 12664 0.97 0.31
20171114 36550 36970 35800 35800 35315 127928156 3.20 0.85 -2.05 19910 15405 1.29 0.44
20171113 35620 36880 35600 36550 44608 163241992 3.57 1.02 1.84 23305 21303 1.09 0.56
20171110 35990 36190 35700 35890 23350 83735866 1.36 0.49 -0.25 13362 9988 1.34 0.29
20171109 36020 36720 35650 35980 31963 115343325 2.97 0.71 -0.06 16513 15450 1.07 0.40
20171108 35400 36270 35000 36000 52907 190194337 3.62 1.45 2.48 23182 29725 0.78 0.66
20171107 33700 35810 33500 35130 55575 193971312 6.79 1.89 3.26 28814 26760 1.08 0.70
20171106 32920 34250 32910 34020 55222 186433265 4.06 2.25 2.97 23840 31381 0.76 0.69
20171103 32600 34590 32600 33040 43580 145610136 6.07 2.17 0.79 27600 15980 1.73 0.55
20171102 32800 32940 32300 32780 17598 57123000 1.96 0.86 0.24 12079 5519 2.19 0.22
20171101 32700 32990 32510 32700 10885 35626315 1.46 0.46 -0.21 6540 4345 1.51 0.14
20171031 33260 33460 32750 32770 20114 66323247 2.14 0.80 -1.35 13972 6142 2.27 0.25
20171030 33050 33580 32700 33220 30437 100831488 2.66 1.36 0.51 17589 12848 1.37 0.38
20171027 32880 33150 32800 33050 21349 70511101 1.07 1.03 0.76 8137 13212 0.62 0.27
20171026 32750 32900 32400 32800 19919 65329563 1.52 1.03 -0.21 10935 8984 1.22 0.25
20171025 32560 33000 32560 32870 25614 83883229 1.34 1.46 0.09 18389 7225 2.55 0.32
20171024 32850 33070 32200 32840 28836 93932057 2.64 1.67 -0.45 17089 11747 1.45 0.36
20171023 32860 33350 32600 32990 16157 53491982 2.29 0.87 0.52 8751 7406 1.18 0.20
20171020 32800 32970 32640 32820 12752 41874464 1.00 0.65 -0.12 7205 5547 1.30 0.16
20171019 32850 32980 32660 32860 13428 44095159 0.97 0.58 -0.03 8404 5024 1.67 0.17
20171018 32860 33080 32650 32870 16556 54388737 1.31 0.61 0.12 11047 5508 2.01 0.21
20171017 32320 33160 32280 32830 27188 89249950 2.72 0.95 1.52 11274 15914 0.71 0.34
20171016 32500 33230 32300 32340 22915 74869762 2.87 0.87 -0.12 14268 8647 1.65 0.29
20171013 32360 32500 32060 32380 18064 58384448 1.36 0.68 -0.06 10776 7288 1.48 0.23
20171012 32250 32550 31970 32400 31279 101124454 1.80 1.34 0.53 13121 18158 0.72 0.39
20171011 31600 32530 31460 32230 36460 116844467 3.38 1.96 1.93 13884 22575 0.62 0.46
20171010 31320 32030 31250 31620 34353 108675294 2.50 2.38 1.18 15355 18998 0.81 0.43
20171009 31210 32000 31210 31250 12161 38171588 2.53 0.89 0.22 6439 5722 1.13 0.15
20170929 31170 31900 31160 31180 19019 59886912 2.37 1.60 0.06 8413 10605 0.79 0.24
20170928 31500 31670 30990 31160 15006 46884839 2.16 1.29 -1.14 8471 6536 1.30 0.19
20170927 31830 31920 31520 31520 12271 38808739 1.26 1.10 -0.97 7099 5172 1.37 0.15
20170926 31870 32040 31730 31830 13740 43792383 0.97 1.36 -0.09 7142 6598 1.08 0.17
20170925 31760 32050 31760 31860 8659 27610171 0.91 0.79 0.03 4386 4274 1.03 0.11
20170922 31860 32090 31700 31850 9677 30856648 1.22 0.71 -0.09 6288 3390 1.85 0.12
20170921 32200 32290 31740 31880 13792 43982094 1.71 0.89 -0.99 10081 3711 2.72 0.17
20170920 32300 32300 32110 32200 9891 31865913 0.59 0.59 0.31 4717 5174 0.91 0.12
20170919 32260 32290 32020 32100 8355 26883901 0.84 0.42 -0.40 4111 4244 0.97 0.10
20170918 32300 32490 31730 32230 12973 41811473 2.35 0.58 -0.22 7039 5934 1.19 0.16
20170915 32350 32660 31700 32300 22763 73598464 2.97 1.01 0.00 13241 9521 1.39 0.29
20170914 32050 32970 31690 32300 23789 76800051 4.01 1.08 1.25 11116 12673 0.88 0.30
20170913 32080 32170 31680 31900 16575 52698508 1.53 0.68 -0.59 10527 6048 1.74 0.21
20170912 32410 32510 31910 32090 22546 72384630 1.85 0.96 -0.96 16012 6535 2.45 0.28
20170911 32990 32990 32010 32400 26859 86581998 2.99 1.12 -1.13 15383 11476 1.34 0.34
20170908 32800 33300 32700 32770 22390 73753376 1.82 0.98 -0.82 12003 10387 1.16 0.28
20170907 33380 33800 32900 33040 21465 71669393 2.70 0.99 -1.02 10632 10834 0.98 0.27
20170906 33130 33810 32800 33380 29510 98265941 3.07 1.47 1.37 12028 17482 0.69 0.37
20170905 32990 33300 32680 32930 16625 54645985 1.88 0.60 -0.18 9933 6693 1.48 0.28
20170904 33990 33990 32890 32990 29826 99207300 3.22 1.21 -3.54 19493 10334 1.89 0.51
20170901 33960 34210 33820 34200 17160 58322397 1.14 0.69 0.23 8687 8473 1.03 0.29
20170831 34490 34730 33910 34120 15736 53865532 2.38 0.54 -1.10 10255 5481 1.87 0.27
20170830 34500 34970 34180 34500 21260 73472125 2.27 0.79 -0.86 10294 10966 0.94 0.36
20170829 33880 36840 33830 34800 54405 190202258 8.88 2.95 2.72 21494 32911 0.65 0.93
20170828 34040 34440 33590 33880 14504 49302735 2.50 0.79 -0.47 7822 6682 1.17 0.25
20170825 34410 34790 33950 34040 19339 66072226 2.44 1.09 -1.05 11708 7632 1.53 0.33
20170824 33920 35120 33920 34400 35735 123611531 3.54 2.86 1.45 14946 20789 0.72 0.61
20170823 34090 34180 33550 33910 11038 37330293 1.85 0.91 -0.56 5814 5224 1.11 0.19
20170822 34010 34740 34010 34100 11465 39384714 2.13 1.01 -0.44 6320 5144 1.23 0.20
20170821 33730 34470 33600 34250 14067 48019404 2.58 1.44 1.54 6602 7465 0.88 0.24
20170818 32840 33840 32650 33730 16696 55905767 3.61 1.96 2.46 7636 9060 0.84 0.28
20170817 33110 33330 32900 32920 9126 30171209 1.30 1.10 -0.57 5488 3638 1.51 0.16
20170816 33400 33400 32900 33110 9327 30918969 1.50 0.80 -0.99 5434 3894 1.40 0.16
20170815 33740 33890 33160 33440 7423 24888181 2.16 0.59 -0.89 4799 2624 1.83 0.13
20170814 33650 33940 33340 33740 6299 21238721 1.78 0.51 0.27 3067 3232 0.95 0.11
20170811 33600 33970 33410 33650 10438 35162607 1.66 0.88 -0.03 5615 4823 1.16 0.18
20170810 33610 34050 33340 33660 7941 26801155 2.09 0.64 -0.82 4025 3915 1.03 0.14
20170809 34100 34200 32530 33940 25942 86625610 4.91 2.90 -0.18 13589 12354 1.10 0.44
20170808 34650 34880 33970 34000 12045 41269972 2.63 1.53 -1.88 6827 5218 1.31 0.20
20170807 34820 34840 34410 34650 5348 18501857 1.24 0.63 -0.43 2729 2619 1.04 0.09
20170804 34880 34990 34500 34800 8038 27885977 1.40 0.83 -0.23 4449 3590 1.24 0.14
20170803 35170 35300 34670 34880 10648 37147555 1.79 1.12 -0.71 7619 3029 2.52 0.18
20170802 35100 35900 35080 35130 8596 30465184 2.33 0.92 0.00 4117 4479 0.92 0.15
20170801 35300 35660 35000 35130 6614 23338183 1.87 0.69 -0.48 2975 3639 0.82 0.11
20170731 35550 35650 34990 35300 8237 29057005 1.86 0.72 -0.76 4168 4069 1.02 0.14
20170728 35110 36190 35110 35570 14301 51239369 3.08 1.45 1.40 6989 7312 0.96 0.24
20170727 35480 35640 34600 35080 9654 34004945 2.93 0.77 -1.18 4457 5197 0.86 0.16
20170726 35000 35710 34760 35500 7950 27844428 2.71 0.51 1.11 4647 3303 1.41 0.14
20170725 35730 35820 34400 35110 8010 28270676 3.97 0.41 -1.76 4690 3320 1.41 0.14
20170724 36180 36380 35330 35740 17526 62404104 2.91 0.79 -0.83 10808 6717 1.61 0.30
20170721 35800 36220 35800 36040 6194 22271753 1.16 0.26 -0.19 3462 2733 1.27 0.11
20170720 35070 36660 34650 36110 23271 83375081 5.74 1.02 3.20 9665 13606 0.71 0.40
20170719 35180 35450 34500 34990 23675 82390160 2.70 1.07 -0.60 11634 12042 0.97 0.40
20170718 35500 36350 34410 35200 26278 92040149 5.45 1.28 -1.15 15363 10915 1.41 0.45
20170717 36720 37190 35000 35610 32123 115669233 5.92 1.78 -3.70 18589 13534 1.37 0.55
20170714 36960 37150 36730 36980 14214 52537116 1.14 0.79 0.16 5424 8789 0.62 0.24
20170713 36700 37000 36480 36920 17562 64476509 1.41 0.99 0.05 8902 8660 1.03 0.30
20170712 36880 37000 36030 36900 20745 76313065 2.63 1.25 0.05 10570 10174 1.04 0.35
20170711 36820 37100 36680 36880 18316 67719118 1.14 1.03 0.14 11484 6832 1.68 0.31
20170710 36890 37290 36320 36830 19458 71836156 2.64 1.10 0.38 8613 10845 0.79 0.33
20170707 36650 37030 36550 36690 13841 50880813 1.31 0.83 0.05 8079 5762 1.40 0.24
20170706 36890 37280 36380 36670 16046 59011286 2.44 0.99 -0.68 10050 5996 1.68 0.27
20170705 37100 37470 36800 36920 15472 57283670 1.79 0.92 -1.12 8323 7149 1.16 0.26
20170704 36700 37380 36580 37340 24387 90415559 2.18 1.34 1.66 10067 14320 0.70 0.41
20170703 36260 37000 36170 36730 18649 68376806 2.29 1.08 1.30 8729 9920 0.88 0.32
20170630 36200 36500 35900 36260 9050 32765973 1.65 0.41 -0.06 4652 4397 1.06 0.15
20170629 36030 36450 35780 36280 13854 50134964 1.86 0.57 0.50 7038 6816 1.03 0.24
20170628 36300 36970 36100 36100 18215 66274775 2.38 0.80 -1.26 10544 7672 1.37 0.31
20170627 34880 36650 34880 36560 30907 111228075 5.06 1.57 4.52 12153 18754 0.65 0.53
20170626 34470 35520 34460 34980 14153 49652137 3.07 0.70 1.45 6906 7247 0.95 0.24
20170623 35580 35580 33810 34480 33312 115017624 4.97 1.84 -3.23 17471 15841 1.10 0.57
20170622 36080 36080 35500 35630 24295 86685464 1.60 1.16 -1.44 14635 9660 1.52 0.41
20170621 36080 36180 35690 36150 11858 42585949 1.36 0.43 0.50 5380 6478 0.83 0.20
20170620 36070 36360 35490 35970 14707 52919635 2.42 0.43 0.03 7616 7091 1.07 0.25
20170619 36200 36200 35800 35960 16404 58964077 1.10 0.42 -1.10 7942 8462 0.94 0.28
20170616 36600 36870 35950 36360 23101 83669578 2.50 0.56 -1.09 13748 9353 1.47 0.39
20170615 36320 37370 36210 36760 39059 144236618 3.18 1.03 0.71 17857 21201 0.84 0.66
20170614 36800 37170 35510 36500 45178 163703158 4.57 1.19 0.55 24139 21040 1.15 0.77
20170613 36490 37290 36120 36300 47994 175949040 3.23 1.46 0.25 24213 23781 1.02 0.82
20170612 35290 36380 35020 36210 40284 144810562 3.85 1.35 2.58 16675 23610 0.71 0.69
20170609 35600 35600 34860 35300 33361 117193971 2.10 1.28 0.00 15982 17380 0.92 0.57
20170608 35100 35630 35100 35300 22349 78924652 1.50 0.79 0.00 11677 10672 1.09 0.38
20170607 34200 35540 33810 35300 45555 159023860 5.09 1.94 3.82 19612 25943 0.76 0.78
20170606 33530 34480 33300 34000 23159 78852159 3.52 1.05 1.46 10812 12347 0.88 0.39
20170605 33200 33510 32880 33510 25274 83867156 1.90 1.09 1.21 12317 12957 0.95 0.43
20170602 33330 33330 32730 33110 14017 46349223 1.81 0.54 -0.03 6593 7424 0.89 0.24
20170601 32980 33300 32360 33120 34126 112119667 2.85 1.41 0.55 17740 16386 1.08 0.58
20170531 33100 33280 32660 32940 20554 67794894 1.88 0.86 0.03 12280 8274 1.48 0.35
20170526 32700 33200 32500 32930 16780 55123923 2.13 0.71 0.12 9553 7227 1.32 0.29
20170525 32000 32950 31940 32890 30855 100678097 3.17 1.50 3.07 12537 18317 0.68 0.52
20170524 31150 32170 30590 31910 27492 87056601 5.08 1.37 2.67 11488 16004 0.72 0.47
20170523 31800 31890 31010 31080 25719 80908373 2.77 1.21 -2.26 15107 10612 1.42 0.44
20170522 32240 32630 31650 31800 18742 60148776 3.05 0.90 -0.93 10052 8690 1.16 0.32
20170519 31750 32190 31330 32100 15858 50459914 2.72 0.69 1.58 6246 9612 0.65 0.27
20170518 31500 31880 31190 31600 15268 48005640 2.17 0.54 -0.63 9272 5996 1.55 0.26
20170517 31250 31930 30880 31800 24413 77121969 3.37 0.88 2.02 10978 13436 0.82 0.42
20170516 30200 31280 30000 31170 32141 98951796 4.25 1.27 3.38 13995 18147 0.77 0.55
20170515 30500 30550 29950 30150 16195 48856598 1.98 0.61 -0.53 10082 6113 1.65 0.28
20170512 29800 30450 29200 30310 27342 82040372 4.22 1.03 2.40 10427 16914 0.62 0.47
20170511 29750 29990 28180 29600 40595 118308056 6.09 1.82 -0.37 24763 15831 1.56 0.69
20170510 29750 30470 29590 29710 22217 66874870 2.96 0.96 0.03 11388 10829 1.05 0.38
20170509 29500 29880 29150 29700 20341 60028587 2.49 0.91 1.37 9289 11052 0.84 0.35
20170508 29940 29940 28140 29300 21996 64166528 5.99 0.94 -2.56 11367 10629 1.07 0.37
20170505 30230 30590 29000 30070 27502 82350055 5.22 0.95 -1.22 17748 9754 1.82 0.47
20170504 30500 30750 30230 30440 19184 58643206 1.70 0.48 -0.20 11179 8005 1.40 0.33
20170503 31080 31160 30130 30500 27181 83078449 3.33 0.72 -1.45 16635 10546 1.58 0.46
20170502 30810 31400 30500 30950 15539 48037320 2.89 0.41 -0.48 7871 7668 1.03 0.26
20170428 30700 31390 30200 31100 28145 87376015 3.89 0.77 1.63 15204 12941 1.17 0.48
20170427 30500 31330 28580 30600 54287 164234283 8.95 1.88 -0.36 31384 22904 1.37 0.92
20170426 34350 34570 30710 30710 75110 236582021 11.31 3.75 -9.99 34495 40614 0.85 1.28
20170425 34500 34770 33980 34120 14432 49564278 2.29 0.67 -1.13 7782 6649 1.17 0.25
20170424 35500 35500 34210 34510 17218 59560545 3.67 0.81 -1.71 10611 6607 1.61 0.29
20170421 34500 35480 34270 35110 21172 73982250 3.51 0.89 1.77 9295 11877 0.78 0.36
20170420 34780 34970 34150 34500 16409 56772473 2.37 0.62 -0.14 9226 7184 1.28 0.28
20170419 34810 35390 33700 34550 30838 105720333 4.83 1.06 -1.31 15880 14958 1.06 0.52
20170418 35790 36090 34880 35010 21999 77839335 3.38 0.53 -2.07 13911 8088 1.72 0.37
20170417 36630 36630 35530 35750 16274 58294015 3.04 0.33 -1.30 7820 8454 0.93 0.28
20170414 36660 36660 35510 36220 33318 119995278 3.16 0.66 -0.58 20216 13102 1.54 0.57
20170413 37190 37260 35940 36430 29457 107743735 3.56 0.47 -1.89 18585 10872 1.71 0.50
20170412 36850 37650 35620 37130 44266 163503424 5.52 0.66 0.92 20812 23454 0.89 0.75
20170411 37620 38580 36630 36790 83277 313525440 5.18 1.56 -2.21 46175 37102 1.24 1.42
20170410 36850 38000 36500 37620 57901 217260721 4.06 1.22 1.79 25101 32800 0.77 0.99
20170407 37700 37710 36840 36960 37843 140517731 2.31 0.81 -1.96 23831 14012 1.70 0.64
20170406 36830 37980 36630 37700 86905 325982880 3.67 2.59 2.36 39209 47695 0.82 1.48
20170405 34620 36880 34510 36830 69165 249208820 6.84 2.80 6.35 25078 44087 0.57 1.18
20170331 34500 34940 34300 34630 15208 52668532 1.85 0.58 0.17 6750 8457 0.80 0.26
20170330 34930 34930 33900 34570 28656 98570339 2.95 1.17 -1.06 15085 13571 1.11 0.49
20170329 34730 35090 34000 34940 34828 120061923 3.14 1.46 0.60 16343 18485 0.88 0.59
20170328 34880 35060 34600 34730 20191 70310079 1.32 0.69 -0.49 9712 10479 0.93 0.34
20170327 34950 34970 34420 34900 24596 85435463 1.58 0.82 -0.06 12578 12019 1.05 0.42
20170324 35230 35380 34550 34920 21905 76300406 2.37 0.64 -0.37 12799 9106 1.41 0.37
20170323 34770 35150 34460 35050 20935 72890171 1.98 0.57 0.81 11570 9364 1.24 0.36
20170322 35000 35470 34710 34770 31915 111703274 2.17 0.89 -0.88 19382 12534 1.55 0.54
20170321 34120 35600 34120 35080 47044 164582689 4.35 1.38 3.18 46686 358 130.57 0.80
20170320 34300 34570 33500 34000 28314 95936557 3.14 0.71 -0.15 14888 13426 1.11 0.48
20170317 35100 35260 34030 34050 44204 152917777 3.52 1.27 -2.52 28770 15434 1.86 0.75
20170316 34650 35500 34650 34930 30912 108784124 2.44 0.87 0.43 14341 16571 0.87 0.53
20170315 35100 35190 34600 34780 28896 100489840 1.68 0.77 -1.19 18075 10821 1.67 0.49
20170314 34410 35450 34410 35200 38581 135524422 2.97 1.00 0.51 17968 20613 0.87 0.66
20170313 35930 35930 34520 35020 55488 193856662 3.95 1.57 -1.93 32513 22974 1.42 0.94
20170310 35510 36000 35500 35710 20552 73414447 1.40 0.55 -0.11 12720 7832 1.62 0.35
20170309 36370 36600 35680 35750 33522 120174907 2.53 0.86 -1.68 21427 12095 1.77 0.57
20170308 37500 37590 36350 36360 40184 147366320 3.35 0.96 -1.76 26673 13511 1.97 0.68
20170307 36650 37340 36550 37010 42771 158186237 2.16 0.98 1.26 22822 19949 1.14 0.73
20170306 35920 36650 35880 36550 39231 142503785 2.15 0.81 1.95 17084 22148 0.77 0.67
20170303 35930 36200 35420 35850 30242 108442189 2.17 0.48 -0.17 17269 12973 1.33 0.51
20170302 36500 37000 35880 35910 41418 150089745 3.06 0.55 -1.89 24194 17224 1.40 0.70
20170301 37200 37700 36580 36600 54934 202768934 2.99 0.74 -2.24 38652 16282 2.37 0.93
20170228 36860 37780 36710 37440 51567 192304992 2.89 0.62 1.19 28998 22569 1.28 0.88
20170227 37900 38200 36640 37000 64493 239749149 4.15 0.80 -1.62 38291 26202 1.46 1.10
20170224 36660 38590 36170 37610 102960 388412944 6.63 1.36 3.07 50663 52297 0.97 1.75
20170223 35530 36730 35230 36490 105839 383038496 4.22 1.75 2.70 48160 57680 0.83 1.80
20170222 35370 35670 34800 35530 47630 167755268 2.46 0.77 0.48 28964 18666 1.55 0.81
20170221 34880 36390 34760 35360 93518 333828480 4.67 1.61 1.29 41901 51616 0.81 1.59
20170220 34650 35150 34110 34910 51450 178683599 3.01 - 0.93 25033 26417 0.95 0.88
20170217 33900 35150 33750 34590 79596 274978512 4.15 1.60 2.52 30752 48844 0.63 1.35
20170216 33700 34290 33600 33740 29699 100636796 2.04 0.58 -0.32 16139 13560 1.19 0.51
20170215 35080 35100 33750 33850 53788 184224872 3.91 1.12 -2.00 34754 19034 1.83 0.92
20170214 33170 35300 33170 34540 76588 264728645 6.45 1.74 4.57 31533 45055 0.70 1.30
20170213 33800 33850 32600 33030 39445 130342784 3.70 0.79 -2.13 23771 15674 1.52 0.67
20170210 34830 34840 33650 33750 49166 167578305 3.42 1.05 -3.05 32203 16964 1.90 0.84
20170209 34850 34980 34440 34810 38523 133793312 1.55 0.74 0.14 21642 16881 1.28 0.66
20170208 34800 35090 34200 34760 36489 126700553 2.58 0.61 0.64 20106 16383 1.23 0.62
20170207 34100 35170 34010 34540 55956 194025278 3.35 0.71 -0.14 32329 23627 1.37 0.95
20170206 33550 35100 32980 34590 69526 239465040 6.38 0.79 4.03 33263 36263 0.92 1.18
20170203 32300 33490 32100 33250 32846 108166614 4.19 0.36 0.27 17219 15627 1.10 0.56
20170126 32970 34150 32970 33160 64275 215183493 3.58 0.73 0.70 35107 29168 1.20 1.09
20170125 33500 33930 32540 32930 74735 247722772 4.13 0.88 -2.05 44037 30698 1.43 1.27
20170124 34000 35580 33330 33620 149987 515393008 6.71 1.93 0.27 78479 71508 1.10 2.55
20170123 30360 33530 30180 33530 120667 390034688 10.99 1.58 10.01 63202 57464 1.10 2.05
20170120 29750 30930 29600 30480 49849 151366792 4.50 0.57 3.15 22150 27699 0.80 0.85
20170119 29400 30160 29090 29550 44624 132358672 3.61 0.39 -0.24 23853 20771 1.15 0.76
20170118 30800 30830 29510 29620 57373 172860667 4.28 0.36 -3.92 37246 20127 1.85 0.98
20170117 29800 31440 29000 30830 116332 350281456 8.12 0.80 2.60 56160 60172 0.93 1.98
20170116 32450 32950 29040 30050 114581 352672752 12.18 0.83 -6.42 62674 51907 1.21 1.95
20170113 32580 33880 32000 32110 105944 347695712 5.77 0.82 -1.44 63454 42489 1.49 1.80
20170112 34500 34740 32330 32580 173977 582471072 6.85 1.55 -7.39 105029 68948 1.52 2.96
20170111 34180 39500 34180 35180 285234 1013164704 14.01 3.64 -7.37 122669 162565 0.75 4.85
20170110 39000 39000 37980 37980 44876 171803859 2.42 0.51 -10.00 21138 23738 0.89 0.76
20170109 50000 50000 42200 42200 78905 346011296 16.63 0.92 -10.00 37627 41278 0.91 1.34
20161214 47700 48300 46300 46890 62833.77 295275924.530
20161213 45150 48000 43800 47300 90871.96 421180323.110
20161212 44380 48500 43800 44520 114260.48 525772842.570
20161209 42210 45660 42210 45100 90424.59 400164643.390
20161208 44190 44200 42200 42260 71142.35 307692297.820
20161207 44300 44680 42000 43990 117887.91 512864033.250
20161206 40250 43550 40100 43550 134004.81 566981967.140
20161205 36800 39900 36200 39590 90957.48 350681769.670
20161202 37820 37970 36800 36850 45392.65 168778947.700
20161201 36820 37770 36820 37660 55760.40 208358223.700
20161130 35930 37150 35030 36730 51335.02 186688491.150
20161129 36800 37500 35880 35960 61615.21 226949490.840
20161128 35630 36980 35630 36460 71602.67 260469392.220
20161125 36160 36390 34050 35640 75331.72 264998922.670
20161124 36390 36790 35300 35690 65936.21 236414980.660
20161123 37390 37880 35800 36060 72479.62 265544212.460
20161122 37340 38100 36820 37390 81780.36 306261588.380
20161121 36300 37990 36300 37800 82894.04 307140954.490
20161118 37400 38250 35720 36050 114727.33 423797893.450
20161117 34890 37690 34320 37610 105472.57 382124534.320
20161116 35300 35500 34100 35150 94729.41 329748291.680
20161115 33350 36000 33350 35000 149842.07 517102532.760
20161114 30100 32980 30100 32980 172256.42 559469678.300
20161111 29070 30000 28680 29980 61792.68 183541008.360
20161110 28800 29580 28800 29070 48335.28 141323214.820
20161109 29540 29780 28380 28900 86868.93 251853053.430
20161108 29330 29880 29320 29770 49161.25 145786660.300
20161107 29560 30490 29030 29200 59255.22 175271308.220
20161104 29360 29630 28980 29450 65151.79 190647434.560
20161103 28610 30020 28610 29160 102716.14 303108004.030
20161102 28550 30440 28510 29000 107680.13 318340409.310
20161101 28600 29100 28050 28870 84081.52 242025853.830
20161031 26860 29160 26510 28430 102148.71 288365994.430
20161028 27550 27880 26620 26860 78181.41 211515624.810
20161027 27740 28590 27580 27820 55378.90 155050427.340
20161026 28300 28340 27530 27990 85941.20 240682866.300
20161025 28050 28600 27510 28180 164945.14 462265728.380
20161024 25780 28040 25540 28040 193369.82 527449505.510
20161021 26010 26280 25300 25490 64828.63 166169585.160
20161020 25790 26200 25010 26020 123118.12 317011679.590
20161019 24090 26440 24090 25700 196533.39 503375332.850
20161018 23350 24090 23260 24040 78789.01 186634501.890
20161017 23290 23620 23160 23340 66204.76 154551817.590
20161014 23800 23890 23100 23200 108177.81 252247631.040
20161013 24400 24540 24050 24050 71298.28 173159594.830
20161012 24250 24690 24020 24290 95770.81 232377913.580
20161011 24170 24840 23790 24760 191170.52 467051958.410
20161010 25980 26310 23680 23990 218654.11 535381921.120
20160825 26600 28270 26100 26410 276716.48 754302022.810
20160824 24900 27190 24580 26990 203867.64 527041807.780
20160823 23100 25380 23100 25050 198287.91 482996311.280
20160822 23500 24100 22770 23420 149134.24 349949713.610
20160819 21650 23630 21650 23450 205229.41 470576497.800
20160818 20760 21760 20760 21570 122605.22 263385349.610
20160817 20800 21440 20660 20880 81203.64 170436287.860
20160816 19760 21650 19760 20880 148368.62 310590294.880
20160815 19450 19880 19280 19740 77994.90 153477242.490
20160812 19100 19390 19020 19350 35883.19 69168633.920
20160811 19080 19530 18960 19170 46400.27 89544638.020
20160810 19380 19450 19090 19100 28102.06 53909262.330
20160809 19220 19570 19190 19300 41484.33 80306297.670
20160808 18250 19490 18120 19390 80006.10 151114872.230
20160805 18350 18380 18110 18190 27049.23 49183660.640
20160804 18060 18370 18050 18320 37651.48 68634821.940
20160803 17980 18250 17970 18050 24714.96 44741941.160
20160802 17850 18160 17720 18140 24662.09 44339092.760
20160801 18010 18120 17600 17850 32764.29 58209277.960
20160729 18120 18340 18000 18000 29048.56 52721656.980
20160728 18290 18630 17800 18110 44671.10 81057009.870
20160727 19410 19670 18290 18330 79056.31 148955487.370
20160726 19050 19470 19050 19400 32799.26 63403434.660
20160725 19450 19520 19160 19310 34600.74 66818576.340
20160722 19690 19850 19340 19350 45591.32 88839867.360
20160721 19850 19990 19700 19740 46426.20 92093585.930
20160720 19960 20050 19740 19780 56288.38 111890317.400
20160719 19900 20230 19720 19890 67462.82 134469809.620
20160718 19650 20130 19390 19990 93070.97 185185234.390
20160715 19650 19880 19450 19530 66349.00 130304250.540
20160714 20200 20290 19500 19910 134558.28 267480561.320
20160713 19470 19940 19110 19910 128050.05 250468144.890
20160712 18840 19380 18820 19360 85326.50 163530860.480
20160711 19060 19230 18690 18740 52305.24 99115383.260
20160708 19120 19200 18810 19060 58364.68 110735954.170
20160707 19350 19360 18810 19100 62481.96 118603741.570
20160706 19540 19550 19200 19260 50583.39 97589776.360
20160705 19600 19940 19300 19430 73499.77 143667400.000
20160704 19040 20140 19040 19570 101523.34 200177425.590
20160701 18690 20330 18560 19500 141584.43 277941108.010
20160630 18500 18570 18110 18530 55860.84 102704279.230
20160629 18520 18960 18320 18360 86593.95 161316613.700
20160628 17760 18470 17610 18330 85814.44 156233785.300
20160627 17000 17870 16930 17810 83585.03 147767827.000
20160624 17840 17930 16300 17190 119395.80 206200098.790
20160623 18500 18500 17600 17850 142271.12 254497447.420
20160622 18740 18900 18580 18880 40955.81 76662500.610
20160621 19190 19260 18620 18740 49755.03 94155054.220
20160620 18950 19160 18650 19080 46982.50 88806326.830
20160617 18890 19390 18600 18910 82924.43 157310361.930
20160616 19300 19600 18900 19000 43112.99 83067671.480
20160615 18580 19540 18580 19330 57440.15 110371913.800
20160614 19000 19220 18740 18940 34678.39 65744756.550
20160613 19990 19990 18850 18860 61697.42 120356836.010
20160608 20330 20340 19880 20170 41301.16 82911696.340
20160607 20690 20800 20220 20320 45067.77 91633334.700
20160606 20530 20860 20430 20680 63352.78 130744494.640
20160603 20490 20660 20200 20420 57305.51 116767387.370
20160602 20200 20540 20150 20450 50929.28 103706074.410
20160601 20190 20550 20000 20310 63680.76 129352402.310
20160531 19500 20240 19410 20190 75622.13 150700658.250
20160530 19500 19850 19200 19290 55674.31 107899663.520
20160527 19730 20010 19580 19700 36071.20 71512953.950
20160526 20010 20300 19400 19880 56714.34 111908459.260
20160525 20910 20970 19880 20130 58401.49 118517812.680
20160524 20900 21120 20480 20700 43399.83 90077041.600
20160523 20450 21660 20320 21200 88573.09 186421543.690
20160520 20350 20630 19980 20310 50054.36 101583487.580
20160519 20850 21850 20510 20660 83290.83 176605277.680
20160518 21500 21700 20680 21100 55239.17 117109920.340
20160517 21680 22440 21500 21750 59670.08 131214814.650
20160516 21660 21810 21310 21590 31040.08 66737304.690
20160513 21400 21980 20880 21490 93952.00 201040000
20160512 20280 22180 18680 21830 128844.00 264260000
20160511 21960 22220 20670 20700 74579.00 158860000
20160510 22170 22390 21700 21960 41332.00 90880000
20160509 23200 23200 22000 22170 77557.00 174150000
20160506 24290 24400 22720 23600 170650.00 405920000
20160505 22800 24890 22710 24600 165596.00 402780000
20160504 22850 23140 22710 22810 50001.00 114320000
20160503 22700 23100 22420 23060 49491.00 113300000
20160429 22680 22890 22360 22500 37365.00 84440000
20160428 22760 22900 22150 22490 38000.00 85300000
20160427 22970 23230 22700 22770 42013.00 96150000
20160426 22720 23090 22420 22790 41709.00 94490000
20160425 22230 23150 21630 22720 79379.00 178650000
20160422 21500 22180 21260 22140 58129.00 126970000
20160421 22050 22170 21240 21310 72820.00 158370000
20160420 24390 24390 21780 21980 138233.00 314240000
20160419 24640 24880 24010 24200 69909.00 169710000
20160418 24390 25200 24210 24590 94734.00 233890000
20160415 24740 24900 24240 24460 73901.00 180560000
20160414 24640 25380 24460 24740 126075.00 313100000
20160413 24000 24780 23900 24190 99673.00 242540000
20160412 24030 24490 23500 23850 79908.00 190400000
20160411 24370 24780 24050 24260 87187.00 212990000
20160408 24310 24390 23550 23980 102030.00 244590000
20160407 24510 25730 24500 24730 192596.00 483440000
20160406 24450 24650 23850 24410 103913.00 252240000
20160405 24020 24970 24020 24720 118472.00 290600000
20160401 24640 24800 23820 24150 125515.00 304000000
20160331 23610 25000 23380 25000 192093.00 463370000
20160330 22700 23340 22560 23340 89293.00 204490000
20160329 23050 23290 22180 22500 77619.00 176000000
20160328 23330 24130 23200 23410 106969.00 254050000
20160325 23450 23630 22760 23300 99376.00 230740000
20160324 23550 23660 22810 22880 130548.00 303480000
20160323 23800 24310 23490 23980 124940.00 298000000
20160322 23300 25090 22840 24290 181819.00 434280000
20160321 24110 24220 23040 23450 153066.00 359230000
20160318 21700 23500 21560 23020 190996.00 430990000
20160317 20630 21800 20630 21390 117181.00 249560000
20160316 21500 21640 20200 20600 65067.00 135780000
20160315 21410 21690 20880 20910 78875.00 167730000
20160314 20850 21940 20760 21660 119948.00 258300000
20160311 20280 20770 20010 20500 66929.00 136560000
20160310 21180 21790 20670 20850 80871.00 171480000
20160309 20750 21980 20600 20970 95636.00 203470000
20160308 21020 21340 19800 21180 102802.00 211190000
20160307 21310 22100 21100 21350 85830.00 185140000
20160304 22480 22970 20400 20980 131906.00 286720000
20160303 22160 23600 21830 22330 158639.00 362500000
20160302 21490 22630 21390 22260 145488.00 320050000
20160301 20800 22260 19870 21390 159424.00 333890000
20160229 23550 23580 21820 21820 146910.00 324290000
20160226 26320 26900 24040 24240 257269.00 653310000
20160225 26340 28380 25580 25970 404197.00 1079350000
20160224 23530 25930 23500 25930 343532.00 872810000
20160223 24000 24380 23290 23570 131409.00 311490000
20160222 23500 24840 23500 24050 183509.00 443550000
20160219 23000 23500 22720 23150 121977.00 280850000
20160218 23220 23390 22480 23190 171643.00 392930000
20160217 22000 23470 21900 23130 203527.00 462060000
20160216 21000 22770 20950 22440 175844.00 389120000
20160215 19780 20980 19710 20700 94130.00 191710000
20160205 21990 22330 20890 20990 99839.00 216110000
20160204 22000 22870 21750 22080 153929.00 341750000
20160203 21580 22120 20990 21890 178563.00 385130000
20160202 20250 22220 20250 22220 131570.00 284690000
20160201 20400 21050 19590 20200 104311.00 213210000
20160129 19540 20760 19300 20460 139351.00 282100000
20160128 21110 21540 19520 19520 127160.00 261510000
20160127 21830 22000 20400 21690 142271.00 301550000
20160126 23380 23590 21640 21640 151194.00 338450000
20160125 24300 24780 23700 24040 123319.00 298300000
20160122 24280 24670 22500 24000 170159.00 404310000
20160121 25690 26170 23920 23920 230944.00 579810000
20160120 25700 27540 25200 26580 281265.00 742050000
20160119 25000 26190 24130 25970 245768.00 618340000
20160118 23610 26350 23330 25380 219882.00 555940000
20160115 24110 25360 23880 24130 193077.00 472080000
20160114 22780 25900 22030 25200 251371.00 612150000
20160113 26140 26480 24000 24000 289198.00 730670000
20160112 23590 25360 23220 25360 243754.00 610870000
20160111 24010 25090 23040 23050 192330.00 462030000
20160108 27000 27500 24780 25600 275419.00 709250000
20160107 28800 28800 27530 27530 55287.00 154510000
20160106 29990 32270 29380 30590 266026.00 820590000
20160105 29510 31490 28400 30250 239506.00 722470000
20160104 32990 33600 30650 30650 180655.00 571710000
20151231 38300 38850 33940 34050 313169.00 1119990000
20151230 39000 40370 37510 37710 311560.00 1205870000
20151228 41550 41550 39000 41550 561132.00 2299200000
20151225 37770 37770 37770 37770 1490.00 5630000
20151224 34340 34340 34340 34340 862.00 2960000
20151223 31220 31220 31220 31220 893.00 2790000
20151222 28380 28380 28380 28380 910.00 2580000
20151216 25800 25800 25800 25800 284.00 730000
20151215 23450 23450 23450 23450 827.00 1940000
20151214 21320 21320 21320 21320 417.00 890000
20151211 19380 19380 19380 19380 784.00 1520000
20151210 17620 17620 17620 17620 796.00 1400000
20151209 16020 16020 16020 16020 346.00 550000
20151208 14560 14560 14560 14560 1484.00 2160000
20141204 24650 26780 24500 26580 143653.00 372280000
20141203 23750 24500 23700 24390 81059.00 196370000
20141202 23500 23990 23500 23840 70445.00 167890000
20141201 23600 23680 23150 23560 71122.00 166630000
20141128 24100 24100 23210 23860 154649.00 364250000
20141127 26800 27280 24090 24500 158444.00 397720000
20141126 27530 27620 26390 26770 52903.00 141720000
20141125 29000 29030 27600 27640 35257.00 99200000
20141124 28020 29700 28020 28810 44158.00 128020000
20141121 27660 28000 27580 27900 24246.00 67330000
20141120 27300 28150 27110 27490 27129.00 75010000
20141119 27320 27980 27020 27320 29239.00 80330000
20141118 27320 28100 26740 27320 33668.00 92200000
20141117 25850 27840 25780 27300 46064.00 124810000
20141114 26150 26190 25070 25800 37493.00 96510000
20141113 27180 27190 26010 26010 36500.00 96740000
20141112 26550 27640 26200 27190 52863.00 143730000
20141111 27450 27600 25830 26940 92041.00 245370000
20141110 24210 26630 24190 26630 123301.00 315820000
20141107 23260 24550 22880 24210 96457.00 230910000
20141106 22700 23500 22550 23200 61454.00 142060000
20141105 21880 22690 21830 22620 40344.00 90700000
20141104 21880 22220 21700 21890 16306.00 35760000
20141103 21900 22240 21800 21930 14455.00 31770000
20141031 22270 22580 21500 21920 21364.00 47220000
20141030 22530 22640 22310 22390 21247.00 47670000
20141029 22110 22880 21970 22600 56019.00 126220000
20141028 21800 22100 21580 22090 26625.00 58240000
20141027 22020 22110 21630 21780 21693.00 47430000
20141024 21800 22280 21660 22020 39421.00 86860000
20141023 21000 21910 20900 21850 37199.00 80410000
20141022 20600 22320 20600 21370 50454.00 108900000
20141021 20790 20960 20510 20750 15204.00 31570000
20141020 20210 20680 20040 20490 11701.00 23980000
20141017 20660 20660 20000 20210 23801.00 48080000
20141016 21560 21580 20570 20670 33480.00 70640000
20141015 21600 21820 21500 21560 12678.00 27420000
20141014 21600 21890 21440 21600 15552.00 33610000
20141013 21680 21830 21390 21510 16159.00 34780000
20141010 22000 22080 21700 21830 19939.00 43600000
20141009 22160 22220 21670 22030 26835.00 58870000
20141008 21570 22340 21400 22150 32493.00 71150000
20140930 21440 21610 21400 21560 23211.00 49930000
20140929 21240 21580 21240 21380 21569.00 46120000
20140926 21690 21690 21000 21220 40214.00 85760000
20140925 22000 22060 21700 21750 23606.00 51670000
20140924 21910 22030 21710 21950 19592.00 42880000
20140923 21750 22100 21670 21860 20862.00 45700000
20140922 21830 22080 21500 21700 18543.00 40250000
20140919 21720 21950 21600 21860 17120.00 37320000
20140918 22080 22280 21500 21650 29379.00 63920000
20140917 22480 22780 21800 22080 39976.00 88920000
20140916 22960 23490 22510 22560 111219.00 255580000
20140915 21700 22990 21350 22960 75177.00 165300000
20140912 22120 22190 21520 21770 24674.00 53650000
20140911 22000 22220 21800 22050 26972.00 59450000
20140910 21700 22000 21410 21950 18536.00 40360000
20140909 21930 22170 21490 21700 17785.00 38510000
20140905 22110 22190 21830 21900 26194.00 57500000
20140904 22020 22220 21800 22100 26569.00 58560000
20140903 22550 22640 21910 22140 45842.00 101350000
20140902 22600 22950 22200 22550 39086.00 87910000
20140901 21280 22460 21260 22460 43021.00 94790000
20140829 20650 21290 20580 21200 25666.00 53940000
20140828 20900 20930 20460 20650 14834.00 30640000
20140827 21400 21740 20750 20860 32869.00 69670000
20140826 22800 22800 21500 21660 31407.00 68990000
20140825 23140 23190 22680 22770 22240.00 51000000
20140822 23050 23250 22660 22790 18097.00 41350000
20140821 23140 23470 22560 23050 27064.00 62120000
20140820 23400 23780 23000 23140 25258.00 58980000
20140819 22690 24800 22560 23350 50821.00 119330000
20140818 22450 22680 22210 22590 31691.00 71220000
20140815 22600 22850 22380 22450 25239.00 56910000
20140814 22200 22520 21970 22520 40221.00 89790000
20140813 21910 22200 21710 22150 26378.00 57960000
20140812 21900 22280 21830 21870 26862.00 59180000
20140811 21250 21900 21250 21840 27088.00 59000000
20140808 21530 21750 21250 21290 16688.00 35860000
20140807 21510 21820 21480 21530 18500.00 40010000
20140806 21580 21840 21420 21480 19453.00 41950000
20140805 21320 21750 21080 21660 25389.00 54440000
20140804 21320 21470 21140 21290 24061.00 51180000
20140801 22000 22060 21310 21320 26689.00 57900000
20140731 21950 22550 21920 22070 27150.00 60320000
20140730 22180 22400 21810 21920 28403.00 62490000
20140729 22200 22600 22010 22400 46698.00 104180000
20140728 20530 22500 20530 22500 63387.00 139290000
20140725 20480 20600 20200 20450 13644.00 27770000
20140724 20740 20880 20430 20500 15845.00 32720000
20140723 20210 20750 20030 20630 22515.00 45810000
20140722 19880 20280 19810 20200 17261.00 34710000
20140721 20540 20660 20000 20080 17034.00 34310000
20140718 20870 21170 20450 20540 19588.00 40760000
20140717 20920 21390 20810 21020 11652.00 24530000
20140716 21200 21500 20850 20920 19253.00 40660000
20140715 21630 21630 20900 21350 19930.00 42550000
20140714 22130 22270 20900 21570 41211.00 87570000
20140711 22090 22550 22000 22180 21579.00 48030000
20140710 22430 22900 22050 22110 27210.00 61110000
20140709 23300 23450 22410 22500 30872.00 71030000
20140708 23550 23600 22800 23360 30193.00 70140000
20140707 23240 23680 23180 23450 27519.00 64480000
20140704 23490 23750 23110 23250 35981.00 83920000
20140703 23230 23690 22710 23520 54487.00 127280000
20140702 25500 26180 23010 23030 109325.00 266170000
20140624 24580 24790 24120 24680 34802.00 85190000
20140623 23700 24950 23320 24710 57350.00 138400000
20140620 23650 24440 23450 23700 51314.00 123190000
20140619 24770 24850 22700 23460 101596.00 242460000
20140618 26200 26770 24670 25050 100658.00 258990000
20140617 24570 26780 24570 26190 127333.00 329330000
20140616 24400 24670 23740 24560 95236.00 229900000
20140613 22500 24890 22300 24550 133205.00 313260000
20140612 21160 23000 21120 22660 117051.00 260700000
20140611 20550 21660 20510 21170 49960.00 105680000
20140610 20400 21250 20400 20750 61236.00 127140000
20140609 21390 22470 20800 20810 119285.00 259770000
20140606 20330 21680 20280 21260 78157.00 164790000
20140605 20280 20510 19910 20430 57002.00 115200000
20140604 19280 20830 18950 20550 94534.00 190850000
20140603 19140 19620 19140 19280 26713.00 51730000
20140530 18990 19270 18810 19140 17844.00 34090000
20140529 19760 19810 18990 19040 37618.00 72880000
20140528 19350 19930 19140 19850 37920.00 74390000
20140527 19550 20010 19160 19360 47326.00 92810000
20140526 19320 19850 19110 19550 44039.00 85780000
20140523 18660 19290 18520 19280 27924.00 52940000
20140522 18830 19480 18650 18650 42850.00 81690000
20140521 18310 19030 17850 18960 36024.00 66420000
20140520 18650 19360 18380 18460 51718.00 97550000
20140519 17800 18780 17750 18540 41938.00 77500000
20140516 17700 17970 17360 17950 21875.00 38660000
20140515 18500 18590 17680 17720 27469.00 49590000
20140514 18260 18600 17850 18460 25771.00 47130000
20140513 18230 18640 18080 18340 30101.00 55320000
20140512 17510 18290 17510 18230 32861.00 59050000
20140509 17680 17850 17250 17400 22287.00 39110000
20140508 17620 18380 17420 17660 29132.00 51980000
20140507 18100 18470 17770 17770 26240.00 47660000
20140506 18040 18750 17960 18420 32337.00 59480000
20140505 17560 18200 17490 18140 25697.00 46120000
20140430 17380 18100 17200 17740 29977.00 53140000
20140429 17020 17440 16920 17350 17062.00 29350000
20140428 17390 17390 16780 17040 27678.00 47100000
20140425 17920 18460 17460 17520 44277.00 79250000
20140424 20300 20410 18230 18230 85291.00 159100000
20140423 19970 20850 19880 20250 68134.00 138790000
20140422 19500 20060 19200 19950 45012.00 88900000
20140421 19210 20200 19010 19660 40409.00 79650000
20140418 19280 19890 19170 19500 33926.00 66640000
20140417 19200 19760 19160 19340 27705.00 53930000
20140416 20020 20100 19300 19300 44619.00 87410000
20140415 19920 20390 19790 20140 32969.00 66330000
20140414 20310 20570 19700 20020 52205.00 104650000
20140411 20790 20890 20100 20320 92957.00 190620000
20140410 19910 22020 19680 21250 170242.00 362770000
20140409 19800 20300 19530 20020 78527.00 156350000
20140408 18900 19750 18470 19610 67598.00 129290000
20140404 18750 19230 18530 19170 60666.00 115070000
20140403 18480 19230 18260 18600 59073.00 110920000
20140402 18490 18630 17940 18400 37111.00 67840000
20140401 18150 18890 18120 18550 49457.00 91550000
20140331 18170 18620 17910 18300 40440.00 74130000
20140328 18750 19000 17850 18150 98467.00 181150000
20140327 21350 21400 19390 19390 91034.00 181800000
20140326 20980 21690 20820 21540 46281.00 98930000
20140325 21290 21480 20410 20880 40436.00 84740000
20140324 21000 21370 20720 21270 42214.00 89190000
20140321 21090 21400 20050 20920 62240.00 128860000
20140320 22300 22410 21090 21090 90833.00 198420000
20140319 23290 24590 22660 22670 99446.00 234730000
20140318 22950 23590 22800 23300 94009.00 219040000
20140317 21020 23220 21000 23220 144323.00 330440000
20140314 21280 21900 20930 21110 58886.00 126400000
20140313 20550 21590 20540 21400 74929.00 158230000
20140312 21820 22250 20000 20840 122326.00 256830000
20140311 24120 24550 21910 21920 134309.00 307680000
20140310 24200 25390 23800 24340 80178.00 196080000
20140307 24300 26260 23990 25050 143030.00 360530000
20140306 24140 24970 23650 24620 109211.00 265740000
20140305 25690 26150 23890 24130 155317.00 384260000
20140304 25500 26670 25260 25690 112882.00 292110000
20140303 26000 26220 25210 25980 119089.00 306570000
20140228 26110 26990 25500 26650 120645.00 317070000
20140227 28500 29360 25550 26750 216862.00 600200000
20140226 26000 28140 26000 27800 188299.00 510510000
20140225 28300 29700 27750 28000 426767.00 1221150000
20140224 27700 27700 27500 27700 408545.00 1131620000
20140219 25180 25180 25180 25180 14621.00 36810000
20140218 22890 22890 22890 22890 30894.00 70710000
20140217 20810 20810 20810 20810 3201.00 6660000
20140214 18920 18920 18920 18920 8873.00 16780000
20140213 17200 17200 17200 17200 5647.00 9710000
20140207 15640 15640 15640 15640 10044.00 15710000
20140130 14220 14220 14220 14220 16046.00 22810000
20140129 12930 12930 12930 12930 4968.00 6420000
20140128 11750 11750 11750 11750 4219.00 4950000
20140127 10680 10680 10680 10680 5828.00 6220000
20140124 9710 9710 9710 9710 4081.00 3960000
20140123 8830 8830 8830 8830 2269.00 2000000
20140122 8030 8030 8030 8030 2796.00 2240000
20131017 7200 7460 7140 7300 27910.00 20420000
20131016 7270 7300 7090 7140 16949.00 12140000
20131015 7350 7380 7250 7290 18500.00 13490000
20131014 7330 7560 7270 7370 59474.00 43960000
20131011 7110 7210 7100 7200 23650.00 16930000
20131010 7140 7160 7050 7090 13701.00 9720000
20131009 7070 7130 7000 7130 16550.00 11720000
20131008 6970 7070 6930 7060 10890.00 7640000
20130930 6920 6990 6920 6970 5821.00 4040000
20130927 6910 6990 6900 6920 7597.00 5280000
20130926 7010 7050 6910 6910 13789.00 9620000
20130925 7020 7100 7010 7020 13186.00 9290000
20130924 7050 7080 6950 7020 11524.00 8090000
20130923 6930 7070 6930 7050 11784.00 8270000
20130918 6880 6960 6820 6920 8699.00 6010000
20130917 7070 7100 6880 6880 21010.00 14660000
20130916 7100 7130 7060 7070 18243.00 12920000
20130913 7120 7140 7050 7100 21356.00 15150000
20130912 7150 7230 7030 7130 39920.00 28480000
20130911 7090 7380 7030 7280 96997.00 69870000
20130910 7100 7140 7040 7070 29968.00 21230000
20130909 7120 7130 7050 7100 24369.00 17270000
20130906 7000 7130 6810 7120 28297.00 19800000
20130905 7150 7190 7000 7010 24049.00 16920000
20130904 7200 7270 7080 7160 20302.00 14500000
20130903 7150 7250 7120 7250 10999.00 7930000
20130902 7030 7150 7020 7150 9798.00 6940000
20130830 7180 7210 7000 7040 16853.00 11970000
20130829 7230 7250 7100 7180 12653.00 9050000
20130828 7150 7340 7070 7220 23874.00 17280000
20130827 7170 7180 7080 7170 15157.00 10800000
20130826 7070 7170 7030 7170 17815.00 12670000
20130823 6990 7250 6990 7070 39337.00 28060000
20130822 7000 7060 6960 7000 15718.00 11020000
20130821 6830 6990 6830 6990 13194.00 9160000
20130820 6840 6920 6740 6910 12162.00 8320000
20130819 6690 6840 6680 6840 6052.00 4100000
20130816 6800 6930 6680 6730 10271.00 6990000
20130815 6930 6950 6800 6820 11525.00 7910000
20130814 6980 7100 6920 6930 11176.00 7810000
20130813 6990 7030 6870 6980 10387.00 7220000
20130812 6890 6950 6830 6950 10792.00 7450000
20130809 6790 6860 6710 6840 16275.00 11050000
20130808 6750 6820 6710 6710 11171.00 7560000
20130807 6870 6880 6740 6750 14492.00 9860000
20130806 6800 6910 6750 6880 14609.00 9980000
20130805 6770 6830 6660 6820 10233.00 6930000
20130802 6720 6820 6660 6730 11685.00 7860000
20130801 6560 6740 6560 6720 14939.00 9950000
20130731 6620 6680 6540 6580 11184.00 7380000
20130730 6490 6600 6390 6600 10315.00 6720000
20130729 6580 6580 6420 6480 6060.00 3940000
20130726 6490 6580 6420 6570 8303.00 5390000
20130725 6560 6670 6520 6530 7210.00 4750000
20130724 6550 6640 6550 6590 13789.00 9080000
20130723 6430 6560 6390 6560 7620.00 4950000
20130722 6350 6450 6260 6410 4595.00 2930000
20130719 6520 6600 6380 6380 7434.00 4850000
20130718 6540 6590 6420 6500 8158.00 5310000
20130717 6670 6730 6550 6560 11412.00 7560000
20130716 6580 6680 6470 6680 11632.00 7660000
20130715 6450 6580 6420 6580 10495.00 6850000
20130712 6500 6620 6430 6450 7582.00 4950000
20130711 6420 6640 6400 6570 13938.00 9080000
20130710 6230 6440 6230 6440 6867.00 4370000
20130709 6200 6380 6150 6260 3257.00 2030000
20130708 6480 6480 6200 6210 7020.00 4410000
20130705 6630 6670 6510 6520 7347.00 4840000
20130704 6590 6690 6570 6640 6117.00 4060000
20130703 6700 6700 6510 6580 8280.00 5460000
20130702 6650 6800 6560 6730 17874.00 11920000
20130701 6500 6600 6430 6580 9054.00 5930000
20130628 6300 6700 6240 6550 18542.00 12170000
20130627 6800 6800 6300 6300 6880.00 4520000
20130626 6640 6700 6560 6600 6261.00 4150000
20130625 6630 6850 6050 6700 19242.00 12600000
20130624 6950 6950 6510 6650 15324.00 10390000
20130621 6590 6920 6550 6900 8073.00 5450000
20130620 6760 6940 6710 6790 8010.00 5470000
20130619 6840 6840 6730 6790 5730.00 3880000
20130618 6850 6900 6810 6880 4515.00 3090000
20130617 6860 6900 6800 6870 4979.00 3410000
20130614 6770 6870 6770 6860 6140.00 4200000
20130613 6990 6990 6750 6810 7869.00 5340000
20130607 7140 7210 7020 7030 7088.00 5010000
20130606 7390 7390 7150 7160 7683.00 5560000
20130605 7310 7440 7310 7420 6412.00 4740000
20130604 7560 7560 7350 7350 14682.00 10860000
20130603 7560 7640 7510 7520 9430.00 7130000
20130531 7670 7740 7560 7570 17220.00 13190000
20130530 7730 7740 7660 7690 12687.00 9740000
20130529 7730 7790 7680 7730 12927.00 9990000
20130528 7810 7820 7660 7720 17353.00 13390000
20130527 7650 7850 7610 7840 26302.00 20510000
20130524 7540 7670 7540 7650 14529.00 11050000
20130523 7640 7750 7510 7560 18167.00 13840000
20130522 7680 7830 7650 7690 33139.00 25560000
20130521 7420 7980 7410 7820 58736.00 45510000
20130520 7350 7490 7270 7470 23060.00 17060000
20130517 7240 7340 7180 7330 13938.00 10130000
20130516 7180 7270 7130 7230 10573.00 7620000
20130515 7080 7200 7060 7180 8565.00 6120000
20130514 7290 7290 7020 7080 10959.00 7810000
20130513 7160 7300 7120 7290 17679.00 12740000
20130510 7050 7170 7020 7170 13327.00 9440000
20130509 7040 7060 6980 7060 10058.00 7050000
20130508 7010 7060 6980 7060 8880.00 6240000
20130507 7000 7010 6930 7000 6897.00 4810000
20130506 6970 7040 6940 7020 9214.00 6450000
20130503 6930 7030 6880 6970 11281.00 7840000
20130502 6970 6980 6750 6940 6932.00 4740000
20130426 6890 6950 6770 6800 7909.00 5420000
20130425 7030 7040 6920 6930 9499.00 6630000
20130424 6960 7060 6920 7040 7235.00 5050000
20130423 7200 7250 6930 6960 15123.00 10670000
20130422 7300 7330 7200 7310 10208.00 7410000
20130419 7150 7340 7150 7290 14834.00 10790000
20130418 7220 7280 7180 7220 7281.00 5260000
20130417 7260 7260 7140 7250 9657.00 6960000
20130416 7020 7280 6950 7210 13288.00 9540000
20130415 7150 7160 7000 7020 4291.00 3030000
20130412 7230 7260 7100 7220 11957.00 8590000
20130411 7010 7250 7000 7250 10183.00 7220000
20130410 7060 7120 7000 7010 4641.00 3260000
20130409 6980 7050 6940 7040 6121.00 4280000
20130408 7000 7000 6830 6940 5998.00 4120000
20130403 7140 7150 7030 7040 4809.00 3400000
20130402 7150 7220 7080 7090 4818.00 3440000
20130401 7140 7190 7110 7150 4766.00 3400000
20130329 7160 7180 7050 7110 5939.00 4220000
20130328 7430 7430 7100 7110 14780.00 10630000
20130327 7480 7540 7420 7420 7807.00 5820000
20130326 7550 7580 7370 7450 10364.00 7720000
20130325 7720 7740 7580 7590 11482.00 8750000
20130322 7630 7740 7630 7720 7736.00 5950000
20130321 7680 7780 7640 7680 13576.00 10450000
20130320 7600 7740 7540 7700 18386.00 14080000
20130319 7450 7600 7400 7590 5766.00 4320000
20130318 7600 7820 7420 7450 13001.00 9930000
20130315 7640 7720 7510 7570 11733.00 8930000
20130314 7360 7710 7350 7610 11583.00 8720000
20130313 7590 7630 7370 7420 7278.00 5420000
20130312 7860 7920 7470 7590 13800.00 10600000
20130311 8050 8080 7860 7880 9621.00 7630000
20130308 7950 8080 7920 7980 17285.00 13850000
20130307 7960 8030 7850 7980 18169.00 14460000
20130306 7830 7960 7810 7960 17743.00 14020000
20130305 7750 7930 7730 7830 12816.00 10040000
20130304 7910 7960 7650 7750 16167.00 12580000
20130301 7790 8020 7740 7980 24555.00 19310000
20130228 7570 7900 7530 7810 16368.00 12620000
20130227 7720 7790 7540 7610 9487.00 7270000
20130226 7800 7840 7680 7720 8463.00 6570000
20130225 7740 7800 7710 7760 5886.00 4560000
20130222 7670 7790 7650 7690 9491.00 7330000
20130221 7990 7990 7670 7760 15623.00 12230000
20130220 7890 8040 7870 8010 13135.00 10450000
20130219 8100 8120 7860 7890 12065.00 9580000
20130218 8070 8120 8010 8070 12008.00 9690000
20130208 7900 8070 7900 8050 17500.00 14040000
20130207 7880 7920 7800 7870 7334.00 5760000
20130206 7880 7940 7800 7920 11431.00 9030000
20130205 7720 7850 7700 7840 9207.00 7150000
20130204 7830 7880 7760 7760 9518.00 7420000
20130201 7810 7850 7750 7830 9131.00 7130000
20130131 7890 7910 7740 7810 11084.00 8640000
20130130 7880 7950 7790 7880 12884.00 10110000
20130129 7850 7980 7850 7880 15682.00 12400000
20130128 7640 7890 7610 7880 17454.00 13630000
20130125 7580 7640 7530 7630 10387.00 7870000
20130124 7810 7980 7530 7600 26102.00 20330000
20130123 7810 7890 7730 7840 16290.00 12690000
20130122 8000 8050 7780 7820 23901.00 19010000
20130121 8000 8040 7920 7990 17939.00 14310000
20130118 7990 8030 7770 7990 29680.00 23520000
20130117 8050 8070 7940 7980 19165.00 15320000
20130116 8240 8350 7920 8050 54563.00 44110000
20130115 8400 8440 8260 8330 74124.00 61770000
20130114 8290 8550 8130 8530 110122.00 91630000
20130111 8020 8780 8000 8310 87066.00 72890000
20130110 7990 8040 7870 7990 23760.00 18870000
20130109 7730 8130 7670 8000 54798.00 43380000
20130108 7320 7860 7200 7750 57646.00 43790000
20130107 7190 7290 7040 7280 10597.00 7630000
20130104 7300 7300 7140 7200 8918.00 6430000
20121231 7250 7270 7180 7250 9736.00 7030000
20121228 7180 7230 7100 7230 12806.00 9180000
20121227 7280 7470 7150 7150 21568.00 15680000
20121226 7140 7290 7100 7290 21290.00 15330000
20121225 6890 7140 6890 7120 18016.00 12690000
20121224 6820 6980 6800 6920 13156.00 9100000
20121221 6760 6880 6740 6850 11627.00 7920000
20121220 6800 6850 6690 6800 8680.00 5880000
20121219 6730 6870 6700 6810 9058.00 6140000
20121218 6730 6850 6710 6720 10680.00 7240000
20121217 6720 6820 6650 6800 12239.00 8250000
20121214 6470 6740 6470 6720 13970.00 9300000
20121213 6480 6550 6440 6460 6384.00 4140000
20121212 6620 6620 6460 6550 7689.00 5020000
20121211 6640 6700 6470 6580 7781.00 5140000
20121210 6540 6680 6530 6650 10522.00 6950000
20121207 6410 6550 6360 6530 9866.00 6390000
20121206 6410 6440 6340 6380 5273.00 3360000
20121205 6190 6450 6190 6380 9881.00 6300000
20121204 6110 6220 6050 6190 4646.00 2850000
20121203 6240 6300 6090 6090 4549.00 2820000
20121130 6210 6340 6140 6290 5148.00 3220000
20121129 6240 6330 6180 6220 4772.00 2980000
20121128 6220 6300 6180 6240 6701.00 4170000
20121127 6640 6710 6350 6360 7854.00 5080000
20121126 6880 6910 6690 6720 3978.00 2700000
20121123 6930 6940 6860 6870 3023.00 2080000
20121122 6910 6930 6830 6880 3877.00 2660000
20121121 6800 6940 6750 6940 6905.00 4720000
20121120 6810 6860 6760 6800 5123.00 3490000
20121119 6780 6780 6660 6770 6325.00 4240000
20121116 6800 6810 6700 6770 5679.00 3820000
20121115 6930 6960 6810 6810 6068.00 4180000
20121114 7030 7030 6900 7000 3998.00 2780000
20121113 7070 7070 6980 7000 4525.00 3170000
20121112 7090 7090 6990 7060 3957.00 2790000
20121109 7130 7130 6970 6990 6930.00 4860000
20121108 7190 7190 7040 7050 9747.00 6920000
20121107 7130 7290 7130 7240 9414.00 6800000
20121106 7290 7300 7110 7190 8656.00 6230000
20121105 7300 7340 7210 7310 8203.00 5980000
20121102 7290 7380 7230 7300 7965.00 5800000
20121101 7130 7310 7130 7280 11529.00 8350000
20121031 7150 7160 7070 7130 9607.00 6830000
20121030 7130 7210 7060 7150 7459.00 5320000
20121029 7160 7180 7050 7110 7515.00 5340000
20121026 7310 7330 7060 7090 15823.00 11290000
20121025 7700 7730 7280 7290 21387.00 15980000
20121024 7570 7660 7510 7580 11165.00 8450000
20121023 7580 7740 7560 7570 14867.00 11390000
20121022 7590 7650 7480 7640 12665.00 9570000
20121019 7670 7770 7580 7630 16683.00 12770000
20121018 7700 7800 7600 7750 26057.00 20130000
20121017 7530 7760 7470 7710 25303.00 19380000
20121016 7520 7630 7460 7540 16689.00 12620000
20121015 7660 7660 7450 7520 20071.00 15090000
20121012 7680 7830 7520 7700 48583.00 37300000
20121011 8500 8660 7850 7890 113291.00 94420000
20121010 7280 8060 7280 8060 35778.00 28530000
20121009 7130 7330 7130 7330 9424.00 6850000
20121008 7210 7270 7090 7130 6601.00 4710000
20120928 7080 7230 7070 7210 6104.00 4360000
20120927 6900 7130 6890 7080 5846.00 4110000
20120926 7080 7080 6860 6890 4956.00 3440000
20120925 7050 7130 7000 7040 4582.00 3230000
20120924 6940 7150 6920 7100 6892.00 4840000
20120921 7040 7150 7020 7030 8622.00 6100000
20120920 7510 7510 7030 7080 17121.00 12510000
20120919 7590 7630 7430 7540 14090.00 10580000
20120918 7590 7780 7400 7630 27517.00 20860000
20120917 7530 8210 7500 7740 52058.00 40850000
20120914 7560 7590 7420 7510 12096.00 9080000
20120913 7730 7730 7480 7490 13199.00 10030000
20120912 7720 7840 7610 7720 12759.00 9820000
20120911 7680 7750 7620 7740 12965.00 9950000
20120910 7550 7850 7530 7760 28444.00 21920000
20120907 7380 7680 7380 7560 26909.00 20280000
20120906 7260 7380 7240 7370 14657.00 10700000
20120905 7340 7360 7150 7290 18274.00 13260000
20120904 6980 7500 6980 7310 29529.00 21470000
20120903 6880 7030 6750 7030 7146.00 4970000
20120831 6810 6940 6810 6880 4916.00 3380000
20120830 7030 7080 6740 6880 10175.00 7040000
20120829 7030 7150 6970 7080 7395.00 5230000
20120828 6980 7120 6950 7070 7113.00 5000000
20120827 7190 7190 6970 7010 10426.00 7340000
20120824 7480 7480 7270 7280 9873.00 7270000
20120823 7260 7580 7220 7480 16932.00 12550000
20120822 7300 7440 7230 7260 11991.00 8760000
20120821 7150 7390 7140 7300 14318.00 10450000
20120820 7120 7190 7030 7170 7528.00 5340000
20120817 7070 7140 7060 7140 6664.00 4730000
20120816 7030 7140 7030 7070 5432.00 3840000
20120815 7170 7220 7080 7080 8950.00 6370000
20120814 7110 7240 7030 7230 8666.00 6160000
20120813 7380 7450 7110 7130 13589.00 9870000
20120810 7340 7490 7250 7400 16647.00 12270000
20120809 7150 7380 7120 7340 16854.00 12220000
20120808 7160 7240 7090 7150 12415.00 8880000
20120807 7040 7180 7020 7180 18448.00 13120000
20120806 6860 7050 6820 7040 12267.00 8540000
20120803 6750 6910 6700 6880 9438.00 6400000
20120802 6850 6860 6710 6740 8574.00 5800000
20120801 6810 6970 6780 6910 12224.00 8390000
20120731 6780 6860 6630 6840 10309.00 6940000
20120730 7060 7130 6810 6850 8549.00 5960000
20120727 7020 7110 7010 7030 7493.00 5280000
20120726 7050 7150 7020 7060 7532.00 5330000
20120725 7080 7130 7030 7050 6208.00 4400000
20120724 6980 7120 6970 7110 7980.00 5620000
20120723 7100 7100 6970 7000 9855.00 6910000
20120720 7170 7220 7120 7180 10256.00 7340000
20120719 7000 7280 6970 7160 16520.00 11800000
20120718 7020 7040 6880 7040 10669.00 7430000
20120717 6930 7070 6900 7020 7406.00 5180000
20120716 7520 7520 6920 6960 16214.00 11590000
20120713 7730 7750 7520 7520 13063.00 9940000
20120712 7620 7820 7590 7740 12571.00 9700000
20120711 7600 7730 7600 7690 6269.00 4810000
20120710 7730 7790 7630 7700 10378.00 7980000
20120709 8060 8190 7710 7760 10411.00 8270000
20120706 8180 8190 7930 8160 11371.00 9150000
20120705 8410 8450 8080 8110 11289.00 9270000
20120704 8640 8640 8480 8490 7697.00 6570000
20120703 8660 8680 8560 8600 7657.00 6600000
20120702 8690 8690 8590 8640 5929.00 5110000
20120629 8580 8670 8390 8650 6102.00 5210000
20120628 8750 8810 8560 8570 6414.00 5570000
20120627 8870 9000 8740 8760 4608.00 4080000
20120626 8730 8840 8700 8810 4574.00 4010000
20120625 8970 9000 8720 8770 5805.00 5160000
20120621 9140 9170 8950 8990 6582.00 5930000
20120620 9150 9220 9110 9160 6383.00 5840000
20120619 9200 9200 9120 9130 5021.00 4600000
20120618 9080 9220 9030 9200 7874.00 7210000
20120615 9080 9110 8950 9080 6939.00 6270000
20120614 9040 9160 9000 9050 11064.00 10050000
20120613 8930 9050 8930 9030 10542.00 9490000
20120612 9020 9030 8890 8930 4263.00 3820000
20120611 8950 9080 8900 9040 7040.00 6330000
20120608 9190 9220 8910 8930 10594.00 9590000
20120607 9590 9600 9100 9120 13119.00 12190000
20120606 14760 14840 14550 14570 6438.00 9430000
20120605 14550 14780 14550 14640 3822.00 5610000
20120604 14890 14890 14600 14610 8483.00 12510000
20120601 14980 15120 14890 15050 6905.00 10350000
20120531 14690 15110 14690 15000 12552.00 18790000
20120530 14770 14780 14620 14710 7124.00 10470000
20120529 14640 14820 14560 14750 9331.00 13710000
20120528 14470 14650 14170 14570 9099.00 13140000
20120525 14790 14800 14320 14500 13007.00 18880000
20120524 15050 15150 14730 14790 7516.00 11240000
20120523 15080 15210 14900 15050 6908.00 10390000
20120522 15070 15120 14960 15070 6581.00 9910000
20120521 14880 15200 14810 14920 4804.00 7170000
20120518 14980 15170 14820 14910 7795.00 11650000
20120517 14820 15100 14800 15090 8084.00 12100000
20120516 14960 15090 14830 14840 7596.00 11360000
20120515 15230 15250 14800 14970 14033.00 20960000
20120511 15650 15800 15420 15420 11577.00 18090000
20120510 15560 15930 15550 15650 13780.00 21700000
20120509 15890 15950 15550 15580 23886.00 37600000
20120508 15690 16710 15560 16120 67829.00 109400000
20120507 14890 15970 14650 15910 47167.00 72650000
20120504 14950 14950 14770 14930 8048.00 11960000
20120503 14850 14930 14720 14850 9426.00 13990000
20120502 14800 14920 14710 14850 7855.00 11650000
20120427 14660 14760 14510 14650 4828.00 7070000
20120426 14850 14850 14560 14570 8651.00 12700000
20120425 14500 14800 14240 14780 11797.00 17290000
20120424 15110 15200 14210 14600 19605.00 28960000
20120423 15680 15800 14950 15220 18998.00 29190000
20120420 15520 15820 15480 15680 13162.00 20600000
20120419 15500 15630 15450 15540 6895.00 10710000
20120418 15160 15620 15060 15500 7591.00 11660000
20120417 15570 15610 14960 15150 10596.00 16120000
20120416 15620 15780 15510 15570 7281.00 11390000
20120413 15690 15750 15480 15660 12208.00 19070000
20120412 15610 15640 15270 15590 9625.00 14920000
20120411 15260 15650 15120 15400 9378.00 14440000
20120410 14660 15600 14200 15520 10289.00 15270000
20120409 14750 14930 14650 14710 5413.00 8000000
20120406 14660 15090 14500 14930 10926.00 16210000
20120405 14170 14680 14110 14660 9954.00 14460000
20120330 14410 14580 14010 14170 8386.00 11980000
20120329 14850 14900 14320 14400 12658.00 18540000
20120328 15910 15910 14990 15000 17317.00 26510000
20120327 15860 16200 15860 16010 12647.00 20290000
20120326 16000 16080 15750 15840 11764.00 18690000
20120323 16500 16520 15900 16020 20535.00 33080000
20120322 16670 16760 16430 16580 13970.00 23160000
20120321 16670 16950 16290 16810 27409.00 45420000
20120320 16300 17180 16300 16630 59820.00 100360000
20120319 16020 16580 16000 16460 19707.00 32150000
20120316 15850 16080 15650 16030 16703.00 26590000
20120315 15880 16120 15490 15750 19897.00 31340000
20120314 16700 17050 15660 15830 45492.00 74580000
20120313 16430 16700 16220 16690 25263.00 41640000
20120312 16280 16540 16160 16440 24204.00 39590000
20120309 16240 16330 16070 16300 33158.00 53700000
20120308 15540 16350 15510 16240 39607.00 63160000
20120307 15290 15620 15290 15400 14096.00 21770000
20120306 15680 15780 15390 15470 15935.00 24710000
20120305 15860 16030 15730 15750 19720.00 31290000
20120302 15480 15930 15480 15850 21504.00 33840000
20120301 15400 15570 15360 15450 12030.00 18600000
20120229 15430 15680 15350 15440 16216.00 25130000
20120228 15800 15850 15220 15530 28188.00 43730000
20120227 15930 16200 15720 15730 29981.00 47920000
20120224 15800 15980 15630 15880 22075.00 34970000
20120223 15600 16090 15500 15780 31465.00 49700000
20120222 15150 15580 15140 15540 29966.00 46220000
20120221 15070 15140 14780 15140 16607.00 24850000
20120220 15250 15270 15030 15030 16170.00 24450000
20120217 15030 15320 14910 15040 19901.00 30020000
20120216 15080 15200 14790 15000 22108.00 33220000
20120215 14740 15100 14660 15080 20108.00 29970000
20120214 14800 14990 14670 14780 14833.00 21950000
20120213 14670 14970 14550 14900 19756.00 29310000
20120210 14530 14800 14500 14690 17140.00 25120000
20120209 14480 14810 14480 14580 23575.00 34550000
20120208 14140 14570 14110 14480 15795.00 22720000
20120207 14450 14450 14060 14140 13583.00 19300000
20120206 14400 14550 14270 14510 17590.00 25350000
20120203 14050 14440 13950 14360 19661.00 27950000
20120202 13900 14040 13750 14030 9896.00 13750000
20120201 13940 14160 13800 13830 8810.00 12290000
20120131 14070 14170 13760 13920 10006.00 13890000
20120130 14080 14330 14000 14130 12645.00 17950000
20120120 13980 14250 13900 14140 18151.00 25540000
20120119 13730 14160 13660 14160 10569.00 14750000
20120118 13940 14220 13650 13700 17268.00 24160000
20120117 13180 14050 13130 13940 13377.00 18330000
20120116 13330 13500 13110 13130 8268.00 11000000
20120113 14340 14400 13500 13540 17521.00 24340000
20120112 14480 14730 14320 14330 16472.00 23870000
20120111 14290 14660 14120 14480 22467.00 32410000
20120110 13820 14470 13710 14350 22541.00 31890000
20120109 13260 13840 13140 13830 15296.00 20780000
20120106 13000 13360 12900 13260 10819.00 14150000
20120105 13650 13670 12960 13000 15105.00 20060000
20120104 14550 14650 13790 13790 15502.00 22130000
20111230 14150 14490 14130 14420 18897.00 27070000
20111229 13900 14200 13890 14090 15161.00 21340000
20111228 14400 14480 13710 14110 28176.00 39820000
20111227 14290 14720 13800 14550 38573.00 55080000
20111226 14390 14530 14200 14200 6823.00 9800000
20111223 14270 14590 14200 14390 11050.00 15950000
20111222 14800 14800 13910 14270 14424.00 20610000
20111221 15450 15520 14870 14880 9122.00 13940000
20111220 15250 15610 15250 15300 11556.00 17840000
20111219 15190 15460 14880 15390 11161.00 16910000
20111216 15000 15320 14800 15210 11759.00 17710000
20111215 15070 15240 14900 14920 9500.00 14300000
20111214 15530 15600 15150 15180 6628.00 10190000
20111213 16300 16300 15000 15530 12274.00 19210000
20111212 16540 16680 16400 16430 8721.00 14430000
20111209 16200 16780 16080 16570 14611.00 24160000
20111208 16280 16580 15890 16360 12618.00 20550000
20111207 16190 16450 16190 16340 9157.00 14970000
20111206 16000 16360 16000 16250 6720.00 10870000
20111205 16710 16800 16100 16100 10768.00 17640000
20111202 17350 17350 16680 16810 13234.00 22400000
20111201 17750 17880 17350 17360 20215.00 35640000
20111130 18400 18410 17030 17190 21260.00 37660000
20111129 18370 18500 18100 18500 18085.00 33030000
20111128 18180 18330 18070 18160 8845.00 16080000
20111125 18430 18520 18150 18180 9263.00 16970000
20111124 18300 18530 18120 18400 11633.00 21330000
20111123 18830 18870 18480 18530 16129.00 30120000
20111122 18360 18920 18280 18890 24850.00 46430000
20111121 18480 18520 18240 18460 9932.00 18260000
20111118 18910 19100 18290 18390 26046.00 48530000
20111117 19260 19460 18950 19090 20692.00 39740000
20111116 20030 20160 19010 19230 26316.00 51530000
20111115 20000 20190 19960 20060 18384.00 36900000
20111114 19760 20080 19720 20080 27406.00 54760000
20111111 19710 19910 19530 19600 15341.00 30300000
20111110 19680 19960 19480 19600 23729.00 46820000
20111109 19640 19850 19370 19830 17272.00 33900000
20111108 19810 20020 19560 19560 21038.00 41650000
20111107 19690 19890 19590 19690 17407.00 34300000
20111104 19980 20060 19600 19810 25849.00 51220000
20111103 20320 20460 19810 19870 49363.00 99310000
20111102 19370 20380 19320 20230 55549.00 110440000
20111101 19030 19950 19000 19800 58998.00 114970000
20111031 19300 19370 19030 19250 33404.00 64040000
20111028 19300 19350 18890 19340 53379.00 101810000
20111027 19080 19330 18800 18990 18795.00 35840000
20111026 18670 19360 18580 19010 30797.00 58630000
20111025 18400 19120 17900 18920 31361.00 58160000
20111024 18210 18580 17810 18540 10166.00 18620000
20111021 18560 18740 18180 18190 8264.00 15190000
20111020 19210 19240 18310 18530 14149.00 26370000
20111019 19160 19640 19090 19260 16792.00 32610000
20111018 19390 19920 18950 19060 20441.00 39880000
20111017 19000 19780 19000 19650 21948.00 42700000
20111014 19060 19140 18740 18950 8164.00 15450000
20111013 18900 19280 18700 19140 11976.00 22900000
20111012 18200 18970 18060 18940 12024.00 22490000
20111011 18690 18760 18200 18300 7462.00 13820000
20111010 18600 18600 18200 18250 6161.00 11320000
20110930 18600 18720 18170 18350 12242.00 22500000
20110928 19510 19690 18830 18890 11167.00 21480000
20110927 19090 19560 19090 19430 14199.00 27450000
20110926 19190 19420 18910 19050 8999.00 17280000
20110923 19000 19280 18840 19190 10297.00 19600000
20110922 19890 20000 19290 19300 13892.00 27280000
20110921 19400 20090 19310 20020 16049.00 31860000
20110920 19370 19620 19100 19390 9449.00 18270000
20110919 20100 20100 19370 19370 10991.00 21600000
20110916 20460 20550 20030 20050 10155.00 20630000
20110915 20280 20590 20150 20310 15654.00 31910000
20110914 20080 20250 19740 20250 11242.00 22520000
20110913 20440 20440 19800 19970 14097.00 28240000
20110909 20550 20870 20330 20720 12510.00 25720000
20110908 21060 21260 20570 20570 19162.00 40080000
20110907 20530 21050 20440 21030 18954.00 39410000
20110906 20500 20740 20220 20350 17758.00 36260000
20110905 21150 21360 20650 20650 15425.00 32310000
20110902 21990 21990 21330 21500 14744.00 31730000
20110901 22070 22350 21730 21800 18632.00 41020000
20110831 22320 22430 21510 21970 26885.00 59040000
20110830 23150 23330 22450 22460 29710.00 68090000
20110829 23390 23490 23010 23050 37307.00 86660000
20110826 22860 23650 22850 23310 63795.00 147850000
20110824 23190 23190 22570 22580 48201.00 110260000
20110823 22110 23000 22110 23000 52976.00 119940000
20110822 21850 22530 21850 22090 29708.00 65920000
20110819 21110 22490 21110 22040 49281.00 108340000
20110818 22090 22190 21300 21510 27884.00 60330000
20110817 22580 22740 21970 22070 33729.00 74980000
20110816 22500 22900 22350 22640 43756.00 99300000
20110815 22150 22660 22050 22490 44073.00 98570000
20110812 22000 22910 21800 22260 54203.00 121220000
20110811 20550 22010 20310 21780 49450.00 105440000
20110810 21880 22250 21300 21350 47659.00 103790000
20110809 20800 21990 20050 21360 62377.00 131230000
20110808 24220 24580 22230 22230 73052.00 168530000
20110805 24400 25480 24200 24700 56093.00 139460000
20110804 25150 25690 24740 25300 66136.00 166410000
20110803 25980 26370 25380 25410 89036.00 229330000
20110802 25780 27450 25500 26470 143658.00 384140000
20110801 25550 26950 24010 26180 135423.00 348320000
20110729 24770 26240 24770 25900 151000.00 388810000
20110728 24500 27500 24500 25390 275481.00 712900000
