20180302 18320 19350 18320 18600 8576 16193222 5.58 1.41 0.81 4803 3773 1.27 0.54
20180301 18280 18520 18230 18450 5798 10674334 1.60 1.02 1.71 2647 3150 0.84 0.36
20180228 18310 18430 18020 18140 5938 10816788 2.22 1.14 -1.57 3941 1997 1.97 0.37
20180227 18350 18490 18160 18430 7344 13474272 1.80 1.54 0.66 3232 4112 0.79 0.46
20180226 17880 18450 17740 18310 6390 11570190 4.01 1.28 3.39 1959 4431 0.44 0.40
20180223 17710 17860 17610 17710 4962 8796684 1.41 0.86 0.00 2270 2692 0.84 0.31
20180222 17580 17760 17520 17710 3852 6806115 1.38 0.61 1.49 2295 1557 1.47 0.24
20180214 17470 17480 17240 17450 3599 6263722 1.38 0.49 0.35 1384 2215 0.62 0.23
20180213 17490 17670 17370 17390 5025 8795975 1.73 0.53 0.00 2851 2174 1.31 0.31
20180212 16770 17450 16770 17390 7535 13027972 4.06 0.82 3.82 2500 5035 0.50 0.47
20180209 16900 17310 16510 16750 8742 14752450 4.57 0.99 -4.23 4443 4299 1.03 0.55
20180208 17310 17680 17300 17490 6624 11584299 2.20 0.65 1.10 3255 3369 0.97 0.42
20180207 17850 17870 16520 17300 8729 15094004 7.79 0.82 -0.12 4352 4377 0.99 0.55
20180206 19120 19200 17320 17320 15811 28537270 9.77 1.82 -9.98 8604 7207 1.19 0.99
20180205 19280 19290 19110 19240 5803 11133635 0.93 0.63 -0.72 3834 1969 1.95 0.36
20180202 19840 19840 19140 19380 7259 14074204 3.52 0.75 -2.52 3852 3408 1.13 0.45
20180201 20840 21340 19700 19880 13280 26866951 7.87 1.19 -4.61 10064 3216 3.13 0.83
20180131 21560 21560 20790 20840 10854 22942662 3.57 0.90 -3.34 7249 3605 2.01 0.68
20180130 21640 21780 21510 21560 6332 13677159 1.25 0.54 -0.37 3824 2508 1.52 0.40
20180129 22230 22230 21630 21640 8446 18486202 2.70 0.75 -2.52 5383 3063 1.76 0.53
20180126 22500 22500 22200 22200 9412 21034278 1.33 0.89 -1.68 5900 3513 1.68 0.59
20180125 22290 23290 22290 22580 20701 47274146 4.45 2.75 0.58 12140 8561 1.42 1.30
20180124 21800 22450 21640 22450 15525 34380998 3.70 2.47 2.51 5650 9875 0.57 0.97
20180123 21650 21970 21650 21900 4784 10451696 1.46 0.66 0.23 2652 2132 1.24 0.30
20180122 21700 21920 21500 21850 5999 13047819 1.94 0.80 1.11 3026 2973 1.02 0.38
20180119 21500 21990 21500 21610 5897 12836429 2.27 0.80 0.32 3188 2709 1.18 0.37
20180118 21550 21660 21440 21540 5384 11613795 1.02 0.70 -0.05 3045 2339 1.30 0.34
20180117 21820 21820 21380 21550 9317 20039891 2.02 1.22 -1.15 4689 4629 1.01 0.58
20180116 21510 22250 21510 21800 9782 21419914 3.35 1.39 -1.36 5448 4334 1.26 0.61
20180115 22460 22460 21940 22100 7168 15869684 2.32 1.01 -1.56 4919 2249 2.19 0.45
20180112 22650 22720 22450 22450 5011 11294151 1.19 0.64 -0.93 3647 1364 2.67 0.31
20180111 22300 22780 22220 22660 7390 16648596 2.51 0.79 1.61 2955 4435 0.67 0.46
20180110 22870 22980 22200 22300 8878 20008346 3.41 0.92 -2.49 5684 3194 1.78 0.56
20180109 23070 23190 22800 22870 6791 15565522 1.69 0.71 -0.78 4410 2382 1.85 0.43
20180108 23000 23160 23000 23050 7336 16936575 0.69 0.79 -0.17 3299 4037 0.82 0.46
20180105 23300 23590 23080 23090 8866 20574443 2.18 1.40 -1.32 5728 3138 1.83 0.56
20180104 22640 23700 22620 23400 14624 34096426 4.73 2.11 2.59 6804 7820 0.87 0.92
20180103 22110 22960 22110 22810 10519 23905280 3.77 1.70 1.15 4618 5901 0.78 0.66
20180102 22500 22750 22280 22550 6446 14551568 2.09 5.35 0.09 3308 3138 1.05 0.40
20171229 22100 22540 22100 22530 6021 13493031 1.98 0.97 1.49 2416 3605 0.67 0.38
20171228 22200 22480 22160 22200 5310 11828670 1.44 0.83 0.05 2774 2536 1.09 0.33
20171227 22700 22700 22100 22190 6417 14353479 2.64 0.95 -2.38 3962 2455 1.61 0.40
20171226 22200 22780 22020 22730 6680 15054901 3.41 1.06 1.93 2413 4267 0.57 0.42
20171225 22600 22940 22190 22300 6194 13965107 3.33 0.98 -0.84 3727 2468 1.51 0.39
20171222 22500 22950 22290 22490 6403 14481752 2.95 0.97 0.45 3825 2578 1.48 0.40
20171221 22230 22500 22080 22390 6185 13803904 1.88 0.83 0.22 3671 2514 1.46 0.39
20171220 23060 23080 22250 22340 8161 18408263 3.60 1.09 -3.08 4697 3464 1.36 0.51
20171219 22910 23200 22910 23050 4595 10601018 1.26 0.54 0.52 2546 2049 1.24 0.29
20171218 23410 23710 22800 22930 6377 14713071 3.88 0.66 -2.22 4303 2074 2.07 0.40
20171215 23400 23790 23310 23450 7620 17849095 2.03 0.77 -0.93 5087 2533 2.01 0.48
20171214 23360 23850 23170 23670 10484 24765297 2.91 1.15 1.33 4907 5577 0.88 0.66
20171213 22650 23400 22650 23360 8231 19029936 3.28 0.84 2.19 3206 5025 0.64 0.52
20171212 23430 23430 22810 22860 9502 21956338 2.67 0.66 -1.64 6760 2742 2.47 0.60
20171211 22400 23900 22330 23240 12602 29084989 7.01 0.89 3.75 5928 6674 0.89 0.79
20171208 22230 22670 22070 22400 8362 18845718 2.69 0.58 0.54 4335 4027 1.08 0.52
20171207 22180 22600 22010 22280 7084 15809406 2.66 0.47 0.45 4025 3059 1.32 0.44
20171206 21800 22260 21630 22180 11429 25117054 2.88 0.75 1.56 5571 5858 0.95 0.72
20171205 23520 23580 21490 21840 32316 72113642 8.75 2.91 -8.54 18951 13365 1.42 2.03
20171204 24500 24500 23880 23880 11939 28716117 2.53 0.92 -2.61 8112 3827 2.12 0.75
20171201 24100 24670 24080 24520 9710 23778145 2.44 0.63 1.41 4625 5085 0.91 0.61
20171130 24380 24380 24130 24180 10028 24304260 1.03 0.45 -0.82 7138 2890 2.47 0.63
20171129 24300 24420 24010 24380 11759 28464705 1.69 0.41 0.70 7090 4669 1.52 0.74
20171128 24130 24380 24000 24210 12159 29397386 1.60 0.34 1.77 5495 6664 0.82 0.76
20171127 25010 25320 23790 23790 21305 51832094 6.11 0.53 -4.99 13810 7494 1.84 1.34
20171124 24770 25180 24300 25040 21649 53935021 3.54 0.43 0.68 11997 9653 1.24 1.36
20171123 26550 26550 24870 24870 43332 110212237 6.35 0.75 -5.94 26961 16370 1.65 2.72
20171122 27500 27670 26290 26440 44340 119090504 5.02 0.66 -3.85 26467 17873 1.48 2.78
20171121 28130 28570 26900 27500 48343 133639070 5.89 0.60 -3.07 28715 19628 1.46 3.03
20171120 28750 28930 27270 28370 43649 122060997 5.79 0.48 -0.98 24840 18810 1.32 2.74
20171117 28470 29380 27840 28650 72942 209410117 5.40 0.86 0.53 37165 35777 1.04 4.57
20171116 30140 30990 28400 28500 81112 239695202 8.74 1.14 -3.85 47276 33836 1.40 5.08
20171115 31000 31400 29120 29640 88140 264930973 7.55 1.54 -1.85 49275 38864 1.27 5.52
20171114 28580 30500 28330 30200 115921 344035632 7.48 3.12 4.10 58864 57057 1.03 7.26
20171113 27110 29310 27110 29010 98133 277934192 8.12 4.80 7.13 38584 59549 0.65 6.15
20171110 26190 28280 26050 27080 43010 117223049 8.51 2.88 3.32 20620 22390 0.92 2.70
20171109 25850 26360 25750 26210 10777 28169629 2.35 0.65 0.81 5247 5530 0.95 0.68
20171108 26480 26680 25820 26000 18896 49578798 3.24 1.02 -2.00 11719 7178 1.63 1.18
20171107 26880 27000 26280 26530 14859 39380456 2.68 0.63 -1.30 8701 6158 1.41 0.93
20171106 26690 26990 26150 26880 14774 39363607 3.14 0.57 0.45 7347 7427 0.99 0.93
20171103 26850 26860 26370 26760 15363 40891271 1.82 0.49 -0.37 8301 7062 1.18 0.96
20171102 26650 27200 26320 26860 19609 52618745 3.28 0.68 0.22 10241 9368 1.09 1.23
20171101 27440 27570 26780 26800 27724 75340798 2.89 1.11 -2.12 16532 11192 1.48 1.74
20171031 26400 27580 26100 27380 40372 109212617 5.59 2.22 3.44 17427 22944 0.76 2.53
20171030 26770 26950 25450 26470 27476 71773229 5.58 1.89 -1.60 17053 10423 1.64 1.72
20171027 25550 27680 25540 26900 41170 110733895 8.34 5.47 4.87 16968 24201 0.70 2.58
20171026 25650 25810 25460 25650 7814 20065383 1.36 0.98 -0.31 4169 3645 1.14 0.49
20171025 25580 25840 25290 25730 8381 21456339 2.15 0.96 0.55 4485 3896 1.15 0.53
20171024 25880 25880 25180 25590 6178 15747917 2.72 0.68 -0.70 3101 3077 1.01 0.39
20171023 25720 25770 25300 25770 9074 23186790 1.85 0.83 1.46 4066 5008 0.81 0.57
20171020 25350 25580 25000 25400 6209 15754152 2.30 0.52 0.79 2698 3511 0.77 0.39
20171019 25230 25580 24870 25200 9941 25099940 2.80 0.78 -0.51 5099 4842 1.05 0.62
20171018 25940 26060 25100 25330 12367 31664166 3.71 0.93 -2.01 7515 4852 1.55 0.78
20171017 25580 26160 25580 25850 7925 20500635 2.24 0.51 -0.04 3921 4004 0.98 0.50
20171016 26770 26770 25800 25860 17908 46808913 3.62 0.99 -3.51 11756 6152 1.91 1.12
20171013 27070 27270 26720 26800 12135 32697288 2.03 0.67 -1.00 7077 5058 1.40 0.76
20171012 26880 27140 26700 27070 13395 36093822 1.63 0.75 0.48 7452 5943 1.25 0.84
20171011 27300 27370 26750 26940 14895 40203499 2.26 0.80 -1.61 9343 5552 1.68 0.93
20171010 27240 27470 26810 27380 18767 50955866 2.42 0.86 0.40 10073 8693 1.16 1.18
20171009 26770 27600 26240 27270 30911 83853192 5.20 1.54 4.20 11205 19706 0.57 1.94
20170929 25600 26200 25520 26170 12530 32533342 2.66 0.47 2.23 5917 6613 0.89 0.79
20170928 25430 25970 25400 25600 12491 32054293 2.22 0.41 -0.19 7022 5469 1.28 0.78
20170927 25400 25990 25300 25650 18907 48532858 2.69 0.51 -0.04 10002 8905 1.12 1.18
20170926 26680 27300 23990 25660 34358 88860356 12.42 0.99 -3.75 20059 14298 1.40 2.15
20170925 27000 27160 26530 26660 21762 58375071 2.33 0.66 -1.26 13543 8219 1.65 1.36
20170922 26480 27430 26260 27000 44609 120794104 4.40 1.70 1.50 21944 22665 0.97 2.80
20170921 26300 26790 26230 26600 34550 91707741 2.11 1.54 0.38 19739 14811 1.33 2.17
20170920 25570 26660 25490 26500 49546 130053486 4.56 3.13 3.39 21751 27795 0.78 3.10
20170919 25350 25680 25050 25630 22504 57146785 2.49 1.44 1.34 10864 11640 0.93 1.41
20170918 24840 25300 24840 25290 14522 36486902 1.85 0.92 1.69 6466 8055 0.80 0.91
20170915 25100 25100 24830 24870 10436 25986078 1.07 0.59 -1.00 6298 4138 1.52 0.65
20170914 24990 25280 24880 25120 14918 37397192 1.60 0.67 0.48 8075 6843 1.18 0.93
20170913 25110 25200 24800 25000 16806 41952771 1.59 0.79 -0.60 9890 6915 1.43 1.05
20170912 25280 25790 25110 25150 21698 55240579 2.69 1.10 -0.59 12846 8852 1.45 1.36
20170911 25010 25320 24850 25300 14644 36866368 1.89 0.74 1.57 7197 7447 0.97 0.92
20170908 25000 25350 24860 24910 19650 49305957 1.94 1.08 -1.54 11769 7881 1.49 1.23
20170907 24830 26310 24660 25300 38027 97112596 6.65 2.94 1.93 17784 20243 0.88 2.38
20170906 25000 25000 24670 24820 12070 29933277 1.32 0.94 -0.96 6745 5325 1.27 0.76
20170905 24890 25250 24890 25060 13986 35100753 1.44 1.09 0.32 6332 7654 0.83 0.88
20170904 24850 25300 24730 24980 15255 38252665 2.30 1.16 0.69 7900 7355 1.07 0.96
20170901 24700 24900 24620 24810 12029 29793930 1.13 0.85 0.32 5923 6106 0.97 0.75
20170831 24670 24830 24450 24730 11281 27727253 1.54 0.82 0.20 6041 5240 1.15 0.71
20170830 24550 24950 24430 24680 11927 29460614 2.12 0.90 0.45 5339 6588 0.81 0.75
20170829 24870 24940 24570 24570 13734 33915075 1.49 1.03 -1.01 8741 4993 1.75 0.86
20170828 24710 24980 24440 24820 17045 42320980 2.19 1.41 0.61 9244 7801 1.18 1.07
20170825 24150 24760 24150 24670 16902 41552917 2.53 1.62 2.15 6991 9910 0.71 1.06
20170824 24440 24480 24080 24150 8817 21407147 1.64 0.81 -1.15 5742 3075 1.87 0.55
20170823 24460 24540 24280 24430 9732 23735804 1.06 0.82 -0.04 4957 4775 1.04 0.61
20170822 24460 24580 24350 24440 13860 33895953 0.94 1.31 -0.08 7547 6312 1.20 0.87
20170821 24020 24470 24020 24460 10943 26627295 1.86 1.11 1.28 4493 6450 0.70 0.69
20170818 24170 24330 24020 24150 8694 21010500 1.28 0.88 -0.49 4856 3838 1.27 0.54
20170817 24350 24350 24060 24270 11069 26821841 1.20 1.07 0.04 5521 5548 1.00 0.69
20170816 23880 24310 23810 24260 14833 35795988 2.09 1.58 1.59 5898 8935 0.66 0.93
20170815 23920 23970 23750 23880 7513 17910803 0.92 0.78 0.21 4223 3290 1.28 0.47
20170814 23500 23950 23500 23830 7161 17051350 1.91 0.75 1.40 3214 3947 0.81 0.45
20170811 23310 23860 23310 23500 8587 20225196 2.33 0.92 -0.47 4697 3890 1.21 0.54
20170810 24100 24300 23570 23610 13662 32633765 3.02 1.49 -2.36 8095 5567 1.45 0.86
20170809 24100 24330 23940 24180 9941 24035496 1.62 1.04 0.33 5328 4614 1.15 0.62
20170808 23840 24170 23730 24100 8503 20347896 1.85 0.78 1.13 3680 4823 0.76 0.53
20170807 23980 24010 23760 23830 6798 16235067 1.05 0.59 0.34 3913 2885 1.36 0.43
20170804 24000 24180 23720 23750 7688 18342307 1.92 0.66 -1.00 5200 2488 2.09 0.48
20170803 23660 24210 23610 23990 13005 31283168 2.54 1.07 1.39 5959 7046 0.85 0.81
20170802 24030 24030 23600 23660 11577 27530747 1.79 0.98 -1.70 7335 4242 1.73 0.73
20170801 24080 24160 23810 24070 15605 37344435 1.44 1.33 -0.91 8485 7120 1.19 0.98
20170731 24400 24530 24020 24290 10088 24468859 2.08 0.82 -0.78 5706 4382 1.30 0.63
20170728 24700 24700 24410 24480 8330 20439728 1.18 0.67 -0.41 5022 3308 1.52 0.52
20170727 24010 24700 23900 24580 15065 36814058 3.32 1.25 1.95 6486 8579 0.76 0.94
20170726 24060 24330 23820 24110 9765 23503259 2.10 0.76 -0.94 5552 4213 1.32 0.61
20170725 23730 24580 23680 24340 15342 37204142 3.79 1.13 2.53 6614 8728 0.76 0.96
20170724 23880 24030 23510 23740 13039 30958232 2.17 0.73 -0.88 6368 6671 0.95 0.82
20170721 24030 24390 23920 23950 8636 20824621 1.94 0.47 -0.95 5047 3589 1.41 0.54
20170720 24140 24450 23980 24180 13341 32359261 1.95 0.74 0.17 7229 6112 1.18 0.84
20170719 23960 24220 23760 24140 13603 32692265 1.92 0.74 0.58 5647 7956 0.71 0.85
20170718 23800 24200 23590 24000 19414 46330740 2.49 1.04 -1.88 8958 10456 0.86 1.22
20170717 25190 25690 24460 24460 34444 84941900 4.53 1.98 -10.01 18346 16098 1.14 2.16
20170714 27550 27680 27140 27180 11846 32339761 1.95 0.48 -1.84 7655 4191 1.83 0.74
20170713 27540 27830 27210 27690 10849 29877645 2.25 0.42 0.54 5641 5208 1.08 0.68
20170712 27530 27880 27120 27540 14870 40768079 2.74 0.60 -0.79 8451 6419 1.32 0.93
20170711 28450 28690 27690 27760 21187 59864083 3.54 0.96 -1.66 13164 8023 1.64 1.33
20170710 28700 28700 28010 28230 28247 80023674 2.39 1.54 -2.22 17211 11036 1.56 1.77
20170707 27640 29350 27600 28870 48447 138266432 6.40 4.34 5.56 20490 27956 0.73 3.04
20170706 27220 27630 27140 27350 17152 46949027 1.80 1.76 0.63 9155 7998 1.14 1.07
20170705 27010 27390 26910 27180 8462 22950830 1.78 0.73 0.63 4177 4285 0.97 0.53
20170704 27180 27440 27000 27010 8508 23119618 1.62 0.62 -0.63 5947 2561 2.32 0.53
20170703 27040 27190 26870 27180 9391 25413984 1.18 0.62 0.59 5167 4224 1.22 0.59
20170630 27130 27320 26800 27020 12273 33092900 1.90 0.76 -1.13 7472 4801 1.56 0.77
20170629 27270 27640 27150 27330 10206 27958524 1.80 0.57 0.22 5507 4699 1.17 0.64
20170628 27810 28240 27180 27270 17827 49267431 3.79 0.99 -2.57 12279 5547 2.21 1.12
20170627 27420 27990 27300 27990 18615 51638127 2.51 1.04 2.00 7790 10825 0.72 1.17
20170626 27310 27630 27030 27440 17381 47487673 2.19 0.92 0.26 8423 8958 0.94 1.09
20170623 26780 27610 26750 27370 16845 45897377 3.21 0.80 2.16 6851 9994 0.69 1.06
20170622 27700 27710 26740 26790 18521 50452823 3.53 0.72 -2.55 10981 7540 1.46 1.16
20170621 28140 28260 27280 27490 18474 51022522 3.49 0.54 -2.00 11189 7285 1.54 1.16
20170620 28550 28560 27960 28050 18222 51526436 2.10 0.50 -1.82 12069 6153 1.96 1.14
20170619 28000 28660 27900 28580 21955 62430430 2.72 0.63 2.47 10367 11587 0.89 1.38
20170616 28680 28860 27700 27890 27872 78730681 4.02 0.85 -3.36 18946 8926 2.12 1.75
20170615 28500 29330 28400 28860 42094 121808132 3.20 1.37 -0.69 23850 18245 1.31 2.64
20170614 26880 29480 26880 29060 60484 172694732 9.51 2.78 6.25 25053 35431 0.71 3.79
20170613 26010 27980 26010 27350 30136 82043379 7.52 1.71 4.39 13278 16858 0.79 1.89
20170612 26950 26950 26130 26200 12902 34225624 3.07 0.77 -1.87 8322 4580 1.82 0.81
20170609 26300 27200 26300 26700 18467 49382332 3.37 1.21 0.04 10782 7685 1.40 1.16
20170608 25910 27990 25780 26690 31765 85372649 8.53 2.84 3.01 16590 15174 1.09 1.99
20170607 25230 25970 24980 25910 15522 39783306 3.93 1.58 2.74 7254 8267 0.88 0.97
20170606 24920 25300 24800 25220 9362 23481623 2.01 0.93 1.24 4622 4740 0.98 0.59
20170605 24590 25210 24590 24910 8969 22389885 2.52 0.82 1.34 4066 4903 0.83 0.56
20170602 23940 24680 23860 24580 10907 26462471 3.43 1.00 2.67 4308 6599 0.65 0.68
20170601 25270 25270 23940 23940 11092 27225734 5.30 0.88 -4.58 6853 4239 1.62 0.70
20170531 25380 25930 25060 25090 8745 22263121 3.44 0.65 -0.83 5457 3288 1.66 0.55
20170526 25330 25660 25200 25300 10699 27235672 1.83 0.81 0.56 6099 4601 1.33 0.67
20170525 24950 25210 24310 25160 13082 32522152 3.61 1.00 0.88 7523 5558 1.35 0.82
20170524 24600 24940 24020 24940 10997 26941694 3.73 0.78 1.01 4813 6184 0.78 0.69
20170523 26200 26410 24660 24690 19688 49865971 6.63 1.53 -6.41 12327 7361 1.67 1.23
20170522 27210 27510 26380 26380 12552 33623136 4.12 1.03 -3.72 8676 3876 2.24 0.79
20170519 27440 27790 27180 27400 9984 27382718 2.22 0.74 -0.11 6399 3585 1.78 0.63
20170518 27100 27700 26990 27430 12486 34276813 2.59 0.80 0.22 6336 6150 1.03 0.78
20170517 27400 28000 27220 27370 15767 43410086 2.86 1.04 0.37 8250 7517 1.10 0.99
20170516 26430 27280 26430 27270 13564 36546051 3.22 0.90 3.18 5861 7703 0.76 0.85
20170515 26800 26870 26380 26430 8959 23829561 1.84 0.52 -0.68 4938 4021 1.23 0.56
20170512 27320 27440 26540 26610 16394 44024425 3.29 0.83 -2.85 8868 7527 1.18 1.03
20170511 28210 28420 26030 27390 23766 65281116 8.39 1.33 -3.89 13520 10247 1.32 1.49
20170510 28830 29590 28430 28500 12820 37208454 4.00 0.73 -1.76 7872 4948 1.59 0.80
20170509 28020 29070 28020 29010 13070 37525839 3.61 0.76 -0.31 7277 5793 1.26 0.82
20170508 29070 29760 29010 29100 19318 56790576 2.54 1.22 -1.36 13149 6169 2.13 1.21
20170505 28890 30350 28530 29500 30024 88456786 6.36 2.16 3.04 15008 15016 1.00 1.88
20170504 28580 28930 28370 28630 14071 40330352 1.97 1.05 0.74 6443 7628 0.84 0.88
20170503 28820 28960 28280 28420 10815 30887187 2.36 0.78 -1.32 6237 4578 1.36 0.68
20170502 29100 29120 28750 28800 11990 34610355 1.26 0.75 -1.57 7657 4333 1.77 0.75
20170428 29100 29350 28800 29260 11969 34937087 1.89 0.71 0.52 6541 5428 1.21 0.75
20170427 28860 29130 27830 29110 20805 59399691 4.51 1.33 0.90 10672 10132 1.05 1.30
20170426 28620 29160 28500 28850 11578 33354428 2.32 0.63 1.30 6037 5541 1.09 0.73
20170425 28600 28930 28430 28480 13006 37323619 1.75 0.60 -0.07 7376 5630 1.31 0.82
20170424 30150 30340 28500 28500 22959 66533878 6.10 0.86 -5.47 13076 9883 1.32 1.44
20170421 30750 30950 30060 30150 15834 48064190 2.90 0.54 -1.70 9660 6173 1.56 0.99
20170420 30650 31380 30650 30670 14669 45369467 2.36 0.39 -0.78 8394 6274 1.34 0.92
20170419 30270 32000 30020 30910 25143 76974467 6.45 0.53 0.75 12469 12674 0.98 1.58
20170418 30730 31200 30020 30680 29721 90915795 3.85 0.65 0.07 18376 11346 1.62 1.86
20170417 30650 32480 30650 30660 48612 150453486 5.37 1.09 -9.98 26383 22229 1.19 3.05
20170414 33150 34590 33150 34060 29005 98174981 4.22 0.58 -0.18 15843 13162 1.20 1.82
20170413 35500 35880 33110 34120 54612 186983355 7.74 1.02 -4.61 29929 24683 1.21 3.43
20170412 37180 37980 35760 35770 73940 269255360 5.59 1.66 -9.97 26942 46998 0.57 4.64
20170324 39790 40040 39600 39730 22906 91062997 1.10 0.48 -0.63 12984 9922 1.31 1.44
20170323 40380 40850 39280 39980 41815 167485504 3.87 0.86 -1.55 26308 15507 1.70 2.62
20170322 39860 40690 39510 40610 58780 235799146 2.92 1.37 0.64 32475 26305 1.23 3.69
20170321 39100 40350 38890 40350 69494 276397216 3.73 1.81 3.20 67745 1749 38.73 4.36
20170320 38420 39100 38350 39100 30374 117769981 1.95 0.86 1.77 15423 14952 1.03 1.91
20170317 39100 39140 38310 38420 38657 149789586 2.13 1.24 -1.36 23687 14970 1.58 2.42
20170316 38460 39380 38400 38950 44506 173698371 2.54 1.60 1.09 22836 21670 1.05 2.79
20170315 38200 38760 37950 38530 31192 119828850 2.10 0.92 -0.16 16254 14938 1.09 1.96
20170314 37880 39500 37770 38590 47757 184327247 4.57 1.42 1.87 24364 23393 1.04 3.00
20170313 37940 38140 37000 37880 14740 55652565 3.01 0.42 0.03 7692 7048 1.09 0.92
20170310 37700 37960 37620 37870 17222 65110649 0.90 0.45 0.69 10145 7077 1.43 1.08
20170309 38000 38000 37500 37610 28378 107006845 1.30 0.75 -2.06 18819 9558 1.97 1.78
20170308 38810 39600 38300 38400 61293 238677724 3.35 2.03 -1.03 36009 25284 1.42 3.84
20170307 37930 38800 37800 38800 46811 180455331 2.62 1.79 1.78 21797 25014 0.87 2.94
20170306 37870 38590 37760 38120 22487 85894882 2.19 0.79 0.45 12236 10251 1.19 1.41
20170303 36850 37950 36850 37950 31923 119867485 2.97 0.96 2.43 14554 17369 0.84 2.00
20170302 37730 37880 36910 37050 26876 100082463 2.57 0.85 -1.72 16099 10777 1.49 1.69
20170301 37510 37950 37080 37700 22667 85300938 2.32 0.72 0.51 10997 11669 0.94 1.42
20170228 38100 38250 37310 37510 26730 100657954 2.48 0.87 -0.95 17088 9642 1.77 1.68
20170227 38640 38640 37800 37870 33934 129258736 2.17 1.13 -2.07 20257 13676 1.48 2.13
20170224 38000 38890 37690 38670 55932 215095926 3.15 1.80 1.63 24288 31644 0.77 3.51
20170223 38210 38340 37680 38050 19244 73034139 1.73 0.45 -0.26 11130 8115 1.37 1.21
20170222 37820 38190 37600 38150 22161 83922582 1.57 0.53 1.46 12180 9981 1.22 1.39
20170221 37470 37810 37000 37600 21856 81939338 2.17 0.53 0.86 11585 10271 1.13 1.37
20170220 37300 37680 36700 37280 30828 114580713 2.60 - -1.11 19219 11609 1.66 1.93
20170217 38940 39300 37620 37700 61554 236755200 4.32 1.89 -3.16 42423 19131 2.22 3.86
20170216 37650 38950 37370 38930 75885 293169408 4.18 3.27 3.07 28452 47433 0.60 4.76
20170215 38350 38350 37600 37770 20431 77653019 1.96 0.85 -1.07 11485 8946 1.28 1.28
20170214 38300 38630 37960 38180 17078 65232278 1.75 0.62 -0.29 10631 6447 1.65 1.07
20170213 37850 38500 37610 38290 22353 85355436 2.34 0.83 0.63 11624 10729 1.08 1.40
20170210 38470 38990 38000 38050 26911 103282559 2.60 1.10 -0.26 14846 12065 1.23 1.69
20170209 37730 38590 37580 38150 29260 111792453 2.68 1.24 1.35 15730 13530 1.16 1.84
20170208 37300 37780 36760 37640 24774 92091905 2.71 1.14 0.16 14414 10361 1.39 1.55
20170207 37380 38670 37010 37580 34793 131749917 4.46 1.93 0.97 18567 16226 1.14 2.18
20170206 36500 37290 36330 37220 18950 69889567 2.63 1.02 2.11 9308 9642 0.97 1.19
20170203 36900 36900 36150 36450 14029 51184785 2.04 0.68 -0.84 8455 5574 1.52 0.88
20170126 36000 36850 36000 36760 25419 92879562 2.29 1.19 -0.97 13147 12272 1.07 1.59
20170125 36940 37280 36750 37120 15061 55856456 1.44 0.66 1.09 7462 7599 0.98 0.94
20170124 37300 37300 36620 36720 16751 61785341 1.83 0.60 -1.29 10520 6231 1.69 1.05
20170123 36900 37560 36760 37200 21507 80155282 2.18 0.61 1.20 11619 9888 1.18 1.35
20170120 36190 37180 35910 36760 25149 92452049 3.50 0.69 1.35 12522 12627 0.99 1.58
20170119 35530 36610 35530 36270 28063 101821556 3.03 0.76 1.82 12107 15956 0.76 1.76
20170118 36240 36580 35500 35620 22989 83032340 2.95 0.55 -2.81 14246 8743 1.63 1.44
20170117 36100 36990 34450 36650 42778 153801482 7.03 1.01 1.47 19801 22977 0.86 2.68
20170116 39300 40260 35960 36120 56621 215195182 10.76 1.33 -9.59 30333 26287 1.15 3.55
20170113 40890 41780 39950 39950 32670 133793130 4.47 0.75 -2.35 18885 13786 1.37 2.05
20170112 41390 41790 40800 40910 29717 122863033 2.38 0.68 -1.54 17540 12177 1.44 1.86
20170111 42470 42850 41500 41550 48764 206178089 3.18 1.18 -2.14 28574 20190 1.42 3.06
20170110 41600 42480 41260 42460 43447 182308882 2.90 1.04 0.86 23319 20128 1.16 2.73
20170109 42010 42930 42000 42100 59032 250079246 2.21 1.43 0.24 31067 27966 1.11 3.70
20170106 41300 42000 41200 42000 37807 158035663 1.93 0.80 1.20 17364 20443 0.85 2.37
20170105 42010 42290 41420 41500 29155 122074478 2.08 0.60 -0.95 17607 11548 1.52 1.83
20170104 41350 42120 40830 41900 37160 154630641 3.12 0.80 1.48 17662 19498 0.91 2.33
20170103 40670 41900 40670 41290 46676 192672840 2.97 1.05 -0.41 25629 21047 1.22 2.93
20161230 42850 43380 41380 41460 55921 236436309 4.63 1.21 -4.03 34447 21474 1.60 3.51
20161229 44000 45390 42500 43200 67926 297906608 6.57 1.48 -1.84 36312 31614 1.15 4.26
20161228 43010 44190 43010 44010 34126 149283466 2.73 0.67 1.87 14741 19385 0.76 2.14
20161227 44140 44250 43120 43200 28610 124885184 2.57 0.51 -1.80 16833 11776 1.43 1.79
20161226 43320 44120 42330 43990 36532 158551780 4.07 0.62 -0.02 18596 17936 1.04 2.29
20161223 46000 46780 43850 44000 64738.81 292100367.090
20161222 44800 45990 44570 45980 64968.08 296590938.890
20161221 45550 46000 44010 45150 59362.48 267082342.470
20161220 45180 45980 44800 45750 56296.45 256514473.990
20161219 45600 45950 44740 45100 46972.32 212826234.280
20161216 44700 45850 44060 45610 68408.33 309288327.160
20161215 43680 45470 43660 44780 75018.29 336625102.640
20161214 43750 44470 42880 43800 58963.29 257249269.380
20161213 42720 44450 42280 43840 47043.94 204655666.290
20161212 47050 47640 43110 43110 77663.49 351704120.110
20161209 46700 48520 44950 47900 89522.25 418663441.230
20161208 47600 47600 46300 46460 49389.06 230868651.700
20161207 46800 47530 46230 47450 56254.78 265058725.400
20161206 45850 47890 45500 46880 82465.63 387997753.950
20161205 44400 45990 44200 45650 54405.23 247027278.590
20161202 46750 47090 44460 44900 71892.46 326933596.080
20161201 47380 47700 46510 46690 50307.61 237053936.240
20161130 46710 47650 46080 47490 56808.00 266415582.690
20161129 48280 48870 46590 46750 69603.65 332178451.060
20161128 48140 49140 47920 47980 63434.67 307188866.660
20161125 49200 49430 47240 48580 90035.40 435149546.480
20161124 52330 52630 48500 49100 127831.25 643184196.750
20161123 52490 53480 51540 52110 133322.25 697634919.110
20161122 58000 58000 52990 53550 243295.14 1355373815.710
20161121 53110 58300 52050 58300 274430.65 1552929676.110
20161118 53990 55930 53000 53000 174638.73 948251655.850
20161117 51730 52520 51510 51790 69643.35 362315900.710
20161116 55250 55450 51350 52050 152769.81 809957666.770
20161115 55580 57150 54460 55190 123423.36 686233105.970
20161114 56520 57350 54400 55950 159252.13 886306743.670
20161111 54350 59000 53800 57240 245385.42 1383608633.430
20161110 54950 57210 54050 54950 210115.29 1165776041.490
20161109 54330 55980 53620 54840 208221.74 1139668501.720
20161108 54030 59720 53610 55350 267793.74 1504829106.910
20161107 52000 56000 51180 55050 233827.38 1251607131.150
20161104 51000 56270 51000 52810 278008.90 1496596257.130
20161103 49450 54460 49140 51150 292726.91 1501189123.750
20161102 50000 51930 49300 50090 287213.73 1451931259.760
20161101 44930 47210 44710 47210 112609.03 519312883.410
20161031 38950 42920 38850 42920 148189.52 620154767.430
20161028 37150 40450 37150 39020 132515.26 523343178.470
20161027 36450 37100 36450 36770 16513.90 60791378.360
20161026 36830 37050 36230 36430 29271.09 107062124.450
20161025 36950 37400 36920 37150 21737.04 80706486.050
20161024 37500 37660 36850 36990 41549.87 153880175.670
20161021 38030 38180 36920 37510 24787.75 93223279.130
20161020 38040 38560 37510 38180 29583.99 112650010.560
20161019 37530 38280 37310 38110 33247.27 125965855.060
20161018 36770 37490 36750 37450 17452.90 64961782.150
20161017 37800 37940 36810 36900 26228.60 97863968.340
20161014 37460 37900 37100 37900 27617.15 103669011.950
20161013 38190 38380 37350 37500 38999.89 147085200.750
20161012 37770 38660 37600 38180 30756.11 117368591.330
20161011 38240 38500 37860 38020 29913.25 114004932.500
20161010 37920 38850 37620 38250 41077.16 157367572.250
20160930 37060 38120 36860 37920 29718.69 112291645.060
20160929 37580 37690 36900 37200 21940.32 81736172.970
20160928 37380 38380 37220 37530 29893.67 113069588.940
20160927 37300 37590 36270 37540 35537.47 130830653.580
20160926 37700 38580 37020 37060 45604.10 171846178.610
20160923 36200 39250 36200 38280 66741.19 250735583.190
20160922 36250 37270 36200 36390 44569.55 163542935.180
20160921 35980 36450 35720 35950 25503.26 92027529.290
20160920 35700 36200 35500 35930 36689.21 131868175.340
20160919 34080 35980 34080 35580 33064.54 116972117.740
20160914 33880 34400 33730 34040 11952.57 40812474.440
20160913 34300 34480 33690 34000 14071.76 47802982.130
20160912 34620 35190 34000 34040 24848.81 85883664.040
20160909 35660 36200 35200 35300 22710.02 81137417.760
20160908 35300 35690 35140 35500 13345.14 47292560.920
20160907 35600 36030 35260 35320 22956.15 81819187.220
20160906 35250 35860 34680 35800 29781.75 105638051.550
20160905 34990 35490 34990 35180 16909.66 59693165.400
20160902 34670 35390 34660 34900 16753.57 58667135.080
20160901 35000 35470 34650 34660 19015.13 66548537.220
20160831 34700 35260 34070 35180 25338.37 87936197.830
20160830 33920 34930 33920 34720 18596.96 64129837.790
20160829 33900 34180 33680 33970 11847.42 40258549.150
20160826 33920 34290 33790 33900 19726.33 67104099.130
20160825 34020 34250 33670 34190 19646.21 66710646.920
20160824 34460 34950 34320 34600 15125.40 52438317.970
20160823 34010 34780 33900 34470 15501.41 53505855.900
20160822 35300 35300 34160 34190 30835.65 106584518.450
20160819 35950 36510 35430 35460 61683.61 222899974.390
20160818 34700 35980 34280 35950 39704.53 139814823.090
20160817 34180 34890 34180 34720 19213.32 66404142.600
20160816 34140 34450 34020 34180 14002.92 47979402.080
20160815 33070 34450 32870 34130 21010.19 70852957.340
20160812 32740 33120 32510 33060 10679.74 35100468.250
20160811 33310 33310 32420 32510 12928.88 42519135.720
20160810 33380 33960 33190 33460 14568.13 49055741.380
20160809 32890 33490 32830 33280 11789.69 39240399.420
20160808 32500 32840 32080 32830 9069.86 29597880.180
20160805 32670 32850 32420 32490 11034.50 35976136.500
20160804 32460 32760 32010 32700 13203.60 42767316.400
20160803 32200 32860 32200 32460 9704.15 31586283.230
20160802 32080 32600 32080 32350 11469.42 37099282.950
20160801 32750 32750 31400 32010 23948.80 76301192.040
20160729 33700 33890 32910 33240 13301.51 44309711.200
20160728 33660 34090 33000 33590 17530.45 58903798.040
20160727 36040 36390 32900 33600 38828.77 134209542.700
20160726 35560 36250 35560 36120 17812.06 64117003.660
20160725 36130 36370 35400 35560 25320.13 90697017.870
20160722 35970 36750 35510 36450 31588.03 114622658.320
20160721 35570 36330 35430 35950 24314.82 87201408.640
20160720 35800 35990 35450 35460 18498.00 66029275.660
20160719 36470 36470 35030 35800 39242.39 139737178.830
20160718 36270 36940 36070 36620 23879.75 87325363.180
20160715 37000 37000 36200 36430 19252.23 70395829.170
20160714 36600 37300 36400 36900 25936.15 95487752.700
20160713 37060 37280 36400 36650 38533.30 141945962.660
20160712 36450 37700 35400 37300 56418.82 206737286.940
20160711 38320 38700 36010 36320 68652.87 257368371.890
20160708 38900 39830 38550 38610 48378.90 188752139.400
20160707 39210 39500 38000 39180 67946.82 263571079.730
20160706 37000 40380 36950 39490 96707.88 373992766.020
20160705 36900 37800 36460 37100 49101.07 182484764.350
20160704 35120 37300 35100 37000 53072.19 194493008.490
20160701 35530 36000 35100 35520 28331.93 100633594.630
20160630 35200 36500 35180 35730 51546.34 185350698.100
20160629 34940 35140 34560 34700 22578.47 78525658.360
20160628 34350 35230 34330 35000 35682.55 124280321.570
20160627 33180 34760 33060 34660 36879.74 125380740.410
20160624 33980 34270 32400 33100 38779.22 129197621.280
20160623 33600 34940 33510 33980 41589.74 142557754.470
20160622 33070 33750 33040 33700 37014.99 123757543.780
20160621 33720 33830 32960 33400 51702.63 172024000.810
20160620 31610 33790 31610 33690 48636.30 160524073.680
20160617 31510 32250 31510 31640 16089.76 51241589.180
20160616 31450 32130 31440 31490 17765.11 56406661.090
20160615 30150 31990 30090 31480 23692.71 74198783.740
20160614 29700 30910 29700 30560 17541.40 53256532.180
20160613 32390 32390 30420 30490 33510.11 106021819.090
20160608 32640 33630 32520 32910 31238.48 103424030.050
20160607 32770 32790 32320 32620 20104.51 65435562.810
20160606 32620 32980 32430 32800 21921.34 71534172.490
20160603 33130 33130 32500 32650 34735.71 113588246.990
20160602 32380 34200 32140 33100 71505.85 236980793.500
20160601 30400 33000 30350 32800 49753.56 156591529.630
20160531 29140 30450 29140 30440 27089.05 81313133.410
20160530 29330 29360 28800 29150 12048.07 35048599.900
20160527 29450 29690 29230 29490 10687.46 31526996.380
20160526 29550 29600 28660 29570 14049.66 40889282.200
20160525 29710 29900 29300 29450 13319.40 39515045.680
20160524 29900 29900 29200 29510 13320.10 39200347.750
20160523 29370 30140 29370 29900 15241.40 45428414.730
20160520 28650 29350 28500 29350 11736.85 34107262.340
20160519 28880 29500 28700 28920 13086.66 38196294.890
20160518 29420 29830 28410 28780 17441.43 50614364.120
20160517 30120 30350 29840 29970 15276.88 45964963.460
20160516 29610 30140 29270 30100 14550.85 43173915.380
20160513 29800 29880 29510 29610 12116.00 35990000
20160512 29720 29730 28780 29700 17004.00 49650000
20160511 30320 30400 29640 29910 15296.00 45880000
20160510 30170 30550 29920 30040 12521.00 37760000
20160509 31550 31700 29820 30170 26499.00 80940000
20160506 33100 33650 31500 31520 39207.00 127790000
20160505 32630 33100 32510 33060 24707.00 81180000
20160504 32800 33120 32480 32780 27530.00 90280000
20160503 31650 33030 31400 32990 39725.00 128500000
20160429 32460 32660 32180 32320 13052.00 42300000
20160428 32860 32860 31500 32500 18389.00 59240000
20160427 33080 33220 32400 32480 20672.00 67820000
20160426 32300 33160 32250 32980 19722.00 64660000
20160425 32200 33180 31000 32750 28182.00 91690000
20160422 31000 32160 30800 32160 20218.00 63650000
20160421 31750 32190 31180 31200 26819.00 85340000
20160420 34820 35150 31350 31990 49232.00 161800000
20160419 34480 34920 34350 34700 20176.00 69800000
20160418 35250 35300 34120 34270 30004.00 103280000
20160415 35800 35980 35320 35480 32372.00 115330000
20160414 35830 36000 35250 35920 41833.00 149040000
20160413 34820 36180 34800 35550 69489.00 247420000
20160412 35250 35250 34100 34500 38691.00 133820000
20160411 35020 35650 35000 35180 48269.00 170430000
20160408 35400 35430 34360 34790 54117.00 188150000
20160407 35650 36180 34890 35770 90803.00 322250000
20160406 36330 36750 35330 35620 159136.00 573360000
20160405 39860 40500 38510 39150 88879.00 350370000
20160401 37800 40260 37200 40160 74319.00 287360000
20160331 36100 38600 36010 38330 74715.00 280030000
20160330 33600 36300 33500 35900 46692.00 161310000
20160329 34290 34600 32800 33190 37207.00 124770000
20160328 34450 35300 34300 34510 47044.00 163660000
20160325 33660 34770 33430 34210 39269.00 134120000
20160324 33090 34770 32600 33600 47659.00 161380000
20160323 32550 33490 32540 33400 31522.00 104620000
20160322 32590 33200 32310 32750 34288.00 112780000
20160321 32850 33160 32060 32900 38585.00 126250000
20160318 30900 32530 30900 32200 40978.00 130250000
20160317 29850 30880 29750 30710 27491.00 83720000
20160316 30620 30950 29520 29620 17717.00 53340000
20160315 30580 30980 30380 30480 18230.00 55890000
20160314 29600 30960 29600 30590 29423.00 89980000
20160311 28880 29590 28700 29240 14304.00 41720000
20160310 29550 29950 29000 29290 16314.00 48340000
20160309 29450 29940 29290 29480 17516.00 51820000
20160308 30000 30370 28700 30240 24831.00 73400000
20160307 29600 30680 29600 30100 18895.00 57050000
20160304 31440 31480 29000 29410 30277.00 91370000
20160303 31680 32220 31260 31280 28310.00 89910000
20160302 29900 31550 29700 31470 29985.00 92040000
20160301 29700 30300 28480 29980 26506.00 78410000
20160229 32400 32400 29430 29430 37164.00 112000000
20160226 32800 33090 31120 32700 34764.00 113210000
20160225 35750 35950 32370 32370 50852.00 173460000
20160224 36000 36440 34720 35970 41956.00 149480000
20160223 35720 36690 35500 36500 42758.00 154200000
20160222 35880 37110 35700 35900 48558.00 175870000
20160219 34100 35570 33800 35570 44382.00 153020000
20160218 33310 35960 33310 34460 72144.00 250870000
20160217 32800 33150 31810 32970 48222.00 156870000
20160216 31730 32980 31500 32790 35818.00 115480000
20160215 29700 31350 29450 31180 18869.00 57500000
20160205 31900 32720 31470 31530 20322.00 65060000
20160204 30990 32300 30910 31860 33306.00 105420000
20160203 29520 30970 29510 30690 24642.00 75190000
20160202 29300 30500 29300 30100 28797.00 86860000
20160201 30650 30950 28510 29160 34453.00 102330000
20160129 28880 31600 28500 31070 47826.00 144780000
20160128 31960 31980 30920 30920 45039.00 140620000
20160127 34900 35100 31300 34360 37111.00 125040000
20160126 37100 37500 34140 34450 41865.00 150120000
20160125 37600 38610 37110 37620 33458.00 126650000
20160122 36000 37190 34700 36930 35942.00 129540000
20160121 37010 38100 35000 35100 43868.00 161890000
20160120 36390 38200 35980 37870 52393.00 194380000
20160119 34790 37090 34700 36750 39962.00 143340000
20160118 32810 35860 32770 35030 34153.00 118660000
20160115 35880 36190 33500 34150 38160.00 133510000
20160114 32990 36400 32310 36100 39909.00 138400000
20160113 35300 36250 33590 33810 36329.00 127260000
20160112 34380 35720 34000 35230 37931.00 133020000
20160111 37010 37910 34130 34130 43154.00 154630000
20160108 38890 39360 35510 37920 42987.00 163330000
20160107 40270 40270 37490 37490 11572.00 44860000
20160106 40700 41730 39520 41650 43286.00 176750000
20160105 39100 42400 38230 39890 54521.00 218760000
20160104 46510 46790 42480 42480 41143.00 180640000
20151231 48720 48980 47020 47200 27847.00 133060000
20151230 48220 49000 47610 48710 29763.00 143780000
20151229 47000 48700 47000 48180 34201.00 164130000
20151228 49180 49470 46600 46800 50267.00 240860000
20151225 49050 50870 48520 49160 32865.00 163260000
20151224 48510 49930 47050 49510 44257.00 213870000
20151223 51100 51590 48520 48960 53726.00 268840000
20151222 50020 52980 49510 51580 57331.00 296460000
20151221 50000 50560 48570 49980 53080.00 262670000
20151218 51800 52280 49600 49890 93609.00 472760000
20151217 48280 52800 48230 52800 115360.00 593040000
20151216 46320 48990 45460 48000 61895.00 293440000
20151215 45450 47360 45450 45900 45220.00 209980000
20151214 42300 46460 42020 45450 54024.00 242460000
20151211 41760 43290 41350 42630 32204.00 136510000
20151210 42410 42780 41280 42000 45407.00 191120000
20151209 43010 43330 41860 42400 42095.00 178890000
20151208 44490 44490 43000 43370 44476.00 193650000
20151207 42150 44670 42100 44500 61320.00 268800000
20151204 43000 43500 41510 42150 53127.00 226760000
20151203 42780 43530 42200 43220 48532.00 208570000
20151202 44000 44330 40090 42080 66824.00 282240000
20151201 46000 47350 43190 44200 81383.00 372620000
20151130 45600 46810 42450 46500 91686.00 413160000
20151127 46820 49370 44000 44850 104432.00 493210000
20151126 46250 49280 45480 48130 133178.00 631170000
20151125 49120 49120 46100 47250 160661.00 768600000
20151124 42300 44650 42300 44650 22349.00 99080000
20151123 39480 41880 39110 40590 59379.00 241450000
20151120 38930 41100 38720 39880 68957.00 275550000
20151119 36930 38450 36930 38450 42391.00 159970000
20151118 37500 38850 36610 36870 53290.00 199990000
20151117 38500 39270 36900 37250 78916.00 301220000
20151116 33800 38020 33800 38020 82515.00 305050000
20151113 35300 35490 34050 34560 54656.00 190420000
20151112 36550 36800 35020 35950 67415.00 241690000
20151111 35010 36680 34560 36500 55498.00 197570000
20151110 35200 35800 34810 35000 46371.00 163670000
20151109 34750 35900 34310 35500 52821.00 185800000
20151106 34090 35950 34090 35150 48819.00 171680000
20151105 34500 35620 33980 34080 64959.00 224380000
20151104 32820 34500 32650 34380 61499.00 206970000
20151103 31100 33100 31010 32800 67843.00 218320000
20151102 30280 32350 29920 31180 45026.00 141640000
20151030 31510 32010 30710 31120 50055.00 157100000
20151029 31300 32500 30720 32170 51482.00 163760000
20151028 31300 31970 30440 30790 39522.00 123730000
20151027 31380 31430 29290 31400 43070.00 131440000
20151026 31010 31980 30700 31400 52692.00 165330000
20151023 30410 30690 29820 30650 50778.00 154180000
20151022 29100 30040 28880 29930 49026.00 144850000
20151021 31500 31800 28620 28630 62164.00 186690000
20151020 30110 32240 30050 31800 53634.00 169540000
20151019 31000 31000 30050 30280 37329.00 113400000
20151016 31390 31450 29610 30930 57633.00 176220000
20151015 30040 31220 29810 31070 46751.00 142970000
20151014 30120 31850 30020 30210 55516.00 171710000
20151013 29500 30180 29380 29880 55998.00 166340000
20151012 28770 30490 28310 30190 107117.00 318060000
20151009 26350 28770 26310 28770 97742.00 274330000
20151008 26290 26600 25610 26150 51454.00 134430000
20150930 23760 25890 23630 25460 58051.00 144090000
20150929 23480 23880 23330 23560 18555.00 43770000
20150928 23410 24070 23050 23980 33687.00 79140000
20150925 24760 24990 23300 23550 28052.00 67310000
20150924 24880 25280 24600 24950 24626.00 61380000
20150923 24200 25000 24050 24660 28468.00 69780000
20150922 24830 25480 24200 24700 38095.00 94340000
20150921 23400 24870 22910 24850 40229.00 97230000
20150918 23100 23590 22660 23510 26367.00 61140000
20150917 23000 24220 22670 23000 38190.00 89230000
20150916 21300 23070 21000 23070 31041.00 68140000
20150915 22390 22900 20900 20970 44113.00 95150000
20150914 25540 25860 23220 23220 31454.00 76690000
20150911 24300 25970 24300 25800 42127.00 106010000
20150910 24620 24950 24320 24400 31818.00 78250000
20150909 24600 25600 24530 25230 37698.00 94650000
20150908 22640 24550 22500 24510 31479.00 74320000
20150907 22600 23680 22310 22770 25768.00 59280000
20150902 21990 24100 20900 21850 27801.00 62620000
20150901 25010 25030 22950 22950 33757.00 79940000
20150831 27080 27080 25300 25500 40296.00 105460000
20150828 25040 27010 24680 27010 52092.00 133580000
20150827 24930 25350 22860 24550 46344.00 112720000
20150826 26700 27260 24080 24080 65122.00 164600000
20150825 26760 27300 26760 26760 31571.00 84600000
20150824 29800 31200 29730 29730 17019.00 50720000
20150821 33040 34360 33030 33030 71426.00 238330000
20150820 34160 37770 34120 36700 80386.00 292900000
20150819 32210 34870 30500 34580 46847.00 153260000
20150818 36960 37480 33250 33250 57113.00 202490000
20150817 34600 37280 34500 36940 55285.00 201460000
20150814 35700 36160 34710 34920 41216.00 146100000
20150813 34170 35780 33290 35700 46743.00 161330000
20150812 34530 35850 34360 34510 43150.00 151730000
20150811 35350 35790 34510 35000 57891.00 203700000
20150810 34900 35890 34180 35480 58281.00 203990000
20150807 33370 34600 33000 34340 53836.00 182750000
20150806 30910 34240 30600 33330 64354.00 211090000
20150805 31080 32300 30620 31630 49673.00 157120000
20150804 29000 31080 28600 31080 39213.00 117150000
20150803 30660 30700 28050 28250 41632.00 121510000
20150731 30700 32260 30490 31170 35233.00 110760000
20150730 32300 33430 31290 31360 52246.00 171290000
20150729 31310 32680 29010 32600 52049.00 162130000
20150728 29290 31900 28360 30480 58898.00 177180000
20150727 33900 35310 31230 31230 65337.00 218850000
20150724 35810 36910 34600 34700 68897.00 247990000
20150723 34600 35730 33880 35490 52983.00 186100000
20150722 33660 35470 33500 34500 51296.00 176930000
20150721 33000 34480 32600 33820 50839.00 172110000
20150720 32650 34040 31750 33790 68445.00 226960000
20150717 30610 32950 30610 32630 54331.00 173100000
20150716 27020 30950 26800 30140 52294.00 152330000
20150715 31490 31800 28980 28980 63284.00 190090000
20150714 31850 34490 30900 32200 85928.00 280000000
20150713 30900 31770 30000 31770 62133.00 193120000
20150710 28000 28880 27100 28880 35865.00 102280000
20150709 23100 26250 23100 26250 71424.00 182320000
20150708 23860 24600 23860 23860 105484.00 252640000
20150707 26600 26990 26510 26510 12022.00 31970000
20150706 36000 36000 29460 29460 63547.00 200480000
20150703 34000 36120 32730 32730 53586.00 179330000
20150702 41010 41190 36370 36370 65694.00 252410000
20150701 42870 45200 39950 40410 88735.00 384800000
20150630 39480 43700 38180 43600 91339.00 378470000
20150629 40750 41550 36600 39730 85497.00 338540000
20150626 38980 41370 37000 38230 67390.00 265650000
20150625 42360 42900 39000 40070 37307.00 154910000
20150624 41860 43430 41510 42600 51336.00 217460000
20150623 40360 41900 37660 41590 39898.00 161250000
20150619 44100 44790 40860 41000 34907.00 149360000
20150618 47050 48500 45260 45400 34256.00 161840000
20150617 46880 48000 45190 47700 33930.00 158740000
20150616 49950 49960 46420 46650 50536.00 243560000
20150615 51320 53490 51110 51190 48430.00 253800000
20150612 51170 53950 50700 51790 56728.00 299290000
20150611 48020 52000 47300 51190 49416.00 242490000
20150610 46810 48740 46450 47900 32099.00 153700000
20150609 45900 47250 45510 46720 32156.00 149550000
20150608 47640 48800 45500 45890 47849.00 223410000
20150605 49710 49980 48030 48300 48749.00 238780000
20150604 50860 50880 46350 48880 59930.00 292220000
20150603 52740 53300 50000 51400 49593.00 255970000
20150602 50050 53000 49060 52600 58407.00 299610000
20150601 47380 50980 47000 50090 75424.00 372420000
20150529 44000 47880 40280 47700 80488.00 364080000
20150528 46000 50000 43810 44110 80294.00 379730000
20150527 42380 46450 42030 46200 63609.00 280540000
20150526 41260 44090 41260 42400 59537.00 254250000
20150525 38500 42230 37700 41980 58952.00 232760000
20150522 37150 39360 37150 38390 50146.00 191810000
20150521 36750 37490 36110 37160 42626.00 157540000
20150520 37690 38600 36710 36760 54241.00 204110000
20150519 36000 38000 35500 37500 59798.00 222400000
20150518 32930 35950 32920 35490 56753.00 196020000
20150515 33380 33790 32700 32880 43483.00 144990000
20150514 32700 33300 32310 33300 36347.00 119400000
20150513 31700 32840 31320 32790 44882.00 144250000
20150512 31480 31980 31130 31900 42691.00 134910000
20150511 30250 31300 30080 31300 36473.00 112080000
20150508 29550 30080 29490 30000 21235.00 63230000
20150507 30580 30580 28820 29490 28954.00 85800000
20150506 30710 31430 30410 30500 25337.00 78320000
20150505 30900 31270 30320 30530 28050.00 86240000
20150504 30170 30720 30100 30640 19656.00 59970000
20150430 30650 30870 30080 30210 22919.00 69850000
20150429 30160 30870 30100 30510 21712.00 66420000
20150428 31880 32000 29880 30140 44882.00 137770000
20150427 31500 32480 31130 32090 62099.00 197120000
20150424 31900 32050 31020 31810 27499.00 87060000
20150423 32230 32660 31500 32250 37753.00 121050000
20150422 31530 32360 31250 32220 27536.00 87880000
20150421 29930 31430 29930 31430 21862.00 67280000
20150420 31170 31400 29880 30120 29539.00 90230000
20150417 31380 32250 31010 31170 27768.00 87280000
20150416 31000 31700 30500 30970 22546.00 70160000
20150415 32990 33430 31290 31300 25382.00 81260000
20150414 33190 34200 32520 33010 32099.00 107230000
20150413 31780 34000 31780 33170 33715.00 111990000
20150410 30070 31910 29980 31680 27797.00 87400000
20150409 30900 30900 28980 30360 32726.00 97960000
20150408 31850 31980 30050 30960 39507.00 122580000
20150407 31480 32340 30900 31850 40251.00 127330000
20150403 29400 31780 29110 31640 75231.00 231190000
20150402 28710 29810 28480 29600 48375.00 140660000
20150401 27150 29230 26990 28980 60152.00 168380000
20150331 27690 27760 27130 27160 27539.00 75620000
20150330 28000 28320 27280 27720 39087.00 108360000
20150327 27580 28140 27390 27950 20348.00 56670000
20150326 27800 28350 27300 27590 24298.00 67400000
20150325 27880 28010 27300 27890 28880.00 79870000
20150324 27950 28040 26880 27590 29966.00 82500000
20150323 27090 28270 26810 28050 49341.00 136500000
20150320 26510 27110 26460 27070 30285.00 81080000
20150319 27130 27150 26400 26760 33034.00 88050000
20150318 27170 27540 26820 26990 28828.00 77970000
20150317 26830 27180 26650 26800 21262.00 57170000
20150316 26380 26900 26350 26760 17464.00 46610000
20150313 26380 26550 26190 26310 18116.00 47750000
20150312 26880 27280 26090 26380 23826.00 63610000
20150311 26300 26750 25850 26690 25218.00 66340000
20150310 25990 26990 25910 26210 25443.00 67520000
20150309 25200 26230 25050 25990 30307.00 78500000
20150306 25410 26280 25050 25200 35055.00 89950000
20150305 24620 25440 24510 25410 27743.00 69390000
20150304 24610 24690 24210 24680 20353.00 49910000
20150303 24960 25220 24410 24500 19595.00 48480000
20150302 25000 25280 24860 24960 21068.00 52750000
20150227 24690 24980 24610 24930 12352.00 30640000
20150226 24470 24670 24300 24610 11664.00 28530000
20150225 24620 24850 24420 24470 11730.00 28860000
20150217 24720 24900 24510 24620 9289.00 22860000
20150216 24560 24910 24550 24760 17275.00 42770000
20150213 23790 24890 23790 24700 32285.00 79220000
20150212 23280 23870 23100 23700 11165.00 26420000
20150211 22900 23370 22890 23360 8744.00 20300000
20150210 22900 23040 22730 22890 7514.00 17180000
20150209 22380 23090 22380 22980 8827.00 20180000
20150206 23180 23450 22680 22690 10547.00 24250000
20150205 23750 24000 23120 23120 14797.00 34740000
20150204 24140 24400 23700 23740 27284.00 65780000
20150203 23600 24190 23530 24160 19704.00 47180000
20150202 23100 23800 22570 23750 23436.00 54260000
20150130 23550 23600 23080 23140 11217.00 26120000
20150129 24100 24160 23550 23600 12571.00 29820000
20150128 24260 24370 24140 24210 12368.00 30000000
20150127 24280 24530 24080 24260 17266.00 41890000
20150126 23820 24380 23800 24330 17590.00 42530000
20150123 24000 24280 23660 23800 15327.00 36610000
20150122 23300 24100 23200 24030 23788.00 56430000
20150121 23120 23700 23080 23500 19068.00 44740000
20150120 22750 23380 22000 23380 22636.00 51340000
20150119 22790 23480 22250 22660 14177.00 32510000
20150116 23050 23400 23010 23100 11437.00 26540000
20150115 22660 23780 22530 23000 22397.00 52120000
20150114 21900 22960 21690 22800 26300.00 59540000
20150113 21580 21940 21580 21920 6226.00 13560000
20150112 22070 22070 21600 21690 6784.00 14780000
20150109 22250 22470 22000 22010 9600.00 21410000
20150108 22010 22650 21800 22270 16395.00 36470000
20150107 22320 22450 21880 21950 12160.00 26840000
20150106 21900 22420 21870 22320 10553.00 23460000
20150105 21610 22110 21500 22000 12254.00 26740000
20141231 21500 21790 21380 21640 8941.00 19300000
20141230 21830 22180 21500 21500 10323.00 22410000
20141229 22270 22270 21630 22010 14155.00 30940000
20141226 22210 22340 22000 22290 9007.00 19930000
20141225 22170 22420 21920 22260 11941.00 26500000
20141224 21270 22150 21100 22150 22164.00 48150000
20141223 21410 21660 21000 21090 14853.00 31670000
20141222 22610 22610 21000 21400 20350.00 43890000
20141219 23130 23380 22550 22780 19257.00 44230000
20141218 23150 23430 22900 23160 9535.00 22080000
20141217 23600 23600 23040 23150 16650.00 38630000
20141216 23700 23790 23200 23640 24489.00 57560000
20141215 23040 23780 23010 23640 19723.00 46150000
20141212 23210 23470 22870 23050 25099.00 58000000
20141211 22950 23410 22600 23240 16171.00 37390000
20141210 22250 23220 22120 23030 28268.00 64180000
20141209 23530 23580 22500 22500 33348.00 76980000
20141208 24060 24330 23510 23620 37260.00 88730000
20141205 25550 25600 24220 24560 28459.00 70510000
20141204 25340 26030 25320 25600 28500.00 73330000
20141203 24620 25450 24290 25320 33154.00 82390000
20141202 24230 24730 24230 24620 21740.00 53380000
20141201 25150 25240 24110 24190 27327.00 67000000
20141128 25300 25470 24700 25170 22149.00 55720000
20141127 25500 25800 24790 25360 27099.00 68550000
20141126 25430 25720 25200 25620 16397.00 41720000
20141125 25020 25820 25020 25470 19633.00 50150000
20141124 25230 25230 24820 25120 21031.00 52750000
20141121 24160 25330 24150 25060 35743.00 88910000
20141120 24130 24280 23900 24020 8595.00 20700000
20141119 23780 24220 23770 24130 11786.00 28360000
20141118 23640 23900 23610 23820 8576.00 20360000
20141117 23420 23820 23420 23770 13696.00 32440000
20141114 23510 23540 23130 23420 11538.00 26920000
20141113 24220 24230 23480 23550 19283.00 45690000
20141112 23890 24250 23800 24230 9894.00 23780000
20141111 24930 25070 23780 23900 22859.00 55470000
20141110 25100 25250 24680 24900 22271.00 55430000
20141107 25700 25930 25060 25150 22964.00 58760000
20141106 25000 25420 24730 25420 15998.00 40250000
20141105 24830 24850 24500 24850 25902.00 63980000
20141104 25450 25700 24400 24780 37065.00 92610000
20141103 25620 26030 25340 25400 29236.00 75020000
20141031 25720 25750 25200 25620 18916.00 48080000
20141030 25830 26130 25380 25730 27688.00 71120000
20141029 25950 26350 25700 25830 19254.00 49910000
20141028 25330 25990 25110 25940 12531.00 32120000
20141027 24440 25330 24110 25320 19283.00 47920000
20141024 24700 24830 24300 24500 11595.00 28430000
20141023 25150 25610 24490 24600 24771.00 61670000
20141022 26260 26360 25430 25610 15008.00 38940000
20141021 26400 26850 26110 26170 15705.00 41460000
20141020 25710 26600 25510 26560 19678.00 51510000
20141017 26300 26420 25000 25710 26541.00 68030000
20141016 26790 27250 26200 26300 25029.00 67150000
20141015 26920 27640 26000 26700 35434.00 95970000
20141014 26930 27300 26760 27020 19662.00 53030000
20141013 26320 27250 25580 27210 33391.00 87370000
20141010 26300 27980 26250 26470 47064.00 127870000
20141009 26560 26840 26150 26580 34919.00 92520000
20141008 26990 27080 26200 26900 40905.00 108830000
20140930 25900 27520 25900 26820 86244.00 233360000
20140929 24200 25100 24200 25020 28356.00 70280000
20140926 24370 24790 24030 24180 22493.00 54700000
20140925 24280 25390 24280 24330 41477.00 102570000
20140924 23340 24200 23180 24110 29650.00 70840000
20140923 22690 23380 22620 23300 21934.00 50560000
20140922 23090 23090 22500 22690 15715.00 35650000
20140919 23100 23280 23000 23110 14040.00 32510000
20140918 22780 23240 22710 23100 15496.00 35760000
20140917 22670 22940 22160 22820 23658.00 53440000
20140916 23870 23920 22520 22550 31893.00 74170000
20140915 22970 23920 22740 23870 48131.00 113330000
20140912 23070 23120 22680 22970 20085.00 45880000
20140911 23290 23390 22970 23060 30033.00 69560000
20140910 22900 23330 22840 23170 20733.00 47870000
20140909 22880 23250 22500 22910 25481.00 58360000
20140905 22400 23500 22400 22930 53023.00 122220000
20140904 21850 22300 21700 22240 29455.00 64870000
20140903 21790 21950 21550 21850 20926.00 45610000
20140902 21600 21740 21420 21700 18298.00 39550000
20140901 21280 21560 21110 21540 14568.00 31220000
20140829 21150 21320 21090 21240 8874.00 18820000
20140828 20880 21310 20880 21200 12328.00 26050000
20140827 20960 21180 20900 20970 8811.00 18530000
20140826 21170 21260 20650 21140 23186.00 48620000
20140825 21850 21850 21200 21260 23443.00 50170000
20140822 21450 21860 21340 21770 21182.00 45950000
20140821 21590 21610 21280 21460 14713.00 31530000
20140820 21330 21680 21220 21590 26104.00 56170000
20140819 21390 21460 21110 21320 21945.00 46660000
20140818 21500 21770 21150 21420 59215.00 126450000
20140815 21510 21960 21300 21950 24242.00 52630000
20140814 21510 21740 21260 21400 20655.00 44370000
20140813 21780 21800 21250 21530 21629.00 46410000
20140812 21720 22140 21580 21780 22695.00 49480000
20140811 21750 22310 21510 21610 33066.00 71840000
20140808 20770 21780 20770 21720 42487.00 91540000
20140807 20700 21140 20640 20770 24607.00 51470000
20140806 20650 20950 20550 20600 19096.00 39640000
20140805 20300 20790 20270 20750 22856.00 47020000
20140804 20140 20300 20050 20230 12448.00 25110000
20140801 20480 20620 20090 20100 17540.00 35670000
20140731 20400 20520 20210 20500 13249.00 27010000
20140730 20460 20530 20170 20370 12942.00 26320000
20140729 20050 20540 20050 20480 18700.00 38060000
20140728 19930 20160 19930 20100 13893.00 27840000
20140725 19780 19910 19630 19830 9967.00 19690000
20140724 19680 19760 19330 19720 12525.00 24580000
20140723 20200 20280 19560 19600 18022.00 35790000
20140722 19950 20320 19900 20230 12986.00 26170000
20140721 20670 20850 19900 20050 19065.00 38630000
20140718 20220 21050 20210 20650 21097.00 43760000
20140717 20400 20570 20180 20400 11437.00 23200000
20140716 20800 20820 20270 20570 20965.00 42990000
20140715 20160 20830 20100 20830 34452.00 70500000
20140714 20000 20390 19790 20260 54003.00 108390000
20140711 20600 21150 20530 21150 26972.00 56470000
20140710 20120 20990 20120 20640 27544.00 56940000
20140709 20480 20990 20030 20120 27139.00 56090000
20140708 20330 20680 20120 20580 19360.00 39520000
20140707 20620 20700 20260 20390 18305.00 37430000
20140704 20200 20780 20180 20610 26877.00 55000000
20140703 20050 20410 19930 20270 18174.00 36760000
20140702 20340 20430 19920 20160 21946.00 44300000
20140701 20050 20420 19730 20380 30768.00 61500000
20140630 20000 20510 19900 20000 28063.00 56770000
20140627 19850 20220 19800 20000 24864.00 49910000
20140626 19690 20100 19610 19910 29135.00 58030000
20140625 19100 19940 19010 19730 35833.00 70240000
20140624 19000 19350 18970 19180 15541.00 29770000
20140623 18510 19200 18500 19080 20079.00 38170000
20140620 18200 18570 17580 18490 9281.00 16910000
20140619 18700 18860 18010 18170 8366.00 15400000
20140618 18970 18970 18480 18700 11234.00 21030000
20140617 18980 19010 18800 18850 6121.00 11560000
20140616 18820 19030 18820 18990 10241.00 19410000
20140613 18590 18920 18500 18820 11676.00 21950000
20140612 18690 18760 18550 18590 9199.00 17160000
20140611 18470 18830 18380 18760 10641.00 19770000
20140610 18190 18530 18020 18490 14018.00 25680000
20140609 18310 18440 18070 18090 14130.00 25800000
20140606 18520 18720 18390 18430 6238.00 11560000
20140605 18240 18570 18080 18520 8792.00 16160000
20140604 18600 18740 18110 18300 12873.00 23670000
20140603 18830 19100 18700 18710 11469.00 21720000
20140530 18820 19100 18680 18810 11507.00 21780000
20140529 19180 19200 18760 18850 14431.00 27440000
20140528 18830 19160 18800 19160 14173.00 26930000
20140527 18950 19180 18800 18800 14986.00 28490000
20140526 18580 18910 18550 18910 22990.00 42990000
20140523 18350 18530 18250 18450 7127.00 13090000
20140522 18500 18550 18300 18320 8077.00 14880000
20140521 18240 18380 17980 18350 7228.00 13170000
20140520 18250 18640 18150 18240 6828.00 12550000
20140519 18150 18150 17870 18100 4330.00 7800000
20140516 18110 18150 17820 18110 4909.00 8850000
20140515 18450 18580 17980 18170 6108.00 11120000
20140514 18440 18700 18440 18560 4304.00 7990000
20140513 18650 18780 18460 18500 7370.00 13730000
20140512 18300 18720 18260 18690 7894.00 14610000
20140509 18580 18660 17900 18220 11151.00 20270000
20140508 18700 19050 18500 18770 6957.00 13060000
20140507 18880 18980 18640 18710 8139.00 15270000
20140506 18800 19160 18650 19020 10772.00 20520000
20140505 19030 19090 18450 18840 15383.00 28680000
20140430 19000 19470 18900 19040 7129.00 13680000
20140429 18930 19130 18590 19080 11589.00 21900000
20140428 18700 19200 18010 18980 24206.00 45090000
20140425 21120 21210 19950 19950 20023.00 41160000
20140424 20960 21840 20860 21210 29954.00 63980000
20140423 20400 20960 20250 20960 14031.00 28990000
20140422 20880 20900 20100 20410 15438.00 31540000
20140421 20420 21260 20320 20890 21577.00 45180000
20140418 20140 20640 20000 20580 11181.00 22790000
20140417 20050 20400 20050 20080 5350.00 10800000
20140416 20340 20340 19960 20100 7213.00 14490000
20140415 20190 20680 20190 20370 13886.00 28350000
20140414 20100 20410 19990 20300 8075.00 16360000
20140411 20140 20280 19870 20140 10023.00 20060000
20140410 20290 20450 20140 20290 14252.00 28860000
20140409 19980 20250 19890 20130 22887.00 45950000
20140408 19400 19900 19250 19890 15125.00 29690000
20140404 19350 19470 19180 19380 11708.00 22590000
20140403 19600 19830 19260 19330 10700.00 20870000
20140402 19520 19540 19210 19500 7168.00 13870000
20140401 19010 19460 19000 19360 6390.00 12330000
20140331 18990 19260 18500 19000 10095.00 19010000
20140328 19900 20090 18900 19100 18795.00 36410000
20140327 20300 20550 19950 20010 22668.00 46120000
20140326 20790 21080 20000 20300 33431.00 68180000
20140325 19710 19890 19400 19550 6600.00 12960000
20140324 19600 20080 19560 19700 10425.00 20690000
20140321 19000 19740 18820 19600 9295.00 17920000
20140320 19720 19720 19050 19150 10014.00 19390000
20140319 19440 19720 19280 19710 7934.00 15470000
20140318 19650 19720 19420 19550 11839.00 23110000
20140317 18860 19660 18800 19560 11174.00 21720000
20140314 18750 19050 18750 18850 4842.00 9120000
20140313 18570 18950 18460 18910 9744.00 18230000
20140312 19050 19250 18400 18460 11356.00 21230000
20140311 19160 19470 18800 19090 9488.00 18080000
20140310 20150 20150 19010 19220 14028.00 27460000
20140307 20240 20570 20110 20430 19571.00 39930000
20140306 19700 20320 19570 20300 14794.00 29430000
20140305 19940 20290 19770 19970 16330.00 32650000
20140304 19990 20100 19510 19950 22541.00 44680000
20140303 19440 19800 19280 19730 18436.00 36040000
20140228 19290 19560 18700 19440 24182.00 46110000
20140227 19900 20180 19190 19190 21271.00 41940000
20140226 19790 19950 19300 19810 18070.00 35520000
20140225 21430 21600 19490 19840 41455.00 85230000
20140224 21140 21700 20810 21430 20128.00 42820000
20140221 21650 22080 21050 21190 18076.00 38690000
20140220 22500 22590 21410 21650 31830.00 70190000
20140219 22840 22970 22000 22600 19495.00 43840000
20140218 21690 23150 21610 22850 44215.00 99240000
20140217 20950 21810 20700 21760 32274.00 68970000
20140214 20350 21210 20350 21040 17473.00 36360000
20140213 20980 21270 20320 20380 25287.00 52600000
20140212 19920 21000 19910 21000 39427.00 80980000
20140211 19450 20300 19450 19920 27215.00 54220000
20140210 19550 20090 19400 19500 35059.00 69120000
20140207 18580 19580 18580 19550 18222.00 35300000
20140130 18800 19000 18600 18980 10427.00 19610000
20140129 18790 19180 18660 18870 20716.00 39100000
20140128 18210 18880 18200 18750 21564.00 40290000
20140127 18060 18820 17880 18380 26400.00 48570000
20140124 18030 18320 17880 18060 18078.00 32740000
20140123 17750 18160 17700 18010 17923.00 32160000
20140122 17400 17820 17290 17700 15238.00 26790000
20140121 16850 17460 16840 17390 17515.00 30120000
20140120 16850 17190 16620 16740 9805.00 16580000
20140117 17220 17250 16860 16920 9980.00 16990000
20140116 17100 17300 16990 17200 13661.00 23440000
20140115 16800 17230 16800 17100 23795.00 40680000
20140114 16610 16950 16420 16860 16127.00 26900000
20140113 16220 16690 16200 16610 13804.00 22620000
20140110 16500 16880 16260 16330 16292.00 26810000
20140109 17320 17370 16630 16630 28514.00 48470000
20140108 17640 17800 17440 17450 14036.00 24630000
20140107 17530 17580 17230 17530 10610.00 18490000
20140106 18460 18580 17530 17570 15965.00 28430000
20140103 18790 18930 18300 18460 12894.00 23930000
20140102 18750 18980 18660 18800 12197.00 22920000
20131231 19130 19150 18610 18680 13397.00 25220000
20131230 19500 19570 19180 19200 13740.00 26600000
20131227 18650 19520 18650 19370 16567.00 31870000
20131226 19080 19180 18620 18710 10731.00 20280000
20131225 18420 19190 18420 19000 17156.00 32550000
20131224 18120 18580 17900 18480 18233.00 33530000
20131223 18470 18640 17780 18280 8615.00 15650000
20131220 18500 18580 18320 18460 6607.00 12200000
20131219 18500 18710 18350 18440 9301.00 17270000
20131218 18670 18760 18300 18300 9834.00 18230000
20131217 18520 18850 18450 18660 19051.00 35470000
20131216 19400 19500 18450 18550 27553.00 51760000
20131213 19710 19790 19180 19400 17485.00 34180000
20131212 19770 20150 19720 19820 10303.00 20560000
20131211 20230 20500 19700 19760 11962.00 23820000
20131210 20470 20540 20000 20220 16433.00 33210000
20131209 19690 20470 19690 20420 16102.00 32510000
20131206 19520 19790 19390 19640 10024.00 19630000
20131205 20110 20110 19300 19450 19046.00 37270000
20131204 19970 20300 19810 19990 16370.00 32860000
20131203 19030 20090 19030 19810 12881.00 25430000
20131202 20490 20640 19560 19630 37368.00 74940000
20131129 21080 21870 20920 21280 25666.00 54930000
20131128 20770 21480 20680 21160 16717.00 35380000
20131127 20500 20850 20140 20810 22526.00 46210000
20131126 20640 20790 20300 20460 10715.00 21960000
20131125 20330 20810 20250 20500 12844.00 26410000
20131122 20390 20480 20000 20300 9931.00 20100000
20131121 20670 20690 20210 20340 16924.00 34530000
20131120 20390 20980 20060 20820 23279.00 47920000
20131119 19800 20490 19680 20290 22092.00 44570000
20131118 19740 20110 19580 19820 19099.00 37830000
20131115 19600 20120 19520 19700 27372.00 54300000
20131114 18540 19870 18510 19710 25398.00 49160000
20131113 19200 19240 18510 18660 12523.00 23600000
20131112 18870 19250 18670 19240 18715.00 35400000
20131111 18590 18850 18000 18770 13851.00 25520000
20131108 18700 19150 18250 18530 17875.00 33260000
20131107 19300 19920 18710 18760 33212.00 64740000
20131106 19090 19970 18780 19500 38462.00 74630000
20131105 18100 19070 18010 18910 25238.00 47160000
20131104 18000 18380 17800 18060 6922.00 12520000
20131101 17780 18110 17650 17890 7648.00 13720000
20131031 17990 17990 17530 17820 7825.00 13840000
20131030 17930 18020 17610 18020 8964.00 16000000
20131029 18590 18820 17330 17900 19973.00 35910000
20131028 18500 18900 18110 18590 20395.00 37800000
20131025 18100 18290 17770 17960 8481.00 15210000
20131024 17980 18720 17980 18110 11603.00 21390000
20131023 18320 18350 17320 18220 19531.00 35090000
20131022 18200 19000 18190 18310 28414.00 52920000
20131021 17060 18500 17060 18190 27233.00 48960000
20131018 17150 17290 16630 17050 6770.00 11530000
20131017 16710 17500 16710 17190 15434.00 26570000
20131016 17120 17190 16620 16700 10251.00 17230000
20131015 17260 17300 16810 17150 15108.00 25670000
20131014 17600 17640 17130 17260 17964.00 31250000
20131011 17260 17700 17080 17650 26288.00 45980000
20131010 17180 17550 17030 17180 21728.00 37590000
20131009 17330 17580 17000 17290 30325.00 52560000
20131008 16380 17430 16040 17230 48814.00 82710000
20130930 15760 16760 15760 16300 33360.00 54740000
20130927 15560 15790 15560 15680 5016.00 7870000
20130926 15790 15880 15530 15530 7059.00 11110000
20130925 15840 15880 15680 15780 8304.00 13110000
20130924 15970 15970 15710 15840 10178.00 16080000
20130923 15680 15990 15680 15930 9591.00 15180000
20130918 15660 15750 15500 15730 6192.00 9680000
20130917 15990 16010 15550 15660 8037.00 12690000
20130916 16020 16110 15770 15980 7603.00 12160000
20130913 16000 16050 15910 15980 7367.00 11760000
20130912 16180 16230 15990 15990 13691.00 22020000
20130911 15960 16160 15770 16140 16892.00 26980000
20130910 16000 16160 15800 16000 12735.00 20380000
20130909 16020 16100 15880 16000 13273.00 21190000
20130906 16080 16150 15850 16020 14884.00 23760000
20130905 15900 16170 15720 16110 23870.00 38210000
20130904 15850 16070 15730 15880 21187.00 33660000
20130903 15410 15900 15360 15860 21656.00 34000000
20130902 15200 15470 15180 15410 8438.00 12930000
20130830 15420 15510 15080 15180 13260.00 20310000
20130829 15650 15750 15420 15440 10248.00 15930000
20130828 15580 16040 15500 15670 17959.00 28190000
20130827 15440 15750 15400 15690 17348.00 26960000
20130826 15320 15580 15170 15520 12612.00 19440000
20130823 15590 15590 15050 15270 12118.00 18570000
20130822 15550 15650 15430 15480 12075.00 18700000
20130821 15550 15620 15390 15600 7456.00 11550000
20130820 15510 15660 15340 15400 9177.00 14230000
20130819 15200 15540 15110 15510 10181.00 15690000
20130816 15510 15740 15210 15280 15647.00 24240000
20130815 15700 15800 15540 15580 11425.00 17860000
20130814 15800 16050 15750 15750 20224.00 32090000
20130813 15710 15890 15620 15810 16281.00 25670000
20130812 15670 15760 15510 15710 20353.00 31780000
20130809 15300 15960 15200 15700 27870.00 43150000
20130808 15000 15370 15000 15250 18220.00 27650000
20130807 15500 15500 15080 15100 26150.00 39850000
20130806 15460 15530 15330 15500 14177.00 21860000
20130805 15400 15530 15370 15510 11449.00 17690000
20130802 15460 15610 15260 15440 16175.00 24960000
20130801 15080 15370 14960 15320 12289.00 18670000
20130731 15060 15240 14960 15030 8235.00 12400000
20130730 15370 15430 14940 15050 15525.00 23460000
20130729 15160 16070 15160 15460 35298.00 54810000
20130726 14660 15130 14650 14980 14985.00 22360000
20130725 14780 14900 14500 14700 9282.00 13680000
20130724 14650 14810 14470 14810 8761.00 12870000
20130723 14550 14780 14450 14770 9446.00 13820000
20130722 14390 14550 14280 14450 8892.00 12790000
20130719 14840 14970 14420 14420 9755.00 14380000
20130718 14960 15080 14700 14810 11045.00 16390000
20130717 15250 15360 15010 15070 11392.00 17260000
20130716 15000 15680 15000 15300 25666.00 39560000
20130715 14680 14940 14540 14870 9269.00 13660000
20130712 14830 14970 14730 14750 8152.00 12110000
20130711 14540 14950 14490 14900 14996.00 22140000
20130710 14300 14550 14240 14540 3981.00 5740000
20130709 14260 14290 14020 14200 3026.00 4280000
20130708 14900 14900 14250 14250 6745.00 9730000
20130705 15010 15230 14880 14970 9319.00 14040000
20130704 14900 15280 14750 15170 10625.00 15940000
20130703 15220 15350 14800 15080 4568.00 6850000
20130702 15200 15400 15150 15210 5131.00 7810000
20130701 15000 15220 14750 15190 4250.00 6360000
20130628 14740 15250 14400 14960 6416.00 9630000
20130627 15360 15490 14810 14810 6300.00 9570000
20130626 15300 15450 15090 15290 12086.00 18390000
20130625 15320 15550 13850 15350 10336.00 15390000
20130624 16450 16600 15250 15370 6720.00 10760000
20130621 16540 16650 16100 16550 4860.00 7960000
20130620 16720 17050 16600 16620 5558.00 9350000
20130619 17070 17070 16690 16900 5924.00 9970000
20130618 17600 17740 17080 17100 13702.00 23540000
20130617 17800 17800 17380 17500 9104.00 15930000
20130614 17170 17580 17100 17350 6195.00 10760000
20130613 17040 17350 16800 17070 5440.00 9250000
20130607 17650 17660 17130 17160 5894.00 10230000
20130606 17730 17870 17450 17450 7158.00 12670000
20130605 18020 18190 17780 17920 8448.00 15170000
20130604 18850 18850 18080 18260 11529.00 21090000
20130603 19000 19600 18780 18820 21029.00 40540000
20130531 18710 19220 18650 19000 18310.00 34770000
20130530 18690 18880 18440 18740 11350.00 21170000
20130529 18600 18850 18440 18680 11358.00 21200000
20130528 18690 18840 18340 18460 15004.00 27740000
20130527 18370 18720 18260 18650 14274.00 26420000
20130524 18050 18420 18000 18370 11534.00 20980000
20130523 18210 18300 17850 18100 18854.00 34010000
20130522 18580 18970 18390 18490 17545.00 32780000
20130521 18700 19300 18490 18580 33133.00 62230000
20130520 18120 18800 18120 18380 19592.00 35970000
20130517 17920 18170 17770 18120 15063.00 27200000
20130516 18050 18300 17880 17920 13506.00 24390000
20130515 17900 18120 17750 17940 10044.00 17960000
20130514 17650 18020 17600 17960 14462.00 25840000
20130513 18130 18170 17710 17780 11876.00 21150000
20130510 18150 18300 17840 17990 27320.00 49250000
20130509 18000 19000 17590 18650 45898.00 84150000
20130508 16890 18510 16830 18400 23820.00 41760000
20130507 16930 16930 16800 16840 4540.00 7640000
20130506 16790 17000 16790 16930 7248.00 12230000
20130503 16550 17000 16550 16790 3436.00 5760000
20130502 16730 16760 16500 16640 1692.00 2810000
20130426 16940 17030 16780 16800 2336.00 3940000
20130425 17150 17150 16890 16900 3054.00 5180000
20130424 17250 17250 16800 17230 7622.00 12950000
20130423 17500 17750 17410 17410 6065.00 10660000
20130422 17370 17550 17240 17530 4359.00 7590000
20130419 17070 17560 16970 17530 5161.00 8970000
20130418 16880 17190 16880 17160 1985.00 3390000
20130417 16910 17140 16820 17140 2276.00 3860000
20130416 16730 17050 16710 17040 2204.00 3720000
20130415 17200 17210 16830 17100 3083.00 5230000
20130412 17450 17540 17270 17290 2625.00 4550000
20130411 17660 17740 17360 17430 4953.00 8640000
20130410 18020 18480 17600 17660 10575.00 18920000
20130409 16880 17360 16870 17330 5328.00 9130000
20130408 17050 17050 16660 16850 3750.00 6290000
20130403 17490 17490 17110 17150 3208.00 5530000
20130402 17400 17400 17050 17060 2597.00 4460000
20130401 17100 17330 17080 17230 3002.00 5170000
20130329 17510 17610 17210 17210 2931.00 5080000
20130328 17750 17780 17510 17530 4901.00 8640000
20130327 17470 17860 17470 17860 7150.00 12620000
20130326 17490 17590 17180 17570 4563.00 7930000
20130325 17580 17590 17330 17500 3568.00 6220000
20130322 17500 17600 17400 17530 5961.00 10420000
20130321 17740 17740 17490 17690 6836.00 12020000
20130320 17390 17780 17390 17740 3432.00 6040000
20130319 17300 17400 17270 17380 2901.00 5020000
20130318 17750 17960 17330 17410 4566.00 7960000
20130315 17820 18020 17600 17780 2363.00 4220000
20130314 17620 17990 17620 17800 1760.00 3140000
20130313 17880 18090 17510 17940 4017.00 7110000
20130312 18600 18780 17850 17950 6232.00 11340000
20130311 18800 18830 18610 18670 2945.00 5510000
20130308 18800 18940 18640 18800 3724.00 6990000
20130307 19070 19160 18800 18800 5370.00 10200000
20130306 18890 19090 18750 18990 7046.00 13370000
20130305 18280 19000 18280 18950 8387.00 15620000
20130304 18930 18930 18250 18600 8531.00 15800000
20130301 18700 19120 18680 19060 9429.00 17800000
20130228 18380 18890 18380 18720 7473.00 13930000
20130227 19020 19130 18330 18360 10147.00 18950000
20130226 19250 19610 18960 18980 6626.00 12820000
20130225 19180 19360 19180 19280 3262.00 6290000
20130222 19310 19410 19200 19230 3551.00 6840000
20130221 19600 19630 19230 19300 6058.00 11750000
20130220 19480 19690 19460 19670 6692.00 13110000
20130219 19950 19980 19500 19560 5034.00 9890000
20130218 19800 19880 19600 19850 6643.00 13110000
20130208 19430 19780 19370 19670 4985.00 9790000
20130207 19360 19470 19320 19430 2830.00 5480000
20130206 19400 19570 19200 19380 5382.00 10450000
20130205 19100 19490 19050 19440 5308.00 10260000
20130204 19420 19490 19000 19130 5357.00 10270000
20130201 19290 19500 19190 19400 4308.00 8350000
20130131 19400 19550 19290 19300 7296.00 14130000
20130130 19820 19940 19390 19410 7799.00 15220000
20130129 20000 20050 19680 19720 7417.00 14670000
20130128 19780 20150 19780 20090 5108.00 10200000
20130125 19740 20030 19650 19770 2695.00 5320000
20130124 20210 20390 19690 19800 5052.00 10110000
20130123 20330 20380 19600 20340 11919.00 23740000
20130122 20900 20900 20100 20160 7676.00 15650000
20130121 21090 21150 20750 20870 6711.00 14030000
20130118 20700 21220 20700 21170 9159.00 19210000
20130117 20950 21980 20900 20900 11707.00 24990000
20130116 21110 21200 20500 20700 9912.00 20720000
20130115 20700 21380 20450 21230 18105.00 37880000
20130114 20220 20970 20050 20720 11197.00 23050000
20130111 20700 20700 20150 20240 14954.00 30510000
20130110 20130 20540 20000 20510 15779.00 32090000
20130109 20390 20410 19700 20340 18479.00 37110000
20130108 19920 20390 19690 20390 24338.00 48660000
20130107 19700 20130 19600 19890 13311.00 26470000
20130104 20100 20100 19560 19760 11919.00 23550000
20121231 20360 20360 19750 19900 27688.00 55240000
20121228 20640 20810 20020 20480 29386.00 59620000
20121227 20010 21390 20010 21000 29212.00 60920000
20121226 19750 20000 19640 20000 14495.00 28760000
20121225 19210 19960 19210 19680 12967.00 25490000
20121224 18980 19960 18840 19330 11052.00 21480000
20121221 18490 19180 18420 18940 11486.00 21630000
20121220 18690 18860 18460 18570 5345.00 9970000
20121219 18550 18690 18360 18510 2803.00 5180000
20121218 18300 18560 18300 18530 5201.00 9580000
20121217 18680 18910 18200 18320 4618.00 8490000
20121214 17770 18800 17770 18460 10428.00 19230000
20121213 17990 18160 17770 17790 3576.00 6440000
20121212 17790 17980 17730 17900 1882.00 3350000
20121211 18080 18200 17650 17790 3641.00 6510000
20121210 18010 18300 17870 18250 4383.00 7950000
20121207 17610 18300 17610 18190 3985.00 7180000
20121206 18230 18250 17800 17830 1724.00 3090000
20121205 17030 18200 17030 18000 8811.00 15830000
20121204 16890 17220 16600 17150 2968.00 5010000
20121203 16980 17040 16650 16950 1571.00 2640000
20121130 16470 17300 16470 17100 1646.00 2800000
20121129 16650 16810 16540 16750 1274.00 2120000
20121128 16810 17250 16300 16730 3335.00 5530000
20121127 17510 17510 17000 17260 2784.00 4800000
20121126 17940 18100 17600 17630 1915.00 3410000
20121123 17610 18080 17610 18020 3620.00 6500000
20121122 17650 17970 17530 17900 3067.00 5430000
20121121 17430 17930 17250 17900 3524.00 6210000
20121120 17410 17520 17290 17310 1445.00 2510000
20121119 17360 17580 17210 17410 1537.00 2660000
20121116 17820 17820 17300 17350 3452.00 6010000
20121115 17510 18860 17380 18010 6417.00 11720000
20121114 17560 17710 17510 17600 985.00 1730000
20121113 17680 17800 17410 17740 1335.00 2340000
20121112 17700 17880 17660 17800 942.00 1670000
20121109 17740 17800 17580 17800 1394.00 2470000
20121108 18120 18270 17740 17740 2614.00 4680000
20121107 18400 18540 18130 18250 2064.00 3780000
20121106 18110 18500 17660 18460 3552.00 6400000
20121105 18580 18600 18100 18150 2972.00 5420000
20121102 18300 18570 17960 18560 7258.00 13310000
20121101 17510 18500 17480 18390 5519.00 9940000
20121031 17230 17510 17190 17510 1806.00 3130000
20121030 17400 17460 17230 17250 1462.00 2530000
20121029 17300 17470 17210 17230 1390.00 2400000
20121026 17780 18090 17210 17300 3799.00 6630000
20121025 18060 18330 17890 17890 3180.00 5760000
20121024 18010 18270 18010 18100 2012.00 3650000
20121023 18450 18480 18140 18210 5042.00 9200000
20121022 17890 18550 17630 18450 7118.00 12980000
20121019 18300 18460 17940 17980 5781.00 10440000
20121018 18200 18310 18120 18290 8856.00 16130000
20121017 18450 18450 18130 18150 3657.00 6660000
20121016 18480 18570 18270 18320 2525.00 4650000
20121015 18600 18700 18220 18400 2535.00 4660000
20121012 19250 19260 18490 18720 4938.00 9270000
20121011 19300 19430 18970 19290 7319.00 14020000
20121010 18800 19980 18560 19640 18856.00 36640000
20121009 18170 18850 18170 18800 5396.00 10070000
20121008 18060 18360 17920 18300 3311.00 6000000
20120928 17760 18350 17590 18250 7685.00 13900000
20120927 17170 18300 17170 17760 8724.00 15560000
20120926 17640 17780 16800 17420 5301.00 9090000
20120925 17640 17700 17400 17700 4614.00 8090000
20120924 17010 17650 16780 17650 6491.00 11230000
20120921 17010 17200 16930 17000 3912.00 6670000
20120920 17660 17730 17000 17040 6638.00 11500000
20120919 18200 18200 17480 17780 6745.00 11970000
20120918 17770 18400 17620 17940 6510.00 11800000
20120917 18810 18820 17840 17890 9355.00 17020000
20120914 19200 19350 18750 18940 7009.00 13300000
20120913 19670 19670 19020 19020 6650.00 12870000
20120912 19600 19740 19280 19500 7055.00 13710000
20120911 19300 19660 19100 19600 11967.00 23140000
20120910 19030 19450 18920 19450 12528.00 24040000
20120907 18600 19370 18420 19150 19498.00 36980000
20120906 18500 18620 18360 18610 5093.00 9410000
20120905 18120 18580 18120 18500 6719.00 12390000
20120904 18630 18750 18250 18500 6731.00 12420000
20120903 18570 18780 18310 18760 7009.00 13030000
20120831 18600 19110 18600 18670 8619.00 16270000
20120830 18570 18760 18200 18570 8396.00 15500000
20120829 18290 18880 18020 18580 13211.00 24660000
20120828 17620 18450 17580 18330 7301.00 13240000
20120827 17920 18090 17680 17890 4200.00 7510000
20120824 18250 18300 17920 18000 6519.00 11800000
20120823 18100 18350 17950 18340 5616.00 10220000
20120822 18040 18350 17940 18160 6007.00 10890000
20120821 17530 18170 17530 18040 4880.00 8750000
20120820 17570 17780 17350 17730 3585.00 6260000
20120817 17460 17790 17450 17670 3740.00 6600000
20120816 17580 17690 17400 17450 2686.00 4720000
20120815 17670 17790 17530 17570 2999.00 5290000
20120814 17700 17880 17320 17840 3858.00 6800000
20120813 18130 18230 17660 17700 5487.00 9850000
20120810 18420 18440 18190 18300 4659.00 8500000
20120809 18180 18420 18110 18420 5588.00 10210000
20120808 18280 18330 18020 18180 4761.00 8650000
20120807 18280 18480 18070 18250 5698.00 10410000
20120806 17880 18260 17670 18240 5760.00 10380000
20120803 17500 17870 17450 17870 3901.00 6900000
20120802 17520 17650 17370 17420 2704.00 4720000
20120801 17520 17730 17370 17550 3903.00 6840000
20120731 17640 17760 17250 17340 3844.00 6700000
20120730 17930 18000 17650 17660 3032.00 5390000
20120727 18160 18250 17600 17800 6563.00 11770000
20120726 18400 18450 18120 18140 4500.00 8220000
20120725 18500 18690 18300 18400 3696.00 6820000
20120724 18280 18960 18240 18550 5035.00 9360000
20120723 18710 18740 18280 18420 5068.00 9360000
20120720 18500 19950 18420 19100 8721.00 16710000
20120719 18270 18790 18200 18490 6202.00 11480000
20120718 18130 18360 18040 18360 4760.00 8670000
20120717 18100 18460 18050 18280 8132.00 14820000
20120716 20850 20860 18830 18830 13623.00 26010000
20120713 21210 21520 20910 20920 6724.00 14250000
20120712 21100 21420 20700 21280 4894.00 10300000
20120711 21180 21210 20850 20910 3479.00 7300000
20120710 21100 21370 20680 21100 5980.00 12560000
20120709 22000 22180 21000 21210 8553.00 18670000
20120706 21810 22280 21450 22270 8182.00 17860000
20120705 22440 22480 21690 21840 9545.00 20870000
20120704 22660 22990 22400 22440 10081.00 22810000
20120703 22490 23100 22120 22710 17428.00 39520000
20120702 22400 22560 22090 22380 12774.00 28490000
20120629 21570 22460 21420 22400 17550.00 38970000
20120628 21020 22350 21020 21700 16424.00 35890000
20120627 20840 21140 20840 20940 3015.00 6330000
20120626 20800 21000 20580 20920 3741.00 7770000
20120625 21170 21420 20700 20700 3699.00 7820000
20120621 21700 21880 21140 21190 4897.00 10410000
20120620 21800 21940 21670 21760 4574.00 9970000
20120619 21620 21980 21620 21760 5515.00 12020000
20120618 21360 21970 21360 21750 6251.00 13600000
20120615 21620 21620 21100 21360 5600.00 11960000
20120614 21780 21780 21470 21500 5454.00 11790000
20120613 21450 21780 21300 21730 8569.00 18500000
20120612 21000 21540 20950 21490 10661.00 22800000
20120611 20500 21070 20500 21010 5353.00 11180000
20120608 20900 20990 20530 20550 3913.00 8120000
20120607 21250 21250 20710 20730 4712.00 9860000
20120606 21140 21140 20850 20950 3669.00 7690000
20120605 21040 21310 20810 21020 4775.00 10020000
20120604 21790 21790 21000 21010 10126.00 21590000
20120601 22360 22510 22000 22170 6264.00 13920000
20120531 22350 22480 22040 22360 8502.00 18920000
20120530 22490 22580 22180 22360 9826.00 21950000
20120529 21350 22780 21350 22440 23715.00 53230000
20120528 21000 21440 21000 21430 7211.00 15320000
20120525 21710 21830 21140 21160 10616.00 22800000
20120524 20510 22450 20510 21950 24973.00 54690000
20120523 21090 21210 20600 20700 7180.00 14930000
20120522 20950 21160 20890 21080 7355.00 15420000
20120521 21700 21700 20620 20860 11163.00 23310000
20120517 21510 21990 21510 21900 5259 11500000
20120516 21870 21940 21690 21700 4083 8888000
20120515 22020 22040 21700 21880 7307 15945000
20120514 22360 22480 22080 22200 7319 16308000
20120511 22480 22490 22200 22300 4971 11111000
20120510 22300 22550 22220 22320 4797 10725000
20120509 22900 22900 22280 22340 11152 25093000
20120508 22600 23170 22410 22950 14649 33396000
20120507 22260 22650 22030 22600 11239 25056000
20120504 22260 22430 22170 22400 8124 18135000
20120503 22000 22500 21820 22370 12928 28620000
20120502 22150 22290 21910 22030 11457 25266000
20120427 21890 22030 21820 21970 6242 13686000
20120426 22060 22180 21820 21890 12128 26605000
20120425 22250 22800 21610 21910 29582 64897000
20120424 24490 25240 23930 24000 11477 27947000
20120423 25590 25720 24340 24620 8540 21437000
20120420 25250 25540 25200 25540 7616 19342000
20120419 25610 25680 25270 25510 6817 17342000
20120418 25030 25730 25030 25700 7728 19718000
20120417 25190 25280 24820 25080 4501 11291000
20120416 25200 25300 24820 25190 4573 11464000
20120413 25320 25460 25050 25330 6398 16184000
20120412 24460 25160 24450 25110 7336 18209000
20120411 24100 24580 23900 24440 5073 12328000
20120410 24310 24550 23650 24430 6473 15518000
20120409 24950 24990 24510 24550 3200 7893000
20120406 24640 25090 24620 24820 5090 12645000
20120405 24010 24830 23900 24800 5456 13396000
20120330 24250 24580 23820 23890 5881 14202000
20120329 24800 24980 24300 24340 6227 15296000
20120328 26450 26450 24810 24860 9335 23705000
20120327 26480 26650 26280 26400 4036 10687000
20120326 26320 26670 26150 26230 4815 12712000
20120323 27060 27100 26300 26460 12150 32440000
20120322 27450 27450 27100 27200 9838 26820000
20120321 28020 28280 27100 27560 8660 23999000
20120320 28700 28700 27860 27880 10587 29790000
20120319 28300 28790 28020 28780 12982 36779000
20120316 27720 28270 27400 28180 9298 25988000
20120315 27890 28300 26700 27780 17156 47330000
20120314 29930 30060 27580 27890 31902 92970000
20120313 28820 29920 28820 29800 23880 70425000
20120312 29110 29440 28660 28930 15139 43718000
20120309 28260 29040 28260 29030 19160 54991000
20120308 28390 28870 28100 28210 13097 37257000
20120307 27750 28500 27500 28350 15751 44152000
20120306 28550 28550 27810 28210 16286 45900000
20120305 28200 28730 28060 28640 26003 73847000
20120302 27450 28260 27300 28190 18759 52651000
20120301 27210 27770 27200 27470 8929 24581000
20120229 27600 27910 27360 27460 10855 30019000
20120228 27800 27890 27180 27740 21810 60007000
20120227 28200 28450 27790 28010 35360 99461000
20120224 28220 28790 27960 28290 18665 52633000
20120223 27690 28880 27500 28400 31764 89454000
20120222 26640 27880 26620 27680 28568 78296000
20120221 26070 26610 25800 26600 12961 34002000
20120220 26600 26680 26080 26100 14380 37895000
20120217 26500 26750 26000 26290 9453 24828000
20120216 26480 27170 26180 26500 19407 51891000
20120215 26240 26440 25900 26440 14183 37201000
20120214 26590 26640 25880 26240 15739 41193000
20120213 25790 26750 25600 26540 20467 53892000
20120210 25600 25990 25400 25950 18117 46729000
20120209 25280 25870 25110 25440 18559 47528000
20120208 24600 25230 24490 25230 12344 30833000
20120207 25060 25060 24420 24600 10522 25935000
20120206 25220 25480 24700 25280 15711 39437000
20120203 24960 25380 24820 25280 14298 35840000
20120202 24560 24980 24500 24960 11328 28069000
20120201 24480 25070 24320 24480 11337 28026000
20120131 24370 24880 24230 24500 12577 30725000
20120130 24020 25300 24020 24690 30633 75780000
20120120 23390 23710 23250 23620 11021 25986000
20120119 22550 23490 22500 23260 7733 17889000
20120118 23790 23790 22540 22700 12714 29509000
20120117 22250 23640 22210 23540 12977 29890000
20120116 22680 22930 22090 22200 13013 29313000
20120113 26000 26000 23090 23150 45266 106553000
20120112 25590 26420 25460 25650 12272 31918000
20120111 25690 25880 25380 25690 11444 29284000
20120110 25170 25950 24810 25760 14018 35643000
20120109 23700 25080 23400 25040 7107 17433000
20120106 23090 23850 22920 23850 6168 14410000
20120105 24600 24830 22900 23060 9673 22995000
20120104 26220 26360 24800 24870 4845 12438000
20111230 25850 26160 25630 26000 4812 12482000
20111229 25530 26160 25000 25550 3885 10058000
20111228 26080 26450 25030 25800 5406 13887000
20111227 27590 27740 26010 26100 7551 20219000
20111226 27650 28380 27400 27680 4159 11642000
20111223 27750 28460 27520 27820 5605 15715000
20111222 28010 28220 26650 27930 9895 27208000
20111221 29290 29980 28280 28280 8926 26147000
20111220 29720 30140 29150 29150 12741 37639000
20111219 28010 30480 27920 30100 22763 66616000
20111216 27730 28560 27520 28500 8853 24783000
20111215 28040 28250 27350 27600 8604 23877000
20111214 28700 28930 27840 27900 5452 15490000
20111213 29800 29810 28310 28360 10265 29700000
20111212 30030 30390 29910 29920 5463 16425000
20111209 30350 30780 30100 30260 5887 17845000
20111208 30500 31080 29700 30830 13384 40810000
20111207 30380 31150 30350 30740 7699 23697000
20111206 30000 30830 29910 30580 9097 27793000
20111205 31790 31820 30190 30220 16397 50249000
20111202 33190 33190 31790 31830 17064 54804000
20111201 34400 34400 33200 33210 23775 80276000
20111130 35180 35180 32710 32940 28382 96065000
20111129 36000 36110 35050 35370 25261 89640000
20111128 35100 35780 34500 35630 27165 95848000
20111125 35000 35830 34300 34780 31038 109170000
20111124 34010 35280 34010 34970 31640 110384000
20111123 33500 34980 33300 34420 31217 107344000
20111122 32900 33460 32680 33170 13738 45371000
20111121 34980 35280 33200 33600 27912 94812000
20111118 34370 35220 34300 35100 39615 138531000
20111117 33910 35170 33810 34700 33528 116406000
20111116 34400 35120 33860 33920 32194 111290000
20111115 33800 34330 33710 34150 14830 50611000
20111114 33500 34280 33150 33920 17958 60636000
20111111 33270 33660 32900 32920 13817 46014000
20111110 33990 34190 33390 33400 20006 67554000
20111109 34230 34630 33730 34390 19094 65265000
20111108 34310 34780 34120 34220 19608 67521000
20111107 34600 34970 34200 34220 21453 73930000
20111104 34490 35500 34350 34990 35343 123839000
20111103 34370 35250 34370 34400 41161 143460000
20111102 33490 34560 32720 34370 34182 114613000
20111101 33830 34380 33510 33930 24845 84251000
20111031 34280 34650 33700 34170 26357 90061000
20111028 34350 34360 33690 34280 32611 111073000
20111027 32800 34200 32560 33950 42753 143751000
20111026 33420 34000 32680 32900 40818 135797000
20111025 31880 33990 31350 33320 35851 117637000
20111024 33000 33000 29800 32439 39431 124131000
20111021 32800 33400 32500 32860 20648 68053000
20111020 34390 34390 32060 32900 39754 131635000
20111019 36650 36800 34550 34820 50632 180020000
20111018 36550 37500 35810 36380 53676 196869000
20111017 35500 37890 35500 37300 88614 328751000
20111014 37000 37080 35200 35690 93504 336996000
20111013 39000 39300 37750 38210 165629 635231000
