20191129 10750 10990 10650 10790 7544 8172588 3.16 0.93 0.28 3906 3638 1.07 0.32
20191128 10550 10820 10510 10760 8038 8620558 2.92 1.05 1.51 3487 4551 0.77 0.34
20191127 10450 10750 10450 10600 8051 8572671 2.88 1.06 1.63 4132 3919 1.05 0.34
20191126 10640 10690 10400 10430 9070 9514034 2.75 1.26 -1.04 6115 2955 2.07 0.38
20191125 10560 10750 10460 10540 8627 9148432 2.75 1.26 -0.19 5835 2792 2.09 0.36
20191122 10680 10830 10450 10560 6817 7274707 3.55 1.08 -1.22 3822 2996 1.28 0.29
20191121 10700 10780 10630 10690 5593 5981961 1.40 0.89 -0.37 4076 1517 2.69 0.24
20191120 11010 11030 10720 10730 7825 8490944 2.82 1.11 -2.45 5523 2302 2.40 0.33
20191119 10910 11040 10860 11000 7205 7891575 1.63 0.89 -0.36 3899 3306 1.18 0.30
20191118 10700 11070 10700 11040 6808 7439417 3.45 0.60 2.89 2338 4470 0.52 0.29
20191115 10940 10960 10710 10730 4226 4575060 2.29 0.29 -1.74 2687 1539 1.75 0.18
20191114 10780 10950 10760 10920 5422 5902485 1.76 0.36 1.30 2789 2633 1.06 0.23
20191113 11060 11180 10680 10780 11468 12432025 4.52 0.81 -2.44 6872 4596 1.50 0.48
20191112 11260 11370 11020 11050 12702 14094994 3.11 0.98 -1.87 7843 4859 1.61 0.53
20191111 11850 11870 11160 11260 22959 26329963 5.97 2.25 -5.30 15833 7126 2.22 0.97
20191108 11600 12050 11600 11890 20323 24139459 3.88 2.53 2.59 7847 12475 0.63 0.86
20191107 11770 11770 11570 11590 7094 8257716 1.72 0.83 -0.34 3554 3540 1.00 0.30
20191106 11580 11820 11540 11630 7623 8909632 2.41 0.85 -0.09 4656 2967 1.57 0.32
20191105 11700 11760 11530 11640 6971 8128967 1.98 0.73 0.00 3394 3577 0.95 0.29
20191104 11610 11710 11520 11640 9049 10513493 1.65 0.88 1.04 5220 3829 1.36 0.38
20191101 11350 11600 11200 11520 9392 10739551 3.53 0.94 1.68 4621 4771 0.97 0.40
20191031 11600 11700 11280 11330 9555 10946702 3.65 0.97 -1.56 5617 3938 1.43 0.40
20191030 11670 11830 11490 11510 9628 11193806 2.91 0.81 -1.37 5140 4488 1.15 0.41
20191029 11890 11980 11630 11670 10057 11881563 2.94 0.86 -1.85 6103 3954 1.54 0.42
20191028 11470 11930 11470 11890 13053 15399764 3.96 1.20 2.41 4045 9008 0.45 0.55
20191025 11630 11710 11410 11610 7428 8566917 2.59 0.63 0.35 3597 3831 0.94 0.31
20191024 11600 11670 11310 11570 9251 10625062 3.10 0.80 -0.26 5807 3444 1.69 0.39
20191023 11880 11880 11400 11600 19620 22709975 4.03 1.99 -2.60 13386 6234 2.15 0.83
20191022 12000 12000 11780 11910 9139 10848613 1.84 0.82 -0.33 5275 3864 1.37 0.38
20191021 11830 11950 11620 11950 9153 10807688 2.82 0.72 2.05 5295 3858 1.37 0.39
20191018 11900 11950 11670 11710 11825 13987489 2.37 0.95 -0.76 7004 4821 1.45 0.50
20191017 11690 11980 11560 11800 8013 9476058 3.59 0.56 0.85 3579 4435 0.81 0.34
20191016 11960 12080 11690 11700 11204 13240877 3.27 0.76 -1.76 8120 3084 2.63 0.47
20191015 12150 12300 11830 11910 15458 18502641 3.81 0.97 -3.56 10396 5061 2.05 0.65
20191014 12030 12360 11960 12350 17050 20818641 3.36 1.14 3.78 6425 10625 0.60 0.72
20191011 11980 12040 11740 11900 10733 12798442 2.50 0.70 -0.67 5890 4843 1.22 0.45
20191010 11750 12030 11600 11980 16931 20127025 3.64 1.09 1.44 7943 8988 0.88 0.71
20191009 11690 11840 11580 11810 13155 15433000
20191008 11900 12270 11800 12000 21980 26473939 3.96 1.52 1.10 11748 10232 1.15 0.92
20190930 11640 11970 11540 11870 12273 14461113 3.66 0.84 0.94 6132 6141 1.00 0.52
20190927 11620 11990 11430 11760 12152 14279422 4.86 0.83 2.08 4780 7372 0.65 0.51
20190926 11870 11870 11430 11520 18264 21137608 3.72 1.39 -2.62 12139 6125 1.98 0.77
20190925 11880 12040 11600 11830 18734 22078000
20190924 12050 12150 11750 11830 11054 13182444 3.31 0.77 -1.99 5949 5105 1.17 0.47
20190923 12120 12140 11800 12070 12655 15149133 2.80 0.83 -0.74 6336 6319 1.00 0.53
20190920 12450 12450 12000 12160 12178 14849551 3.62 0.69 -2.25 8273 3905 2.12 0.51
20190919 12290 12460 12140 12440 11098 13725802 2.61 0.46 1.63 4763 6336 0.75 0.47
20190918 12180 12450 12040 12240 12496 15295307 3.40 0.47 1.41 6688 5808 1.15 0.53
20190917 12450 12450 11940 12070 23244 28260633 4.10 0.87 -3.05 13164 10080 1.31 0.98
20190916 12380 12530 12350 12450 17353 21581322 1.45 0.54 0.57 8131 9222 0.88 0.73
20190912 12550 12610 12320 12380 23816 29571675 2.32 0.64 -0.96 13943 9873 1.41 1.00
20190911 12210 13010 12210 12500 44729 56285000
20190910 12140 12500 12090 12210 24224 29676582 3.38 0.86 0.58 10659 13564 0.79 1.02
20190909 12090 12280 12000 12140 24159 29232592 2.30 0.93 -0.25 13534 10625 1.27 1.02
20190906 12030 12480 11700 12170 44342 53750124 6.56 2.29 2.35 20045 24297 0.82 1.87
20190905 11180 12090 11180 11890 48827 56966101 8.22 4.31 7.41 18048 30779 0.59 2.05
20190904 10980 11230 10930 11070 11281 12504378 2.75 0.92 1.37 5344 5936 0.90 0.47
20190903 10890 10960 10800 10920 11490 12519000
20190902 10570 10950 10570 10900 14643 15897000
20190830 10760 10950 10570 10680 10396 11226123 3.53 0.75 -0.74 5946 4450 1.34 0.44
20190829 10730 10860 10630 10760 8851 9545388 2.14 0.66 0.28 3782 5069 0.75 0.37
20190828 10700 10950 10600 10730 16212 17447133 3.30 1.26 1.04 8181 8030 1.02 0.68
20190827 10210 10740 10210 10620 23761 24968573 5.17 2.38 3.61 8819 14942 0.59 1.00
20190826 10020 10320 10010 10250 15049 15283940 3.05 1.73 0.99 7536 7513 1.00 0.63
20190823 10190 10230 10110 10150 5451 5527234 1.17 0.63 -0.68 3271 2180 1.50 0.23
20190822 10320 10330 10130 10220 6705 6838532 1.95 0.83 -0.29 4699 2006 2.34 0.28
20190821 10340 10400 10000 10250 13508 13874741 3.84 2.00 -1.73 7404 6103 1.21 0.57
20190820 10390 10480 10300 10430 9234 9583861 1.73 1.60 0.38 4483 4751 0.94 0.39
20190819 10280 10390 10180 10390 8569 8839011 2.06 1.54 1.86 3111 5458 0.57 0.36
20190816 10200 10280 10190 10200 4985 5097457 0.88 0.84 -0.20 2889 2096 1.38 0.21
20190815 10000 10240 9950 10220 4191 4246894 2.84 0.70 0.00 2216 1975 1.12 0.18
20190814 10160 10290 10150 10220 6852 7005250 1.39 1.15 1.19 2763 4089 0.68 0.29
20190813 10250 10260 10070 10100 4310 4359319 1.85 0.59 -1.46 2860 1450 1.97 0.18
20190812 10150 10280 10030 10250 7513 7641000
20190809 10500 10540 10070 10110 6754 6904962 4.54 0.93 -2.32 4806 1948 2.47 0.28
20190808 10320 10460 10320 10350 4386 4551520 1.35 0.59 -0.29 2513 1873 1.34 0.18
20190807 10640 10750 10380 10380 6845 7182655 3.49 0.92 -2.08 4323 2522 1.71 0.29
20190806 10930 10930 10250 10600 11112 11704388 6.22 1.67 -3.02 5676 5436 1.04 0.47
20190805 11130 11130 10930 10930 5025 5540904 1.80 0.75 -1.71 3528 1497 2.36 0.21
20190802 11030 11170 10880 11120 9121 10099373 2.61 1.48 0.18 3920 5201 0.75 0.38
20190801 11080 11190 11050 11100 5167 5744012 1.26 0.80 -0.36 2728 2438 1.12 0.22
20190731 11140 11160 11040 11140 6847 7609075 1.08 1.13 0.00 2921 3926 0.74 0.29
20190730 11060 11260 11060 11140 7026 7842107 1.79 1.25 -0.09 3558 3467 1.03 0.30
20190729 11210 11210 11030 11150 5447 6050459 1.62 0.84 0.36 3636 1811 2.01 0.23
20190726 11130 11270 11080 11110 6330 7053644 1.70 0.98 -0.63 4184 2146 1.95 0.27
20190725 11190 11210 11090 11180 6457 7190339 1.07 0.98 -0.18 4443 2014 2.21 0.27
20190724 11200 11280 11150 11200 4917 5514574 1.17 0.72 0.63 2581 2337 1.10 0.21
20190723 11120 11360 11060 11130 4860 5417536 2.70 0.64 0.18 3133 1727 1.81 0.20
20190722 11520 11580 11000 11110 9731 10913776 5.03 1.22 -3.56 6257 3474 1.80 0.41
20190719 11580 11740 11430 11520 6178 7163685 2.67 0.75 -0.60 3581 2597 1.38 0.26
20190718 11860 11860 11520 11590 7259 8440045 2.87 0.94 -2.19 4185 3075 1.36 0.31
20190717 11830 11870 11680 11850 6328 7484490 1.61 0.85 0.17 3216 3112 1.03 0.27
20190716 11780 11880 11710 11830 8255 9751161 1.44 1.11 0.08 4893 3362 1.46 0.35
20190715 11750 11880 11710 11820 11985 14142547 1.45 1.37 1.11 6196 5789 1.07 0.51
20190712 11430 11780 11310 11690 7215 8420497 4.08 0.80 1.39 2722 4493 0.61 0.30
20190711 11590 11760 11490 11530 4853 5633792 2.34 0.50 0.09 2311 2542 0.91 0.21
20190710 11450 11670 11450 11520 5129 5910885 1.91 0.49 0.00 3692 1437 2.57 0.22
20190709 11420 11540 11310 11520 7956 9091124 2.01 0.79 0.79 3351 4605 0.73 0.34
20190708 11930 11970 11320 11430 18445 21395700 5.42 1.98 -4.75 11393 7052 1.62 0.78
20190705 11870 12080 11780 12000 8505 10166183 2.51 0.84 0.59 3771 4734 0.80 0.36
20190704 11760 11940 11760 11930 8213 9754631 1.53 0.82 1.53 3454 4759 0.73 0.35
20190703 11930 11950 11700 11750 8768 10347532 2.09 0.85 -1.59 5876 2892 2.03 0.37
20190702 12000 12070 11900 11940 6558 7845724 1.41 0.62 -1.08 3839 2719 1.41 0.28
20190701 11770 12130 11770 12070 14568 17410370 3.08 1.49 3.43 7002 7566 0.93 0.62
20190628 11930 11940 11600 11670 12379 14450305 2.86 1.35 -1.93 7322 5057 1.45 0.52
20190627 11850 11970 11820 11900 7654 9117743 1.26 0.81 0.25 3399 4255 0.80 0.32
20190626 12030 12090 11790 11870 10368 12373533 2.48 1.16 -1.90 7560 2807 2.69 0.44
20190625 12200 12220 12010 12100 8011 9709374 1.72 0.98 -0.82 4788 3223 1.49 0.34
20190624 12070 12210 12000 12200 10387 12617559 1.74 1.42 1.16 3952 6435 0.61 0.44
20190621 12020 12190 12020 12060 9475 11449206 1.42 1.12 0.92 5626 3849 1.46 0.40
20190620 11900 12110 11830 11950 9209 11029042 2.35 1.04 0.42 4878 4331 1.13 0.39
20190619 12040 12180 11890 11900 7782 9340863 2.44 0.78 0.25 3861 3921 0.98 0.33
20190618 11790 11880 11680 11870 4032 4764840 1.69 0.30 0.42 2105 1926 1.09 0.17
20190617 11780 12040 11740 11820 5999 7120422 2.54 0.40 0.00 3796 2203 1.72 0.25
20190614 12170 12170 11720 11820 15361 18321933 3.70 0.90 -2.80 11703 3659 3.20 0.65
20190613 12250 12390 12080 12160 11247 13710880 2.51 0.62 -1.70 7085 4162 1.70 0.48
20190612 12260 12470 12180 12370 13337 16464682 2.35 0.77 0.16 6162 7175 0.86 0.56
20190611 12020 12400 11850 12350 22278 27234882 4.57 1.48 2.57 8432 13846 0.61 0.94
20190610 12250 12250 11880 12040 13710 16465972 3.06 0.93 -0.33 7532 6179 1.22 0.58
20190606 11870 12350 11720 12080 24903 30120481 5.33 2.12 2.20 12220 12683 0.96 1.05
20190605 11560 11850 11450 11820 16806 19613925 3.47 1.68 2.60 6514 10292 0.63 0.71
20190604 11450 11650 11410 11520 9269 10655593 2.07 0.85 -0.86 4601 4668 0.99 0.39
20190603 11640 11640 11310 11620 10334 11851777 2.86 0.99 0.69 4693 5641 0.83 0.44
20190531 11310 12090 11310 11540 12534 14588216 6.91 1.38 2.21 6362 6172 1.03 0.53
20190530 11440 11550 11170 11290 9835 11131299 3.32 1.20 -1.48 5420 4415 1.23 0.42
20190529 11500 11580 11410 11460 8035 9239000
20190528 11600 11700 11300 11530 13835 15949317 3.41 1.84 -1.62 7817 6018 1.30 0.58
20190527 19430 20240 19430 20160 7804 15561785 4.16 1.03 3.54 3830 3975 0.96 0.56
20190524 19660 19870 19200 19470 5897 11484174 3.41 0.61 -0.97 3356 2541 1.32 0.42
20190523 20120 20180 19540 19660 5513 10936526 3.18 0.48 -2.43 3139 2374 1.32 0.40
20190522 20950 20950 20100 20150 7902 16152585 4.14 0.66 -1.95 5169 2733 1.89 0.57
20190521 20370 20780 20220 20550 10487 21570433 2.75 0.91 0.88 5635 4852 1.16 0.75
20190520 19700 20430 19630 20370 8126 16170284 4.00 0.72 1.80 5324 2802 1.90 0.58
20190517 20240 20420 19900 20010 16291 32892275 2.54 1.38 -2.39 11780 4512 2.61 1.17
20190516 19870 20650 19800 20500 15157 30714677 4.30 1.39 3.69 7221 7935 0.91 1.09
20190515 19770 19920 19650 19770 9608 19031611 1.38 0.77 1.38 4614 4994 0.92 0.69
20190514 19170 19790 19170 19500 8248 16122105 3.19 0.62 0.36 3875 4373 0.89 0.59
20190513 19560 19690 19130 19430 7203 14026227 2.86 0.46 -0.66 3429 3774 0.91 0.52
20190510 19580 20200 19010 19560 18806 36696380 6.24 1.33 2.57 9197 9609 0.96 1.35
20190509 18800 19200 18800 19070 10737 20417815 2.11 0.70 0.69 4681 6057 0.77 0.77
20190508 19390 19390 18730 18940 17052 32413696 3.39 1.13 -2.82 8766 8286 1.06 1.23
20190507 19350 19910 19080 19490 13071 25465245 4.27 0.83 0.26 7262 5809 1.25 0.94
20190506 20020 20260 18650 19440 18485 36018857 7.86 1.20 -5.08 12126 6359 1.91 1.33
20190430 20180 20790 20150 20480 11132 22688057 3.16 0.69 1.09 5757 5375 1.07 0.80
20190429 20390 20970 20200 20260 16698 34594102 3.76 1.05 -0.98 8515 8184 1.04 1.20
20190426 20220 20820 20210 20460 15799 32391902 2.93 1.05 -1.63 9436 6364 1.48 1.14
20190425 21320 21400 20640 20800 16543 34803061 3.54 1.09 -3.03 10419 6124 1.70 1.18
20190424 21500 21740 20850 21450 17105 36154680 4.14 1.13 -0.23 9100 8005 1.14 1.22
20190423 21710 21950 21380 21500 14572 31536162 2.63 0.93 -0.88 7410 7162 1.03 1.04
20190422 22120 22440 21580 21690 15203 33530442 3.89 0.80 -1.77 9087 6117 1.49 1.09
20190419 22050 22200 21930 22080 11684 25762521 1.23 0.61 0.18 6846 4838 1.41 0.84
20190418 22480 22690 21900 22040 17415 38712451 3.54 0.90 -1.17 10925 6489 1.68 1.25
20190417 22650 22700 22190 22300 16892 37762816 2.25 0.88 -1.55 10481 6411 1.63 1.21
20190416 22450 22700 22010 22650 17169 38417785 3.07 0.87 0.76 7800 9370 0.83 1.23
20190415 22950 23250 22410 22480 31906 72742058 3.61 1.74 -3.52 17703 14203 1.25 2.28
20190412 23580 24340 23180 23300 11943 28077452 4.90 0.56 -1.56 6226 5717 1.09 0.85
20190411 24760 24760 22990 23670 18611 44574302 7.15 0.88 -4.44 11320 7291 1.55 1.33
20190410 24010 25130 23970 24770 16029 39560218 4.76 0.64 1.68 7599 8430 0.90 1.15
20190409 24980 24980 23850 24360 20527 49814389 4.53 0.83 -2.40 10933 9594 1.14 1.47
20190408 25550 25770 24650 24960 24347 61375937 4.48 1.08 -0.08 14964 9383 1.59 1.74
20190404 25620 26070 24690 24980 26609 66772207 5.41 1.38 -2.00 15708 10901 1.44 1.90
20190403 25700 26000 25320 25490 18321 46934523 2.64 1.02 -0.89 8919 9402 0.95 1.31
20190402 24300 26280 24230 25720 36256 93004075 8.43 2.60 5.80 17256 19000 0.91 2.59
20190401 24000 24650 23600 24310 18411 44804088 4.42 1.07 2.23 8153 10257 0.79 1.32
20190329 22900 23780 22600 23780 13518 31621166 5.16 0.83 4.02 5145 8373 0.61 0.97
20190328 22770 23260 22620 22860 9739 22310085 2.81 0.58 0.44 4900 4839 1.01 0.70
20190327 23200 23340 22560 22760 12135 27712533 3.39 0.70 -1.17 7410 4724 1.57 0.87
20190326 23790 24150 23010 23030 15961 37525407 4.79 0.94 -3.19 9552 6409 1.49 1.14
20190325 22500 24890 22200 23790 34324 81220973 11.84 2.51 4.71 13663 20662 0.66 2.46
20190322 22500 22790 22150 22720 9067 20364390 2.83 0.59 0.44 4939 4128 1.20 0.65
20190321 22460 22880 22330 22620 12741 28923713 2.45 0.78 0.76 6122 6620 0.92 0.91
20190320 22530 22780 21900 22450 15130 33849652 3.85 0.86 -1.71 8687 6443 1.35 1.08
20190319 23000 23100 22600 22840 13280 30201394 2.18 0.67 -0.31 7662 5618 1.36 0.95
20190318 22550 22930 22150 22910 18250 41129806 3.46 0.84 1.60 8637 9613 0.90 1.31
20190315 22100 22650 22020 22550 17616 39527338 2.85 0.77 2.13 7380 10237 0.72 1.26
20190314 22100 22660 21280 22080 17530 38330581 6.22 0.70 -0.50 10502 7028 1.49 1.25
20190313 22500 23000 22080 22190 21695 48744524 4.09 0.76 -1.42 11654 10040 1.16 1.55
20190312 22220 22970 22090 22510 24313 54768293 4.00 0.78 2.32 13132 11181 1.17 1.74
20190311 21260 22200 21260 22000 27799 60922979 4.42 0.86 3.48 13105 14695 0.89 1.99
20190308 21880 22070 21200 21260 23641 51095218 3.90 0.68 -4.66 14108 9533 1.48 1.69
20190307 22500 22680 21970 22300 27069 60231530 3.16 0.85 -0.84 14422 12647 1.14 1.94
20190306 22600 23320 22090 22490 39558 89444930 5.44 1.47 -0.49 22965 16593 1.38 2.83
20190305 21280 23400 21200 22600 37805 84985748 10.34 1.54 6.25 16701 21104 0.79 2.70
20190304 21010 22050 20660 21270 33995 73189706 6.63 1.48 1.43 17503 16492 1.06 2.43
20190301 20100 20970 20080 20970 35736 73156785 4.46 1.99 5.06 14731 21006 0.70 2.56
20190228 20200 20270 19860 19960 12979 25951211 2.07 0.73 0.81 6465 6514 0.99 0.93
20190227 19970 20240 19650 19800 14179 28325528 2.96 0.82 -0.80 8920 5258 1.70 1.01
20190226 20200 20330 19580 19960 25903 51755495 3.77 1.79 0.30 13830 12072 1.15 1.85
20190225 19250 19930 19020 19900 25932 50540206 4.74 2.00 3.65 12963 12968 1.00 1.86
20190222 19120 19270 18950 19200 10808 20629236 1.68 0.83 0.52 5597 5211 1.07 0.77
20190221 19160 19500 19030 19100 12593 24305246 2.46 0.97 -0.05 5698 6896 0.83 0.90
20190220 19200 19300 18930 19110 11667 22313210 1.93 0.89 -0.52 4750 6918 0.69 0.83
20190219 19390 19390 19100 19210 11156 21421496 1.50 0.87 -0.41 5428 5728 0.95 0.80
20190218 19050 19450 19050 19290 18637 35902920 2.11 1.80 1.58 8184 10453 0.78 1.33
20190215 18970 19430 18770 18990 11230 21498371 3.48 1.23 0.11 4495 6734 0.67 0.80
20190214 18960 19240 18830 18970 12463 23692438 2.16 1.62 -0.05 5799 6664 0.87 0.89
20190213 18530 19180 18500 18980 12137 22966604 3.68 1.89 2.76 5595 6542 0.86 0.87
20190212 18300 18660 18250 18470 9321 17198387 2.24 1.61 0.98 4143 5178 0.80 0.67
20190211 17890 18400 17760 18290 6628 12074239 3.57 1.19 2.12 3249 3379 0.96 0.47
20190201 17370 18090 17350 17910 5239 9300757 4.27 0.88 3.29 1696 3543 0.48 0.37
20190131 17510 17720 17280 17340 5069 8886839 2.52 0.80 -0.86 2980 2090 1.43 0.36
20190130 17800 17920 17350 17490 5876 10378845 3.20 0.92 -1.74 4414 1462 3.02 0.42
20190129 17940 18020 17190 17800 6194 10985844 4.63 1.02 -0.61 3675 2520 1.46 0.44
20190128 18210 18300 17880 17910 5382 9728726 2.32 0.86 -1.10 3209 2173 1.48 0.38
20190125 18090 18280 17970 18110 7101 12872140 1.72 1.06 0.67 3741 3361 1.11 0.51
20190124 18420 18500 17860 17990 7149 12930374 3.51 0.86 -1.26 4806 2344 2.05 0.51
20190123 18180 18300 18020 18220 6265 11399577 1.54 0.72 0.28 2497 3768 0.66 0.45
20190122 18180 18270 18060 18170 4484 8146191 1.16 0.50 0.00 1906 2577 0.74 0.32
20190121 17930 18350 17880 18170 6388 11577142 2.63 0.73 1.85 2990 3397 0.88 0.46
20190118 17600 17930 17540 17840 9320 16599556 2.21 1.25 1.19 3996 5324 0.75 0.67
20190117 18500 18500 17520 17630 15323 27257283 5.29 3.06 -4.86 9817 5506 1.78 1.10
20190116 18290 18880 18260 18530 8286 15321626 3.40 1.93 1.59 3307 4979 0.66 0.59
20190115 18080 18350 17830 17990 5431 9844696 2.89 1.41 0.06 2526 2904 0.87 0.39
20190114 18080 18350 17830 17990 5431 9845000
20190111 17630 18000 17630 17980 3031 5428000
20190110 17770 17970 17730 17820 3198 5713000
20190109 17750 18200 17750 17770 4643 8309581 2.54 1.09 0.11 2794 1849 1.51 0.33
20190108 17790 17870 17620 17750 2534 4497109 1.41 0.59 -0.22 1170 1364 0.86 0.18
20190107 17580 17850 17490 17790 5787 10220926 2.06 1.41 1.89 3661 2126 1.72 0.41
20190104 17020 17500 16850 17460 4647 8027256 3.78 1.07 1.63 2490 2158 1.15 0.33
20190103 17290 17430 17130 17180 2271 3922696 1.74 0.45 -0.12 1405 866 1.62 0.16
20190102 17400 17550 17000 17200 6037 10387700 3.17 1.24 -0.86 4041 1996 2.02 0.43
20181228 17660 17660 17300 17350 2779 4844807 2.06 0.50 -0.86 1803 975 1.85 0.20
20181227 17700 17930 17480 17500 4832 8540842 2.58 0.88 0.17 3045 1787 1.70 0.35
20181226 17420 17710 17360 17470 5711 9987130 1.99 1.03 -0.63 4090 1621 2.52 0.41
20181225 17700 17710 17270 17580 5673 9911167 2.48 0.91 -0.96 3981 1692 2.35 0.41
20181224 17840 17930 17500 17750 5265 9311835 2.41 0.64 -0.50 3319 1946 1.71 0.38
20181221 18030 18130 17620 17840 6049 10763215 2.79 0.66 -2.46 3910 2139 1.83 0.43
20181220 18170 18330 17970 18290 4606 8378244 1.98 0.51 0.66 3158 1448 2.18 0.33
20181219 18550 18700 18120 18170 6134 11225944 3.12 0.74 -2.15 3692 2442 1.51 0.44
20181218 18860 18990 18560 18570 8945 16764000
20181217 18550 19500 18010 19230 15236 28557245 8.04 2.86 3.72 8694 6542 1.33 1.09
20181214 18090 18900 17980 18540 11132 20535401 5.09 3.17 2.49 4425 6707 0.66 0.80
20181213 18010 18190 17710 18090 3503 6306364 2.67 0.98 0.44 1685 1818 0.93 0.25
20181212 18160 18210 17900 18010 2899 5234913 1.72 0.70 0.11 1768 1131 1.56 0.21
20181211 17860 17990 17720 17990 2365 4229071 1.52 0.46 1.58 948 1417 0.67 0.17
20181210 18250 18250 17690 17710 6735 12024863 3.08 1.15 -2.69 3762 2973 1.27 0.48
20181207 18370 18370 18110 18200 2076 3783256 1.43 0.30 0.00 1045 1030 1.01 0.15
20181206 18700 18700 18080 18200 3757 6858923 3.35 0.51 -1.67 2276 1481 1.54 0.27
20181205 18410 18840 18070 18510 5748 10626913 4.14 0.83 -0.43 2596 3152 0.82 0.41
20181204 18270 18740 18060 18590 7384 13642996 3.75 1.22 2.48 3042 4343 0.70 0.53
20181203 18200 18480 18000 18140 10367 18884397 2.71 2.18 2.31 4897 5469 0.90 0.74
20181130 17590 17850 17400 17730 6866 12093971 2.57 1.58 1.20 3685 3181 1.16 0.49
20181129 18300 18500 17520 17520 6641 11965792 5.36 1.77 -4.21 4734 1907 2.48 0.48
20181128 18250 18350 17830 18290 3491 6337205 2.85 0.93 0.22 1988 1504 1.32 0.25
20181127 17980 18300 17960 18250 2916 5305708 1.89 0.69 1.50 1367 1549 0.88 0.21
20181126 18230 18340 17950 17980 3827 6940873 2.14 0.85 -1.53 2501 1327 1.89 0.27
20181123 19050 19120 18030 18260 4907 9104466 5.72 0.89 -4.15 3385 1522 2.22 0.35
20181122 19170 19320 18910 19050 3640 6961151 2.14 0.44 -0.37 2451 1190 2.06 0.26
20181121 18800 19200 18500 19120 3443 6542463 3.69 0.30 0.74 1806 1637 1.10 0.25
20181120 19450 19450 18980 18980 5327 10202000
20181119 19640 19940 19300 19590 5268 10260000
20181116 19900 20210 19400 19650 9742 19265000
20181115 18980 19990 18800 19900 17916 35003764 6.21 1.98 3.81 7111 10805 0.66 1.28
20181114 18590 19360 18320 19170 19773 37345482 5.61 2.50 3.45 7096 12677 0.56 1.41
20181113 18280 18690 18110 18530 6819 12614975 3.16 0.78 0.82 3108 3711 0.84 0.49
20181112 18100 18510 17980 18380 5914 10812346 2.93 0.66 1.72 2403 3511 0.68 0.42
20181109 18010 18250 17860 18070 4962 8966213 2.17 0.49 0.39 2532 2430 1.04 0.35
20181108 18750 18990 17980 18000 7719 14164855 5.40 0.74 -3.74 4771 2948 1.62 0.55
20181107 19310 19310 18500 18700 14208 26957547 4.16 1.47 -3.91 9477 4730 2.00 1.02
20181106 18000 19490 17800 19460 11025 20276725 9.31 1.31 7.16 4829 6196 0.78 0.79
20181105 18080 18370 17820 18160 6735 12157541 3.05 0.79 0.67 3484 3251 1.07 0.48
20181102 17920 18120 17720 18040 10531 18898512 2.26 1.38 1.98 5065 5467 0.93 0.75
20181101 17450 18030 17450 17690 9670 17202903 3.32 1.42 1.38 5477 4193 1.31 0.69
20181031 17510 17680 17060 17450 10527 18338998 3.57 1.87 0.58 6706 3821 1.76 0.75
20181030 17200 17570 17000 17350 4773 8267986 3.28 0.73 -0.17 2361 2413 0.98 0.34
20181029 16790 17700 16790 17380 7376 12741794 5.30 0.98 1.16 3818 3558 1.07 0.53
20181026 17800 18160 17040 17180 5892 10251834 6.32 0.74 -3.05 3755 2137 1.76 0.42
20181025 17280 17850 17000 17720 5366 9324555 4.80 0.58 0.00 2989 2378 1.26 0.38
20181024 17340 17850 17340 17720 4786 8437093 2.88 0.43 0.23 2785 2001 1.39 3.19
20181023 18180 18580 17360 17680 9256 16579165 6.71 0.91 -2.80 5035 4221 1.19 0.66
20181022 17280 18250 17010 18190 12140 21514748 7.38 1.39 8.27 5598 6542 0.86 0.87
20181019 16290 17240 15590 16800 8449 14055911 10.09 0.96 2.69 3414 5034 0.68 0.60
20181018 17450 17450 16050 16360 11507 19126974 8.24 1.36 -3.76 6527 4981 1.31 0.82
20181017 18200 18450 16500 17000 14818 25560674 10.88 2.24 -5.13 9348 5470 1.71 1.06
20181016 19200 19230 17770 17920 4199 7743920 7.77 0.65 -4.68 2719 1480 1.84 0.30
20181015 19130 19380 18560 18800 4648 8818153 4.34 0.76 -0.53 2872 1776 1.62 0.33
20181012 18310 18900 18150 18900 8946 16671923 4.09 1.80 3.05 4410 4535 0.97 0.64
20181011 20130 20130 18270 18340 9661 18311802 9.16 2.64 -9.66 6349 3312 1.92 0.69
20181010 20300 20920 19900 20300 5591 11362405 5.02 1.68 0.00 3588 2003 1.79 0.40
20181009 20410 20970 20100 20300 3289 6707631 4.26 0.97 -0.54 2082 1207 1.72 0.24
20181008 36090 36090 34380 34690 3230 11411208 4.71 0.91 -4.46 2139 1091 1.96 0.39
20180928 36300 36530 35800 36310 3010 10874913 2.01 0.86 0.03 1737 1274 1.36 0.37
20180927 36520 36600 36050 36300 3168 11504028 1.51 0.86 -0.30 1960 1207 1.62 0.39
20180926 36250 36440 35620 36410 3945 14288399 2.27 1.16 0.64 1970 1975 1.00 0.48
20180925 35350 36250 34980 36180 3532 12619791 3.58 1.10 2.12 1610 1921 0.84 0.43
20180921 35180 35800 35040 35430 4158 14774807 2.16 1.49 0.88 1984 2174 0.91 0.51
20180920 35490 35490 34910 35120 2632 9227871 1.65 0.80 -0.28 1848 784 2.36 0.32
20180919 34260 35400 34260 35220 4101 14350082 3.33 1.16 2.80 1813 2288 0.79 0.50
20180918 33820 34430 33720 34260 2629 8954350 2.10 0.63 1.30 1444 1185 1.22 0.32
20180917 34580 34580 33810 33820 2481 8474624 2.24 0.51 -1.80 1531 950 1.61 0.30
20180914 34840 34980 34310 34440 2145 7418460 1.92 0.37 -1.54 1330 816 1.63 0.26
20180913 34600 35060 34000 34980 5138 17857345 3.09 0.84 1.95 2461 2677 0.92 0.62
20180912 35500 35500 34000 34310 5295 18286096 4.26 0.85 -2.61 3153 2143 1.47 0.64
20180911 34800 35540 34400 35230 5910 20654815 3.27 0.92 1.18 2659 3251 0.82 0.72
20180910 35900 35900 34700 34820 5878 20677918 3.40 0.71 -1.36 4107 1771 2.32 0.71
20180907 36650 37120 35120 35300 6888 24743086 5.48 0.75 -3.29 3542 3346 1.06 0.84
20180906 37000 37690 36300 36500 6518 24014512 3.71 0.77 -2.64 3807 2712 1.40 0.79
20180905 38600 38950 37480 37490 5879 22442494 3.81 0.71 -2.83 3848 2032 1.89 0.71
20180904 38960 38960 38080 38580 6810 26231679 2.25 0.82 -1.20 3990 2820 1.41 0.83
20180903 38900 39480 37510 39050 15104 57999614 4.93 2.10 -2.35 7553 7551 1.00 1.84
20180831 42800 42800 39870 39990 11546 47804249 6.99 1.80 -4.60 6296 5250 1.20 1.40
20180830 42440 42650 41920 41920 2908 12258425 1.72 0.36 -1.30 1960 948 2.07 0.35
20180829 42380 42590 41610 42470 5132 21588881 2.31 0.65 0.12 2283 2849 0.80 0.62
20180828 42900 43500 42210 42420 6803 29093466 3.00 0.80 -1.33 4195 2608 1.61 0.83
20180827 42280 43050 42070 42990 9634 41032724 2.31 1.22 1.34 4500 5134 0.88 1.17
20180824 42500 43120 42020 42420 7517 31852963 2.57 0.91 -0.84 4758 2759 1.72 0.91
20180823 40750 43260 40500 42780 11392 48123981 6.71 1.62 3.96 4478 6914 0.65 1.39
20180822 41270 41420 40320 41150 4356 17786044 2.67 0.64 -0.27 2798 1558 1.80 0.53
20180821 41100 42570 40730 41260 9805 40827592 4.48 1.75 0.39 6049 3757 1.61 1.19
20180820 40670 41170 39800 41100 6453 26041118 3.37 1.21 1.23 3924 2529 1.55 0.78
20180817 39130 41230 39130 40600 9367 37837223 5.37 1.81 3.86 4162 5205 0.80 1.14
20180816 39910 40330 39000 39090 5223 20644517 3.30 0.83 -3.03 3344 1879 1.78 0.64
20180815 40850 41150 39800 40310 3367 13582842 3.32 0.49 -0.93 2440 927 2.63 0.41
20180814 41550 41670 40680 40690 3674 15054798 2.39 0.45 -1.93 2358 1315 1.79 0.45
20180813 41210 41570 40800 41490 5086 20999891 1.86 0.61 0.46 2740 2345 1.17 0.62
20180810 41260 41600 40700 41300 8508 35008418 2.18 1.05 0.12 5410 3099 1.75 1.03
20180809 39500 41730 39500 41250 10887 44790661 5.58 1.55 3.23 5520 5367 1.03 1.32
20180808 40850 40980 39700 39960 6349 25546140 3.13 0.89 -2.27 4328 2021 2.14 0.77
20180807 39260 40890 39100 40890 10031 40426497 4.56 1.69 4.15 3018 7013 0.43 1.22
20180806 39760 40400 39000 39260 6078 24119271 3.52 1.05 -1.26 3819 2259 1.69 0.74
20180803 38380 40510 38110 39760 7363 29229180 6.21 1.36 2.82 2983 4380 0.68 0.90
20180802 39280 39640 38000 38670 5306 20463719 4.16 0.99 -1.85 2484 2821 0.88 0.65
20180801 39060 40280 39060 39400 6947 27647560 3.12 1.47 0.64 3229 3719 0.87 0.84
20180731 39780 39780 39120 39150 3995 15731633 1.68 0.67 -0.23 2058 1937 1.06 0.49
20180730 39050 40240 39030 39240 5203 20657866 3.07 0.79 -0.38 2725 2478 1.10 0.63
20180727 39140 40350 38880 39390 5681 22518378 3.68 0.91 -1.38 3121 2561 1.22 0.69
20180726 39630 40670 39630 39940 4875 19573730 2.62 0.81 0.58 1901 2974 0.64 0.59
20180725 40000 40240 39610 39710 3822 15211421 1.58 0.64 -0.45 1785 2037 0.88 0.46
20180724 39190 40480 39190 39890 10373 41503335 3.29 2.20 1.79 3454 6919 0.50 1.26
20180723 38690 39400 38350 39190 8125 31768209 2.74 2.28 2.27 3380 4745 0.71 0.99
20180720 37860 38560 37600 38320 4007 15334633 2.53 1.17 0.82 1531 2476 0.62 0.49
20180719 38200 38300 37730 38010 3914 14898164 1.49 1.17 -0.50 1505 2410 0.62 0.48
20180718 38210 38550 37850 38200 3316 12693396 1.83 0.90 0.00 1789 1528 1.17 0.40
20180717 37230 38300 36810 38200 4206 15906436 4.00 1.25 2.61 1430 2776 0.52 0.51
20180716 37430 37480 36700 37230 2375 8801584 2.10 0.68 0.11 1428 947 1.51 0.29
20180713 36840 37390 36610 37190 3300 12230526 2.12 0.95 0.92 1607 1693 0.95 0.40
20180712 35990 36900 35930 36850 3596 13160608 2.69 0.99 2.08 1620 1975 0.82 0.44
20180711 36700 36700 35100 36100 4948 17700835 4.36 1.31 -1.63 3043 1905 1.60 0.60
20180710 36620 36890 36020 36700 2561 9330325 2.37 0.62 0.16 1300 1261 1.03 0.31
20180709 35980 36740 35750 36640 3103 11312642 2.77 0.66 2.35 1543 1559 0.99 0.38
20180706 35820 36550 35210 35800 3171 11394766 3.72 0.55 -0.56 2075 1096 1.89 0.39
20180705 36220 36850 35800 36000 4306 15642851 2.87 0.73 -1.64 2223 2084 1.07 0.52
20180704 37910 38370 36600 36600 5688 21107239 4.63 0.89 -4.29 3726 1963 1.90 0.69
20180703 38980 38980 37450 38240 4252 16154303 3.97 0.57 -0.88 2218 2034 1.09 0.52
20180702 38900 39490 38020 38580 6016 23389108 3.78 0.77 -0.82 3224 2792 1.15 0.73
20180629 37690 39000 37690 38900 8596 33203393 3.49 1.16 3.68 2453 6143 0.40 1.05
20180628 38100 38690 37060 37520 4842 18372688 4.27 0.55 -1.78 3233 1609 2.01 0.59
20180627 38650 38980 38060 38200 8255 31835471 2.38 1.02 -1.04 4259 3996 1.07 1.00
20180626 37000 38810 37000 38600 9515 36535877 4.80 1.21 2.39 3667 5848 0.63 1.16
20180625 37560 38380 37550 37700 7803 29605745 2.21 1.09 0.40 4677 3126 1.50 0.95
20180622 37600 37900 36520 37550 6722 24939728 3.67 1.07 -0.16 3453 3270 1.06 0.82
20180621 35550 38580 35550 37610 11779 43569729 8.54 2.55 5.94 4075 7704 0.53 1.43
20180620 34400 35800 34000 35500 4657 16405735 5.27 1.04 3.92 2021 2636 0.77 0.57
20180619 35800 36680 33580 34160 8264 29270014 8.54 2.33 -5.84 4616 3649 1.26 1.01
20180615 36010 36690 36010 36280 4394 15939965 1.87 1.33 -0.41 2287 2107 1.09 0.53
20180614 35950 36860 35950 36430 2292 8364044 2.51 0.64 0.36 869 1423 0.61 0.28
20180613 36830 36830 36220 36300 3446 12600547 1.66 1.03 -1.44 2290 1156 1.98 0.42
20180612 36400 36880 36310 36830 4047 14854095 1.57 1.21 1.18 1349 2698 0.50 0.49
20180611 36000 36820 35530 36400 3520 12831655 3.57 1.03 0.83 1486 2034 0.73 0.43
20180608 36330 36330 35690 36100 3266 11761214 1.77 0.96 -0.30 2013 1254 1.61 0.40
20180607 36110 36500 35900 36210 3509 12683054 1.67 0.96 0.58 1795 1714 1.05 0.43
20180606 36200 36250 35690 36000 2445 8810648 1.56 0.54 0.00 1490 955 1.56 0.30
20180605 36000 36430 35660 36000 3966 14312548 2.15 0.87 0.61 2039 1927 1.06 0.48
20180604 34920 36180 34920 35780 3859 13802052 3.61 0.89 2.46 1766 2093 0.84 0.47
20180601 34380 35160 34210 34920 3185 11050574 2.75 0.63 1.22 1281 1904 0.67 0.39
20180531 34350 35240 34350 34500 4792 16540580 2.59 0.95 0.44 3103 1689 1.84 0.58
20180530 35400 35400 34110 34350 6714 23217140 3.63 1.39 -3.24 4402 2312 1.90 0.82
20180529 36010 36190 35480 35500 4295 15410561 1.97 0.91 -1.74 2714 1581 1.72 0.52
20180528 35960 36680 35730 36130 2735 9904851 2.64 0.51 0.47 1470 1265 1.16 0.33
20180525 37000 37090 35950 35960 6816 24766123 3.07 1.45 -3.02 4217 2599 1.62 0.83
20180524 37690 37730 37010 37080 4691 17530568 1.92 1.04 -1.12 2987 1703 1.75 0.57
20180523 38450 38450 37410 37500 5684 21508077 2.71 1.35 -2.34 3747 1937 1.93 0.69
20180522 38350 38430 38000 38400 3737 14265957 1.13 0.80 0.66 1659 2078 0.80 0.45
20180521 37970 38310 37730 38150 5818 22111973 1.53 1.32 0.82 2329 3489 0.67 0.71
20180518 37750 38060 37310 37840 3601 13560527 1.97 0.60 -0.39 2328 1273 1.83 0.44
20180517 37810 38450 37810 37990 3719 14144988 1.69 0.39 0.50 1872 1847 1.01 0.45
20180516 38090 38090 37400 37800 4169 15726962 1.80 0.38 -1.28 2692 1477 1.82 0.51
20180515 38200 38470 37000 38290 6055 22852198 3.85 0.53 0.24 3655 2400 1.52 0.74
20180514 37800 38540 37800 38200 4576 17469369 1.94 0.38 0.00 2560 2017 1.27 0.56
20180511 39160 39700 38090 38200 11640 44964543 4.05 1.08 -3.88 7532 4108 1.83 1.42
20180510 40530 40870 39430 39740 21306 85749050 3.59 2.41 -1.05 12722 8583 1.48 2.59
20180509 38280 41000 38050 40160 11896 46400094 7.71 1.38 4.91 3854 8042 0.48 1.45
20180508 37790 38700 37790 38280 7882 30234750 2.40 0.90 1.16 4381 3501 1.25 0.96
20180507 37170 38210 37170 37840 7071 26716962 2.80 0.81 1.80 3265 3807 0.86 0.86
20180504 36830 37670 36500 37170 5893 21952475 3.16 0.69 0.43 2729 3164 0.86 0.72
20180503 37890 37890 35680 37010 11544 42457286 5.82 1.53 -2.53 6323 5221 1.21 1.40
20180502 38440 39000 36810 37970 10841 41029978 5.51 1.64 -4.38 6011 4831 1.24 1.32
20180427 70000 70100 69110 69500 8220 57222069 1.42 1.42 -0.01 4136 4084 1.01 1.70
20180426 69580 70500 68990 69510 7060 49296227 2.17 1.36 0.00 4009 3051 1.31 1.46
20180425 69500 69980 68860 69510 5227 36285129 1.60 1.05 -0.59 3166 2061 1.54 1.08
20180424 68360 70000 67500 69920 6268 43234334 3.68 1.37 2.94 2803 3465 0.81 1.30
20180423 68510 68990 67100 67920 6296 42898766 2.81 1.59 0.92 3154 3143 1.00 1.30
20180420 68220 69300 67010 67300 4007 27385107 3.33 1.05 -2.04 2228 1779 1.25 0.86
20180419 68000 69600 67730 68700 4097 28234480 2.75 1.08 1.16 2191 1906 1.15 0.88
20180418 67330 68300 66460 67910 4254 28658052 2.77 1.07 2.12 2073 2181 0.95 0.92
20180417 69270 69500 66480 66500 4258 28898470 4.39 0.89 -3.31 2579 1679 1.54 0.92
20180416 70400 70400 68000 68780 3136 21787341 3.43 0.60 -1.69 1728 1408 1.23 0.68
20180413 70500 70500 69650 69960 3347 23434014 1.21 0.59 -0.06 1724 1623 1.06 0.72
20180412 70290 70760 68910 70000 4024 28128803 2.63 0.69 -0.31 2339 1684 1.39 0.87
20180411 70350 70880 69690 70220 5094 35784286 1.69 0.77 -0.26 2891 2203 1.31 1.10
20180410 68280 70690 67930 70400 8332 58091989 4.04 1.28 3.10 3326 5006 0.66 1.79
20180409 67870 68440 66450 68280 5316 35854671 2.94 0.70 0.86 1995 3321 0.60 1.14
20180404 67060 68380 66900 67700 5459 36924405 2.21 0.48 0.89 2591 2868 0.90 1.18
20180403 66580 67460 66430 67100 5060 33791457 1.52 0.41 -0.83 2728 2331 1.17 1.09
20180402 68450 68970 67130 67660 8979 61000298 2.69 0.71 -0.91 5232 3747 1.40 1.93
20180330 67500 69180 67400 68280 7742 52968145 2.63 0.59 1.01 3994 3748 1.07 1.67
20180329 67500 68390 66410 67600 10789 72709948 2.94 0.79 0.21 6212 4578 1.36 2.32
20180328 72130 74300 67300 67460 24737 174148470 9.72 2.47 -6.31 14006 10731 1.31 5.33
20180327 72160 72630 70020 72000 10145 72646165 3.64 1.14 0.49 5454 4691 1.16 2.19
20180326 67850 71990 67850 71650 9829 69334183 6.11 1.31 5.68 4326 5503 0.79 2.12
20180323 68000 68790 65600 67800 10576 71237078 4.59 1.77 -2.46 6239 4337 1.44 2.28
20180322 65400 71900 65400 69510 12755 87658636 9.91 3.16 5.96 5322 7433 0.72 2.75
20180321 64990 67200 64560 65600 6674 44103761 4.06 2.11 0.92 2921 3753 0.78 1.44
20180320 62770 65800 62280 65000 4755 30761238 5.61 1.82 3.52 2232 2523 0.88 1.02
20180319 62580 62880 61850 62790 2792 17427983 1.65 1.02 0.77 1261 1531 0.82 1.49
20180316 62110 63200 62110 62310 2855 17857173 1.73 0.96 -0.87 1704 1150 1.48 1.52
20180315 63800 64320 62270 62860 3108 19704435 3.21 1.16 -1.47 1903 1204 1.58 1.66
20180314 63910 64580 63520 63800 2280 14637778 1.66 0.85 -0.31 1203 1077 1.12 1.22
20180313 64000 64600 63810 64000 2025 12996829 1.22 0.70 -0.76 1191 835 1.43 1.08
20180312 64220 64740 64080 64490 3415 22009507 1.03 1.35 0.17 1807 1608 1.12 1.82
20180309 62800 64400 62540 64380 4024 25599029 2.95 1.75 2.08 1610 2414 0.67 2.15
20180308 62420 63160 62400 63070 1610 10122765 1.22 0.65 1.04 741 869 0.85 0.86
20180307 63700 63700 62300 62420 2346 14751184 2.20 0.74 -2.02 1612 733 2.20 1.25
20180306 63070 63760 62600 63710 3163 19962664 1.84 0.98 0.81 1612 1551 1.04 1.69
20180305 62840 63300 62620 63200 1505 9463722 1.08 0.41 0.62 813 692 1.18 0.80
20180302 62580 63780 62400 62810 2897 18347754 2.19 0.81 -0.38 1561 1336 1.17 1.55
20180301 62310 63370 62310 63050 2517 15845796 1.67 0.70 -0.44 1426 1091 1.31 1.34
20180228 61220 63900 60810 63330 5835 36763975 5.06 2.06 3.65 2525 3310 0.76 3.11
20180227 60750 61550 60550 61100 3443 21054841 1.65 1.22 0.59 1781 1663 1.07 1.84
20180226 59300 60920 59300 60740 3529 21310977 2.72 1.35 2.15 1595 1934 0.82 1.88
20180223 59500 59600 58900 59460 2534 15021247 1.17 0.95 -0.57 1385 1150 1.20 1.35
20180222 59490 59960 58890 59800 2570 15304326 1.80 0.97 0.67 1415 1155 1.23 1.37
20180214 58000 59400 57060 59400 2084 12083975 4.05 0.69 2.86 1198 886 1.35 1.11
20180213 58850 59380 57400 57750 3433 20022791 3.36 1.16 -1.89 2175 1259 1.73 1.83
20180212 57420 59380 57420 58860 2462 14443239 3.41 0.88 2.51 991 1471 0.67 1.31
20180209 57000 58430 56800 57420 2831 16266867 2.76 1.08 -2.76 1671 1160 1.44 1.51
20180208 58630 59780 58340 59050 2459 14564000 2.46 0.79 0.73 1403 1056 1.33 1.31
20180207 61500 61700 56820 58620 3911 23043960 8.22 1.24 -1.30 2390 1521 1.57 2.09
20180206 61170 62880 59000 59390 3109 19007371 6.18 0.95 -5.41 1879 1230 1.53 1.66
20180205 62000 63340 61160 62790 1711 10734263 3.49 0.48 0.46 843 868 0.97 0.91
20180202 62100 62960 61500 62500 1881 11731656 2.34 0.50 0.32 1072 809 1.32 1.00
20180201 65100 65660 62140 62300 4913 31052069 5.38 1.46 -4.73 3271 1642 1.99 2.62
20180131 65800 66360 65000 65390 4152 27303577 2.06 1.24 -1.13 2174 1978 1.10 2.21
20180130 65080 66150 64600 66140 3776 24745467 2.39 1.15 1.89 1351 2425 0.56 2.01
20180129 66090 66150 64600 64910 3283 21438361 2.36 1.01 -1.34 2195 1088 2.02 1.75
20180126 66410 66410 65680 65790 2689 17729073 1.10 0.79 -1.07 1731 958 1.81 1.43
20180125 66050 66820 66050 66500 2897 19289730 1.16 0.68 0.17 1678 1219 1.38 1.54
20180124 66000 66850 65360 66390 4159 27547000 2.25 0.93 0.20 2195 1964 1.12 2.22
20180123 66990 67020 65940 66260 3325 22066483 1.61 0.72 -1.09 2053 1271 1.62 1.77
20180122 66900 67380 66170 66990 3141 20973989 1.81 0.67 0.37 1847 1295 1.43 1.68
20180119 67020 67400 66300 66740 3413 22769735 1.64 0.75 -0.46 2140 1273 1.68 1.82
20180118 66490 68500 66290 67050 7260 48964269 3.34 1.98 1.24 3749 3511 1.07 3.87
20180117 65000 66350 64680 66230 5168 33921087 2.57 1.44 1.89 2282 2886 0.79 2.76
20180116 63960 65700 63900 65000 4175 27215032 2.81 1.25 1.61 2046 2129 0.96 2.23
20180115 64400 65080 63970 63970 3565 23040865 1.72 1.06 -0.67 2097 1468 1.43 1.90
20180112 64990 65360 64350 64400 2584 16745755 1.55 0.61 -0.92 1692 893 1.90 1.38
20180111 64500 65340 63880 65000 2820 18240415 2.27 0.62 1.12 1130 1690 0.67 1.50
20180110 65700 65990 64120 64280 4781 31017103 2.84 1.07 -2.22 2729 2052 1.33 2.55
20180109 65680 66200 65660 65740 2971 19552097 0.82 0.66 -0.09 1413 1558 0.91 1.58
20180108 66700 66870 65410 65800 3646 23990733 2.20 0.87 -0.90 2242 1405 1.60 1.94
20180105 64890 66840 64580 66400 6975 45996740 3.48 2.94 2.33 2555 4420 0.58 3.72
20180104 65380 65600 64700 64890 4469 29059977 1.38 1.32 -0.75 2864 1605 1.78 2.38
20180103 64370 65780 64140 65380 4218 27500566 2.54 1.32 1.35 2208 2010 1.10 2.25
20180102 64500 64590 63720 64510 3175 20403988 1.35 0.99 0.05 1652 1523 1.08 1.69
20171229 64140 64660 64000 64480 2117 13624699 1.03 0.61 0.40 1084 1033 1.05 1.13
20171228 64250 64660 63300 64220 3644 23396397 2.13 0.96 0.38 2272 1372 1.66 1.94
20171227 63140 64570 63000 63980 3803 24259978 2.49 0.99 1.36 1929 1874 1.03 2.03
20171226 62060 63290 61750 63120 3275 20541777 2.48 0.86 1.84 1268 2007 0.63 1.75
20171225 63100 63100 61600 61980 3145 19570039 2.37 0.84 -2.12 2121 1024 2.07 1.68
20171222 62700 63330 61880 63320 3622 22741427 2.32 0.96 1.12 1465 2157 0.68 1.93
20171221 63960 63960 61060 62620 5109 31785459 4.60 1.19 -0.60 2796 2313 1.21 2.72
20171220 64400 64900 62670 63000 4106 26181051 3.46 0.96 -2.33 2600 1506 1.73 2.19
20171219 64000 64900 63700 64500 3062 19751717 1.88 0.67 1.29 1380 1682 0.82 1.63
20171218 64060 64570 63680 63680 2735 17511096 1.38 0.55 -0.92 1862 873 2.13 1.46
20171215 64950 64950 64060 64270 3838 24725330 1.37 0.72 -1.06 2535 1303 1.95 2.05
20171214 66230 66450 64000 64960 7691 49822073 3.69 1.56 -2.08 5126 2565 2.00 4.10
20171213 66030 66420 65880 66340 4021 26587293 0.82 0.71 0.52 2234 1787 1.25 2.14
20171212 67390 67500 66000 66000 4461 29782761 2.23 0.56 -2.00 3270 1191 2.75 2.38
20171211 66880 67350 66150 67350 4822 32354914 1.79 0.43 0.70 2423 2399 1.01 2.57
20171208 66760 67350 65850 66880 5820 38848800 2.26 0.47 0.66 3164 2656 1.19 3.10
20171207 67370 67370 66360 66440 5560 37202524 1.49 0.43 -1.69 3229 2331 1.39 2.97
20171206 66100 67650 65560 67580 7782 51895132 3.16 0.55 2.12 3623 4159 0.87 4.15
20171205 68800 69420 65520 66180 16078 108333490 5.58 1.19 -5.34 9692 6386 1.52 8.57
20171204 75670 75670 69910 69910 21084 151969599 7.42 1.73 -10.00 12104 8981 1.35 11.24
20171201 78300 79700 76810 77680 11041 86109891 3.66 0.77 -1.67 6440 4601 1.40 5.89
20171130 80490 81000 78360 79000 9331 74221197 3.24 0.61 -3.07 5915 3416 1.73 4.98
20171129 80600 82000 78000 81500 12902 102786432 4.96 0.82 1.13 7451 5451 1.37 6.88
20171128 78500 80640 77190 80590 13059 102918952 4.39 0.79 2.66 6822 6237 1.09 6.96
20171127 80010 81000 78180 78500 14583 115964450 3.47 0.96 -3.33 9400 5183 1.81 7.78
20171124 76130 81990 76130 81200 21486 171026913 7.70 1.67 6.66 8805 12681 0.69 11.46
20171123 76120 78950 75380 76130 14120 108895513 4.67 1.16 -0.48 7576 6544 1.16 7.53
20171122 76960 78400 75220 76500 15349 118185374 4.14 1.50 -0.52 8624 6725 1.28 8.19
20171121 72680 76900 72580 76900 17460 131404949 5.90 2.10 5.05 6884 10575 0.65 9.31
20171120 71880 73200 71000 73200 7171 51797001 3.09 0.84 2.74 3408 3763 0.91 3.82
20171117 74440 74590 71050 71250 10400 75364655 4.73 1.23 -4.81 6726 3674 1.83 5.55
20171116 72900 75970 72550 74850 10270 76731431 4.69 1.41 2.62 4709 5561 0.85 5.48
20171115 73440 74200 72040 72940 5934 43386115 2.94 0.78 -0.75 3376 2558 1.32 3.16
20171114 74700 74970 73200 73490 7720 57286669 2.37 1.02 -1.74 4598 3122 1.47 4.12
20171113 74300 74900 73130 74790 8250 61207273 2.40 1.10 1.41 3355 4896 0.69 4.40
20171110 72070 74420 71660 73750 10187 75067714 3.83 1.39 2.29 5044 5143 0.98 5.43
20171109 71440 72180 70820 72100 4340 31149144 1.90 0.47 0.84 1819 2521 0.72 2.31
20171108 72900 72900 71500 71500 7461 53880978 1.93 0.72 -1.43 5408 2053 2.63 3.98
20171107 72280 72580 70810 72540 7631 54574051 2.45 0.66 0.50 4450 3181 1.40 4.07
20171106 72010 72700 71770 72180 7958 57431321 1.29 0.72 0.39 4266 3692 1.16 4.24
20171103 72200 72730 71330 71900 9192 66163681 1.93 0.88 -0.69 5320 3872 1.37 4.90
20171102 71770 73980 71600 72400 14386 104984565 3.31 1.68 0.75 7410 6977 1.06 7.67
20171101 70110 72770 70110 71860 12713 91518364 3.74 1.77 1.03 5943 6771 0.88 6.78
20171031 68850 72000 68800 71130 13352 94571643 4.73 2.71 5.05 5599 7753 0.72 7.12
20171030 69900 70340 67510 67710 5934 40569702 4.05 1.36 -3.13 3665 2269 1.62 3.16
20171027 69900 70760 69710 69900 5667 39781645 1.51 1.55 0.29 2900 2766 1.05 3.02
20171026 69670 70440 69210 69700 5151 35914189 1.77 1.48 0.29 2655 2496 1.06 2.75
20171025 68010 69880 67810 69500 5893 40726303 3.04 2.02 2.21 2227 3666 0.61 3.14
20171024 68230 68580 67560 68000 1995 13549823 1.49 0.64 -0.66 1205 789 1.53 1.06
20171023 68000 68470 67760 68450 3132 21351538 1.04 0.89 0.66 1770 1362 1.30 1.67
20171020 67710 68040 67100 68000 2150 14562723 1.39 0.53 0.86 947 1203 0.79 1.15
20171019 67610 67950 66910 67420 4182 28171472 1.54 1.06 -0.28 2355 1827 1.29 2.23
20171018 68750 69250 67550 67610 3108 21293926 2.46 0.73 -2.01 1926 1182 1.63 1.66
20171017 68200 69470 68000 69000 3052 21009251 2.16 0.66 1.17 1460 1592 0.92 1.63
20171016 70180 70200 68000 68200 5087 35052617 3.14 1.05 -2.64 3159 1928 1.64 2.71
20171013 69000 70200 69000 70050 4913 34307201 1.73 0.97 1.07 2438 2475 0.99 2.62
20171012 69880 70180 69010 69310 3657 25433354 1.68 0.52 -0.55 2283 1374 1.66 1.95
20171011 70250 70260 69680 69690 4600 32170954 0.83 0.64 -0.74 3382 1218 2.78 2.45
20171010 69970 70380 69500 70210 4877 34122662 1.26 0.71 0.33 2592 2284 1.13 2.60
20171009 70780 71000 69600 69980 6065 42499259 2.00 0.89 0.11 3876 2189 1.77 3.23
20170929 69860 70350 69120 69900 6067 42370687 1.77 0.87 0.34 3240 2827 1.15 3.24
20170928 67740 71000 67480 69660 13879 96627802 5.22 2.75 3.35 5453 8426 0.65 7.40
20170927 66420 67830 66360 67400 4826 32494002 2.21 1.00 1.51 2132 2694 0.79 2.57
20170926 66710 67250 66080 66400 3618 24159071 1.76 0.77 -0.39 2126 1492 1.43 1.93
20170925 67500 67810 66660 66660 5646 38009956 1.70 1.27 -1.32 3556 2090 1.70 3.01
20170922 66060 68280 66060 67550 6972 47019969 3.35 1.71 2.07 3099 3873 0.80 3.72
20170921 67200 67200 66180 66180 4133 27603692 1.52 1.06 -1.44 2817 1316 2.14 2.20
20170920 66630 67180 66630 67150 3645 24418027 0.82 0.98 0.49 2076 1569 1.32 1.94
20170919 67020 67450 66670 66820 3233 21658269 1.16 0.77 -0.46 2369 864 2.74 1.72
20170918 67400 67580 66370 67130 4291 28731417 1.79 0.98 -0.50 2863 1428 2.00 2.29
20170915 67200 68300 67150 67470 5086 34455114 1.71 1.17 0.58 2425 2661 0.91 2.71
20170914 66740 67420 66730 67080 3186 21368260 1.03 0.63 0.19 1534 1652 0.93 1.70
20170913 66700 67340 66550 66950 2729 18247094 1.18 0.53 0.39 1306 1423 0.92 1.46
20170912 67690 67960 66450 66690 5624 37801694 2.23 1.16 -1.56 3711 1912 1.94 3.00
20170911 67000 67760 66840 67750 5351 36099456 1.37 1.05 1.24 2127 3225 0.66 2.85
20170908 67550 67770 66800 66920 4778 32128087 1.43 0.89 -1.01 2803 1976 1.42 2.55
20170907 67380 68300 66860 67600 6658 45157797 2.15 1.19 0.81 3030 3628 0.84 3.55
20170906 67050 67550 66510 67060 3310 22199740 1.55 0.46 0.00 1670 1640 1.02 1.77
20170905 67580 67650 66710 67060 4085 27416263 1.39 0.51 -0.93 2282 1803 1.27 2.18
20170904 67200 68380 66800 67690 6536 44326451 2.35 0.79 0.73 3382 3154 1.07 3.49
20170901 67120 67860 66710 67200 6355 42727105 1.71 0.81 0.13 3425 2930 1.17 3.39
20170831 65010 67110 65010 67110 7734 51390873 3.22 1.15 2.96 2814 4920 0.57 4.12
20170830 66880 66910 64980 65180 10940 71799046 2.89 2.22 -2.25 6474 4466 1.45 5.83
20170829 65880 68380 65850 66680 8418 56385984 3.83 2.33 1.06 4332 4086 1.06 4.49
20170828 64410 66660 64410 65980 7869 51708713 3.52 3.14 3.16 3338 4531 0.74 4.20
20170825 63000 64270 62850 63960 4195 26808587 2.26 2.03 1.69 1534 2661 0.58 2.24
20170824 63320 63640 62870 62900 2241 14176183 1.22 1.08 -0.66 1155 1087 1.06 1.20
20170823 63020 63770 63020 63320 1866 11829166 1.18 0.74 -0.06 1035 831 1.25 1.00
20170822 63950 63950 63010 63360 1896 12062092 1.47 0.69 -0.64 1193 704 1.70 1.01
20170821 63080 63880 62600 63770 2337 14875201 2.02 0.83 0.87 944 1393 0.68 1.25
20170818 63110 63390 62740 63220 2013 12673002 1.03 0.69 -0.28 1219 794 1.53 1.07
20170817 63800 63800 63030 63400 2261 14302945 1.21 0.73 -0.16 1319 942 1.40 1.21
20170816 62500 63850 62090 63500 4183 26409879 2.82 1.54 1.76 1448 2735 0.53 2.23
20170815 62000 62510 61730 62400 2909 18110060 1.26 0.92 0.42 1533 1376 1.11 1.55
20170814 61340 62380 61040 62140 2694 16658256 2.20 0.83 2.20 1128 1567 0.72 1.44
20170811 61000 61130 60660 60800 2464 15012480 0.77 0.77 -0.88 1357 1106 1.23 1.31
20170810 61880 62070 61160 61340 3218 19784531 1.47 1.10 -0.87 1732 1486 1.17 1.72
20170809 62120 62120 61650 61880 2257 13944679 0.76 0.75 -0.34 1252 1005 1.25 1.20
20170808 62470 62640 61450 62090 5147 31829749 1.90 1.77 -0.61 3294 1853 1.78 2.75
20170807 62500 63180 62070 62470 3100 19389557 1.77 1.09 -0.46 1581 1519 1.04 1.65
20170804 63390 63390 62740 62760 2202 13860047 1.03 0.76 -1.01 1435 767 1.87 1.17
20170803 62800 63500 62720 63400 1946 12287776 1.24 0.53 0.78 988 959 1.03 1.04
20170802 63400 63490 62850 62910 2734 17232081 1.01 0.79 -0.62 1649 1085 1.52 1.46
20170801 63950 63990 62790 63300 4579 28958302 1.88 1.52 -0.86 2904 1676 1.73 2.44
20170731 63710 64440 63320 63850 2759 17590091 1.75 0.90 0.00 1241 1518 0.82 1.47
20170728 64320 64500 63710 63850 2460 15769809 1.23 0.85 -0.62 1534 926 1.66 1.31
20170727 62970 64700 62660 64250 5666 36216416 3.24 2.50 2.15 2458 3208 0.77 3.02
20170726 63010 63330 62630 62900 1855 11679183 1.11 0.75 -0.63 1116 739 1.51 0.99
20170725 63110 63700 62650 63300 2356 14883334 1.65 0.92 -0.25 1253 1102 1.14 1.26
20170724 63440 63750 62680 63460 2905 18319709 1.69 0.82 -0.06 1567 1339 1.17 1.55
20170721 63700 63850 63170 63500 1773 11237713 1.07 0.47 0.09 1040 732 1.42 0.95
20170720 63500 64440 63130 63440 2432 15541712 2.06 0.63 -0.11 1521 911 1.67 1.30
20170719 62720 63880 62050 63510 2829 17914794 2.92 0.64 1.21 1499 1331 1.13 1.51
20170718 61060 63000 61060 62750 2849 17723979 3.14 0.59 1.70 1611 1238 1.30 1.52
20170717 66500 66500 61000 61700 7915 49988205 8.26 1.74 -7.30 5113 2802 1.82 4.22
20170714 67120 67150 66250 66560 2732 18226511 1.34 0.44 -0.66 1618 1114 1.45 1.46
20170713 67430 67480 66700 67000 3094 20724378 1.16 0.47 -0.67 1773 1321 1.34 1.65
20170712 66880 67590 65300 67450 5526 36685346 3.43 0.88 1.11 2907 2619 1.11 2.95
20170711 67810 67960 66700 66710 4881 32793753 1.86 0.79 -1.49 3327 1554 2.14 2.60
20170710 68680 68920 67300 67720 6556 44645706 2.35 1.16 -1.64 4282 2275 1.88 3.50
20170707 66980 69230 66930 68850 10732 73674828 3.44 2.36 3.10 4722 6010 0.79 5.72
20170706 67450 67800 66030 66780 5303 35443293 2.62 1.27 -1.01 3426 1877 1.83 2.83
20170705 66900 67500 66860 67460 4092 27518700 0.96 1.03 0.76 1474 2618 0.56 2.18
20170704 67410 67890 66760 66950 4372 29411268 1.68 1.06 -0.68 2724 1648 1.65 2.33
20170703 67250 67750 66810 67410 3830 25755281 1.40 0.98 0.10 2421 1409 1.72 2.04
20170630 66680 67800 66680 67340 5158 34765581 1.67 1.43 0.46 2632 2526 1.04 2.75
20170629 66160 67460 66160 67030 3455 23153059 1.97 0.91 1.48 1530 1925 0.79 1.84
20170628 67100 67100 66050 66050 2993 19973082 1.57 0.78 -1.51 1996 997 2.00 1.60
20170627 66290 67330 66100 67060 5265 35240645 1.86 1.46 1.51 2396 2869 0.83 2.81
20170626 65390 66200 64960 66060 2717 17876514 1.90 0.71 1.40 1037 1680 0.62 1.45
20170623 65150 66200 64010 65150 3646 23704999 3.34 0.90 -0.53 2132 1514 1.41 1.94
20170622 66820 66830 65350 65500 4377 28932120 2.22 0.87 -1.71 2838 1540 1.84 2.33
20170621 66120 66660 66120 66640 3155 20924810 0.82 0.55 0.63 1613 1542 1.05 1.68
20170620 66770 67220 66110 66220 4130 27550542 1.66 0.68 -0.70 2352 1778 1.32 2.20
20170619 66680 67000 66300 66690 3822 25487273 1.05 0.59 0.03 1980 1842 1.07 2.04
20170616 67190 67210 66340 66670 4884 32527252 1.30 0.79 -0.74 2898 1986 1.46 2.60
20170615 65450 67710 65450 67170 9060 60584369 3.46 1.63 2.80 3972 5088 0.78 4.83
20170614 64300 66200 64300 65340 6734 44056943 2.94 1.17 1.05 3024 3710 0.82 3.59
20170613 63750 64970 63400 64660 5794 37226335 2.46 1.13 1.43 2793 3002 0.93 3.09
20170612 65720 65720 63580 63750 5852 37531243 3.25 1.21 -3.28 3276 2575 1.27 3.12
20170609 65870 66160 65390 65910 3428 22512238 1.17 0.68 0.03 1777 1652 1.08 1.83
20170608 65860 66440 65730 65890 5965 39411466 1.08 1.28 0.17 3090 2875 1.07 3.18
20170607 64350 66140 64150 65780 7688 50203566 3.09 1.70 2.24 2427 5261 0.46 4.10
20170606 64800 64800 63750 64340 2756 17705004 1.63 0.52 -0.33 1923 833 2.31 1.47
20170605 63900 64920 63900 64550 4412 28429907 1.60 0.80 1.22 2421 1991 1.22 2.35
20170602 61600 64090 60500 63770 4275 26803917 5.79 0.66 2.82 1704 2571 0.66 2.28
20170601 63500 63950 62020 62020 4162 26161439 3.02 0.53 -3.09 3049 1113 2.74 2.22
20170531 65160 65500 64000 64000 7047 45693859 2.36 0.94 0.58 4133 2914 1.42 3.76
20170526 62980 64650 62010 63630 6421 40907759 4.27 0.90 2.91 2779 3641 0.76 3.42
20170525 61000 62160 60060 61830 5628 34377191 3.43 0.82 1.03 2979 2649 1.12 3.00
20170524 61490 61500 58550 61200 9335 55869945 4.80 1.44 -0.47 5409 3926 1.38 4.98
20170523 66010 66590 60830 61490 10685 67998467 8.72 1.90 -6.89 6210 4475 1.39 5.70
20170522 67300 67680 65890 66040 5381 35869215 2.66 0.90 -1.73 3518 1863 1.89 2.87
20170519 68090 68980 66980 67200 4601 31036705 2.94 0.71 -1.13 3217 1384 2.32 2.45
20170518 68340 69000 67800 67970 4498 30713723 1.75 0.51 -0.77 2665 1833 1.45 2.40
20170517 68100 70080 67820 68500 7220 49850159 3.32 0.76 0.53 4403 2817 1.56 3.85
20170516 66360 68150 66180 68140 6385 42921871 2.97 0.66 2.68 2907 3477 0.84 3.41
20170515 68010 68560 66000 66360 7277 48833854 3.76 0.68 -2.43 4779 2498 1.91 3.88
20170512 67460 69180 67110 68010 7073 48263479 3.05 0.59 0.19 3920 3153 1.24 3.77
20170511 70010 70990 65880 67880 16111 109468754 7.14 1.16 -5.20 8788 7323 1.20 8.59
20170510 76000 76500 73470 74600 10421 78821908 3.99 0.79 -1.76 6256 4165 1.50 5.56
20170509 75280 76240 74180 75940 7826 58901843 2.73 0.56 0.73 3694 4133 0.89 4.17
20170508 73600 76950 73230 75390 12251 92077717 5.02 0.89 1.67 5653 6597 0.86 6.53
20170505 75700 75700 73460 74150 12872 95788086 2.96 0.91 -2.06 8243 4629 1.78 6.86
20170504 70850 76620 70620 75710 25857 191215343 8.56 2.31 7.97 10413 15444 0.67 13.79
20170503 70300 70710 69720 70120 7367 51742700 1.41 0.62 -0.26 4115 3251 1.27 3.93
20170502 70380 70970 69960 70300 11259 79272964 1.44 0.92 0.01 7226 4033 1.79 6.00
20170428 69180 70880 69180 70290 11384 79926146 2.46 0.73 1.62 5755 5629 1.02 6.07
20170427 68250 69490 66390 69170 15235 103711598 4.54 0.52 1.33 7675 7560 1.02 8.13
20170426 68250 68850 68010 68260 10614 72631674 1.23 0.38 -0.03 5573 5041 1.11 5.66
20170425 67850 68500 67150 68280 10571 71866935 1.99 0.38 0.63 5106 5465 0.93 5.64
20170424 67900 68560 67030 67850 13216 89767737 2.26 0.47 0.21 7216 6000 1.20 7.05
20170421 68600 69900 67300 67710 28461 195111987 3.60 1.10 -6.22 17096 11365 1.50 15.18
20170420 68170 73820 68170 72200 84900 586603760 7.46 8.45 -4.67 32475 52425 0.62 45.28
20170419 75740 75740 75740 75740 3238 24524612 0.00 0.31 -9.99 - 3238 - 1.73
20170418 93510 94150 84150 84150 8713 77493798 10.70 0.86 -10.00 3172 5541 0.57 4.65
20170417 97000 97010 92200 93500 15592 146425458 4.98 1.74 -3.11 4834 10757 0.45 8.32
20170414 92980 96790 92280 96500 17085 162445941 4.86 1.59 3.99 7636 9450 0.81 9.11
20170413 90970 92980 90970 92800 5633 51935245 2.20 0.47 1.70 2069 3564 0.58 3.00
20170412 91250 91790 87000 91250 5555 50611950 5.26 0.44 0.13 2394 3161 0.76 2.96
20170411 90000 91330 89200 91130 6722 60955211 2.35 0.47 0.58 3239 3483 0.93 3.59
20170410 87220 92090 87200 90600 9793 88275581 5.34 0.67 -1.08 4411 5382 0.82 5.22
20170407 92970 92970 85100 91590 25896 233584252 8.55 2.15 -0.45 14133 11762 1.20 13.81
20170406 92020 92960 90160 92000 11980 109804098 3.01 0.83 -1.03 5804 6175 0.94 6.39
20170405 93000 93860 91250 92960 9168 84928496 2.80 0.58 -0.27 3909 5259 0.74 4.89
20170331 92990 93990 91030 93210 15437 143688907 3.20 1.09 0.79 3869 11569 0.33 8.23
20170330 91420 92770 88020 92480 10722 96937080 5.17 0.67 0.74 5616 5106 1.10 5.72
20170329 93560 93900 90880 91800 12839 118535475 3.20 0.81 -2.63 6563 6276 1.05 6.85
20170328 90660 94850 90010 94280 24105 223729157 5.39 1.60 5.05 8419 15687 0.54 12.86
20170327 87500 89800 86400 89750 16096 141448826 3.87 1.04 2.26 10754 5342 2.01 8.58
20170324 87450 88000 86000 87770 7160 62514534 2.28 0.36 0.05 3739 3421 1.09 3.82
20170323 90500 91650 86050 87730 20010 176475681 6.19 1.07 -2.97 9339 10671 0.88 10.67
20170322 92300 92480 90320 90420 12197 111326914 2.32 0.69 -3.09 7987 4210 1.90 6.51
20170321 91390 94200 89030 93300 19820 181549808 5.65 1.15 1.89 19547 273 71.60 10.57
20170320 91000 91890 89560 91570 17880 162482624 2.54 1.13 -0.10 7171 10709 0.67 9.54
20170317 87840 91870 87510 91660 30843 278666144 4.96 2.48 4.33 9089 21753 0.42 16.45
20170316 86560 87960 86120 87860 12971 113063402 2.13 1.09 1.57 5219 7752 0.67 6.92
20170315 86500 87180 86230 86500 6695 57980985 1.09 0.52 -0.91 3219 3475 0.93 3.57
20170314 86510 87490 85420 87290 17979 155821962 2.38 1.56 0.56 8456 9524 0.89 9.59
20170313 86200 86900 85020 86800 10914 94184434 2.17 0.95 0.40 6516 4397 1.48 5.82
20170310 82470 86650 82000 86450 13690 116656306 5.59 1.28 3.97 6936 6754 1.03 7.30
20170309 84200 84600 81160 83150 10391 85840730 4.12 1.07 -0.50 7012 3379 2.08 5.54
20170308 83100 83940 82250 83570 11466 95201482 2.03 1.19 0.23 6941 4525 1.53 6.12
20170307 81190 83390 80800 83380 11010 90586114 3.19 1.35 2.71 5111 5898 0.87 5.87
20170306 80200 81860 80050 81180 10987 89021055 2.26 1.57 1.42 5433 5555 0.98 5.86
20170303 78000 80140 77500 80040 9815 77934073 3.37 1.63 2.18 4458 5358 0.83 5.23
20170302 78860 79470 77810 78330 5172 40518221 2.11 0.72 -0.63 3176 1996 1.59 2.76
20170301 77320 79800 77050 78830 11234 88293212 3.57 1.90 2.35 5071 6163 0.82 5.99
20170228 76400 77510 76400 77020 3607 27736427 1.45 0.56 0.39 1856 1751 1.06 1.92
20170227 77200 77860 76660 76720 5130 39628907 1.54 0.85 -1.82 3109 2021 1.54 2.74
20170224 78040 78780 77480 78140 4898 38138981 1.67 0.82 0.44 2567 2331 1.10 2.61
20170223 78200 79900 77520 77800 11004 86138342 3.04 2.48 -0.51 5994 5009 1.20 5.87
20170222 76980 78200 76980 78200 4871 37759567 1.58 1.09 1.10 2375 2495 0.95 2.60
20170221 75180 78440 75180 77350 6044 46712805 4.35 1.56 3.26 2842 3202 0.89 3.22
20170220 73930 74960 73010 74910 3403 25339265 2.64 - 1.27 1381 2022 0.68 1.81
20170217 75870 75900 73730 73970 4493 33529619 2.87 1.11 -2.16 2747 1746 1.57 2.40
20170216 75660 76110 75320 75600 3388 25642706 1.04 0.75 -0.45 1832 1555 1.18 1.81
20170215 76700 76840 75610 75940 4957 37770284 1.61 1.14 -0.78 2822 2135 1.32 2.64
20170214 76300 76780 76000 76540 3136 23971863 1.02 0.71 0.29 1741 1396 1.25 1.67
20170213 75480 76790 75250 76320 3902 29760771 2.04 0.86 1.22 1791 2110 0.85 2.08
20170210 76000 76000 75100 75400 4800 36270734 1.19 1.14 -0.66 3118 1682 1.85 2.56
20170209 75320 76140 75320 75900 5796 43961159 1.09 1.55 0.60 3248 2548 1.27 3.09
20170208 74710 75600 74050 75450 4090 30636891 2.06 1.13 0.47 2115 1975 1.07 2.18
20170207 75890 76000 74850 75100 3590 27066559 1.52 1.00 -1.03 1960 1630 1.20 1.91
20170206 74790 75990 74500 75880 4483 33817511 2.00 1.27 1.73 2075 2408 0.86 2.39
20170203 75490 75740 74210 74590 3092 23117321 2.04 0.80 -0.68 1963 1128 1.74 1.65
20170126 74460 75590 74460 75100 3418 25675901 1.52 0.89 0.83 1810 1607 1.13 1.82
20170125 73120 74700 72810 74480 3565 26418670 2.58 0.91 1.86 1537 2028 0.76 1.90
20170124 74790 74790 73080 73120 3383 24893963 2.29 0.75 -2.23 2462 921 2.67 1.80
20170123 74020 75290 74020 74790 4208 31476719 1.72 0.84 1.04 2070 2138 0.97 2.24
20170120 71710 74630 71710 74020 4725 34912499 4.03 0.86 2.10 2146 2579 0.83 2.52
20170119 72390 73780 71050 72500 3391 24581817 3.76 0.60 -0.14 1675 1716 0.98 1.81
20170118 73940 74340 72600 72600 3975 29116541 2.34 0.69 -2.38 2807 1168 2.40 2.12
20170117 72560 75400 71010 74370 6153 45138005 6.04 1.13 2.40 2563 3590 0.71 3.28
20170116 76800 77020 70120 72630 6726 49851526 8.96 1.32 -5.70 3572 3154 1.13 3.59
20170113 79990 79990 76650 77020 7364 57270535 4.18 1.30 -3.64 3942 3422 1.15 3.93
20170112 79800 80980 79800 79930 3928 31522524 1.48 0.62 0.16 1442 2486 0.58 2.09
20170111 82750 83180 79790 79800 4676 37934375 4.13 0.74 -2.71 2485 2192 1.13 2.49
20170110 81150 82790 81150 82020 4499 36998812 2.02 0.72 1.10 1458 3040 0.48 2.40
20170109 80800 82140 80290 81130 5016 40835815 2.30 0.80 0.71 2047 2969 0.69 2.68
20170106 83800 83940 80500 80560 10252 84262593 4.11 2.10 -3.77 6004 4249 1.41 5.47
20170105 86550 86680 83380 83720 7100 60509666 3.81 1.74 -3.27 4872 2228 2.19 3.79
20170104 86160 86800 85300 86550 4728 40735768 1.74 1.22 0.46 2367 2361 1.00 2.52
20170103 85920 86580 85400 86150 4202 36178457 1.38 1.07 0.47 2197 2005 1.10 2.24
20161230 85170 86880 85010 85750 4960 42664874 2.19 1.20 0.59 2151 2809 0.77 2.65
20161229 84600 86160 84530 85250 3421 29233766 1.92 0.81 0.19 1767 1654 1.07 1.82
20161228 84600 85580 84580 85090 3130 26666675 1.18 0.67 0.25 1635 1495 1.09 1.67
20161227 85300 85300 84460 84880 3597 30550309 0.98 0.71 -0.54 2119 1478 1.43 1.92
20161226 83000 85460 82080 85340 4480 37602692 4.03 0.91 1.85 1824 2656 0.69 2.39
20161223 86100 86100 83300 83790 5991.94 50611375.150
20161222 86100 86500 85410 86100 4002.66 34427823.620
20161221 86200 86980 85490 86500 5309.58 45761136.610
20161220 84840 86200 84510 85710 5478.84 46865945.070
20161219 85300 85880 84300 84650 3771.36 31998448.050
20161216 85760 86450 85100 85800 4790.54 41087067.360
20161215 84200 86990 84200 85700 6578.45 56501954.760
20161214 85000 86290 84150 84150 6266.80 53513133.850
20161213 82000 85860 82000 85000 7255.13 61318007.080
20161212 89250 89550 83200 83200 11755.67 101510212.750
20161209 90950 90950 88620 89240 8431.99 75353134.470
20161208 92310 92680 90580 90580 5784.46 52875849.820
20161207 91710 92850 90900 92570 6165.59 56541360.940
20161206 91700 92320 91280 91670 4069.06 37348835.300
20161205 92390 93200 90840 91480 9514.29 87433468.300
20161202 99080 99510 92410 92820 20767.92 197540209.450
20161201 99550 100990 98720 99220 7322.56 73042926.880
20161130 99000 100180 98400 99450 8115.68 80617658.500
20161129 100180 101150 99180 99270 9532.93 95549253.120
20161128 101800 101800 99700 100100 10117.33 101745441.720
20161125 101780 102940 98070 102700 16648.64 167366399.020
20161124 104790 104980 100600 101740 21646.11 221860967.370
20161123 103000 106980 102140 104480 24422.15 255401530.520
20161122 102900 104420 101610 102770 20007.40 206110656.030
20161121 101480 103460 100000 102270 20581.21 209820505.850
20161118 97800 101600 97640 100200 26031.24 261000972.910
20161117 96610 97380 95700 96640 8903.65 85902800.390
20161116 99020 99450 96910 97000 12740.38 124942260.430
20161115 100010 100480 97520 98830 13613.69 134160358.810
20161114 99000 102360 98450 100570 18166.87 183085461.700
20161111 98480 100510 97700 99180 15511.22 153915834.980
20161110 97290 99660 96550 98500 15802.08 155048741.590
20161109 96880 97450 95020 96080 9959.42 96026026.260
20161108 97780 98050 96500 96880 9206.08 89340907.900
20161107 97800 99300 96450 97360 12061.80 117627536.680
20161104 94700 98180 94400 97580 21759.32 210445328.420
20161103 95700 97780 95000 95380 19916.53 192536048.530
20161102 96180 96780 95160 95580 14411.52 138034590.590
20161101 92670 97000 92670 96230 20499.46 195645561.270
20161031 94050 94200 91200 92820 16025.71 148072720.180
20161028 93400 96410 93100 95590 14003.95 132763636.670
20161027 94490 94900 92880 93680 9181.71 86233267.670
20161026 96390 97990 93880 94490 11753.26 111639971.020
20161025 95850 97880 95620 96590 11774.43 114150904.830
20161024 95360 96390 94660 95620 8707.00 83310385.240
20161021 95000 96180 92770 95900 15824.38 149976652.100
20161020 94610 95760 93600 95000 9577.25 90633391.310
20161019 95840 97300 94250 94610 12443.10 119096801.780
20161018 94500 96380 93800 96080 10272.29 97606743.620
20161017 96800 97320 93700 94150 16022.35 152618884.540
20161014 98000 99500 97100 97200 13613.43 133547695.140
20161013 97880 98580 97150 98240 8796.16 86097106.000
20161012 95330 98800 95080 98000 15861.35 154379426.240
20161011 96000 97000 95260 95790 11286.20 108223151.850
20161010 92800 96420 92080 96200 14478.61 136560682.380
20160930 91600 92370 91310 92000 6448.38 59236877.120
20160929 90590 92950 90590 91960 10172.30 93376333.480
20160928 90800 91500 90370 90620 7888.49 71724726.120
20160927 89400 91360 88380 91200 14822.18 132903466.640
20160926 93300 94660 89600 89810 19342.28 178065827.880
20160923 94810 95580 93180 94000 12568.67 118737380.470
20160922 95350 96390 94220 94670 12437.59 118291053.520
20160921 94870 96600 94210 94660 13611.04 129917295.770
20160920 94600 96300 93600 95360 15353.75 145776516.180
20160919 91550 95280 90770 94900 19703.72 184292360.250
20160914 90270 92450 90000 91200 11777.02 107372528.090
20160913 90700 91970 89000 91000 12603.25 113898491.720
20160912 88600 92160 87580 90040 22284.01 200676353.770
20160909 91120 92890 89010 90100 18583.35 168790572.880
20160908 90900 93890 90550 91780 15835.86 145958774.880
20160907 92300 95380 90500 90880 25810.52 240076987.280
20160906 86600 93200 86600 92160 27189.45 247575285.750
20160905 88540 89000 86600 86960 12837.47 112446349.630
20160902 87600 89970 86680 88530 20364.05 179487365.670
20160901 85990 89800 85350 87960 22011.17 194283054.900
20160831 85150 86660 84210 85980 14278.36 121957064.060
20160830 84000 86970 83400 85440 20338.19 174529738.750
20160829 81300 85000 81300 83800 16335.05 136746185.650
20160826 82030 83400 80330 80410 9300.07 76302081.450
20160825 82500 82500 80500 81800 7045.01 57399653.110
20160824 81080 82920 81080 82660 7320.53 60226850.090
20160823 80000 81680 79500 80980 5287.47 42710883.690
20160822 83210 83950 80810 80910 7453.41 61040729.030
20160819 81820 83920 81820 83430 7385.98 61428268.540
20160818 83130 83290 81810 82180 6183.63 50913166.920
20160817 81720 83660 81500 83130 7537.94 62390799.340
20160816 81810 82700 81700 81720 7026.08 57688357.050
20160815 79400 82100 79400 81940 8453.16 68740228.200
20160812 78280 79600 78280 79430 2910.07 23008677.330
20160811 79650 79990 78480 78480 5102.43 40486770.330
20160810 80470 80470 79600 79700 5860.87 46843706.670
20160809 80150 80770 79800 80510 5573.78 44740322.250
20160808 77690 80180 77100 80170 7489.73 59371085.220
20160805 79300 79350 77810 77810 5296.00 41602432.350
20160804 79150 79870 78700 79350 5667.26 44900263.900
20160803 78100 79900 77530 79150 6853.21 54124895.230
20160802 77500 78120 77010 77900 3526.10 27355182.700
20160801 79090 79090 76000 77190 7211.36 55612114.060
20160729 78420 80150 78010 79450 8068.53 63918261.810
20160728 78000 79450 77000 79000 9267.50 72275657.270
20160727 83360 83490 77710 77930 17508.27 139655260.340
20160726 82380 83590 82050 83330 5840.65 48573482.280
20160725 81310 82580 81110 82560 6492.47 53226938.480
20160722 83630 84190 81000 81000 13844.18 114232612.600
20160721 84980 85570 83510 83780 10395.21 87869120.610
20160720 86100 86450 84980 84980 7375.54 63212225.650
20160719 85800 86480 84800 86170 9187.89 78615578.750
20160718 88050 88700 85610 85710 10965.92 95411236.790
20160715 88010 90400 87590 88390 13629.44 121325307.580
20160714 86690 87960 86020 87630 7605.59 66075493.040
20160713 87310 87800 85810 86560 9947.94 86210456.530
20160712 85140 87170 83780 87000 13258.49 113436321.950
20160711 88500 89300 84800 85300 17130.42 148230698.980
20160708 90680 91990 88800 88800 12096.30 108990750.480
20160707 90150 92180 88230 91050 18508.86 167116455.230
20160706 86720 92440 86010 90640 23085.30 207031442.950
20160705 86900 87750 85020 87370 17981.65 155162535.200
20160704 81560 87660 81560 86980 19287.54 164864013.480
20160701 82800 83380 81270 82320 15722.26 129636202.740
20160630 84390 84700 81740 82020 13726.70 113713201.280
20160629 84970 85150 83520 84370 12141.83 102337995.110
20160628 84520 85300 83330 84900 13584.53 114572731.510
20160627 81800 85320 81730 85280 14461.70 121714705.890
20160624 82400 83780 79120 82630 17456.83 143063700.400
20160623 81150 84000 81150 82670 12834.49 106387437.280
20160622 79410 82820 79100 82080 16638.85 136074014.170
20160621 81700 82440 79000 79490 16858.03 136121838.610
20160620 75600 83750 75600 81780 23990.42 193497881.160
20160617 75800 77600 75110 76150 9990.36 76273027.850
20160616 74100 76500 74070 75290 9000.00 67771053.150
20160615 70300 75220 70300 74500 9770.18 72320179.300
20160614 70100 71490 70060 71310 7911.46 56124348.460
20160613 75100 75500 69940 70340 12207.15 89591249.700
20160608 78690 78690 76630 77080 9885.68 76500782.460
20160607 76840 79190 76800 78920 13783.02 107428668.150
20160606 78800 79260 76080 76800 14451.67 111502214.560
20160603 76350 79930 76000 78510 17668.15 138397450.560
20160602 74000 76400 73580 76340 13713.28 102512795.650
20160601 74090 74700 73000 73910 12996.73 96084983.640
20160531 71240 74780 71240 74720 14985.31 110259478.620
20160530 71360 71980 69520 71200 7167.38 50825755.320
20160527 70110 72490 69880 71360 11004.24 78664497.030
20160526 69850 70400 67510 70350 7648.92 52721796.030
20160525 69990 70350 69080 69900 6598.63 46085287.220
20160524 70500 70570 68820 69070 6450.65 44646465.380
20160523 68900 70760 68680 70500 8768.24 61608480.250
20160520 66100 69450 65500 69350 7416.44 50024426.630
20160519 66160 67950 66160 66750 5902.14 39667937.320
20160518 68600 68600 65580 66050 7072.17 47186333.690
20160517 68800 69500 68040 68930 6710.52 46205873.760
20160516 66950 68800 66100 68680 7736.03 52402184.590
20160513 67100 68380 66790 67250 5766.00 38900000
20160512 67600 67600 65500 67390 6935.00 46080000
20160511 69420 69790 67010 67510 7323.00 50480000
20160510 68690 69380 68600 68950 5078.00 35050000
20160509 71780 71780 68510 68590 9410.00 65460000
20160506 75100 75290 71800 71800 14680.00 107940000
20160505 74510 75290 74030 74960 10295.00 76970000
20160504 74000 75490 73620 74480 12689.00 94770000
20160503 72050 74480 70830 74420 14822.00 108570000
20160429 71900 72480 71210 72030 9937.00 71540000
20160428 73620 73970 70140 71850 20254.00 145410000
20160427 74890 75460 73650 73710 20313.00 151200000
20160426 75000 76440 73600 75960 25749.00 193180000
20160425 80980 81470 78210 80000 11118.00 88840000
20160422 78100 81630 78050 81440 11792.00 94010000
20160421 81320 82520 78380 78880 11844.00 95780000
20160420 87100 87490 79000 81340 19650.00 162520000
20160419 87800 88450 85800 86800 11140.00 97110000
20160418 89120 89200 86220 87230 12001.00 104690000
20160415 87130 91180 87130 90280 16979.00 152020000
20160414 86070 87500 85650 87450 12658.00 109840000
20160413 84000 86870 84000 85500 12871.00 110710000
20160412 86390 87190 83000 83900 13367.00 113280000
20160411 84690 87500 84690 87000 13554.00 117040000
20160408 85600 85600 82980 83900 16131.00 135120000
20160407 88300 88800 85680 85880 16042.00 139720000
20160406 84050 88880 84030 88290 20988.00 182110000
20160405 83510 85870 83500 84770 17553.00 148410000
20160401 81900 82980 80140 82980 17177.00 139690000
20160331 78880 83330 78630 82880 24774.00 202520000
20160330 76010 78890 75600 78600 16112.00 124130000
20160329 76300 76450 74500 75260 10392.00 78380000
20160328 76980 78500 75680 76020 13874.00 107120000
20160325 78020 78990 75350 76710 20115.00 154530000
20160324 77900 80760 77000 78420 19221.00 152860000
20160323 77620 79000 77280 78570 13489.00 105490000
20160322 78880 79710 77600 78130 19042.00 149170000
20160321 74520 80740 74520 80700 38131.00 290230000
20160318 72000 75810 71720 75600 14166.00 105560000
20160317 69350 72500 69090 72500 9564.00 67820000
20160316 71440 71880 69150 69300 7104.00 49870000
20160315 72000 72700 70000 71500 8279.00 58910000
20160314 71000 74000 70540 72670 8877.00 64820000
20160311 68000 70510 67630 69820 3723.00 25860000
20160310 71770 72770 69980 69980 6341.00 44930000
20160309 69000 75930 68880 72500 10325.00 74940000
20160308 69000 72280 64000 72280 7788.00 52600000
20160307 68000 70580 67220 68880 6345.00 43960000
20160304 70000 71110 66010 66630 6951.00 47480000
20160303 75000 75000 70500 70700 7851.00 56790000
20160302 65990 72480 65380 72090 9832.00 67630000
20160301 65800 66890 63170 66100 6134.00 40090000
20160229 71900 71900 64720 64730 11066.00 73300000
20160226 73390 73390 71000 71910 5225.00 37590000
20160225 78000 78000 70400 71200 10209.00 75550000
20160224 80720 80820 75650 78150 10135.00 79180000
20160223 82000 83180 79900 80840 8949.00 72870000
20160222 83160 83810 82060 82500 10830.00 89630000
20160219 81800 82770 81000 82350 7418.00 60750000
20160218 82500 84900 80180 82170 12090.00 99440000
20160217 79000 82300 79000 81900 9641.00 78020000
20160216 77500 79990 76520 79700 8416.00 66460000
20160215 74300 77200 73360 76400 5972.00 44900000
20160205 77500 78500 77100 77480 6826.00 53070000
20160204 75100 78880 75100 77500 8534.00 65990000
20160203 74600 75880 72500 75000 7349.00 54310000
20160202 72900 76230 72900 75700 8287.00 62210000
20160201 73690 74800 70700 72910 7834.00 57250000
20160129 70200 75500 67990 74400 10283.00 74360000
20160128 77020 77910 71040 71040 9523.00 70590000
20160127 80840 80840 72670 78930 8943.00 68580000
20160126 86070 86220 78400 78400 9913.00 81090000
20160125 87030 89000 86000 87110 8009.00 70200000
20160122 86010 87480 83750 87030 7405.00 63460000
20160121 86000 89300 84030 84200 8858.00 77430000
20160120 86500 89300 85850 88120 10342.00 91080000
20160119 83500 88470 83010 87490 8742.00 75080000
20160118 79000 85800 78780 84000 9422.00 78440000
20160115 89000 89970 82700 83010 10259.00 87960000
20160114 84000 90120 82520 89730 12114.00 104680000
20160113 93320 94700 85860 86700 10770.00 98040000
20160112 95000 96990 88780 94640 14482.00 134510000
20160111 93000 99150 92030 94840 16180.00 155700000
20160108 92500 96990 88470 95410 14484.00 135280000
20160107 94200 96000 88440 88470 3971.00 36580000
20160106 94680 99000 94040 98250 12183.00 117420000
20160105 85040 94850 85040 94030 16488.00 150970000
20160104 99150 101480 90180 90190 11427.00 107300000
20151231 106800 106800 99880 100200 14305.00 145780000
20151230 107200 108500 102880 105740 10432.00 110290000
20151229 106500 109600 106010 107900 9680.00 104090000
20151228 112890 112900 105500 106070 18633.00 203070000
20151225 119000 119000 112090 113150 22632.00 261340000
20151224 110710 121000 110280 120680 22090.00 260130000
20151223 106150 115600 106150 110500 20114.00 223120000
20151222 105770 107980 104900 106280 7188.00 76350000
20151221 104810 106210 103000 105770 6950.00 72860000
20151218 108300 109700 105110 105770 12761.00 136250000
20151217 104880 110200 104880 109710 15328.00 163860000
20151216 103000 106690 103000 104360 9684.00 101560000
20151215 101210 104500 101210 102160 8917.00 92010000
20151214 97010 101980 97010 101890 8066.00 80060000
20151211 98150 99470 97110 98150 6474.00 63650000
20151210 99970 99970 97200 97860 10636.00 104840000
20151209 103970 104790 98750 99400 14908.00 150240000
20151208 102780 106880 102000 103970 14764.00 154620000
20151207 104490 104490 99880 102000 9820.00 100250000
20151204 105300 107990 103120 103970 14677.00 154890000
20151203 104000 107990 103500 107000 14421.00 153570000
20151202 105530 106860 99080 104790 16981.00 174560000
20151201 111010 116900 102390 106900 26210.00 290510000
20151130 104000 113900 102500 112520 22253.00 238330000
20151127 104610 110000 101400 104000 20036.00 211230000
20151126 106230 112900 105000 106490 21662.00 235490000
20151125 108500 110000 104200 107370 24446.00 262720000
20151124 97800 107370 97800 107370 29213.00 304590000
20151123 99350 102980 96600 97610 19330.00 192390000
20151120 97900 102370 94900 100110 25781.00 254770000
20151119 88500 97360 88500 97360 23013.00 213200000
20151118 94000 95990 88420 88510 18562.00 170580000
20151117 98450 101430 93800 94500 22468.00 219180000
20151116 89800 99500 89100 98200 21515.00 205300000
20151113 101000 102290 93630 93630 31054.00 299570000
20151112 99550 107990 99070 104030 27704.00 284080000
20151111 90090 99550 90090 99550 25140.00 243000000
20151110 90010 91670 88000 90500 20646.00 185690000
20151109 85000 92400 84000 91630 28101.00 249980000
20151106 77990 85400 77230 84900 22922.00 185390000
20151105 77800 79970 76800 77980 23277.00 182150000
20151104 77500 78420 75400 78030 24396.00 187810000
20151103 74980 77480 73500 76400 20167.00 152290000
20151102 69660 80180 69270 74910 28340.00 214620000
20151030 72070 74200 68800 72900 28505.00 203020000
20151029 65600 70180 65500 70180 26602.00 182280000
20151028 62490 66000 62100 63800 18722.00 120860000
20151027 61500 62250 58530 62100 12275.00 74250000
20151026 61510 62890 61400 62000 13678.00 84880000
20151023 59750 61330 59520 61200 12560.00 76020000
20151022 56580 59390 56580 59390 11332.00 66000000
20151021 60400 63080 55710 56480 17836.00 106730000
20151020 59080 60190 58700 60100 10090.00 60210000
20151019 60510 60700 58350 58800 18107.00 107630000
20151016 61280 61500 59580 60900 12763.00 77150000
20151015 58560 60600 58300 60600 13994.00 83490000
20151014 59820 59950 58400 58750 13096.00 77240000
20151013 58270 60880 57960 60010 14472.00 86690000
20151012 56000 59090 55640 58130 16948.00 97470000
20151009 54140 55180 54140 55030 9365.00 51220000
20151008 55000 55980 53910 54450 13943.00 76480000
20150930 52150 53670 51510 52910 10055.00 52980000
20150929 51300 53330 50910 52150 8247.00 42950000
20150928 51080 52500 49870 52350 8121.00 41750000
20150925 52800 54400 50600 50600 13378.00 70380000
20150924 52800 53990 52330 52900 11181.00 59410000
20150923 52000 52690 50970 51950 9769.00 50720000
20150922 50950 53000 50840 52640 13756.00 71260000
20150921 48570 51080 47690 50800 9942.00 49510000
20150918 48000 49000 47230 48680 6794.00 32680000
20150917 48720 50500 47800 47990 13655.00 67000000
20150916 45500 49780 45150 49610 10729.00 50940000
20150915 47500 47870 45000 45250 7790.00 36180000
20150914 53500 53700 48150 48150 10322.00 51760000
20150911 52460 54090 52460 53500 7259.00 38790000
20150910 53370 53970 52800 52920 9830.00 52340000
20150909 52620 55280 52620 54330 16386.00 88430000
20150908 49550 52800 49020 52550 11934.00 60540000
20150907 49080 51000 49040 49520 9713.00 48580000
20150902 44990 52350 43720 48130 16071.00 78330000
20150901 52980 52980 47700 47700 17940.00 89410000
20150831 58440 58440 53000 53000 14492.00 80860000
20150828 54400 58600 54400 58450 24060.00 135680000
20150827 54450 56800 50180 54400 30171.00 160960000
20150826 61940 63200 54270 54400 30283.00 174060000
20150825 62500 66600 60300 60300 7106.00 44520000
20150824 70000 70790 65700 67000 7456.00 49510000
20150821 78420 78420 73000 73000 7454.00 55870000
20150820 82000 83770 78820 79500 6036.00 49080000
20150819 80100 84400 76710 83840 9020.00 72970000
20150818 86000 87000 79190 83980 12781.00 106350000
20150817 81900 88280 78010 87990 24636.00 204290000
20150814 78480 82700 78010 82650 13451.00 109330000
20150813 76980 78580 75910 78020 5963.00 46020000
20150812 79900 80590 77280 77450 6764.00 53540000
20150811 81600 82680 80620 80900 9730.00 79310000
20150810 76810 82580 76110 81780 12042.00 95530000
20150807 74550 76500 74550 76100 6233.00 47270000
20150806 75240 75950 74010 74030 5816.00 43620000
20150805 77000 77500 74970 76700 8951.00 68260000
20150804 73050 77380 73050 77380 9135.00 68750000
20150803 73500 75990 71280 72580 6824.00 50030000
20150731 70510 76990 70510 76990 8729.00 63940000
20150730 76400 79180 73540 73540 10262.00 78630000
20150729 73000 77500 69280 77470 10456.00 75900000
20150728 71890 76980 69350 71500 13871.00 98390000
20150727 83500 86590 77060 77060 11954.00 98190000
20150724 88800 90500 85130 85620 18357.00 162920000
20150723 84000 89890 82020 88980 20792.00 180970000
20150722 83660 85000 82000 83640 11097.00 92780000
20150721 81500 86400 81500 84380 10969.00 92400000
20150720 86800 88390 83800 85230 11880.00 102750000
20150717 83010 88580 81880 87980 17324.00 148450000
20150716 83000 86000 75280 83000 19003.00 154940000
20150715 84880 89990 83590 83590 19953.00 169870000
20150714 89000 96500 85000 92880 38406.00 348970000
20150713 87000 93170 85000 93170 34277.00 306480000
20150710 80000 84700 77400 84700 30806.00 257880000
20150709 64600 77000 64600 77000 21993.00 162540000
20150708 62130 70000 62130 70000 13722.00 88540000
20150707 72000 72000 69030 69030 7639.00 53150000
20150706 91500 91500 75600 76700 23256.00 191270000
20150703 75000 84000 69300 84000 18400.00 138600000
20150702 79300 81800 72000 77000 14730.00 114300000
20150701 82000 88210 75630 79510 18793.00 156060000
20150630 77500 85000 71220 84030 15599.00 122380000
20150629 89000 89880 78670 78670 15523.00 125730000
20150626 95000 95000 87410 87410 12067.00 109080000
20150625 101000 102700 95350 97120 9497.00 94960000
20150624 101000 103300 98680 102270 12570.00 127480000
20150623 96000 101000 92050 100770 11467.00 111810000
20150619 103500 106000 95560 95560 12331.00 123900000
20150618 110600 112980 106000 106000 7985.00 88250000
20150617 108080 110900 105550 110580 8085.00 87520000
20150616 106000 109000 104020 108000 9488.00 101310000
20150615 115730 115950 105910 110000 19005.00 209170000
20150612 122980 123180 116000 117680 13453.00 160220000
20150611 117510 121990 115800 120820 11897.00 143050000
20150610 110000 119990 109000 116510 17633.00 205020000
20150609 108200 116000 108200 112000 13261.00 147840000
20150608 118800 118800 110000 116000 19220.00 219890000
20150605 127000 128730 116150 120000 18304.00 222650000
20150604 117500 130000 109000 124350 28684.00 349310000
20150603 121000 127680 117400 118990 18282.00 222570000
20150602 112180 123230 108000 123000 31502.00 363090000
20150601 114880 116450 109000 112920 21536.00 242220000
20150529 109700 122990 103600 115020 35590.00 400120000
20150528 125000 133070 115110 115110 43672.00 564270000
20150527 111700 120970 109000 120970 25739.00 302270000
20150526 105000 110010 103930 109970 20332.00 219520000
20150525 99300 107500 98000 105070 19301.00 199810000
20150522 98660 103000 95820 101450 18761.00 185860000
20150521 96580 98990 95200 98200 13725.00 133090000
20150520 99240 101880 97100 97400 21779.00 216650000
20150519 103000 105500 96500 99200 22146.00 220400000
20150518 95500 103310 94550 102610 22651.00 226310000
20150515 93000 98550 91050 96040 22719.00 215630000
20150514 85380 95190 85100 95070 28348.00 257430000
20150513 81000 88900 80050 86610 26793.00 229450000
20150512 82520 85000 80510 83030 20890.00 172090000
20150511 77400 83600 76780 83000 20695.00 166570000
20150508 74600 77700 74220 77450 18934.00 142520000
20150507 77550 77550 70000 73900 14861.00 109760000
20150506 78020 79860 76600 77500 10930.00 85770000
20150505 77000 79800 77000 77630 10957.00 85480000
20150504 79450 79450 77080 77340 12062.00 93860000
20150430 81140 83860 79520 79530 19625.00 160430000
20150429 78200 84880 77110 82750 26281.00 214630000
20150428 76600 78900 75320 78300 20100.00 155300000
20150427 75820 78500 75560 77000 19933.00 153030000
20150424 71200 78990 70550 76960 34668.00 261830000
20150423 71910 72320 68500 72000 11356.00 80520000
20150422 71100 72480 70980 72350 11155.00 80240000
20150421 67300 71940 67300 71680 13489.00 94640000
20150420 70920 71500 67180 67180 14212.00 98940000
20150417 72600 73460 70780 71410 11443.00 82100000
20150416 72380 74580 70010 71500 15052.00 108610000
20150415 77100 77100 72110 72780 16536.00 123280000
20150414 74920 78500 74000 77000 19819.00 151100000
20150413 72650 75670 72450 75020 21580.00 160720000
20150410 72100 74900 71340 72900 19642.00 143500000
20150409 68210 75460 64810 73500 40171.00 279250000
20150408 69990 70300 66610 68730 29133.00 199040000
20150407 65610 71150 65610 69730 37068.00 254300000
20150403 63030 66450 63030 66430 37761.00 243580000
20150402 64500 66600 62720 64730 38953.00 250880000
20150401 61390 62680 61390 62480 31964.00 198390000
20150331 60220 64580 60220 61690 49062.00 307120000
20150330 60200 62190 59810 60280 52306.00 317070000
20150327 62430 62430 58200 62430 80267.00 487860000
20150326 56750 56750 56750 56750 660.00 3740000
20150325 51590 51590 51590 51590 165.00 850000
20150324 46900 46900 46900 46900 77.00 360000
20150323 42640 42640 42640 42640 40.00 170000
20150320 35530 38760 35530 38760 227.00 870000
