20200203 14450 14450 14450 14450 1108 1601060 0.00 0.13 -10.02 - 1108 - 0.05
20200123 16370 16370 16030 16060 5922 9539923 2.05 0.62 -2.96 3955 1967 2.01 0.29
20200122 16250 16550 16040 16550 10633 17240786 3.12 1.13 1.10 4272 6361 0.67 0.52
20200121 16510 16600 16219 16370 8660 14198000
20200120 16440 16610 16310 16510 5940 9792324 1.82 0.39 0.12 3092 2848 1.09 0.29
20200117 16600 16680 16370 16490 12308 20277683 1.87 0.60 -0.72 6668 5640 1.18 0.61
20200116 16680 16860 16530 16610 10422 17440172 1.98 0.34 -0.42 6141 4281 1.43 0.51
20200115 16700 16780 16570 16680 9838 16392474 1.25 0.29 -0.60 4297 5541 0.78 0.48
20200114 16890 16930 16610 16780 18702 31350610 1.88 0.55 -1.29 9535 9167 1.04 0.92
20200113 17000 17090 16690 17000 24506 41271064 2.34 0.74 -0.53 13363 11143 1.20 1.21
20200110 17060 17260 16740 17090 39718 67626020 3.04 1.30 0.00 18573 21145 0.88 1.96
20200109 16330 17240 16290 17090 60399 101314157 5.80 2.63 4.40 24088 36311 0.66 2.98
20200108 16180 16480 16000 16370 26876 43478471 2.96 1.36 0.86 14221 12655 1.12 1.32
20200107 16170 16300 16090 16230 19901 32223000
20200106 16260 16370 16150 16230 19155 31132196 1.34 1.11 -1.04 8922 10233 0.87 0.94
20200103 16400 16520 16240 16400 26069 42653143 1.71 1.93 -0.06 8811 17258 0.51 1.28
20200102 16390 16670 16280 16410 22788 37398358 2.40 2.05 0.92 10381 12407 0.84 1.12
20191231 16370 16400 16240 16260 11183 18212149 0.97 0.79 -1.03 6261 4922 1.27 0.55
20191230 16530 16560 16240 16430 12505 20456996 1.94 0.84 -0.60 6333 6172 1.03 0.62
20191227 16700 16750 16520 16530 13567 22560478 1.38 0.92 -1.02 4367 9200 0.47 0.67
20191226 16590 16790 16520 16700 7501 12509589 1.63 0.43 0.66 4199 3302 1.27 0.37
20191225 16620 16880 16460 16590 10726 17879469 2.53 0.50 -0.12 3484 7242 0.48 0.53
20191224 16300 16770 16250 16610 26334 43724541 3.16 1.27 0.91 3997 22338 0.18 1.30
20191223 16580 16600 16450 16460 16206 26806842 0.90 0.72 -0.72 5439 10767 0.51 0.80
20191220 16600 16700 16560 16580 12782 21245868 0.84 0.54 -0.12 3270 9512 0.34 0.63
20191219 16810 16870 16600 16600 20298 33958945 1.61 0.89 -1.19 9215 11083 0.83 1.00
20191218 16940 16970 16750 16800 31752 53562336 1.30 1.59 -0.71 9342 22410 0.42 1.56
20191217 17000 17100 16780 16920 22999 38854721 1.89 1.13 -0.18 9766 13233 0.74 1.13
20191216 17200 17200 16710 16950 24295 41196767 2.87 1.22 -0.59 8765 15530 0.56 1.20
20191213 16700 17200 16690 17050 18547 31603149 3.05 0.85 1.85 9327 9220 1.01 0.91
20191212 16800 16950 16430 16740 15820 26390820 3.11 0.75 0.00 7928 7892 1.00 0.78
20191211 17080 17150 16660 16740 18173 30522770 2.88 0.96 -1.47 8772 9401 0.93 0.90
20191210 18200 18200 16970 16990 24517 42326000
20191209 17310 17870 17080 17820 22909 40217886 4.59 1.66 3.42 9613 13296 0.72 1.13
20191206 16810 17260 16650 17230 28327 48392077 3.63 2.60 2.50 15738 12589 1.25 1.40
20191205 17300 17300 16660 16810 11337 19124336 3.81 1.18 0.12 4133 7204 0.57 0.56
20191204 16810 16890 16560 16790 7731 12926548 1.96 0.76 -0.12 3412 4320 0.79 0.38
20191203 16500 17050 16480 16810 7649 12854906 3.39 0.66 -0.06 2616 5033 0.52 0.38
20191202 17320 17320 16600 16820 14138 23921573 4.36 1.20 1.82 4624 9514 0.49 0.70
20191129 16370 16740 16300 16520 13667 22598792 2.68 1.28 0.61 7119 6548 1.09 0.67
20191128 16380 16470 16270 16420 4911 8033351 1.22 0.44 -0.18 2171 2740 0.79 0.24
20191127 16420 16570 16290 16450 10246 16821856 1.69 0.97 -0.54 4337 5909 0.73 0.50
20191126 16420 17800 16420 16540 15366 25684316 8.38 1.81 0.43 4409 10957 0.40 0.76
20191125 16400 16560 16200 16470 14963 24615551 2.18 1.59 -0.06 4042 10921 0.37 0.74
20191122 16440 16600 16300 16480 7998 13169227 1.82 0.77 0.18 2501 5497 0.45 0.39
20191121 16290 16540 16270 16450 7029 11534317 1.64 0.69 0.12 2506 4523 0.55 0.35
20191120 16400 16490 16270 16430 7483 12248956 1.34 0.72 -0.06 2621 4862 0.54 0.37
20191119 16320 16560 16320 16440 4866 7999260 1.45 0.33 -0.54 2290 2576 0.89 0.24
20191118 16250 16560 16210 16530 19542 32022290 2.13 1.66 0.61 2893 16650 0.17 0.96
20191115 16350 16580 16230 16430 12939 21198824 2.12 1.13 -0.30 4392 8547 0.51 0.64
20191114 16620 16750 16270 16480 6160 10150370 2.86 0.54 -1.79 3080 3080 1.00 0.30
20191113 17250 17250 16470 16780 8420 14136771 4.56 0.72 -1.87 5890 2530 2.33 0.41
20191112 16430 17240 16310 17100 26411 44791682 5.66 2.86 4.08 13446 12965 1.04 1.30
20191111 16310 16440 16150 16430 5003 8152401 1.76 0.42 -0.06 2441 2562 0.95 0.25
20191108 16450 16550 16210 16440 11009 18024279 2.07 0.95 -0.12 6880 4129 1.67 0.54
20191107 16550 16580 16350 16460 6687 10983490 1.39 0.44 -0.54 3710 2977 1.25 0.33
20191106 16700 16860 16300 16550 9276 15338335 3.33 0.58 -1.61 4998 4278 1.17 0.46
20191105 16900 17080 16250 16820 14163 23694209 4.90 0.96 -0.65 5474 8689 0.63 0.70
20191104 17050 17450 16420 16930 18168 30973087 6.20 1.44 1.87 8276 9892 0.84 0.90
20191101 16910 17200 16380 16620 9901 16376694 4.83 0.86 -2.00 6903 2998 2.30 0.49
20191031 16330 18130 16300 16960 24260 41312356 11.10 2.50 2.91 11310 12950 0.87 1.20
20191030 16400 16750 16020 16480 12806 20910136 4.38 1.40 -1.08 6154 6652 0.93 0.63
20191029 16870 16870 16450 16660 8374 13947813 2.50 0.87 -0.89 3708 4666 0.79 0.41
20191028 16700 16850 16600 16810 7802 13064133 1.50 0.78 0.72 2640 5162 0.51 0.38
20191025 16680 16700 16500 16690 4494 7464511 1.20 0.42 0.00 1951 2543 0.77 0.22
20191024 16550 16800 16240 16690 15006 24780732 3.36 1.51 0.12 7099 7907 0.90 0.74
20191023 16800 16950 16670 16670 10154 17038823 1.67 0.97 -0.60 3557 6597 0.54 0.50
20191022 16750 16900 16610 16770 10778 18098405 1.73 0.82 0.06 4127 6651 0.62 0.53
20191021 16430 16790 16410 16760 9497 15791634 2.29 0.64 0.96 4089 5408 0.76 0.47
20191018 16480 16750 16410 16600 7776 12888205 2.06 0.52 0.36 4226 3550 1.19 0.38
20191017 16680 16750 16510 16540 11368 18855687 1.45 0.80 -0.12 8665 2703 3.21 0.56
20191016 16700 16780 16450 16560 12834 21277216 1.98 0.87 -0.54 7251 5583 1.30 0.63
20191015 17500 17500 16650 16650 23987 40401235 4.82 1.95 -5.56 12100 11887 1.02 1.18
20191014 17780 18000 17600 17630 18201 32398266 2.23 1.53 -1.73 10286 7915 1.30 0.90
20191011 17930 18050 17830 17940 8876 15951290 1.23 0.66 0.06 3996 4880 0.82 0.44
20191010 17930 18040 17730 17930 7156 12761125 1.73 0.50 0.00 4238 2918 1.45 0.35
20191009 18350 18350 17850 17930 15123 27245000
20191008 18470 18780 17900 18510 12087 22062513 4.75 0.64 0.00 6664 5423 1.23 0.60
20190930 18840 19270 18180 18510 16315 30298743 5.78 0.77 -1.86 4834 11481 0.42 0.80
20190927 19500 19500 18750 18860 16249 30776704 3.93 0.77 -1.20 9585 6664 1.44 0.80
20190926 19670 19680 18800 19090 12485 23948842 4.55 0.56 -1.39 7891 4594 1.72 0.62
20190925 19520 19700 19200 19360 22195 43073000
20190924 19330 19580 19120 19390 27694 53712435 2.40 1.52 1.04 13550 14144 0.96 1.36
20190923 18900 19300 18600 19190 27618 52482034 3.73 1.66 2.35 10902 16716 0.65 1.36
20190920 18690 18920 18550 18750 15260 28718158 1.98 0.95 0.27 5781 9479 0.61 0.75
20190919 18300 18770 18060 18700 17795 32887449 3.93 0.93 3.60 5630 12165 0.46 0.88
20190918 18070 18220 18010 18050 12310 22311511 1.16 0.49 -0.11 3150 9160 0.34 0.61
20190917 18300 18390 18030 18070 18249 33169290 1.97 0.64 -1.26 3737 14512 0.26 0.90
20190916 18370 18880 18000 18300 19378 35461237 4.79 0.68 -0.38 3242 16136 0.20 0.95
20190912 18300 18470 18060 18370 12686 23170666 2.22 0.42 -0.38 5852 6834 0.86 0.63
20190911 18500 18570 17960 18440 33217 60450000
20190910 19300 19300 18470 18580 41271 77734653 4.31 1.86 -3.43 15533 25738 0.60 2.03
20190909 18660 19400 18480 19240 36326 69375333 4.94 2.03 3.27 10393 25934 0.40 1.79
20190906 18430 18780 18290 18630 19652 36550761 2.66 1.20 1.19 10308 9344 1.10 0.97
20190905 18740 18960 18400 18410 20982 39016065 3.00 1.40 -1.39 12437 8545 1.46 1.03
20190904 18580 18690 18270 18670 17710 32741208 2.26 1.13 0.48 10258 7452 1.38 0.87
20190903 18950 18990 18410 18580 16524 30687000
20190902 19000 19160 18730 18830 14808 28112000
20190830 19150 19390 18670 19000 11956 22677196 3.78 0.62 -0.16 7734 4222 1.83 0.59
20190829 19230 19230 18800 19030 14119 26751493 2.27 0.73 0.32 7650 6469 1.18 0.70
20190828 19140 19500 18760 18970 20694 39617530 3.88 1.02 -0.47 11950 8744 1.37 1.02
20190827 18310 19190 18050 19060 27042 51174359 6.26 1.37 4.61 10060 16982 0.59 1.33
20190826 18470 18700 17960 18220 15345 27959814 3.98 0.65 -1.94 9373 5972 1.57 0.76
20190823 18900 19070 18470 18580 19869 37262635 3.18 0.82 -1.43 6048 13821 0.44 0.95
20190822 18950 19170 18720 18850 13762 26034622 2.39 0.53 -0.05 6206 7556 0.82 0.66
20190821 18900 19180 18700 18860 25186 47600436 2.54 0.88 -0.16 8414 16772 0.50 1.21
20190820 18780 19190 18670 18890 24715 46753241 2.76 0.86 0.27 9905 14811 0.67 1.19
20190819 18510 18960 18280 18840 34096 63625760 3.73 1.14 3.23 10394 23702 0.44 1.64
20190816 18530 18560 18100 18250 23189 42736849 2.52 0.84 0.00 7556 15633 0.48 1.11
20190815 17810 18500 17810 18250 23190 42244058 3.73 0.90 -1.30 7269 15921 0.46 1.11
20190814 18700 18750 18310 18490 37382 69395115 2.36 1.77 -0.64 9890 27492 0.36 1.80
20190813 18520 18820 18310 18610 26636 49414983 2.75 1.41 0.49 12693 13943 0.91 1.28
20190812 17780 18560 17350 18520 39214 70989000
20190809 17980 18170 17650 17800 11308 20242026 2.90 0.83 -0.84 4771 6537 0.73 0.54
20190808 17800 18180 17610 17950 14479 26024330 3.20 1.24 0.73 6418 8061 0.80 0.70
20190807 17700 18100 17670 17820 14109 25330161 2.41 1.33 0.06 4830 9279 0.52 0.68
20190806 17670 18120 16180 17810 15190 26763384 10.79 1.47 -0.95 7168 8022 0.89 0.73
20190805 17900 18250 17650 17980 18520 33481030 3.37 1.96 0.90 8082 10438 0.77 0.89
20190802 17650 17920 17300 17820 5542 9828588 3.48 0.47 0.00 2134 3408 0.63 0.27
20190801 17920 17920 17700 17820 5155 9181362 1.23 0.40 -0.56 2775 2380 1.17 0.25
20190731 17970 18060 17720 17920 8728 15600625 1.89 0.59 -0.22 3658 5070 0.72 0.42
20190730 18080 18080 17820 17960 13554 24352527 1.45 0.91 0.06 2898 10656 0.27 0.65
20190729 18000 18020 17710 17950 14168 25402688 1.74 0.70 0.79 3788 10380 0.36 0.68
20190726 17570 18100 17450 17810 17257 30562069 3.72 0.88 2.00 4997 12260 0.41 0.83
20190725 17300 17480 17070 17460 10925 18959422 2.37 0.59 0.87 2583 8342 0.31 0.52
20190724 17010 17580 17010 17310 18102 31354017 3.30 1.13 0.29 7967 10135 0.79 0.87
20190723 17600 17690 16850 17260 14420 24996561 4.82 0.98 -0.92 6472 7948 0.81 0.69
20190722 18170 18180 16500 17420 41210 71768225 9.25 5.35 -4.13 22878 18332 1.25 1.98
20190719 17920 18280 17800 18170 13020 23528497 2.66 1.92 0.66 5503 7517 0.73 0.63
20190718 17990 18160 17570 18050 6284 11166176 3.27 1.02 0.17 3137 3147 1.00 0.30
20190717 18020 18190 17840 18020 4835 8701653 1.94 0.81 -0.06 2571 2264 1.14 0.23
20190716 17520 18280 17520 18030 8145 14607899 4.31 1.50 2.21 2660 5485 0.48 0.39
20190715 17830 17830 17370 17710 6233 10985789 2.61 0.99 0.45 3308 2925 1.13 0.30
20190712 17780 18100 17630 17630 8439 15095449 2.62 1.37 -1.56 6383 2056 3.10 0.41
20190711 17830 17950 17640 17910 3083 5507487 1.74 0.49 0.34 1698 1385 1.23 0.15
20190710 17630 17880 17480 17850 4045 7147287 2.27 0.66 1.13 2066 1979 1.04 0.19
20190709 17490 17760 17350 17650 5385 9458703 2.30 0.89 -1.12 3419 1966 1.74 0.26
20190708 18480 18500 17770 17850 10546 19074904 4.06 1.99 -0.67 6148 4398 1.40 0.51
20190705 17520 18120 17500 17970 7655 13627210 3.51 1.49 1.64 3084 4571 0.67 0.37
20190704 17830 17930 17550 17680 3659 6477770 2.13 0.56 -0.84 1839 1820 1.01 0.18
20190703 17970 17970 17690 17830 3396 6035988 1.56 0.44 -0.94 2114 1282 1.65 0.16
20190702 18190 18190 17820 18000 5042 9042009 2.04 0.57 -0.72 2787 2255 1.24 0.24
20190701 18150 18250 17980 18130 6689 12129559 1.51 0.74 1.06 3429 3260 1.05 0.32
20190628 18000 18180 17600 17940 6839 12212226 3.22 0.71 -0.33 3698 3141 1.18 0.33
20190627 18340 18390 17990 18000 10587 19226746 2.20 1.01 -0.88 5280 5307 0.99 0.51
20190626 18010 18430 17960 18160 9612 17511150 2.59 0.96 0.00 4547 5065 0.90 0.46
20190625 17640 18240 17370 18160 10685 19081948 4.88 1.19 1.97 5515 5170 1.07 0.51
20190624 17850 18050 17560 17810 7390 13073283 2.75 0.81 -0.22 4833 2557 1.89 0.35
20190621 18090 18090 17620 17850 10184 18119162 2.64 1.11 0.45 5011 5173 0.97 0.49
20190620 17480 17970 17270 17770 14448 25522485 4.00 1.73 1.66 6653 7795 0.85 0.69
20190619 17480 17540 17340 17480 7532 13126304 1.16 0.88 1.63 3276 4256 0.77 0.36
20190618 17530 17530 16900 17200 5506 9418089 3.66 0.44 -0.06 3219 2287 1.41 0.26
20190617 16850 17430 16850 17210 8069 13936105 3.43 0.51 1.83 3990 4079 0.98 0.39
20190614 17500 17500 16790 16900 10507 17950346 4.07 0.63 -3.15 6316 4191 1.51 0.50
20190613 17360 17660 17270 17450 10065 17518124 2.25 0.61 0.46 5612 4453 1.26 0.48
20190612 17560 17560 17350 17370 8651 15104755 1.20 0.50 -1.14 4388 4263 1.03 0.42
20190611 16100 17680 16100 17570 25928 45077047 9.38 1.89 4.27 12222 13706 0.89 1.25
20190610 15510 16890 15420 16850 24525 40123884 8.59 2.30 -1.58 8649 15876 0.54 1.18
20190606 17210 17340 16630 17120 14585 25006644 4.12 1.24 -0.58 9224 5361 1.72 0.70
20190605 17170 17290 16950 17220 8583 14692029 1.98 0.72 0.29 3620 4963 0.73 0.41
20190604 16950 17190 16820 17170 12951 22038987 2.18 1.12 1.18 3655 9295 0.39 0.62
20190603 17100 17260 16880 16970 8047 13703242 2.23 0.63 -0.24 2691 5356 0.50 0.39
20190531 17250 17470 16940 17010 9234 15816943 3.08 0.71 -1.10 5582 3652 1.53 0.44
20190530 16800 17200 16800 17200 20141 34369774 2.36 1.89 1.42 5619 14522 0.39 0.97
20190529 16800 16990 16800 16960 8951 15136000
20190528 17010 17010 16800 16950 11506 19492223 1.23 1.05 -0.41 4861 6645 0.73 0.55
20190527 16720 17020 16530 17020 14480 24469071 2.93 1.55 1.86 4384 10096 0.43 0.70
20190524 16490 16850 16200 16710 10175 16716799 3.93 1.03 1.09 4885 5290 0.92 0.49
20190523 16650 16890 16440 16530 8232 13698863 2.70 0.81 -0.72 3112 5120 0.61 0.40
20190522 16740 17050 16520 16650 12931 21766497 3.19 1.20 0.06 5590 7342 0.76 0.62
20190521 16420 16700 16270 16640 8948 14837126 2.64 0.79 2.27 3466 5482 0.63 0.43
20190520 15820 16280 15650 16270 6305 10081179 3.94 0.57 1.81 2424 3881 0.62 0.30
20190517 16300 16400 15850 15980 12991 20829476 3.37 1.29 -2.02 5530 7461 0.74 0.62
20190516 16160 16400 16150 16310 9602 15628162 1.53 1.00 -0.49 4681 4921 0.95 0.46
20190515 16110 16750 16110 16390 15900 26164820 3.99 2.04 2.05 7452 8448 0.88 0.76
20190514 15410 16060 15130 16060 11539 18151319 5.96 1.46 2.95 4380 7159 0.61 0.55
20190513 15540 15730 15360 15600 5684 8838451 2.38 0.54 0.39 2388 3296 0.72 0.27
20190510 15610 15760 15010 15540 7613 11778630 4.92 0.70 1.97 4081 3532 1.16 0.37
20190509 15170 15410 15170 15240 7450 11383728 1.56 0.61 -0.65 4916 2534 1.94 0.36
20190508 15330 15490 15050 15340 6639 10194433 2.85 0.49 -0.71 2528 4111 0.61 0.32
20190507 15290 15520 15140 15450 12089 18524586 2.49 0.86 1.05 5235 6854 0.76 0.58
20190506 15500 15920 14800 15290 18641 28707819 6.87 1.50 -6.20 9244 9397 0.98 0.90
20190430 16010 16410 16010 16300 9549 15557052 2.47 0.66 0.62 4209 5340 0.79 0.46
20190429 16200 16350 16030 16200 14580 23655885 1.97 1.00 -0.49 8268 6312 1.31 0.70
20190426 16420 16490 16120 16280 13032 21180172 2.25 0.95 -0.85 7203 5829 1.24 0.63
20190425 16970 17150 16410 16420 14230 23931076 4.36 0.93 -3.30 8895 5335 1.67 0.68
20190424 16900 16980 16770 16980 10701 18068444 1.24 0.65 0.65 4435 6266 0.71 0.51
20190423 17310 17380 16840 16870 19549 33517123 3.12 1.24 -2.43 13953 5596 2.49 0.94
20190422 17580 17690 17270 17290 15281 26681699 2.39 0.83 -1.65 10611 4670 2.27 0.73
20190419 17480 17600 17330 17580 9152 15998215 1.54 0.45 0.57 5132 4020 1.28 0.44
20190418 17550 17730 17380 17480 21497 37707533 1.99 1.05 -0.57 10729 10768 1.00 1.03
20190417 17670 17720 17480 17580 16799 29560609 1.36 0.81 -0.57 9726 7073 1.38 0.81
20190416 17360 17710 17090 17680 16193 28125605 3.58 0.73 2.14 8547 7646 1.12 0.78
20190415 17470 17760 17240 17310 28800 50339966 3.00 1.27 -0.12 16009 12791 1.25 1.38
20190412 17400 17540 17200 17330 18213 31564809 1.94 0.74 -0.97 11533 6680 1.73 0.87
20190411 17800 17950 17500 17500 22647 40152010 2.53 0.64 -1.46 13777 8870 1.55 1.09
20190410 17900 18050 17630 17760 17614 31278236 2.33 0.47 -1.33 10728 6886 1.56 0.85
20190409 18250 18260 17880 18000 22913 41256216 2.08 0.56 -1.37 14966 7947 1.88 1.10
20190408 18200 18510 17750 18250 31963 58127942 4.19 0.79 0.72 18126 13837 1.31 1.54
20190404 18350 18360 17930 18120 27706 50118465 2.35 0.67 -1.04 17164 10542 1.63 1.33
20190403 17680 18480 17550 18310 77111 139158435 5.25 2.25 3.33 29542 47569 0.62 3.70
20190402 17790 17880 17620 17720 28926 51274123 1.46 0.66 -0.39 16725 12201 1.37 1.39
20190401 17440 17910 17370 17790 37917 66958870 3.10 0.85 2.18 20062 17855 1.12 1.82
20190329 17250 17470 16660 17410 30166 51648119 4.70 0.66 1.10 15702 14464 1.09 1.45
20190328 17800 17840 17200 17220 33046 57764914 3.57 0.61 -4.01 20151 12895 1.56 1.59
20190327 18490 18570 17600 17940 41468 74142008 5.25 0.63 -2.97 25529 15939 1.60 1.99
20190326 19820 19820 18110 18490 77889 146699414 9.40 1.39 1.65 45215 32674 1.38 3.74
20190325 17900 18480 17800 18190 39192 71247285 3.75 0.76 0.22 20022 19170 1.04 1.88
20190322 18070 18280 17790 18150 38486 69419126 2.70 0.80 -0.11 21040 17446 1.21 1.85
20190321 17750 18570 17570 18170 74315 134021392 5.58 2.04 1.40 39052 35263 1.11 3.57
20190320 17800 18900 17530 17920 101704 183756961 7.93 4.81 3.70 51705 49999 1.03 4.89
20190319 17000 17330 16890 17280 27462 47062818 2.59 1.25 1.53 10630 16832 0.63 1.32
20190318 16810 17040 16700 17020 14776 24968909 2.02 0.62 1.01 7361 7415 0.99 0.71
20190315 16440 17060 16440 16850 21751 36443843 3.78 0.83 2.68 9863 11888 0.83 1.04
20190314 16940 16960 16300 16410 16700 27664424 3.86 0.48 -3.92 9868 6832 1.44 0.80
20190313 17180 17250 16660 17080 25056 42527912 3.41 0.61 -1.21 16133 8922 1.81 1.20
20190312 17200 17420 17010 17290 31302 53833673 2.39 0.76 0.99 17398 13904 1.25 1.50
20190311 16800 17120 16640 17120 23531 39738343 2.86 0.54 2.15 13200 10331 1.28 1.13
20190308 17670 17670 16650 16760 34940 60112336 5.70 0.83 -6.37 21982 12958 1.70 1.68
20190307 18060 18160 17620 17900 58129 103901409 2.96 1.63 -1.97 31418 26711 1.18 2.79
20190306 17460 18270 17450 18260 57013 102003626 4.71 2.03 4.94 26385 30628 0.86 2.74
20190305 17360 17430 17050 17400 31294 53812237 2.18 1.14 -0.29 18383 12911 1.42 1.50
20190304 17390 18050 17270 17450 37051 65039044 4.49 1.36 0.40 17947 19104 0.94 1.78
20190301 17290 17620 17160 17380 28156 48955555 2.67 1.14 0.81 14082 14075 1.00 1.35
20190228 17000 17340 16900 17240 24275 41590299 2.60 1.06 1.83 9485 14789 0.64 1.17
20190227 17000 17150 16800 16930 19823 33631654 2.06 0.95 -0.47 13429 6393 2.10 0.95
20190226 17270 17340 16940 17010 27474 46939222 2.31 1.34 -1.79 15816 11658 1.36 1.32
20190225 16860 17400 16830 17320 36686 62899672 3.39 2.03 2.91 16980 19706 0.86 1.76
20190222 16610 16870 16410 16830 15248 25392274 2.75 0.82 0.78 7328 7920 0.93 0.73
20190221 16930 17080 16670 16700 15242 25730383 2.42 0.69 -1.36 9309 5933 1.57 0.73
20190220 16890 16990 16650 16930 9484 15918459 2.01 0.36 0.24 4976 4508 1.10 0.46
20190219 17650 17650 16780 16890 25603 43676172 5.00 0.85 -2.88 19411 6192 3.14 1.23
20190218 16930 17420 16900 17390 24742 42422834 3.08 0.75 2.90 10423 14318 0.73 1.19
20190215 17150 17150 16830 16900 17716 30032526 1.88 0.56 -0.76 12529 5187 2.42 0.85
20190214 17160 17380 16900 17030 32371 55436665 2.81 1.13 -0.35 22089 10282 2.15 1.55
20190213 17530 17580 17000 17090 32605 56061661 3.32 1.23 -2.12 23317 9288 2.51 1.57
20190212 17200 17860 16910 17460 44028 76358351 5.61 2.24 3.19 21381 22647 0.94 2.11
20190211 16340 17300 16220 16920 38826 65128184 6.61 2.67 3.55 11908 26918 0.44 1.86
20190201 16140 16440 16090 16340 11418 18547932 2.14 0.84 0.12 7190 4228 1.70 0.55
20190131 16230 16320 15780 16320 16423 26323499 3.33 1.04 0.49 5042 11381 0.44 0.79
20190130 15580 16240 15250 16240 22273 35368179 6.35 1.50 4.24 9701 12572 0.77 1.07
20190129 16210 16210 15550 15580 9196 14504230 4.10 0.54 -3.11 5412 3784 1.43 0.44
20190128 16150 16170 15740 16080 13350 21322352 2.66 0.75 -0.37 4476 8874 0.50 0.64
20190125 16400 16400 16120 16140 6599 10732880 1.71 0.33 -1.59 3828 2771 1.38 0.32
20190124 16250 16740 16050 16400 27351 44841283 4.19 1.59 -0.30 9071 18280 0.50 1.31
20190123 15570 16450 15500 16450 17610 28148879 6.05 1.08 4.84 8575 9035 0.95 0.85
20190122 15990 16150 15340 15690 19771 31158951 5.03 1.29 -2.61 6531 13240 0.49 0.95
20190121 16390 16390 15830 16110 17248 27724068 3.42 1.34 -1.71 11109 6139 1.81 0.83
20190118 15970 16520 15840 16390 19287 31304861 4.22 1.89 1.74 10361 8926 1.16 0.93
20190117 15740 16220 15510 16110 12087 19235392 4.52 1.11 2.55 4369 7718 0.57 0.58
20190116 15870 16160 15680 15710 13298 21134492 3.03 1.22 -0.82 6981 6317 1.11 0.64
20190115 15630 15630 15200 15210 4820 7383702 2.79 0.53 -1.36 3244 1576 2.06 0.23
20190114 15630 15630 15200 15210 4820 7384000
20190111 15350 15520 15200 15420 5858 8987000
20190110 15090 15840 15020 15500 15641 24135000
20190109 14530 15270 14530 15070 13469 20242713 5.07 3.04 3.15 4609 8859 0.52 0.65
20190108 14680 14720 14380 14610 4032 5885297 2.31 0.92 -0.81 1791 2241 0.80 0.19
20190107 14520 14780 14520 14730 6424 9439694 1.79 1.60 1.17 3306 3118 1.06 0.31
20190104 14250 14580 14020 14560 4217 6101427 3.91 1.09 1.68 1982 2235 0.89 0.20
20190103 13980 14460 13980 14320 3618 5172860 3.35 0.79 0.00 2517 1101 2.29 0.17
20190102 14420 14670 14280 14320 3875 5614594 2.71 0.80 -0.62 2422 1453 1.67 0.19
20181228 14380 14620 14310 14410 3816 5523134 2.16 0.68 0.63 2131 1685 1.26 0.18
20181227 14650 14690 14300 14320 4610 6704277 2.71 0.84 -0.49 2903 1707 1.70 0.22
20181226 14480 14610 14320 14390 3392 4911725 2.00 0.53 -0.83 2120 1272 1.67 0.16
20181225 14480 14730 14120 14510 7308 10475081 4.18 1.05 -0.68 3663 3645 1.00 0.35
20181224 14210 14660 14100 14610 5191 7520152 3.91 0.66 2.03 1960 3231 0.61 0.25
20181221 14650 14660 14200 14320 7567 10883967 3.10 0.89 -3.44 4620 2947 1.57 0.83
20181220 14620 14960 14620 14830 3966 5865919 2.30 0.40 0.14 2070 1896 1.09 0.43
20181219 15160 15300 14780 14810 8232 12332488 3.40 0.72 -3.20 5902 2330 2.53 0.90
20181218 15900 15900 15150 15300 9953 15367000
20181217 15300 15920 15300 15850 9420 14769765 3.99 0.76 1.93 4169 5251 0.79 1.03
20181214 15580 15770 15410 15550 10840 16880639 2.31 0.67 -0.19 6789 4051 1.68 1.19
20181213 15610 15700 15400 15580 10776 16785871 1.94 0.48 0.97 5090 5686 0.90 1.18
20181212 16090 16090 15430 15430 15986 25169646 4.12 0.77 -3.62 12117 3870 3.13 1.75
20181211 15800 16030 15650 16010 10442 16514873 2.42 0.51 2.04 5352 5090 1.05 1.14
20181210 15970 16130 15570 15690 13960 22014041 3.46 0.65 -2.97 9754 4206 2.32 1.53
20181207 16010 16270 15860 16170 29211 46942108 2.48 1.57 -2.00 17720 11491 1.54 3.20
20181206 15230 16750 15050 16500 42002 67157597 11.16 2.71 8.34 16753 25249 0.66 4.60
20181205 15050 15290 15000 15230 7906 11991073 1.87 0.53 -1.68 4215 3691 1.14 0.87
20181204 15410 15600 15350 15490 9971 15412413 1.61 0.70 0.06 4977 4994 1.00 1.09
20181203 15410 15680 15190 15480 18836 29102169 3.22 1.61 1.57 9843 8993 1.09 2.06
20181130 14910 15340 14810 15240 14158 21356330 3.50 1.16 0.73 6817 7341 0.93 1.55
20181129 14670 15760 14570 15130 26663 40514293 8.17 2.94 3.84 13557 13106 1.03 2.92
20181128 14350 14570 14160 14570 5329 7676256 2.83 0.45 0.69 2379 2950 0.81 0.58
20181127 14380 14640 14330 14470 5925 8601362 2.16 0.43 0.84 3275 2650 1.24 0.65
20181126 14510 14770 14300 14350 6590 9582400 3.20 0.40 -2.18 3989 2601 1.53 0.72
20181123 15450 15460 14440 14670 16686 24880677 6.61 1.01 -4.93 11550 5136 2.25 1.83
20181122 15500 15670 15410 15430 10838 16853033 1.68 0.60 -0.45 5967 4871 1.22 1.19
20181121 15060 15690 14970 15500 19022 29229572 4.72 1.01 1.57 6329 12693 0.50 2.08
20181120 15800 15800 15110 15260 16467 25430000
20181119 15460 15880 15360 15880 19539 30590000
20181116 15440 15580 15340 15460 16948 26190000
20181115 15200 15440 15060 15430 18250 27873254 2.50 0.92 1.58 9348 8902 1.05 2.00
20181114 15180 15300 15110 15190 22803 34632840 1.23 1.41 -2.06 14329 8474 1.69 2.50
20181113 14690 15950 14580 15510 49338 75638017 9.40 6.29 6.38 23999 25339 0.95 5.40
20181112 14300 14650 14260 14580 7590 10986058 2.73 1.01 1.96 3501 4089 0.86 0.83
20181109 14380 14550 14210 14300 7826 11250313 2.36 0.98 -0.90 4119 3707 1.11 0.86
20181108 14640 14660 14360 14430 11660 16968355 2.06 1.28 -0.89 4823 6837 0.71 1.28
20181107 14820 14820 14500 14560 4613 6755605 2.17 0.45 -1.15 2728 1885 1.45 0.50
20181106 14510 14830 14510 14730 7556 11092496 2.20 0.83 1.17 3017 4539 0.66 0.83
20181105 14640 14780 14460 14560 5991 8749100 2.18 0.71 -0.61 3024 2967 1.02 0.66
20181102 14390 14800 14380 14650 10164 14785587 2.92 1.16 1.88 4620 5544 0.83 1.11
20181101 14100 14890 14100 14380 17388 25312403 5.60 2.65 1.99 9912 7475 1.33 1.90
20181031 13910 14180 13850 14100 10019 14085323 2.37 1.73 1.44 3325 6694 0.50 1.10
20181030 13810 14000 13730 13900 2072 2875551 1.94 0.30 0.00 981 1091 0.90 0.23
20181029 13980 14060 13780 13900 2609 3627939 2.00 0.30 -0.64 1591 1018 1.56 0.29
20181026 13940 14090 13880 13990 11746 16428414 1.50 1.56 -0.36 2253 9493 0.24 1.29
20181025 13700 14090 13200 14040 6350 8742071 6.33 0.67 -0.14 3121 3228 0.97 0.69
20181024 14200 14300 13900 14060 6165 8646367 2.82 0.49 -0.85 3488 2677 1.30 0.67
20181023 14410 14480 14050 14180 7195 10251464 2.96 0.47 -2.48 4375 2820 1.55 0.79
20181022 14090 14780 13960 14540 11882 17098418 5.82 0.83 3.19 5447 6435 0.85 1.30
20181019 13710 14110 13210 14090 6144 8537963 6.47 0.42 1.37 2390 3754 0.64 0.67
20181018 14110 14160 13860 13900 15840 22127040 2.13 1.13 -1.49 2469 13371 0.18 1.73
20181017 13760 14110 13450 14110 21716 30127990 4.72 2.07 0.93 7001 14715 0.48 2.38
20181016 13910 14200 12710 13980 20992 28349137 10.55 2.99 -0.99 11608 9384 1.24 2.30
20181015 14330 14380 13920 14120 6858 9692224 3.25 1.02 -0.35 2684 4174 0.64 0.75
20181012 13920 14300 13500 14170 8346 11581094 5.68 1.29 0.57 4025 4321 0.93 0.91
20181011 14630 14850 13540 14090 12352 17560815 8.79 2.24 -5.44 5408 6944 0.78 1.35
20181010 14900 14940 14650 14900 3939 5835519 1.95 0.72 0.00 2135 1804 1.18 0.43
20181009 14780 14950 14650 14900 3625 5376695 2.02 0.65 0.34 1380 2245 0.61 0.40
20181008 14900 14980 14770 14850 5391 8010497 1.39 0.86 -1.66 3339 2052 1.63 0.59
20180928 14900 15200 14800 15100 7045 10561578 2.68 1.21 1.00 2373 4672 0.51 0.77
20180927 15020 15080 14620 14950 7526 11181265 3.06 1.25 -0.40 4707 2819 1.67 0.82
20180926 15010 15030 14920 15010 3851 5772338 0.73 0.62 0.07 1840 2011 0.91 0.42
20180925 14990 15130 14920 15000 3965 5948060 1.39 0.68 -0.60 2411 1554 1.55 0.43
20180921 14910 15150 14850 15090 9118 13644193 2.01 1.97 0.87 4613 4505 1.02 1.00
20180920 15080 15080 14900 14960 4695 7027343 1.20 1.11 -0.60 3271 1424 2.30 0.51
20180919 14900 15080 14900 15050 8586 12875521 1.20 2.96 0.33 3802 4784 0.79 0.94
20180918 14840 15040 14760 15000 4865 7275635 1.87 1.96 0.33 1811 3054 0.59 0.53
20180917 14810 14980 14730 14950 2054 3051379 1.67 0.78 -0.33 1156 898 1.29 0.22
20180914 15030 15110 14800 15000 2991 4466355 2.06 1.14 -0.20 1553 1438 1.08 0.33
20180913 14890 15070 14890 15030 2727 4088051 1.20 0.85 0.13 1043 1684 0.62 0.30
20180912 14870 15030 14800 15010 1882 2814324 1.53 0.57 -0.07 789 1093 0.72 0.21
20180911 14920 15150 14780 15020 2754 4113574 2.46 0.87 -0.27 1624 1130 1.44 0.30
20180910 15070 15150 14810 15060 2854 4268358 2.26 0.81 -0.07 1220 1634 0.75 0.31
20180907 14920 15180 14880 15070 2932 4396340 2.00 0.80 0.47 1445 1487 0.97 0.32
20180906 14930 15090 14890 15000 5556 8318791 1.33 1.50 -0.60 3138 2418 1.30 0.61
20180905 15310 15310 15020 15090 2408 3647806 1.90 0.62 -0.92 1372 1036 1.32 0.26
20180904 15190 15280 15070 15230 2129 3234128 1.39 0.46 0.73 892 1237 0.72 0.23
20180903 14960 15160 14820 15120 4603 6919386 2.24 0.87 -0.40 2842 1761 1.61 0.50
20180831 15120 15260 14900 15180 3708 5584867 2.37 0.67 -0.20 2120 1588 1.33 0.41
20180830 15220 15710 15130 15210 5629 8620199 3.79 1.04 -0.52 3862 1767 2.19 0.62
20180829 15400 15400 15170 15290 3332 5079110 1.49 0.57 -0.91 2371 961 2.47 0.36
20180828 15380 15550 15320 15430 5680 8739484 1.49 0.84 0.00 3386 2294 1.48 0.62
20180827 15180 15480 15180 15430 8197 12594089 1.96 1.23 0.85 4261 3936 1.08 0.89
20180824 15480 15480 15250 15300 4680 7178109 1.50 0.60 0.00 1990 2690 0.74 0.51
20180823 15100 15320 15020 15300 5252 8005594 1.97 0.60 0.26 2556 2696 0.95 0.57
20180822 15480 15480 15160 15260 5574 8509536 2.09 0.61 -0.39 1882 3692 0.51 0.61
20180821 15290 15680 15080 15320 10152 15551236 3.92 1.12 0.20 2222 7930 0.28 1.11
20180820 15020 15290 14880 15290 7589 11428434 2.71 0.82 0.99 2645 4944 0.53 0.83
20180817 15220 15390 15010 15140 10349 15742765 2.49 1.24 -0.98 3309 7040 0.47 1.13
20180816 15380 15700 15130 15290 10395 15846558 3.71 1.32 -0.59 2384 8011 0.30 1.13
20180815 15840 15840 15150 15380 7272 11237266 4.44 0.92 -0.97 4187 3085 1.36 0.79
20180814 15430 15770 15300 15530 9845 15204115 3.04 1.26 0.58 2638 7207 0.37 1.07
20180813 15330 15480 15210 15440 8611 13223195 1.74 1.15 -0.58 3738 4873 0.77 0.94
20180810 15400 15600 15370 15530 5762 8918231 1.50 0.64 1.17 2567 3196 0.80 0.63
20180809 15010 15420 14800 15350 7994 12251376 4.10 0.77 1.59 2389 5605 0.43 0.87
20180808 15150 15360 15000 15110 7448 11263630 2.36 0.70 -0.92 2746 4702 0.58 0.81
20180807 14900 15250 14820 15250 9305 14097099 2.86 0.94 1.60 3096 6209 0.50 1.02
20180806 14980 15140 14720 15010 6979 10418659 2.78 0.73 -0.60 2934 4045 0.73 0.76
20180803 15200 15200 14830 15100 13446 20123997 2.46 1.57 0.40 6222 7224 0.86 1.47
20180802 15450 15480 14490 15040 14753 21960264 6.40 1.91 -2.84 8458 6295 1.34 1.61
20180801 15880 16080 15340 15480 8489 13397759 4.64 0.87 -2.95 5521 2968 1.86 0.93
20180731 15730 15950 15730 15950 5582 8866539 1.40 0.40 1.40 2540 3042 0.83 0.61
20180730 15900 16050 15700 15730 5804 9197838 2.20 0.37 -1.07 3563 2241 1.59 0.63
20180727 16160 16160 15860 15900 8272 13186578 1.86 0.42 -1.24 5021 3250 1.54 0.90
20180726 16230 16280 16000 16100 10434 16793277 1.73 0.46 -0.74 6641 3793 1.75 1.14
20180725 16580 16590 16220 16220 18773 30710903 2.23 0.88 -2.29 9464 9309 1.02 2.05
20180724 16150 16800 16100 16600 26648 43967508 4.33 1.34 2.72 9710 16938 0.57 2.91
20180723 16300 16420 16000 16160 14749 23814398 2.55 0.73 -2.00 8444 6305 1.34 1.61
20180720 16050 17040 15890 16490 28212 46159325 7.13 1.79 2.30 12958 15254 0.85 3.08
20180719 15580 16380 15460 16120 24822 39235277 5.91 1.95 3.47 13590 11232 1.21 2.71
20180718 15410 15660 15410 15580 12576 19587562 1.61 1.10 0.65 6802 5774 1.18 1.37
20180717 15570 15600 15380 15480 19007 29342808 1.41 2.14 -0.51 10273 8733 1.18 2.08
20180716 15290 15590 15170 15560 16109 24895288 2.75 2.25 1.83 5864 10245 0.57 1.76
20180713 15270 15390 15100 15280 6449 9816604 1.90 0.87 -0.07 4019 2430 1.65 0.70
20180712 14920 15390 14920 15290 9448 14383937 3.14 1.42 2.00 4463 4985 0.90 1.03
20180711 15350 15350 14810 14990 6382 9538675 3.48 0.94 -3.35 4074 2308 1.77 0.70
20180710 15500 15630 15330 15510 5926 9154168 1.94 0.77 0.13 3796 2130 1.78 0.65
20180709 15250 15640 15250 15560 7582 11738910 2.53 0.97 1.04 3542 4040 0.88 0.83
20180706 15280 15420 14770 15400 7674 11618956 4.27 0.91 1.12 2826 4848 0.58 0.84
20180705 15710 15710 15100 15230 5796 8872658 3.94 0.67 -1.74 2937 2860 1.03 0.63
20180704 15840 15840 15220 15500 6819 10573954 3.94 0.83 -1.52 4356 2463 1.77 0.74
20180703 15560 15750 15360 15740 10432 16254100 2.50 1.08 0.90 5297 5135 1.03 1.14
20180702 15650 15760 15250 15600 8362 12971667 3.23 0.73 -1.27 4256 4106 1.04 0.91
20180629 14900 15850 14900 15800 10903 16845868 6.36 0.69 5.83 3014 7889 0.38 1.19
20180628 15600 15600 14910 14930 6929 10582386 4.45 0.33 -3.62 3965 2964 1.34 0.76
20180627 15740 15760 15410 15490 4672 7277245 2.23 0.22 -1.34 3108 1564 1.99 0.51
20180626 15420 15830 15300 15700 17253 27099073 3.38 0.87 0.19 5089 12164 0.42 1.88
20180625 15870 16060 15650 15670 17824 28181204 2.59 0.99 -1.07 6018 11806 0.51 1.95
20180622 15310 15840 15210 15840 32746 51161852 4.07 2.64 2.39 15935 16811 0.95 3.57
20180621 15900 15980 15410 15470 32250 50577114 3.63 4.43 -1.40 15058 17192 0.88 3.52
20180620 15220 15900 15220 15690 5366 8357939 4.44 0.74 2.35 2537 2829 0.90 0.59
20180619 16100 16550 15040 15330 10446 16522045 9.04 1.78 -8.20 7279 3167 2.30 1.14
20180615 16700 16790 15800 16700 9666 15725555 5.92 1.67 -0.12 5566 4100 1.36 1.06
20180614 16920 17020 16680 16720 4344 7294317 2.03 0.71 -0.42 2153 2191 0.98 0.47
20180613 17060 17090 16700 16790 6539 11056848 2.29 1.12 -1.58 4204 2335 1.80 0.71
20180612 17080 17110 16880 17060 5074 8625802 1.35 0.88 0.35 2648 2426 1.09 0.55
20180611 17150 17280 17000 17000 3754 6423606 1.63 0.65 -0.87 2278 1476 1.54 0.41
20180608 17120 17600 16900 17150 9237 15841433 4.00 1.87 -2.00 5083 4154 1.22 1.01
20180607 17930 17990 17490 17500 5788 10218159 2.79 1.20 -2.40 4079 1709 2.39 0.63
20180606 17760 17960 17730 17930 5263 9412475 1.30 0.89 1.19 2651 2612 1.01 0.57
20180605 17500 17850 17400 17720 4727 8332508 2.58 0.73 1.43 2258 2469 0.91 0.52
20180604 17510 17680 17410 17470 3731 6537313 1.54 0.48 -0.23 2039 1692 1.21 0.41
20180601 17370 17780 17280 17510 5165 9016971 2.85 0.58 -0.06 2645 2520 1.05 0.56
20180531 17480 17620 17290 17520 5288 9241246 1.91 0.55 1.51 2734 2554 1.07 0.58
20180530 17990 17990 17250 17260 10569 18592912 4.07 1.06 -5.16 7139 3430 2.08 1.15
20180529 18300 18500 18130 18200 7446 13599668 2.01 0.72 -1.14 4480 2966 1.51 0.81
20180528 19000 19020 18410 18410 10314 19191597 3.21 1.02 -3.11 7163 3151 2.27 1.13
20180525 18900 19750 18720 19000 11012 21061088 5.46 1.20 0.80 5360 5652 0.95 1.20
20180524 19100 19250 18690 18850 8674 16396032 2.95 1.02 -0.79 4765 3909 1.22 0.95
20180523 19850 19850 18910 19000 12437 24005744 4.78 1.68 -3.31 7839 4598 1.70 1.36
20180522 19740 19750 19460 19650 8927 17501034 1.47 1.29 -0.15 5253 3674 1.43 0.97
20180521 19470 19770 19310 19680 9458 18491688 2.37 1.54 1.39 4189 5269 0.80 1.03
20180518 19540 19590 19100 19410 6284 12190707 2.53 0.93 0.05 3250 3034 1.07 0.69
20180517 19280 19580 19220 19400 5522 10700768 1.87 0.72 0.73 2675 2847 0.94 0.60
20180516 19910 19910 19250 19260 6914 13505398 3.37 0.88 -1.63 4159 2755 1.51 0.75
20180515 19500 19640 19270 19580 6558 12772948 1.90 0.80 0.41 3409 3149 1.08 0.72
20180514 19320 19590 19270 19500 5426 10566922 1.64 0.65 0.00 2821 2605 1.08 0.59
20180511 19640 19910 19200 19500 9485 18537335 3.64 1.22 0.05 5255 4230 1.24 1.04
20180510 19400 19660 19240 19490 9831 19070877 2.17 1.46 0.62 4953 4879 1.02 1.07
20180509 19190 19590 19090 19370 7956 15390492 2.61 1.33 0.99 4103 3853 1.07 0.87
20180508 18960 19300 18770 19180 8368 16023048 2.80 1.59 1.21 3416 4952 0.69 0.91
20180507 18630 19000 18630 18950 5843 11030486 1.99 0.97 1.72 2524 3319 0.76 0.64
20180504 18710 18980 18560 18630 6959 12991172 2.22 1.08 -1.43 3854 3105 1.24 0.76
20180503 18730 18940 18100 18900 4551 8456263 4.52 0.61 1.61 2593 1958 1.32 0.50
20180502 19040 19040 18510 18600 4291 8053160 2.80 0.55 -1.85 3030 1261 2.40 0.47
20180427 18860 19190 18600 18950 4596 8701111 3.15 0.53 1.12 2005 2591 0.77 0.50
20180426 19630 19750 18700 18740 9582 18224431 5.35 1.11 -4.49 5811 3771 1.54 1.05
20180425 20060 20060 19550 19620 9082 17927657 2.55 1.07 -2.00 5894 3188 1.85 0.99
20180424 19630 20220 19630 20020 10004 19892792 2.92 1.26 -0.99 5750 4254 1.35 1.09
20180423 19740 20400 19740 20220 5874 11743436 3.34 0.73 2.43 2199 3675 0.60 0.64
20180420 20440 20500 19690 19740 9020 18001731 3.96 1.17 -3.47 5205 3815 1.36 0.98
20180419 20150 20580 20090 20450 9186 18748220 2.43 1.22 1.49 4086 5100 0.80 0.99
20180418 20250 20250 19550 20150 8309 16561550 3.56 1.00 2.34 3760 4549 0.83 0.90
20180417 20300 20540 19500 19690 7312 14725258 5.13 0.89 -2.81 3911 3401 1.15 0.79
20180416 20450 20460 20150 20260 6300 12781739 1.52 0.70 -0.93 3116 3184 0.98 0.68
20180413 20580 20770 20380 20450 7575 15585223 1.92 0.82 0.59 3964 3611 1.10 0.82
20180412 20680 20880 20330 20330 8126 16762165 2.66 0.83 -1.69 4937 3189 1.55 0.88
20180411 20490 20980 20480 20680 12300 25509609 2.44 1.33 0.88 5410 6890 0.79 1.33
20180410 20330 20660 20150 20500 6930 14157634 2.50 0.67 0.49 3826 3105 1.23 0.75
20180409 19950 20440 19600 20400 9927 19938828 4.20 0.94 2.00 5056 4871 1.04 1.07
20180404 20580 20580 20000 20000 8810 17793891 2.86 0.85 -1.23 5869 2941 2.00 0.95
20180403 19700 20500 19500 20250 10899 21791560 4.98 1.07 0.75 5093 5806 0.88 1.18
20180402 20470 20520 20050 20100 9820 19839981 2.30 0.99 -1.52 5199 4621 1.13 1.06
20180330 20200 20480 19800 20410 12373 25149332 3.42 1.11 2.61 5380 6994 0.77 1.34
20180329 19630 20160 19630 19890 11016 21977465 2.70 1.01 1.32 4815 6201 0.78 1.19
20180328 19410 19850 19100 19630 7963 15615272 3.84 0.65 0.62 4005 3958 1.01 0.86
20180327 19200 19750 19000 19510 9625 18776845 3.95 0.80 2.68 4534 5091 0.89 1.04
20180326 18850 19020 17870 19000 8399 15555696 6.10 0.68 0.80 3848 4551 0.85 0.91
20180323 19790 19860 18460 18850 18561 35685422 6.85 1.68 -7.78 11838 6723 1.76 2.01
20180322 20150 20600 20070 20440 9976 20335692 2.62 0.80 1.09 5093 4883 1.04 1.08
20180321 20840 20970 20220 20220 14465 29856863 3.62 1.11 -2.46 9946 4519 2.20 1.56
20180320 20470 20750 20330 20730 8955 18448606 2.03 0.48 0.00 3769 5186 0.73 0.97
20180319 20900 20900 20300 20730 9778 20170342 2.90 0.32 0.05 5423 4355 1.25 1.06
20180316 20780 21120 20620 20720 12007 25005811 2.41 0.38 0.00 6210 5796 1.07 1.30
20180315 20760 21080 20190 20720 16929 34833649 4.24 0.52 -1.19 9967 6962 1.43 1.83
20180314 21580 21580 20970 20970 17622 37319767 2.83 0.58 -2.83 12234 5388 2.27 1.91
20180313 22080 22270 21410 21580 37741 81804562 3.90 1.55 -2.22 25372 12369 2.05 4.08
20180312 20050 22070 19890 22070 69700 150714416 10.87 6.18 10.02 39478 30222 1.31 7.54
20180309 19750 20310 19640 20060 15772 31457270 3.32 1.71 -0.55 7820 7952 0.98 1.71
20180308 19090 20390 18810 20170 21934 43612466 8.35 3.58 6.55 10998 10936 1.01 2.37
20180307 19220 19260 18860 18930 7167 13621891 2.07 1.32 -1.92 5040 2127 2.37 0.78
20180306 19000 19380 18930 19300 6957 13368600 2.37 1.38 1.58 2885 4072 0.71 0.75
20180305 18980 19190 18820 19000 4553 8642146 1.95 0.85 0.11 1814 2739 0.66 0.49
20180302 19090 19300 18910 18980 5389 10311310 2.03 0.99 -1.09 3345 2044 1.64 0.58
20180301 18850 19250 18660 19190 6568 12548242 3.13 1.15 1.70 2093 4475 0.47 0.71
20180228 18630 19010 18630 18870 3696 6970466 1.99 0.54 -1.05 2189 1507 1.45 0.40
20180227 19050 19180 18860 19070 5038 9554271 1.68 0.68 0.10 2218 2820 0.79 0.54
20180226 18700 19140 18620 19050 6089 11535204 2.76 0.84 1.11 2900 3189 0.91 0.66
20180223 18940 18940 18600 18840 5795 10853826 1.79 0.75 -0.89 3630 2165 1.68 0.63
20180222 19050 19120 18800 19010 8013 15227308 1.68 1.16 -0.21 5161 2852 1.81 0.87
20180214 18220 19100 17850 19050 9431 17548594 6.87 1.45 4.67 3956 5475 0.72 1.02
20180213 17750 18830 17750 18200 7845 14414653 6.10 1.16 2.77 3870 3975 0.97 0.85
20180212 17500 17930 17350 17710 5047 8948225 3.37 0.71 3.03 2500 2547 0.98 0.55
20180209 17650 17650 17120 17190 8260 14287600 2.96 1.06 -4.02 5367 2894 1.85 0.89
20180208 17750 18090 17410 17910 3943 7061980 3.82 0.34 0.67 1805 2138 0.84 0.43
20180207 18320 18580 17450 17790 7360 13218132 6.29 0.61 -0.95 4476 2884 1.55 0.80
20180206 17990 18550 17770 17960 9167 16712211 4.11 0.79 -5.47 6167 3000 2.06 0.99
20180205 19240 19260 18830 19000 6937 13167012 2.22 0.53 -1.86 3695 3242 1.14 0.75
20180202 19310 20190 19210 19360 11453 22333481 4.77 0.92 -5.84 6009 5444 1.10 1.24
20180201 20570 20850 18510 20560 23717 46605550 11.38 2.52 -0.05 10664 13053 0.82 2.57
20180131 20600 20740 20360 20570 8605 17688599 1.84 0.91 -0.29 4767 3838 1.24 0.93
20180130 20820 20980 20410 20630 7118 14650364 2.74 0.71 -1.01 3489 3629 0.96 0.77
20180129 21440 21510 20410 20840 14839 30894814 5.14 1.54 -2.62 8240 6599 1.25 1.61
20180126 21380 21660 21160 21400 8243 17644289 2.33 0.87 -0.09 3971 4272 0.93 0.89
20180125 21790 21960 21400 21420 8296 18046140 2.58 0.88 -1.38 5022 3274 1.53 0.90
20180124 21300 21890 21260 21720 8977 19454655 2.95 0.89 1.54 4356 4621 0.94 0.97
20180123 21650 21830 21320 21390 9722 20998798 2.35 0.98 -1.29 5503 4219 1.30 1.05
20180122 21730 21900 21000 21670 12794 27378177 4.14 1.24 -0.32 7226 5568 1.30 1.38
20180119 22060 22080 21680 21740 7340 16073359 1.82 0.71 -1.14 4120 3220 1.28 0.79
20180118 21720 22090 21460 21990 8393 18415944 2.90 0.83 1.24 3860 4534 0.85 0.91
20180117 22150 22150 21410 21720 12089 26225522 3.37 1.15 -1.23 7293 4796 1.52 1.31
20180116 22100 22240 21950 21990 9194 20299709 1.31 0.74 -0.72 6034 3160 1.91 0.99
20180115 23510 23600 22000 22150 14405 32591648 6.81 1.30 -5.78 8717 5688 1.53 1.56
20180112 24090 24110 23480 23510 7694 18260162 2.62 0.74 -2.29 5224 2470 2.11 0.83
20180111 24000 24230 23520 24060 6928 16532395 2.96 0.67 0.17 3866 3062 1.26 0.75
20180110 24800 24950 23960 24020 14183 34551483 3.96 1.65 -3.88 10290 3893 2.64 1.53
20180109 24460 25460 24140 24990 18592 46457831 5.43 2.97 2.75 9971 8621 1.16 2.01
20180108 24050 24350 23910 24320 8083 19525562 1.83 1.44 1.12 3162 4921 0.64 0.87
20180105 24130 24180 23950 24050 4173 10030146 0.96 1.09 0.29 2077 2096 0.99 0.45
20180104 24170 24300 23850 23980 6705 16083416 1.86 1.21 -0.99 4551 2154 2.11 0.73
20180103 24030 24300 23840 24220 5469 13157519 1.91 1.02 0.75 2616 2854 0.92 0.59
20180102 23780 24140 23680 24040 6902 16524765 1.95 1.11 1.82 1778 5124 0.35 0.75
20171229 23660 23880 23450 23610 4794 11323250 1.82 0.82 -0.34 2583 2211 1.17 0.52
20171228 23950 24100 23600 23690 5452 13013488 2.09 0.97 -0.88 3155 2297 1.37 0.59
20171227 24380 24510 23880 23900 5070 12259152 2.59 0.89 -1.89 2910 2160 1.35 0.55
20171226 24340 24380 24010 24360 4657 11283359 1.52 0.80 0.12 2154 2503 0.86 0.50
20171225 23900 24340 23850 24330 11147 26897082 2.05 2.55 1.97 3016 8131 0.37 1.21
20171222 23980 24120 23810 23860 2996 7176359 1.29 0.64 -0.42 1427 1569 0.91 0.32
20171221 24080 24270 23630 23960 4130 9916230 2.65 0.79 -0.91 2585 1545 1.67 0.45
20171220 24290 24350 23800 24180 5654 13592300 2.26 1.07 -0.45 3382 2272 1.49 0.61
20171219 23740 24400 23610 24290 5226 12557411 3.35 0.92 3.10 2349 2877 0.82 0.57
20171218 24050 24160 23560 23560 3848 9151657 2.50 0.54 -1.83 2426 1422 1.71 0.42
20171215 24300 24300 24000 24000 4698 11331338 1.24 0.59 -0.70 2367 2331 1.02 0.51
20171214 24250 24270 23900 24170 6837 16461677 1.54 0.88 0.67 3034 3803 0.80 0.74
20171213 23650 24410 23650 24010 5894 14187610 3.19 0.67 0.80 3226 2668 1.21 0.64
20171212 24380 24380 23770 23820 7202 17245524 2.51 0.78 -1.93 4347 2855 1.52 0.78
20171211 23160 24430 23130 24290 10873 25913432 5.59 1.25 4.47 4706 6167 0.76 1.18
20171208 22370 23420 22370 23250 8849 20365340 4.69 1.10 3.75 3695 5154 0.72 0.96
20171207 22790 22790 22400 22410 5993 13519683 1.71 0.75 -1.62 3658 2334 1.57 0.65
20171206 23230 23500 22220 22780 10768 24463965 5.49 1.48 -2.32 5872 4896 1.20 1.16
20171205 22970 23740 22970 23320 9698 22639415 3.35 1.43 1.52 5017 4681 1.07 1.05
20171204 24220 24460 22960 22970 8315 19625673 6.19 1.26 -5.16 5812 2503 2.32 0.90
20171201 23980 24250 23710 24220 5335 12851329 2.27 0.77 1.76 2582 2753 0.94 0.58
20171130 24300 24430 23800 23800 5613 13529565 2.60 0.73 -1.90 3504 2109 1.66 0.61
20171129 24040 24550 24040 24260 7450 18082703 2.10 0.88 0.04 4340 3110 1.40 0.81
20171128 23640 24400 23640 24250 7087 17019944 3.21 0.75 2.58 3558 3529 1.01 0.77
20171127 23830 23990 23300 23640 7409 17540244 2.89 0.74 -0.88 4387 3022 1.45 0.80
20171124 23980 24150 23800 23850 7276 17437623 1.46 0.64 -0.50 4105 3171 1.29 0.79
20171123 24200 24470 23890 23970 9032 21885804 2.41 0.73 -0.54 4823 4209 1.15 0.98
20171122 24700 24860 24000 24100 11406 27775055 3.47 0.85 -2.63 6580 4825 1.36 1.23
20171121 25370 25580 24690 24750 11921 29839389 3.49 0.75 -3.02 6831 5089 1.34 1.29
20171120 26030 26450 24830 25520 10547 26731224 6.16 0.59 -2.97 6055 4492 1.35 1.14
20171117 28190 28220 25900 26300 14132 38476770 8.24 0.79 -6.64 9220 4912 1.88 1.53
20171116 27760 28560 27760 28170 14246 40293237 2.85 0.79 0.50 7783 6463 1.20 1.54
20171115 27690 28060 27100 28030 16584 45746603 3.47 0.87 1.19 7518 9065 0.83 1.79
20171114 28290 28290 26970 27700 24065 66088145 4.68 1.13 -1.84 14460 9605 1.51 2.60
20171113 29110 29120 28020 28220 21014 59685147 3.78 0.88 -3.06 12400 8614 1.44 2.27
20171110 29460 29580 29030 29110 13564 39565308 1.87 0.44 -1.19 8602 4963 1.73 1.47
20171109 29370 29700 28950 29460 15151 44423349 2.53 0.33 -0.81 7471 7679 0.97 1.64
20171108 30340 30380 29680 29700 21809 65155595 2.32 0.45 -1.49 12892 8917 1.45 2.36
20171107 29950 30510 29520 30150 34636 104331742 3.30 0.84 0.63 14876 19760 0.75 3.75
20171106 29680 30390 28880 29960 34759 102757543 5.06 1.02 0.33 18104 16654 1.09 3.76
20171103 31210 31300 29670 29860 48842 147975049 5.13 2.00 -6.10 28172 20670 1.36 5.28
20171102 35500 35500 31500 31800 87783 290910736 12.37 12.76 -1.64 44387 43396 1.02 9.50
20171101 32330 32330 32330 32330 34401 111219079 0.00 - 10.00 32056 2345 13.67 3.72
20170526 27290 29600 27190 29440 25172 72398407 8.86 2.54 8.24 8329 16843 0.49 2.72
20170525 27330 27570 26900 27200 6728 18324281 2.45 0.60 -0.48 4000 2729 1.47 0.73
20170524 27500 27970 27200 27330 8016 22030594 2.77 0.67 -1.80 5084 2933 1.73 0.87
20170523 28480 28480 27700 27830 9080 25416206 2.73 0.71 -2.45 5484 3596 1.52 0.98
20170522 28300 28600 27610 28530 11609 32744018 3.49 0.98 0.46 6195 5414 1.14 1.26
20170519 28060 28410 27900 28400 14186 39969993 1.82 1.39 1.25 6991 7194 0.97 1.53
20170518 27500 28140 27280 28050 13353 36993870 3.10 1.46 1.26 4934 8419 0.59 1.44
20170517 27790 28380 27680 27700 11474 32054993 2.52 1.26 -0.36 5705 5769 0.99 1.24
20170516 27800 27810 26680 27800 13651 37181484 4.07 1.49 0.04 7289 6362 1.15 1.48
20170515 27990 27990 27400 27790 6620 18342558 2.12 0.66 0.04 3181 3440 0.92 0.72
20170512 28040 28040 27360 27780 6041 16751644 2.42 0.54 -0.96 3580 2460 1.46 0.65
20170511 27700 28110 26510 28050 7827 21610155 5.74 0.63 0.57 4598 3229 1.42 0.85
20170510 28800 29100 27680 27890 11548 33022052 4.91 0.89 -3.63 7543 4005 1.88 1.25
20170509 28000 29060 28000 28940 13727 39277544 3.79 0.84 3.58 4337 9391 0.46 1.48
20170508 28640 28760 27800 27940 10652 30102343 3.34 0.57 -2.82 4630 6021 0.77 1.15
20170505 29000 29120 28350 28750 12568 36041252 2.66 0.61 -0.76 4354 8214 0.53 1.36
20170504 29410 29790 28870 28970 13390 39278297 3.11 0.61 -2.19 6773 6617 1.02 1.45
20170503 29880 30000 29390 29620 14496 43005224 2.01 0.69 -2.24 8865 5631 1.57 1.57
20170502 29860 30530 29600 30300 30474 92013826 3.12 1.89 1.51 12469 18005 0.69 3.30
20170428 29650 29980 29100 29850 22452 66356999 2.97 1.76 0.91 9711 12741 0.76 2.43
20170427 28650 29830 27200 29580 22942 65290034 9.18 2.33 3.25 9488 13454 0.71 2.48
20170426 29900 29900 28430 28650 19791 57749593 4.90 2.42 -4.50 13141 6650 1.98 2.14
20170425 29460 30500 29130 30000 9060 27134355 4.64 1.12 1.66 4326 4734 0.91 0.98
20170424 29760 29760 28940 29510 6581 19232308 2.75 0.76 -0.97 3356 3225 1.04 0.71
20170421 29760 29910 29510 29800 5499 16347415 1.34 0.57 -0.33 2718 2780 0.98 0.59
20170420 30000 30000 29020 29900 8208 24263203 3.27 0.85 -0.33 5077 3131 1.62 0.89
20170419 29860 30000 28360 30000 11569 33610451 5.46 1.12 -0.10 6367 5203 1.22 1.25
20170418 30150 30440 29270 30030 8595 25732978 3.88 0.73 -0.40 4642 3954 1.17 0.93
20170417 31300 31300 28280 30150 9415 28501854 9.62 0.68 -3.98 5608 3807 1.47 1.02
20170414 32390 32500 31180 31400 10656 33575206 4.08 0.74 -3.06 6673 3982 1.68 1.15
20170413 32600 33070 32350 32390 8289 27045945 2.19 0.54 -1.40 5146 3144 1.64 0.90
20170412 32200 33130 32010 32850 14627 47970892 3.48 0.96 2.21 7459 7167 1.04 1.58
20170411 32290 32670 30990 32140 16138 51464403 5.21 1.06 -0.37 9189 6949 1.32 1.75
20170410 33700 33700 32200 32260 19323 63564610 4.45 1.18 -4.27 13835 5488 2.52 2.09
20170407 33550 34100 33340 33700 14078 47612804 2.27 0.76 0.45 6632 7446 0.89 1.52
20170406 33670 33930 33510 33550 12525 42285502 1.24 0.67 -0.56 7493 5032 1.49 1.35
20170405 33350 33900 33000 33740 14031 47291882 2.69 0.74 0.72 6802 7229 0.94 1.52
20170331 32900 33700 32750 33500 15851 52844935 2.91 0.77 2.54 7258 8592 0.84 1.71
20170330 34260 34480 32600 32670 25595 85217461 5.54 1.14 -3.71 16139 9457 1.71 2.77
20170329 34930 34930 33910 33930 24947 85539914 2.93 0.89 -2.42 15521 9425 1.65 2.70
20170328 35200 35600 34760 34770 13708 47950727 2.39 0.38 -1.28 8605 5104 1.69 1.48
20170327 35240 35550 35100 35220 14890 52569241 1.28 0.37 -0.06 7692 7199 1.07 1.61
20170324 35590 35640 34920 35240 24081 84959700 2.03 0.58 -0.54 12979 11102 1.17 2.60
20170323 35680 36070 35010 35430 34665 123506685 2.94 0.86 -1.61 19584 15081 1.30 3.75
20170322 35000 36270 34850 36010 53595 190994950 4.01 1.50 1.64 28950 24645 1.17 5.80
20170321 34240 35600 34090 35430 54141 188449191 4.39 1.60 2.96 53533 608 88.05 5.86
20170320 33210 34880 33040 34410 33644 114185257 5.52 1.13 3.24 17359 16285 1.07 3.64
20170317 33890 34250 33030 33330 30391 102749590 3.60 1.13 -1.68 18856 11536 1.63 3.29
20170316 33970 34150 33440 33900 30393 102676313 2.11 1.31 0.65 17185 13208 1.30 3.29
20170315 33580 33900 33080 33680 30192 101056261 2.44 1.53 0.15 16299 13893 1.17 3.27
20170314 32510 33800 32510 33630 44833 149642818 3.96 3.04 3.16 21246 23588 0.90 4.85
20170313 32450 32650 31850 32600 13224 42767757 2.47 0.68 0.80 5990 7234 0.83 1.43
20170310 32620 32880 32190 32340 16084 52247987 2.12 0.71 -0.55 9949 6135 1.62 1.74
20170309 32350 32560 32050 32520 11443 36953286 1.57 0.49 0.12 6231 5212 1.20 1.24
20170308 32840 32990 32360 32480 13231 43131284 1.92 0.55 -1.04 7753 5478 1.42 1.43
20170307 33040 33150 32510 32820 19864 64976393 1.94 0.83 -0.64 11221 8643 1.30 2.15
20170306 31980 33050 31750 33030 36246 118055490 4.07 1.73 3.28 15350 20896 0.73 3.92
20170303 31310 32200 31030 31980 32916 104270081 3.75 1.62 2.43 14693 18223 0.81 3.56
20170302 31590 31730 31110 31220 13685 42866287 1.97 0.54 -0.79 7183 6503 1.10 1.48
20170301 31510 31820 31430 31470 16817 53104506 1.24 0.68 -0.32 8412 8405 1.00 1.82
20170228 31010 31650 30910 31570 20008 62823941 2.38 0.85 1.51 8516 11492 0.74 2.16
20170227 31660 31720 31040 31100 21049 66028695 2.15 0.98 -1.77 11968 9082 1.32 2.28
20170224 31510 31790 31360 31660 30056 94818396 1.37 1.62 0.80 14339 15717 0.91 3.25
20170223 31800 31990 30840 31410 39480 123693623 3.55 3.08 -3.00 22445 17036 1.32 4.27
20170222 32720 32970 32260 32380 13789 44842990 2.17 1.03 -1.04 8801 4988 1.76 1.49
20170221 32360 33000 32360 32720 13073 42677145 1.98 0.98 1.08 6372 6701 0.95 1.41
20170220 32200 32390 31880 32370 10608 34003641 1.58 - 0.09 5891 4717 1.25 1.15
20170217 33010 33440 32330 32340 15672 51485118 3.41 0.95 -0.71 8518 7155 1.19 1.70
20170216 32470 32700 32250 32570 11044 35945807 1.38 0.62 -0.15 5318 5726 0.93 1.19
20170215 32900 33100 32390 32620 16540 54122376 2.17 0.97 -0.46 7984 8556 0.93 1.79
20170214 32950 33260 32620 32770 12593 41346821 1.94 0.74 -0.64 7728 4865 1.59 1.36
20170213 32880 33280 32520 32980 20603 67945488 2.31 1.29 0.30 11033 9570 1.15 2.23
20170210 32430 33120 32420 32880 21776 71748432 2.15 1.64 1.14 11204 10571 1.06 2.36
20170209 32040 32880 31910 32510 17623 57216796 3.02 1.40 1.37 8462 9161 0.92 1.91
20170208 31600 32090 31500 32070 12732 40546164 1.86 1.11 0.85 5637 7095 0.79 1.38
20170207 31520 32070 31520 31800 11975 38074215 1.74 1.05 0.35 6543 5432 1.20 1.30
20170206 31500 31990 31300 31690 16046 50659976 2.18 1.42 -0.03 9139 6907 1.32 1.74
20170203 32310 32690 31670 31700 7858 25229318 3.16 0.57 -1.89 5471 2387 2.29 0.85
20170126 31650 32550 31570 32310 14132 45335526 3.10 0.92 2.09 6315 7817 0.81 1.53
20170125 31600 31840 31340 31650 7232 22877458 1.58 0.40 -0.09 4052 3180 1.27 0.78
20170124 31760 31840 31090 31680 11744 36986979 2.37 0.52 0.25 6356 5388 1.18 1.27
20170123 30810 31610 30810 31600 15572 48894114 2.60 0.57 2.66 7609 7962 0.96 1.68
20170120 30030 31100 29950 30780 20190 61914609 3.82 0.57 2.26 9858 10332 0.95 2.18
20170119 29930 30640 29020 30100 22463 67098371 5.40 0.60 0.40 12405 10059 1.23 2.43
20170118 30600 30990 29980 29980 20435 62195971 3.24 0.54 -3.94 12137 8298 1.46 2.21
20170117 31000 31650 29550 31210 34494 105448337 6.71 0.90 -0.32 18691 15803 1.18 3.73
20170116 33300 33770 30600 31310 39349 126563938 9.32 1.17 -7.91 26471 12878 2.06 4.26
20170113 33400 34360 33390 34000 59806 202484242 2.91 2.35 1.86 32236 27570 1.17 6.47
20170112 32700 33380 32630 33380 34477 113947611 2.29 1.52 2.14 17594 16883 1.04 3.73
20170111 32930 33260 32610 32680 20272 66571676 1.97 0.87 -1.00 11562 8709 1.33 2.19
20170110 32460 33520 32200 33010 37974 125623850 4.12 1.99 2.93 17416 20558 0.85 4.11
20170109 32330 32330 31610 32070 15876 50770287 2.23 0.83 -0.62 9684 6192 1.56 1.72
20170106 32790 33020 32110 32270 18846 61344464 2.76 1.01 -2.30 12272 6574 1.87 2.04
20170105 33000 33390 32900 33030 20347 67366098 1.48 1.04 -0.24 12530 7816 1.60 2.20
20170104 32520 33210 32510 33110 23374 77007960 2.15 1.17 1.66 12541 10833 1.16 2.53
20170103 32300 32660 32280 32570 16738 54335975 1.18 0.66 0.99 7716 9023 0.86 1.81
20161230 32550 32770 32180 32250 16755 54339865 1.81 0.47 -1.13 9901 6854 1.44 1.81
20161229 32620 33040 32550 32620 15728 51599675 1.49 0.29 -0.70 8919 6809 1.31 1.70
20161228 33190 33340 32750 32850 25292 83462972 1.78 0.48 -0.85 13286 12005 1.11 2.74
20161227 33480 33700 33100 33130 25520 85048859 1.78 0.52 -1.60 16551 8969 1.85 2.76
20161226 32780 33720 32530 33670 43153 143254747 3.58 0.99 1.39 21964 21189 1.04 4.67
20161223 33100 33300 32030 33210 69115.96 225913353.920
20161222 36230 36290 32970 33600 106340.53 358251118.840
20161221 36460 36670 36190 36630 17864.28 65010814.420
20161220 36280 36590 35860 36270 11008.00 39853446.960
20161219 36680 36680 35880 36080 14097.81 51074594.120
20161216 36340 36860 36120 36730 16829.67 61525250.800
20161215 35960 36790 35850 36350 16911.51 61489935.820
20161214 36120 36650 35730 35850 14864.67 53766927.760
20161213 35360 36770 35350 36390 23479.00 84712551.000
20161212 38400 38990 35370 35510 30791.77 114224537.930
20161209 39600 39900 38450 38700 22686.92 88620335.680
20161208 40800 40800 39600 39700 19684.00 79043263.000
20161207 39550 40970 39550 40870 22918.36 92657197.000
20161206 39830 40380 39830 39900 14601.00 58543679.000
20161205 39650 40290 39390 39930 17080.00 68346412.000
20161202 42390 42730 39680 39870 45710.72 185653535.400
20161201 42010 42750 42000 42380 19718.04 83564785.930
20161130 42000 42500 41500 42350 21231.45 89321896.360
20161129 43050 43600 42210 42310 30325.81 130012793.490
20161128 45000 45270 43010 43120 34296.20 150842835.980
20161125 44320 45650 43510 45270 38181.63 170488072.550
20161124 45800 46460 44500 44650 42936.74 195160862.960
20161123 48000 48000 45280 45900 75486.34 352426834.560
20161122 47800 49000 46980 48300 84177.52 403362295.110
20161121 45690 49630 45000 48480 129171.81 617435952.180
20161118 44990 47190 44680 45120 98653.40 449932193.400
20161117 43600 43900 42360 43840 53434.04 229959474.640
20161116 43700 45600 43120 44260 74289.30 330822570.330
20161115 43900 44180 43060 43770 35524.19 154991002.400
20161114 42650 44470 42400 44290 55003.42 238310991.210
20161111 43840 44090 42930 43110 46367.24 201170378.860
20161110 43420 44370 42740 44270 70424.16 308637761.600
20161109 43980 44170 42060 42800 66519.21 288130114.950
20161108 43000 45210 42500 44500 85608.80 375060205.870
20161107 46890 46890 43310 43350 129737.90 583235382.170
20161104 40180 43840 39860 43840 36551.56 158202194.920
20161103 38960 40410 38500 39850 47369.60 188650961.180
20161102 38850 39880 38710 39130 45893.60 180846564.060
20161101 37470 39500 37310 39010 46731.81 180647755.980
20161031 37620 37620 36880 37370 11911.62 44337551.590
20161028 38180 38250 37500 37610 15949.11 60249930.270
20161027 38130 38560 37800 38090 12904.49 49309911.370
20161026 38700 38700 37870 38130 13515.44 51635495.160
20161025 38110 38840 38110 38630 21299.43 82216771.040
20161024 38050 38330 37560 38150 14914.76 56735007.360
20161021 38400 38650 37030 38040 18677.49 70814946.140
20161020 37940 38980 37620 38480 27680.46 106491594.910
20161019 38200 38200 37700 37860 13466.08 51065453.950
20161018 37550 38100 37340 38050 13523.86 51126656.240
20161017 37690 38300 37400 37540 16257.83 61585572.300
20161014 38350 38350 37620 37980 12820.79 48546297.810
20161013 37900 38380 37840 38230 12970.35 49537781.080
20161012 37640 38430 37400 38020 20154.86 76560676.000
20161011 37710 37800 37340 37790 16664.79 62566494.700
20161010 36740 37700 36740 37670 16779.41 62650941.070
20160930 36600 36760 36410 36690 8258.29 30262727.010
20160929 36410 36850 36350 36650 15458.25 56633265.840
20160928 37260 37300 35970 36330 22391.54 81670160.280
20160927 37860 37880 36360 37190 22885.60 84880100.280
20160926 40100 40120 37860 37860 27992.23 108493127.870
20160923 40500 40660 40020 40120 17723.50 71350765.610
20160922 41950 42810 40360 40660 48690.01 200079681.250
20160921 40550 40560 40170 40320 12504.10 50440470.700
20160920 41200 41210 40410 40560 16384.86 66720246.070
20160919 40100 40880 40100 40600 20411.17 82726375.900
20160914 40730 40730 39820 40090 13920.00 55860001.000
20160913 40690 41850 40430 40820 23183.25 94795340.740
20160912 41000 41660 40120 40690 24376.47 98989617.210
20160909 42600 42600 41140 41800 19660.42 81890279.510
20160908 41600 42780 41310 42140 32002.66 134421871.440
20160907 41950 41950 41030 41570 23299.88 96751081.840
20160906 40010 42680 39650 41960 32718.22 133990962.430
20160905 39890 40270 39720 40170 12955.95 51856245.090
20160902 40100 40550 39660 39870 20229.82 80790697.920
20160901 41080 41550 40550 40550 22099.62 90748795.670
20160831 40800 40980 40450 40800 15773.03 64294343.530
20160830 40450 41180 40440 40650 15716.51 64029006.520
20160829 41760 41800 40300 40390 21967.74 89846681.940
20160826 40800 41890 40560 40930 37268.74 154003118.270
20160825 40620 40650 39300 40280 30697.27 122642869.130
20160824 41130 41780 40340 40610 30809.27 125520591.900
20160823 41320 41590 40600 41430 16813.03 69345229.670
20160822 42180 42280 40900 41000 24156.69 99875647.600
20160819 42460 42780 42150 42200 19696.94 83460567.140
20160818 42800 42980 41960 42440 31276.72 132508842.300
20160817 42690 43380 42210 43000 33704.36 144375404.790
20160816 41700 43260 41700 42580 39091.39 166031915.530
20160815 40520 41990 40160 41720 30208.28 124700154.620
20160812 39930 40490 39700 40440 17754.74 71375511.090
20160811 41400 41400 39890 39900 26066.00 105824974.690
20160810 41500 42100 41450 41510 23890.40 99825651.460
20160809 41100 41750 41020 41440 23682.54 98116361.210
20160808 40020 41400 39400 41380 24913.29 102062060.580
20160805 41410 41680 40210 40320 23405.48 95792209.960
20160804 40960 41890 40590 41480 24020.77 98976578.400
20160803 40000 41450 39690 41100 30968.66 126469186.660
20160802 39890 40290 39690 40140 16819.48 67266338.240
20160801 41100 41100 39000 39680 32216.02 127443402.920
20160729 42280 42460 41300 41520 23653.40 99046112.020
20160728 41900 42450 40030 42280 42740.58 177031565.240
20160727 46590 46840 42010 42170 69904.66 306087430.130
20160726 46400 47290 46300 46680 25812.01 120785669.260
20160725 46090 46950 45780 46500 27238.57 126261734.000
20160722 46060 46830 45510 46040 31689.99 146320259.990
20160721 47980 48290 45850 45990 56766.32 266188636.680
20160720 48600 49370 47790 47900 44663.48 217031869.260
20160719 49160 49600 47770 48790 55112.96 266993970.190
20160718 49210 50950 48880 49620 62909.32 314664861.480
20160715 50030 50690 49110 49300 65892.65 328022861.750
20160714 48130 50350 48130 50140 77239.49 381590223.610
20160713 48380 49780 47600 48590 67102.37 326546534.400
20160712 46730 48390 45780 48160 65949.98 312087407.930
20160711 48610 48990 45800 46470 84674.13 403144908.560
20160708 49170 51490 48710 49520 91800.52 460114141.890
20160707 48500 49780 47500 49330 88803.06 433876792.550
20160706 48800 50270 47170 48720 106370.61 518276749.850
20160705 47270 49660 46680 48820 127963.01 616343048.960
20160704 43620 48400 43510 47270 106232.44 494656469.260
20160701 43670 45090 43500 44130 53407.01 237115498.940
20160630 45900 45900 42990 43350 100297.86 449084894.380
20160629 44800 48100 43910 47260 118676.25 542767009.800
20160628 45300 46100 43800 44990 85462.67 383567492.740
20160627 44430 46580 44110 45830 101460.78 465582989.050
20160624 44180 45680 42220 44600 118299.01 529633147.870
20160623 44320 44860 42800 44460 89596.10 393421416.120
20160622 41180 45000 41130 44550 109397.52 474124594.650
20160621 42700 42950 41200 41550 78698.41 331315934.320
20160620 40300 42610 39810 42300 87054.27 362663349.690
20160617 38960 40180 38960 40150 49335.30 195661512.580
20160616 39300 40380 38810 38930 44903.68 177855982.450
20160615 37500 40280 37110 39470 56089.57 220115866.970
20160614 37760 38280 37100 37880 44341.54 167412401.400
20160613 41010 41100 38300 38300 73031.84 290127902.440
20160608 44600 44600 42510 42550 83759.86 363501063.280
20160607 42350 45730 42200 44630 112314.49 494689074.570
20160606 41930 42660 41320 42360 55933.51 234654015.300
20160603 43500 43500 42020 42160 79014.49 339030293.120
20160602 42580 43800 42000 43720 82408.64 352959268.920
20160601 42600 43600 41800 42760 102547.71 437583308.520
20160531 40250 42630 40070 42630 85009.06 354870459.680
20160530 40000 41750 39060 40360 79492.91 323658150.260
20160527 38670 41970 38400 40700 108812.07 437324126.340
20160526 38040 38960 35810 38930 58718.44 221147741.940
20160525 38790 39680 37900 38500 65990.11 257061364.810
20160524 38560 38860 37530 38430 59108.00 226056939.810
20160523 37210 39500 37210 38950 84204.79 325006329.680
20160520 35000 37500 34700 37380 63956.43 229278860.980
20160519 35000 36650 35000 35480 51491.23 184759863.460
20160518 37000 37000 34200 35160 65453.60 233102905.310
20160517 37550 38900 37490 37810 80579.89 308014864.510
20160516 35680 37300 35100 37300 57598.04 208634385.230
20160513 35800 36980 35080 35710 55833.00 202130000
20160512 36130 37000 34400 36030 81753.00 293180000
20160511 42880 43020 38000 38000 93786.00 380140000
20160510 42500 43600 41020 42220 77979.00 330810000
20160509 41600 43950 39700 43020 110426.00 467500000
20160506 44950 46510 42050 42300 132102.00 589930000
20160505 44450 46530 43800 45200 131382.00 592710000
20160504 41430 45890 41200 45300 142101.00 619830000
20160503 41020 43590 40840 41900 114538.00 484650000
20160429 42290 42980 41310 41410 104783.00 441060000
20160428 39700 43990 39530 42900 153725.00 634610000
20160427 37960 41700 37550 40430 132033.00 528950000
20160426 38010 39460 36500 38240 110660.00 423520000
20160425 38680 40800 37660 39990 108446.00 427300000
20160422 35200 39930 35200 39190 103787.00 395810000
20160421 35050 37850 34810 36430 81583.00 299800000
20160420 38400 38430 34390 35380 81971.00 296170000
20160419 37740 38750 37700 38200 65852.00 251480000
20160418 39000 39000 36680 37200 70909.00 268690000
20160415 39300 40890 38210 39820 111930.00 442100000
20160414 36330 39970 36320 39750 116574.00 447060000
20160413 36200 37490 36020 36370 91165.00 335350000
20160412 35360 37370 34880 36520 128413.00 467490000
20160411 32980 35800 32750 35780 97380.00 338290000
20160408 32510 32790 32000 32580 34082.00 110390000
20160407 33970 34030 32910 32930 37060.00 123660000
20160406 33680 34380 33340 33770 47202.00 159750000
20160405 32400 33880 32180 33680 43727.00 145400000
20160401 33110 33120 32000 32460 29929.00 97380000
20160331 33210 33880 33030 33110 51127.00 170800000
20160330 31910 32890 31700 32890 37612.00 122010000
20160329 32240 32360 31210 31480 30211.00 95830000
20160328 32890 33260 32220 32500 34726.00 114110000
20160325 32590 32920 31850 32290 33030.00 106740000
20160324 33600 33690 32550 32550 49955.00 166070000
20160323 32800 34680 32660 33950 67021.00 225860000
20160322 33360 33700 32900 32970 49096.00 163110000
20160321 33420 33990 32510 33830 76703.00 254080000
20160318 31410 32940 31280 32820 74959.00 241840000
20160317 30330 31390 30100 31280 51469.00 159020000
20160316 30550 31190 30010 30120 34955.00 106780000
20160315 30400 30990 30150 30210 33557.00 102310000
20160314 29810 31310 29810 30570 47315.00 144990000
20160311 28900 29680 28700 29260 29350.00 85720000
20160310 30300 30990 29200 29330 32141.00 96490000
20160309 29550 31390 29130 30480 43823.00 133510000
20160308 30290 30610 28510 30440 38639.00 114710000
20160307 30660 31370 30250 30650 41975.00 129440000
20160304 31680 31900 29590 30000 54066.00 166390000
20160303 33000 34000 32240 32310 63945.00 212090000
20160302 31350 33250 30850 32880 61656.00 198420000
20160301 31070 31990 29100 31500 50014.00 153890000
20160229 34290 34290 30860 30860 54819.00 171710000
20160226 35580 36190 33510 34290 53165.00 185180000
20160225 39000 39000 35570 35570 78214.00 288970000
20160224 41180 41560 38180 39520 93497.00 372560000
20160223 40900 42300 40500 41880 109676.00 453330000
20160222 39200 41600 38540 41080 121154.00 484220000
20160219 37960 38540 37510 38500 71761.00 272920000
20160218 38150 39320 37180 38300 103799.00 396100000
20160217 36550 37980 36160 37190 72234.00 267710000
20160216 35350 37140 35330 36550 60739.00 221350000
20160215 34540 35960 33900 35200 51356.00 179260000
20160205 38400 38950 36680 36690 70337.00 264050000
20160204 36990 39900 36950 38620 103480.00 401110000
20160203 36870 37250 35550 36750 60729.00 221030000
20160202 36000 38050 35910 37560 82276.00 307190000
20160201 35800 37480 35020 36590 75100.00 272950000
20160129 35100 37500 34500 36500 89980.00 327660000
20160128 37250 37600 34850 35090 98691.00 357990000
20160127 34950 38970 34000 38700 136297.00 498140000
20160126 38400 38400 35600 35600 94349.00 346600000
20160125 38680 39800 37610 39560 148916.00 577380000
20160122 35500 38190 35020 38190 147136.00 551080000
20160121 37500 38160 34660 34720 95821.00 351370000
20160120 40000 40770 37900 38450 107663.00 425160000
20160119 39020 42500 39020 40990 125940.00 513150000
20160118 38880 41380 37610 39010 127698.00 501270000
20160115 46000 46680 41630 41630 131099.00 565390000
20160114 45180 48880 45180 46250 186274.00 862400000
20160113 50200 51000 50200 50200 128517.00 645800000
20160112 56320 58990 55780 55780 71491.00 403130000
20160111 59000 66080 56060 61980 292175.00 1772460000
20160108 60180 60180 58030 60180 119963.00 721530000
20160107 54710 54710 54710 54710 4599.00 25160000
20160106 49740 49740 49740 49740 654.00 3250000
20160105 45220 45220 45220 45220 4222.00 19090000
20160104 41110 41110 41110 41110 2475.00 10170000
20151231 37370 37370 37370 37370 436.00 1630000
20151230 33970 33970 33970 33970 486.00 1650000
20151229 30880 30880 30880 30880 117.00 360000
20151228 28070 28070 28070 28070 253.00 710000
20151225 25520 25520 25520 25520 133.00 340000
20151224 23200 23200 23200 23200 110.00 260000
20151223 21090 21090 21090 21090 70.00 150000
20151222 17240 19170 17240 19170 175.00 340000
