20200203 9630 10010 9630 9630 62730 61364944 3.55 1.51 -10.00 35487 27243 1.30 3.58
20200123 10900 11150 10410 10700 47907 51862813 6.80 1.34 -1.65 27699 20208 1.37 2.73
20200122 11310 11380 10720 10880 46847 51220508 5.91 1.57 -2.51 27906 18941 1.47 2.67
20200121 10760 11700 10760 11160 78470 87646000
20200120 10600 10750 10600 10740 17147 18306748 1.42 0.69 1.42 9039 8108 1.11 0.98
20200117 10580 10680 10540 10590 16878 17876865 1.32 0.63 0.19 10758 6120 1.76 0.96
20200116 10760 10780 10540 10570 19641 20919134 2.25 0.71 -1.03 11927 7714 1.55 1.12
20200115 10830 10910 10630 10680 17421 18659247 2.59 0.58 -1.11 11923 5498 2.17 0.99
20200114 10810 11050 10790 10800 35434 38554176 2.41 1.32 0.09 17982 17452 1.03 2.02
20200113 10590 10860 10540 10790 35450 38111251 2.97 1.39 0.00 15741 19709 0.80 2.02
20200110 10750 10890 10600 10790 25949 27904815 2.72 0.96 1.03 12277 13672 0.90 1.48
20200109 10430 10720 10420 10680 23883 25379972 2.89 0.88 2.89 9304 14580 0.64 1.36
20200108 10590 10600 10350 10380 30210 31665106 2.35 1.06 -2.54 19670 10540 1.87 1.72
20200107 10600 10750 10580 10650 18666 19874000
20200106 10650 10780 10580 10620 29205 31227076 1.85 1.02 -1.76 17999 11206 1.61 1.67
20200103 10670 10870 10660 10810 33353 35937963 1.97 1.32 1.22 18486 14867 1.24 1.90
20200102 10640 10720 10610 10680 25026 26707846 1.03 1.01 0.28 13395 11631 1.15 1.39
20191231 10420 10680 10320 10650 36757 39011693 3.45 1.44 2.01 14259 22498 0.63 2.04
20191230 10580 10580 10300 10440 24676 25662132 2.65 1.01 -1.32 15182 9494 1.60 1.37
20191227 10550 10660 10510 10580 22961 24273346 1.42 0.89 0.28 11481 11480 1.00 1.27
20191226 10550 10610 10440 10550 17375 18272158 1.62 0.61 0.48 8796 8579 1.03 0.96
20191225 10570 10710 10470 10500 22013 23207843 2.26 0.76 -0.94 13877 8137 1.71 1.22
20191224 10230 10640 10210 10600 40684 42909898 4.19 1.58 3.31 14869 25815 0.58 2.26
20191223 10310 10440 10250 10260 19567 20215701 1.83 0.76 -1.35 13072 6496 2.01 1.09
20191220 10480 10690 10390 10400 29227 30765578 2.87 1.21 -0.57 16074 13153 1.22 1.62
20191219 10280 10500 10230 10460 30596 31867630 2.63 1.42 1.75 14583 16012 0.91 1.70
20191218 10270 10330 10220 10280 25642 26331398 1.07 1.26 0.29 14311 11332 1.26 1.42
20191217 10090 10300 10070 10250 23988 24544530 2.27 1.21 0.99 11228 12760 0.88 1.33
20191216 10110 10160 10010 10150 19454 19642849 1.48 0.93 0.40 10418 9036 1.15 1.08
20191213 10020 10150 9980 10110 21383 21525523 1.70 1.12 1.10 8048 13335 0.60 1.19
20191212 10070 10140 9940 10000 17603 17590509 1.98 0.96 -1.19 9075 8528 1.06 0.98
20191211 9980 10120 9860 10120 19588 19599184 2.61 1.08 1.61 9408 10180 0.92 1.09
20191210 10050 10050 9870 9960 21223 21070000
20191209 10170 10200 10000 10020 24491 24602784 1.97 1.55 -1.28 15357 9134 1.68 1.36
20191206 10140 10170 10090 10150 12361 12517013 0.79 0.70 0.00 7246 5115 1.42 0.69
20191205 10260 10260 10100 10150 13976 14190474 1.58 0.72 0.10 8402 5574 1.51 0.78
20191204 10150 10320 10050 10140 18500 18824056 2.64 1.02 -0.88 10165 8335 1.22 1.03
20191203 9990 10280 9990 10230 13964 14173540 2.87 0.79 1.29 7592 6372 1.19 0.77
20191202 10180 10350 10070 10100 20419 20771183 2.72 1.18 -1.85 12991 7427 1.75 1.13
20191129 10560 10560 10150 10290 21544 22259326 3.88 1.16 -2.56 14090 7454 1.89 1.20
20191128 10360 10580 10310 10560 22338 23472217 2.61 1.20 1.93 8062 14277 0.56 1.24
20191127 10370 10470 10320 10360 12498 12989380 1.44 0.57 -0.86 6968 5531 1.26 0.69
20191126 10400 10480 10330 10450 11644 12113878 1.44 0.41 0.29 6688 4956 1.35 0.65
20191125 10370 10500 10270 10420 18714 19386980 2.22 0.67 0.48 10283 8431 1.22 1.04
20191122 10600 10720 10300 10370 27304 28652664 3.93 1.07 -3.08 17244 10060 1.71 1.51
20191121 10570 10740 10450 10700 22591 23907270 2.75 0.92 1.33 11285 11307 1.00 1.25
20191120 10780 10840 10530 10560 30004 31908624 2.90 1.36 -1.31 19192 10812 1.78 1.66
20191119 10330 10770 10230 10700 44624 47271883 5.26 2.72 4.19 19427 25197 0.77 2.48
20191118 10230 10290 10150 10270 15785 16153223 1.38 0.87 1.08 6822 8963 0.76 0.88
20191115 10240 10250 10140 10160 14807 15083671 1.08 0.81 -0.20 9497 5310 1.79 0.82
20191114 10240 10290 10000 10180 17258 17557194 2.85 0.95 0.00 10222 7036 1.45 0.96
20191113 10100 10270 10100 10180 17455 17780513 1.67 0.98 0.20 9467 7988 1.19 0.97
20191112 9950 10300 9950 10160 16798 16988507 3.51 0.81 1.80 7451 9347 0.80 0.93
20191111 10210 10260 9940 9980 24103 24202073 3.13 1.15 -2.25 15852 8251 1.92 1.34
20191108 10300 10330 10130 10210 16345 16719703 1.96 0.73 0.20 8983 7362 1.22 0.91
20191107 10100 10280 10100 10190 16146 16470561 1.76 0.67 -0.49 8462 7684 1.10 0.90
20191106 10300 10380 10150 10240 15711 16069339 2.23 0.59 -0.68 10272 5439 1.89 0.87
20191105 10660 10660 10200 10310 30838 31853897 4.38 0.97 -1.81 19092 11746 1.63 1.71
20191104 10530 10730 10320 10500 25877 27426798 3.89 0.71 -0.28 13210 12667 1.04 1.44
20191101 10300 10620 10300 10530 22704 23841319 3.09 0.51 1.74 10669 12035 0.89 1.26
20191031 10630 10730 10310 10350 25747 27021824 4.00 0.56 -1.43 12781 12966 0.99 1.43
20191030 10320 10670 10320 10500 27720 29197558 3.34 0.62 0.29 13979 13741 1.02 1.54
20191029 11050 11150 10460 10470 56109 60029398 6.27 1.43 -4.82 39383 16726 2.35 3.11
20191028 10900 11080 10870 11000 49650 54449739 1.89 1.41 -0.90 27906 21744 1.28 2.75
20191025 10460 11300 10460 11100 62188 68399938 7.94 2.09 4.91 26781 35407 0.76 3.45
20191024 10540 10850 10490 10580 32920 35043155 3.45 1.17 1.54 17315 15605 1.11 1.83
20191023 10510 10690 10410 10420 22192 23364145 2.64 0.71 -1.88 12607 9585 1.32 1.23
20191022 10230 10650 10230 10620 29751 31156692 4.08 0.80 3.11 12833 16917 0.76 1.65
20191021 10400 10400 10030 10300 28692 29230606 3.57 0.70 -0.68 15160 13532 1.12 1.59
20191018 10830 10830 10300 10370 35256 37010794 4.96 0.77 -2.90 22094 13162 1.68 1.96
20191017 10700 10850 10650 10680 24591 26406980 1.85 0.47 -1.02 15474 9117 1.70 1.36
20191016 11040 11150 10750 10790 37913 41507627 3.58 0.59 -3.40 24605 13308 1.85 2.10
20191015 10780 11200 10530 11170 59911 65146251 6.15 1.01 2.57 26387 33524 0.79 3.32
20191014 11110 11250 10860 10890 47981 52737533 3.56 0.83 -0.73 29343 18638 1.57 2.66
20191011 11090 11480 10930 10970 58967 65604630 5.06 1.05 0.83 33863 25104 1.35 3.27
20191010 10890 11190 10680 10880 58607 64256681 4.66 0.89 -0.55 34561 24046 1.44 3.25
20191009 10690 11290 10550 10940 95473 104155000
20191008 10010 10380 10010 10380 36199 36907176 3.70 0.40 3.80 16651 19548 0.85 2.01
20190930 10230 10270 9950 10000 40324 40545085 3.12 0.36 -2.63 25979 14345 1.81 2.24
20190927 10220 10350 10070 10270 50035 51126281 2.75 0.34 0.69 24948 25087 0.99 2.78
20190926 10980 11000 10020 10200 108369 113201495 8.85 0.59 -7.86 68122 40247 1.69 6.01
20190925 11440 11700 10950 11070 128906 144991000
20190924 11760 12290 11660 11770 121371 144489389 5.30 0.61 -0.93 68578 52793 1.30 6.73
20190923 12100 12450 11770 11880 148728 179100068 5.45 0.84 -4.73 88166 60562 1.46 8.25
20190920 12010 12980 12010 12470 227182 283904768 8.08 1.64 3.83 111828 115354 0.97 12.60
20190919 12000 12590 11650 12010 291914 355153344 7.77 3.30 -0.74 147731 144184 1.02 16.19
20190918 12100 12100 11610 12100 304530 363669664 4.45 6.96 10.00 153363 151168 1.01 16.89
20190917 11000 11000 11000 11000 14819 16300944 0.00 0.27 10.00 14819 - - 0.82
20190916 10290 10330 9940 10000 46955 47545884 3.79 0.80 -2.72 30311 16644 1.82 2.60
20190912 10180 10320 10100 10280 36417 37125611 2.16 0.52 0.98 21126 15291 1.38 2.02
20190911 10400 10400 10160 10180 39658 40559000
20190910 10090 10500 9980 10340 80990 82947250 5.11 0.68 1.67 42810 38180 1.12 4.49
20190909 10080 10280 9910 10170 75084 75826252 3.69 0.63 1.50 39477 35607 1.11 4.17
20190906 9990 10040 9810 10020 60930 60569003 2.30 0.56 0.30 32087 28843 1.11 3.38
20190905 9910 10190 9770 9990 96747 96148701 4.24 1.04 0.81 54962 41785 1.32 5.37
20190904 9960 10240 9750 9910 133358 132336512 4.77 1.92 -3.60 78218 55140 1.42 7.40
20190903 10130 10850 9990 10280 231380 242066000
20190902 9860 9860 9500 9860 71419 70008000
20190830 9050 9120 8840 8960 15131 13571533 3.10 0.61 -0.67 10086 5045 2.00 0.84
20190829 9000 9140 8940 9020 14740 13291698 2.21 0.61 -0.44 8380 6361 1.32 0.82
20190828 9190 9200 9060 9060 14469 13175626 1.53 0.62 -0.88 9376 5093 1.84 0.80
20190827 9200 9360 9130 9140 37923 34961708 2.51 2.09 -0.11 23226 14697 1.58 2.10
20190826 8770 9260 8670 9150 37815 34244155 6.64 2.64 2.92 17212 20603 0.84 2.10
20190823 8850 9000 8760 8890 19177 17044225 2.72 1.50 0.68 10131 9046 1.12 1.06
20190822 8840 8880 8750 8830 11440 10083728 1.47 0.88 -0.11 6579 4861 1.35 0.63
20190821 8740 8840 8740 8840 9578 8425566 1.14 0.77 1.14 5173 4406 1.17 0.53
20190820 8800 8900 8720 8740 12898 11334178 2.04 1.10 -0.79 8269 4629 1.79 0.72
20190819 8630 8890 8600 8810 18634 16287509 3.36 1.94 2.20 7708 10926 0.71 1.03
20190816 8640 8720 8600 8620 11243 9744627 1.38 1.19 -0.58 5918 5325 1.11 0.62
20190815 8510 8730 8370 8670 12551 10778198 4.13 1.44 -0.46 7237 5314 1.36 0.70
20190814 8790 8830 8680 8710 6899 6026758 1.73 0.75 0.23 4064 2835 1.43 0.38
20190813 8730 8760 8660 8690 9300 8092306 1.13 0.82 -1.47 7560 1740 4.34 0.52
20190812 8740 8890 8690 8820 8124 7117000
20190809 8780 8850 8650 8740 10461 9143974 2.29 0.88 0.11 4655 5806 0.80 0.58
20190808 8640 8810 8640 8730 8755 7640938 1.97 0.70 1.16 4098 4657 0.88 0.49
20190807 8780 8800 8630 8630 9082 7914696 1.96 0.69 -0.69 5352 3730 1.43 0.50
20190806 8730 8850 8600 8690 20032 17433940 2.81 1.48 -2.36 12325 7707 1.60 1.11
20190805 9000 9040 8870 8900 10292 9208161 1.90 0.51 -0.34 5714 4578 1.25 0.57
20190802 9030 9030 8800 8930 11517 10321057 2.52 0.61 -2.08 6787 4730 1.43 0.64
20190801 9000 9150 8950 9120 11221 10188811 2.21 0.61 0.88 5836 5385 1.08 0.62
20190731 9150 9150 9010 9040 12339 11172575 1.53 0.69 -1.20 8603 3736 2.30 0.68
20190730 9220 9350 9110 9150 22501 20699634 2.59 1.48 -1.08 14331 8170 1.75 1.25
20190729 8920 9750 8880 9250 42512 39744733 9.75 4.54 3.70 20442 22069 0.93 2.36
20190726 8830 8940 8830 8920 6439 5725435 1.24 0.69 0.22 3257 3182 1.02 0.36
20190725 8790 9000 8790 8900 7993 7113477 2.36 0.74 0.11 3942 4051 0.97 0.44
20190724 8800 8940 8740 8890 10586 9395871 2.29 0.90 1.83 4093 6494 0.63 0.59
20190723 8600 8790 8600 8730 8726 7615044 2.19 0.73 0.81 4635 4091 1.13 0.48
20190722 8900 8950 8620 8660 13043 11387093 3.71 0.96 -2.59 8541 4501 1.90 0.72
20190719 8840 8990 8840 8890 6431 5740798 1.70 0.35 0.79 2770 3661 0.76 0.36
20190718 9010 9010 8820 8820 15106 13415785 2.11 0.72 -2.22 10662 4444 2.40 0.84
20190717 9040 9140 8980 9020 15277 13784043 1.77 0.75 -0.33 7237 8040 0.90 0.85
20190716 9050 9150 8980 9050 10122 9175168 1.88 0.50 0.11 6005 4118 1.46 0.56
20190715 9090 9170 8850 9040 21086 18942928 3.48 1.08 -1.63 9598 11488 0.84 1.17
20190712 9290 9380 9170 9190 29185 27023176 2.20 1.81 -3.57 16483 12701 1.30 1.62
20190711 8900 9580 8760 9530 29531 27138312 9.26 2.28 7.56 15977 13554 1.18 1.64
20190710 8990 8990 8830 8860 11317 10036728 1.79 0.80 -0.67 6762 4555 1.48 0.63
20190709 8830 9050 8830 8920 9240 8243707 2.48 0.59 0.56 4470 4771 0.94 0.51
20190708 9270 9290 8850 8870 18496 16628405 4.76 1.07 -4.11 13149 5347 2.46 1.03
20190705 9330 9350 9170 9250 12094 11178049 1.95 0.68 0.33 5498 6597 0.83 0.67
20190704 9280 9300 9180 9220 13714 12664000 1.30 0.77 -0.11 7201 6513 1.11 0.76
20190703 9350 9420 9170 9230 17556 16344435 2.68 1.02 -1.07 10411 7145 1.46 0.97
20190702 9530 9530 9300 9330 16567 15511752 2.43 0.88 -1.27 10211 6356 1.61 0.92
20190701 9250 9570 9210 9450 26702 25063481 3.94 1.40 3.50 10817 15885 0.68 1.48
20190628 9350 9350 9080 9130 14233 13068714 2.91 0.68 -1.72 9953 4280 2.33 0.79
20190627 9330 9390 9250 9290 14427 13466553 1.51 0.66 0.32 6986 7441 0.94 0.80
20190626 9300 9480 9240 9260 14156 13186184 2.57 0.63 -0.75 8039 6117 1.31 0.79
20190625 9420 9460 9220 9330 24300 22679981 2.53 1.20 -1.58 14212 10088 1.41 1.35
20190624 9200 9490 9140 9480 28513 26513649 3.79 1.70 2.71 10814 17698 0.61 1.58
20190621 9200 9300 9120 9230 22703 20900040 1.99 1.51 1.88 10117 12586 0.80 1.26
20190620 8990 9120 8940 9060 19665 17791376 2.01 1.45 1.12 8381 11284 0.74 1.09
20190619 8940 9180 8920 8960 17670 15858544 2.94 1.37 1.36 7532 10138 0.74 0.98
20190618 9000 9030 8830 8840 12725 11315198 2.22 0.90 -1.78 8166 4559 1.79 0.71
20190617 9050 9180 8940 9000 11303 10206976 2.65 0.71 -0.55 6159 5144 1.20 0.63
20190614 9220 9260 8930 9050 14042 12773069 3.62 0.81 -0.77 8778 5264 1.67 0.78
20190613 9050 9120 8970 9120 12139 10997374 1.66 0.72 1.11 6542 5597 1.17 0.67
20190612 9130 9200 9010 9020 14188 12906761 2.08 0.85 -1.10 8149 6039 1.35 0.79
20190611 8780 9170 8780 9120 19095 17203532 4.43 1.15 3.64 8022 11073 0.72 1.06
20190610 9100 9250 8700 8880 19596 17430760 6.06 1.23 -2.09 10884 8712 1.25 1.09
20190606 9500 9510 9020 9070 21722 19896729 5.18 1.42 -4.12 14229 7492 1.90 1.21
20190605 9510 9660 9390 9460 9957 9443781 2.85 0.54 -0.21 5943 4014 1.48 0.55
20190604 9500 9600 9410 9480 13111 12427800 1.99 0.55 -0.84 8692 4419 1.97 0.73
20190603 9720 9820 9500 9560 18293 17594720 3.28 0.75 -1.95 11927 6366 1.87 1.02
20190531 9790 9950 9640 9750 16471 16069088 3.17 0.69 -0.31 10601 5871 1.81 0.91
20190530 9940 9940 9710 9780 18883 18484022 2.31 0.78 -1.61 11736 7147 1.64 1.05
20190529 10050 10230 9930 9940 25388 25538000
20190528 10000 10380 9870 10020 39393 40135218 5.17 1.79 1.62 20380 19013 1.07 2.19
20190527 9510 9940 9450 9860 22324 21913511 5.14 0.90 3.35 9352 12972 0.72 1.24
20190524 9510 9690 9510 9540 14095 13536725 1.87 0.48 -0.63 7146 6949 1.03 0.78
20190523 9930 9990 9580 9600 20547 20066296 4.15 0.66 -2.74 13223 7324 1.81 1.14
20190522 9830 10000 9830 9870 21163 20969963 1.72 0.58 0.00 11702 9461 1.24 1.17
20190521 9610 9960 9610 9870 31909 31389450 3.65 0.89 3.03 14152 17757 0.80 1.77
20190520 9680 9860 9360 9580 35659 34069522 5.02 1.01 -3.82 18688 16971 1.10 1.98
20190517 10310 10390 9930 9960 36250 36568883 4.45 0.90 -3.68 24689 11561 2.14 2.01
20190516 10330 10500 10200 10340 31236 32147260 2.89 0.62 -0.29 18483 12752 1.45 1.73
20190515 10100 11000 10100 10370 47921 49969176 8.93 1.03 2.88 24487 23434 1.04 2.66
20190514 10000 10180 9850 10080 27237 27383369 3.25 0.56 -0.79 17500 9736 1.80 1.51
20190513 10110 10370 10110 10160 34409 35088075 2.50 0.63 -2.31 20842 13567 1.54 1.91
20190510 10170 10400 9820 10400 60839 62014328 5.76 1.19 3.28 30205 30634 0.99 3.38
20190509 10300 11000 10010 10070 80323 84032196 9.46 1.57 -3.82 48727 31596 1.54 4.46
20190508 9490 10470 9350 10470 29989 30783834 11.76 0.45 9.98 21856 8133 2.69 1.66
20190507 9440 9750 9300 9520 37403 35535568 4.77 0.43 0.95 19494 17908 1.09 2.08
20190506 9970 9970 9210 9430 65570 63038160 7.45 0.57 -7.55 34362 31208 1.10 3.64
20190430 10100 10300 10010 10200 42936 43543518 2.88 0.27 1.29 24398 18538 1.32 2.38
20190429 10780 10850 9980 10070 80422 82982117 8.19 0.56 -5.18 47947 32475 1.48 4.46
20190426 11440 11460 10520 10620 107256 115785278 8.19 0.79 -7.49 64989 42267 1.54 5.95
20190425 11610 12430 11300 11480 139587 164569654 9.74 1.25 -1.03 77542 62044 1.25 7.75
20190424 12240 12580 11570 11600 203752 241029725 7.86 2.52 -9.73 103145 100607 1.03 11.31
20190423 15320 15320 12580 12850 265457 380119744 19.67 7.64 -7.75 147073 118385 1.24 14.74
20190422 13930 13930 13930 13930 6119 8523349 0.00 0.15 10.03 6119 - - 0.34
20190404 11830 12880 11790 12660 62036 76649557 9.25 1.59 7.38 24155 37881 0.64 3.44
20190403 11990 11990 11630 11790 22658 26703995 3.04 0.60 -0.42 13568 9090 1.49 1.26
20190402 11350 12000 11220 11840 48225 55783173 6.86 1.54 4.13 20862 27363 0.76 2.68
20190401 11400 11500 11150 11370 34617 39189606 3.13 1.18 1.61 19157 15459 1.24 1.93
20190329 11030 11500 10930 11190 41364 46450464 5.21 1.69 2.19 21579 19786 1.09 2.31
20190328 10660 11200 10540 10950 48641 53192095 6.26 2.59 3.79 20051 28591 0.70 2.71
20190327 10440 10600 10420 10550 14866 15629783 1.72 0.71 1.05 7064 7802 0.91 0.83
20190326 10770 10770 10320 10440 17292 18235693 4.21 0.74 -2.25 10484 6808 1.54 0.96
20190325 10650 10800 10500 10680 24345 25934622 2.80 0.90 -0.28 13956 10389 1.34 1.36
20190322 10940 10940 10710 10710 17130 18468177 2.12 0.52 -1.11 9027 8103 1.11 0.96
20190321 10730 10930 10710 10830 20218 21843179 2.05 0.45 1.03 10372 9846 1.05 1.13
20190320 10910 10980 10620 10720 26403 28383545 3.28 0.42 -2.37 14667 11737 1.25 1.47
20190319 10830 11150 10800 10980 28204 31005447 3.21 0.43 0.83 15514 12690 1.22 1.57
20190318 10790 11050 10500 10890 42558 45842214 5.06 0.65 0.09 25083 17475 1.44 2.37
20190315 10360 11200 10010 10880 46341 48180849 11.66 0.71 6.56 23655 22686 1.04 2.59
20190314 10620 10790 9880 10210 81317 83896610 8.29 1.35 -7.01 52311 29006 1.80 4.54
20190313 10230 11120 10140 10980 113128 123013118 9.69 2.37 8.61 54511 58617 0.93 6.31
20190312 10220 10360 9990 10110 42577 43349903 3.68 0.92 0.60 19056 23522 0.81 2.38
20190311 9600 10150 9600 10050 43238 43206826 5.78 0.93 5.68 18667 24571 0.76 2.41
20190308 10230 10230 9480 9510 44851 44106901 7.32 0.91 -7.13 30380 14471 2.10 2.50
20190307 10150 10380 10010 10240 58001 59176035 3.67 1.17 1.49 24092 33909 0.71 3.24
20190306 10150 10290 10010 10090 49748 50287123 2.75 0.77 -0.88 27503 22245 1.24 2.78
20190305 10120 10250 9960 10180 34865 35187601 2.87 0.42 0.59 16147 18718 0.86 1.95
20190304 10200 10300 9920 10120 45297 45808811 3.76 0.52 0.20 25697 19599 1.31 2.53
20190301 9650 10240 9570 10100 57478 57614655 6.94 0.67 4.55 25353 32125 0.79 3.21
20190228 9880 10080 9630 9660 59908 58893090 4.42 0.78 -5.01 35307 24601 1.44 3.34
20190227 9450 10260 9250 10170 125645 123187672 10.71 2.30 7.85 62313 63332 0.98 7.01
20190226 8510 9430 8500 9430 128352 119307865 10.85 3.83 10.04 76027 52325 1.45 7.16
20190225 8220 8730 8220 8570 63459 53922831 6.25 2.46 5.02 31602 31857 0.99 3.54
20190222 7990 8460 7910 8160 50864 41713862 6.92 2.52 2.64 21558 29306 0.74 2.84
20190221 8020 8060 7950 7950 16920 13569281 1.37 0.79 -1.00 9234 7687 1.20 0.94
20190220 8190 8190 7980 8030 13628 10965962 2.62 0.62 0.00 7879 5749 1.37 0.76
20190219 8050 8170 7930 8030 22484 18047938 2.97 1.13 -0.50 12053 10431 1.16 1.25
20190218 7960 8180 7960 8070 24946 20141628 2.77 1.54 1.51 14243 10703 1.33 1.39
20190215 7770 7970 7750 7950 23112 18253508 2.82 1.82 2.05 8496 14617 0.58 1.29
20190214 7580 7870 7580 7790 22564 17508017 3.79 2.10 1.83 10295 12269 0.84 1.26
20190213 7550 7700 7460 7650 16102 12225734 3.17 1.78 1.19 6059 10043 0.60 0.90
20190212 7440 7560 7330 7560 12806 9582927 3.09 1.33 1.61 5500 7306 0.75 0.71
20190211 7290 7440 7240 7440 6174 4556549 2.75 0.55 2.20 2121 4053 0.52 0.34
20190201 7060 7320 7060 7280 5840 4227475 3.68 0.46 3.12 2810 3029 0.93 0.33
20190131 7110 7220 7020 7060 12882 9154265 2.80 0.97 -1.12 8737 4145 2.11 0.72
20190130 7220 7250 7090 7140 7557 5420115 2.22 0.43 -0.97 4058 3499 1.16 0.42
20190129 7370 7390 6910 7210 15684 11280229 6.51 0.95 -2.17 7559 8125 0.93 0.88
20190128 7480 7530 7350 7370 13851 10286288 2.41 0.89 -1.21 8670 5181 1.67 0.77
20190125 7430 7510 7380 7460 13195 9823229 1.74 0.91 -0.27 7336 5859 1.25 0.74
20190124 7550 7550 7410 7480 15869 11869878 1.85 1.22 -1.32 7021 8848 0.79 0.89
20190123 7460 7870 7430 7580 28347 21715723 5.95 3.19 2.57 13606 14741 0.92 1.58
20190122 7540 7540 7320 7390 11233 8351387 2.92 1.29 -1.99 7205 4028 1.79 0.63
20190121 7480 7650 7460 7540 9204 6967183 2.52 1.12 0.00 4712 4492 1.05 0.51
20190118 7510 7620 7420 7540 7974 5992580 2.66 1.04 0.40 4280 3694 1.16 0.44
20190117 7610 7670 7490 7510 8296 6280083 2.37 1.06 -1.31 5388 2909 1.85 0.46
20190116 7640 7650 7570 7610 7758 5908990 1.05 1.00 0.26 3023 4735 0.64 0.43
20190115 7520 7560 7360 7410 6819 5081733 2.66 0.85 -1.46 4694 2126 2.21 0.38
20190114 7520 7560 7360 7410 6820 5082000
20190111 7480 7580 7450 7520 5337 4007000
20190110 7530 7670 7400 7480 8987 6791000
20190109 7630 7680 7510 7530 7229 5503792 2.24 0.81 -0.66 3642 3587 1.02 0.40
20190108 7590 7600 7470 7580 7814 5896905 1.72 0.83 0.00 4126 3688 1.12 0.44
20190107 7430 7620 7430 7580 10801 8142684 2.57 1.19 2.43 4574 6228 0.73 0.60
20190104 7170 7460 7130 7400 9498 6979688 4.54 1.06 1.79 3458 6041 0.57 0.53
20190103 7260 7380 7250 7270 8231 6012749 1.80 0.87 0.41 4411 3820 1.15 0.46
20190102 7160 7260 7120 7240 8192 5907752 1.95 0.84 0.98 3750 4442 0.84 0.46
20181228 7280 7280 7100 7170 10282 7395086 2.47 0.86 -1.51 6169 4113 1.50 0.57
20181227 7380 7490 7260 7280 9247 6757798 3.16 0.78 0.14 5160 4086 1.26 0.52
20181226 7370 7420 7260 7270 8733 6392255 2.18 0.74 -0.95 4961 3772 1.32 0.49
20181225 7300 7370 7100 7340 10651 7699100 3.66 0.97 -0.54 5912 4739 1.25 0.59
20181224 7400 7490 7280 7380 9782 7236951 2.85 0.92 0.00 4929 4852 1.02 0.55
20181221 7140 7650 7140 7380 21190 15734086 7.10 2.26 2.79 10230 10960 0.93 1.18
20181220 7190 7250 7040 7180 8563 6123829 2.95 0.85 0.84 4913 3650 1.35 0.48
20181219 7360 7440 7100 7120 8669 6236878 4.65 0.85 -2.60 6074 2595 2.34 0.48
20181218 7300 7410 7180 7310 6876 5031000
20181217 7400 7490 7330 7450 7715 5721724 2.16 0.66 0.54 4775 2941 1.62 0.43
20181214 7730 7780 7340 7410 14996 11332413 5.69 1.15 -4.14 8914 6082 1.47 0.84
20181213 7720 7820 7630 7730 12089 9356560 2.49 0.92 1.31 5640 6449 0.87 0.67
20181212 7800 7880 7620 7630 9029 6972195 3.33 0.66 -2.18 6309 2720 2.32 0.50
20181211 7720 7830 7660 7800 7495 5813171 2.20 0.49 0.78 4750 2745 1.73 0.42
20181210 7840 7860 7650 7740 14550 11251233 2.68 0.77 -1.28 8048 6502 1.24 0.81
20181207 8110 8150 7790 7840 21838 17179516 4.46 1.30 -2.97 13029 8809 1.48 1.22
20181206 8190 8320 8030 8080 12958 10541445 3.52 0.78 -1.82 8540 4417 1.93 0.72
20181205 8190 8350 8070 8230 11949 9838824 3.37 0.70 -0.96 5558 6391 0.87 0.67
20181204 8230 8380 8210 8310 14912 12350693 2.05 0.83 0.36 8177 6736 1.21 0.83
20181203 8420 8420 8240 8280 33253 27748944 2.24 2.38 2.86 17187 16066 1.07 1.86
20181130 7880 8080 7820 8050 10763 8617176 3.29 0.58 1.90 4519 6244 0.72 0.60
20181129 8200 8290 7850 7900 12513 10075077 5.39 0.59 -3.19 7951 4561 1.74 0.70
20181128 7970 8160 7910 8160 14438 11688474 3.14 0.66 2.38 5116 9323 0.55 0.81
20181127 8050 8150 7960 7970 18758 15092779 2.37 0.80 -0.75 12366 6392 1.93 1.05
20181126 8000 8120 7890 8030 13414 10776979 2.86 0.51 -0.12 7471 5943 1.26 0.75
20181123 8400 8450 7560 8040 33355 26746098 10.61 1.26 -4.17 22094 11261 1.96 1.86
20181122 8230 8520 8230 8390 26295 22064987 3.52 1.05 1.70 14138 12157 1.16 1.47
20181121 7900 8300 7900 8250 16790 13724560 4.92 0.64 1.48 7330 9460 0.77 0.94
20181120 8150 8460 8029 8130 28093 22970000
20181119 8000 8260 8000 8130 26729 21700000
20181116 7870 8290 7860 8160 34699 28208000
20181115 7740 7930 7700 7850 18739 14668045 2.99 1.02 2.08 8491 10248 0.83 1.05
20181114 7670 7830 7650 7690 22605 17503911 2.33 1.29 -0.39 12014 10591 1.13 1.26
20181113 7500 7820 7460 7720 26177 20064527 4.76 1.47 2.12 10481 15696 0.67 1.46
20181112 7380 7580 7330 7560 17687 13258708 3.42 0.97 3.28 5039 12648 0.40 0.99
20181109 7290 7420 7280 7320 11818 8679961 1.90 0.56 -0.68 5892 5927 0.99 0.66
20181108 7440 7530 7340 7370 13873 10321627 2.56 0.65 -0.67 8432 5441 1.55 0.77
20181107 7430 7560 7410 7420 18244 13640809 1.97 0.87 -2.37 11383 6862 1.66 1.02
20181106 7300 7870 7200 7600 27708 20624028 9.13 1.56 3.54 12857 14851 0.87 1.55
20181105 7380 7480 7250 7340 19201 14095169 3.16 1.11 0.69 9427 9774 0.96 1.07
20181102 7140 7350 7140 7290 26329 19073237 2.95 1.79 2.53 13185 13143 1.00 1.47
20181101 7040 7190 7040 7110 15900 11319298 2.12 1.05 0.57 7717 8183 0.94 0.89
20181031 6980 7150 6980 7070 15509 10962564 2.43 1.04 0.86 6579 8930 0.74 0.87
20181030 7090 7090 6820 7010 11976 8313808 3.85 0.70 0.00 6845 5131 1.33 0.67
20181029 6910 7120 6780 7010 16591 11623192 4.89 0.88 0.86 6779 9811 0.69 0.93
20181026 7000 7010 6870 6950 13569 9413569 2.03 0.67 0.87 5868 7701 0.76 0.76
20181025 6780 6960 6670 6890 17720 12079646 4.17 0.84 -1.01 9502 8218 1.16 0.99
20181024 6880 7070 6880 6960 14635 10208885 2.73 0.61 -0.14 6356 8279 0.77 10.45
20181023 6940 7160 6860 6970 23486 16448379 4.32 0.94 0.43 12458 11028 1.13 1.31
20181022 6680 7010 6680 6940 25161 17362357 4.95 0.90 4.20 13147 12014 1.09 1.40
20181019 6500 6710 6370 6660 20304 13284711 5.22 0.51 2.30 10850 9454 1.15 1.13
20181018 6790 6980 6480 6510 21380 14094010 7.27 0.54 -5.38 12080 9300 1.30 1.19
20181017 7120 7240 6610 6880 28657 19773655 8.96 0.80 -2.13 18080 10577 1.71 1.60
20181016 7440 7480 7030 7030 29503 21325570 6.03 0.92 -5.76 20143 9360 2.15 1.65
20181015 7550 7650 7310 7460 39215 29345191 4.35 1.46 -4.60 23820 15395 1.55 2.19
20181012 8110 8110 7580 7820 81053 64298586 7.19 6.64 6.11 47029 34025 1.38 4.52
20181011 7620 7720 7270 7370 19730 14833158 5.80 1.83 -5.03 11609 8122 1.43 1.10
20181010 7850 7850 7590 7760 10216 7888162 3.41 0.95 1.84 4878 5338 0.91 0.57
20181009 7840 7840 7550 7620 9325 7154192 3.78 0.89 -0.65 5399 3927 1.37 0.52
20181008 7910 7910 7630 7670 14207 11054971 3.52 1.43 -3.52 8894 5313 1.67 0.79
20180928 7860 8010 7860 7950 7583 6034873 1.91 0.76 1.02 3204 4379 0.73 0.42
20180927 8040 8100 7860 7870 12599 10066167 2.97 1.30 -2.60 8020 4579 1.75 0.70
20180926 8100 8180 8060 8080 10111 8201627 1.48 1.07 -0.25 5852 4259 1.37 0.56
20180925 8110 8140 8060 8100 7685 6216386 0.98 0.70 -0.61 3998 3687 1.08 0.43
20180921 7990 8170 7990 8150 11616 9400703 2.24 1.15 1.62 4302 7314 0.59 0.65
20180920 8060 8100 7990 8020 7771 6242415 1.36 0.70 -0.50 4052 3719 1.09 0.43
20180919 7940 8130 7860 8060 11389 9151327 3.40 1.02 1.51 5472 5917 0.92 0.64
20180918 7890 7950 7760 7940 8908 7021989 2.42 0.80 1.02 4205 4703 0.89 0.50
20180917 8000 8040 7740 7860 15471 12142815 3.74 1.42 -2.00 8603 6867 1.25 0.86
20180914 8100 8100 8010 8020 7150 5745353 1.12 0.59 -0.62 4998 2152 2.32 0.40
20180913 8120 8270 7980 8070 12916 10411374 3.57 0.93 -0.62 7050 5866 1.20 0.72
20180912 7920 8170 7910 8120 11193 9051620 3.25 0.75 1.63 4212 6981 0.60 0.62
20180911 8000 8080 7930 7990 8654 6930383 1.88 0.53 0.13 4346 4308 1.01 0.48
20180910 8120 8200 7920 7980 14582 11784313 3.48 0.93 -0.87 7040 7542 0.93 0.81
20180907 8020 8290 8010 8050 13027 10583255 3.45 0.82 -0.74 6407 6620 0.97 0.73
20180906 8220 8220 7610 8110 21630 17385454 7.41 1.57 -1.46 12549 9081 1.38 1.21
20180905 8400 8410 8220 8230 17001 14086147 2.26 1.29 -2.02 10684 6317 1.69 0.95
20180904 8210 8480 8170 8400 14767 12256357 3.78 1.18 2.31 6850 7917 0.87 0.82
20180903 8370 8370 8130 8210 11630 9555669 2.90 0.88 -0.97 5606 6024 0.93 0.65
20180831 8230 8430 8210 8290 13930 11597257 2.67 1.13 0.48 5633 8297 0.68 0.78
20180830 8510 8560 8240 8250 11694 9792992 3.76 0.97 -3.06 7163 4531 1.58 0.65
20180829 8500 8600 8460 8510 13821 11768329 1.65 1.26 0.24 6330 7491 0.85 0.77
20180828 8460 8550 8400 8490 11450 9729045 1.77 0.99 0.35 5855 5595 1.05 0.64
20180827 8320 8480 8280 8460 15547 13096851 2.41 1.28 1.81 7230 8317 0.87 0.87
20180824 8230 8360 8230 8310 9237 7670518 1.56 0.67 0.00 5526 3711 1.49 0.52
20180823 8220 8350 8180 8310 10227 8477602 2.07 0.72 1.09 5236 4991 1.05 0.57
20180822 8400 8490 8190 8220 8287 6886647 3.58 0.53 -2.03 5714 2573 2.22 0.46
20180821 8420 8480 8200 8390 14367 12010485 3.33 0.97 -0.24 7776 6592 1.18 0.80
20180820 8070 8700 8070 8410 18552 15463208 7.78 1.28 3.83 9977 8575 1.16 1.04
20180817 8580 8620 8070 8100 17883 14862427 6.48 1.22 -4.59 10827 7056 1.53 1.00
20180816 8530 8610 8410 8490 11476 9782029 2.33 0.74 -0.93 7121 4354 1.64 0.64
20180815 8820 8860 8510 8570 15368 13290830 3.95 1.06 -3.27 10980 4388 2.50 0.86
20180814 8900 8920 8750 8860 10848 9572569 1.91 0.71 -0.45 7141 3707 1.93 0.61
20180813 8660 8930 8660 8900 16760 14788697 3.06 1.10 1.02 8483 8278 1.02 0.94
20180810 8610 8950 8610 8810 18851 16621333 3.92 1.33 1.61 9536 9315 1.02 1.05
20180809 8430 8740 8380 8670 15370 13267080 4.26 0.95 2.60 6460 8911 0.72 0.86
20180808 8630 8670 8450 8450 10824 9235996 2.55 0.64 -2.20 7365 3459 2.13 0.60
20180807 8680 8680 8400 8640 14237 12200202 3.33 0.85 2.86 5967 8271 0.72 0.79
20180806 8710 8780 8380 8400 16694 14291404 4.60 0.90 -3.45 10225 6469 1.58 0.93
20180803 8810 8970 8700 8700 13519 11941628 3.06 0.62 -1.36 8965 4554 1.97 0.75
20180802 9190 9190 8650 8820 25719 22719061 5.88 1.11 -4.03 13676 12044 1.14 1.43
20180801 9250 9390 9150 9190 13953 12899564 2.58 0.46 -1.18 9471 4482 2.11 0.78
20180731 9250 9430 9200 9300 13693 12757214 2.48 0.41 0.32 7714 5979 1.29 0.76
20180730 9600 9600 9170 9270 26085 24429919 4.47 0.64 -3.64 18693 7392 2.53 1.46
20180727 9850 9860 9520 9620 28961 27974598 3.45 0.68 -2.43 19476 9485 2.05 1.62
20180726 9830 9980 9740 9860 33524 33107386 2.43 0.84 0.00 17034 16490 1.03 1.87
20180725 9460 10460 9400 9860 50233 49696831 11.13 1.41 3.57 25382 24851 1.02 2.80
20180724 9360 9580 9250 9520 30206 28615578 3.51 0.86 1.38 14049 16157 0.87 1.69
20180723 9820 9980 9090 9390 61102 58243618 8.86 2.00 -6.47 36062 25040 1.44 3.41
20180720 9720 10100 9670 10040 37473 37184926 4.39 1.01 2.45 15450 22023 0.70 2.09
20180719 9780 10040 9780 9800 21224 20989264 2.63 0.49 -0.91 11812 9412 1.25 1.18
20180718 10030 10130 9880 9890 27657 27614021 2.52 0.55 -0.20 16803 10854 1.55 1.54
20180717 9860 9980 9720 9910 28351 27902651 2.62 0.45 -0.30 15978 12373 1.29 1.58
20180716 10110 10230 9790 9940 38254 38076706 4.34 0.62 -1.88 24603 13651 1.80 2.13
20180713 9930 10580 9830 10130 70259 71911961 7.55 1.30 1.91 36525 33733 1.08 3.92
20180712 9650 10080 9650 9940 50794 50460167 4.39 1.02 1.43 25079 25715 0.98 2.83
20180711 9520 9850 9510 9800 62170 60027158 3.41 1.43 -1.61 34805 27365 1.27 3.47
20180710 9360 10350 9360 9960 95317 95263489 10.52 2.84 5.84 55287 40030 1.38 5.32
20180709 9080 9480 9050 9410 32448 30222612 4.76 0.93 4.21 13793 18654 0.74 1.81
20180706 9000 9230 8760 9030 29202 26390614 5.22 0.77 0.22 16406 12797 1.28 1.63
20180705 9440 9570 8990 9010 29129 26911922 6.12 0.76 -4.86 18976 10153 1.87 1.63
20180704 9570 9700 9290 9470 31016 29359314 4.24 0.81 -1.97 20781 10235 2.03 1.73
20180703 9350 9880 9220 9660 46246 44173212 7.08 1.30 3.65 20413 25833 0.79 2.58
20180702 9460 9690 9150 9320 38455 36394113 5.66 1.12 -2.31 22331 16124 1.38 2.15
20180629 9130 9660 9130 9540 45765 43199270 5.77 1.42 3.92 19593 26172 0.75 2.55
20180628 9000 9290 9000 9180 29887 27456387 3.17 0.80 0.22 16884 13004 1.30 1.67
20180627 9220 9380 9110 9160 30190 27896611 2.90 0.71 -1.61 18709 11481 1.63 1.68
20180626 8850 9340 8850 9310 33817 30918738 5.41 0.69 2.76 14865 18952 0.78 1.89
20180625 9270 9400 9050 9060 32239 29644976 3.80 0.57 -1.63 20050 12189 1.65 1.80
20180622 8880 9250 8720 9210 34881 31782211 5.84 0.51 1.54 17473 17408 1.00 1.95
20180621 9500 9580 8950 9070 55031 51107551 6.63 0.63 -4.53 32722 22309 1.47 3.07
20180620 9150 9600 8910 9500 56472 52802730 7.36 0.57 1.39 26573 29899 0.89 3.15
20180619 10130 10180 9370 9370 66315 64355902 7.78 0.67 -9.99 39724 26591 1.49 3.70
20180615 11030 11030 10360 10410 71163 75881934 6.03 0.69 -6.38 45746 25417 1.80 3.97
20180614 11350 11610 10810 11120 92913 104581817 6.95 0.93 -3.39 51735 41178 1.26 5.18
20180613 11220 11980 11100 11510 148057 170933464 7.69 1.62 0.52 74690 73367 1.02 8.26
20180612 10900 11800 10520 11450 119689 133134847 11.69 1.35 4.57 61252 58436 1.05 6.68
20180611 10960 10970 10680 10950 60549 65582127 2.64 0.59 -0.18 34421 26127 1.32 3.38
20180608 10530 11060 10530 10970 92873 101158438 5.00 0.77 3.39 40870 52003 0.79 5.18
20180607 11050 11060 10530 10610 79126 85214072 4.84 0.49 -3.11 52931 26194 2.02 4.41
20180606 10820 11100 10640 10950 105212 114540177 4.23 0.54 0.64 53631 51581 1.04 5.87
20180605 10520 10910 10460 10880 105853 113357926 4.30 0.43 3.92 49958 55895 0.89 5.91
20180604 10700 10990 10330 10470 126239 133985584 5.99 0.54 -4.90 73098 53141 1.38 7.04
20180601 11700 11900 11010 11010 188685 215025363 7.28 0.89 -9.98 108945 79741 1.37 10.53
20180531 11500 12670 11190 12230 286201 338229296 12.57 1.78 3.91 147678 138522 1.07 15.97
20180530 12220 12880 11770 11770 271593 333012992 8.49 2.42 -10.02 149765 121828 1.23 15.15
20180529 13080 13080 12130 13080 346976 446199872 7.99 7.21 10.01 210438 136538 1.54 19.36
20180528 11540 11890 11420 11890 66969 78516502 4.35 1.60 9.99 44819 22149 2.02 3.74
20180525 9950 10810 9850 10810 88773 94498173 9.77 3.04 9.97 66556 22218 3.00 7.15
20180524 10010 10150 9800 9830 29272 29217402 3.51 0.96 -1.40 17941 11331 1.58 2.36
20180523 10280 10280 9970 9970 29670 30023350 3.01 0.76 -3.20 20569 9101 2.26 2.39
20180522 10290 10400 10200 10300 26078 26837361 1.93 0.59 -0.48 14793 11285 1.31 2.10
20180521 10270 10350 10080 10350 35733 36568187 2.65 0.79 1.67 16066 19667 0.82 2.88
20180518 10230 10320 10020 10180 25410 25703606 2.94 0.50 -0.29 14891 10519 1.42 2.05
20180517 10210 10420 10160 10210 35988 36926265 2.50 0.61 -1.83 22652 13337 1.70 2.90
20180516 10270 10930 10100 10400 73016 76790249 7.97 0.99 -0.10 36615 36401 1.01 5.88
20180515 10000 10670 9880 10410 52656 53828086 7.92 0.75 4.31 25216 27441 0.92 4.24
20180514 10030 10030 9700 9980 38024 37622157 3.27 0.56 -1.19 21279 16746 1.27 3.06
20180511 10210 10550 10070 10100 56187 57951787 4.66 0.91 -2.04 29676 26511 1.12 4.53
20180510 10270 10550 10120 10310 73739 76089019 4.15 1.38 -0.39 41617 32122 1.30 5.94
20180509 10690 10990 10150 10350 146904 155867533 8.10 4.11 -0.19 82879 64025 1.29 11.84
20180508 9500 10450 9350 10450 37150 37530173 11.58 1.07 10.00 27880 9270 3.01 2.99
20180507 9270 9500 9200 9500 27519 25747515 3.24 0.82 2.70 11897 15622 0.76 2.22
20180504 9150 9300 9100 9250 23782 21871784 2.18 0.73 0.98 9970 13812 0.72 1.92
20180503 8930 9180 8880 9160 31199 28367121 3.36 0.97 2.46 14483 16716 0.87 2.51
20180502 9600 9600 8880 8940 59092 53942475 7.48 2.17 -7.07 40549 18543 2.19 4.76
20180427 9400 9850 9310 9620 32597 31455963 5.80 1.13 3.33 14290 18307 0.78 2.63
20180426 9670 9680 9240 9310 20427 19253044 4.57 0.68 -3.22 13102 7325 1.79 1.65
20180425 9680 9690 9500 9620 19510 18717807 1.97 0.56 -0.31 10186 9324 1.09 1.57
20180424 9260 9680 9260 9650 28998 27607092 4.52 0.80 3.76 13473 15525 0.87 2.34
20180423 9460 9670 9010 9300 34704 32282518 6.93 0.90 -2.31 20688 14016 1.48 2.80
20180420 10250 10250 9480 9520 41191 40608053 7.51 0.99 -7.12 27967 13224 2.11 3.32
20180419 10310 10390 10180 10250 25799 26451008 2.02 0.51 -1.35 16109 9689 1.66 2.08
20180418 10060 10450 9950 10390 43227 44176630 5.00 0.68 3.90 19897 23330 0.85 3.48
20180417 10300 10350 9910 10000 37153 37410015 4.28 0.51 -2.72 24662 12491 1.97 2.99
20180416 10620 10620 10110 10280 46320 47660665 4.78 0.62 -3.66 24572 21748 1.13 3.73
20180413 10900 11060 10670 10670 54901 59438939 3.62 0.68 -1.02 30104 24796 1.21 4.42
20180412 10780 11080 10620 10780 73555 79548491 4.23 0.87 -0.83 41315 32240 1.28 5.93
20180411 10400 10900 10230 10870 106146 113168677 6.42 0.98 4.22 49716 56431 0.88 8.55
20180410 10210 10900 9940 10430 83116 86151196 9.43 0.76 2.46 44686 38430 1.16 6.70
20180409 10370 10550 9970 10180 53536 54465279 5.59 0.48 -1.83 28757 24778 1.16 4.31
20180404 10460 10980 10080 10370 85400 90755991 8.51 0.85 -1.89 47194 38206 1.24 6.88
20180403 10460 10800 10300 10570 93519 98327782 4.58 1.07 -3.21 53988 39530 1.37 7.53
20180402 11380 11680 10840 10920 227611 253630479 7.73 5.11 0.55 128388 99223 1.29 18.34
20180330 10000 10860 9910 10860 88149 91729695 9.63 2.76 10.03 48649 39499 1.23 7.10
20180329 8940 9870 8940 9870 67688 65313754 10.37 3.26 10.03 43642 24046 1.81 5.45
20180328 8950 9450 8830 8970 28176 25758935 6.87 1.47 -0.66 15874 12302 1.29 2.27
20180327 8570 9050 8560 9030 24070 21266845 5.76 1.27 6.11 9248 14823 0.62 1.94
20180326 8180 8540 8100 8510 14481 12147818 5.21 0.76 0.71 7456 7025 1.06 1.17
20180323 8970 9020 8310 8450 25061 21701799 7.80 1.46 -7.14 15198 9863 1.54 2.02
20180322 9040 9200 9010 9100 12105 11040019 2.10 0.69 0.44 7221 4884 1.48 0.98
20180321 9300 9440 9040 9060 19804 18315182 4.30 1.20 -2.58 11853 7951 1.49 1.60
20180320 9060 9420 9000 9300 23664 21954127 4.59 1.65 1.53 11469 12195 0.94 1.91
20180319 9050 9210 8910 9160 14200 12974477 3.31 0.91 1.22 6515 7685 0.85 1.14
20180316 8840 9090 8800 9050 15875 14218022 3.27 0.86 2.14 6652 9223 0.72 1.28
20180315 8920 8970 8650 8860 14001 12363880 3.57 0.55 -1.12 8291 5711 1.45 1.13
20180314 9060 9210 8960 8960 14440 13046274 2.74 0.56 -1.86 9649 4792 2.01 1.16
20180313 9280 9280 9120 9130 13277 12192176 1.73 0.50 -1.40 8193 5085 1.61 1.07
20180312 9120 9320 9110 9260 20085 18543444 2.29 0.80 0.87 10334 9751 1.06 1.62
20180309 9140 9190 8990 9180 30360 27594574 2.17 1.45 -0.43 18179 12181 1.49 2.45
20180308 8780 9590 8750 9220 49934 45936345 9.58 3.68 5.13 23710 26224 0.90 4.02
20180307 8740 8820 8670 8770 15972 13967237 1.72 1.25 0.46 8481 7491 1.13 1.29
20180306 8700 8740 8580 8730 16380 14212107 1.84 1.21 0.34 8566 7814 1.10 1.32
20180305 8670 8800 8600 8700 13139 11424493 2.30 0.95 0.12 6762 6378 1.06 1.06
20180302 8590 8690 8510 8690 9167 7910557 2.08 0.65 0.58 5228 3940 1.33 0.74
20180301 8520 8680 8520 8640 13271 11435839 1.86 0.97 0.70 6542 6730 0.97 1.07
20180228 8600 8720 8480 8580 11679 10029257 2.78 0.89 -0.58 5564 6115 0.91 0.94
20180227 8470 8670 8420 8630 20587 17677700 2.95 1.82 1.77 10855 9732 1.12 1.66
20180226 8280 8540 8280 8480 14206 11985210 3.14 1.28 2.54 7125 7081 1.01 1.14
20180223 8210 8300 8140 8270 11154 9168267 1.96 0.92 1.22 5671 5483 1.03 0.90
20180222 8110 8230 8100 8170 10711 8759832 1.61 0.77 1.49 5110 5601 0.91 0.86
20180214 8110 8150 7960 8050 9248 7429024 2.35 0.57 -0.62 5893 3356 1.76 0.75
20180213 8180 8200 8020 8100 11353 9215266 2.21 0.63 -0.61 7312 4041 1.81 0.91
20180212 7970 8180 7870 8150 13107 10564078 3.95 0.67 3.82 6248 6859 0.91 1.06
20180209 8000 8060 7720 7850 16131 12758912 4.14 0.82 -4.38 9911 6221 1.59 1.30
20180208 7930 8250 7910 8210 19563 15808425 4.26 1.00 2.75 11102 8460 1.31 1.58
20180207 8050 8070 7770 7990 21413 17069303 3.81 1.14 1.40 10609 10804 0.98 1.73
20180206 8400 8470 7880 7880 19985 16288019 6.89 1.20 -7.94 10395 9590 1.08 1.61
20180205 8640 8800 8500 8560 20257 17557283 3.41 1.29 -2.73 9970 10287 0.97 1.63
20180202 8960 8970 8610 8800 17614 15549877 4.01 1.13 -2.00 12130 5484 2.21 1.42
20180201 9400 9510 8900 8980 18811 17181508 6.42 1.16 -5.47 12891 5919 2.18 1.52
20180131 9870 9870 9470 9500 17322 16669383 4.04 1.08 -3.94 12083 5238 2.31 1.40
20180130 9940 10040 9860 9890 9325 9258875 1.81 0.59 -0.50 6168 3157 1.95 0.75
20180129 10130 10180 9900 9940 15387 15412745 2.76 1.04 -1.88 10921 4466 2.45 1.24
20180126 10280 10330 10100 10130 17133 17512047 2.22 1.33 -2.31 11795 5337 2.21 1.38
20180125 10250 10420 10210 10370 21985 22698722 2.05 2.18 1.27 7451 14534 0.51 1.77
20180124 10270 10300 10120 10240 16283 16648690 1.76 1.83 0.10 10628 5655 1.88 1.31
20180123 10270 10310 10150 10230 8500 8694533 1.56 0.87 -0.39 5188 3313 1.57 0.68
20180122 10110 10320 10020 10270 10412 10611168 2.94 0.92 0.69 5402 5010 1.08 0.84
20180119 10330 10330 10190 10200 7434 7616532 1.36 0.60 -0.78 4381 3053 1.43 0.60
20180118 10250 10330 10220 10280 7828 8037505 1.07 0.57 0.00 4161 3666 1.13 0.63
20180117 10270 10310 10130 10280 10308 10537697 1.75 0.66 0.10 5313 4995 1.06 0.83
20180116 10300 10320 10080 10270 12755 13021774 2.35 0.76 0.69 6090 6665 0.91 1.03
20180115 10470 10470 10180 10200 18395 18835437 2.76 1.10 -2.76 15077 3318 4.54 1.48
20180112 10540 10640 10460 10490 12549 13218305 1.71 0.71 -0.38 6944 5605 1.24 1.01
20180111 10390 10640 10310 10530 15052 15827714 3.16 0.80 0.86 8392 6660 1.26 1.21
20180110 10510 10720 10300 10440 19567 20634631 3.98 0.88 -1.04 13558 6009 2.26 1.58
20180109 10570 10730 10500 10550 18529 19724275 2.16 0.86 -1.03 10839 7690 1.41 1.49
20180108 10800 10840 10520 10660 17609 18706335 2.97 0.89 -1.20 10133 7475 1.36 1.42
20180105 10690 10880 10600 10790 17925 19281026 2.61 1.23 0.65 8005 9920 0.81 1.44
20180104 10680 10760 10510 10720 20132 21444419 2.32 1.08 -0.37 12050 8081 1.49 1.62
20180103 10350 11180 10300 10760 37111 39695726 8.47 2.73 3.56 17720 19391 0.91 2.99
20180102 10330 10430 10160 10390 15519 15996363 2.62 1.19 0.78 6586 8934 0.74 1.25
20171229 10130 10330 10120 10310 8472 8671023 2.06 0.65 1.38 4315 4157 1.04 0.68
20171228 10160 10300 10080 10170 12635 12854516 2.13 0.99 -1.45 7342 5293 1.39 1.02
20171227 10000 10540 9860 10320 19891 20030524 6.76 1.71 2.58 10196 9695 1.05 1.60
20171226 9910 10100 9870 10060 11388 11378601 2.33 1.02 1.72 3489 7899 0.44 0.92
20171225 10100 10180 9810 9890 12560 12476782 3.66 1.20 -2.08 8681 3879 2.24 1.01
20171222 10210 10280 10080 10100 9160 9295224 1.96 0.95 -0.88 5444 3716 1.46 0.74
20171221 10380 10400 10020 10190 11091 11312064 3.67 1.30 -1.55 4763 6328 0.75 0.89
20171220 10770 10770 10320 10350 13795 14465291 4.19 2.05 -3.72 10019 3775 2.65 1.11
20171219 10730 10830 10640 10750 9327 10007698 1.77 1.52 0.00 4426 4901 0.90 0.75
20171218 11080 11090 10690 10750 8878 9607234 3.61 1.60 -2.98 5750 3128 1.84 0.72
20171215 11060 11140 11010 11080 5264 5816308 1.16 0.89 -0.89 3433 1831 1.87 0.42
20171214 11200 11250 11050 11180 5322 5915355 1.79 0.95 0.09 3869 1453 2.66 0.43
20171213 10920 11310 10920 11170 4925 5499280 3.54 0.82 1.27 2624 2301 1.14 0.40
20171212 11190 11240 11030 11030 6362 7077032 1.89 0.99 -0.99 3967 2396 1.66 0.51
20171211 11130 11190 11020 11140 5822 6469299 1.53 0.86 0.18 3210 2612 1.23 0.47
20171208 10910 11190 10850 11120 6992 7746953 3.12 0.98 1.92 3181 3811 0.83 0.56
20171207 10750 10970 10700 10910 3776 4108496 2.49 0.49 0.46 2104 1672 1.26 0.30
20171206 10610 10900 10610 10860 6910 7436172 2.73 0.90 2.36 3112 3798 0.82 0.56
20171205 11000 11060 10550 10610 8677 9382233 4.64 1.16 -3.55 6207 2470 2.51 0.70
20171204 11170 11350 10950 11000 7467 8280227 3.58 0.91 -1.61 5873 1594 3.68 0.60
20171201 10880 11240 10880 11180 8663 9650121 3.27 1.04 1.64 4135 4528 0.91 0.70
20171130 11000 11050 10880 11000 6667 7309080 1.54 0.68 -0.36 3508 3159 1.11 0.54
20171129 11050 11130 10950 11040 6755 7443278 1.62 0.61 -0.45 4394 2361 1.86 0.54
20171128 10850 11120 10840 11090 7969 8769705 2.58 0.67 2.31 2714 5255 0.52 0.64
20171127 10970 10990 10800 10840 10825 11803935 1.73 0.84 -1.09 4939 5886 0.84 0.87
20171124 10930 11010 10800 10960 9422 10288316 1.92 0.67 0.18 5306 4116 1.29 0.76
20171123 11160 11160 10910 10940 14086 15491035 2.24 1.10 -1.97 8935 5152 1.73 1.13
20171122 11300 11370 11020 11160 13485 15065364 3.10 1.17 -1.15 8881 4604 1.93 1.09
20171121 11480 11550 11180 11290 11591 13132236 3.23 1.00 -1.40 8804 2787 3.16 0.93
20171120 11800 11810 11010 11450 15984 18250059 6.72 1.52 -3.78 9318 6666 1.40 1.29
20171117 12450 12530 11740 11900 14756 17847213 6.30 1.46 -5.03 9918 4838 2.05 1.19
20171116 12750 12750 12490 12530 8370 10534007 2.09 0.75 0.48 4603 3767 1.22 0.67
20171115 12280 12470 12260 12470 6688 8261880 1.70 0.56 0.81 3478 3210 1.08 0.54
20171114 12750 12760 12220 12370 12198 15192284 4.25 1.05 -2.60 9675 2522 3.84 0.98
20171113 12770 12820 12550 12700 10722 13630545 2.12 0.94 -0.47 7116 3606 1.97 0.86
20171110 12560 12770 12560 12760 12571 15969281 1.66 1.20 0.95 8343 4227 1.97 1.01
20171109 12380 12670 12370 12640 13647 17086745 2.43 1.37 2.27 6353 7294 0.87 1.10
20171108 12320 12450 12260 12360 10094 12473065 1.54 0.98 0.32 5521 4573 1.21 0.81
20171107 12450 12450 12220 12320 11247 13822155 1.86 1.16 -0.56 7825 3422 2.29 0.91
20171106 12180 12470 12160 12390 9371 11542718 2.54 0.84 1.64 5443 3928 1.39 0.75
20171103 12270 12400 12160 12190 8206 10061867 1.95 0.71 -0.73 5225 2982 1.75 0.66
20171102 12580 12580 12280 12280 10920 13522197 2.38 0.99 -2.46 7616 3304 2.30 0.88
20171101 12790 12790 12460 12590 11515 14506401 2.60 1.07 -0.79 7032 4484 1.57 0.93
20171031 12600 12720 12510 12690 8550 10815334 1.66 0.79 0.48 4991 3559 1.40 0.69
20171030 12910 13050 12480 12630 16346 20755430 4.39 1.52 -2.62 12465 3881 3.21 1.32
20171027 13160 13180 12950 12970 10814 14124700 1.75 1.05 -1.59 7276 3538 2.06 0.87
20171026 13230 13240 13110 13180 7777 10238720 0.98 0.69 -0.45 4478 3299 1.36 0.63
20171025 12980 13360 12970 13240 10294 13501248 3.01 0.95 2.16 3548 6746 0.53 0.83
20171024 13150 13150 12930 12960 9125 11859289 1.67 0.84 -1.67 6097 3028 2.01 0.74
20171023 13200 13200 12790 13180 15843 20601125 3.09 1.40 -0.68 9306 6537 1.42 1.28
20171020 13120 13310 13010 13270 8595 11300274 2.29 0.58 1.14 4918 3678 1.34 0.69
20171019 13490 13520 13060 13120 12714 16890407 3.40 0.83 -2.96 8234 4480 1.84 1.02
20171018 13750 13780 13520 13520 7875 10725929 1.90 0.39 -1.17 5002 2872 1.74 0.63
20171017 13500 13710 13500 13680 9114 12422616 1.55 0.40 0.81 3984 5130 0.78 0.73
20171016 13910 13910 13500 13570 18241 24900027 2.95 0.84 -2.51 10919 7322 1.49 1.47
20171013 13650 14050 13620 13920 26127 36348116 3.12 1.45 1.09 8924 17203 0.52 2.11
20171012 13740 13890 13590 13770 15147 20756239 2.20 0.91 0.88 7600 7548 1.01 1.22
20171011 13800 14090 13610 13650 31256 43382671 3.50 2.53 -0.36 16042 15214 1.05 2.52
20171010 13400 13800 13300 13700 24425 33250838 3.75 2.27 2.62 9953 14472 0.69 1.97
20171009 13220 13380 13220 13350 11157 14854587 1.22 1.04 1.52 4780 6376 0.75 0.90
20170929 12960 13250 12910 13150 8315 10861033 2.63 0.78 1.86 3305 5010 0.66 0.67
20170928 13140 13140 12900 12910 7696 9998760 1.83 0.70 -1.38 4634 3062 1.51 0.62
20170927 12990 13130 12880 13090 10169 13227495 1.92 0.92 0.77 5111 5058 1.01 0.82
20170926 13250 13360 12930 12990 16576 21676808 3.23 1.72 -2.48 11986 4591 2.61 1.34
20170925 13420 13560 13300 13320 11058 14889955 1.94 1.19 -0.45 5538 5520 1.00 0.89
20170922 13420 13450 13220 13380 7525 10040854 1.71 0.78 -0.30 4460 3065 1.46 0.61
20170921 13510 13600 13400 13420 9748 13146251 1.48 0.89 -0.59 5846 3902 1.50 0.79
20170920 13550 13550 13420 13500 10306 13907633 0.96 0.86 -0.30 4881 5425 0.90 0.83
20170919 13610 13620 13440 13540 9690 13111641 1.32 0.72 -0.44 5673 4017 1.41 0.78
20170918 13550 13650 13500 13600 9087 12317729 1.11 0.61 0.74 4824 4263 1.13 0.73
20170915 13580 13590 13470 13500 9265 12526600 0.88 0.60 -0.59 5645 3620 1.56 0.75
20170914 13700 13830 13480 13580 16652 22710628 2.54 1.13 -1.31 9457 7195 1.31 1.34
20170913 13600 13780 13530 13760 14993 20486115 1.84 0.96 1.10 6811 8183 0.83 1.21
20170912 13650 13740 13560 13610 16882 23062052 1.31 1.02 -0.66 9488 7393 1.28 1.36
20170911 13660 13710 13400 13700 16591 22527351 2.26 1.02 0.07 8243 8348 0.99 1.34
20170908 13620 13710 13590 13690 12468 17022954 0.88 0.65 0.44 5854 6613 0.89 1.00
20170907 13710 13750 13610 13630 12664 17327703 1.02 0.69 -0.58 7464 5199 1.44 1.02
20170906 13830 13900 13510 13710 19785 27114555 2.81 1.17 -1.22 12728 7056 1.80 1.59
20170905 13790 14290 13660 13880 21190 29525759 4.58 1.34 0.80 8666 12524 0.69 1.71
20170904 13650 13850 13530 13770 15365 21007583 2.33 0.96 0.07 7406 7959 0.93 1.24
20170901 13680 13800 13330 13760 26947 36726090 3.43 2.02 0.44 12961 13986 0.93 2.17
20170831 13600 13700 13570 13700 8609 11745562 0.95 0.57 0.59 4169 4440 0.94 0.69
20170830 13800 13800 13580 13620 12510 17072119 1.60 0.70 -0.80 5945 6566 0.91 1.01
20170829 13630 13900 13620 13730 15437 21248176 2.05 0.57 0.73 7932 7505 1.06 1.24
20170828 13530 13700 13520 13630 16688 22731998 1.33 0.63 0.96 9673 7015 1.38 1.34
20170825 13380 13580 13350 13500 13600 18375711 1.72 0.53 0.75 7078 6522 1.09 1.10
20170824 13310 13580 13310 13400 16983 22889395 2.00 0.69 -0.59 9192 7791 1.18 1.37
20170823 13890 13890 13300 13480 26911 36518286 4.34 1.14 -0.74 14999 11912 1.26 2.17
20170822 14890 14890 13440 13580 60706 84079991 10.66 4.17 -0.15 36452 24254 1.50 4.89
20170821 13280 13680 13130 13600 14110 18981625 4.14 0.92 2.33 5476 8634 0.63 1.14
20170818 13230 13350 13230 13290 8944 11901476 0.90 0.54 -0.45 5566 3378 1.65 0.72
20170817 13350 13400 13230 13350 13078 17454268 1.28 0.76 0.23 7216 5862 1.23 1.05
20170816 13250 13370 13120 13320 20803 27571737 1.89 1.33 0.83 11166 9637 1.16 1.68
20170815 13020 13220 13010 13210 15815 20696126 1.61 1.08 1.15 7850 7965 0.99 1.27
20170814 12730 13060 12600 13060 17721 22985931 3.61 1.27 2.59 7402 10320 0.72 1.43
20170811 12810 12840 12640 12730 15118 19239429 1.56 1.11 -0.93 8088 7029 1.15 1.22
20170810 13100 13130 12780 12850 16331 21122950 2.68 1.28 -1.61 10475 5856 1.79 1.32
20170809 13030 13100 12880 13060 13003 16898907 1.70 1.04 0.69 5839 7164 0.82 1.05
20170808 13000 13020 12850 12970 11352 14672362 1.31 0.76 -0.38 5800 5553 1.04 0.91
20170807 12850 13160 12840 13020 14149 18412061 2.49 0.87 1.32 6400 7750 0.83 1.14
20170804 12780 12970 12730 12850 13092 16840480 1.88 0.70 0.63 6300 6792 0.93 1.05
20170803 12660 12890 12660 12770 12107 15471082 1.81 0.59 0.39 5973 6134 0.97 0.98
20170802 12880 12920 12700 12720 11575 14786526 1.71 0.56 -1.24 6756 4819 1.40 0.93
20170801 12690 13100 12690 12880 23405 30255273 3.23 1.28 1.50 11752 11654 1.01 1.89
20170731 12820 12950 12620 12690 21569 27523701 2.57 1.32 -1.09 12494 9074 1.38 1.74
20170728 12700 12960 12580 12830 24577 31332712 2.98 1.81 0.55 11400 13177 0.87 1.98
20170727 12450 12800 12350 12760 22043 27799565 3.59 1.85 1.84 10860 11183 0.97 1.78
20170726 12730 12780 12480 12530 11831 14925113 2.36 0.97 -1.34 6967 4864 1.43 0.95
20170725 12510 12700 12410 12700 11114 13935403 2.31 0.70 1.03 5766 5348 1.08 0.90
20170724 12650 12710 12300 12570 12011 15057957 3.24 0.58 -0.71 5443 6568 0.83 0.97
20170721 12740 12890 12610 12660 10713 13617427 2.19 0.47 -0.86 7299 3415 2.14 0.86
20170720 12960 13080 12760 12770 13772 17812609 2.49 0.51 -0.62 8263 5509 1.50 1.11
20170719 12720 12900 12610 12850 13507 17275223 2.28 0.39 1.10 6515 6992 0.93 1.09
20170718 12900 13140 12170 12710 29224 36909505 7.46 0.56 -2.23 16289 12935 1.26 2.35
20170717 13990 13990 13000 13000 36395 48310187 7.03 0.77 -7.67 22212 14183 1.57 2.93
20170714 14290 14450 14060 14080 21798 30947241 2.72 0.48 -1.88 13920 7878 1.77 1.76
20170713 14260 14620 14260 14350 33596 48430202 2.49 0.80 -0.90 19675 13921 1.41 2.71
20170712 14750 14760 14300 14480 53602 77628160 3.07 1.58 -3.47 32643 20959 1.56 4.32
20170711 14560 15420 14560 15000 114977 171797143 6.13 8.84 6.99 53144 61833 0.86 9.26
20170710 14250 14250 14000 14020 13540 19057766 1.75 0.98 -1.61 9568 3972 2.41 1.09
20170707 14180 14280 14070 14250 12627 17911380 1.48 0.86 0.64 4932 7695 0.64 1.02
20170706 14370 14370 14040 14160 14202 20117978 2.31 1.08 -0.84 6860 7342 0.93 1.14
20170705 14170 14300 13920 14280 14701 20841300 2.69 1.18 1.20 6789 7912 0.86 1.18
20170704 14060 14170 14000 14110 9966 14057898 1.20 0.79 -0.14 5578 4387 1.27 0.80
20170703 14110 14140 13900 14130 17439 24420514 1.71 1.38 0.64 10743 6696 1.60 1.41
20170630 14290 14380 14010 14040 16790 23718047 2.58 1.31 -2.16 10481 6309 1.66 1.35
20170629 14230 14460 14230 14350 6871 9864722 1.60 0.46 0.00 4186 2685 1.56 0.55
20170628 14730 14730 14290 14350 11221 16133072 3.01 0.67 -1.78 7003 4218 1.66 0.90
20170627 14500 14810 14460 14610 10945 16026295 2.38 0.57 -0.48 6352 4593 1.38 0.88
20170626 14810 14810 14000 14680 17483 25548578 5.45 0.90 -1.21 11076 6406 1.73 1.41
20170623 14760 14980 14400 14860 17711 26080187 3.94 1.02 0.88 9301 8410 1.11 1.43
20170622 14980 15150 14720 14730 17925 26927445 2.85 1.13 -2.32 11073 6853 1.62 1.44
20170621 15130 15140 14780 15080 20234 30203831 2.38 1.45 -0.46 13383 6851 1.95 1.63
20170620 14900 15200 14630 15150 22306 33304855 3.83 1.82 1.68 10992 11314 0.97 1.80
20170619 14370 14960 14200 14900 19131 27956071 5.31 1.81 4.20 9016 10115 0.89 1.54
20170616 14470 14480 14240 14300 7145 10234010 1.67 0.67 -0.69 4119 3026 1.36 0.58
20170615 14250 14540 14170 14400 10364 14949568 2.59 0.84 0.91 5121 5243 0.98 0.84
20170614 14200 14480 14110 14270 10916 15628550 2.62 0.81 1.21 5299 5616 0.94 0.88
20170613 13650 14190 13650 14100 13614 19044360 3.96 1.11 3.30 5129 8486 0.60 1.10
20170612 14150 14150 13560 13650 10897 15135299 4.15 0.91 -3.87 6610 4288 1.54 0.88
20170609 14350 14360 14010 14200 7764 11017789 2.44 0.48 -1.11 4745 3019 1.57 0.63
20170608 14440 14700 14200 14360 18745 27126505 3.45 1.29 -0.90 8216 10529 0.78 1.51
20170607 14090 14560 14010 14490 16742 24079245 3.91 1.28 3.06 3967 12774 0.31 1.35
20170606 14070 14160 13890 14060 7109 9969906 1.92 0.54 -0.21 3270 3839 0.85 0.57
20170605 13920 14200 13900 14090 9236 12972260 2.13 0.71 0.21 3776 5459 0.69 0.74
20170602 13830 14100 13170 14060 29403 39768933 6.58 3.07 -0.50 14037 15367 0.91 2.37
20170601 14500 14780 13910 14130 10145 14612985 5.88 1.07 -4.53 7018 3126 2.24 0.82
20170531 14880 15180 14690 14800 9584 14253465 3.30 0.95 -0.34 5020 4565 1.10 0.77
20170526 14950 15020 14700 14850 7224 10738516 2.13 0.71 -1.13 4820 2404 2.01 0.58
20170525 15210 15210 14600 15020 8968 13336567 4.05 0.73 -0.27 4521 4446 1.02 0.72
20170524 14850 15100 13800 15060 11960 17703483 8.72 0.89 1.01 4961 6999 0.71 0.96
20170523 15250 15550 14880 14910 9564 14557459 4.36 0.68 -3.06 6482 3082 2.10 0.77
20170522 15680 15850 15280 15380 12732 19830372 3.59 0.96 -3.15 8421 4311 1.95 1.03
20170519 16200 16200 15820 15880 7689 12245838 2.36 0.53 -1.24 5277 2412 2.19 0.62
20170518 15920 16530 15830 16080 19625 31836544 4.38 1.62 0.69 8023 11602 0.69 1.58
20170517 15600 16350 15530 15970 17467 27993931 5.26 1.77 2.37 7863 9605 0.82 1.41
20170516 15270 15600 15190 15600 13139 20266863 2.69 1.55 2.43 5072 8068 0.63 1.06
20170515 15150 15350 15050 15230 8607 13085387 1.98 1.07 0.59 4796 3811 1.26 0.69
20170512 15860 15860 14560 15140 13343 20369365 8.20 1.61 -4.54 6978 6365 1.10 1.08
20170511 24100 24820 23550 23900 8068 19458704 5.20 1.07 -2.21 5467 2601 2.10 0.98
20170510 24380 25060 24340 24440 6308 15594130 2.95 0.88 0.25 3758 2550 1.47 0.76
20170509 24530 24540 23920 24380 6040 14641489 2.52 0.84 -0.77 3577 2463 1.45 0.73
20170508 24860 25070 24370 24570 6624 16335277 2.80 0.94 -1.68 4140 2484 1.67 0.80
20170505 24690 25500 24690 24990 14485 36435731 3.28 2.51 1.26 8291 6194 1.34 1.75
20170504 24700 24860 24540 24680 4370 10802824 1.29 0.72 -0.16 2870 1501 1.91 0.55
20170503 24420 24800 24420 24720 4480 11034409 1.55 0.67 0.65 1999 2481 0.81 0.56
20170502 24500 24980 24240 24560 5992 14755704 3.01 0.78 0.04 2742 3250 0.84 0.75
20170428 24490 24750 24410 24550 5827 14313217 1.39 0.73 0.41 3866 1960 1.97 0.73
20170427 24100 24500 23800 24450 8234 19876327 2.90 0.98 1.45 3875 4359 0.89 1.04
20170426 24340 24340 24050 24100 5652 13657044 1.20 0.41 -0.37 3326 2326 1.43 0.71
20170425 23810 24230 23700 24190 7968 19145859 2.23 0.58 1.64 3857 4111 0.94 1.00
20170424 24400 24560 22900 23800 10743 25619173 6.75 0.79 -3.25 6323 4420 1.43 1.35
20170421 24500 24720 24400 24600 7447 18297507 1.31 0.50 0.61 3465 3982 0.87 0.94
20170420 24340 24570 24240 24450 10147 24795182 1.36 0.70 0.41 5876 4271 1.38 1.28
20170419 25630 25770 24050 24350 32337 79400093 6.72 3.08 -4.88 18725 13612 1.38 4.07
20170418 25970 26140 25600 25600 7957 20553347 2.10 0.59 -0.51 4969 2988 1.66 1.00
20170417 25880 26000 25560 25730 10515 27080387 1.70 0.65 -0.54 7037 3478 2.02 1.32
20170414 26400 26400 25850 25870 13838 36050008 2.08 0.84 -2.12 9703 4135 2.35 1.74
20170413 26290 26510 26020 26430 8061 21227061 1.87 0.42 0.88 3680 4381 0.84 1.01
20170412 26300 26540 26150 26200 12041 31714062 1.48 0.60 -0.30 7481 4560 1.64 1.52
20170411 26390 26510 25920 26280 23344 61068018 2.23 1.31 -0.53 15036 8308 1.81 2.94
20170410 27190 27350 26200 26420 23785 63281631 4.23 1.35 -2.80 14468 9316 1.55 2.99
20170407 27120 27260 26990 27180 15373 41649933 1.00 0.82 0.22 8391 6982 1.20 1.94
20170406 27260 27450 27060 27120 21078 57416977 1.42 1.11 -0.99 12498 8580 1.46 2.65
20170405 27000 27580 27000 27390 16188 44266903 2.15 0.75 1.41 8536 7652 1.12 2.04
20170331 26790 27150 26730 27010 13003 35111907 1.56 0.42 0.41 7710 5292 1.46 1.64
20170330 27360 27360 26800 26900 22247 59978712 2.05 0.58 -1.72 14377 7870 1.83 2.80
20170329 27930 27960 27370 27370 21499 59309063 2.11 0.52 -2.01 14979 6519 2.30 2.71
20170328 28320 28460 27920 27930 21865 61383606 1.91 0.49 -1.38 14462 7403 1.95 2.75
20170327 28220 28630 28020 28320 29342 83006756 2.16 0.59 0.25 16829 12513 1.34 3.69
20170324 28530 29200 28250 28250 58067 166574443 3.33 1.04 -1.05 32224 25843 1.25 7.31
20170323 27650 28560 27400 28550 61690 172835752 4.20 1.22 3.29 30247 31443 0.96 7.77
20170322 28000 28130 27270 27640 36919 101913783 3.05 0.78 -2.09 23358 13561 1.72 4.65
20170321 28300 28550 28120 28230 35317 100022025 1.52 0.80 -0.46 35008 308 113.50 4.45
20170320 27960 28470 27900 28360 57142 161409664 2.04 1.56 1.43 28957 28185 1.03 7.20
20170317 27330 28670 27210 27960 88603 248742958 5.35 3.57 2.46 40180 48423 0.83 11.16
20170316 27300 27330 27100 27290 35245 95860130 0.85 1.52 0.29 22130 13115 1.69 4.44
20170315 27000 27320 26980 27210 20466 55648941 1.25 0.67 0.26 9715 10750 0.90 2.58
20170314 27080 27200 26890 27140 18341 49650647 1.14 0.52 0.07 10907 7433 1.47 2.31
20170313 26830 27190 26630 27120 20483 55211966 2.09 0.48 1.08 9259 11224 0.82 2.58
20170310 27350 27360 26810 26830 29447 79693442 2.01 0.58 -1.90 21145 8302 2.55 3.71
20170309 27250 27370 26960 27350 27544 74716788 1.50 0.40 0.00 15527 12017 1.29 3.47
20170308 27910 27920 27210 27350 56812 156046584 2.51 0.75 -3.32 37458 19353 1.94 7.15
20170307 28110 28450 27880 28290 43342 122048772 2.02 0.61 0.50 21918 21423 1.02 5.46
20170306 28110 28290 27580 28150 57857 161426845 2.52 0.91 0.00 32418 25440 1.27 7.29
20170303 29790 29790 28000 28150 67730 192273655 6.20 1.21 -2.53 46101 21628 2.13 8.53
20170302 28820 30180 27900 28880 116419 334539920 7.78 3.06 -1.43 70416 46003 1.53 14.66
20170301 26600 29300 26550 29300 94388 266600933 10.32 4.29 9.98 56204 38184 1.47 11.88
20170228 26840 26950 26350 26640 20572 54707153 2.24 0.92 -0.67 15127 5445 2.78 2.59
20170227 27390 27590 26790 26820 20143 54598332 2.91 0.89 -2.58 14760 5383 2.74 2.54
20170224 27000 27700 26990 27530 29491 80923933 2.62 1.63 1.70 13053 16438 0.79 3.71
20170223 26910 27290 26580 27070 25861 69697541 2.64 1.77 0.67 11361 14500 0.78 3.26
20170222 26600 26940 26570 26890 14061 37632234 1.39 0.99 1.09 7133 6928 1.03 1.77
20170221 26600 26980 26420 26600 21968 58549858 2.11 1.70 0.11 11856 10111 1.17 2.77
20170220 27310 27450 26200 26570 22104 58994420 4.59 - -2.53 13788 8316 1.66 2.78
20170217 27290 27490 27110 27260 6540 17828228 1.39 0.51 0.04 3171 3370 0.94 0.82
20170216 27370 27370 27020 27250 8554 23261713 1.28 0.60 -0.47 4750 3804 1.25 1.08
20170215 27840 28040 27330 27380 11577 32085196 2.55 0.82 -1.62 7583 3994 1.90 1.46
20170214 28380 28500 27700 27830 15697 43829156 2.82 1.21 -1.90 10557 5139 2.05 1.98
20170213 27720 28470 27620 28370 13930 39244044 3.07 1.10 2.31 5793 8136 0.71 1.75
20170210 27660 28130 27600 27730 14929 41597487 1.92 1.35 0.25 8316 6613 1.26 1.88
20170209 27420 27770 27350 27660 14717 40601075 1.53 1.52 0.88 6208 8508 0.73 1.85
20170208 27350 27550 27020 27420 11192 30512100 1.93 1.23 0.07 5918 5274 1.12 1.41
20170207 27510 27700 27260 27400 10204 27957109 1.59 1.10 -1.05 4785 5419 0.88 1.28
20170206 27170 27750 27170 27690 12239 33664604 2.13 1.16 1.91 6070 6169 0.98 1.54
20170203 26910 27270 26870 27170 7072 19107566 1.48 0.57 0.70 3425 3647 0.94 0.89
20170126 27010 27100 26880 26980 7710 20831794 0.81 0.50 -0.07 4264 3446 1.24 0.97
20170125 26880 27000 26630 27000 8153 21919873 1.37 0.38 0.00 4315 3837 1.12 1.03
20170124 26920 27090 26590 27000 11313 30345904 1.86 0.52 0.33 6856 4458 1.54 1.42
20170123 27220 27410 26770 26910 18545 50138040 2.35 0.85 -1.14 11842 6703 1.77 2.34
20170120 27170 27670 26700 27220 16412 44763189 3.58 0.79 0.33 8866 7545 1.18 2.07
20170119 27340 27500 26390 27130 23077 62363879 3.95 1.18 -3.52 10998 12079 0.91 2.91
20170118 28000 28550 27300 28120 37302 104391201 4.64 2.14 4.30 20957 16345 1.28 4.70
20170117 26990 27060 26000 26960 14128 37513831 3.94 0.63 0.22 6375 7753 0.82 1.78
20170116 27840 28120 25380 26900 18758 50837100 9.84 0.85 -3.38 11323 7435 1.52 2.36
20170113 28010 28340 27700 27840 10633 29875376 2.28 0.49 -0.61 5331 5303 1.01 1.34
20170112 28810 29180 27980 28010 17258 49107730 4.17 0.76 -2.74 11271 5987 1.88 2.17
20170111 28940 29350 28500 28800 26559 77056717 2.93 1.28 -0.59 13183 13377 0.99 3.34
20170110 29900 29900 28630 28970 38400 111380427 4.25 2.41 -3.08 26139 12261 2.13 4.84
20170109 30300 30560 29820 29890 16866 50753165 2.44 1.09 -1.52 10009 6857 1.46 2.12
20170106 30750 30900 30300 30350 10284 31478578 1.95 0.62 -1.20 6549 3735 1.75 1.29
20170105 30000 30970 30000 30720 21947 67078918 3.21 1.29 1.72 10859 11088 0.98 2.76
20170104 29900 30260 29660 30200 16173 48666208 2.00 1.06 0.90 7217 8956 0.81 2.04
20170103 29720 30100 29400 29930 14348 42576627 2.36 0.94 0.98 6151 8197 0.75 1.81
20161230 29590 29730 29100 29640 14713 43360390 2.14 1.05 0.47 8688 6025 1.44 1.85
20161229 29600 29900 29360 29500 15313 45268716 1.81 1.17 -1.34 10478 4835 2.17 1.93
20161228 29400 31200 29270 29900 24565 73993687 6.61 1.83 2.47 12727 11838 1.08 3.09
20161227 29280 29540 28910 29180 7552 22060655 2.15 0.55 -0.41 3570 3982 0.90 0.95
20161226 29490 29490 28010 29300 14486 41992414 5.01 1.14 -0.75 8980 5506 1.63 1.82
20161223 29580 29750 29140 29520 7868.76 23152716.490
20161222 29330 29780 29210 29580 11065.18 32678822.160
20161221 30190 30480 29030 29330 26318.18 78096359.040
20161220 30000 30230 29850 30170 8756.95 26319972.740
20161219 30430 30740 29960 30060 9637.50 29187748.000
20161216 29410 30430 29210 30310 11680.38 35161318.160
20161215 29000 29690 28750 29410 13700.76 40280895.720
20161214 29300 29600 28600 28960 12810.00 37225033.920
20161213 28500 29740 28100 29300 14777.50 43196994.740
20161212 31300 31880 28400 29150 36564.48 109286538.660
20161209 31980 32690 31300 31550 26170.67 83283789.130
20161208 33270 33480 31920 31980 25389.94 82350417.170
20161207 33360 33550 32800 33180 11479.38 37933929.020
20161206 33190 34190 33010 33580 15017.32 50336655.580
20161205 33000 33790 32610 33190 7203.59 23996435.040
20161202 33790 33790 32930 33210 10538.90 35187352.190
20161201 32750 34070 32500 33950 22826.81 75963082.990
20161130 32650 33000 32410 32500 11507.41 37517264.300
20161129 33500 33890 32600 32630 11199.79 37081692.320
20161128 33530 34250 33500 33600 9107.26 30812728.600
20161125 32280 33920 32010 33640 21951.45 72674681.450
20161124 34600 34820 32990 33000 26312.64 88587979.450
20161123 35390 35480 34500 34610 14790.87 51348381.830
20161122 35250 35870 35000 35180 15263.83 53811931.150
20161121 34580 35530 34500 35190 9760.25 34390283.000
20161118 34790 35280 34500 34700 9520.12 33233738.710
20161117 35150 35490 34650 34790 13442.35 46853969.330
20161116 35660 35900 35200 35300 11244.60 39874388.000
20161115 35430 35760 34920 35660 11608.24 41136307.090
20161114 36300 36700 34880 35400 32462.30 115761015.790
20161111 36860 37480 36290 36700 19989.09 73173161.870
20161110 36020 36800 35850 36800 31816.02 115773454.490
20161109 35900 36760 35300 36030 31910.65 115612409.810
20161108 35390 36470 34810 36050 25712.75 92411641.930
20161107 35000 35670 34000 35360 23805.29 83171840.480
20161104 34910 35430 34600 35200 24992.11 87570857.880
20161103 34600 35190 34160 34900 31242.26 108816796.640
20161102 35290 35590 34570 34800 29476.52 102822065.690
20161101 35860 35880 34900 35170 27553.15 97001532.050
20161031 35660 35940 34500 35940 24065.80 84713958.350
20161028 36480 36960 35300 35410 50081.00 180389517.210
20161027 35200 36680 34530 36600 66726.84 241733478.060
20161026 33900 35970 33600 35500 69215.34 241707208.280
20161025 32600 34100 32360 33990 51969.02 174687709.410
20161024 32070 33390 32040 32670 30543.20 100484777.280
20161021 33390 33960 31610 32200 33077.65 107402723.080
20161020 33170 34000 32810 33250 34824.33 116647553.290
20161019 32310 33680 32010 33180 53999.69 178072793.020
20161018 30970 32300 30310 32200 31356.94 98762831.080
20161017 31650 31650 30670 30670 30235.20 93682919.680
20161014 32100 32100 31510 31700 19125.82 60634595.320
20161013 31970 32540 31900 32210 28042.27 90222973.100
20161012 31980 32500 31200 32200 37972.13 120873342.940
20161011 32280 32500 31650 31900 25515.04 81443381.140
20161010 32170 32790 31640 32270 22972.73 73762461.390
20160930 31300 32150 31000 32000 24864.19 78908239.080
20160929 31350 31750 30820 31150 17629.83 54978599.810
20160928 30770 31780 30600 31360 31816.40 99776089.490
20160927 30510 31200 30200 30800 29739.77 91757997.670
20160926 31020 31280 29770 30710 41941.88 127577256.240
20160923 32830 33880 30810 30900 67465.60 218546662.100
20160922 32440 33180 32000 32700 41117.20 134389420.810
20160921 32970 33070 31810 32180 35065.54 112596706.740
20160920 33450 34000 32680 32790 43137.72 143468805.790
20160919 32000 34400 32000 33850 67075.81 224559246.670
20160914 32000 32470 31310 32050 46756.68 149221038.940
20160913 32540 33460 31560 32620 62503.10 203887959.940
20160912 29430 33680 29430 32460 129668.47 419695478.940
20160909 30500 32850 30290 31150 112149.73 358548314.640
20160908 29200 30850 29040 30280 84123.30 254434178.950
20160907 28380 29210 28320 29210 51395.75 148259834.500
20160906 28090 28580 27660 28390 20956.18 59171690.890
20160905 28000 28350 27650 28100 17066.43 47897304.820
20160902 28240 28300 27500 27970 23296.27 64886559.200
20160901 28250 28500 28010 28200 16933.58 47807139.660
20160831 28650 28650 28020 28240 20607.53 58246000.810
20160830 28910 28950 28400 28550 21198.37 60687354.810
20160829 28400 28950 28400 28910 26454.51 76147620.690
20160826 28460 29180 28330 28520 32875.76 94512026.710
20160825 28940 29020 28200 28470 33178.82 94775630.800
20160824 28540 29360 28290 29320 52145.83 150693552.270
20160823 29100 29340 28150 28470 58302.20 166168020.940
20160822 29410 31190 29020 29590 126408.11 380846625.570
20160819 29410 29410 28120 29410 121896.72 356532023.360
20160804 25470 27380 25450 26740 38149.88 101155476.710
20160803 25350 25650 25210 25450 9220.50 23449785.000
20160802 25150 25500 24920 25460 18441.66 46524179.810
20160801 25700 25700 24360 25190 29169.36 72430793.020
20160729 26120 26360 26000 26060 11105.42 29087302.740
20160728 26150 26500 25880 26270 19174.24 50252172.750
20160727 28350 28480 26000 26340 33960.60 92347414.510
20160726 27890 28430 27890 28350 13928.50 39415585.400
20160725 28390 28470 28000 28050 16917.60 47787337.650
20160722 28470 28560 28260 28350 18441.51 52384894.610
20160721 28500 28690 28350 28380 19899.40 56756310.500
20160720 28680 28770 28520 28570 15670.89 44865948.960
20160719 28450 28730 28140 28650 14496.04 41256759.880
20160718 28400 28750 28230 28380 16994.45 48478069.230
20160715 28790 28850 28300 28500 23605.45 67357652.860
20160714 29180 29200 28500 28800 26367.29 76262843.050
20160713 29330 29500 28900 29080 26768.09 78148403.530
20160712 28320 29050 27960 29050 37355.72 107166121.530
20160711 28700 29100 28220 28310 31192.71 89127219.990
20160708 28830 28850 28330 28500 29492.30 84281938.070
20160707 28300 29820 28300 28980 57802.56 168550127.300
20160706 27800 28370 27630 28260 36309.72 102296996.860
20160705 28020 28100 27700 27820 26752.03 74522324.750
20160704 27170 28380 27150 28010 38858.87 108276669.670
20160701 27360 27780 27310 27430 20551.72 56582143.520
20160630 27410 27680 27050 27430 29367.50 80193794.750
20160629 27700 28000 27310 27620 34047.17 93978851.360
20160628 26550 28040 26300 27700 51232.50 140254507.670
20160627 26000 26620 25800 26590 42798.99 112777399.490
20160624 26740 26960 25200 26180 29197.22 76668921.840
20160623 27180 27180 26600 26730 31270.30 83928418.300
20160622 27000 27220 26600 27200 23236.45 62575182.600
20160621 27650 27910 27010 27040 22483.00 61951222.450
20160620 27410 27630 26880 27450 20619.92 56233287.210
20160617 27450 28080 27080 27420 24917.38 68707511.970
20160616 27400 27770 26610 27600 32454.51 88276360.620
20160615 25880 27980 25880 27380 32631.50 88449748.540
20160614 26800 27050 25800 26240 37842.44 99797611.450
20160613 28900 29460 27070 27070 37504.42 106418821.320
20160608 32430 32430 29500 30080 46381.71 141049959.790
20160607 78500 80500 77800 80390 20428.63 162522989.100
20160606 81000 81000 76910 78600 24826.67 196299464.580
20160603 83500 83500 81010 82480 22164.29 181888196.570
20160602 77690 84480 77600 83480 26514.47 214623274.320
20160601 75380 77770 75010 76900 14792.09 113084354.790
20160531 70490 75890 70490 75100 12535.70 92286152.460
20160530 71590 72570 70200 70600 8563.88 60949340.780
20160527 71500 73360 70510 71900 7268.17 52648117.380
20160526 71800 72290 69200 71850 6162.13 43503994.550
20160525 72010 73100 71500 72180 4719.77 34190109.030
20160524 73000 73940 71400 72000 7093.66 51252565.460
20160523 71900 74990 71500 74790 6317.10 46127646.450
20160520 69990 71580 68600 71470 4695.17 33051996.240
20160519 70880 72660 70200 70480 5811.10 41456850.350
20160518 74750 74750 68750 70220 6664.92 47314371.950
20160517 74350 76250 74310 74800 4434.99 33382987.020
20160516 72530 75000 72530 74760 3923.73 29060898.220
20160513 71400 73660 71400 72530 5311.00 38750000
20160512 72000 72000 68450 71400 5595.00 39360000
20160511 75890 76500 74000 74000 5618.00 42330000
20160510 75980 76800 74680 75100 5954.00 45000000
20160509 84800 84900 76320 76410 14721.00 115380000
20160506 81800 90310 81500 84800 23029.00 199860000
20160505 85000 85000 79200 82100 8391.00 68860000
20160504 78860 79410 78360 79200 5312.00 41950000
20160503 76000 78880 76000 78880 5358.00 41790000
20160429 76470 77270 75880 76500 3913.00 30030000
20160428 76000 76670 74500 76520 4709.00 35670000
20160427 76060 76840 75820 75900 4272.00 32580000
20160426 73600 76640 73600 76060 4708.00 35680000
20160425 74990 74990 73050 74200 4126.00 30530000
20160422 73200 75780 72320 75140 5360.00 39620000
20160421 76080 76870 74380 74380 4666.00 35350000
20160420 81960 82200 74860 76080 9138.00 70880000
20160419 81660 82850 80610 81810 4982.00 40630000
20160418 83690 83700 80500 81200 5425.00 44130000
20160415 83010 86500 83000 83480 9239.00 77850000
20160414 81630 82760 80700 82420 6411.00 52490000
20160413 80400 82530 80400 81080 7409.00 60540000
20160412 83800 85110 78790 79660 10518.00 85230000
20160411 83700 85830 82690 84420 7378.00 62530000
20160408 83990 84930 81330 83040 11172.00 92660000
20160407 84250 88030 84250 85910 14715.00 126620000
20160406 82000 85000 81680 84000 9673.00 80550000
20160405 80350 83280 79710 82950 9170.00 75370000
20160401 81100 81400 79000 80510 11330.00 90700000
20160331 81000 85570 80450 81850 16882.00 139760000
20160330 76220 82200 75200 81450 18461.00 143710000
20160329 76970 79290 74000 76160 18751.00 143390000
20160328 73770 75500 72100 72900 9249.00 68710000
20160325 71980 73440 71200 72500 6733.00 48550000
20160324 73000 75000 71310 72500 11271.00 82790000
20160323 71220 73230 70870 73230 8331.00 59940000
20160322 71500 72180 70870 71710 6901.00 49460000
20160321 71540 72970 70810 72320 10834.00 78040000
20160318 71000 72670 68900 71530 13899.00 98440000
20160317 64400 69960 63520 69950 10755.00 71640000
20160316 65160 66450 63050 63600 4711.00 30370000
20160315 65850 66450 64560 64710 5501.00 35980000
20160314 62420 67580 62420 66040 8345.00 54790000
20160311 61400 62690 60500 62160 3578.00 22090000
20160310 62900 63480 61510 61720 4667.00 29220000
20160309 62300 63020 61320 62000 3989.00 24860000
20160308 62900 63700 60080 63600 5612.00 34720000
20160307 62580 64950 62330 62960 5447.00 34640000
20160304 64550 65100 60900 61190 7125.00 44480000
20160303 66340 67580 65000 65080 6860.00 45590000
20160302 62590 66550 62550 66410 7769.00 50180000
20160301 62000 64000 60080 63510 6983.00 43470000
20160229 68600 68600 61830 61830 9593.00 60600000
20160226 71450 71450 66930 68700 5632.00 38960000
20160225 75720 75720 68180 68220 10174.00 72510000
20160224 77810 78400 73790 75760 9750.00 73680000
20160223 81090 81710 77500 78400 8464.00 67060000
20160222 81100 81730 80060 80660 7168.00 57790000
20160219 80450 80940 79000 79880 6132.00 49020000
20160218 80210 83600 79900 80680 10477.00 85410000
20160217 80000 80500 77800 80100 7847.00 62170000
20160216 76500 80500 76500 79850 6056.00 47960000
20160215 74000 77430 73200 76100 4775.00 36200000
20160205 78500 80790 77220 77540 5925.00 46820000
20160204 78180 80980 77080 78300 7492.00 59180000
20160203 75920 79000 75000 78070 7054.00 54720000
20160202 72500 78980 72150 77070 9316.00 71220000
20160201 71180 74500 69000 72340 8543.00 61680000
20160129 66500 72500 66100 71000 8741.00 60980000
20160128 72800 72800 65520 66000 7498.00 52340000
20160127 73880 76500 68990 72340 15041.00 107320000
20160126 83350 83350 76660 76660 12315.00 97860000
20160125 84460 86500 82880 85180 13540.00 114590000
20160122 78010 84440 76000 84440 19870.00 158810000
20160121 77790 81690 76100 76790 17663.00 139230000
20160120 71500 79490 71500 79490 19509.00 148370000
20160119 68010 72700 67870 72260 13290.00 94210000
20160118 63980 69780 63900 68560 10698.00 72550000
20160115 69700 71080 65850 66170 9343.00 63790000
20160114 64000 71880 62880 70960 10372.00 70160000
20160113 72010 72600 66660 66900 8051.00 56590000
20160112 71660 73390 66930 71950 10270.00 72620000
20160111 76240 77990 71150 71150 10626.00 78690000
20160108 81990 81990 74390 79050 11681.00 92520000
20160107 84980 84980 78170 78230 2384.00 19420000
20160106 82300 87150 81990 86850 10715.00 90870000
20160105 74830 83400 74010 81930 15521.00 124890000
20160104 87480 89290 80550 80550 9660.00 79930000
20151231 94650 97990 88000 89500 11351.00 103870000
20151230 94620 95850 93000 94770 5849.00 55390000
20151229 94000 95520 86000 95510 9513.00 88130000
20151228 102940 103700 93800 94000 15126.00 150610000
20151225 107100 108700 103000 103790 11937.00 126950000
20151224 103560 106620 102360 106190 11073.00 116240000
20151223 103890 105980 102280 103560 10760.00 111940000
20151222 101620 103890 101620 103220 6664.00 68500000
20151221 102880 102880 100250 101940 6996.00 71010000
20151218 106740 106750 102000 102950 12022.00 124970000
20151217 103630 108000 103200 107600 19112.00 200850000
20151216 102820 106360 102230 103500 11310.00 118100000
20151215 103920 104740 100800 101870 14678.00 149720000
20151214 99000 104650 98250 104470 12754.00 130810000
20151211 104800 105000 100000 101030 10078.00 102830000
20151210 109990 111900 103650 104400 10471.00 111730000
20151209 115350 117180 107560 110900 13386.00 150160000
20151208 115900 123000 113600 117280 16342.00 192600000
20151207 115000 119430 112730 116840 19535.00 225730000
20151204 108900 119880 106100 118450 24219.00 276000000
20151203 105330 109000 102000 108990 17769.00 188270000
20151202 102000 107590 98000 105350 21282.00 219180000
20151201 109000 110790 101200 102700 23900.00 252560000
20151130 103030 112500 103000 110500 31740.00 344440000
20151127 99660 107010 97770 102300 23997.00 247860000
20151126 106280 112170 98810 101200 31051.00 327920000
20151125 104500 113720 100500 108500 35514.00 376280000
20151124 91980 103380 91000 103380 31880.00 320450000
20151123 87800 94000 85200 93980 22761.00 207250000
20151120 84000 90600 82020 89000 19335.00 165890000
20151119 75500 82710 75000 82710 13185.00 103780000
20151118 79000 79480 75100 75190 10513.00 80970000
20151117 81050 83300 77720 79500 11518.00 92980000
20151116 77000 81550 76000 80990 10504.00 83410000
20151113 87880 88550 80820 80820 24705.00 205450000
20151112 86500 92400 86400 89800 20393.00 182560000
20151111 79880 88000 78500 86400 20177.00 168940000
20151110 79510 81880 77670 80300 15421.00 123780000
20151109 78680 83000 75310 80730 19628.00 156580000
20151106 72900 79980 72800 79250 16043.00 122520000
20151105 73000 74980 72400 73280 20229.00 148780000
20151104 67900 75350 67510 75350 24835.00 174330000
20151103 66330 69980 66330 68500 23324.00 159760000
20151102 60800 68810 60530 67490 31249.00 209650000
20151030 61020 63350 59500 62550 14048.00 86930000
20151029 61080 62200 59230 61700 16979.00 103340000
20151028 60560 63000 59840 60440 15003.00 92240000
20151027 59300 60810 56060 60590 11995.00 70790000
20151026 61000 61470 58800 59810 15233.00 91720000
20151023 59000 61010 58600 60200 16624.00 99350000
20151022 55000 57500 55000 57500 14494.00 81810000
20151021 58660 60550 54090 54980 16296.00 94540000
20151020 58000 59200 57520 59000 10330.00 60590000
20151019 59010 59250 57090 58390 11683.00 67860000
20151016 60160 60530 58180 59300 15339.00 90690000
20151015 56600 60200 56600 60000 15956.00 93600000
20151014 57560 59000 56950 57290 13296.00 76980000
20151013 56640 58890 56500 57970 14517.00 83980000
20151012 55130 58120 55130 57580 25387.00 144690000
20151009 54950 55500 54200 55100 9374.00 51420000
20151008 55470 56370 54500 55080 14605.00 80750000
20150930 54700 55800 51200 53190 14427.00 76630000
20150929 57810 57810 54550 54900 15104.00 84470000
20150928 55010 59770 54780 58950 37889.00 219780000
20150925 54810 57000 52600 56700 30782.00 169450000
20150924 49990 53260 49990 53200 16922.00 87370000
20150923 49140 50850 48880 50230 7174.00 35890000
20150922 50750 51700 49280 50200 8555.00 43120000
20150921 47390 50950 46000 50470 9717.00 47570000
20150918 46880 48180 46250 47790 6181.00 29120000
20150917 46810 49210 45790 46690 11086.00 52710000
20150916 43640 47530 43550 47500 10765.00 48580000
20150915 45660 46480 42500 43210 8665.00 38800000
20150914 51510 52300 46710 46710 13758.00 68040000
20150911 51580 52660 51300 51900 10722.00 55590000
20150910 52110 53180 51400 51980 9304.00 48620000
20150909 50200 53990 49780 53930 16332.00 84600000
20150908 45080 50400 44800 50390 15322.00 74240000
20150907 44500 46900 44500 45820 11160.00 51240000
20150902 42150 47450 41800 43600 13482.00 60580000
20150901 48500 48780 44900 44970 14585.00 68630000
20150831 50000 50150 47080 48900 17575.00 86300000
20150828 48200 51580 46800 51000 27649.00 133930000
20150827 45480 47630 44230 47590 15645.00 72480000
20150826 43900 47630 43290 45340 23840.00 108250000
20150825 44000 48950 43140 43300 14856.00 66960000
20150824 50990 51000 47930 47930 11917.00 57730000
20150821 55010 57980 52010 53250 9375.00 52120000
20150820 58800 60000 56700 57010 7670.00 44920000
20150819 57000 60570 54000 60030 14736.00 84660000
20150818 66000 67270 59580 59580 14298.00 90270000
20150817 68080 69500 65990 66200 12328.00 82360000
20150814 68000 70300 67050 69500 18344.00 126610000
20150813 66990 67880 64880 67590 12657.00 84210000
20150812 69700 71500 67100 67300 17456.00 120570000
20150811 68510 70990 68020 70500 21566.00 150610000
20150810 66570 69880 66000 68510 18335.00 125060000
20150807 64680 67300 64010 66570 18421.00 120930000
20150806 66010 67800 63030 63840 20920.00 136180000
20150805 66900 70990 66100 68690 26354.00 180770000
20150804 66980 69450 62700 68600 32424.00 216680000
20150803 60800 67700 59030 67700 31304.00 199230000
20150731 58110 64500 58110 62180 20994.00 129570000
20150730 62000 66040 59000 61000 23632.00 148850000
20150729 58700 62600 55000 62350 19230.00 112350000
20150728 54720 62000 53750 56950 23722.00 133580000
20150727 65380 68100 59720 59720 22702.00 146780000
20150724 67900 72480 65700 66350 26944.00 186410000
20150723 60800 67450 60680 67450 19951.00 128030000
20150722 61800 62500 58880 61320 17295.00 105580000
20150721 58250 63500 58010 61990 17860.00 108870000
20150720 59420 62500 58000 60080 23217.00 139150000
20150717 55000 60260 54900 59400 22798.00 133100000
20150716 51190 56200 47130 54780 31121.00 165460000
20150715 55800 57550 50910 51190 44859.00 243850000
20150714 55000 56570 53280 56570 37548.00 210470000
20150713 51430 51430 49800 51430 26186.00 134390000
20150710 46000 46750 45100 46750 8908.00 41220000
20150709 34860 42500 34860 42500 35545.00 142190000
20150708 38640 38640 38640 38640 4765.00 18410000
20150707 44000 44120 42930 42930 12966.00 55800000
20150706 58300 58300 47700 47700 37384.00 195360000
20150703 57000 57550 52490 53000 22511.00 120240000
20150702 63490 63880 58320 58320 14771.00 89070000
20150701 69000 74980 64800 64800 18555.00 130730000
20150630 64000 73990 63420 72000 25444.00 172660000
20150629 74500 77500 70470 70470 16873.00 120000000
20150626 82800 83000 78300 78300 12228.00 97130000
20150625 89330 92900 86800 87000 17758.00 159130000
20150624 93550 95800 86780 93490 32859.00 299980000
20150623 84300 93490 82600 93490 30964.00 278180000
20150619 83500 91550 81540 84990 42323.00 365870000
20150618 88000 95600 83010 90600 59367.00 527900000
20150617 92010 95000 88790 88990 44838.00 402190000
20150616 92010 98650 89680 98650 64633.00 619930000
20150615 89680 89680 89680 89680 1490.00 13360000
20150612 81530 81530 81530 81530 184.00 1500000
20150611 74120 74120 74120 74120 157.00 1160000
20150610 67380 67380 67380 67380 190.00 1280000
20150609 61250 61250 61250 61250 114.00 690000
20150608 55680 55680 55680 55680 63.00 350000
20150605 50620 50620 50620 50620 36.00 180000
20150604 46020 46020 46020 46020 80.00 360000
20150603 41840 41840 41840 41840 70.00 290000
20150602 38040 38040 38040 38040 45.00 170000
20150601 34580 34580 34580 34580 20.00 60000
20150529 31440 31440 31440 31440 18.00 50000
20150528 28580 28580 28580 28580 35.00 100000
20150527 21650 25980 21650 25980 56.00 140000
