20191129 19500 19650 19320 19360 24129 47015469 1.70 0.88 -0.21 10358 13771 0.75 0.93
20191128 19450 19650 19160 19400 26108 50662425 2.52 0.96 -0.10 14366 11742 1.22 1.01
20191127 19170 19560 18780 19420 33075 64076563 4.07 1.25 1.30 12484 20591 0.61 1.28
20191126 18780 19200 18780 19170 27715 52605403 2.25 1.05 2.73 10209 17507 0.58 1.07
20191125 19020 19160 18000 18660 21746 40586768 6.11 0.79 -1.69 13296 8449 1.57 0.84
20191122 19260 19470 18870 18980 28327 54161890 3.15 0.85 -0.42 18329 9998 1.83 1.10
20191121 19280 19530 18970 19060 25187 48327958 2.87 0.65 -2.21 16805 8382 2.00 0.97
20191120 19440 19740 19300 19490 29735 58125755 2.27 0.79 0.52 14438 15297 0.94 1.15
20191119 18970 19470 18890 19390 26979 52172205 3.05 0.67 2.00 11692 15287 0.76 1.04
20191118 18850 19180 18650 19010 27646 52575680 2.81 0.62 0.69 17545 10101 1.74 1.07
20191115 19600 19920 18860 18880 57418 110541481 5.41 1.26 -3.72 41241 16176 2.55 2.22
20191114 20160 20290 19530 19610 51817 102101659 3.74 1.15 -3.40 35850 15967 2.25 2.00
20191113 20290 20300 20000 20300 24179 48638407 1.48 0.43 0.00 13732 10446 1.31 0.94
20191112 20090 20320 19680 20300 40478 81289481 3.20 0.71 1.50 18270 22208 0.82 1.57
20191111 20700 20700 19800 20000 50403 101832770 4.33 0.91 -3.71 27957 22446 1.25 1.95
20191108 20730 21180 20600 20770 61568 128852107 2.81 1.21 0.53 30563 31005 0.99 2.38
20191107 20520 20800 20200 20660 49500 102011147 2.91 1.00 0.29 23733 25766 0.92 1.92
20191106 20160 20870 20140 20600 76171 157230319 3.62 1.94 2.18 29663 46508 0.64 2.95
20191105 20150 20340 19980 20160 46770 94210652 1.79 1.31 0.00 21735 25035 0.87 1.81
20191104 19920 20190 19850 20160 42978 86331517 1.71 1.22 1.20 19093 23885 0.80 1.66
20191101 19520 19970 19520 19920 38229 75923318 2.30 1.16 1.84 15898 22331 0.71 1.48
20191031 19300 20060 19300 19560 44043 87176378 3.94 1.50 1.35 20547 23496 0.87 1.70
20191030 19610 19630 19200 19300 24580 47606885 2.20 0.88 -1.38 15167 9412 1.61 0.95
20191029 19800 19850 19490 19570 28942 56781275 1.81 1.07 -1.71 18681 10261 1.82 1.12
20191028 19890 19980 19590 19910 40563 80339009 1.97 1.70 0.66 22561 18002 1.25 1.57
20191025 19470 19830 19300 19780 27152 53107511 2.72 1.11 1.59 11844 15309 0.77 1.05
20191024 19550 19670 19200 19470 25582 49750489 2.40 1.02 -0.56 14410 11172 1.29 0.99
20191023 19850 19960 19570 19580 17082 33638367 1.97 0.59 -1.26 11236 5846 1.92 0.66
20191022 19640 19960 19570 19830 24364 48182558 1.99 0.66 1.23 12855 11509 1.12 0.94
20191021 19750 19880 19380 19590 24808 48601076 2.53 0.62 -0.81 13414 11394 1.18 0.96
20191018 20340 20340 19660 19750 30630 61126756 3.36 0.72 -2.28 20774 9857 2.11 1.19
20191017 20490 20550 19900 20210 28881 58483848 3.17 0.65 -1.41 17403 11478 1.52 1.12
20191016 20480 20770 20140 20500 36548 74519914 3.05 0.83 -0.73 21259 15288 1.39 1.41
20191015 20710 21180 20490 20650 64077 133290187 3.37 1.69 0.78 32240 31838 1.01 2.48
20191014 20510 20710 20300 20490 40562 83129455 2.01 1.17 0.69 21824 18738 1.16 1.57
20191011 20410 20640 20220 20350 41421 84613003 2.07 1.27 0.44 20615 20806 0.99 1.60
20191010 20360 20500 20020 20260 38054 76912551 2.37 1.08 -0.15 21787 16268 1.34 1.47
20191009 19550 20300 19400 20290 35226 70183000
20191008 19740 19900 19340 19580 34351 67363185 2.84 0.80 -0.66 17425 16926 1.03 1.33
20190930 19950 20150 19680 19710 24233 48302918 2.36 0.49 -1.05 13768 10466 1.32 0.94
20190927 19950 20150 19890 19920 31749 63491896 1.30 0.53 -0.15 21247 10502 2.02 1.23
20190926 20800 20870 19900 19950 50560 101825415 4.70 0.83 -3.34 31652 18907 1.67 1.96
20190925 21440 21440 20640 20640 52759 109908000
20190924 21040 21480 20920 21410 55627 118190366 2.68 0.72 2.54 25854 29772 0.87 2.15
20190923 21180 21180 20600 20880 55295 114914654 2.73 0.63 -1.74 30060 25235 1.19 2.14
20190920 20960 21590 20850 21250 86769 184750037 3.53 1.05 1.43 42277 44492 0.95 3.36
20190919 20630 20950 20600 20950 55787 115937665 1.70 0.65 1.55 28956 26831 1.08 2.35
20190918 21030 21170 20520 20630 66017 136841225 3.09 0.74 -1.86 40347 25669 1.57 2.78
20190917 21950 21950 20810 21020 124375 264290771 5.13 1.39 -5.44 79406 44970 1.77 5.23
20190916 22300 22830 22090 22230 106287 238363594 3.35 1.03 0.50 55938 50349 1.11 4.47
20190912 22430 22530 22000 22120 61615 136599928 2.37 0.48 -1.25 31689 29926 1.06 2.59
20190911 22680 22860 22250 22400 68757 154874000
20190910 23120 23120 22400 22670 82574 187496776 3.13 0.69 -1.31 49427 33146 1.49 3.48
20190909 22850 23330 22600 22970 127471 291176400 3.23 1.22 1.68 66220 61251 1.08 5.36
20190906 22880 23150 22260 22590 173840 394011504 3.94 2.16 0.00 88024 85817 1.03 7.32
20190905 20650 22590 20610 22590 185291 408545792 9.64 3.62 9.98 86009 99282 0.87 7.80
20190904 20690 20750 20310 20540 53789 109885559 2.13 1.04 -0.63 31069 22720 1.37 2.26
20190903 20120 20670 20050 20670 60802 124099000
20190902 19400 20200 19270 20100 48289 96048000
20190830 20220 20490 19300 19520 54032 107116710 5.91 1.09 -3.13 33596 20436 1.64 2.27
20190829 20190 20650 20100 20150 38840 78871552 2.70 0.74 -1.23 22423 16417 1.37 1.63
20190828 21130 21230 20310 20400 55403 114686611 4.48 1.09 -0.68 33220 22183 1.50 2.33
20190827 20330 20920 20330 20540 46301 95483429 2.93 0.87 1.83 21952 24349 0.90 1.95
20190826 20100 20650 19980 20170 49576 100478974 3.24 0.82 -2.32 24739 24837 1.00 2.09
20190823 21000 21130 20450 20650 58421 121239171 3.24 0.94 -1.67 29583 28838 1.03 2.46
20190822 21020 21580 20760 21000 52404 110309189 3.90 0.75 -0.24 28004 24399 1.15 2.21
20190821 20900 21220 20810 21050 46915 98753787 1.94 0.67 -0.14 23095 23820 0.97 1.97
20190820 21370 21400 20910 21080 58376 123411283 2.31 0.90 -0.66 35406 22970 1.54 2.46
20190819 20800 21310 20330 21220 84858 177044546 4.83 1.55 4.48 37362 47497 0.79 3.57
20190816 20300 20410 19840 20310 69740 140158551 2.81 1.48 0.05 41050 28690 1.43 2.94
20190815 18810 20300 18810 20300 88799 176049434 7.69 2.53 4.75 36992 51807 0.71 3.74
20190814 18950 19590 18870 19380 46989 90619585 3.86 1.35 3.91 20427 26562 0.77 1.98
20190813 18800 19260 18400 18650 35371 66119887 4.51 0.97 -2.10 22618 12753 1.77 1.49
20190812 19090 19140 18740 19050 32274 60985000
20190809 19320 19450 18660 18720 32137 61040544 4.11 0.83 -2.50 17961 14176 1.27 1.35
20190808 19490 19760 19130 19200 29007 56175594 3.29 0.68 0.42 14091 14916 0.94 1.22
20190807 19850 20170 19050 19120 44653 86325599 5.66 1.13 -3.34 27873 16780 1.66 1.88
20190806 19800 20260 19520 19780 43323 86029965 3.68 1.09 -1.64 21699 21624 1.00 1.82
20190805 21000 21000 20000 20110 39447 80580489 4.81 1.01 -3.27 22568 16879 1.34 1.66
20190802 20760 21080 20510 20790 37767 78426743 2.71 0.98 -1.00 18776 18992 0.99 1.59
20190801 21150 21360 20850 21000 48404 101948691 2.40 1.32 -1.18 21118 27286 0.77 2.04
20190731 21390 21660 21150 21250 29111 62104170 2.41 0.71 0.24 13950 15162 0.92 1.23
20190730 21110 21680 21110 21200 43611 93602752 2.69 1.01 0.05 19986 23624 0.85 1.84
20190729 21090 21450 20800 21190 35716 75764905 3.08 0.87 0.47 17645 18071 0.98 1.50
20190726 20800 21170 20650 21090 35907 75351773 2.50 0.94 1.20 15261 20646 0.74 1.51
20190725 20600 20940 20330 20840 38814 80564657 2.96 1.08 1.12 17851 20963 0.85 1.63
20190724 20500 20880 20370 20610 49686 102437238 2.53 1.56 2.28 23998 25688 0.93 2.09
20190723 19200 20270 19010 20150 56223 111989878 6.63 2.07 6.05 17836 38388 0.46 2.37
20190722 19610 19680 18820 19000 25485 48643851 4.35 0.75 -3.80 14035 11450 1.23 1.07
20190719 19330 19800 19330 19750 20731 40684744 2.44 0.50 2.44 9197 11534 0.80 0.87
20190718 19810 19810 19150 19280 27014 52413865 3.31 0.62 -3.41 16232 10782 1.51 1.14
20190717 20100 20220 19800 19960 30133 60023393 2.10 0.71 0.00 18686 11446 1.63 1.27
20190716 20060 20360 19880 19960 32115 64439237 2.37 0.76 -1.29 17228 14887 1.16 1.35
20190715 20180 20720 19850 20220 59130 119524716 4.44 1.40 3.27 26877 32252 0.83 2.49
20190712 20390 20390 19580 19580 59938 118754867 3.98 1.64 -3.83 38360 21577 1.78 2.52
20190711 20190 20980 19900 20360 36706 74850085 5.37 0.91 1.29 20813 15893 1.31 1.54
20190710 20380 20380 19980 20100 24617 49615978 1.98 0.59 -0.50 13789 10828 1.27 1.04
20190709 20270 20450 19860 20200 30457 61343263 2.96 0.66 1.51 16956 13501 1.26 1.28
20190708 20530 20670 19600 19900 59419 118937633 5.19 1.31 -3.44 32457 26963 1.20 2.50
20190705 20840 21220 20460 20610 31791 65928082 3.67 0.65 -0.53 17258 14533 1.19 1.34
20190704 21400 21400 20300 20720 54618 113029801 5.14 1.10 -3.13 31395 23224 1.35 2.30
20190703 21400 21450 20870 21390 31759 67108941 2.71 0.65 -0.05 16354 15404 1.06 1.34
20190702 21030 21750 20800 21400 52309 112032741 4.53 1.14 2.05 22453 29856 0.75 2.20
20190701 20260 21400 20110 20970 56718 117712283 6.53 1.30 6.07 24660 32057 0.77 2.39
20190628 20070 20390 19620 19770 47905 95714963 3.77 1.15 -3.09 26899 21006 1.28 2.02
20190627 19500 20400 19230 20400 58884 117608298 6.04 1.67 5.32 24123 34761 0.69 2.48
20190626 18880 19430 18820 19370 27395 52424954 3.19 0.81 1.41 10106 17288 0.58 1.15
20190625 19010 19380 18810 19100 39247 74985825 2.93 1.39 -1.70 19268 19979 0.96 1.65
20190624 19000 19470 18740 19430 44901 86215146 3.84 2.05 2.32 16737 28164 0.59 1.89
20190621 18680 19250 18570 18990 37833 71887636 3.67 2.30 2.54 14464 23369 0.62 1.59
20190620 18150 18650 17860 18520 26587 48967582 4.36 1.96 2.15 12244 14343 0.85 1.12
20190619 18470 18470 18050 18130 20847 37922086 2.38 1.62 2.84 9394 11454 0.82 0.88
20190618 17770 17970 17530 17630 11484 20335242 2.48 0.73 -0.79 6876 4608 1.49 0.48
20190617 17780 17960 17530 17770 12605 22381568 2.42 0.76 0.00 6683 5921 1.13 0.53
20190614 18020 18300 17710 17770 10684 19189463 3.24 0.58 -2.42 6375 4309 1.48 0.45
20190613 18180 18350 17810 18210 12204 22142559 2.97 0.64 0.17 6076 6128 0.99 0.51
20190612 18600 18600 18180 18180 17528 32119202 2.26 0.92 -1.99 9994 7534 1.33 0.74
20190611 18180 18580 17920 18550 25450 46842134 3.67 1.36 3.06 11020 14430 0.76 1.07
20190610 17470 18200 17460 18000 17547 31514960 4.24 0.74 3.09 7123 10425 0.68 0.74
20190606 18170 18170 17300 17460 18705 32869930 4.84 0.79 -2.84 9828 8877 1.11 0.79
20190605 18230 18320 17880 17970 16163 29235663 2.43 0.66 -0.61 8472 7691 1.10 0.68
20190604 18120 18330 17800 18080 17898 32208046 2.92 0.69 -0.22 9815 8084 1.21 0.75
20190603 18320 18660 17880 18120 23481 42809758 4.26 0.92 -1.09 12588 10893 1.16 0.99
20190531 18950 19130 18000 18320 41834 76860648 5.98 2.09 -3.12 26656 15178 1.76 1.76
20190530 19010 19270 18780 18910 18690 35363926 2.54 0.90 -1.92 11452 7238 1.58 0.79
20190529 19800 19900 19200 19280 20507 39850000
20190528 19670 20190 19580 19740 25720 51309711 3.10 1.47 0.36 12643 13077 0.97 1.08
20190527 19100 19940 18600 19670 20633 40181154 7.07 1.15 3.85 10240 10394 0.99 0.87
20190524 18810 19350 18680 18940 14312 27242383 3.55 0.67 0.42 7775 6537 1.19 0.60
20190523 19400 19800 18800 18860 22921 44002501 5.08 0.89 -4.12 14134 8787 1.61 0.96
20190522 29990 30550 29450 29630 15060 44996429 3.62 0.52 -2.40 8311 6749 1.23 0.95
20190521 30500 30740 29640 30360 14452 43720911 3.67 0.49 1.40 7821 6632 1.18 0.91
20190520 30940 31230 28780 29940 23004 68140219 7.93 0.84 -3.04 12587 10417 1.21 1.45
20190517 32890 32890 30500 30880 32012 101690806 7.25 1.29 -6.37 18673 13339 1.40 2.02
20190516 32360 33140 32170 32980 43952 143512011 3.04 2.35 3.42 20038 23914 0.84 2.77
20190515 30500 31960 30010 31890 31307 97421415 6.61 1.81 8.07 11572 19734 0.59 1.98
20190514 30000 30650 29300 29510 16866 50345775 4.44 0.91 -2.86 9404 7462 1.26 0.99
20190513 30160 31200 30160 30380 12316 37737791 3.37 0.53 -1.59 7557 4760 1.59 0.73
20190510 30200 31300 29510 30870 19933 61131644 5.99 0.82 3.28 9094 10838 0.84 1.17
20190509 29710 30470 29580 29890 13076 39267028 2.97 0.47 -0.27 6848 6228 1.10 0.77
20190508 28650 30770 28130 29970 24352 72535609 9.05 0.88 2.71 9826 14527 0.68 1.43
20190507 28970 29460 28280 29180 22987 66554263 4.09 0.77 1.14 12168 10819 1.12 1.35
20190506 30000 30800 28850 28850 36055 106586682 6.08 1.36 -9.98 21803 14252 1.53 2.12
20190430 31130 32690 31020 32050 24665 78828678 5.30 0.87 1.81 11308 13357 0.85 1.45
20190429 32250 32910 31330 31480 32302 104237476 5.00 1.17 -0.44 15960 16342 0.98 1.90
20190426 31500 32200 31030 31620 21584 68620373 3.68 0.71 -0.57 10573 11012 0.96 1.27
20190425 32000 32800 31620 31800 34250 110417040 3.70 0.85 -0.38 15993 18257 0.88 2.02
20190424 31700 32180 31400 31920 19456 61939722 2.46 0.38 0.69 9327 10129 0.92 1.15
20190423 31760 32290 31130 31700 33394 106450544 3.68 0.62 0.44 14910 18484 0.81 1.97
20190422 32600 32670 31440 31560 28912 92411453 3.78 0.50 -3.01 20172 8740 2.31 1.70
20190419 33080 33120 32000 32540 36346 118597872 3.39 0.59 -1.63 19983 16364 1.22 2.14
20190418 31360 33300 31350 33080 83995 273897616 6.26 1.28 6.13 39286 44708 0.88 4.95
20190417 31610 32000 30120 31170 72960 226273879 5.90 1.26 -2.20 44157 28803 1.53 4.30
20190416 31110 32000 30580 31870 47813 149676796 4.55 0.84 2.15 22983 24829 0.93 2.82
20190415 32890 32890 31200 31200 49828 159407251 5.24 0.84 -3.35 30286 19542 1.55 2.93
20190412 32500 32850 31360 32280 54479 175466506 4.61 0.99 -0.22 25863 28615 0.90 3.21
20190411 35400 35770 32030 32350 102929 344055776 10.51 2.52 -9.10 60906 42022 1.45 6.06
20190410 35760 36200 35180 35590 35281 125865957 2.85 0.86 -0.59 18478 16803 1.10 2.08
20190409 36350 36690 35050 35800 42387 151644386 4.48 0.95 -2.19 24030 18357 1.31 2.50
20190408 37820 38500 35210 36600 62163 227998579 8.82 1.24 -1.88 36219 25944 1.40 3.66
20190404 37650 38370 37010 37300 32317 121407111 3.61 0.67 -0.90 19482 12835 1.52 1.90
20190403 37500 38150 37170 37640 32010 120196132 2.57 0.68 -1.41 16874 15137 1.11 1.88
20190402 38400 39600 38030 38180 37137 142688429 4.04 0.81 -1.72 21165 15972 1.33 2.19
20190401 36800 38990 36770 38850 59548 227065876 6.20 1.48 8.43 26993 32555 0.83 3.51
20190329 34960 35830 33880 35830 89145 313704896 5.99 3.19 9.98 32363 56782 0.57 5.25
20190328 32220 32920 31540 32580 21941 70608018 4.32 0.75 1.94 10352 11588 0.89 1.29
20190327 31490 32000 30880 31960 28117 88864361 3.55 0.90 1.33 12754 15362 0.83 1.66
20190326 32200 32750 31400 31540 31435 100030710 4.19 0.96 -2.17 15999 15436 1.04 1.85
20190325 33110 33110 32190 32240 30286 98929192 2.76 0.82 -3.15 18182 12104 1.50 1.78
20190322 32230 33300 32160 33290 27742 90403410 3.54 0.75 3.39 13506 14235 0.95 1.63
20190321 33000 33290 32150 32200 28866 94002853 3.48 0.74 -1.83 16029 12837 1.25 1.70
20190320 32410 34060 32000 32800 37768 124278161 6.36 0.97 1.20 20097 17671 1.14 2.22
20190319 32950 33300 31760 32410 38496 124978783 4.67 0.92 -1.64 20433 18062 1.13 2.27
20190318 32680 34300 32130 32950 51516 171842087 6.76 1.19 2.58 23845 27671 0.86 3.03
20190315 31510 32510 31150 32120 28820 91856233 4.34 0.57 2.46 11690 17130 0.68 1.70
20190314 31250 32650 30980 31350 37394 118755259 5.22 0.74 -2.06 19899 17495 1.14 2.20
20190313 32500 33460 31620 32010 39361 127612681 5.75 0.74 0.06 20685 18676 1.11 2.32
20190312 31400 32950 31220 31990 51992 167088780 5.58 1.03 3.13 25337 26655 0.95 3.06
20190311 29290 31460 29290 31020 59185 180281890 7.49 1.17 7.00 24849 34336 0.72 3.48
20190308 28780 30920 28330 28990 64628 191629569 8.96 1.34 0.31 29287 35341 0.83 3.81
20190307 28650 29170 28540 28900 38321 110405529 2.15 0.72 -1.37 21467 16854 1.27 3.02
20190306 29030 29410 28600 29300 51678 149926344 2.75 1.07 -0.48 29053 22624 1.28 4.08
20190305 29280 29950 28890 29440 38441 112318631 3.64 0.88 0.99 21242 17199 1.24 3.03
20190304 29050 30430 28800 29150 59720 176590604 5.70 1.63 1.96 29485 30235 0.98 4.71
20190301 26650 28960 26650 28590 52874 147287409 8.76 1.84 8.46 25280 27594 0.92 4.17
20190228 27000 27740 26050 26360 63955 172789846 6.48 3.49 1.11 34297 29658 1.16 5.05
20190227 25510 26070 25020 26070 27274 70892101 4.43 1.84 10.00 11820 15454 0.76 2.15
20190226 24070 24200 23470 23700 14139 33758912 3.03 0.97 -1.58 8533 5605 1.52 1.12
20190225 23420 24200 23210 24080 25310 60121034 4.29 1.98 4.38 8433 16876 0.50 2.00
20190222 22790 23420 22310 23070 13329 30419435 4.83 1.12 0.30 6223 7106 0.88 1.05
20190221 23320 23420 22700 23000 11693 27086103 3.13 0.86 0.00 6369 5324 1.20 0.92
20190220 23170 23500 22800 23000 9484 21820368 3.00 0.67 -1.33 4693 4791 0.98 0.75
20190219 23590 23780 22910 23310 12989 30326582 3.72 0.84 -0.21 5891 7099 0.83 1.02
20190218 22990 23880 22990 23360 16305 38405750 3.87 1.14 1.61 8297 8008 1.04 1.29
20190215 23100 23290 22770 22990 9022 20765411 2.25 0.67 -0.30 4039 4983 0.81 0.71
20190214 22780 23390 22400 23060 20190 46192681 4.42 1.93 2.95 8147 12043 0.68 1.59
20190213 22600 22600 22130 22400 11948 26779594 2.11 1.29 0.45 5170 6778 0.76 0.94
20190212 21670 22780 21500 22300 19524 43813619 5.91 2.97 2.95 6192 13332 0.46 1.54
20190211 20510 21800 20510 21660 10775 23069033 6.27 1.97 5.35 3406 7369 0.46 0.85
20190201 20270 20710 20270 20560 4837 9956443 2.16 0.89 0.83 2390 2447 0.98 0.38
20190131 20000 20780 20000 20390 5288 10778723 3.90 0.90 1.95 2488 2800 0.89 0.42
20190130 20600 20600 19980 20000 5947 12062851 3.01 1.10 -2.82 4115 1832 2.25 0.47
20190129 21260 21260 20370 20580 6032 12475957 4.20 1.18 -2.97 3822 2209 1.73 0.48
20190128 21500 21500 21080 21210 5293 11255404 1.99 0.95 0.28 2288 3005 0.76 0.42
20190125 21180 21350 21040 21150 4571 9703524 1.46 0.84 -0.70 2819 1752 1.61 0.36
20190124 20690 21500 20690 21300 7628 16168092 3.87 1.45 1.72 3455 4173 0.83 0.60
20190123 21150 21190 20920 20940 3429 7209394 1.27 0.59 -1.23 1819 1610 1.13 0.27
20190122 21570 21590 21090 21200 4685 9985058 2.35 0.77 -0.56 2426 2259 1.07 0.37
20190121 21500 21660 21160 21320 7521 16125195 2.37 1.33 1.04 2842 4679 0.61 0.59
20190118 20970 21200 20830 21100 3917 8233016 1.76 0.69 0.62 1871 2046 0.91 0.31
20190117 21450 21510 20950 20970 6696 14197404 2.60 1.31 -2.47 4150 2546 1.63 0.53
20190116 21440 21680 21400 21500 6113 13177596 1.31 1.05 0.61 2532 3580 0.71 0.48
20190115 21610 21900 21180 21370 5115 11024558 3.33 0.81 -1.11 3057 2058 1.49 0.40
20190114 21610 21900 21180 21370 5115 11025000
20190111 21430 21740 21200 21610 4147 8945000
20190110 21320 21850 21260 21430 3768 8142000
20190109 21100 22000 21100 21570 9838 21354729 4.25 0.99 1.89 4469 5370 0.83 0.78
20190108 21400 21520 21100 21170 6044 12875016 1.95 0.42 -1.85 3938 2107 1.87 0.48
20190107 21200 21650 21200 21570 7714 16533796 2.10 0.52 0.79 3602 4112 0.88 0.61
20190104 20320 21480 20200 21400 12010 25163023 6.15 0.86 2.88 4632 7379 0.63 0.95
20190103 20510 20800 20150 20800 10552 21614737 3.12 0.72 0.00 5911 4641 1.27 0.83
20190102 21200 21200 20390 20800 13503 27858785 3.82 0.96 -1.89 8095 5409 1.50 1.07
20181228 20810 21200 20410 21200 27679 57732131 3.74 2.62 0.47 7075 20604 0.34 2.18
20181227 21260 21300 20500 21100 9880 20579550 3.83 0.89 1.01 5349 4531 1.18 0.78
20181226 21220 21410 20710 20890 7956 16717780 3.31 0.70 -1.18 4416 3540 1.25 0.63
20181225 21110 21280 20300 21140 14028 29249165 4.61 1.20 -0.52 7619 6409 1.19 1.11
20181224 20710 21360 20710 21250 10920 23083036 3.11 0.91 1.67 5015 5904 0.85 0.86
20181221 21150 21150 20670 20900 10103 21069040 2.25 0.88 -2.11 5038 5065 0.99 0.80
20181220 21310 21460 20600 21350 12670 26567648 4.03 1.19 0.14 8234 4436 1.86 1.00
20181219 21750 21940 21300 21320 9342 20110085 2.94 0.85 -2.11 5535 3807 1.45 0.74
20181218 21280 22220 20910 21780 15214 33228000
20181217 21990 21990 20000 21340 12636 27128231 9.18 1.26 -1.57 5737 6898 0.83 1.00
20181214 22380 22400 21640 21680 7560 16620684 3.42 0.74 -2.56 4765 2795 1.71 0.60
20181213 22400 22560 21910 22250 8687 19367912 2.90 0.83 -0.63 3523 5164 0.68 0.69
20181212 22440 22680 22150 22390 10704 23964947 2.36 1.05 -0.22 4053 6651 0.61 0.84
20181211 22200 22870 22010 22440 11082 24865912 3.89 0.97 1.63 4344 6739 0.64 0.87
20181210 22060 22190 21610 22080 12156 26765917 2.66 0.96 1.33 4903 7253 0.68 0.96
20181207 22350 22350 21680 21790 8486 18610092 3.05 0.60 -0.91 4249 4237 1.00 0.67
20181206 22110 22340 21720 21990 9918 21899794 2.80 0.54 -0.77 5164 4754 1.09 0.78
20181205 21600 22450 21510 22160 9416 20831684 4.24 0.52 0.00 3323 6093 0.55 0.74
20181204 22270 22390 21720 22160 16913 37283044 3.01 1.07 -0.49 7885 9028 0.87 1.33
20181203 22040 22600 21510 22270 18691 41329421 5.06 1.42 3.44 9336 9355 1.00 1.47
20181130 21160 21560 20710 21530 15649 33153455 4.01 1.39 1.56 7567 8082 0.94 1.23
20181129 20490 21490 20310 21200 31474 66347985 5.84 5.36 4.90 13963 17511 0.80 2.48
20181128 19610 20390 19610 20210 7737 15582088 3.93 1.17 1.81 4015 3722 1.08 0.61
20181127 19650 19960 19470 19850 5731 11338723 2.52 0.66 2.00 2541 3190 0.80 0.45
20181126 19900 20400 19150 19460 5312 10501377 6.28 0.53 -2.21 3395 1916 1.77 0.42
20181123 20630 20690 19900 19900 6124 12398747 3.82 0.51 -3.86 4428 1696 2.61 0.48
20181122 20760 20990 20530 20700 4477 9259841 2.22 0.32 -0.19 3069 1407 2.18 0.35
20181121 20950 21100 20550 20740 11555 24008849 2.59 0.83 -2.40 7119 4437 1.60 0.91
20181120 20910 21680 20500 21250 15736 33193000
20181119 21240 21240 20480 21060 12088 25190000
20181116 21000 21540 20790 21250 16562 35056000
20181115 20190 20870 20030 20800 13512 27699623 4.16 1.01 3.02 6037 7476 0.81 1.07
20181114 20680 20680 20100 20190 11321 23086500 2.82 0.83 -1.70 7354 3967 1.85 0.89
20181113 19900 20850 19690 20540 25153 51377076 5.80 1.95 2.70 8195 16958 0.48 1.98
20181112 19500 20050 19400 20000 13022 25893883 3.33 0.85 2.56 5370 7652 0.70 1.03
20181109 19920 20010 19410 19500 10256 20173577 3.01 0.57 -2.11 7291 2965 2.46 0.81
20181108 20200 20400 19900 19920 7019 14087818 2.49 0.37 -0.85 4778 2240 2.13 0.55
20181107 20530 20700 20000 20090 12499 25446764 3.41 0.64 -2.00 7634 4865 1.57 0.99
20181106 20200 20760 19700 20500 21573 43809081 5.17 1.07 -0.05 13268 8304 1.60 1.70
20181105 20150 20720 19910 20510 24978 50835374 3.93 1.44 -0.44 15896 9082 1.75 1.97
20181102 19360 20760 19080 20600 24437 47945249 8.85 1.62 8.48 9769 14668 0.67 1.93
20181101 19350 19450 18900 18990 12548 24060813 2.88 0.82 -0.68 6706 5841 1.15 0.99
20181031 19300 19500 18850 19120 13383 25682210 3.37 1.00 -0.93 7875 5509 1.43 1.06
20181030 18290 19480 17990 19300 25493 47783190 8.16 2.60 5.64 11885 13608 0.87 2.01
20181029 17900 18490 17900 18270 10995 19985356 3.30 1.10 2.24 4658 6337 0.74 0.87
20181026 18040 18460 17710 17870 13115 23707177 4.19 1.39 -0.06 6589 6526 1.01 1.03
20181025 18450 18450 17540 17880 13296 23837789 4.81 1.51 -5.40 7893 5403 1.46 1.05
20181024 18820 19180 18630 18900 3976 7557935 2.90 0.41 -0.32 1707 2269 0.75 0.31
20181023 19480 19530 18620 18960 7679 14654896 4.72 0.81 -1.66 4878 2801 1.74 0.61
20181022 19180 19850 19000 19280 11696 22721763 4.56 1.37 3.32 5826 5870 0.99 0.92
20181019 16960 18910 16960 18660 10421 19175132 10.89 1.27 4.19 4508 5914 0.76 0.82
20181018 18510 18750 17770 17910 10326 18740562 5.24 1.09 -4.22 7005 3321 2.11 0.81
20181017 19080 19100 18110 18700 8636 16131987 5.35 0.98 1.08 5185 3451 1.50 0.68
20181016 18020 19250 18020 18500 6234 11684422 6.51 0.73 -2.12 3115 3119 1.00 0.49
20181015 18920 19550 18900 18900 6990 13440152 3.46 0.80 0.59 3162 3828 0.83 0.55
20181012 19040 19040 17710 18790 8868 16450090 6.99 1.01 -1.31 4826 4041 1.19 0.70
20181011 20400 20590 19040 19040 16730 32616009 7.33 2.15 -10.02 10615 6115 1.74 1.32
20181010 21130 21350 21100 21160 5235 11099608 1.18 0.52 0.28 2562 2673 0.96 0.42
20181009 21380 21760 21050 21100 4957 10573201 3.33 0.45 -0.89 3325 1632 2.04 0.40
20181008 22000 22000 21200 21290 8014 17271603 3.57 0.60 -5.00 5472 2542 2.15 0.64
20180928 22440 22760 22300 22410 8996 20267251 2.05 0.55 -0.13 6085 2911 2.09 0.72
20180927 22880 22880 22300 22440 11698 26394113 2.53 0.79 -2.18 7035 4664 1.51 0.93
20180926 22180 22960 22080 22940 16824 37919125 4.01 1.38 4.42 7504 9320 0.81 1.34
20180925 21430 22020 21310 21970 9898 21492013 3.31 0.91 2.52 3792 6105 0.62 0.79
20180921 21770 22080 21180 21430 18948 40666763 4.10 2.37 -2.46 11736 7213 1.63 1.51
20180920 23550 23600 21720 21970 23783 52951102 8.07 5.37 -5.71 14862 8921 1.67 1.90
20180919 23010 23750 23010 23300 4567 10701609 3.19 1.00 0.30 1973 2594 0.76 0.36
20180918 22540 23360 22540 23230 3916 9033359 3.56 0.73 0.96 1913 2003 0.96 0.31
20180917 22960 23760 22800 23010 3423 7923836 4.08 0.50 -2.17 2134 1289 1.66 0.27
20180914 23570 23920 23350 23520 4297 10166033 2.42 0.63 -0.17 2638 1659 1.59 0.34
20180913 23500 23830 23010 23560 5927 13889398 3.51 0.90 0.77 3059 2867 1.07 0.47
20180912 23100 23410 22810 23380 5358 12451455 2.60 0.83 1.34 2841 2517 1.13 0.43
20180911 23340 23590 22800 23070 7903 18216264 3.40 1.22 -0.65 4343 3560 1.22 0.63
20180910 24870 24870 22520 23220 10407 24647774 9.56 1.69 -5.49 7060 3347 2.11 0.83
20180907 24550 24930 24380 24570 4310 10657939 2.26 0.67 0.90 2144 2166 0.99 0.34
20180906 24700 24860 24290 24350 4792 11750113 2.31 0.64 -1.42 2961 1831 1.62 0.38
20180905 25010 25250 24700 24700 4812 12026797 2.20 0.54 -1.08 2850 1961 1.45 0.38
20180904 25300 25600 24810 24970 8051 20215698 3.10 0.80 -1.96 4895 3156 1.55 0.64
20180903 25560 25760 24620 25470 8823 22095869 4.46 0.88 -0.35 5781 3042 1.90 0.70
20180831 25540 25890 25320 25560 5505 14070678 2.23 0.53 0.08 2821 2685 1.05 0.44
20180830 25930 26340 25270 25540 10427 26895415 4.15 0.87 -0.93 5898 4529 1.30 0.83
20180829 26620 26620 25780 25780 11489 30001701 3.16 1.06 -3.16 7487 4002 1.87 0.92
20180828 27210 27210 26210 26620 14330 38087115 3.64 1.46 -3.02 8210 6119 1.34 1.14
20180827 27370 27780 27370 27450 8591 23721883 1.50 0.95 0.29 3782 4809 0.79 0.68
20180824 27220 27440 26930 27370 7033 19144623 1.87 0.73 0.55 2995 4038 0.74 0.56
20180823 26360 27490 26310 27220 18444 50137619 4.48 2.65 3.26 6704 11740 0.57 1.47
20180822 26360 26800 26240 26360 5622 14885774 2.11 0.81 -0.45 2711 2912 0.93 0.45
20180821 25980 26660 25740 26480 9262 24317696 3.58 1.53 3.04 3305 5957 0.55 0.74
20180820 25080 25750 25080 25700 4794 12233861 2.63 0.62 0.98 2609 2186 1.19 0.38
20180817 25520 26500 25450 25450 9985 25849939 4.12 1.41 -0.12 5574 4412 1.26 0.80
20180816 25780 26070 25230 25480 5200 13341068 3.25 0.61 -1.43 2983 2218 1.34 0.41
20180815 26350 26650 25830 25850 5618 14683228 3.09 0.63 -2.67 3557 2061 1.73 0.45
20180814 26780 26780 26240 26560 4595 12150278 2.03 0.45 -0.38 2622 1973 1.33 0.37
20180813 25400 26860 25210 26660 13549 35689269 6.39 1.37 3.21 4284 9265 0.46 1.08
20180810 26300 26300 25510 25830 6359 16423693 3.05 0.61 -0.31 3650 2709 1.35 0.51
20180809 24970 26300 24670 25910 12326 31739031 6.60 1.07 4.86 4000 8326 0.48 0.98
20180808 25400 25600 24700 24710 7678 19234159 3.53 0.65 -3.10 4953 2725 1.82 0.61
20180807 24480 25700 24070 25500 11698 29240127 6.80 0.99 6.43 5477 6222 0.88 0.93
20180806 25230 25800 23800 23960 11438 28216753 7.83 0.85 -6.22 6438 5000 1.29 0.91
20180803 25520 26180 25500 25550 8718 22533883 2.63 0.59 -1.01 5901 2817 2.09 0.69
20180802 26890 26900 25100 25810 18061 46605213 6.71 1.17 -3.73 10583 7479 1.41 1.44
20180801 27530 27660 26800 26810 9174 24920588 3.14 0.51 -1.97 5770 3404 1.70 0.73
20180731 27670 27720 27000 27350 11409 31266625 2.61 0.58 -0.98 5668 5741 0.99 0.91
20180730 28190 28380 26500 27620 20300 55634059 6.67 0.96 -2.02 13929 6371 2.19 1.62
20180727 28650 28710 27850 28190 14551 41096302 3.00 0.54 -1.78 10098 4453 2.27 1.16
20180726 29780 29980 28660 28700 21744 63155843 4.43 0.86 -3.76 14109 7634 1.85 1.73
20180725 29490 30450 29460 29820 22459 67271567 3.34 0.96 0.57 10813 11646 0.93 1.79
20180724 29950 29980 29570 29650 19613 58415573 1.37 0.86 -1.00 11170 8443 1.32 1.56
20180723 30200 30200 29300 29950 27338 81598752 3.01 1.25 0.23 12541 14797 0.85 2.18
20180720 27660 30000 27200 29880 42632 123332167 10.08 2.37 7.56 15517 27115 0.57 3.40
20180719 28760 28900 27690 27780 14266 40159701 4.21 0.73 -3.41 9577 4689 2.04 1.14
20180718 28900 29470 28590 28760 12707 36850422 3.04 0.63 -0.66 6478 6229 1.04 1.01
20180717 29160 29160 28360 28950 17574 50609000 2.74 0.84 -0.96 9529 8046 1.18 1.40
20180716 28350 29300 28350 29230 22071 63808467 3.31 1.11 1.85 10349 11721 0.88 1.76
20180713 27900 29000 27800 28700 23355 66972722 4.30 1.17 2.87 10784 12571 0.86 1.86
20180712 27110 28130 27050 27900 22418 62428353 3.99 1.11 3.14 8812 13606 0.65 1.79
20180711 27530 27790 27030 27050 15821 43162342 2.71 0.73 -3.50 9488 6333 1.50 1.26
20180710 27270 28200 27210 28030 21386 59636535 3.61 0.83 2.22 10774 10612 1.02 1.71
20180709 27000 27590 26880 27420 16754 45653732 2.61 0.50 0.62 8563 8191 1.05 1.34
20180706 26600 27380 25920 27250 23405 62633641 5.45 0.63 1.76 11632 11773 0.99 1.87
20180705 27950 28450 26620 26780 23172 63591513 6.51 0.61 -4.70 13853 9319 1.49 1.85
20180704 28960 29430 27850 28100 23434 67000352 5.39 0.54 -4.19 14528 8905 1.63 1.87
20180703 29710 29950 28090 29330 42587 124129166 6.20 1.02 -2.17 24414 18174 1.34 3.40
20180702 29500 31520 29000 29980 56432 169582378 8.61 1.61 2.39 26200 30232 0.87 4.50
20180629 28490 29390 28110 29280 40692 117812800 4.47 1.35 2.27 18503 22189 0.83 3.24
20180628 28600 29190 28030 28630 25550 73369491 4.05 0.89 0.03 13286 12265 1.08 2.04
20180627 28300 29480 28110 28620 50789 146265274 4.84 2.33 1.02 26827 23962 1.12 4.05
20180626 25850 28580 25710 28330 35135 97969844 10.91 1.80 7.72 12611 22524 0.56 2.80
20180625 25680 27280 25010 26300 22866 60451728 8.32 1.17 -3.59 10808 12058 0.90 1.82
20180614 27010 27780 26910 27280 15924 43710405 3.18 0.79 -0.33 7867 8057 0.98 1.27
20180613 27560 27860 27060 27370 19259 52956744 2.92 0.99 -0.11 7802 11457 0.68 1.54
20180612 27360 27450 26450 27400 15918 42977966 3.65 0.83 0.15 7847 8071 0.97 1.27
20180611 26960 27850 26900 27360 23771 65124798 3.51 1.30 1.18 9624 14148 0.68 1.90
20180608 26830 27330 26680 27040 23193 62724365 2.43 1.29 0.90 12651 10542 1.20 1.85
20180607 26800 26900 26090 26800 18051 47680756 3.03 1.04 0.19 9746 8305 1.17 1.44
20180606 27200 27320 26710 26750 16567 44721667 2.25 0.92 -1.15 10475 6092 1.72 1.32
20180605 27060 27320 26530 27060 14428 38881483 2.92 0.84 0.00 8375 6052 1.38 1.15
20180604 26790 27290 26310 27060 19390 52158268 3.69 1.25 1.96 7952 11438 0.70 1.55
20180601 25680 27660 25680 26540 21661 57909272 7.74 1.54 3.75 9644 12017 0.80 1.73
20180531 25190 25800 25190 25580 14916 38066185 2.43 1.11 1.71 7429 7487 0.99 1.19
20180530 26100 26100 24930 25150 19190 48484734 4.50 1.38 -3.34 10107 9083 1.11 1.53
20180529 26210 26970 26010 26020 10909 28891779 3.65 0.76 -0.95 5663 5246 1.08 0.87
20180528 26030 26870 26030 26270 11031 29265527 3.20 0.79 0.00 5449 5583 0.98 0.88
20180525 27170 27530 26100 26270 14314 38361978 5.24 1.12 -3.77 9048 5266 1.72 1.14
20180524 27150 27770 27060 27300 11571 31702557 2.59 0.97 -0.44 6730 4841 1.39 0.92
20180523 27780 28680 27380 27420 21543 60688359 4.72 2.05 -0.47 10921 10622 1.03 1.72
20180522 27250 27730 26890 27550 13164 36176492 3.08 1.35 1.03 5930 7234 0.82 1.05
20180521 40980 41800 40800 41060 9449 38941606 2.48 0.93 1.68 5441 4007 1.36 1.13
20180518 41210 41210 39950 40380 8016 32486481 3.07 0.78 -1.61 4831 3185 1.52 0.96
20180517 41990 41990 40880 41040 7187 29548413 2.67 0.53 -1.39 4830 2357 2.05 0.86
20180516 40880 42300 40880 41620 14622 61352682 3.47 1.18 1.81 7148 7474 0.96 1.75
20180515 40000 41200 39950 40880 9594 39184638 3.12 0.75 2.10 3711 5883 0.63 1.16
20180514 41050 41450 39880 40040 11505 46329916 3.83 0.75 -2.44 6649 4856 1.37 1.39
20180511 41110 41720 40900 41040 8441 34776352 1.97 0.56 -1.23 5145 3296 1.56 1.02
20180510 40030 41990 39690 41550 24284 100510949 5.81 1.90 5.03 9120 15164 0.60 2.94
20180509 40000 40100 39410 39560 8276 32879719 1.72 0.60 -1.35 5541 2735 2.03 1.00
20180508 39900 40380 39610 40100 11430 45698298 1.92 0.70 0.15 5963 5467 1.09 1.38
20180507 37950 40520 37880 40040 24361 96973902 6.92 1.75 4.98 9214 15147 0.61 2.95
20180504 39010 39300 37800 38140 7517 29069268 3.87 0.42 -1.70 4563 2954 1.54 0.91
20180503 38580 39090 37720 38800 12403 47508824 3.55 0.67 0.54 5026 7377 0.68 1.50
20180502 39600 39600 37990 38590 12923 49987650 4.15 0.64 -0.49 7757 5166 1.50 1.57
20180427 38100 39180 37600 38780 24541 94975497 4.19 1.10 2.89 11904 12638 0.94 2.97
20180426 38000 38370 37100 37690 12227 46098729 3.34 0.39 -0.74 6963 5264 1.32 1.48
20180425 35500 39190 35320 37970 27194 102248928 10.75 0.92 5.47 10589 16605 0.64 3.29
20180424 35330 36840 35280 36000 16111 58187870 4.42 0.59 1.90 8049 8061 1.00 1.95
20180423 34150 37000 34110 35330 21372 75627132 8.45 0.91 3.33 10235 11137 0.92 2.59
20180420 36000 36800 33800 34190 34147 120845058 8.01 1.92 -8.70 20164 13983 1.44 4.14
20180419 40100 40150 37400 37450 58000 226905267 7.53 8.20 2.60 28788 29212 0.99 7.02
20180108 34210 36880 34210 36500 18026 64884827 7.80 4.37 6.69 7366 10660 0.69 4.05
20180105 34680 34680 34000 34210 4002 13724632 1.97 1.50 -0.87 2583 1419 1.82 0.90
20180104 34580 34700 34460 34510 3710 12816966 0.69 0.82 -0.12 2286 1425 1.60 0.83
20180103 34350 34620 34220 34550 5189 17871265 1.16 1.19 0.58 2494 2695 0.93 1.17
20180102 34380 34590 34000 34350 4436 15218982 1.72 0.88 0.06 2473 1963 1.26 1.00
20171229 34020 34470 33830 34330 3305 11293162 1.88 0.60 0.91 1779 1527 1.17 0.74
20171228 34090 34790 34010 34020 5444 18730166 2.29 1.00 0.03 2575 2870 0.90 1.22
20171227 34270 34300 33820 34010 4160 14149891 1.40 0.80 -0.53 2208 1953 1.13 0.93
20171226 33700 34500 33370 34190 4441 15101842 3.37 0.90 1.88 2240 2201 1.02 1.00
20171225 34500 34780 33210 33560 7922 26688886 4.54 1.90 -2.87 4520 3402 1.33 1.78
20171222 35180 35410 34500 34550 5369 18735969 2.59 1.38 -1.79 3815 1554 2.46 1.21
20171221 35400 35840 34900 35180 5236 18491867 2.63 1.50 -1.51 3354 1882 1.78 1.18
20171220 36200 36300 35700 35720 3120 11230357 1.66 0.90 -1.30 1992 1128 1.77 0.70
20171219 36200 36370 35960 36190 2990 10801122 1.13 0.84 0.06 1692 1298 1.30 0.67
20171218 36480 36480 35500 36170 4089 14713532 2.69 1.11 -0.82 1949 2140 0.91 0.92
20171215 36290 36560 36000 36470 3995 14496939 1.54 1.17 0.50 1966 2029 0.97 0.90
20171214 36350 36610 35910 36290 3253 11761865 1.93 0.96 -0.06 1909 1344 1.42 0.73
20171213 36070 36730 36010 36310 3052 11070516 1.98 0.72 0.03 1707 1345 1.27 0.69
20171212 36700 36900 36300 36300 3331 12184679 1.63 0.64 -1.28 2240 1091 2.05 0.75
20171211 36300 37280 36300 36770 4865 17944342 2.72 0.89 1.88 2315 2550 0.91 1.09
20171208 35520 36270 35520 36090 2618 9449918 2.09 0.46 0.78 1122 1496 0.75 0.59
20171207 36200 36200 35680 35810 3040 10900245 1.44 0.50 -1.02 1754 1286 1.36 0.68
20171206 35600 36330 35010 36180 7400 26555490 3.76 1.38 2.99 2582 4818 0.54 1.66
20171205 36810 37180 34660 35130 8153 29209970 6.80 1.62 -5.23 5565 2588 2.15 1.83
20171204 38160 38160 36950 37070 5976 22447021 3.17 1.23 -2.86 3928 2048 1.92 1.34
20171201 38540 38650 37950 38160 3942 15063390 1.85 0.71 0.85 1994 1948 1.02 0.89
20171130 38200 38220 37680 37840 4632 17592058 1.43 0.71 -0.03 2499 2133 1.17 1.04
20171129 38120 38280 37500 37850 4070 15379998 2.05 0.50 -0.71 2776 1294 2.15 0.91
20171128 36650 38350 36650 38120 6502 24730749 4.55 0.69 2.01 2220 4282 0.52 1.46
20171127 37850 38190 37370 37370 5213 19724136 2.17 0.49 -1.27 2641 2572 1.03 1.17
20171124 37730 38330 37370 37850 7423 28061606 2.55 0.61 0.34 3041 4382 0.69 1.67
20171123 38380 38690 37700 37720 9413 35998557 2.58 0.78 -1.51 3832 5580 0.69 2.12
20171122 37630 38500 37630 38300 11951 45563297 2.32 0.96 2.13 3460 8491 0.41 2.69
20171121 37300 38180 37000 37500 13338 50290850 3.17 1.02 0.75 5805 7534 0.77 3.00
20171120 36410 37540 36410 37220 11509 42625830 3.10 0.80 1.97 4723 6786 0.70 2.59
20171117 37800 38300 36050 36500 14666 54465186 5.93 0.91 -3.85 8875 5791 1.53 3.30
20171116 38070 38880 37880 37960 9134 34934816 2.60 0.57 -1.27 5716 3418 1.67 2.05
20171115 39400 39550 38110 38450 13400 51920737 3.66 0.86 -2.29 8050 5349 1.50 3.01
20171114 40680 40820 38730 39350 16883 67384646 5.14 1.24 -3.29 10983 5900 1.86 3.79
20171113 40950 41240 40400 40690 17756 72295948 2.06 1.55 0.02 9559 8197 1.17 3.99
20171110 38950 40880 38820 40680 23308 93537682 5.29 2.65 4.52 9087 14221 0.64 5.24
20171109 39000 39100 38410 38920 9090 35167637 1.78 1.05 0.31 4510 4580 0.98 2.04
20171108 38380 39570 38100 38800 10826 42234312 3.83 1.30 1.12 4906 5921 0.83 2.43
20171107 38060 38400 37850 38370 7058 26907401 1.44 0.71 0.55 3210 3848 0.83 1.59
20171106 38110 38290 37500 38160 6926 26245610 2.09 0.57 1.14 3513 3412 1.03 1.56
20171103 38850 38990 37600 37730 10038 38285388 3.58 0.78 -2.91 6286 3752 1.68 2.26
20171102 39060 39350 38510 38860 8520 33117409 2.15 0.56 -0.51 3922 4598 0.85 1.91
20171101 38400 39360 38400 39060 9199 35881292 2.50 0.61 1.72 4275 4924 0.87 2.07
20171031 39000 39370 37500 38400 15242 58678230 4.78 1.16 -1.82 8549 6693 1.28 3.43
20171030 41050 41050 37900 39110 17278 68145851 7.65 1.55 -4.98 11243 6034 1.86 3.88
20171027 41250 41790 40820 41160 13791 56938364 2.34 1.40 -0.53 7718 6073 1.27 3.10
20171026 40090 41490 40000 41380 20771 84710514 3.72 2.77 3.22 8101 12670 0.64 4.67
20171025 39600 40150 39240 40090 7777 30965787 2.31 0.99 1.70 3553 4224 0.84 1.75
20171024 39930 40290 39010 39420 5920 23366022 3.21 0.73 -1.23 3511 2409 1.46 1.33
20171023 40270 40270 39590 39910 7377 29426537 1.70 0.75 -0.23 4189 3188 1.31 1.66
20171020 39110 40160 39110 40000 7300 28874159 2.68 0.65 2.28 2946 4354 0.68 1.64
20171019 39860 39930 39060 39110 9105 35728292 2.21 0.75 -0.86 5422 3682 1.47 2.05
20171018 40200 40600 39290 39450 9670 38630251 3.24 0.75 -2.30 5957 3713 1.60 2.17
20171017 40100 40780 39800 40380 6889 27763222 2.45 0.47 0.80 3313 3576 0.93 1.55
20171016 41690 42100 40000 40060 16351 66826525 5.03 1.09 -4.09 10700 5651 1.89 3.67
20171013 40970 42100 40880 41770 14414 60130604 2.97 0.96 1.68 6133 8281 0.74 3.24
20171012 41740 42000 40610 41080 13691 56566415 3.34 0.86 -1.39 7588 6103 1.24 3.08
20171011 42220 42380 41660 41660 13170 55131818 1.71 0.81 -1.33 8783 4387 2.00 2.96
20171010 42270 42290 41510 42220 15932 66618071 1.86 0.88 0.67 7500 8432 0.89 3.58
20171009 41620 42220 41050 41940 17849 74404576 2.84 0.94 1.97 8721 9128 0.96 4.01
20170929 41300 41450 40600 41130 14621 59905368 2.07 0.67 0.24 8596 6025 1.43 3.29
20170928 40350 41370 39830 41030 17995 73076370 3.81 0.83 1.63 8841 9154 0.97 4.04
20170927 39260 40590 39060 40370 15044 60414213 3.90 0.66 2.83 5887 9157 0.64 3.38
20170926 40720 41090 38800 39260 25373 100710823 5.60 1.16 -4.03 15056 10317 1.46 5.70
20170925 42000 42680 40780 40910 22344 93439777 4.51 0.93 -2.85 13738 8606 1.60 5.02
20170922 40800 42350 40660 42110 28107 117464451 4.13 1.22 2.96 12026 16081 0.75 6.32
20170921 41560 42080 40750 40900 18051 74765099 3.20 0.63 -1.56 11512 6539 1.76 4.06
20170920 41000 41840 40900 41550 20937 86713115 2.27 0.62 0.39 10162 10775 0.94 4.71
20170919 41970 42300 41270 41390 19547 81506051 2.44 0.41 -2.13 12639 6908 1.83 4.39
20170918 41170 42800 40860 42290 33182 139810395 4.67 0.62 1.88 13840 19341 0.72 7.46
20170915 42130 42460 41320 41510 23618 98606344 2.70 0.43 -1.87 15198 8420 1.81 5.31
20170914 44410 44410 41700 42300 46682 199708833 6.15 0.87 -3.99 26942 19740 1.36 10.49
20170913 43060 45180 43060 44060 45108 199204156 4.83 0.92 0.41 25196 19912 1.27 10.14
20170912 43810 47000 43300 43880 87301 392462976 8.61 2.55 2.07 49096 38204 1.29 19.62
20170911 40610 43820 39950 42990 66156 277635168 9.71 2.56 7.85 28858 37299 0.77 14.87
20170908 40050 40640 39350 39860 26299 105035129 3.21 1.03 -0.70 14945 11355 1.32 5.91
20170907 38220 40400 38220 40140 44495 175993933 5.68 1.92 4.53 17342 27153 0.64 10.00
20170906 38050 38490 37180 38400 21423 80895608 3.43 0.90 0.44 11849 9574 1.24 4.81
20170905 38280 39150 38160 38230 13080 50357831 2.55 0.48 -1.55 8269 4811 1.72 2.94
20170904 38800 39910 38140 38830 23879 93585500 4.57 0.92 0.15 12296 11583 1.06 5.37
20170901 39150 39340 38130 38770 24546 94616104 3.10 1.05 -0.79 15472 9075 1.70 5.52
20170831 37800 39460 37800 39080 32983 128264119 4.36 1.75 2.57 14233 18750 0.76 7.41
20170830 38030 39190 37700 38100 24553 94288262 3.89 1.55 -0.47 11470 13083 0.88 5.52
20170829 37500 39490 37110 38280 31324 119632201 6.39 2.71 2.77 15479 15846 0.98 7.04
20170828 36240 37580 36240 37250 16990 63109740 3.71 1.61 3.16 7699 9291 0.83 3.82
20170825 35400 36300 35350 36110 10580 38126028 2.68 0.90 1.72 4095 6485 0.63 2.38
20170824 36600 36890 35480 35500 11023 39661199 3.84 0.68 -3.24 6420 4603 1.39 2.48
20170823 36450 37380 36310 36690 9135 33692342 2.94 0.42 0.66 4484 4651 0.96 2.05
20170822 37410 37550 36300 36450 10100 37269396 3.34 0.45 -2.67 5846 4254 1.37 2.27
20170821 36900 37650 36830 37450 11894 44340451 2.23 0.54 1.68 5403 6490 0.83 2.67
20170818 37190 38490 36810 36830 16818 63086289 4.44 0.82 -2.62 9723 7095 1.37 3.78
20170817 37420 38960 36500 37820 32734 123175548 6.56 2.02 0.91 17694 15040 1.18 7.36
20170816 34850 38200 34510 37480 36255 132200261 10.59 3.20 7.55 15472 20783 0.74 8.15
20170815 34000 35100 33900 34850 15145 52506448 3.55 1.12 3.11 7432 7713 0.96 3.40
20170814 33330 33880 33180 33800 10019 33759560 2.11 0.65 2.11 4249 5770 0.74 2.25
20170811 33300 33660 33010 33100 7984 26570724 1.94 0.50 -1.22 4336 3648 1.19 1.79
20170810 33400 33750 32760 33510 11801 39342505 2.96 0.72 0.09 5969 5832 1.02 2.65
20170809 33320 33960 33050 33480 11647 39015979 2.74 0.69 0.84 5501 6147 0.89 2.62
20170808 34310 34540 33000 33200 25939 86716993 4.50 1.84 -3.04 14483 11456 1.26 5.83
20170807 34760 35280 34100 34240 20132 69728323 3.34 1.32 -2.98 11752 8380 1.40 4.52
20170721 35290 35780 35000 35290 9944 35170547 2.21 0.66 0.00 5534 4410 1.26 2.23
20170720 35540 36460 35220 35290 14717 52761899 3.51 1.03 -0.20 8279 6438 1.29 3.31
20170719 35850 35850 35100 35360 13469 47565883 2.10 0.79 -1.15 8317 5152 1.61 3.03
20170718 34730 36280 34500 35770 12409 43933574 5.12 0.68 2.96 5869 6539 0.90 2.79
20170717 37990 37990 34610 34740 25576 91725791 8.81 1.20 -9.41 14543 11033 1.32 5.75
20170714 38600 38820 38020 38350 8841 33952982 2.08 0.31 -0.44 5205 3636 1.43 1.99
20170713 38600 39090 38500 38520 11182 43271513 1.51 0.33 -1.68 7064 4118 1.72 2.51
20170712 38490 39490 38080 39180 27299 105750758 3.51 0.79 -2.37 15401 11898 1.29 6.13
20170711 40720 41300 39780 40130 18236 73916812 3.75 0.48 -0.99 10987 7249 1.52 4.10
20170710 42970 42970 40500 40530 40907 169615185 5.71 1.09 -6.22 26620 14287 1.86 9.19
20170707 41300 43880 41250 43220 43696 188225445 6.33 1.11 3.97 19527 24168 0.81 9.82
20170706 41010 42880 40750 41570 39442 165872915 5.20 1.15 1.39 21080 18362 1.15 8.86
20170705 41150 41200 40280 41000 29507 120309693 2.24 0.96 -0.12 17097 12409 1.38 6.63
20170704 40450 41180 40060 41050 35901 145506498 2.75 1.39 0.88 20090 15811 1.27 8.07
20170703 39900 40870 39400 40690 38327 153959886 3.69 1.90 2.06 17829 20498 0.87 8.61
20170630 37480 40590 37430 39870 54144 213692054 8.38 4.27 5.73 20941 33203 0.63 12.17
20170629 37000 38070 37000 37710 14333 54058560 2.90 1.05 2.08 6939 7394 0.94 3.22
20170628 37580 37580 36880 36940 11603 43102120 1.85 0.74 -2.28 7453 4150 1.80 2.61
20170627 37840 38330 37580 37800 10524 39904347 1.99 0.52 0.37 5623 4901 1.15 2.37
20170626 37000 37720 36770 37660 10180 38114496 2.55 0.48 0.97 4937 5243 0.94 2.29
20170623 37430 37730 36350 37300 16715 61837709 3.69 0.78 -0.35 9296 7419 1.25 3.76
20170622 38680 38930 37430 37430 19044 72772588 3.87 0.80 -3.31 12504 6540 1.91 4.28
20170621 39200 39600 38310 38710 21416 83263403 3.30 0.91 -1.07 13410 8006 1.67 4.81
20170620 38850 39880 38560 39130 34050 133539904 3.42 1.63 1.50 17360 16690 1.04 7.65
20170619 38700 38920 38100 38550 14006 53870289 2.12 0.64 -0.21 8084 5923 1.36 3.15
20170616 39050 40460 38580 38630 18952 73988816 4.83 0.90 -0.67 11505 7447 1.54 4.26
20170615 37800 39580 37800 38890 30586 119203301 4.68 1.62 2.21 14765 15821 0.93 6.87
20170614 37950 38950 37450 38050 20683 78844020 3.94 1.05 -0.13 11740 8944 1.31 4.65
20170613 36600 38350 36330 38100 20533 77404401 5.51 1.15 3.93 8183 12350 0.66 4.61
20170612 37680 37810 36530 36660 17872 66323128 3.34 1.05 -4.46 11951 5921 2.02 4.02
20170609 38600 38850 37700 38370 15079 57546974 2.99 0.85 -0.29 7652 7426 1.03 3.39
20170608 38590 39150 38230 38480 20363 78869666 2.38 1.09 -0.65 10875 9488 1.15 4.58
20170607 37370 38980 37100 38730 24704 94637169 5.06 1.36 4.20 10319 14385 0.72 5.55
20170606 37120 37410 36800 37170 10940 40577597 1.63 0.57 -0.64 6331 4609 1.37 2.46
20170605 37610 38100 37050 37410 14352 53834670 2.83 0.70 0.70 7841 6510 1.20 3.23
20170602 36210 37380 35880 37150 18007 65961277 4.17 0.88 3.19 7869 10138 0.78 4.05
20170601 38700 38700 35970 36000 25603 95012854 7.06 1.13 -6.86 14908 10695 1.39 5.75
20170531 40600 40860 38610 38650 21862 87338902 5.77 0.82 -0.92 13000 8861 1.47 4.91
20170526 38960 39530 38510 39010 16981 66234106 2.63 0.58 0.52 8885 8096 1.10 3.82
20170525 38720 39330 37650 38810 19677 76103538 4.32 0.63 -0.23 10949 8729 1.25 4.42
20170524 37500 39100 37110 38900 18710 71406184 5.25 0.51 2.61 9371 9338 1.00 4.20
20170523 40520 40770 37810 37910 36019 141571005 7.29 0.96 -6.65 23403 12616 1.86 8.09
20170522 43980 44290 40400 40610 42112 176524712 8.84 1.23 -7.68 26395 15717 1.68 9.46
20170519 44260 45380 43790 43990 29579 131731909 3.61 0.81 -0.02 15732 13847 1.14 6.65
20170518 44050 45240 43880 44000 29284 130670890 3.03 0.72 -1.96 15873 13410 1.18 6.58
20170517 43990 45530 43510 44880 46214 206964249 4.58 1.11 1.77 23508 22706 1.04 10.39
20170516 43190 44180 41910 44100 39782 171327307 5.26 1.03 2.11 20407 19375 1.05 8.94
20170515 42320 43630 42320 43190 26551 114241977 3.04 0.67 0.09 14544 12007 1.21 5.97
20170512 43600 44570 42500 43150 41755 181613567 4.81 1.14 0.21 23790 17965 1.32 9.38
20170511 41300 43630 40600 43060 50182 213080412 7.27 1.53 3.26 23857 26325 0.91 11.28
20170510 40960 44390 40810 41700 49630 211462429 8.76 1.61 1.98 23662 25967 0.91 11.15
20170509 40060 41180 39910 40890 24995 101906244 3.14 0.78 0.99 11470 13525 0.85 5.62
20170508 42900 43340 40490 40490 31219 131006430 6.63 0.93 -5.86 19254 11965 1.61 7.02
20170505 43870 44480 43000 43010 27296 119437935 3.37 0.66 -1.94 14187 13109 1.08 6.13
20170504 44990 44990 43800 43860 31189 138472222 2.62 0.68 -3.37 19688 11501 1.71 7.01
20170503 45670 46580 44100 45390 39467 178836223 5.37 0.90 -1.69 22465 17003 1.32 8.87
20170502 47620 48000 46160 46170 30855 144764289 3.86 0.71 -3.02 18963 11892 1.59 6.93
20170428 47770 48760 47580 47610 39700 190510955 2.46 0.97 -0.94 22086 17615 1.25 8.92
20170427 45990 48680 45000 48060 66495 313108960 7.75 1.86 1.16 32995 33500 0.98 14.94
20170426 44960 48500 44930 47510 52994 248133852 7.89 1.53 5.02 22108 30885 0.72 11.91
20170425 45310 46200 44910 45240 29443 134074675 2.88 0.79 0.98 15775 13668 1.15 6.62
20170424 45100 45580 41000 44800 30158 133592842 10.17 0.67 -0.55 16045 14113 1.14 6.78
20170421 45410 46440 45000 45050 25204 114998313 3.18 0.51 -0.42 12423 12781 0.97 5.66
20170420 46200 46280 44700 45240 40926 186222239 3.39 0.81 -2.92 25498 15428 1.65 9.20
20170419 45230 46660 45020 46600 47488 218633770 3.63 0.88 3.19 20579 26909 0.76 10.67
20170418 46460 47000 44600 45160 41417 189137865 5.20 0.68 -2.06 24353 17064 1.43 9.31
20170417 48510 49350 46110 46110 68988 326028672 6.32 1.05 -9.99 42965 26023 1.65 15.50
20170414 50570 52200 49470 51230 49162 249185653 5.35 0.69 0.45 24025 25137 0.96 11.05
20170413 51500 52800 50800 51000 46464 240333710 3.94 0.58 0.59 24270 22194 1.09 10.44
20170412 54000 54490 50580 50700 62667 330955056 7.16 0.76 -7.13 36203 26465 1.37 14.08
20170411 53020 55290 52250 54590 78029 421004368 5.58 0.86 0.28 41824 36205 1.16 17.53
20170410 59410 59410 54440 54440 91714 513849456 8.22 0.87 -10.00 57140 34574 1.65 20.61
20170407 60360 63040 59510 60490 75475 461297680 5.78 0.57 -0.88 44500 30975 1.44 16.96
20170406 60880 63620 60500 61030 91437 569793696 5.09 0.52 -0.44 49575 41862 1.18 20.55
20170405 60700 61890 59020 61300 77616 470492208 4.64 0.48 -0.89 41079 36537 1.12 17.44
20170331 64020 65990 60060 61850 119600 750068032 9.14 0.86 -4.67 69036 50564 1.37 26.88
20170330 69040 69760 64880 64880 165294 1104254416 6.77 1.55 -10.00 87338 77955 1.12 37.14
20170329 75000 80000 72090 72090 204806 1546024976 9.88 3.10 -10.00 117598 87208 1.35 46.02
20170328 78500 80500 77010 80100 308228 2438883264 4.77 62.32 9.46 131638 176590 0.75 69.26
20170327 73180 73180 73180 73180 14310 104719043 0.00 6.33 10.00 14285 25 571.39 3.22
20170324 66530 66530 66530 66530 4571 30412592 0.00 3.19 10.00 4569 2 2284.63 1.03
20170323 60480 60480 60480 60480 1303 7879334 0.00 1.06 10.00 1291 12 107.57 0.29
20170322 54980 54980 54980 54980 2257 12407391 0.00 2.73 10.00 2257 - - 0.51
20170321 49980 49980 49980 49980 2287 11432725 0.00 5.80 9.99 2287 - - 0.51
20170320 45440 45440 45440 45440 893 4057519 0.00 3.60 10.00 893 - - 0.20
20170317 41310 41310 41310 41310 423 1748032 0.00 2.32 10.01 423 - - 0.10
20170316 37550 37550 37550 37550 296 1112193 0.00 2.07 9.99 296 - - 0.07
20170315 34140 34140 34140 34140 232 790784 0.00 2.12 9.99 232 - - 0.05
20170314 31040 31040 31040 31040 128 397249 0.00 1.43 9.99 128 - - 0.03
20170313 28220 28220 28220 28220 163 459082 0.00 2.13 10.02 163 - - 0.04
20170310 25650 25650 25650 25650 93 239314 0.00 1.29 9.99 93 - - 0.02
20170309 23320 23320 23320 23320 101 236231 0.00 1.62 10.00 101 - - 0.02
20170308 21200 21200 21200 21200 62 132076 0.00 0.99 10.02 62 - - 0.01
20170307 19270 19270 19270 19270 29 55883 0.00 0.30 9.99 29 - - 0.01
20170306 16060 17520 16060 17520 97 168530 12.00 - 43.96 97 - - 0.02
