20191129 19650 20290 19620 20250 8310 16573065 3.41 1.06 3.05 3337 4973 0.67 1.48
20191128 19890 19920 19630 19650 8325 16416572 1.47 1.10 -0.56 4781 3544 1.35 1.48
20191127 19930 20150 19660 19760 6518 12998587 2.45 0.77 -1.15 3560 2958 1.20 1.16
20191126 20200 20400 19970 19990 4594 9220818 2.13 0.43 -0.99 2679 1915 1.40 0.82
20191125 19800 20190 19800 20190 7475 14948635 1.94 0.65 0.30 3778 3696 1.02 1.33
20191122 20250 20580 19810 20130 12120 24517043 3.80 1.07 -0.59 6494 5626 1.15 2.15
20191121 20380 20390 20100 20250 7198 14593728 1.42 0.58 -0.64 4015 3183 1.26 1.28
20191120 20300 20590 20190 20380 10893 22208287 1.96 0.83 -0.15 5048 5845 0.86 1.94
20191119 20200 20460 19960 20410 15364 31226831 2.47 1.03 0.99 8182 7182 1.14 2.73
20191118 19500 20210 19410 20210 11937 23656797 4.08 0.69 3.01 5349 6588 0.81 2.12
20191115 19820 19860 19520 19620 11503 22631276 1.71 0.60 -1.60 6850 4653 1.47 2.04
20191114 19830 20140 19740 19940 12791 25556420 2.02 0.65 0.71 6667 6124 1.09 2.27
20191113 20210 20370 19730 19800 14325 28615466 3.17 0.69 -1.98 8530 5795 1.47 2.55
20191112 20840 20980 20120 20200 24040 49006042 4.13 1.12 -2.88 14105 9935 1.42 4.27
20191111 21600 21740 20680 20800 23381 49359355 4.88 0.82 -4.15 12817 10565 1.21 4.16
20191108 21870 22380 21620 21700 21921 48105787 3.48 0.73 -0.60 13124 8797 1.49 3.90
20191107 21940 21940 21580 21830 15014 32696891 1.65 0.52 0.05 7951 7063 1.13 2.67
20191106 21770 21910 21450 21820 19960 43359309 2.11 0.74 0.09 10950 9010 1.22 3.55
20191105 21950 21950 21260 21800 27225 59092149 3.19 1.16 0.88 13914 13310 1.05 4.84
20191104 21070 22700 21070 21610 57615 126010056 7.89 3.92 4.55 33856 23760 1.42 10.24
20191101 19460 20710 19220 20670 29906 60320858 7.72 2.54 7.04 11578 18328 0.63 5.31
20191031 19730 19940 19200 19310 10103 19795122 3.75 0.85 -2.13 5491 4612 1.19 1.80
20191030 19800 19800 19200 19730 10077 19608904 3.05 0.73 0.31 5440 4638 1.17 1.79
20191029 19630 19960 19630 19670 9740 19291100 1.66 0.58 -0.81 5151 4589 1.12 1.73
20191028 19700 19870 19200 19830 13596 26716623 3.45 0.90 2.01 5768 7828 0.74 2.42
20191025 18870 19550 18870 19440 15461 29819993 3.61 1.19 3.13 6176 9285 0.67 2.75
20191024 18770 19070 18730 18850 10389 19624676 1.78 0.88 -1.10 5023 5366 0.94 2.50
20191023 19590 19590 19010 19060 19531 37545999 2.96 2.19 -2.76 11080 8451 1.31 4.70
20191022 18650 20300 18620 19600 25536 49914835 9.03 5.31 5.32 11847 13689 0.87 6.15
20191021 18820 18820 18320 18610 4222 7833544 2.65 0.73 -1.22 2228 1994 1.12 1.02
20191018 19070 19260 18700 18840 5261 9969257 2.94 0.84 -1.10 2475 2786 0.89 1.27
20191017 19220 19380 18950 19050 4713 8994786 2.23 0.68 -1.24 2869 1844 1.56 1.13
20191016 19260 19480 19190 19290 4890 9438059 1.51 0.71 0.16 2836 2054 1.38 1.18
20191015 19300 19340 19030 19260 4941 9475905 1.61 0.70 0.05 2249 2692 0.84 1.19
20191014 19390 19700 19180 19250 9234 17883528 2.71 1.30 0.26 4843 4391 1.10 2.22
20191011 19090 19300 19010 19200 7701 14783484 1.51 1.19 0.26 4042 3659 1.10 1.85
20191010 18720 19200 18720 19150 7671 14581519 2.56 1.19 2.30 3101 4570 0.68 1.85
20191009 18590 18740 18350 18720 4873 9062000
20191008 18620 18870 18530 18590 5794 10829015 1.83 0.86 -0.05 2808 2986 0.94 1.39
20190930 18310 19110 18310 18600 9459 17740101 4.37 1.50 1.64 4240 5219 0.81 2.28
20190927 18180 18540 18130 18300 4692 8600002 2.26 0.64 0.83 2320 2372 0.98 1.13
20190926 19020 19020 18030 18150 7355 13545824 5.25 0.95 -3.66 4925 2430 2.03 1.77
20190925 19150 19300 18780 18840 6683 12666000
20190924 19310 19490 19220 19310 5575 10799618 1.40 0.68 0.00 2923 2652 1.10 1.34
20190923 19380 19560 19100 19310 7180 13811062 2.35 0.86 -1.48 3440 3740 0.92 1.73
20190920 19400 19670 19180 19600 9990 19465663 2.53 1.34 1.08 5088 4902 1.04 2.40
20190919 18960 19520 18900 19390 9394 18113389 3.27 1.28 2.27 3176 6218 0.51 2.26
20190918 19070 19200 18870 18960 5699 10844822 1.74 0.70 0.00 3608 2091 1.73 1.37
20190917 19570 19570 18800 18960 8510 16239522 3.93 1.02 -3.12 5502 3008 1.83 2.05
20190916 19600 19640 19210 19570 8251 16124595 2.22 1.00 1.19 3987 4265 0.93 1.99
20190912 19410 19520 19150 19340 5493 10625355 1.91 0.58 0.00 2639 2854 0.92 1.32
20190911 19780 19800 19280 19340 8648 16806000
20190910 19280 19800 19140 19610 9779 19059365 3.43 1.11 1.87 4601 5178 0.89 2.35
20190909 19290 19290 19000 19250 9435 18050250 1.52 1.13 1.21 4292 5143 0.83 2.27
20190906 18910 19030 18820 19020 8045 15248633 1.11 0.99 0.58 3738 4307 0.87 1.94
20190905 18990 19180 18900 18910 11224 21419481 1.48 1.47 0.16 5547 5677 0.98 2.70
20190904 18960 18960 18700 18880 6438 12125467 1.37 0.88 -0.26 3871 2567 1.51 1.55
20190903 18930 19010 18600 18930 8873 16729000
20190902 18400 19000 18400 18890 7006 13167000
20190830 18930 19060 18360 18490 7042 13156024 3.70 1.02 -2.27 4076 2966 1.37 1.70
20190829 19050 19100 18000 18920 8800 16653058 5.85 1.53 0.58 3742 5058 0.74 2.12
20190828 18730 19200 18730 18810 5056 9580391 2.47 0.88 -0.95 2827 2229 1.27 1.22
20190827 18640 19240 18640 18990 7454 14158585 3.21 1.36 1.55 3776 3678 1.03 1.79
20190826 18300 18910 18230 18700 6913 12955722 3.66 1.22 0.65 3850 3064 1.26 1.66
20190823 18510 18730 18410 18580 6301 11730835 1.73 1.16 0.38 2431 3870 0.63 1.52
20190822 18480 18620 18370 18510 3127 5772735 1.35 0.51 0.05 1800 1327 1.36 0.75
20190821 18600 18690 18420 18500 5007 9314906 1.46 0.84 -0.05 2275 2732 0.83 1.21
20190820 18680 18690 18470 18510 6014 11175812 1.18 1.11 -0.91 3425 2589 1.32 1.45
20190819 18200 18700 18200 18680 7952 14721060 2.75 1.73 2.75 3435 4517 0.76 1.91
20190816 18060 18370 18000 18180 5087 9269181 2.05 1.19 0.55 2470 2617 0.94 1.22
20190815 17530 18100 17480 18080 6547 11684591 3.47 1.72 1.12 2265 4281 0.53 1.58
20190814 17980 18240 17850 17880 4340 7809497 2.18 1.17 0.06 2288 2052 1.11 1.04
20190813 18020 18020 17770 17870 3093 5526662 1.39 0.59 -0.67 1979 1114 1.78 0.74
20190812 17760 18000 17760 17990 3870 6915000
20190809 17930 18070 17700 17760 3530 6299749 2.06 0.58 -0.95 2178 1352 1.61 0.85
20190808 18070 18100 17830 17930 4205 7562683 1.51 0.62 0.17 2297 1908 1.20 1.01
20190807 17850 18080 17790 17900 3885 6943074 1.63 0.50 0.34 2346 1539 1.52 0.94
20190806 18280 18390 17390 17840 10668 19067953 5.40 1.46 -3.62 6341 4327 1.47 2.57
20190805 18500 18750 18500 18510 5267 9792527 1.34 0.62 -0.48 3683 1584 2.33 1.27
20190802 18620 18820 18550 18600 6380 11889061 1.42 0.54 -1.85 4283 2097 2.04 1.54
20190801 18810 19000 18800 18950 7708 14565114 1.06 0.50 0.74 3945 3763 1.05 1.86
20190731 19020 19120 18750 18810 8867 16735936 1.94 0.46 -1.36 5715 3152 1.81 2.13
20190730 19110 19280 19030 19070 8233 15776508 1.31 0.33 -0.21 5228 3005 1.74 1.98
20190729 18900 19310 18850 19110 11466 21955042 2.41 0.36 0.00 5336 6130 0.87 2.76
20190726 19550 19750 19060 19110 23099 44696124 3.46 0.64 -4.31 15576 7523 2.07 5.56
20190725 20920 20930 19800 19970 24823 49916182 5.43 0.56 -4.08 16845 7978 2.11 5.98
20190724 21010 21280 20700 20820 27939 58485094 2.74 0.61 -1.79 16983 10955 1.55 6.73
20190723 21580 22120 20900 21200 36729 78135360 5.70 0.89 -0.93 20067 16662 1.20 8.84
20190722 21160 21570 20630 21400 46389 98158122 4.42 1.31 0.71 19998 26391 0.76 11.17
20190719 21450 21700 20920 21250 45376 96673860 3.64 1.60 -0.84 21829 23547 0.93 10.92
20190718 20830 21480 20720 21430 65513 138743480 3.63 3.61 2.34 27828 37685 0.74 15.77
20190717 20690 21200 20490 20940 36692 76668533 3.43 2.61 1.06 10971 25721 0.43 8.83
20190716 20740 20900 20500 20720 13138 27151661 1.94 1.04 0.39 6351 6787 0.94 3.16
20190715 20400 21000 19930 20640 16017 32969322 5.22 1.46 0.73 6248 9769 0.64 3.86
20190712 20650 20800 20210 20490 10807 22148730 2.88 0.73 -0.05 5461 5347 1.02 2.60
20190711 20700 21150 20450 20500 14031 29173120 3.39 0.97 -0.58 6073 7958 0.76 3.38
20190710 19860 20800 19860 20620 16272 33242666 4.70 1.34 3.00 6449 9822 0.66 3.92
20190709 19620 20100 19600 20020 6297 12486606 2.53 0.51 1.47 3522 2775 1.27 1.52
20190708 20340 20480 19650 19730 7372 14709359 4.07 0.59 -3.19 4757 2615 1.82 1.77
20190705 20560 20560 19900 20380 29961 61014625 3.24 3.32 -0.10 6002 23959 0.25 7.21
20190704 20020 21070 20020 20400 12463 25726449 5.17 1.62 0.54 4929 7535 0.65 3.00
20190703 20500 20650 20110 20290 4655 9481991 2.64 0.43 -0.69 2305 2351 0.98 1.12
20190702 20950 20950 20360 20430 7792 15992787 2.83 0.45 -2.16 4649 3143 1.48 1.88
20190701 20870 21030 20730 20880 7388 15408982 1.44 0.39 0.19 3456 3932 0.88 1.78
20190628 20960 21030 20640 20840 12796 26700939 1.87 0.66 -0.05 3112 9684 0.32 3.08
20190627 20850 20980 20700 20850 5824 12127008 1.35 0.27 0.72 3865 1959 1.97 1.40
20190626 21200 21210 20640 20700 19904 41606598 2.67 1.00 -3.18 10324 9580 1.08 4.79
20190625 21130 22020 21010 21380 41627 89500574 4.78 3.24 1.18 11851 29777 0.40 10.02
20190624 21290 21310 21040 21130 13921 29464034 1.28 1.09 0.00 6293 7628 0.82 3.35
20190621 20690 21280 20500 21130 15639 32727646 3.78 1.09 2.37 6395 9244 0.69 3.76
20190620 20180 21000 20000 20640 15808 32673742 4.95 1.21 2.18 8534 7274 1.17 3.81
20190619 19840 20280 19670 20200 12292 24547494 3.12 1.05 3.32 5546 6747 0.82 2.96
20190618 19800 19930 19330 19550 6648 13021819 3.06 0.54 -0.15 3214 3434 0.94 1.60
20190617 19900 20550 19640 19660 13230 26425563 4.57 1.25 -1.21 8396 4834 1.74 3.18
20190614 19690 20670 19320 19900 23568 47141835 6.91 3.48 1.79 10992 12576 0.87 5.67
20190613 18930 19730 18810 19550 9773 18888394 4.86 1.69 3.33 3613 6160 0.59 2.35
20190612 18890 19080 18820 18920 5237 9911869 1.37 0.92 -0.53 2825 2412 1.17 1.26
20190611 18790 19180 18400 19020 9266 17374749 4.19 1.76 2.15 4887 4379 1.12 2.23
20190610 18720 18890 18330 18620 5032 9331341 3.01 0.84 0.11 2567 2465 1.04 1.21
20190606 18800 18800 18350 18600 4539 8402261 2.41 0.76 -0.21 3218 1321 2.44 1.09
20190605 18180 18850 18180 18640 4868 9004865 3.70 0.86 3.04 2397 2471 0.97 1.17
20190604 18680 18770 18060 18090 4793 8795258 3.82 0.87 -2.79 3325 1468 2.26 1.15
20190603 19180 19250 18360 18610 7076 13298761 4.64 1.33 -2.97 4521 2555 1.77 1.70
20190531 18480 19370 18480 19180 8565 16320326 4.82 1.90 3.84 4002 4563 0.88 2.06
20190530 18800 18890 18220 18470 4703 8672764 3.54 1.08 -2.28 2547 2156 1.18 1.13
20190529 19060 19120 18840 18900 3123 5917000
20190528 19250 19270 18770 18850 4174 7959220 2.61 0.97 -1.57 2407 1767 1.36 1.00
20190527 18500 19160 18390 19150 6060 11494955 4.16 1.47 3.51 2187 3873 0.56 1.46
20190524 18010 18680 18000 18500 4471 8252662 3.74 1.05 1.76 1803 2668 0.68 1.08
20190523 19030 19040 18080 18180 4007 7396951 5.08 0.93 -3.86 2375 1632 1.46 0.96
20190522 19290 19440 18690 18910 3647 6932303 3.89 0.83 -1.97 2350 1297 1.81 0.88
20190521 19250 19420 18950 19290 3421 6576457 2.44 0.75 0.21 2057 1364 1.51 0.82
20190520 18760 19270 18360 19250 5018 9436342 4.85 1.01 2.61 2860 2158 1.32 1.21
20190517 19550 19650 18740 18760 5189 9892084 4.67 0.83 -3.65 3174 2015 1.57 1.25
20190516 19410 19730 19380 19470 4318 8431215 1.80 0.58 0.36 2291 2027 1.13 1.04
20190515 19580 19800 19280 19400 3946 7661249 2.68 0.45 0.10 2093 1853 1.13 0.95
20190514 19000 19530 18900 19380 4379 8466746 3.27 0.48 0.52 1938 2440 0.79 1.05
20190513 19200 19680 19200 19280 6950 13469940 2.47 0.71 -0.72 4010 2940 1.36 1.67
20190510 18820 19530 18650 19420 11532 22235959 4.67 1.35 3.08 5455 6077 0.90 2.78
20190509 17900 18970 17800 18840 10554 19614679 6.49 1.34 4.43 4270 6285 0.68 2.54
20190508 17380 18670 17380 18040 10460 19065487 7.28 1.37 1.75 4744 5716 0.83 2.52
20190507 17320 17990 17320 17730 6127 10863092 3.85 0.71 1.96 3243 2884 1.12 1.47
20190506 18600 18600 17250 17390 10076 17859986 7.05 1.18 -9.19 5982 4095 1.46 2.43
20190430 19000 19420 19000 19150 5368 10292101 2.21 0.52 0.63 2588 2779 0.93 1.29
20190429 20020 20300 19000 19030 7237 14084355 6.46 0.62 -5.46 4277 2960 1.44 1.74
20190426 20400 20400 19950 20130 9276 18662214 2.20 0.77 -1.56 5686 3590 1.58 2.23
20190425 21480 21500 20320 20450 11423 23981414 5.48 1.03 -5.10 6815 4608 1.48 2.75
20190424 21640 21750 21000 21550 9220 19652411 3.47 0.87 -0.42 4844 4375 1.11 2.22
20190423 21940 22170 21480 21640 14611 31759536 3.14 1.57 -1.55 7294 7317 1.00 3.52
20190422 22180 22240 21400 21980 14302 31083159 3.81 1.70 -0.32 9138 5165 1.77 3.44
20190419 21690 22280 21540 22050 10458 22963792 3.42 1.28 1.85 4635 5823 0.80 2.52
20190418 21550 21750 21420 21650 6632 14324056 1.53 0.72 0.46 3544 3088 1.15 1.60
20190417 21360 21850 21300 21550 6935 14970757 2.56 0.64 0.37 3374 3561 0.95 1.67
20190416 21450 21560 20920 21470 8262 17555521 3.01 0.70 0.99 3795 4468 0.85 1.99
20190415 21810 22140 21200 21260 9743 21153944 4.35 0.76 -1.67 5652 4091 1.38 2.35
20190412 21920 21920 21270 21620 9210 19916609 2.96 0.63 -1.41 6151 3059 2.01 2.22
20190411 22060 22300 21790 21930 11683 25616405 2.31 0.64 -0.59 7433 4250 1.75 2.81
20190410 21830 22500 21800 22060 15507 34278395 3.18 0.75 0.14 8017 7490 1.07 3.73
20190409 21800 22180 21760 22030 12596 27607058 1.92 0.58 0.55 6115 6481 0.94 3.03
20190408 22090 22270 21630 21910 15402 33800156 2.90 0.72 -0.81 9877 5525 1.79 3.71
20190404 22200 22280 21780 22090 18166 39997912 2.27 0.91 0.41 10014 8152 1.23 4.37
20190403 21400 22200 21270 22000 29525 64824548 4.35 1.84 2.90 12264 17262 0.71 7.11
20190402 21190 21880 21190 21380 27386 59085729 3.26 1.94 0.90 12048 15338 0.79 6.59
20190401 20380 21400 20200 21190 18011 37495225 5.91 1.18 4.44 6805 11206 0.61 4.34
20190329 20000 20320 19410 20290 14000 27847247 4.55 0.90 1.55 6710 7290 0.92 3.37
20190328 20360 20620 19910 19980 11033 22460971 3.49 0.68 -1.87 6165 4868 1.27 2.66
20190327 20190 20490 20030 20360 9844 19931071 2.29 0.56 1.29 4983 4861 1.03 2.37
20190326 20870 21110 19940 20100 17670 35942318 5.61 0.97 -3.69 11098 6573 1.69 4.25
20190325 20700 21300 20370 20870 23824 49926666 4.45 1.43 -0.05 12422 11402 1.09 5.74
20190322 20420 20930 20380 20880 15061 31059168 2.68 0.91 1.75 5611 9450 0.59 3.63
20190321 20580 20700 20370 20520 14563 29974037 1.61 0.81 0.00 5999 8565 0.70 3.51
20190320 20480 20700 20170 20520 16193 33115297 2.58 0.79 -0.24 8769 7424 1.18 3.90
20190319 20180 20650 20050 20570 21044 42678359 2.98 0.71 2.14 9749 11295 0.86 5.07
20190318 19520 20180 19430 20140 16719 33228183 3.82 0.58 2.65 7393 9326 0.79 4.02
20190315 19300 19750 19300 19620 14419 28162571 2.33 0.48 1.61 7183 7236 0.99 3.47
20190314 20000 20250 19050 19310 21643 42294285 5.91 0.74 -4.88 12520 9123 1.37 5.21
20190313 20660 20820 20080 20300 28041 57177507 3.54 1.06 -2.82 15305 12736 1.20 6.75
20190312 21870 21880 20580 20890 66472 141334068 6.52 4.20 4.71 37051 29421 1.26 16.00
20190311 19180 19980 19000 19950 12366 24256768 5.11 0.75 4.01 4602 7764 0.59 2.98
20190308 19800 20020 19100 19180 20136 39514799 4.55 1.34 -5.05 10328 9808 1.05 4.85
20190307 19880 20350 19690 20200 19390 38868792 3.33 1.49 1.87 7932 11457 0.69 4.67
20190306 19840 19840 19520 19830 13879 27354187 1.63 0.96 0.92 6378 7502 0.85 3.34
20190305 19350 19680 19180 19650 13382 25997602 2.57 0.88 1.03 7054 6328 1.11 3.22
20190304 19400 19850 19300 19450 16005 31212634 2.85 1.09 0.67 7007 8998 0.78 3.85
20190301 19170 19370 19060 19320 12243 23573983 1.62 0.89 0.73 5233 7010 0.75 2.95
20190228 19070 19320 18960 19180 9708 18566165 1.89 0.71 0.68 5026 4682 1.07 2.34
20190227 19300 19470 18800 19050 20979 40049730 3.46 1.95 -1.55 14143 6837 2.07 5.05
20190226 19440 19810 19000 19350 17099 33228911 4.18 1.96 -0.15 9830 7268 1.35 4.12
20190225 18750 19400 18750 19380 13361 25646937 3.48 1.76 3.75 6041 7320 0.83 3.22
20190222 18310 18790 18300 18680 7556 14057232 2.66 1.07 1.52 2946 4610 0.64 1.82
20190221 18330 18870 18300 18400 9062 16870946 3.10 1.46 0.05 4174 4888 0.85 2.18
20190220 18250 18480 18230 18390 6716 12316815 1.36 1.12 -0.27 3933 2783 1.41 1.62
20190219 18320 18500 18210 18440 6985 12814889 1.58 1.29 0.38 3533 3452 1.02 1.68
20190218 17980 18400 17970 18370 7698 14048784 2.41 1.71 2.86 3356 4342 0.77 1.85
20190215 17840 18000 17800 17860 4959 8857104 1.11 1.25 -0.78 3473 1486 2.34 1.19
20190214 17800 18050 17690 18000 4594 8214460 2.02 1.19 1.18 2365 2229 1.06 1.11
20190213 17650 17970 17510 17790 5733 10209283 2.61 1.78 0.91 2832 2901 0.98 1.38
20190212 17440 17840 17250 17630 4066 7180338 3.38 1.18 1.09 2349 1717 1.37 0.98
20190211 17050 17470 17020 17440 3157 5457078 2.63 0.92 2.05 1607 1550 1.04 0.76
20190201 16760 17140 16760 17090 2279 3876319 2.28 0.62 2.70 985 1294 0.76 0.55
20190131 17010 17220 16530 16640 4124 6963863 4.04 1.17 -2.69 2582 1542 1.67 0.99
20190130 17320 17410 17010 17100 2489 4275367 2.31 0.56 -1.27 2021 468 4.32 0.60
20190129 17720 17930 17160 17320 5215 9124077 4.34 1.17 -2.48 2716 2499 1.09 1.26
20190128 18250 18250 17750 17760 2983 5374322 2.76 0.56 -1.88 2264 719 3.15 0.72
20190125 18180 18240 18080 18100 3594 6523395 0.88 0.60 -0.28 2567 1027 2.50 0.87
20190124 18150 18200 18010 18150 3411 6170195 1.05 0.46 0.00 1778 1633 1.09 0.82
20190123 18250 18250 17890 18150 7091 12802391 1.97 0.71 -0.49 4727 2364 2.00 1.71
20190122 18200 18500 18200 18240 5201 9541447 1.64 0.49 -0.22 3066 2135 1.44 1.25
20190121 18400 18440 18180 18280 7191 13168966 1.41 0.67 -0.92 4708 2483 1.90 1.73
20190118 18450 18700 18270 18450 7034 12983290 2.31 0.61 -0.81 4373 2661 1.64 1.69
20190117 18850 18900 18500 18600 10174 19005812 2.12 0.95 -1.33 7014 3160 2.22 2.45
20190116 18250 19150 18210 18850 20552 38750462 5.15 2.51 3.23 8944 11608 0.77 4.95
20190115 18010 18130 17910 18050 8031 14486982 1.22 1.04 0.06 3601 4430 0.81 1.93
20190114 18010 18130 17910 18050 8032 14487000
20190111 17680 18180 17660 18040 11279 20256000
20190110 17860 17960 17750 17780 6121 10920000
20190109 17860 17970 17740 17970 7917 14161758 1.29 1.27 0.67 4147 3771 1.10 1.91
20190108 17660 17950 17620 17850 6321 11237517 1.86 1.10 0.85 3079 3243 0.95 1.52
20190107 17640 17820 17420 17700 6912 12183151 2.28 1.31 1.03 3319 3593 0.92 1.66
20190104 17180 17530 17000 17520 8110 14113931 3.05 1.83 0.81 4521 3589 1.26 1.95
20190103 17220 17380 17150 17380 4929 8512006 1.32 1.10 -0.06 2058 2872 0.72 1.19
20190102 17010 17390 16890 17390 5004 8574102 2.91 1.08 1.10 2151 2853 0.75 1.20
20181228 17200 17380 16950 17200 3844 6588801 2.53 0.84 1.18 2153 1691 1.27 0.93
20181227 17560 17660 17000 17000 4581 7968869 3.79 1.05 -2.30 2656 1925 1.38 1.10
20181226 17360 17540 17270 17400 3852 6693696 1.56 0.82 0.35 2073 1779 1.17 0.93
20181225 17420 17430 16860 17340 5085 8724929 3.27 1.13 -0.40 2921 2164 1.35 1.22
20181224 16970 17560 16800 17410 5738 9975135 4.48 1.23 2.59 1675 4063 0.41 1.38
20181221 16730 17050 16730 16970 3623 6123284 1.90 0.74 0.53 1318 2305 0.57 0.87
20181220 16700 17060 16600 16880 3467 5855285 2.75 0.65 1.08 1792 1675 1.07 0.83
20181219 17210 17250 16690 16700 5529 9350957 3.25 1.16 -2.96 3970 1559 2.55 1.33
20181218 17280 17480 17000 17210 4135 7121000
20181217 18260 18260 17250 17540 6652 11729846 5.87 1.45 1.92 2612 4040 0.65 1.60
20181214 17460 17520 17000 17210 4617 7962534 2.96 0.93 -2.05 3246 1371 2.37 1.11
20181213 17320 17620 17120 17570 5584 9731439 2.89 1.02 1.68 2420 3164 0.76 1.34
20181212 17210 17400 17000 17280 2903 5020296 2.32 0.46 0.17 1747 1156 1.51 0.70
20181211 17100 17250 17000 17250 2909 4996943 1.46 0.40 1.05 1427 1482 0.96 0.70
20181210 17300 17350 16940 17070 6863 11703072 2.35 0.83 -2.07 4306 2557 1.68 1.65
20181207 17530 17770 17280 17430 6556 11472570 2.78 0.69 -1.02 4184 2372 1.76 1.58
20181206 18150 18150 17540 17610 8195 14541571 3.40 0.71 -1.84 5710 2485 2.30 1.97
20181205 17610 18140 17570 17940 6824 12216731 3.17 0.57 -0.17 3456 3368 1.03 1.64
20181204 17890 18180 17720 17970 8368 15048263 2.58 0.68 0.96 3778 4590 0.82 2.01
20181203 17800 18000 17560 17800 11616 20713311 2.53 0.89 2.30 6536 5080 1.29 2.80
20181130 17950 17950 17180 17400 12165 21306883 4.29 0.84 -3.06 6970 5195 1.34 2.93
20181129 19250 19250 17940 17950 18355 33950460 6.81 1.32 -6.70 14438 3917 3.69 4.42
20181128 19280 19480 18770 19240 9526 18209901 3.68 0.59 -0.31 5317 4209 1.26 2.29
20181127 19290 19430 18680 19300 10290 19687478 3.93 0.60 1.05 6548 3742 1.75 2.48
20181126 19480 19550 18550 19100 15192 29020653 5.00 0.83 -4.50 9595 5597 1.71 3.66
20181123 20440 20440 19280 20000 19477 38337211 5.76 0.97 -0.74 11556 7921 1.46 4.69
20181122 20000 20500 19770 20150 15236 30639617 3.62 0.65 0.00 7553 7683 0.98 3.67
20181121 19400 20420 19020 20150 20279 40200822 7.13 0.95 2.65 8116 12163 0.67 4.88
20181120 19640 20100 19390 19630 15341 30085000
20181119 20200 20200 19340 19910 21408 42300000
20181116 19700 20380 19100 20200 27768 55030000
20181115 18350 19900 18350 19450 32029 61676606 8.46 3.08 6.11 13656 18373 0.74 7.71
20181114 18230 18390 18030 18330 9714 17737388 1.97 1.00 0.55 4751 4964 0.96 2.34
20181113 17600 18350 17300 18230 22342 40241504 5.99 3.41 3.99 8858 13484 0.66 5.38
20181112 17020 17540 16810 17530 10230 17721482 4.30 1.58 3.30 3806 6425 0.59 2.46
20181109 16780 17030 16780 16970 3394 5743884 1.47 0.41 -0.12 2008 1386 1.45 0.82
20181108 17080 17200 16910 16990 6368 10878248 1.71 0.71 0.18 3629 2739 1.33 1.53
20181107 17170 17220 16920 16960 6000 10254558 1.76 0.61 -0.76 3530 2470 1.43 1.44
20181106 17260 17260 16860 17090 6788 11527014 2.31 0.58 -1.33 4337 2451 1.77 1.63
20181105 17310 17460 17120 17320 9819 16951525 1.97 0.69 0.41 5196 4623 1.12 2.36
20181102 16840 17560 16840 17250 12304 21073315 4.28 0.57 2.43 5784 6520 0.89 2.96
20181101 16600 16940 16600 16840 10069 16888068 2.05 0.39 1.32 5342 4727 1.13 2.42
20181031 16350 16720 16350 16620 10522 17436285 2.26 0.41 1.59 4896 5625 0.87 2.53
20181030 16880 16880 15880 16360 15519 25333560 6.00 0.66 -1.80 8352 7168 1.17 3.74
20181029 17800 17800 16580 16660 22981 39307178 6.64 1.10 -9.26 13357 9624 1.39 5.53
20181026 18260 19360 17510 18360 49490 93087073 10.05 4.06 -0.22 24563 24927 0.99 11.91
20181025 16510 18630 16400 18400 29323 52211178 13.13 4.16 8.36 10041 19282 0.52 7.06
20181024 16360 16980 16200 16980 9480 15861983 4.77 1.56 3.79 2694 6786 0.40 2.28
20181023 16230 16600 16220 16360 5631 9229923 2.32 1.05 0.00 2951 2680 1.10 1.36
20181022 15850 16600 15710 16360 11005 17908059 5.68 3.09 4.40 3692 7312 0.50 2.65
20181019 15190 15670 14970 15670 5544 8560814 4.57 1.58 2.22 1433 4111 0.35 1.33
20181018 15560 15560 15000 15330 3608 5513215 3.60 0.89 -1.48 2234 1374 1.63 0.87
20181017 15360 15880 15200 15560 4556 7094887 4.46 1.23 2.03 1937 2619 0.74 1.10
20181016 15540 15760 15100 15250 2200 3390417 4.25 0.57 -1.87 969 1232 0.79 0.53
20181015 15700 15970 15500 15540 1888 2977656 2.99 0.44 -1.02 961 927 1.04 0.45
20181012 15800 16240 14550 15700 5282 8224817 10.46 1.39 -2.85 2776 2506 1.11 1.27
20181011 17710 17710 16160 16160 6368 10629573 8.64 1.82 -9.97 4590 1778 2.58 1.53
20181010 17850 18120 17730 17950 2855 5114288 2.18 0.76 0.56 1522 1333 1.14 0.69
20181009 17800 17970 17660 17850 2881 5132027 1.74 0.72 0.28 1562 1319 1.18 0.69
20181008 18370 18370 17710 17800 4014 7260414 3.57 0.94 -3.68 3303 711 4.64 0.97
20180928 18400 18540 18260 18480 2849 5242829 1.53 0.61 0.82 1653 1196 1.38 0.69
20180927 18550 18640 18300 18330 4880 9006288 1.83 0.99 -1.19 3201 1679 1.91 1.17
20180926 18570 18750 18450 18550 4253 7902193 1.62 0.86 0.32 2189 2064 1.06 1.02
20180925 18560 18560 18300 18490 3978 7323062 1.40 0.81 -0.59 1814 2164 0.84 0.96
20180921 18550 18650 18350 18600 5312 9840822 1.63 0.94 0.81 2742 2570 1.07 1.28
20180920 18600 18670 18320 18450 5096 9395770 1.88 0.64 -1.07 3638 1458 2.50 1.23
20180919 18620 18800 18520 18650 5989 11177756 1.50 0.54 0.16 2832 3157 0.90 1.44
20180918 18360 18660 18260 18620 4235 7843203 2.19 0.37 1.75 2210 2025 1.09 1.02
20180917 18550 18670 18260 18300 3879 7125990 2.19 0.35 -2.40 2524 1355 1.86 0.93
20180914 18820 18920 18540 18750 9187 17205950 1.99 0.90 -1.83 6653 2534 2.63 2.21
20180913 18740 19490 18420 19100 16699 31434562 5.71 2.22 1.92 10257 6442 1.59 4.02
20180912 18250 19970 18250 18740 21598 41331397 9.48 5.58 3.25 10600 10998 0.96 5.20
20180911 17910 18280 17900 18150 5809 10532533 2.10 1.70 0.22 1046 4763 0.22 1.40
20180910 18480 18590 18080 18110 2784 5090875 2.76 0.78 -1.95 1589 1195 1.33 0.67
20180907 18350 18700 18250 18470 4075 7538239 2.46 1.01 0.98 1814 2261 0.80 0.98
20180906 18420 18460 18100 18290 3385 6189074 1.95 0.83 -0.81 2103 1282 1.64 0.81
20180905 18450 18500 18310 18440 3303 6085781 1.03 0.83 -0.05 1776 1527 1.16 0.80
20180904 18100 18480 18100 18450 3557 6528866 2.07 0.88 0.44 1758 1799 0.98 0.86
20180903 18450 18500 18100 18370 3569 6502248 2.17 0.79 -0.43 2028 1541 1.32 0.86
20180831 19010 19010 18180 18450 6337 11722566 4.37 1.65 -2.95 3621 2716 1.33 1.53
20180830 19200 19330 18880 19010 3614 6907837 2.34 0.96 -1.30 2431 1182 2.06 0.87
20180829 19300 19410 19200 19260 2876 5550670 1.09 0.76 0.10 1466 1410 1.04 0.69
20180828 19270 19300 19140 19240 3727 7162024 0.83 0.95 -0.26 2170 1557 1.39 0.90
20180827 19060 19500 18930 19290 5955 11435933 3.01 1.32 2.01 2758 3198 0.86 1.43
20180824 19000 19180 18830 18910 2989 5670606 1.84 0.40 -0.47 1684 1305 1.29 0.72
20180823 18990 19150 18800 19000 3206 6086358 1.84 0.24 0.00 1627 1579 1.03 0.77
20180822 19300 19300 18940 19000 3045 5812072 1.86 0.23 -1.66 2311 734 3.15 0.73
20180821 19110 19480 19100 19320 4358 8409428 1.98 0.34 0.57 2141 2217 0.97 1.05
20180820 19550 19550 18710 19210 8919 17110138 4.28 0.76 -2.14 5417 3501 1.55 2.15
20180817 19980 20150 19600 19630 17451 34765334 2.67 1.89 -4.75 11706 5745 2.04 4.20
20180816 20650 21330 20580 20610 32878 68576462 3.74 9.96 2.64 16869 16009 1.05 7.91
20180815 20350 20430 19960 20080 3258 6560824 2.29 1.01 -1.95 2386 872 2.74 0.78
20180814 20540 20650 20310 20480 1970 4032644 1.66 0.57 0.10 1035 935 1.11 0.47
20180813 20280 20600 20050 20460 3255 6593706 2.68 0.98 -0.49 1955 1300 1.50 0.78
20180810 20250 20750 20040 20560 4828 9884553 3.51 1.76 1.53 2126 2702 0.79 1.16
20180809 19890 20370 19800 20250 3196 6453389 2.87 1.09 1.86 1172 2024 0.58 0.77
20180808 20330 20330 19810 19880 2947 5917606 2.56 1.03 -2.21 1961 986 1.99 0.71
20180807 19920 20490 19700 20330 3107 6291963 4.00 1.11 2.83 1057 2050 0.52 0.75
20180806 20200 20260 19670 19770 2598 5178504 2.90 0.87 -2.71 1651 947 1.74 0.63
20180803 20640 20810 20220 20320 1902 3888851 2.86 0.56 -1.55 1298 604 2.15 0.46
20180802 21400 21530 20110 20640 4065 8357946 6.67 1.01 -3.10 2264 1801 1.26 0.98
20180801 21400 21750 21300 21300 2587 5558682 2.08 0.56 -1.53 1931 656 2.94 0.62
20180731 21400 21750 21050 21630 2812 6045030 3.27 0.55 1.17 1317 1495 0.88 0.68
20180730 22130 22130 21280 21380 3603 7781119 3.88 0.64 -2.51 2614 989 2.64 0.87
20180727 22280 22280 21850 21930 3831 8429928 1.92 0.66 -1.84 2510 1321 1.90 0.92
20180726 22000 22630 21840 22340 7191 16048398 3.56 1.43 0.63 3134 4057 0.77 1.73
20180725 22000 22320 21900 22200 5648 12513952 1.91 1.22 0.91 3054 2594 1.18 1.36
20180724 21750 22070 21400 22000 5115 11198419 3.08 1.14 1.15 2097 3018 0.69 1.23
20180723 22150 22150 21640 21750 6567 14309331 2.28 1.64 -2.68 4048 2519 1.61 1.58
20180720 21560 22510 21560 22350 4426 9784928 4.38 1.06 3.04 1634 2793 0.58 1.07
20180719 22170 22430 21610 21690 3376 7394343 3.70 0.71 -2.17 2010 1366 1.47 0.81
20180718 22340 22640 22150 22170 3670 8214905 2.19 0.68 -0.76 1854 1816 1.02 0.88
20180717 22010 22450 22010 22340 4474 9943413 1.96 0.68 -0.71 2471 2003 1.23 1.08
20180716 22570 22870 22310 22500 4113 9254742 2.46 0.42 -0.97 2522 1590 1.59 0.99
20180713 22680 22980 22560 22720 5223 11893827 1.85 0.48 0.13 2816 2407 1.17 1.26
20180712 22210 22750 22210 22690 6193 14014237 2.43 0.59 2.16 2881 3312 0.87 1.49
20180711 22430 22540 21860 22210 7122 15827120 2.97 0.70 -3.06 4904 2217 2.21 1.71
20180710 22800 22990 22470 22910 10275 23343395 2.25 1.15 -0.87 5536 4738 1.17 2.47
20180709 21800 23980 21530 23110 20278 46581544 11.24 3.56 6.01 9562 10717 0.89 4.88
20180706 21300 21900 19520 21800 10288 21552113 11.30 2.31 3.51 5399 4889 1.10 2.48
20180705 21450 21640 21030 21060 4653 9930094 2.84 1.15 -1.82 2668 1985 1.34 1.12
20180704 22130 22140 21290 21450 5297 11454457 3.84 1.48 -3.16 3638 1659 2.19 1.28
20180703 21630 22180 21390 22150 4275 9401433 3.65 1.04 2.22 1930 2345 0.82 1.03
20180702 22290 22620 21310 21670 3999 8835975 5.88 1.00 -2.78 2455 1544 1.59 0.96
20180629 21880 22370 21550 22290 4061 8980967 3.81 1.02 3.53 1816 2245 0.81 0.98
20180628 22410 22410 21520 21530 2660 5837912 4.03 0.59 -2.58 1630 1030 1.58 0.64
20180627 22290 22460 21860 22100 2846 6302078 2.69 0.55 -1.03 1909 937 2.04 0.69
20180626 21400 23000 20520 22330 6989 15580954 11.57 1.22 4.15 2307 4682 0.49 1.68
20180625 21700 22000 21410 21440 3470 7558855 2.72 0.57 -1.02 2061 1409 1.46 0.84
20180622 20990 21750 20420 21660 3992 8547953 6.25 0.66 1.79 1327 2666 0.50 0.96
20180621 22500 22680 21280 21280 5399 11767771 6.22 0.89 -5.46 3063 2336 1.31 1.30
20180620 22370 22800 20130 22510 5931 13108474 11.94 1.01 0.63 2966 2966 1.00 1.43
20180619 24800 24800 22370 22370 9750 22571591 9.78 2.06 -9.98 5386 4364 1.23 2.35
20180615 25880 26050 24500 24850 5338 13381285 5.99 1.08 -3.98 3160 2178 1.45 1.29
20180614 25560 26180 25500 25880 3955 10253022 2.66 0.74 1.09 2197 1758 1.25 0.95
20180613 26380 26380 25520 25600 5465 14165191 3.26 0.96 -3.03 4176 1289 3.24 1.32
20180612 25890 26470 25700 26400 4803 12592874 2.95 0.82 1.27 2260 2543 0.89 1.16
20180611 26000 26330 25510 26070 4084 10599724 3.15 0.70 0.19 2041 2043 1.00 0.98
20180608 26600 26600 25800 26020 6410 16694206 3.01 1.00 -2.18 3869 2541 1.52 1.54
20180607 26890 26980 26560 26600 6122 16367120 1.56 0.86 -1.15 3524 2598 1.36 1.47
20180606 26510 26910 26460 26910 6950 18560335 1.69 0.68 1.24 3474 3476 1.00 1.67
20180605 26240 26600 26120 26580 5762 15257006 1.84 0.36 1.80 2689 3073 0.87 1.39
20180604 26300 26400 26010 26110 4090 10698245 1.49 0.19 -0.53 2380 1711 1.39 0.98
20180601 26340 26750 25790 26250 9050 23736865 3.64 0.36 -0.34 5705 3345 1.71 2.18
20180531 25900 26530 25900 26340 9539 25018157 2.44 0.38 2.09 4860 4679 1.04 2.30
20180530 27500 27500 25680 25800 22936 60583196 6.38 1.00 -9.51 14802 8134 1.82 5.52
20180529 29300 30200 28340 28510 33524 98978487 6.29 1.79 -3.52 18884 14640 1.29 8.07
20180528 29000 29800 28710 29660 31185 91138488 3.73 2.05 1.54 15959 15225 1.05 7.51
20180525 28250 29920 28100 29210 30154 87354447 6.44 2.55 3.33 10192 19962 0.51 7.26
20180524 28300 28490 28020 28270 7930 22467998 1.66 0.60 0.04 3619 4311 0.84 1.91
20180523 28850 28850 28180 28260 11988 34184017 2.34 0.81 -1.50 7227 4761 1.52 2.89
20180522 28430 28970 28350 28690 12593 36078099 2.17 0.94 0.63 5706 6887 0.83 3.03
20180521 28220 28680 28220 28510 13507 38435916 1.62 1.09 0.56 6784 6723 1.01 3.25
20180518 28420 28680 27980 28350 13055 36919292 2.46 1.04 -0.25 7248 5807 1.25 3.14
20180517 28020 28600 27800 28420 15477 43655611 2.83 1.34 0.64 8971 6506 1.38 3.73
20180516 27750 28780 27420 28240 19170 54099324 4.92 1.74 2.10 7270 11900 0.61 4.61
20180515 27100 27660 26710 27660 5835 15881052 3.53 0.44 2.90 2402 3433 0.70 1.40
20180514 27550 27550 26770 26880 8411 22731869 2.82 0.64 -2.89 5162 3249 1.59 2.02
20180511 28230 28240 27550 27680 13807 38373520 2.45 1.15 -1.91 6918 6889 1.00 3.32
20180510 28030 28400 28030 28220 10730 30271682 1.32 0.98 0.32 6158 4573 1.35 2.58
20180509 29000 29200 28020 28130 16175 45845054 4.18 1.75 -0.46 9553 6623 1.44 3.89
20180508 27390 28450 27220 28260 16641 46690425 4.49 2.23 3.18 6646 9995 0.66 4.01
20180507 26800 27400 26500 27390 8316 22630826 3.36 1.17 2.20 3585 4731 0.76 2.00
20180504 26850 26990 26640 26800 8080 21699512 1.31 1.20 0.07 4472 3608 1.24 1.95
20180503 26660 26890 26350 26780 5638 15006253 2.02 0.84 0.00 3359 2279 1.47 1.36
20180502 26300 27050 26070 26780 7637 20374097 3.69 1.24 0.87 4460 3177 1.40 1.84
20180427 26120 27250 25900 26550 7598 20221054 5.17 1.22 1.72 3968 3630 1.09 1.83
20180426 27080 27090 25920 26100 6613 17447701 4.33 1.00 -3.51 3907 2706 1.44 1.59
20180425 26700 27150 26550 27050 6047 16304898 2.25 0.81 1.31 2761 3286 0.84 1.46
20180424 26110 26850 26110 26700 5858 15569687 2.83 0.76 2.26 2706 3152 0.86 1.41
20180423 25950 26310 25750 26110 4701 12273866 2.15 0.56 0.38 2563 2138 1.20 1.13
20180420 26800 26990 26000 26010 7961 21034678 3.68 0.88 -3.38 4720 3241 1.46 1.92
20180419 27380 27380 26880 26920 8365 22625219 1.82 0.83 -1.97 4025 4340 0.93 2.01
20180418 27910 27980 26400 27460 10640 28734541 5.71 0.82 -0.79 5753 4887 1.18 2.56
20180417 28380 28430 27500 27680 6870 19223887 3.31 0.32 -1.49 4084 2787 1.47 1.65
20180416 28520 28780 27940 28100 8288 23439675 2.95 0.35 -1.47 4911 3377 1.45 2.00
20180413 28720 29280 28480 28520 11140 32026652 2.78 0.45 -1.01 6923 4217 1.64 2.68
20180412 29050 29740 28800 28810 13361 39097122 3.18 0.56 -2.50 8380 4981 1.68 3.22
20180411 29550 30070 29400 29550 25473 75673153 2.20 1.27 -3.02 16568 8905 1.86 6.13
20180410 28900 30500 28200 30470 48660 143580101 8.02 4.03 6.24 19421 29239 0.66 11.71
20180409 27450 29300 27410 28680 19064 54535840 6.82 1.93 3.50 8898 10166 0.88 4.59
20180404 27900 28580 27700 27710 16894 47729475 3.19 2.23 0.43 8352 8542 0.98 4.07
20180403 26890 27650 26410 27590 8736 23765573 4.55 1.26 1.28 3802 4934 0.77 2.10
20180402 26900 27690 26800 27240 7272 19808191 3.30 1.08 0.89 4113 3159 1.30 1.75
20180330 26660 27180 26660 27000 8461 22796468 1.95 1.23 1.47 3863 4598 0.84 2.04
20180329 26010 27280 26010 26610 7926 21259103 4.87 1.18 2.03 3878 4048 0.96 1.91
20180328 25980 26730 25600 26080 5544 14600722 4.31 0.68 -0.46 2749 2794 0.98 1.33
20180327 25850 26350 25680 26200 5380 14044122 2.61 0.47 2.22 2651 2729 0.97 1.30
20180326 25000 25890 24430 25630 6498 16348625 5.80 0.60 1.79 2999 3500 0.86 1.56
20180323 26700 26870 25000 25180 8979 23274507 6.81 0.93 -8.34 5293 3686 1.44 2.16
20180322 27540 27750 27030 27470 7157 19561157 2.61 0.72 -0.25 4340 2816 1.54 1.72
20180321 28210 28400 25700 27540 12812 35817740 9.49 1.45 -3.16 9147 3665 2.50 3.08
20180320 26800 28450 26800 28440 21962 61555724 6.09 3.85 5.02 9213 12750 0.72 5.29
20180319 26760 27190 26580 27080 3383 9131005 2.28 0.49 1.20 1683 1700 0.99 0.81
20180316 26600 26940 26600 26760 3019 8089409 1.27 0.32 0.00 1720 1299 1.32 0.73
20180315 27500 27650 26500 26760 8601 23198080 4.14 0.98 -3.67 4207 4394 0.96 2.07
20180314 28180 28180 27530 27780 7350 20487282 2.31 0.91 -1.42 3545 3805 0.93 1.77
20180313 28500 28550 28000 28180 6180 17531180 1.93 0.82 -1.30 4315 1865 2.31 1.49
20180312 28320 28590 28320 28550 9506 27043160 0.94 1.59 -0.14 5987 3519 1.70 2.29
20180309 27990 29500 27650 28590 16098 45730382 6.61 4.84 2.11 7907 8191 0.97 3.88
20180308 27300 28200 27300 28000 4645 12942032 3.28 1.48 2.04 1637 3009 0.54 1.12
20180307 28000 28200 27440 27440 3743 10379428 2.73 1.32 -1.47 2657 1086 2.45 0.90
20180306 28150 28150 27790 27850 3774 10550607 1.28 1.36 -0.71 2534 1240 2.04 0.91
20180305 28000 28150 27870 28050 1682 4708368 1.00 0.53 0.18 865 817 1.06 0.40
20180302 28000 28400 27740 28000 2770 7764780 2.36 0.98 0.00 1480 1290 1.15 0.67
20180301 27450 28180 27360 28000 3751 10488420 2.99 1.64 2.08 1462 2289 0.64 0.90
20180228 27760 27760 27360 27430 2240 6168082 1.45 1.09 -0.76 1506 734 2.05 0.54
20180227 27130 27980 27130 27640 3477 9601943 3.10 1.88 0.88 1928 1549 1.24 0.84
20180226 26800 27430 26800 27400 3617 9856818 2.35 2.02 2.12 1050 2567 0.41 0.87
20180223 26570 26980 26570 26830 981 2630694 1.53 0.48 0.11 519 462 1.12 0.24
20180222 26640 26910 26590 26800 1121 3003839 1.20 0.53 0.87 733 388 1.89 0.27
20180214 26540 26620 26350 26570 1118 2961225 1.02 0.47 -0.11 682 436 1.56 0.27
20180213 27000 27480 26600 26600 2430 6518569 3.25 0.96 -1.63 1798 632 2.84 0.58
20180212 26640 27760 26000 27040 3323 8932303 6.73 1.28 3.40 1175 2148 0.55 0.80
20180209 25900 26500 25530 26150 2155 5609995 3.63 0.77 -2.10 1168 987 1.18 0.52
20180208 26840 26870 26410 26710 1594 4258869 1.72 0.41 0.04 780 814 0.96 0.38
20180207 27140 27160 26010 26700 2454 6531267 4.35 0.55 1.10 1386 1068 1.30 0.59
20180206 27180 27500 26410 26410 3082 8277671 3.90 0.67 -5.58 1941 1141 1.70 0.74
20180205 28170 28170 26500 27970 3714 10175925 5.92 0.76 -0.78 1478 2236 0.66 0.89
20180202 27980 28190 27370 28190 3101 8618789 2.93 0.58 0.75 1644 1457 1.13 0.75
20180201 29880 30140 27980 27980 6861 19599086 7.23 1.36 -6.33 4663 2198 2.12 1.65
20180131 30870 30930 29650 29870 5715 17311624 4.12 1.16 -3.80 3606 2109 1.71 1.38
20180130 31140 31300 30860 31050 3479 10812834 1.41 0.63 -0.42 1907 1572 1.21 0.84
20180129 31200 31460 30810 31180 5329 16592115 2.07 0.74 -0.70 4040 1290 3.13 1.28
20180126 31630 31680 31300 31400 5426 17103511 1.20 0.71 -0.76 3348 2079 1.61 1.31
20180125 31730 31830 31540 31640 5234 16578552 0.91 0.66 -0.25 3243 1992 1.63 1.26
20180124 31770 31850 31450 31720 5220 16545363 1.26 0.52 0.06 2942 2278 1.29 1.26
20180123 31780 31900 31510 31700 6492 20548602 1.22 0.62 -0.66 4230 2262 1.87 1.56
20180122 31240 32000 31010 31910 13426 42458296 3.17 1.41 2.14 4756 8670 0.55 3.23
20180119 31950 31950 30910 31240 7813 24557078 3.28 0.88 -1.45 5716 2097 2.73 1.88
20180118 31720 32030 31600 31700 7005 22248757 1.35 0.81 -0.41 4138 2867 1.44 1.69
20180117 31370 32200 31150 31830 15548 49200768 3.34 2.27 1.37 5292 10256 0.52 3.74
20180116 30820 31500 30820 31400 8975 28097039 2.19 1.35 0.96 2833 6142 0.46 2.16
20180115 30950 31330 30700 31100 8209 25474683 2.03 1.31 0.00 5789 2420 2.39 1.98
20180112 31110 31210 30830 31100 4694 14564387 1.22 0.69 0.00 3317 1378 2.41 1.13
20180111 30690 31350 30620 31100 6000 18639885 2.36 0.93 0.68 2725 3275 0.83 1.44
20180110 31000 31180 30500 30890 6393 19681913 2.18 1.03 -0.80 4258 2135 1.99 1.54
20180109 30890 31500 30790 31140 7857 24525320 2.29 1.51 0.61 2842 5015 0.57 1.89
20180108 31160 31160 30780 30950 6488 20023710 1.22 1.38 -0.71 4147 2340 1.77 1.56
20180105 30820 31600 30620 31170 7257 22554231 3.18 2.94 1.10 2913 4344 0.67 1.75
20180104 30950 31090 30800 30830 4287 13251152 0.94 0.95 -0.39 2934 1353 2.17 1.03
20180103 30730 30960 30470 30950 5143 15812129 1.59 1.04 0.72 2070 3072 0.67 1.24
20180102 30960 30960 30540 30730 2911 8937154 1.37 0.54 0.07 1973 938 2.10 0.70
20171229 30350 31000 30350 30710 3982 12208292 2.13 0.79 0.69 1861 2121 0.88 0.96
20171228 30800 30800 30310 30500 3722 11370853 1.60 0.77 -0.52 2115 1607 1.32 0.90
20171227 30550 31180 30300 30660 6853 21094474 2.87 1.73 0.07 4146 2707 1.53 1.65
20171226 30280 30660 29800 30640 7144 21697055 2.84 2.29 1.16 3673 3471 1.06 1.72
20171225 30010 30390 29840 30290 5023 15152452 1.84 1.82 1.54 2529 2493 1.01 1.21
20171222 29860 30110 29800 29830 2384 7140674 1.03 0.81 -0.93 1256 1128 1.11 0.57
20171221 30250 30250 29870 30110 2632 7910304 1.27 0.80 0.37 1378 1254 1.10 0.63
20171220 30270 30400 30000 30000 2596 7819166 1.32 0.68 -0.86 1564 1032 1.52 0.62
20171219 29970 30260 29850 30260 2965 8940692 1.37 0.54 0.97 1166 1799 0.65 0.71
20171218 30300 30520 29900 29970 3254 9802738 2.03 0.34 -1.83 2299 955 2.41 0.78
20171215 30450 30780 30410 30530 3271 9996800 1.21 0.33 -0.29 1802 1469 1.23 0.79
20171214 30500 30660 30330 30620 4316 13141641 1.08 0.44 0.39 2446 1870 1.31 1.04
20171213 30630 30690 30230 30500 5149 15683362 1.50 0.55 -0.75 2985 2164 1.38 1.24
20171212 31690 31690 30510 30730 11712 36197520 3.72 1.46 -3.06 6986 4726 1.48 2.82
20171211 31790 33200 31630 31700 23436 75350617 5.19 5.40 4.79 12978 10458 1.24 5.64
20171208 29620 30260 29620 30250 5088 15310157 2.16 1.28 2.13 2246 2842 0.79 1.22
20171207 29750 29800 29340 29620 3342 9914110 1.55 0.87 -0.17 1564 1778 0.88 0.80
20171206 29600 29950 29130 29670 3123 9235727 2.79 0.72 0.92 1379 1744 0.79 0.75
20171205 29800 30000 28980 29400 4989 14703146 3.42 1.30 -1.41 2595 2394 1.08 1.20
20171204 30480 30480 29800 29820 5176 15558237 2.22 1.44 -2.80 3652 1524 2.40 1.25
20171201 30700 30780 30320 30680 3184 9741370 1.51 0.88 0.66 1406 1778 0.79 0.77
20171130 30860 30860 30310 30480 2829 8646475 1.78 0.75 -1.36 1460 1369 1.07 0.68
20171129 30590 30980 30310 30900 5419 16587926 2.21 1.63 2.01 2476 2943 0.84 1.30
20171128 29800 30330 29700 30290 2551 7695939 2.11 0.72 1.30 1058 1493 0.71 0.61
20171127 30700 30700 29800 29900 3972 11943130 2.93 0.93 -2.61 2246 1726 1.30 0.96
20171124 30900 31100 30470 30700 3351 10292271 2.04 0.59 -0.68 2000 1351 1.48 0.81
20171123 31670 31670 30800 30910 3511 10950804 2.78 0.59 -1.31 2078 1434 1.45 0.85
20171122 31700 31870 31220 31320 3203 10075850 2.07 0.50 -0.13 1771 1431 1.24 0.77
20171121 30820 31700 30820 31360 3679 11519968 2.81 0.48 0.22 2048 1631 1.26 0.89
20171120 31750 31870 30000 31290 7540 23177386 5.90 0.96 -1.32 4388 3152 1.39 1.82
20171117 33240 33530 31690 31710 10491 33880957 5.48 1.48 -5.48 6997 3494 2.00 2.53
20171116 33720 33920 33410 33550 4645 15700121 1.51 0.61 -0.89 2646 1999 1.32 1.12
20171115 33970 33970 33520 33850 5702 19288511 1.33 0.67 0.15 3039 2663 1.14 1.37
20171114 34290 34410 33400 33800 10305 35033008 2.94 1.27 -1.66 6756 3550 1.90 2.48
20171113 34530 34870 34330 34370 8096 27879696 1.57 0.86 -0.17 4446 3650 1.22 1.95
20171110 34180 34430 34180 34430 6602 22660097 0.73 0.62 0.06 3393 3208 1.06 1.59
20171109 34310 34540 34270 34410 7291 25046959 0.78 0.70 0.00 4408 2883 1.53 1.76
20171108 34330 34650 34220 34410 9979 34381091 1.25 1.01 0.20 5964 4016 1.49 2.40
20171107 34490 34570 34020 34340 8468 29058141 1.59 0.87 -0.78 5544 2925 1.90 2.04
20171106 33930 34770 33630 34610 14569 49919980 3.37 1.57 2.22 6635 7934 0.84 3.51
20171103 33200 33970 33200 33860 12870 43430506 2.31 1.32 1.77 4943 7927 0.62 3.10
20171102 33400 33700 33150 33270 5971 19923276 1.64 0.42 -0.98 4003 1969 2.03 1.44
20171101 33710 33850 33380 33600 7669 25782834 1.41 0.38 0.54 4004 3665 1.09 1.85
20171031 33020 33580 32810 33420 7344 24453518 2.33 0.35 1.00 3090 4254 0.73 1.77
20171030 34350 34540 32010 33090 12477 41518649 7.37 0.64 -3.56 7718 4759 1.62 3.00
20171027 34380 34750 34250 34310 15258 52549188 1.44 0.85 -1.27 9008 6250 1.44 3.67
20171026 35070 35090 34270 34750 28427 98805685 2.28 1.92 -3.53 15468 12959 1.19 6.84
20171025 35900 36050 33330 36020 38171 130951344 7.52 3.93 -0.36 20998 17173 1.22 9.19
20171024 36800 36800 35800 36150 10980 39653159 2.69 1.16 -2.80 6928 4052 1.71 5.07
20171023 36860 37430 36600 37190 5375 19953036 2.25 0.47 0.90 2949 2426 1.22 2.48
20171020 36550 36960 36010 36860 6742 24605268 2.60 0.44 0.88 3383 3359 1.01 3.11
20171019 38230 38230 36410 36540 12845 47588213 4.77 0.75 -4.25 7764 5081 1.53 5.93
20171018 38560 39480 38080 38160 12675 49128124 3.62 0.66 -1.29 6662 6013 1.11 5.85
20171017 37650 39000 37650 38660 9794 37785757 3.55 0.40 1.74 5202 4592 1.13 4.52
20171016 39520 39890 37960 38000 15193 58604762 4.82 0.67 -5.12 9868 5325 1.85 7.01
20171013 39160 40870 38800 40050 25929 103829831 5.25 1.37 1.57 12964 12964 1.00 11.97
20171012 38150 39910 38150 39430 22491 88347296 4.58 1.32 2.60 10801 11690 0.92 10.38
20171011 39820 39830 38380 38430 22415 87214082 3.64 1.58 -3.47 14284 8131 1.76 10.34
20171010 36650 40300 36510 39810 35684 139090263 10.33 3.69 8.53 15521 20163 0.77 16.47
20171009 36980 37100 36410 36680 6312 23122678 1.90 0.56 0.80 3479 2833 1.23 2.91
20170929 36010 36560 35850 36390 7658 27796594 1.97 0.57 1.03 3792 3866 0.98 3.53
20170928 37280 37280 36000 36020 13222 48240463 3.45 0.95 -2.88 8038 5184 1.55 6.10
20170927 36780 37380 36780 37090 7972 29550320 1.63 0.45 0.57 4547 3425 1.33 3.68
20170926 37100 37490 36050 36880 13191 48473800 3.83 0.57 -1.84 7820 5371 1.46 6.09
20170925 37790 38830 37490 37570 14431 54987100 3.57 0.42 0.19 7633 6798 1.12 6.66
20170922 38990 39000 37500 37500 18461 70807947 3.83 0.45 -4.21 11193 7269 1.54 8.52
20170921 39030 39760 39020 39150 15518 60857725 1.87 0.40 -0.94 9122 6396 1.43 7.16
20170920 39360 39930 39020 39520 26858 106040226 2.29 0.77 -0.50 15932 10927 1.46 12.39
20170919 40550 40800 39640 39720 40263 161293733 2.78 1.39 -4.70 23392 16871 1.39 18.58
20170918 39000 42580 38820 41680 71014 284278432 9.69 4.35 7.37 34730 36284 0.96 32.77
20170915 37500 38820 37500 38820 51146 196990074 3.74 5.93 10.00 30497 20649 1.48 23.60
20170914 35630 35630 35160 35290 6143 21698836 1.32 0.61 -0.68 3345 2798 1.20 2.83
20170913 35120 35660 35120 35530 4965 17562238 1.54 0.47 1.14 2117 2849 0.74 2.29
20170912 36400 36490 35050 35130 12041 43002642 3.95 1.27 -3.70 8458 3583 2.36 5.56
20170911 36490 36510 35810 36480 7380 26734664 1.92 0.76 -0.03 4213 3167 1.33 3.41
20170908 36250 37000 36010 36490 12612 46190261 2.73 1.32 0.63 6856 5755 1.19 5.82
20170907 35950 36380 35680 36260 13288 48074194 1.95 1.23 0.81 6422 6866 0.94 6.13
20170906 35680 36270 35430 35970 7915 28418287 2.35 0.76 0.81 3950 3965 1.00 3.65
20170905 35630 35980 35480 35680 6213 22195848 1.40 0.54 -0.28 3539 2673 1.32 2.87
20170904 35650 36180 35300 35780 8636 30896505 2.47 0.68 0.28 4786 3850 1.24 3.99
20170901 35750 35980 35400 35680 11569 41312656 1.60 0.89 -1.52 7011 4558 1.54 5.34
20170831 34520 36980 34520 36230 19596 70023213 7.12 1.96 4.86 7661 11934 0.64 9.04
20170830 34800 34840 34500 34550 6086 21072381 0.98 0.64 -0.72 3612 2474 1.46 2.81
20170829 34590 35280 34400 34800 11867 41342841 2.53 1.53 -0.11 6066 5801 1.05 5.48
20170828 34120 35300 34120 34840 14770 51273103 3.45 2.43 1.87 6729 8040 0.84 6.82
20170825 33550 34840 33390 34200 12805 43878852 4.32 2.87 1.88 5689 7116 0.80 5.91
20170824 33420 33690 33190 33570 4569 15286133 1.49 1.02 0.00 2462 2107 1.17 2.11
20170823 33550 33590 33000 33570 3643 12162452 1.77 0.76 0.48 1893 1750 1.08 1.68
20170822 33800 33800 33370 33410 3056 10240329 1.27 0.61 -1.15 1832 1224 1.50 1.41
20170821 33010 33880 33010 33800 6266 21062958 2.64 1.44 2.46 2379 3887 0.61 2.89
20170818 33100 33410 32940 32990 4771 15794520 1.40 1.16 -1.55 3139 1632 1.92 2.20
20170817 33500 33700 33180 33510 4740 15838110 1.56 1.06 0.54 2322 2418 0.96 2.19
20170816 32900 33520 32670 33330 5202 17330354 2.58 1.25 1.25 2240 2963 0.76 2.40
20170815 32600 33080 32600 32920 4032 13259800 1.47 1.01 0.98 1876 2156 0.87 1.86
20170814 32100 32660 32030 32600 3074 9983864 1.97 0.78 1.84 1211 1863 0.65 1.42
20170811 32800 32800 32010 32010 3562 11491760 2.43 0.84 -1.57 2108 1454 1.45 1.64
20170810 33500 33590 32500 32520 6394 21079302 3.24 1.65 -3.21 4182 2212 1.89 2.95
20170809 33400 33680 33260 33600 3761 12588942 1.26 0.89 0.60 1572 2189 0.72 1.74
20170808 33430 33460 33060 33400 3089 10281013 1.20 0.64 -0.09 1723 1367 1.26 1.43
20170807 33290 33880 33230 33430 2834 9502278 1.95 0.54 0.30 1315 1519 0.87 1.31
20170804 33420 33640 33200 33330 5077 16952607 1.31 0.88 -0.51 3158 1919 1.65 2.34
20170803 33440 33990 33330 33500 4648 15639534 1.97 0.68 0.18 2098 2550 0.82 2.14
20170802 34040 34040 33440 33440 5393 18145735 1.76 0.70 -1.79 3455 1938 1.78 2.49
20170801 33940 34290 33520 34050 6300 21321354 2.26 0.76 -0.09 3832 2468 1.55 2.91
20170731 34350 34580 34040 34080 4837 16583101 1.57 0.47 -0.79 2697 2140 1.26 2.23
20170728 34210 34380 33850 34350 7542 25786968 1.55 0.59 0.15 4351 3190 1.36 3.48
20170727 33830 34600 33330 34300 9990 34091168 3.75 0.56 1.39 4888 5101 0.96 4.61
20170726 34700 34760 33500 33830 9919 33773890 3.63 0.43 -2.62 6044 3875 1.56 4.58
20170725 34590 34880 34150 34740 9111 31445129 2.10 0.39 0.14 4917 4194 1.17 4.20
20170724 35580 35580 34060 34690 15196 52525560 4.26 0.68 -2.83 8709 6487 1.34 7.01
20170721 37310 37340 35450 35700 19650 70938181 5.11 1.04 -3.51 10872 8778 1.24 9.07
20170720 38160 38480 36660 37000 35101 131908137 4.87 2.80 -0.96 20205 14895 1.36 16.20
20170719 36190 37360 36180 37360 36994 136801516 3.47 5.79 10.01 17307 19687 0.88 17.07
20170718 32070 33960 31080 33960 8926 29097559 8.97 1.59 5.83 3802 5124 0.74 4.12
20170717 35400 35480 32080 32090 10462 34530934 9.54 1.94 -9.96 6908 3554 1.94 4.83
20170714 35580 35870 35050 35640 3077 10936201 2.31 0.38 0.45 1897 1181 1.61 1.42
20170713 35950 35950 35400 35480 3248 11540145 1.53 0.36 -1.31 2108 1140 1.85 1.50
20170712 36350 36700 35080 35950 6218 22219259 4.46 0.70 -1.13 3493 2726 1.28 2.87
20170711 37050 37300 36310 36360 5046 18538172 2.67 0.58 -1.78 3458 1588 2.18 2.33
20170710 38180 38180 37010 37020 9343 34885230 3.06 1.21 -3.22 6437 2906 2.22 4.31
20170707 36390 38880 36390 38250 17055 64916482 6.76 3.13 3.77 7615 9440 0.81 7.87
20170706 36800 37250 36100 36860 7057 25998953 3.12 1.51 0.11 3681 3376 1.09 3.26
20170705 36440 36850 36120 36820 5661 20726570 2.00 1.32 1.04 3026 2636 1.15 2.61
20170704 36720 36970 36370 36440 4087 14987325 1.63 0.97 -0.76 2207 1880 1.17 1.89
20170703 36300 36850 36210 36720 4601 16827168 1.76 1.14 0.99 2382 2219 1.07 2.12
20170630 35660 36790 35600 36360 5838 21140385 3.31 1.36 1.00 2382 3456 0.69 2.69
20170629 35520 36200 35520 36000 3251 11705745 1.91 0.63 1.38 1330 1921 0.69 1.50
20170628 36000 36280 35410 35510 3691 13150297 2.41 0.65 -1.82 2433 1258 1.93 1.70
20170627 36400 36680 35880 36170 3635 13200600 2.20 0.52 -0.39 2128 1508 1.41 1.68
20170626 35720 36400 35650 36310 3793 13678261 2.08 0.49 0.86 1981 1812 1.09 1.75
20170623 36040 36350 35200 36000 7090 25330335 3.19 0.88 -0.11 3575 3515 1.02 3.27
20170622 37480 37780 36020 36040 7408 27419952 4.70 0.80 -3.77 4598 2810 1.64 3.42
20170621 37420 37450 36570 37450 6356 23525661 2.37 0.64 0.67 3820 2536 1.51 2.93
20170620 38400 38570 37200 37200 10295 38890904 3.59 1.09 -2.59 6900 3395 2.03 4.75
20170619 37650 38190 37190 38190 7570 28509240 2.66 0.83 1.76 2912 4658 0.63 3.49
20170616 38040 38160 36960 37530 8787 32936117 3.16 1.01 -1.18 5545 3241 1.71 4.05
20170615 36800 38140 36530 37980 13361 50258024 4.38 1.76 3.38 5620 7741 0.73 6.17
20170614 36670 37450 36500 36740 9587 35327363 2.60 1.28 0.41 5219 4369 1.19 4.42
20170613 36040 36750 35600 36590 7898 28700474 3.24 1.21 3.07 2319 5579 0.42 3.64
20170612 36500 36500 35320 35500 6198 22193120 3.22 0.96 -3.27 3867 2330 1.66 2.86
20170609 36470 36750 35750 36700 6337 23044357 2.75 0.90 0.82 3564 2774 1.28 2.92
20170608 36660 37160 36190 36400 7848 28808081 2.65 1.10 -0.68 4786 3062 1.56 3.62
20170607 35300 36860 35300 36650 9050 32927607 4.41 1.27 3.53 3861 5189 0.74 4.18
20170606 35500 35780 35010 35400 3227 11430863 2.18 0.42 0.03 1704 1523 1.12 1.49
20170605 35900 35970 35100 35390 5905 21053727 2.47 0.75 0.45 3266 2639 1.24 2.72
20170602 33920 35490 32010 35230 9340 31914082 10.24 1.19 3.68 3807 5532 0.69 4.31
20170601 35700 36140 33980 33980 8151 28373263 6.00 0.99 -5.64 5518 2633 2.10 3.76
20170531 37280 37900 35800 36010 8907 33020395 5.76 1.08 -1.26 5541 3367 1.65 4.11
20170526 36740 36980 36060 36470 5679 20692763 2.53 0.72 0.36 2734 2945 0.93 2.62
20170525 36850 36850 35250 36340 7536 27181920 4.34 0.99 -1.41 4106 3430 1.20 3.48
20170524 36540 37000 35110 36860 9006 32653769 5.08 1.25 -0.99 4233 4774 0.89 4.16
20170523 40900 40900 37020 37230 10012 38494956 9.51 1.54 -8.77 5676 4336 1.31 4.62
20170522 43500 43530 40500 40810 9025 38041958 6.96 1.71 -6.31 6434 2591 2.48 4.16
20170519 43870 44080 43510 43560 4073 17819710 1.30 0.77 -0.71 2406 1667 1.44 1.88
20170518 43460 44380 43110 43870 5866 25740991 2.89 1.07 -0.02 3180 2686 1.18 2.71
20170517 43460 44280 43110 43880 7161 31422906 2.69 1.36 0.94 3625 3536 1.03 3.30
20170516 42920 43500 42000 43470 6434 27535700 3.50 1.30 1.33 2915 3519 0.83 2.97
20170515 43200 43620 42880 42900 2798 12098290 1.70 0.53 -1.17 1934 864 2.24 1.29
20170512 44000 44150 43160 43540 4040 17574073 2.27 0.74 -0.30 2480 1560 1.59 1.86
20170511 42900 43850 42030 43670 7081 30467082 4.21 1.39 1.11 3542 3540 1.00 3.27
20170510 43770 44290 42810 43190 5971 26138914 3.39 1.13 -1.12 3285 2686 1.22 2.76
20170509 42800 43950 42570 43680 4813 20867304 3.23 0.76 2.27 1674 3139 0.53 2.22
20170508 43880 44330 42710 42710 4644 20183860 3.67 0.69 -3.37 2853 1791 1.59 2.14
20170505 44250 45160 44140 44200 4956 22073025 2.30 0.63 -0.45 2520 2436 1.03 2.29
20170504 45150 45250 44110 44400 5102 22796876 2.51 0.64 -2.22 2767 2335 1.19 2.35
20170503 45990 45990 44660 45410 6914 31338703 2.89 0.90 -1.26 3679 3235 1.14 3.19
20170502 45500 46490 45200 45990 10083 46351279 2.86 1.39 1.97 5964 4119 1.45 4.65
20170428 44340 45300 44340 45100 6633 29778304 2.14 0.89 0.69 3355 3277 1.02 3.06
20170427 43100 44930 42500 44790 10772 47297978 5.55 1.27 2.26 4854 5918 0.82 4.97
20170426 43480 44470 43130 43800 5376 23557695 3.08 0.58 0.71 2639 2737 0.96 2.48
20170425 43200 44500 43200 43490 5672 24844106 3.02 0.59 1.14 3082 2591 1.19 2.62
20170424 45310 45790 43000 43000 7687 33517184 6.17 0.70 -4.89 4833 2854 1.69 3.55
20170421 46900 46900 45080 45210 7548 34670505 3.88 0.71 -3.73 4862 2685 1.81 3.48
20170420 45200 49530 45040 46960 16117 75885418 9.85 1.82 3.03 8405 7712 1.09 7.44
20170419 44410 45700 43330 45580 9510 42725294 5.34 1.08 2.63 3996 5514 0.72 4.39
20170418 45000 45850 44400 44410 7487 33748407 3.23 0.69 -1.09 4740 2747 1.73 3.45
20170417 47000 47000 44900 44900 14312 65426192 4.28 1.07 -8.42 8478 5834 1.45 6.60
20170414 49990 50360 49010 49030 5578 27567184 2.70 0.34 -1.84 3485 2093 1.67 2.57
20170413 50000 50960 49610 49950 7351 37038287 2.72 0.40 0.50 3789 3562 1.06 3.39
20170412 50200 50620 49650 49700 9181 46018644 1.91 0.47 -2.17 6147 3035 2.03 4.24
20170411 49730 50840 47000 50800 17579 87044067 7.63 0.96 0.95 9861 7718 1.28 8.11
20170410 55780 55780 50320 50320 26917 141211267 9.77 1.45 -9.98 17668 9249 1.91 12.42
20170407 56800 57290 55850 55900 20196 113693935 2.49 1.00 -3.30 13340 6856 1.95 9.32
20170406 57100 58880 56360 57810 18803 108693599 4.42 0.86 1.30 9523 9281 1.03 8.68
20170405 56740 57140 55410 57070 14055 79448305 3.05 0.57 0.60 7481 6574 1.14 6.49
20170331 56250 57960 56010 56730 11516 65503066 3.44 0.38 0.07 6823 4693 1.45 5.31
20170330 60130 60130 55080 56690 27937 160389495 8.29 0.87 -6.93 16587 11350 1.46 12.89
20170329 64030 64780 60800 60910 28813 179315157 6.17 0.91 -5.62 17984 10830 1.66 13.30
20170328 64800 65990 64500 64540 27572 179800614 2.30 0.84 -0.51 14075 13496 1.04 12.72
20170327 63000 65490 62920 64870 27401 175437395 4.01 0.85 1.28 14977 12424 1.21 12.64
20170324 63800 66210 63800 64050 39893 259728285 3.75 1.26 -0.30 20255 19638 1.03 18.41
20170323 63150 64640 61980 64240 37112 236020324 4.19 1.07 1.29 19057 18055 1.06 17.13
20170322 63600 63970 62110 63420 26233 165407308 2.90 0.69 -1.06 15179 11054 1.37 12.11
20170321 62970 65130 62560 64100 32653 208916269 4.08 0.83 1.67 32348 305 106.23 15.07
20170320 60990 63100 60510 63050 25040 155011861 4.23 0.64 2.85 12160 12880 0.94 11.56
20170317 62450 64430 61080 61300 37102 232632297 5.32 1.02 -2.64 21719 15384 1.41 17.12
20170316 61800 64990 61700 62960 52916 336692304 5.31 1.86 1.63 27213 25703 1.06 24.42
20170315 60710 62850 60110 61950 43667 269069920 4.49 1.88 1.52 20597 23070 0.89 20.15
20170314 59180 61650 59070 61020 38937 236353686 4.34 1.94 2.73 18172 20765 0.88 17.97
20170313 59260 59880 57000 59400 21853 127571310 4.83 1.03 -0.47 12898 8955 1.44 10.08
20170310 59100 60860 59100 59680 23940 143599966 2.96 0.98 0.51 12890 11050 1.17 11.05
20170309 58800 59680 58430 59380 13850 81863364 2.11 0.41 0.41 7423 6427 1.15 6.39
20170308 59840 60600 58950 59140 17514 104260526 2.76 0.50 -1.12 10804 6711 1.61 8.08
20170307 58920 60650 58800 59810 23424 140254625 3.12 0.73 1.01 12504 10920 1.15 10.81
20170306 58500 59420 57660 59210 26942 157873346 2.99 0.90 0.42 14497 12445 1.16 12.43
20170303 62490 62500 58900 58960 40521 244073731 5.74 1.53 -5.95 24712 15809 1.56 18.70
20170302 59590 65550 59030 62690 61485 387224304 10.89 2.57 4.68 22551 38934 0.58 28.37
20170301 58050 60290 57300 59890 22759 134878008 5.15 1.06 3.22 10767 11992 0.90 10.50
20170228 57900 58270 57400 58020 8751 50541092 1.51 0.39 0.38 4682 4069 1.15 4.04
20170227 58960 59650 57780 57800 15443 90609127 3.18 0.68 -1.68 9618 5824 1.65 7.13
20170224 59010 60980 58620 58790 24346 145243508 3.97 1.18 -1.09 14390 9956 1.45 11.23
20170223 56280 61600 55520 59440 48128 284724800 10.85 3.30 6.09 19847 28281 0.70 22.21
20170222 56420 56620 55670 56030 10206 57196850 1.68 0.62 -1.18 6975 3230 2.16 4.71
20170221 55010 56970 55010 56700 14675 82301008 3.56 0.87 3.07 6928 7746 0.89 6.77
20170220 56320 56540 54500 55010 15575 86028979 3.62 - -2.34 9261 6314 1.47 7.19
20170217 57170 57900 56300 56330 14164 80713039 2.80 0.73 -1.45 8629 5535 1.56 6.54
20170216 57570 57850 56620 57160 18285 104363693 2.12 0.87 -1.31 11325 6960 1.63 8.44
20170215 58400 59200 57780 57920 19712 115028962 2.42 0.87 -1.26 11458 8254 1.39 9.10
20170214 58300 59390 58010 58660 16632 97766207 2.38 0.63 0.98 8415 8217 1.02 7.68
20170213 57500 58980 57130 58090 16820 97891910 3.22 0.48 1.03 8541 8278 1.03 7.76
20170210 59180 59450 57500 57500 25919 151225615 3.25 0.66 -4.10 17025 8893 1.91 11.96
20170209 59600 61460 59590 59960 26525 160399965 3.11 0.75 -0.32 13991 12534 1.12 12.24
20170208 59990 60170 58080 60150 27575 163290524 3.48 0.86 0.08 16165 11410 1.42 12.72
20170207 62590 62590 59660 60100 35370 214905953 4.68 1.26 -4.07 22134 13236 1.67 16.32
20170206 62400 63300 61780 62650 59006 368359088 2.43 2.96 0.24 25255 33751 0.75 27.23
20170203 56790 62500 55520 62500 46495 281756128 12.28 3.20 10.00 25250 21245 1.19 21.46
20170126 57320 57960 56610 56820 8047 46041704 2.36 0.44 -0.86 4945 3102 1.59 3.71
20170125 57000 57890 56790 57310 11405 65380658 1.91 0.57 -0.52 6343 5062 1.25 5.26
20170124 57350 59300 55000 57610 15910 92073464 7.49 0.71 0.30 8105 7805 1.04 7.34
20170123 58500 59270 57440 57440 17902 104725322 3.10 0.73 -2.64 11851 6050 1.96 8.26
20170120 57870 60290 57200 59000 19487 114681022 5.25 0.70 0.20 10062 9425 1.07 8.99
20170119 58830 60490 57680 58880 27208 161790526 4.71 0.95 -1.32 12307 14901 0.83 12.56
20170118 59020 60760 58000 59670 19191 114520640 4.59 0.53 -0.86 10652 8539 1.25 8.86
20170117 57970 60390 57200 60190 28575 170490824 5.38 0.68 1.45 12793 15781 0.81 13.19
20170116 57800 59500 53380 59330 28982 166991617 10.37 0.62 0.56 14338 14644 0.98 13.37
20170113 58030 60800 55600 59000 34826 202533715 8.81 0.64 0.00 20161 14665 1.37 16.07
20170112 62000 63460 58880 59000 30925 189200655 7.02 0.59 -9.56 17963 12962 1.39 14.27
20170111 68020 68300 65240 65240 59430 389007776 4.22 1.27 -10.00 29727 29703 1.00 27.43
20170110 67430 72490 66550 72490 57284 394622752 8.04 1.53 -1.91 36128 21157 1.71 26.43
20170109 67510 73900 63020 73900 52447 351495872 16.14 1.77 9.60 34684 17763 1.95 24.20
20170106 61000 67430 60780 67430 71347 469054352 10.85 3.75 10.00 26107 45241 0.58 32.92
20170105 61000 62250 60010 61300 22766 138876893 3.58 1.26 -2.12 12650 10116 1.25 10.51
20170104 57300 63150 57080 62630 29835 177494525 10.57 1.68 9.05 12116 17719 0.68 13.77
20170103 57000 57590 56600 57430 10921 62390971 1.74 0.51 0.81 5846 5075 1.15 5.04
20161230 58460 58620 56500 56970 13502 77460453 3.62 0.54 -2.76 7669 5833 1.31 6.23
20161229 61400 61540 57900 58590 18221 109026393 5.96 0.73 -4.06 11796 6425 1.84 8.41
20161228 62070 62830 60800 61070 18089 110963011 3.23 0.76 -2.80 10052 8038 1.25 8.35
20161227 63000 64550 62230 62830 27804 175785769 3.65 1.35 -1.06 13361 14444 0.93 12.83
20161226 60810 64180 60600 63500 30001 188896985 5.79 1.60 2.62 13728 16273 0.84 13.84
20161223 61920 63500 61400 61880 31223.21 195484526.300
20161222 60750 62060 60410 62040 17987.87 110400410.750
20161221 60840 61320 60460 60870 11220.23 68220180.230
20161220 60670 61200 59830 60600 12704.51 76741382.100
20161219 59220 63220 58880 61410 20533.54 125688942.820
20161216 58800 59500 58520 59450 10808.35 63815386.700
20161215 58180 60000 57800 58820 12852.62 76072353.240
20161214 59580 59980 58240 58530 10773.24 63588931.410
20161213 58980 60600 58040 59700 14380.92 85185012.870
20161212 65590 65740 59800 59840 25399.47 157832126.830
20161209 68050 68650 65700 66010 21197.04 141465458.720
20161208 68380 69450 68140 68660 16054.53 110719651.090
20161207 68620 69200 66910 68600 15817.00 107398807.860
20161206 69110 70000 68800 68920 11620.91 80731677.180
20161205 68500 69850 67600 68760 11497.02 79021543.720
20161202 70700 70700 68780 68820 15908.06 110360951.990
20161201 69560 70950 69480 70550 16661.41 117060009.190
20161130 69200 69950 68600 69480 12715.91 88101277.290
20161129 71830 72550 69550 69610 25847.65 182957228.630
20161128 73800 73800 72110 72210 19689.77 143198392.130
20161125 73000 74410 71350 74030 27058.68 198028798.990
20161124 73920 75120 72810 73220 26826.39 197794103.990
20161123 74720 76380 74120 74420 37336.86 280788748.220
20161122 72890 76300 72710 75390 53083.16 396864527.200
20161121 73900 73900 71260 72580 39801.43 288031621.410
20161118 74080 76580 74000 74220 38563.27 288588057.740
20161117 73980 77850 73070 75600 61914.34 470408957.010
20161116 77000 77980 74000 74750 78037.53 589024236.350
20161115 83460 83460 78510 80020 131402.32 1062181879.500
20161114 75960 75960 75960 75960 843.78 6409352.880
20161111 69050 69050 69050 69050 479.17 3308668.850
20161110 62770 62770 62770 62770 493.34 3096695.180
20161109 57060 57060 57060 57060 367.39 2096327.340
20161108 51870 51870 51870 51870 153.00 793611.000
20161107 47150 47150 47150 47150 109.13 514547.950
20161104 42860 42860 42860 42860 231.17 990794.620
20161103 38960 38960 38960 38960 159.89 622931.440
20161102 35420 35420 35420 35420 88.02 311766.840
20161101 32200 32200 32200 32200 23.39 75315.800
20161031 29270 29270 29270 29270 52.00 152204.000
20161028 26610 26610 26610 26610 37.78 100532.580
20161027 24190 24190 24190 24190 22.00 53218.000
20161026 21990 21990 21990 21990 10.39 22847.610
20161025 16660 19990 16660 19990 122.39 244093.100
