20200203 10370 10370 10370 10370 6313 6546581 0.00 0.26 -9.98 77 6236 0.01 0.31
20200123 11900 11930 11400 11520 21790 25443193 4.43 0.84 -3.68 15111 6679 2.26 1.07
20200122 12110 12110 11730 11960 21558 25676378 3.12 0.74 -1.89 12450 9108 1.37 1.06
20200121 12490 12490 12170 12190 26666 32755000
20200120 12410 12570 12310 12530 22586 28125098 2.08 0.44 0.40 12675 9912 1.28 1.11
20200117 12780 12900 12430 12480 28845 36427262 3.69 0.42 -1.89 18863 9982 1.89 1.42
20200116 12650 12960 12650 12720 29316 37492399 2.42 0.43 -0.55 17829 11487 1.55 1.45
20200115 12960 12960 12670 12790 37506 47898056 2.22 0.58 -2.14 25092 12414 2.02 1.85
20200114 13180 13300 12930 13070 57614 75500063 2.74 1.03 -3.26 37063 20551 1.80 2.84
20200113 13930 13930 12860 13510 104605 138992327 7.91 2.72 -0.15 62225 42380 1.47 5.16
20200110 12490 13530 12490 13530 116296 155667197 8.46 6.27 10.00 68153 48143 1.42 5.74
20200109 12090 12340 11980 12300 26441 32171122 3.02 1.49 3.27 10163 16279 0.62 1.30
20200108 12210 12220 11850 11910 16613 19949048 3.03 0.98 -2.38 11743 4871 2.41 0.82
20200107 12090 12230 12030 12200 15069 18337000
20200106 12110 12180 11990 12060 18001 21769318 1.58 1.19 0.17 9432 8570 1.10 0.89
20200103 12100 12180 11970 12040 16648 20065231 1.74 1.25 -0.08 10185 6462 1.58 0.82
20200102 11880 12090 11850 12050 22440 26889427 2.03 2.22 1.69 10394 12045 0.86 1.11
20191231 11800 11890 11780 11850 12428 14695965 0.93 1.31 -0.25 6053 6375 0.95 0.61
20191230 11750 11900 11580 11880 14836 17353668 2.73 1.82 1.28 7155 7682 0.93 0.73
20191227 11770 11840 11690 11730 9576 11280897 1.28 1.16 -0.17 5609 3967 1.41 0.47
20191226 11760 11760 11670 11750 7205 8438567 0.77 0.82 0.43 3140 4065 0.77 0.36
20191225 11760 11780 11650 11700 6531 7648337 1.10 0.64 -0.68 4556 1975 2.31 0.32
20191224 11630 11790 11620 11780 9125 10686839 1.46 0.77 1.46 3412 5712 0.60 0.45
20191223 11840 11840 11600 11610 8319 9750653 2.04 0.66 -1.53 5873 2446 2.40 0.41
20191220 11800 11870 11780 11790 10172 12026196 0.76 0.79 -0.25 6792 3380 2.01 0.50
20191219 11790 11860 11740 11820 9998 11805621 1.02 0.73 0.17 5065 4933 1.03 0.49
20191218 11880 11880 11780 11800 13276 15680274 0.84 1.07 -0.42 9394 3882 2.42 0.65
20191217 11830 11910 11700 11850 17449 20622362 1.77 1.65 0.08 8252 9197 0.90 0.86
20191216 11840 11840 11660 11840 12049 14154838 1.53 1.10 0.59 6797 5252 1.29 0.59
20191213 11740 11820 11670 11770 11510 13522559 1.28 1.19 0.34 4949 6561 0.75 0.57
20191212 11650 11790 11630 11730 13879 16265608 1.38 1.70 1.12 6113 7766 0.79 0.68
20191211 11580 11680 11500 11600 7384 8560496 1.56 0.95 0.26 2438 4946 0.49 0.36
20191210 11530 11620 11440 11570 8002 9220000
20191209 11580 11810 11520 11580 13823 16078987 2.50 1.67 0.00 6413 7409 0.87 0.68
20191206 11530 11590 11490 11580 5273 6091587 0.87 0.62 0.43 3007 2267 1.33 0.26
20191205 11520 11570 11450 11530 6220 7162521 1.04 0.62 0.09 3519 2700 1.30 0.31
20191204 11500 11570 11430 11520 5484 6306326 1.22 0.57 0.09 2056 3428 0.60 0.27
20191203 11490 11530 11400 11510 6088 6975133 1.12 0.61 -0.52 3892 2196 1.77 0.30
20191202 11390 11700 11320 11570 18384 21208835 3.32 2.52 1.05 6479 11905 0.54 0.91
20191129 11370 11450 11300 11450 6395 7276025 1.31 0.85 -0.17 3324 3071 1.08 0.32
20191128 11640 11660 11380 11470 13638 15636305 2.40 2.40 -1.63 8551 5087 1.68 0.67
20191127 11630 11700 11600 11660 3538 4115790 0.86 0.55 -0.09 2269 1269 1.79 0.17
20191126 11610 11720 11580 11670 7959 9288812 1.20 1.18 0.17 2606 5353 0.49 0.39
20191125 11680 11680 11560 11650 4996 5799599 1.03 0.73 0.17 2498 2498 1.00 0.25
20191122 11790 11820 11530 11630 7324 8565715 2.46 1.02 -1.44 5294 2030 2.61 0.36
20191121 11800 11810 11710 11800 4592 5402784 0.85 0.62 -0.25 2891 1701 1.70 0.23
20191120 11830 11880 11760 11830 7077 8372117 1.01 0.99 0.00 2904 4173 0.70 0.35
20191119 11690 11850 11630 11830 9716 11466539 1.88 1.24 1.11 3473 6243 0.56 0.48
20191118 11680 11710 11560 11700 5339 6234195 1.28 0.56 0.00 2807 2532 1.11 0.26
20191115 11730 11790 11500 11700 9255 10758017 2.46 0.95 -0.59 6407 2848 2.25 0.68
20191114 11810 11880 11720 11770 5885 6936867 1.35 0.59 -0.34 3446 2439 1.41 0.43
20191113 11750 11850 11730 11810 5578 6579111 1.02 0.53 0.00 3337 2241 1.49 0.41
20191112 11640 11920 11580 11810 13059 15370051 2.91 1.24 0.94 4997 8062 0.62 0.96
20191111 11760 11790 11580 11700 13812 16151221 1.79 1.32 -0.51 9688 4124 2.35 1.02
20191108 11760 11880 11720 11760 10209 12046443 1.36 0.77 0.00 5462 4747 1.15 0.75
20191107 11750 11850 11700 11760 7207 8469803 1.28 0.39 0.43 3989 3217 1.24 0.53
20191106 11770 11790 11690 11710 8174 9582953 0.85 0.40 -0.68 5145 3030 1.70 0.60
20191105 11720 11830 11700 11790 13319 15663324 1.11 0.55 0.60 7288 6031 1.21 0.98
20191104 11800 11900 11710 11720 13256 15626468 1.61 0.50 -0.68 8593 4663 1.84 0.98
20191101 11720 11970 11560 11800 24376 28522969 3.49 0.92 0.43 13040 11336 1.15 1.80
20191031 12270 12290 11700 11750 33712 40317447 4.81 1.25 -4.24 21063 12649 1.67 2.49
20191030 12400 12450 12270 12270 16889 20863362 1.45 0.49 -1.29 7219 9669 0.75 1.25
20191029 12900 12900 12430 12430 32711 41261629 3.64 0.97 -3.64 20898 11814 1.77 2.41
20191028 12830 12950 12690 12900 24983 32048545 2.00 0.76 -0.62 12888 12096 1.07 1.84
20191025 13050 13170 12870 12980 24839 32224746 2.28 0.74 -1.52 13350 11489 1.16 1.83
20191024 13290 13490 13020 13180 34962 46096248 3.50 1.17 -1.72 22149 12813 1.73 2.58
20191023 12970 13560 12880 13410 53436 70863198 5.19 2.37 2.44 24441 28995 0.84 3.94
20191022 12850 13170 12730 13090 30158 39078344 3.43 1.56 1.95 13785 16373 0.84 2.23
20191021 12500 12860 12360 12840 21923 27725633 3.96 1.25 1.74 9261 12662 0.73 1.62
20191018 12610 12800 12420 12620 28446 35973937 3.02 1.89 0.32 15003 13443 1.12 2.10
20191017 12430 12580 12400 12580 15381 19245321 1.44 1.10 0.88 6799 8582 0.79 1.14
20191016 12350 12520 12250 12470 16720 20796085 2.18 1.46 0.81 6308 10412 0.61 1.23
20191015 12340 12390 12200 12370 14490 17847546 1.54 1.53 0.32 7260 7231 1.00 1.07
20191014 12220 12400 12220 12330 12914 15894478 1.47 1.39 0.90 6110 6804 0.90 0.95
20191011 12210 12380 12110 12220 15901 19458946 2.22 1.77 0.49 7295 8606 0.85 1.17
20191010 12070 12220 11940 12160 9844 11922058 2.32 0.76 0.91 4061 5783 0.70 0.73
20191009 12000 12080 11910 12050 4109 4942000
20191008 12040 12120 12010 12020 4679 5641138 0.91 0.19 -0.66 2915 1764 1.65 0.35
20190930 12070 12180 11910 12100 11940 14395335 2.23 0.48 -0.17 5702 6238 0.91 0.88
20190927 12000 12230 11750 12120 14304 17172927 3.98 0.55 0.41 8076 6228 1.30 1.06
20190926 12580 12670 12010 12070 30120 36996828 5.20 1.27 -4.89 20749 9371 2.21 2.22
20190925 12490 12880 12350 12690 50135 63622000
20190924 12510 12580 12380 12420 14296 17846733 1.60 0.97 -0.64 8136 6159 1.32 1.06
20190923 12500 12510 12250 12500 14378 17840882 2.08 1.02 -0.08 6380 7998 0.80 1.06
20190920 12450 12680 12350 12510 22063 27601789 2.65 1.85 0.56 10027 12037 0.83 1.63
20190919 12240 12460 12120 12440 17659 21739842 2.80 1.65 2.39 7191 10468 0.69 1.30
20190918 12090 12270 12080 12150 8468 10290986 1.57 0.64 0.58 4396 4072 1.08 0.63
20190917 12470 12470 12040 12080 10945 13367420 3.47 0.83 -2.50 6905 4039 1.71 0.81
20190916 12400 12450 12370 12390 11339 14060434 0.65 0.90 0.08 6664 4674 1.43 0.84
20190912 12390 12450 12340 12380 11069 13720728 0.89 0.79 -0.16 5627 5442 1.03 0.82
20190911 12500 12590 12400 12400 11554 14416000
20190910 12520 12640 12470 12490 21431 26913241 1.36 1.56 -0.40 10446 10985 0.95 1.58
20190909 12490 12550 12420 12540 10672 13328207 1.05 0.67 0.97 5000 5672 0.88 0.79
20190906 12410 12550 12360 12420 8603 10687300 1.53 0.46 0.08 5056 3547 1.43 0.64
20190905 12480 12600 12390 12410 17725 22124983 1.69 1.05 0.00 10386 7339 1.42 1.31
20190904 12340 12510 12260 12410 16785 20804179 2.02 1.11 0.40 7614 9171 0.83 1.24
20190903 12460 12490 12290 12360 15121 18719000
20190902 12180 12500 12130 12490 21471 26467000
20190830 12140 12500 12050 12180 23426 28700202 3.72 2.54 0.58 11416 12010 0.95 1.73
20190829 12080 12210 12080 12110 7684 9324367 1.07 0.71 -0.16 3675 4009 0.92 0.57
20190828 12160 12200 12070 12130 7973 9680155 1.07 0.80 0.08 3298 4675 0.71 0.59
20190827 11960 12240 11850 12120 15693 18951520 3.29 1.88 2.28 4536 11157 0.41 1.16
20190826 11770 11960 11740 11850 6058 7177749 1.83 0.64 -1.25 3419 2639 1.30 0.45
20190823 12150 12160 11980 12000 8659 10428811 1.48 1.00 -1.56 5656 3003 1.88 0.64
20190822 12080 12290 11900 12190 15464 18774479 3.24 2.21 1.41 6504 8960 0.73 1.25
20190821 12100 12100 11980 12020 3725 4479307 1.00 0.48 -0.33 2165 1560 1.39 0.30
20190820 12140 12140 12000 12060 7816 9416681 1.16 1.00 -0.50 3849 3967 0.97 0.63
20190819 11950 12160 11850 12120 11639 14047543 2.60 1.50 1.68 4487 7152 0.63 0.94
20190816 11800 11960 11800 11920 4672 5560648 1.35 0.48 0.51 2857 1815 1.57 0.38
20190815 11550 12070 11510 11860 7124 8430695 4.74 0.74 0.42 1815 5309 0.34 0.57
20190814 11980 11980 11800 11810 7208 8570830 1.52 0.78 -0.59 5960 1249 4.77 0.58
20190813 11900 12190 11750 11880 8371 10010386 3.67 0.85 -0.83 4159 4213 0.99 0.67
20190812 11700 12050 11620 11980 11541 13633000
20190809 11650 11720 11360 11710 14866 17186483 3.11 1.90 1.12 8578 6287 1.36 1.20
20190808 11550 11740 11550 11580 6368 7391020 1.64 0.75 -0.17 3789 2579 1.47 0.51
20190807 11780 11880 11600 11600 4897 5738541 2.38 0.58 -1.53 3283 1614 2.03 0.39
20190806 11940 11940 11520 11780 11704 13704080 3.47 1.64 -2.73 6489 5215 1.24 0.94
20190805 12190 12280 12050 12110 4916 5980796 1.87 0.64 -1.38 3837 1080 3.55 0.40
20190802 12130 12290 11990 12280 11184 13571336 2.44 1.58 0.00 6832 4353 1.57 0.90
20190801 12250 12290 12120 12280 9959 12158551 1.38 1.63 -0.16 5947 4012 1.48 0.80
20190731 12380 12400 12280 12300 4785 5902052 0.97 0.64 -0.65 2714 2071 1.31 0.39
20190730 12370 12500 12330 12380 4768 5929226 1.38 0.59 0.24 2322 2446 0.95 0.38
20190729 12550 12550 12300 12350 7443 9220366 1.99 0.78 -1.59 4840 2603 1.86 0.60
20190726 12310 12660 12310 12550 8342 10412848 2.82 0.91 1.05 3541 4801 0.74 0.67
20190725 12320 12480 12260 12420 5211 6457544 1.77 0.54 0.16 2236 2975 0.75 0.42
20190724 12190 12660 12190 12400 11534 14334817 3.83 1.33 0.98 4782 6752 0.71 0.93
20190723 12030 12280 11970 12280 8055 9741327 2.56 0.91 1.24 3187 4868 0.65 0.65
20190722 12240 12250 11860 12130 14514 17438279 3.17 1.64 -1.30 9050 5463 1.66 1.17
20190719 12240 12380 12210 12290 6636 8148804 1.38 0.77 0.08 3342 3294 1.01 0.53
20190718 12330 12330 12150 12280 7883 9636419 1.46 0.96 -0.57 4985 2898 1.72 0.64
20190717 12360 12450 12310 12350 6127 7592205 1.13 0.70 -0.16 3691 2436 1.51 0.49
20190716 12400 12460 12330 12370 9096 11261620 1.04 0.93 -0.80 5862 3235 1.81 0.73
20190715 12350 12650 12000 12470 14567 17927766 5.25 1.36 0.73 8969 5598 1.60 1.17
20190712 12380 12480 12360 12380 5689 7067303 0.97 0.47 -0.08 3414 2275 1.50 0.46
20190711 12450 12610 12240 12390 5742 7145887 2.97 0.35 -0.56 3200 2542 1.26 0.46
20190710 12410 12630 12360 12460 8691 10851370 2.15 0.37 -0.64 3934 4757 0.83 0.70
20190709 12490 12610 12100 12540 13966 17327996 4.09 0.56 0.48 8465 5501 1.54 1.13
20190708 13120 13150 12300 12480 19501 24786275 6.48 0.81 -4.81 12191 7310 1.67 1.57
20190705 13060 13220 13060 13110 12194 15989815 1.21 0.51 -0.83 7627 4568 1.67 0.98
20190704 13480 13750 13030 13220 28653 38206878 5.35 1.48 -1.78 17109 11544 1.48 2.31
20190703 13260 14500 13120 13460 43255 58858610 10.41 3.60 1.51 23186 20069 1.16 3.49
20190702 13110 13320 13010 13260 20226 26749034 2.35 2.08 0.68 8350 11877 0.70 1.63
20190701 13090 13190 12920 13170 16150 21089186 2.10 1.87 2.41 7099 9051 0.78 1.30
20190628 12970 13070 12850 12860 10264 13303190 1.70 0.89 -0.46 5369 4895 1.10 0.83
20190627 12840 13000 12740 12920 6646 8583407 2.03 0.50 0.78 2434 4212 0.58 0.54
20190626 12790 12910 12690 12820 6813 8745774 1.72 0.47 0.23 3772 3040 1.24 0.57
20190625 12820 12950 12670 12790 8642 11026710 2.17 0.63 -0.70 4944 3698 1.34 0.70
20190624 12980 13050 12820 12880 10786 13912816 1.77 0.81 -0.69 5834 4951 1.18 0.87
20190621 12720 13060 12710 12970 24918 32204330 2.74 2.49 1.57 10477 14441 0.73 2.01
20190620 12480 12890 12460 12770 15260 19339005 3.43 1.68 2.00 6169 9092 0.68 1.23
20190619 12750 12750 12510 12520 12563 15831436 1.92 1.54 0.24 5127 7436 0.69 1.01
20190618 12530 12630 12320 12490 5578 6991042 2.48 0.59 0.08 2818 2760 1.02 0.45
20190617 12670 12840 12550 12680 8002 10133666 2.29 0.87 0.08 4894 3108 1.57 0.64
20190614 13090 13090 12640 12670 8700 11143896 3.50 0.96 -1.40 4565 4135 1.10 0.70
20190613 12830 13100 12780 12850 10556 13605243 2.49 1.29 0.16 5946 4610 1.29 0.85
20190612 12880 13090 12830 12830 7941 10273021 2.00 1.05 -1.23 4693 3248 1.44 0.64
20190611 12710 12990 12520 12990 11945 15383039 3.73 1.68 3.10 4474 7471 0.60 0.96
20190610 12320 12620 12220 12600 6591 8230434 3.25 0.91 2.36 2562 4029 0.64 0.53
20190606 12580 12580 12180 12310 8499 10464233 3.21 1.13 -1.36 4501 3999 1.13 0.69
20190605 12680 12730 12410 12480 5954 7483688 2.55 0.73 -0.56 4131 1823 2.27 0.48
20190604 12720 12780 12480 12550 4936 6215611 2.37 0.56 -0.87 2873 2063 1.39 0.40
20190603 12880 12950 12020 12660 9490 12058515 7.20 1.11 -2.01 4895 4595 1.07 0.76
20190531 12810 13000 12790 12920 7221 9308227 1.63 0.82 0.16 3750 3471 1.08 0.58
20190530 13000 13090 12800 12900 10020 12947706 2.23 1.03 -0.69 5339 4681 1.14 0.81
20190529 12960 13030 12810 12990 9008 11668000
20190528 12900 12990 12850 12900 7949 10267987 1.09 0.67 0.08 4340 3608 1.20 0.64
20190527 12750 12920 12620 12890 8587 10988068 2.36 0.70 1.58 4711 3876 1.22 0.69
20190524 12820 12970 12690 12690 8568 10969410 2.17 0.66 -1.86 5259 3310 1.59 0.69
20190523 12740 13070 12520 12930 14592 18731335 4.34 1.17 1.97 8027 6564 1.22 1.18
20190522 12950 12950 12630 12680 11175 14280505 2.47 0.82 -2.01 7177 3998 1.79 0.90
20190521 12640 13180 12600 12940 16450 21261079 4.57 1.30 1.97 5664 10787 0.53 1.33
20190520 12810 12840 12390 12690 10394 13100918 3.50 0.78 -1.40 5888 4507 1.31 0.84
20190517 13330 13450 12810 12870 12227 16025246 4.78 0.87 -3.81 7594 4634 1.64 0.99
20190516 13500 13650 13310 13380 12319 16539569 2.55 0.89 0.38 6339 5980 1.06 0.99
20190515 13200 13500 13020 13330 16538 22004047 3.69 1.15 2.54 5956 10582 0.56 1.33
20190514 13110 13210 12820 13000 11706 15210366 2.95 0.70 -1.59 7248 4458 1.63 0.94
20190513 12960 13360 12890 13210 13638 17933623 3.62 0.73 1.85 5487 8150 0.67 1.10
20190510 12900 13170 12720 12970 16011 20747564 3.54 0.92 2.05 7324 8687 0.84 1.29
20190509 12710 13060 12690 12710 11014 14089324 2.85 0.57 -1.93 6734 4280 1.57 0.89
20190508 12510 13350 12510 12960 19778 25800435 6.49 1.04 0.08 8836 10942 0.81 1.59
20190507 12370 13090 12370 12950 22963 29352458 5.88 1.12 5.71 9272 13692 0.68 1.85
20190506 13150 13150 12190 12250 23299 29705651 7.19 1.23 -8.31 12591 10707 1.18 1.88
20190430 13190 13480 13190 13360 10132 13567020 2.20 0.48 1.14 5804 4328 1.34 0.82
20190429 13920 13940 13200 13210 21096 28582434 5.32 0.88 -4.96 11731 9365 1.25 1.70
20190426 14090 14190 13760 13900 17155 23927905 3.09 0.75 0.00 9334 7821 1.19 1.38
20190425 14210 14610 13860 13900 30818 44209344 5.26 1.60 -2.52 13523 17295 0.78 2.48
20190424 14040 14260 13800 14260 15456 21682969 3.31 0.82 2.66 6062 9394 0.65 1.25
20190423 14300 14390 13860 13890 21632 30458588 3.67 1.23 -3.88 13211 8422 1.57 1.74
20190422 14200 14610 14150 14450 34227 49282872 3.25 2.37 1.98 13270 20957 0.63 2.76
20190419 14050 14200 13950 14170 12964 18278935 1.78 0.79 0.93 6224 6740 0.92 1.04
20190418 14200 14200 13960 14040 11781 16594675 1.69 0.67 -1.06 7237 4544 1.59 0.95
20190417 14170 14290 14080 14190 13861 19665173 1.49 0.75 0.35 7676 6185 1.24 1.12
20190416 13880 14150 13700 14140 15430 21573299 3.24 0.78 1.95 6243 9187 0.68 1.24
20190415 14060 14200 13870 13870 18183 25592481 2.36 0.85 -0.72 9229 8955 1.03 1.47
20190412 14200 14240 13880 13970 22731 31838100 2.53 0.95 -1.76 13698 9032 1.52 1.83
20190411 14530 14540 14220 14220 18046 25990498 2.21 0.69 -1.86 12477 5569 2.24 1.45
20190410 14550 14640 14360 14490 17793 25794439 1.91 0.62 -1.29 11073 6719 1.65 1.43
20190409 14530 14680 14330 14680 22081 31998623 2.42 0.70 1.38 12110 9971 1.21 1.78
20190408 14680 14740 14390 14480 26227 38215440 2.39 0.70 -1.03 15508 10718 1.45 2.11
20190404 14730 14830 14600 14630 36014 52865399 1.56 0.76 -0.48 23612 12402 1.90 2.90
20190403 14630 14770 14520 14700 27758 40600948 1.71 0.40 0.27 14780 12978 1.14 2.24
20190402 14870 14880 14620 14660 32567 47890246 1.74 0.46 -1.61 20221 12346 1.64 2.63
20190401 14500 14930 14460 14900 35241 51886276 3.24 0.47 2.76 17738 17503 1.01 2.84
20190329 14540 14700 13960 14500 54862 78539668 5.00 0.71 -1.96 28626 26236 1.09 4.42
20190328 15760 15760 14540 14790 85168 128892641 7.56 1.28 -8.36 49036 36132 1.36 6.86
20190327 15080 16500 14900 16140 141117 224304083 10.57 2.98 6.61 70270 70847 0.99 11.37
20190326 14790 15230 14460 15140 40615 59963040 5.16 0.86 1.54 21557 19059 1.13 3.27
20190325 14660 15390 14660 14910 54448 81894702 4.89 1.32 -0.13 29474 24974 1.18 4.39
20190322 14330 15150 14090 14930 62891 91909032 7.41 1.97 4.33 26595 36296 0.73 5.07
20190321 14470 14470 14270 14310 33891 48647242 1.38 1.18 -1.24 20986 12905 1.63 2.73
20190320 14100 14780 13980 14490 45285 65022802 5.64 1.79 2.11 19439 25846 0.75 3.65
20190319 14110 14450 13950 14190 38617 54891678 3.55 1.52 0.64 16624 21993 0.76 3.11
20190318 13790 14120 13700 14100 25875 36156702 3.03 0.88 1.66 11621 14255 0.82 2.09
20190315 13770 13900 13510 13870 15607 21535131 2.84 0.50 1.17 7863 7743 1.02 1.26
20190314 13930 14170 13600 13710 17759 24572701 4.09 0.51 -1.72 10587 7171 1.48 1.43
20190313 14080 14290 13820 13950 28808 40631616 3.32 0.85 -1.48 15570 13239 1.18 2.32
20190312 14000 14290 13920 14160 38925 54901763 2.62 1.34 0.43 20535 18391 1.12 3.14
20190311 13300 14310 13270 14100 46025 63968484 7.84 1.91 6.25 24692 21332 1.16 3.71
20190308 13800 13820 13000 13270 25403 34435849 5.86 1.19 -5.15 14067 11336 1.24 2.05
20190307 13900 14060 13700 13990 35042 48521088 2.58 2.10 0.43 22454 12588 1.78 2.82
20190306 13770 13940 13600 13930 24707 33980585 2.48 1.57 1.46 11983 12725 0.94 1.99
20190305 13600 13750 13520 13730 14340 19518680 1.69 0.85 0.81 6811 7529 0.90 1.16
20190304 13510 13850 13510 13620 20700 28313348 2.52 1.10 0.89 9850 10850 0.91 1.67
20190301 13440 13560 13330 13500 11860 15977560 1.72 0.62 1.05 5405 6455 0.84 0.96
20190228 13500 13500 13310 13360 11968 16035076 1.40 0.59 -1.40 7339 4629 1.59 0.96
20190227 13320 13680 13310 13550 19797 26749706 2.75 1.06 0.82 10683 9114 1.17 1.60
20190226 13530 13880 13370 13440 20259 27405459 3.74 1.22 -1.39 11639 8620 1.35 1.63
20190225 13220 13780 13160 13630 30309 40738832 4.69 2.32 3.18 13022 17287 0.75 2.44
20190222 12930 13250 12930 13210 13738 17969789 2.46 1.14 1.46 6070 7668 0.79 1.11
20190221 12980 13180 12900 13020 17508 22937020 2.15 1.75 0.15 9680 7829 1.24 1.41
20190220 12910 13240 12900 13000 11826 15408211 2.63 1.29 0.70 6104 5722 1.07 0.95
20190219 12970 13070 12860 12910 9397 12179565 1.62 1.12 -0.62 5194 4203 1.24 0.76
20190218 12820 13050 12800 12990 12942 16766537 1.97 1.90 2.28 5721 7221 0.79 1.04
20190215 12880 12900 12690 12700 8503 10884894 1.63 1.41 -1.40 5201 3302 1.58 0.69
20190214 12810 12950 12800 12880 7391 9506734 1.16 1.22 -0.08 3128 4263 0.73 0.60
20190213 12750 12910 12750 12890 7457 9590612 1.25 1.41 1.10 3114 4344 0.72 0.60
20190212 12670 12820 12580 12750 5788 7378741 1.89 1.04 0.63 2563 3225 0.79 0.47
20190211 12410 12700 12410 12670 4918 6195649 2.34 0.80 2.26 2357 2561 0.92 0.40
20190201 12300 12540 12260 12390 4515 5597282 2.30 0.63 1.56 1877 2638 0.71 0.36
20190131 12430 12500 12100 12200 7620 9364062 3.21 0.97 -2.01 4352 3267 1.33 0.61
20190130 12480 12560 12300 12450 3648 4538329 2.09 0.46 -0.16 1695 1952 0.87 0.29
20190129 12560 12700 12160 12470 7209 8975633 4.30 0.92 -0.72 4137 3072 1.35 0.58
20190128 12800 12920 12430 12560 7711 9790429 3.83 1.03 -1.80 4293 3418 1.26 0.62
20190125 12800 12930 12750 12790 9896 12731015 1.40 1.38 -0.39 5535 4360 1.27 0.80
20190124 12630 12950 12630 12840 10856 13916225 2.53 1.50 1.66 4796 6060 0.79 0.88
20190123 12570 12670 12480 12630 3800 4796989 1.52 0.35 0.80 1322 2478 0.53 0.31
20190122 12600 12710 12480 12530 6881 8656285 1.82 0.63 -1.10 4485 2396 1.87 0.55
20190121 12650 12830 12650 12670 6092 7765421 1.42 0.57 -0.24 2975 3118 0.95 0.49
20190118 12650 12740 12580 12700 8170 10331115 1.27 0.80 0.47 3878 4292 0.90 0.66
20190117 12720 12840 12530 12640 11300 14309559 2.43 1.19 -1.02 6223 5076 1.23 0.91
20190116 12670 13510 12640 12770 21183 27603395 6.88 2.10 0.95 11527 9656 1.19 1.71
20190115 12560 12690 12550 12560 5705 7186330 1.11 0.54 -0.08 2996 2708 1.11 0.46
20190114 12560 12690 12550 12560 5705 7187000
20190111 12550 12680 12520 12570 5367 6756000
20190110 12520 12680 12510 12560 7672 9667000
20190109 12330 12720 12270 12620 24166 30361141 3.66 3.55 2.60 7464 16702 0.45 1.95
20190108 12380 12380 12200 12300 5230 6433814 1.45 0.82 -0.81 3658 1572 2.33 0.42
20190107 12430 12440 12280 12400 10019 12397615 1.29 1.82 0.16 4912 5107 0.96 0.81
20190104 12090 12430 12000 12380 11461 14097483 3.54 2.74 2.06 4694 6768 0.69 0.92
20190103 12090 12240 12080 12130 4397 5343115 1.32 1.00 0.33 2525 1872 1.35 0.35
20190102 12070 12170 12010 12090 2904 3512549 1.32 0.59 -0.41 1752 1152 1.52 0.23
20181228 11920 12140 11910 12140 3265 3923303 1.92 0.61 1.17 1551 1714 0.90 0.26
20181227 12350 12360 11970 12000 5453 6650274 3.18 1.04 -2.04 3668 1784 2.06 0.44
20181226 12250 12270 12080 12250 4902 5971231 1.55 0.97 0.16 2265 2637 0.86 0.40
20181225 12250 12250 11900 12230 5518 6664010 2.84 1.14 -0.73 3220 2298 1.40 0.44
20181224 12250 12360 12170 12320 5323 6540413 1.55 0.98 0.57 2422 2901 0.84 0.43
20181221 12170 12260 12060 12250 5518 6717871 1.63 0.99 -0.41 2731 2787 0.98 0.44
20181220 11990 12300 11810 12300 4930 5946297 4.12 0.79 3.54 2427 2503 0.97 0.40
20181219 11980 12140 11870 11880 3912 4685680 2.23 0.59 -1.82 2618 1293 2.02 0.32
20181218 11950 12120 11860 12100 4507 5408000
20181217 11920 12140 11720 12130 8254 9863890 3.48 1.17 0.50 4420 3835 1.15 0.67
20181214 12340 12400 12030 12070 6189 7557562 2.99 0.90 -2.43 3880 2309 1.68 0.50
20181213 12230 12410 12170 12370 8247 10159373 1.96 1.11 1.14 3829 4418 0.87 0.66
20181212 12190 12390 12150 12230 5810 7111540 1.97 0.71 0.41 3180 2630 1.21 0.47
20181211 12210 12260 12130 12180 5968 7267691 1.08 0.58 1.33 2957 3011 0.98 0.48
20181210 12140 12250 11910 12020 9124 11000233 2.78 0.80 -1.80 6823 2302 2.96 0.76
20181207 12280 12300 12160 12240 5388 6579020 1.15 0.41 0.49 2994 2393 1.25 0.45
20181206 12440 12450 12150 12180 10808 13246326 2.42 0.69 -1.93 5706 5103 1.12 0.90
20181205 12450 12570 12290 12420 9528 11837501 2.23 0.42 -1.27 5217 4311 1.21 0.79
20181204 12520 12620 12440 12580 16366 20536424 1.45 0.80 1.21 7805 8561 0.91 1.36
20181203 12400 12550 12310 12430 15170 18861075 1.98 0.82 2.39 8531 6638 1.29 1.26
20181130 12260 12350 12010 12140 13737 16724230 2.76 0.77 -1.62 7371 6366 1.16 1.14
20181129 12650 12790 12330 12340 23687 29869707 3.57 1.61 -4.34 14577 9109 1.60 1.96
20181128 12600 13010 12600 12900 43554 55962072 3.36 5.39 5.56 19936 23618 0.84 3.61
20181127 12250 12290 12130 12220 5932 7237050 1.32 0.61 0.83 3013 2919 1.03 0.49
20181126 12220 12330 12080 12120 5086 6193478 2.05 0.44 -0.74 2925 2161 1.35 0.42
20181123 12710 12850 12120 12210 10418 12899989 5.71 0.60 -4.46 6424 3994 1.61 0.86
20181122 12830 12900 12690 12780 8381 10716173 1.64 0.43 -0.16 4762 3619 1.32 0.69
20181121 12480 12810 12430 12800 10571 13400587 3.02 0.50 1.59 5278 5293 1.00 0.88
20181120 12900 12980 12580 12600 13941 17786000
20181119 13110 13110 12890 13000 15049 19530000
20181116 12700 13240 12680 13130 38397 49865000
20181115 12460 12730 12430 12690 19980 25197796 2.41 1.54 1.76 8712 11268 0.77 1.65
20181114 12570 12690 12410 12470 17727 22245046 2.21 1.62 -1.73 10003 7724 1.30 1.47
20181113 12260 12690 12230 12690 20715 25845272 3.72 2.56 2.50 8807 11908 0.74 1.72
20181112 12090 12380 12030 12380 11354 13959197 2.87 1.46 1.64 3769 7584 0.50 0.94
20181109 12270 12300 12100 12180 7674 9362747 1.64 0.85 0.08 4226 3448 1.23 0.64
20181108 12250 12370 12170 12170 7477 9173781 1.64 0.77 -0.33 4272 3205 1.33 0.62
20181107 12300 12370 12200 12210 7453 9150554 1.39 0.65 -0.33 4319 3134 1.38 0.62
20181106 12250 12330 12100 12250 6525 7960139 1.86 0.58 -0.97 3778 2747 1.38 0.54
20181105 12360 12590 12250 12370 9657 11955460 2.73 0.96 -0.56 5289 4368 1.21 0.80
20181102 12350 12490 12290 12440 13783 17087893 1.63 1.60 1.30 7136 6647 1.07 1.14
20181101 12300 12500 12140 12280 10958 13444364 2.92 1.35 -0.49 6354 4604 1.38 0.91
20181031 12070 12800 11990 12340 16495 20545312 6.70 2.72 2.07 5984 10511 0.57 1.37
20181030 11880 12090 11730 12090 5734 6875977 3.03 0.82 1.68 2860 2873 1.00 0.47
20181029 12110 12110 11880 11890 3368 4034137 1.89 0.34 -2.14 2256 1113 2.03 0.28
20181026 12120 12170 12000 12150 6399 7725408 1.40 0.61 0.25 3415 2984 1.14 0.53
20181025 12000 12120 11670 12120 8530 10112678 3.66 0.81 -1.38 4833 3697 1.31 0.71
20181024 12330 12450 12210 12290 6325 7788758 1.94 0.56 -0.89 3835 2491 1.54 0.52
20181023 12450 12660 12210 12400 10189 12619568 3.58 0.87 -1.27 5869 4320 1.36 0.84
20181022 12200 12720 12060 12560 18154 22698361 5.43 1.76 3.37 7531 10624 0.71 1.50
20181019 11640 12200 11210 12150 9673 11563364 8.45 0.82 3.76 3378 6295 0.54 0.80
20181018 12050 12190 11020 11710 8192 9675647 9.57 0.58 -4.25 5643 2548 2.21 0.68
20181017 12120 12300 11810 12230 10767 13039343 4.03 0.80 0.66 5133 5633 0.91 0.89
20181016 12070 12440 12020 12150 11930 14518588 3.46 0.88 0.08 5807 6123 0.95 0.99
20181015 12150 12500 11920 12140 10900 13380905 4.77 0.84 -0.08 7171 3728 1.92 0.90
20181012 11590 12160 11130 12150 17207 20234934 8.83 1.55 4.11 8433 8774 0.96 1.43
20181011 11890 11950 11120 11670 20404 23633164 6.84 2.08 -3.79 10472 9932 1.05 1.69
20181010 12170 12170 12010 12130 6574 7940412 1.31 0.55 -0.57 3633 2941 1.23 0.54
20181009 11790 12300 11790 12200 12584 15163197 4.33 1.12 3.48 5280 7304 0.72 1.04
20181008 12080 12140 11740 11790 8139 9704319 3.27 0.64 -3.52 5586 2554 2.19 0.67
20180928 12060 12300 12060 12220 7805 9540961 2.00 0.57 1.66 3146 4659 0.68 0.65
20180927 12490 12490 12020 12020 14027 17193628 3.76 1.04 -3.76 9367 4659 2.01 1.16
20180926 12270 12740 12220 12490 17049 21272239 4.22 1.20 1.46 6913 10135 0.68 1.41
20180925 12230 12340 12030 12310 9355 11435222 2.50 0.63 -0.81 5128 4227 1.21 0.77
20180921 12560 12980 12400 12410 15586 19594745 4.73 1.13 1.22 8998 6588 1.37 1.29
20180920 12300 12590 12200 12260 12469 15418508 3.17 0.96 -0.33 5143 7326 0.70 1.03
20180919 12090 12330 12090 12300 13278 16241613 1.96 1.07 0.57 6549 6729 0.97 1.10
20180918 11840 12550 11710 12230 20314 24725736 7.06 1.40 2.77 7865 12448 0.63 1.68
20180917 11800 11960 11610 11900 12104 14214103 2.93 0.87 -0.50 5759 6345 0.91 1.00
20180914 11920 12060 11910 11960 11031 13239530 1.25 0.80 -0.25 5971 5060 1.18 0.91
20180913 12010 12160 11900 11990 8522 10212063 2.17 0.61 0.08 5027 3495 1.44 0.71
20180912 12060 12090 11680 11980 9840 11804655 3.43 0.65 0.08 4920 4920 1.00 0.81
20180911 12730 12760 11870 11970 31117 37857902 6.85 2.45 -7.85 17989 13128 1.37 2.58
20180910 13190 13250 12980 12990 8891 11627019 2.04 0.65 -1.67 5766 3125 1.85 0.74
20180907 13180 13430 13100 13210 10634 14117351 2.50 0.73 0.23 5369 5265 1.02 0.88
20180906 13280 13410 13160 13180 9586 12717604 1.87 0.60 -1.27 6302 3284 1.92 0.79
20180905 13470 13680 13300 13350 14978 20186883 2.78 0.85 -2.20 7959 7020 1.13 1.24
20180904 13320 13820 13150 13650 19345 26043210 5.03 1.03 2.48 8285 11059 0.75 1.60
20180903 13730 13730 13180 13320 13897 18556260 4.08 0.71 -1.11 8872 5025 1.77 1.15
20180831 13740 13970 13410 13470 15319 20920442 4.08 0.85 -1.97 8377 6941 1.21 1.27
20180830 14000 14080 13630 13740 16044 22219702 3.25 0.91 -0.65 11412 4632 2.46 1.33
20180829 14060 14220 13760 13830 23424 32716399 3.29 1.54 -1.07 13005 10419 1.25 1.94
20180828 13550 14080 13500 13980 25052 34433693 4.26 2.00 2.79 10346 14705 0.70 2.07
20180827 13570 13680 13370 13600 17509 23797287 2.29 1.60 0.59 7891 9618 0.82 1.45
20180824 13480 13640 13400 13520 8464 11428315 1.78 0.71 0.22 3864 4600 0.84 0.70
20180823 13390 13550 13250 13490 13797 18572699 2.25 1.18 1.05 6615 7182 0.92 1.14
20180822 13200 13370 13100 13350 11431 15141319 2.01 0.93 -0.37 6273 5158 1.22 0.95
20180821 13270 13590 13170 13400 11274 15090543 3.17 0.84 1.13 5341 5933 0.90 0.93
20180820 12990 13290 12950 13250 9668 12683925 2.60 0.69 1.45 5413 4255 1.27 0.80
20180817 13600 13680 13050 13060 13165 17517753 4.68 0.91 -2.90 9323 3843 2.43 1.09
20180816 13500 13660 13390 13450 12808 17300226 1.98 0.86 -1.32 7342 5466 1.34 1.06
20180815 13930 14170 13620 13630 14794 20530797 3.93 1.00 -2.64 9381 5413 1.73 1.23
20180814 13740 14070 13740 14000 16425 22915260 2.38 1.14 1.01 8346 8080 1.03 1.36
20180813 13700 13870 13530 13860 12639 17314374 2.45 0.80 -0.22 6592 6047 1.09 1.05
20180810 13790 13950 13630 13890 15809 21881696 2.32 0.89 0.65 6596 9213 0.72 1.31
20180809 13400 13880 13360 13800 14527 19951710 3.86 0.70 2.53 6457 8070 0.80 1.20
20180808 13730 13900 13450 13460 14877 20346041 3.28 0.64 -1.97 9817 5060 1.94 1.23
20180807 13380 13750 13350 13730 14166 19291035 2.98 0.58 2.31 6581 7585 0.87 1.17
20180806 13790 13920 13420 13420 19973 27219336 3.58 0.79 -3.80 13759 6214 2.21 1.66
20180803 13620 14580 13520 13950 24808 34571928 7.78 0.82 2.42 11366 13443 0.85 2.06
20180802 14510 14580 13270 13620 30377 42041191 9.02 0.93 -6.20 18349 12028 1.53 2.52
20180801 15090 15200 14460 14520 27628 40966098 4.91 0.64 -3.71 18183 9445 1.93 2.29
20180731 14950 15130 14840 15080 18967 28440358 1.94 0.36 0.80 10267 8700 1.18 1.57
20180730 15070 15250 14820 14960 25237 37746752 2.81 0.49 -2.22 16134 9102 1.77 2.09
20180727 15000 15540 14760 15300 48225 73296626 5.15 1.03 1.06 24267 23959 1.01 4.00
20180726 15060 15480 15020 15140 43598 66287517 3.04 1.01 -0.07 25685 17913 1.43 3.61
20180725 15900 15900 15080 15150 79299 122439700 5.24 2.16 -3.19 47375 31924 1.48 6.57
20180724 14100 15650 14080 15650 66970 101921391 11.03 2.46 9.98 48538 18431 2.63 5.55
20180723 14110 14350 14100 14230 21376 30384556 1.75 0.75 -0.56 12364 9012 1.37 1.77
20180720 14150 14420 14030 14310 21968 31315106 2.75 0.65 0.92 10033 11935 0.84 1.82
20180719 14370 14500 14110 14180 26268 37409780 2.68 0.72 -2.41 16920 9349 1.81 2.18
20180718 14340 14870 14210 14530 47147 68974861 4.60 1.50 1.25 23296 23851 0.98 3.91
20180717 14250 14360 14050 14350 19619 27849781 2.16 0.61 -0.07 11343 8276 1.37 1.63
20180716 14330 14530 14170 14360 27587 39514970 2.47 0.88 -1.58 17382 10204 1.70 2.29
20180713 14000 14950 14000 14590 48338 69724875 6.73 1.81 3.33 23376 24962 0.94 4.01
20180712 13600 14360 13520 14120 39254 55093974 6.16 1.60 3.52 16548 22706 0.73 3.25
20180711 13700 13790 13350 13640 22180 30100704 3.15 0.88 -2.36 13080 9101 1.44 1.84
20180710 13800 14130 13690 13970 24730 34388344 3.19 0.97 1.23 11734 12996 0.90 2.05
20180709 13500 13850 13400 13800 22115 30198104 3.38 0.81 3.60 8213 13902 0.59 1.83
20180706 13130 13500 13010 13320 25491 33883907 3.71 0.89 0.99 13338 12153 1.10 2.11
20180705 14020 14150 13010 13190 27854 38140102 8.13 0.99 -5.92 16477 11377 1.45 2.31
20180704 14340 14390 13910 14020 25427 35867771 3.32 0.92 -2.98 16466 8961 1.84 2.11
20180703 14300 14500 14030 14450 26933 38500355 3.32 0.97 2.05 13770 13164 1.05 2.23
20180702 14600 14600 13890 14160 30179 43304235 4.85 1.09 -3.21 18983 11196 1.70 2.50
20180629 14000 14740 13850 14630 33374 47834839 6.37 1.25 4.65 13262 20111 0.66 2.77
20180628 14220 14440 13790 13980 24166 34360386 4.58 0.81 -1.55 13387 10779 1.24 2.00
20180627 14220 14620 14000 14200 23485 33692429 4.29 0.73 -1.73 15279 8207 1.86 1.95
20180626 13850 14520 13700 14450 26981 38531911 5.78 0.75 1.83 12958 14023 0.92 2.24
20180625 14320 14780 14180 14190 30184 43532663 4.23 0.76 0.00 16997 13187 1.29 2.50
20180622 13690 14310 13320 14190 28484 40019011 7.06 0.67 1.21 14176 14308 0.99 2.36
20180621 14460 14960 14000 14020 39623 57280792 6.63 0.90 -3.11 23014 16609 1.39 3.28
20180620 14200 14660 13720 14470 36197 52057725 6.64 0.71 2.26 18514 17683 1.05 3.00
20180619 15400 15400 14140 14150 45514 66515881 8.02 0.92 -9.93 24389 21125 1.15 3.77
20180615 16550 16800 15670 15710 48226 77408779 6.80 1.00 -5.42 30371 17855 1.70 4.00
20180614 16880 17140 16280 16610 41483 69574889 5.17 0.77 -0.06 22686 18797 1.21 3.44
20180613 17320 17500 16610 16620 49302 84386371 5.06 0.85 -5.51 30132 19169 1.57 4.09
20180612 16560 17860 16200 17590 70810 121986585 9.93 1.11 5.27 31038 39772 0.78 5.87
20180611 16920 17380 16610 16710 37452 63494660 4.56 0.53 -1.01 21722 15731 1.38 3.10
20180608 17370 17430 16710 16880 43232 73428385 4.19 0.47 -1.86 23053 20179 1.14 3.58
20180607 18100 18180 17170 17200 67383 118905842 5.56 0.71 -5.23 41941 25442 1.65 5.59
20180606 18000 18390 17920 18150 70457 127693267 2.57 0.75 -0.93 40363 30094 1.34 5.84
20180605 17600 18550 17470 18320 100901 182818278 6.16 1.18 4.51 45452 55449 0.82 8.36
20180604 17830 18230 17260 17530 71127 126384894 5.34 0.80 -3.42 39862 31265 1.27 5.90
20180601 17850 18450 17110 18150 147976 264658886 7.66 1.95 3.77 75923 72053 1.05 12.27
20180531 16240 17490 16140 17490 84645 143536484 8.49 1.04 10.00 40827 43818 0.93 7.02
20180530 16250 16630 15510 15900 63156 102495800 6.66 0.65 -5.47 34674 28481 1.22 5.23
20180529 17300 17470 16750 16820 59162 101674002 4.17 0.47 -2.49 32620 26543 1.23 4.90
20180528 17650 17710 16560 17250 87088 149709303 6.40 0.55 -3.95 48983 38104 1.29 7.22
20180525 18420 18890 17950 17960 85031 157306398 5.00 0.43 -4.42 48176 36856 1.31 7.05
20180524 17900 18900 17890 18790 113534 208865574 5.51 0.51 2.51 55664 57871 0.96 9.41
20180523 18310 19440 18220 18330 144681 270943408 6.44 0.70 -3.17 78208 66474 1.18 11.99
20180522 18850 19680 18150 18930 199121 376037312 7.75 1.13 -4.15 107414 91706 1.17 16.50
20180521 18900 20880 18890 19750 253230 497373008 10.36 1.82 2.86 124727 128502 0.97 20.99
20180518 19080 20340 17300 19200 277997 523511792 16.13 2.52 1.86 141239 136758 1.03 23.04
20180517 17700 18850 17700 18850 244434 455509472 6.71 3.40 9.98 168548 75886 2.22 20.26
20180516 15500 17140 15260 17140 65777 108678897 12.07 1.04 10.01 34254 31522 1.09 5.45
20180515 15230 15690 15120 15580 38498 59418095 3.75 0.64 2.43 18161 20337 0.89 3.19
20180514 15700 15720 15000 15210 67856 104577382 4.33 1.37 -8.59 42168 25688 1.64 5.62
20180511 17900 17950 16600 16640 135512 233709579 8.21 5.31 1.16 72062 63450 1.14 11.23
20180510 15190 16450 14920 16450 52314 84677431 10.23 3.05 10.03 41177 11137 3.70 4.34
20180509 15070 15300 14720 14950 23576 35490682 3.86 1.69 -0.40 12894 10682 1.21 1.95
20180508 14550 15320 14480 15010 23491 35149789 5.75 2.08 2.67 10490 13001 0.81 1.95
20180507 14420 14660 14320 14620 13614 19777060 2.36 1.30 1.39 6538 7076 0.92 1.13
20180504 14190 14950 13920 14420 14567 20996750 7.25 1.52 1.48 7887 6680 1.18 1.21
20180503 13810 14250 13560 14210 10642 14818163 4.94 1.14 1.79 4798 5844 0.82 0.88
20180502 14100 14140 13740 13960 7594 10601229 2.85 0.84 -0.64 4696 2898 1.62 0.63
20180427 14300 14360 13800 14050 10144 14212941 3.91 1.05 -1.82 6136 4007 1.53 0.84
20180426 23940 24000 23000 23200 9571 22329049 4.18 0.97 -3.09 5661 3909 1.45 1.27
20180425 23590 24180 23520 23940 9853 23581501 2.77 1.04 0.59 4222 5631 0.75 1.31
20180424 22660 23850 22630 23800 9345 21904298 5.36 1.00 4.52 4068 5278 0.77 1.24
20180423 22800 23080 22600 22770 6278 14327714 2.12 0.64 0.66 3267 3012 1.08 0.83
20180420 23940 23940 22510 22620 13095 30245925 5.97 1.46 -5.51 9254 3841 2.41 1.70
20180419 24350 24350 23810 23940 10594 25370886 2.23 1.04 -1.03 7152 3442 2.08 1.37
20180418 24300 24300 23080 24190 8200 19517185 5.04 0.64 -0.12 4310 3890 1.11 1.06
20180417 24460 24620 24070 24220 8472 20626999 2.24 0.65 -1.14 4090 4382 0.93 1.10
20180416 24830 24830 24050 24500 8637 21046354 3.16 0.63 -0.81 4817 3820 1.26 1.12
20180413 24990 24990 24350 24700 8957 22083740 2.58 0.64 -0.36 4571 4386 1.04 1.16
20180412 24940 24940 24450 24790 16572 40922328 1.96 1.38 -0.84 9488 7084 1.34 2.15
20180411 24260 25060 24260 25000 21297 52677697 3.29 2.25 2.97 9442 11856 0.80 2.76
20180410 24430 24570 23860 24280 9928 23966174 2.91 1.09 -0.37 5481 4446 1.23 1.29
20180409 23810 24370 23520 24370 12255 29536424 3.57 1.50 2.35 5458 6797 0.80 1.59
20180404 23500 24160 23500 23810 10054 24019910 2.83 1.32 1.93 4967 5087 0.98 1.30
20180403 23510 23510 23030 23360 6684 15576287 2.03 0.80 -1.43 3718 2966 1.25 0.87
20180402 23720 24330 23700 23700 8469 20302136 2.65 1.04 -0.34 5225 3244 1.61 1.10
20180330 23200 24000 23200 23780 8257 19595204 3.43 0.90 1.93 3595 4662 0.77 1.07
20180329 22930 23400 22930 23330 7317 17017434 2.06 0.80 2.19 3160 4157 0.76 0.95
20180328 22800 23300 22600 22830 7293 16777459 3.04 0.76 -0.91 3635 3658 0.99 0.94
20180327 22820 23300 22810 23040 10615 24447494 2.17 1.05 2.08 4977 5638 0.88 1.37
20180326 22210 22700 21500 22570 7046 15570878 5.39 0.59 1.30 2765 4281 0.65 0.91
20180323 23690 24030 22080 22280 13353 30916870 8.05 1.15 -7.97 7851 5502 1.43 1.73
20180322 24160 24420 23890 24210 7177 17352475 2.20 0.62 0.46 4497 2680 1.68 0.93
20180321 24390 24750 23980 24100 9734 23855931 3.13 0.88 -1.95 5071 4663 1.09 1.26
20180320 24860 24980 24200 24580 13362 32782754 3.09 1.32 -2.77 7886 5477 1.44 1.73
20180319 24560 25300 24360 25280 15740 39235068 3.82 1.59 2.76 6121 9619 0.64 2.71
20180316 23790 24790 23790 24600 12079 29608114 4.20 1.20 3.40 4986 7093 0.70 2.08
20180315 23880 24110 23410 23790 6614 15726540 2.90 0.56 -1.33 4353 2261 1.92 1.14
20180314 24260 24590 24030 24110 7247 17626200 2.29 0.50 -1.31 5082 2166 2.35 1.25
20180313 24650 24780 24150 24430 8960 21990385 2.54 0.58 -1.53 5762 3198 1.80 1.54
20180312 24910 25470 24780 24810 14493 36201129 2.78 0.91 0.08 8686 5807 1.50 2.49
20180309 24790 24850 24500 24790 12972 32042637 1.41 0.64 0.04 7247 5725 1.27 2.23
20180308 24390 24940 24310 24780 15250 37508510 2.56 0.83 0.61 9141 6110 1.50 2.62
20180307 23730 24780 23620 24630 21351 51898938 4.87 1.46 3.40 10170 11182 0.91 3.67
20180306 23740 23910 23410 23820 12933 30648980 2.12 1.00 0.89 6509 6424 1.01 2.23
20180305 24010 24260 23360 23610 16814 39737926 3.70 1.60 -2.88 9669 7145 1.35 2.89
20180302 25190 25360 24200 24310 34990 87026292 4.80 8.60 0.62 17212 17779 0.97 6.02
20180301 24160 24160 24160 24160 5678 13716864 0.00 1.63 10.02 5678 - - 0.98
20180228 22080 22080 21640 21960 2596 5689205 1.99 0.75 -0.50 1396 1200 1.16 0.45
20180227 22010 22130 21860 22070 4296 9452139 1.23 1.35 0.41 2439 1857 1.31 0.74
20180226 21550 22080 21550 21980 5108 11153495 2.48 1.82 2.66 2466 2643 0.93 0.88
20180223 21450 21500 21320 21410 2669 5712492 0.84 0.83 0.00 1350 1319 1.02 0.46
20180222 21370 21480 21230 21410 2763 5905624 1.18 0.84 1.33 1686 1077 1.57 0.48
20180214 21200 21250 21020 21130 2382 5032448 1.08 0.67 -0.33 1249 1133 1.10 0.41
20180213 21340 21490 21200 21200 2935 6258638 1.36 0.66 -0.38 1878 1057 1.78 0.51
20180212 20720 21300 20720 21280 3284 6942324 2.81 0.75 2.95 1190 2094 0.57 0.57
20180209 21160 21160 20450 20670 4621 9636435 3.31 1.07 -3.68 2640 1981 1.33 0.80
20180208 21300 21680 21210 21460 3183 6832763 2.22 0.56 1.23 1560 1624 0.96 0.55
20180207 21600 22000 20760 21200 3680 7839053 5.88 0.52 0.52 2254 1426 1.58 0.63
20180206 22740 22740 21010 21090 7348 16232185 7.52 1.16 -8.34 5625 1723 3.26 1.26
20180205 22590 23190 22500 23010 2954 6738593 2.99 0.44 -0.13 1352 1602 0.84 0.51
20180202 22990 23100 22290 23040 4491 10261526 3.52 0.65 0.26 2637 1854 1.42 0.77
20180201 24500 24500 22950 22980 9823 23294705 6.28 1.52 -6.96 7256 2567 2.83 1.69
20180131 24560 26060 24310 24700 10831 27027343 7.13 1.90 0.61 4919 5912 0.83 1.86
20180130 24550 24610 24380 24550 3522 8638437 0.94 0.51 -0.12 2032 1490 1.36 0.61
20180129 24880 25090 24530 24580 5098 12616325 2.24 0.53 -1.56 2984 2115 1.41 0.88
20180126 25250 25400 24890 24970 5481 13783270 2.02 0.56 -1.34 3287 2193 1.50 0.94
20180125 25600 25940 25280 25310 7336 18799674 2.58 0.82 -1.13 4487 2849 1.58 1.26
20180124 25400 25670 25200 25600 7073 18040494 1.85 0.81 0.79 3256 3817 0.85 1.22
20180123 25320 25770 25320 25400 9486 24197046 1.74 1.24 -1.78 5874 3612 1.63 1.63
20180122 24760 25980 24500 25860 18354 46847425 5.95 3.53 3.94 8723 9631 0.91 3.16
20180119 24700 25140 24550 24880 6816 16926838 2.40 1.47 1.22 3537 3279 1.08 1.17
20180118 24770 24770 24430 24580 3254 8015458 1.38 0.67 -0.32 1826 1428 1.28 0.56
20180117 24580 24780 24100 24660 5987 14616072 2.76 1.19 0.24 3217 2770 1.16 1.03
20180116 24440 24750 24240 24600 3915 9615594 2.09 0.72 0.78 1685 2230 0.76 0.67
20180115 25300 25300 24000 24410 6044 14925988 5.10 1.19 -4.27 3775 2269 1.66 1.04
20180112 25410 25680 25230 25500 3954 10067369 1.77 0.79 0.12 2238 1716 1.30 0.68
20180111 25220 25540 25000 25470 4337 10975909 2.15 0.85 1.27 1669 2668 0.63 0.75
20180110 25810 25810 24940 25150 6971 17691673 3.36 1.41 -2.78 4197 2774 1.51 1.20
20180109 25690 25940 25550 25870 5938 15302745 1.52 1.25 0.70 2358 3580 0.66 1.02
20180108 25550 25740 25500 25690 4137 10604622 0.94 0.81 0.20 2591 1546 1.68 0.71
20180105 25660 25780 25600 25640 3540 9085788 0.70 1.10 -0.23 1969 1571 1.25 0.61
20180104 25740 25870 25520 25700 5007 12863792 1.36 0.59 -0.23 2765 2241 1.23 0.86
20180103 25950 25950 25560 25760 6060 15592872 1.51 0.62 -0.04 3586 2474 1.45 1.04
20180102 25920 25920 25560 25770 5038 12978851 1.39 0.50 -0.43 2889 2149 1.34 0.87
20171229 25730 25930 25520 25880 6000 15423416 1.58 0.54 0.00 3407 2593 1.31 1.03
20171228 25350 27000 25350 25880 13846 36148616 6.47 1.36 1.41 6960 6885 1.01 2.38
20171227 25480 26000 25350 25520 11499 29537995 2.55 1.32 0.20 6139 5360 1.15 1.98
20171226 24780 25600 24610 25470 12408 31367720 4.00 1.84 2.78 5721 6687 0.86 2.14
20171225 25020 25280 24720 24780 6800 16946610 2.22 1.13 -1.90 4110 2690 1.53 1.17
20171222 24500 25740 24350 25260 11374 28485904 5.63 2.46 2.35 4967 6407 0.78 1.96
20171221 24400 24840 23780 24680 8986 21881783 4.34 2.06 1.15 3467 5519 0.63 1.55
20171220 24890 25050 24320 24400 3975 9779710 2.93 0.81 -2.20 2571 1404 1.83 0.68
20171219 24890 25070 24810 24950 2594 6470649 1.05 0.38 0.44 1334 1260 1.06 0.45
20171218 25200 25210 24700 24840 3129 7763949 2.04 0.45 -0.68 2046 1084 1.89 0.54
20171215 25250 25250 24930 25010 4416 11075161 1.26 0.59 -1.22 2861 1555 1.84 0.76
20171214 24880 25490 24840 25320 7667 19398808 2.60 1.14 1.12 3366 4301 0.78 1.32
20171213 24500 25150 24500 25040 6606 16432803 2.58 1.00 -0.56 3519 3087 1.14 1.14
20171212 25500 26460 25150 25180 12054 31030800 5.28 2.03 1.41 6310 5744 1.10 2.07
20171211 24580 24880 24460 24830 3995 9866824 1.70 0.63 0.73 1955 2040 0.96 0.69
20171208 24220 25170 24220 24650 6789 16788323 3.91 1.19 1.57 3142 3647 0.86 1.17
20171207 24330 24330 24000 24270 4263 10307732 1.36 0.78 -0.29 2601 1661 1.57 0.73
20171206 23980 24390 23850 24340 5846 14073616 2.25 1.15 1.42 2895 2950 0.98 1.01
20171205 25540 25730 23630 24000 8844 21770557 8.22 2.32 -6.03 5225 3619 1.44 1.52
20171204 26380 26380 25460 25540 5856 15143866 3.49 1.77 -3.18 3291 2565 1.28 1.01
20171201 26120 26450 26120 26380 3611 9514929 1.26 1.11 0.69 1636 1975 0.83 0.62
20171130 26400 26550 26200 26200 3294 8680362 1.33 0.87 -0.76 1923 1371 1.40 0.57
20171129 26600 26750 25280 26400 3834 10137467 5.52 0.93 -0.79 2214 1620 1.37 0.66
20171128 26340 26750 26340 26610 2433 6465431 1.56 0.49 1.03 1116 1317 0.85 0.42
20171127 26500 26580 26300 26340 3356 8875670 1.06 0.54 -0.60 1773 1583 1.12 0.58
20171124 26380 26720 26350 26500 3293 8738639 1.40 0.29 0.45 1888 1405 1.34 0.57
20171123 26870 26950 26350 26380 6001 15947661 2.24 0.49 -1.42 3558 2443 1.46 1.03
20171122 26940 27100 26610 26760 5485 14742518 1.83 0.42 -0.22 3235 2250 1.44 0.94
20171121 27030 27380 26660 26820 6442 17405021 2.64 0.45 -1.58 3882 2560 1.52 1.11
20171120 27190 27280 26020 27250 9821 26266992 4.64 0.60 0.29 4990 4832 1.03 3.07
20171117 29480 29480 27130 27170 28352 78667667 7.80 1.95 -9.85 18331 10021 1.83 8.86
20171116 30980 31130 30100 30140 10560 32304918 3.31 0.77 -3.21 6969 3591 1.94 3.30
20171115 30800 31430 30800 31140 10028 31255180 2.03 0.75 0.45 4518 5510 0.82 3.13
20171114 31700 31700 30700 31000 13409 41642753 3.17 1.12 -1.59 7280 6129 1.19 4.19
20171113 31680 32120 31260 31500 19049 60409708 2.68 2.07 -1.87 11885 7164 1.66 5.95
20171110 30600 32240 30320 32100 19669 61144508 6.29 2.98 5.21 8457 11212 0.75 6.15
20171109 30210 30560 30190 30510 6631 20176432 1.22 0.96 0.69 2823 3808 0.74 2.07
20171108 30320 30550 30220 30300 7995 24320842 1.09 1.24 -0.07 4533 3462 1.31 2.50
20171107 30510 30520 30100 30320 6483 19593734 1.38 1.03 -0.33 3747 2737 1.37 2.03
20171106 30360 30500 30020 30420 5252 15902080 1.60 0.70 1.40 2554 2698 0.95 1.64
20171103 30100 30450 29880 30000 6655 20040405 1.89 0.85 -0.66 4250 2405 1.77 2.08
20171102 30950 30950 30200 30200 8194 24898367 2.43 0.93 -2.20 5203 2992 1.74 2.56
20171101 30760 31170 30630 30880 5731 17731108 1.76 0.61 0.39 2837 2895 0.98 1.79
20171031 30410 30910 30410 30760 5762 17677518 1.65 0.58 1.22 2926 2837 1.03 1.80
20171030 31850 31850 30100 30390 10912 33503413 5.50 1.23 -4.43 6909 4003 1.73 3.41
20171027 32310 32310 31770 31800 8715 27822317 1.68 1.01 -1.12 5805 2910 1.99 2.72
20171026 31770 32480 31630 32160 12992 41829397 2.68 1.52 1.29 6804 6188 1.10 4.06
20171025 31220 31770 31220 31750 8667 27396607 1.75 0.80 1.05 3210 5458 0.59 2.71
20171024 31000 31800 30920 31420 8608 26952551 2.81 0.57 0.32 4693 3915 1.20 2.69
20171023 31200 31470 31050 31320 5518 17280471 1.34 0.28 0.26 3066 2452 1.25 1.72
20171020 30880 31270 30590 31240 7256 22512650 2.20 0.27 1.26 3558 3698 0.96 2.27
20171019 31650 31990 30770 30850 12807 40151265 3.86 0.48 -2.40 7662 5146 1.49 4.00
20171018 32620 32900 31600 31610 20033 64721605 3.94 0.80 -4.21 13288 6744 1.97 6.26
20171017 31860 33880 31000 33000 29927 98063467 8.96 1.37 2.64 13609 16318 0.83 9.35
20171016 33980 33980 32120 32150 28874 95485632 5.52 1.48 -4.63 15260 13614 1.12 9.02
20171013 32600 35860 32440 33710 45082 152732011 10.48 3.52 3.28 25930 19151 1.35 14.09
20171012 32250 32900 32010 32640 10828 35074907 2.76 0.82 1.05 4996 5832 0.86 3.38
20171011 32540 32740 32250 32300 9963 32334642 1.51 0.78 -0.77 6111 3852 1.59 3.11
20171010 32060 32980 31900 32550 14332 46405939 3.35 1.16 1.06 6351 7980 0.80 4.48
20171009 31820 32480 31320 32210 17113 54548199 3.69 1.65 2.45 5983 11130 0.54 5.35
20170929 31210 31890 31080 31440 11760 37084915 2.58 1.17 0.29 4931 6829 0.72 3.68
20170928 30800 31480 30610 31350 12953 40226574 2.82 1.30 1.69 5943 7010 0.85 4.05
20170927 30210 30910 30210 30830 7853 24067337 2.31 0.74 1.68 3828 4026 0.95 2.45
20170926 30700 31070 30100 30320 11940 36326784 3.12 1.12 -2.45 7854 4086 1.92 3.73
20170925 31790 31910 31010 31080 7431 23452251 2.83 0.66 -2.23 4713 2718 1.73 2.32
20170922 32000 32150 31630 31790 10198 32471531 1.62 0.83 -0.93 6003 4195 1.43 3.19
20170921 32560 32850 32020 32090 12294 39956315 2.54 0.89 -1.81 7808 4486 1.74 3.84
20170920 32680 32860 32330 32680 11497 37461629 1.63 0.77 0.46 4989 6509 0.77 3.59
20170919 32610 32940 32330 32530 11875 38693264 1.87 0.69 -0.21 5522 6353 0.87 3.71
20170918 32520 32660 32200 32600 10207 33138929 1.41 0.57 0.06 5908 4299 1.37 3.19
20170915 33030 33290 32500 32580 15459 50756739 2.38 0.90 -2.04 9253 6206 1.49 4.83
20170914 32880 33300 32510 33260 20296 67016968 2.40 1.34 1.16 8525 11771 0.72 6.34
20170913 32450 32970 32220 32880 16930 55392871 2.30 1.21 0.70 7647 9283 0.82 5.29
20170912 32710 33230 32230 32650 22750 74375533 3.06 1.98 -0.24 12300 10450 1.18 7.11
20170911 32300 32740 32200 32730 14301 46515781 1.67 1.29 1.36 6600 7701 0.86 4.47
20170908 31940 32360 31710 32290 11344 36327947 2.03 0.90 0.72 5860 5484 1.07 3.55
20170907 32010 32350 31930 32060 10551 33928765 1.31 0.64 0.38 6086 4465 1.36 3.30
20170906 32350 32350 31750 31940 10732 34263948 1.85 0.59 -1.30 6866 3866 1.78 3.35
20170905 32280 32550 32160 32360 10462 33833907 1.21 0.51 0.25 5454 5008 1.09 3.27
20170904 32500 32770 32210 32280 12379 40089245 1.71 0.58 -1.25 7772 4606 1.69 3.87
20170901 33040 33300 32520 32690 18674 61181721 2.35 0.95 -1.57 11523 7151 1.61 5.84
20170831 32160 33970 32000 33210 29908 98681016 6.11 1.91 3.07 14274 15634 0.91 9.35
20170830 31800 32510 31580 32220 18996 60904559 2.91 1.41 0.69 8447 10548 0.80 5.94
20170829 32000 32550 31780 32000 21881 70163179 2.42 1.94 0.60 10689 11192 0.96 6.84
20170828 31340 32170 31210 31810 17598 55918396 3.08 1.53 1.92 7546 10052 0.75 5.50
20170825 30560 31330 30560 31210 10070 31292109 2.50 0.84 1.53 4419 5651 0.78 3.15
20170824 31090 31520 30700 30740 9862 30686061 2.64 0.84 -1.16 5058 4804 1.05 3.08
20170823 30960 31250 30720 31100 7771 24144791 1.70 0.63 -0.16 4456 3315 1.34 2.43
20170822 31190 31500 30950 31150 10995 34256376 1.75 0.96 -0.92 6584 4411 1.49 3.44
20170821 30350 31490 30320 31440 18862 58592694 3.87 2.14 4.04 7466 11397 0.66 5.89
20170818 30650 30650 30190 30220 12564 38074577 1.49 1.62 -1.88 7890 4674 1.69 3.93
20170817 30790 31000 30570 30800 8203 25255077 1.39 1.08 -0.29 4582 3621 1.27 2.56
20170816 30310 30990 30310 30890 11012 33912156 2.22 1.57 0.98 5149 5863 0.88 3.44
20170815 30380 30600 30240 30590 6468 19684492 1.19 0.92 0.86 3038 3430 0.89 2.02
20170814 29710 30430 29710 30330 5786 17492447 2.41 0.88 1.40 2560 3226 0.79 1.81
20170811 30200 30280 29830 29910 7201 21650087 1.48 1.17 -1.38 4398 2803 1.57 2.25
20170810 30800 30950 30200 30330 7340 22384223 2.43 1.09 -1.62 4379 2961 1.48 2.29
20170809 30450 30840 30100 30830 8364 25627562 2.43 1.29 1.25 3378 4986 0.68 2.61
20170808 30350 30600 30050 30450 6514 19756964 1.81 0.96 0.33 3099 3415 0.91 2.04
20170807 30340 30580 30250 30350 3378 10265604 1.09 0.44 0.46 1715 1662 1.03 1.06
20170804 30550 30790 30200 30210 5139 15587239 1.93 0.64 -1.05 3560 1579 2.26 1.61
20170803 30100 31240 30000 30530 10206 31382835 4.11 1.21 1.19 4357 5849 0.74 3.19
20170802 30720 30720 30100 30170 7172 21795761 2.02 0.86 -1.47 4436 2736 1.62 2.24
20170801 30810 30810 30400 30620 8167 24961649 1.33 0.99 -0.62 4603 3564 1.29 2.55
20170731 30760 31220 30670 30810 7767 24040019 1.79 0.86 0.16 4534 3232 1.40 2.43
20170728 31050 31150 30660 30760 6964 21457467 1.58 0.74 -1.00 4328 2636 1.64 2.18
20170727 30350 31250 30090 31070 12120 37381549 3.84 1.34 2.78 4896 7224 0.68 3.79
20170726 30280 30480 30100 30230 6548 19804712 1.25 0.67 -0.56 3753 2795 1.34 2.05
20170725 30370 30500 30030 30400 7883 23883907 1.55 0.77 0.03 4172 3711 1.12 2.46
20170724 29500 30410 29210 30390 11512 34306888 4.04 0.94 2.32 4789 6723 0.71 3.60
20170721 29910 30250 29520 29700 9046 26909663 2.44 0.72 -0.83 5473 3573 1.53 2.83
20170720 30080 30600 29850 29950 10389 31386108 2.49 0.86 -0.63 5904 4485 1.32 3.25
20170719 29710 30170 29510 30140 9878 29456258 2.21 0.74 1.04 4734 5144 0.92 3.09
20170718 28910 30070 28910 29830 10200 30206410 3.93 0.74 1.08 5081 5119 0.99 3.19
20170717 32500 32660 29480 29510 21832 66407417 9.71 1.64 -9.92 11961 9871 1.21 6.82
20170714 33530 33530 32550 32760 10451 34468690 2.94 0.62 -1.62 6037 4415 1.37 3.27
20170713 33800 33880 33200 33300 8364 27980366 2.01 0.43 -1.74 4986 3378 1.48 2.61
20170712 33880 33890 32700 33890 15729 52301785 3.53 0.80 0.62 8864 6866 1.29 4.92
20170711 34650 34700 33660 33680 12671 43311985 3.01 0.60 -2.38 7999 4672 1.71 3.96
20170710 35300 35300 34400 34500 19393 67485295 2.52 0.90 -3.25 12307 7086 1.74 6.06
20170707 34690 35800 34690 35660 28476 101035292 3.20 1.48 2.77 11249 17227 0.65 8.90
20170706 35200 35390 34350 34700 20198 70284579 2.96 1.17 -1.31 11904 8294 1.44 6.31
20170705 34450 35250 34300 35160 18150 63518410 2.74 1.17 1.41 7742 10408 0.74 5.67
20170704 34910 35380 34450 34670 19889 69339971 2.66 1.43 -0.66 11968 7921 1.51 6.22
20170703 33970 34900 33740 34900 21235 73235992 3.41 1.78 2.68 9509 11727 0.81 6.64
20170630 33050 34200 33000 33990 16828 56809656 3.61 1.47 2.38 7637 9191 0.83 5.26
20170629 32760 33360 32760 33200 10177 33794490 1.83 0.81 1.10 5082 5095 1.00 3.18
20170628 33390 33500 32700 32840 9236 30390474 2.40 0.68 -1.65 6253 2983 2.10 2.89
20170627 33320 33860 33150 33390 11884 39795040 2.13 0.82 0.33 6841 5043 1.36 3.71
20170626 33100 33400 32650 33280 11469 37981574 2.27 0.79 0.60 5936 5533 1.07 3.58
20170623 32930 33440 32210 33080 14451 47386438 3.75 0.88 0.88 7176 7275 0.99 4.52
20170622 34020 34130 32660 32790 15529 52176516 4.32 0.79 -3.59 9746 5782 1.69 4.85
20170621 34320 34790 33500 34010 14443 49304017 3.76 0.59 -0.90 7729 6714 1.15 4.51
20170620 35200 35260 34280 34320 16575 57583449 2.80 0.63 -2.00 10414 6161 1.69 5.18
20170619 34750 35280 34490 35020 11331 39582653 2.27 0.42 0.60 5674 5657 1.00 3.54
20170616 35580 35870 34670 34810 23998 84271154 3.37 0.94 -2.16 14386 9612 1.50 7.50
20170615 34620 35950 34520 35580 32506 115185154 4.09 1.40 1.69 15100 17406 0.87 10.16
20170614 34000 35750 33720 34990 37499 129890493 5.97 1.87 2.97 17327 20172 0.86 11.72
20170613 32080 34280 31990 33980 26568 89235880 7.14 1.56 5.89 10657 15911 0.67 8.30
20170612 33350 33420 32000 32090 15240 49683409 4.22 0.91 -4.58 9847 5393 1.83 4.76
20170609 33670 33870 32890 33630 15999 53442547 2.89 0.95 -0.71 8659 7340 1.18 5.00
20170608 33900 34500 33550 33870 21006 71510418 2.80 1.33 -0.32 12063 8943 1.35 6.56
20170607 32960 34200 32800 33980 21333 71922288 4.24 1.36 2.97 8998 12335 0.73 6.67
20170606 32630 33190 32400 33000 11595 38010378 2.41 0.72 0.67 5553 6042 0.92 3.62
20170605 32700 32990 32370 32780 13657 44685865 1.92 0.84 1.49 6903 6754 1.02 4.27
20170602 30600 32310 30600 32300 16925 53676557 5.51 1.02 4.03 6525 10400 0.63 5.29
20170601 32800 32800 30850 31050 15332 48650831 5.95 0.83 -5.28 8980 6353 1.41 4.79
20170531 33510 34300 32700 32780 20957 70643486 4.89 1.01 0.28 12199 8758 1.39 6.55
20170526 32150 33100 32050 32690 13617 44430553 3.26 0.66 1.65 7058 6559 1.08 4.26
20170525 32020 32540 31290 32160 14472 46285660 3.89 0.65 0.03 7585 6887 1.10 4.52
20170524 31150 32570 30380 32400 18233 57847857 6.93 0.79 2.50 9435 8798 1.07 5.70
20170523 33670 33670 31550 31610 25591 83323213 6.26 1.20 -6.62 14675 10917 1.34 8.00
20170522 37410 37690 33620 33850 31856 112470310 10.89 1.72 -9.40 18312 13545 1.35 9.96
20170519 37870 38260 37360 37360 13509 51025799 2.37 0.58 -1.48 8280 5229 1.58 4.22
20170518 37020 38980 37020 37920 22875 87349602 4.92 0.89 -4.84 13123 9751 1.35 7.15
20170503 40070 40500 39030 39850 20980 83321673 3.64 0.81 -1.26 10882 10098 1.08 6.56
20170502 40500 41200 40160 40360 17608 71563601 2.55 0.67 -0.98 10023 7585 1.32 5.50
20170428 40890 41180 40300 40760 17491 71133610 2.15 0.63 -0.34 10199 7292 1.40 5.47
20170427 40400 41190 39250 40900 37237 150244730 4.81 1.46 1.39 19384 17853 1.09 11.64
20170426 38670 41000 38670 40340 35434 141576437 6.03 1.40 4.35 16198 19235 0.84 11.07
20170425 38370 39490 38370 38660 22388 87159085 2.94 0.93 1.39 11810 10578 1.12 7.00
20170424 38220 38500 37000 38130 19260 72744532 3.87 0.77 -1.52 11015 8245 1.34 6.02
20170421 38300 39060 37830 38720 25160 97355792 3.21 0.97 0.96 11435 13725 0.83 7.86
20170420 38170 38550 37630 38350 25599 97377446 2.40 1.08 0.03 13550 12049 1.12 8.00
20170419 36800 38360 36800 38340 34335 128995860 4.24 1.66 4.18 13281 21054 0.63 10.73
20170418 37090 37660 36660 36800 15602 58039818 2.71 0.67 -0.24 9044 6558 1.38 4.88
20170417 39000 39000 36770 36890 24582 91833838 5.70 0.89 -5.63 12816 11766 1.09 7.68
20170414 41000 41000 39000 39090 29697 117134139 4.85 1.08 -5.21 16880 12816 1.32 9.28
20170413 41100 42000 41050 41240 14171 58884072 2.32 0.43 0.54 7296 6875 1.06 4.43
20170412 42300 42500 41010 41020 19414 80949868 3.51 0.55 -3.51 12552 6862 1.83 6.07
20170411 41600 42650 41050 42510 28019 117863576 3.84 0.76 1.89 13728 14291 0.96 8.76
20170410 46200 46200 41710 41720 46206 199923457 9.69 1.28 -9.97 29140 17065 1.71 14.44
20170407 47640 47640 46010 46340 29142 135832269 3.42 0.75 -2.81 19112 10030 1.91 9.11
20170406 47030 48790 46780 47680 40832 195941735 4.27 1.07 1.40 21479 19353 1.11 12.76
20170405 45100 47190 45100 47020 33330 154860184 4.56 0.85 2.51 16181 17149 0.94 10.42
20170331 45180 47170 45170 45870 34592 160014973 4.37 0.81 0.31 18521 16070 1.15 10.81
20170330 46770 46770 44980 45730 42452 194401934 3.79 0.82 -3.24 21398 21055 1.02 13.27
20170329 49710 50300 46580 47260 43601 209303787 7.46 0.67 -5.20 24688 18913 1.31 13.63
20170328 51690 51700 49810 49850 37009 187160966 3.67 0.55 -3.26 23981 13028 1.84 11.57
20170327 51220 51880 50790 51530 38890 200086712 2.13 0.53 0.84 19316 19574 0.99 12.15
20170324 52170 52170 50710 51100 52844 271067200 2.80 0.58 -2.11 32021 20823 1.54 16.51
20170323 54350 54860 49970 52200 86195 457506752 8.93 0.73 -4.71 52323 33871 1.54 26.94
20170322 52000 54980 51800 54780 109073 590356928 6.08 0.89 4.76 50298 58775 0.86 34.09
20170321 51870 52600 51680 52290 52017 271339456 1.76 0.38 -0.08 50754 1263 40.19 16.26
20170320 52000 52980 50730 52330 65724 341154544 4.27 0.48 -0.61 35290 30433 1.16 20.54
20170317 53200 55000 52650 52650 139346 745289184 4.02 1.00 -10.00 86304 53042 1.63 43.55
20170316 63200 64990 58500 58500 223626 1339675408 9.98 1.87 -10.00 83198 140428 0.59 69.88
20170315 59110 65900 59110 65000 134106 844502320 11.25 1.10 7.71 56632 77475 0.73 41.91
20170314 56100 60580 55790 60350 118788 697378192 8.59 0.90 8.19 44275 74513 0.59 37.12
20170313 55680 57660 54510 55780 65970 369254960 5.54 0.46 -1.83 36235 29736 1.22 20.62
20170310 53880 58960 53500 56820 155650 863994288 9.70 1.26 0.92 59642 96008 0.62 48.64
20170309 52160 57000 51420 56300 122842 660619856 10.55 1.12 6.47 49821 73021 0.68 38.39
20170308 49100 54490 49100 52880 144615 745596224 10.83 1.64 6.29 63585 81029 0.78 45.19
20170307 50990 53490 49630 49750 168219 870287888 7.68 2.82 -1.01 72794 95425 0.76 52.57
20170306 45680 50260 45200 50260 118459 577465712 11.07 2.75 10.00 51981 66477 0.78 37.02
20170303 44550 46000 43260 45690 64776 290206736 6.10 1.66 1.71 29142 35633 0.82 20.24
20170302 44110 45550 43830 44920 53812 240216796 3.91 1.47 2.09 27278 26534 1.03 16.82
20170301 43680 44370 43350 44000 36004 157720694 2.33 0.96 0.64 17719 18284 0.97 11.25
20170228 42730 43810 42730 43720 25555 110984507 2.51 0.63 1.56 13145 12410 1.06 7.99
20170227 44260 44260 42900 43050 34943 152123526 3.07 0.74 -2.95 21906 13037 1.68 10.92
20170224 43300 44870 43000 44360 45300 199702267 4.29 0.70 1.79 21325 23976 0.89 14.16
20170223 43430 43900 42260 43580 41788 180014361 3.76 0.52 -0.14 21109 20679 1.02 13.06
20170222 43920 44300 43070 43640 39377 172200689 2.80 0.46 -0.66 22378 16999 1.32 12.31
20170221 43580 44800 43580 43930 42645 187405785 2.80 0.49 0.85 24865 17779 1.40 13.33
20170220 44280 45680 43100 43560 66176 290924768 5.48 - -7.52 40357 25819 1.56 20.68
20170217 47040 49560 46720 47100 133963 640667840 6.04 2.23 0.13 68313 65651 1.04 41.86
20170216 42500 47040 41600 47040 117236 525677168 12.72 2.65 10.01 58530 58706 1.00 36.64
20170215 42990 44950 42520 42760 65594 286374000 5.60 1.80 -1.47 33333 32261 1.03 20.50
20170214 41820 43860 41570 43400 51752 221605975 5.46 1.67 3.53 22020 29732 0.74 16.17
20170213 40510 42350 40510 41920 30218 125966438 4.47 0.95 1.87 12487 17731 0.70 9.44
20170210 41000 41680 40740 41150 35342 145794913 2.28 1.19 -0.31 15348 19994 0.77 11.04
20170209 40980 41540 40510 41280 38394 157578914 2.52 1.54 1.03 18597 19797 0.94 12.00
20170208 40100 41250 39800 40860 26424 107612212 3.60 1.15 1.52 11144 15280 0.73 8.26
20170207 41020 41030 39710 40250 24247 97758196 3.21 1.09 -1.97 16088 8159 1.97 7.58
20170206 39680 41190 39680 41060 34602 140700348 3.80 1.76 3.40 15677 18925 0.83 10.81
20170203 38860 41400 38040 39710 25116 98896473 8.68 1.24 2.58 12428 12687 0.98 7.85
20170126 38780 39060 38180 38710 13996 54117902 2.27 0.62 -0.10 8772 5224 1.68 4.37
20170125 38260 38990 37720 38750 16786 64766171 3.32 0.72 1.33 8044 8741 0.92 5.25
20170124 38620 39750 38020 38240 21225 82117447 4.48 0.79 -1.04 13058 8167 1.60 6.63
20170123 38390 39370 38390 38640 21158 82146251 2.54 0.72 0.26 12141 9017 1.35 6.61
20170120 37000 38990 36950 38540 28101 107739034 5.47 0.93 3.32 12640 15461 0.82 8.78
20170119 36130 38510 36070 37300 25803 96711162 6.61 0.85 0.97 13503 12300 1.10 8.06
20170118 38100 38200 36910 36940 20979 78920667 3.35 0.69 -4.10 12585 8394 1.50 6.56
20170117 36800 39300 35880 38520 37943 143454461 9.23 1.38 4.00 17787 20156 0.88 11.86
20170116 39290 39800 35700 37040 33561 127000253 10.35 1.30 -6.51 18312 15249 1.20 10.49
20170113 41880 42070 39110 39620 32585 131063506 7.06 1.03 -5.44 17967 14618 1.23 10.18
20170112 42820 43420 41890 41900 26740 113615974 3.56 0.78 -2.54 15396 11344 1.36 8.36
20170111 43520 44470 42990 42990 21392 93215818 3.37 0.60 -1.98 12379 9013 1.37 6.69
20170110 44250 45100 43800 43860 23637 105016388 2.96 0.65 -0.25 12741 10896 1.17 7.39
20170109 43880 44500 43570 43970 25163 110640794 2.08 0.64 -1.59 14824 10339 1.43 7.86
20170106 48960 48960 44520 44680 61861 286790512 9.01 1.95 -9.30 39162 22699 1.73 19.33
20170105 49020 50390 49020 49260 39572 196817806 2.80 1.38 0.51 20406 19166 1.06 12.37
20170104 49080 49500 48840 49010 26794 131563294 1.34 0.93 -0.69 16951 9843 1.72 8.37
20170103 49030 49900 48810 49350 29449 145221104 2.22 0.97 0.59 16425 13023 1.26 9.20
20161230 47890 49980 47620 49060 38217 186899764 4.93 1.13 2.55 17378 20838 0.83 11.94
20161229 48000 49170 47610 47840 24797 119846771 3.20 0.64 -1.81 13878 10918 1.27 7.75
20161228 48850 49940 48660 48720 24615 121388973 2.60 0.55 -0.87 13252 11363 1.17 7.69
20161227 49200 49840 48750 49150 26497 130451671 2.20 0.44 -0.89 15412 11085 1.39 8.28
20161226 47750 49950 47010 49590 37470 182709758 6.06 0.48 2.14 17432 20038 0.87 11.71
20161223 51010 51980 48100 48550 55019.29 275304517.980
20161222 53590 53590 51480 51500 50703.65 264861918.970
20161221 53460 54700 52600 53660 54330.31 290370726.910
20161220 55600 56950 53480 54350 101485.28 561252263.400
20161219 52900 59180 51500 57990 127021.28 712732279.440
20161216 50550 55340 50060 53950 76111.08 398922921.230
20161215 49800 51840 49640 50510 47423.55 241212143.250
20161214 51880 52740 50300 50380 53642.42 275953386.080
20161213 51400 54130 50000 52800 71446.50 373167010.950
20161212 56940 57470 52320 52320 85608.04 463368343.710
20161209 61030 61270 58020 58130 105130.83 622855710.650
20161208 62180 66180 62180 62940 124330.00 797141383.650
20161207 62800 63400 60660 61910 99494.30 616776458.640
20161206 62000 64770 60000 63720 123788.79 773097831.960
20161205 68190 68190 63510 65400 188312.83 1248085342.170
20161202 61990 61990 61990 61990 1791.24 11103896.760
20161201 56350 56350 56350 56350 1472.64 8298326.400
20161130 51230 51230 51230 51230 795.00 4072785.000
20161129 46570 46570 46570 46570 413.82 1927159.740
20161128 42340 42340 42340 42340 204.73 866826.820
20161125 38490 38490 38490 38490 183.72 707138.280
20161124 34990 34990 34990 34990 72.00 251928.000
20161123 31810 31810 31810 31810 65.00 206765.000
20161122 28920 28920 28920 28920 42.00 121464.000
20161121 26290 26290 26290 26290 63.44 166783.760
20161118 19920 23900 19920 23900 151.00 359497.000
