20200203 54550 59850 54500 55600 159657 909822448 9.05 1.35 -5.92 76112 83545 0.91 3.06
20200123 60500 62800 55910 59100 135488 805987760 11.15 1.27 -4.34 77756 57732 1.35 2.60
20200122 58050 62490 57200 61780 169209 1019027216 9.09 1.86 6.21 59284 109925 0.54 3.25
20200121 57220 59000 56010 58170 97748 564160000
20200120 55230 58180 54620 57220 118591 673703248 6.41 1.08 3.10 51401 67190 0.77 2.28
20200117 55660 56430 54650 55500 68181 377345840 3.20 0.59 -0.29 34436 33745 1.02 1.31
20200116 55350 56760 54670 55660 78343 436126304 3.79 0.65 0.91 38864 39479 0.98 1.50
20200115 55000 55850 54500 55160 92008 507797616 2.44 0.75 -0.49 42040 49967 0.84 1.77
20200114 56030 57500 55100 55430 176203 985195696 4.20 1.68 -2.92 98255 77949 1.26 3.38
20200113 57500 58950 55700 57100 134350 768163552 5.77 1.23 1.38 60099 74250 0.81 2.58
20200110 55310 56900 54780 56320 97549 545977984 3.80 0.89 0.97 42660 54889 0.78 1.87
20200109 56490 56650 54900 55780 97940 546591808 3.16 0.93 0.67 54761 43179 1.27 1.88
20200108 56960 58150 55410 55410 109894 620674384 4.82 1.04 -2.50 54529 55365 0.98 2.11
20200107 57490 57790 55990 56830 83646 474545000
20200106 55120 58880 55120 56530 156521 888578688 6.98 1.72 4.92 72325 84196 0.86 3.00
20200103 50840 53880 50110 53880 97068 511194048 7.40 1.13 5.75 40208 56860 0.71 1.86
20200102 50500 51450 49550 50950 79028 400563104 3.76 0.83 0.89 41447 37581 1.10 1.52
20191231 51580 52010 48990 50500 114535 576508320 5.84 1.16 -2.28 70701 43835 1.61 2.20
20191230 50200 51880 49520 51680 88459 451759104 4.72 0.90 3.36 40458 48002 0.84 1.70
20191227 50000 51380 49520 50000 76979 388069232 3.74 0.83 0.60 39244 37736 1.04 1.48
20191226 50060 50580 49410 49700 70198 350595072 2.34 0.81 -0.66 36319 33879 1.07 1.35
20191225 48010 50190 47640 50030 126635 625351568 5.30 1.65 4.01 57077 69558 0.82 2.43
20191224 46470 48100 46010 48100 129514 611826864 4.55 1.84 4.75 60304 69209 0.87 2.49
20191223 46740 48600 45610 45920 87585 411634000 6.42 1.28 -1.46 42004 45581 0.92 1.68
20191220 46890 47930 46160 46600 47758 223255466 3.81 0.56 0.41 25194 22564 1.12 0.92
20191219 46180 46510 45500 46410 43683 201183131 2.20 0.50 1.11 20254 23430 0.86 0.84
20191218 46210 46760 45790 45900 74310 342288272 2.07 0.83 -2.11 44550 29760 1.50 1.43
20191217 45500 47600 45500 46890 97777 457907600 4.64 1.14 3.69 45903 51875 0.88 1.88
20191216 45250 45490 44460 45220 79800 358854064 2.30 0.93 1.16 41514 38286 1.08 1.53
20191213 43030 45700 43030 44700 132165 590579536 6.22 1.82 4.15 49370 82795 0.60 2.54
20191212 42840 43970 42790 42920 53368 230683855 2.73 0.62 -0.60 27645 25723 1.07 1.02
20191211 42980 43840 42150 43180 86749 372805280 3.94 1.03 0.75 44437 42313 1.05 1.66
20191210 42850 43350 42190 42860 75643 323568000
20191209 44120 44660 42520 42900 80065 345004192 4.89 0.92 -1.94 54067 25997 2.08 1.54
20191206 43750 44120 42950 43750 66971 291669760 2.67 0.75 0.00 34454 32517 1.06 1.29
20191205 40490 44080 40310 43750 120489 510722080 9.33 1.48 8.24 42451 78038 0.54 2.31
20191204 40080 41150 39800 40420 79572 321380080 3.37 0.92 0.85 44737 34835 1.28 1.53
20191203 40520 40520 39560 40080 71677 286793264 2.38 0.72 -0.82 32156 39521 0.81 1.38
20191202 40960 41700 40140 40410 96854 393875888 3.78 0.91 -2.15 51283 45572 1.13 1.86
20191129 41940 41950 40100 41300 78799 322674800 4.44 0.69 -0.96 41660 37139 1.12 1.51
20191128 41500 42330 41010 41700 80410 335748768 3.19 0.68 0.70 41019 39391 1.04 1.54
20191127 40900 42160 40450 41410 105980 439562880 4.27 0.93 3.40 48348 57632 0.84 2.03
20191126 40150 41880 39550 40050 134604 547887712 5.76 1.23 -0.94 61437 73168 0.84 2.58
20191125 40200 41470 39000 40430 131398 530312176 6.30 1.36 3.14 61309 70089 0.87 2.52
20191122 40590 42170 38800 39200 119506 481854640 8.53 1.43 -0.76 59712 59793 1.00 2.29
20191121 39190 39990 39010 39500 96566 381688864 2.51 1.18 1.26 37709 58858 0.64 1.85
20191120 39300 39770 38660 39010 85690 335679040 2.85 1.11 0.18 33983 51707 0.66 1.64
20191119 36760 39280 36760 38940 113413 434016144 6.86 1.75 5.93 41417 71996 0.58 2.18
20191118 35250 36790 35000 36760 66993 242640832 5.09 1.06 4.58 28206 38787 0.73 1.29
20191115 36070 36090 35150 35150 56018 199471054 2.60 0.73 -2.90 33140 22878 1.45 1.07
20191114 35030 36500 35030 36200 86604 311369696 4.13 1.00 1.80 35981 50623 0.71 1.66
20191113 35870 36100 35120 35560 62265 221309517 2.74 0.47 -0.45 30760 31505 0.98 1.19
20191112 36100 36660 35550 35720 52089 186780580 3.07 0.35 -1.05 25835 26254 0.98 1.00
20191111 36600 36700 35620 36100 59890 216413069 2.93 0.41 -2.19 31709 28181 1.13 1.15
20191108 37500 37680 36360 36910 120956 445920144 3.52 0.92 -1.44 61130 59826 1.02 2.32
20191107 37460 38200 36860 37450 138565 519994928 3.58 1.24 -0.08 72307 66258 1.09 2.66
20191106 35500 38720 35450 37480 292981 1109992224 9.29 4.51 6.48 162545 130436 1.25 5.62
20191105 34010 35550 33600 35200 138512 484375600 5.74 2.77 3.56 43535 94977 0.46 2.66
20191104 33930 34350 33700 33990 39667 135203530 1.93 0.73 0.80 14645 25022 0.59 0.76
20191101 33650 34180 33570 33720 48905 165525654 1.80 0.95 -0.47 23528 25378 0.93 0.94
20191031 33730 34180 33350 33880 39060 132099376 2.45 0.72 -0.06 18473 20588 0.90 0.75
20191030 33230 34170 33220 33900 58807 199392483 2.84 1.12 1.50 28587 30220 0.95 1.13
20191029 32950 33960 32690 33400 63845 213687711 3.86 1.37 1.52 33307 30538 1.09 1.23
20191028 32210 33170 32150 32900 60193 197683752 3.17 1.36 2.14 27852 32341 0.86 1.16
20191025 32150 32590 32080 32210 35975 116109701 1.57 0.78 -0.56 19827 16148 1.23 0.69
20191024 32100 32680 31830 32390 53034 171484913 2.69 1.24 2.50 21101 31934 0.66 1.02
20191023 32190 32680 31530 31600 49674 159193727 3.59 1.22 -1.43 32559 17115 1.90 0.95
20191022 32580 32580 31740 32060 34033 109337792 2.63 0.75 0.19 19741 14292 1.38 0.65
20191021 32500 32900 31680 32000 48349 155583694 3.70 0.91 -3.00 26015 22333 1.16 0.93
20191018 33250 33650 32980 32990 44113 146835142 2.03 0.73 -0.21 24942 19171 1.30 0.85
20191017 33110 33580 33000 33060 37200 123654917 1.76 0.50 0.15 19372 17828 1.09 0.71
20191016 33280 33700 32950 33010 40210 133853610 2.25 0.43 -0.81 23151 17059 1.36 0.77
20191015 34480 34510 33200 33280 58518 196832626 3.79 0.58 -3.76 38242 20276 1.89 1.12
20191014 34580 34880 33860 34580 84230 288333200 2.97 0.84 0.82 49910 34319 1.45 1.62
20191011 34900 35300 34300 34300 83861 290952944 2.86 0.90 -1.97 52161 31700 1.65 1.61
20191010 34600 35400 34150 34990 105796 368941152 3.57 1.19 -0.14 53230 52566 1.01 2.03
20191009 33900 35980 32700 35040 135085 462587000
20191008 33360 34730 32900 33670 98752 335068800 5.49 1.16 0.96 56141 42611 1.32 1.89
20190930 32650 33640 32150 33350 75951 251524086 4.56 0.92 2.14 36467 39484 0.92 1.46
20190927 32690 33300 32330 32650 51738 169892202 2.96 0.59 -0.52 30716 21022 1.46 0.99
20190926 33600 33630 32460 32820 81869 270219376 3.53 1.01 -0.94 46995 34874 1.35 1.57
20190925 32980 33620 32549 33130 91516 303908000
20190924 32000 33330 31710 33020 123871 406219680 5.09 2.14 3.74 43373 80499 0.54 2.38
20190923 32400 32400 31100 31830 62393 197390919 4.05 1.01 -0.90 31255 31139 1.00 1.20
20190920 30810 32600 30600 32120 82332 261344061 6.46 1.55 3.71 29827 52505 0.57 1.58
20190919 31110 31440 30650 30970 43701 135186301 2.51 0.73 -1.49 25642 18059 1.42 0.84
20190918 31570 31800 31320 31440 30962 97634074 1.52 0.42 -0.41 17317 13645 1.27 0.59
20190917 32280 32620 31330 31570 70086 223447473 4.00 0.80 -2.23 44805 25280 1.77 1.34
20190916 31690 33050 31440 32290 81702 263762240 5.07 1.01 1.67 35856 45847 0.78 2.60
20190912 31900 32110 31310 31760 39365 124662690 2.51 0.46 -0.31 22045 17320 1.27 1.25
20190911 32130 32729 31620 31860 77295 249649000
20190910 31600 32530 31500 31900 96183 306928576 3.25 1.35 0.54 51413 44769 1.15 3.07
20190909 30280 31730 29660 31730 142055 436451888 6.84 2.87 4.82 62635 79421 0.79 4.53
20190906 30900 31100 30200 30270 51328 156156419 2.92 1.02 -1.72 34773 16555 2.10 1.64
20190905 30660 31000 30280 30800 63471 194876869 2.37 1.31 1.35 34099 29372 1.16 2.02
20190904 30450 30450 29860 30390 54805 164879053 1.94 1.24 -0.20 34504 20301 1.70 1.75
20190903 30400 30900 30100 30450 45633 139046000
20190902 29790 30660 29700 30380 31950 96889000
20190830 30520 31200 29850 29950 55046 166646122 4.43 1.23 -1.61 36577 18469 1.98 1.75
20190829 31080 31080 30280 30440 54308 165865844 2.57 1.19 -2.06 30234 24074 1.26 1.73
20190828 31160 31530 31010 31080 34387 107317556 1.65 0.77 -1.30 22944 11443 2.01 1.10
20190827 31500 31940 31340 31490 41617 131307718 1.91 0.91 0.32 20387 21230 0.96 1.33
20190826 31990 31990 31150 31390 59532 187477474 2.58 1.26 -3.71 31240 28292 1.10 1.90
20190823 32900 32900 32200 32600 33551 109055035 2.14 0.71 -0.15 19395 14156 1.37 1.07
20190822 33480 34170 32450 32650 58159 192432651 5.23 1.46 -0.70 34317 23842 1.44 1.85
20190821 32630 33150 32400 32880 29339 96152574 2.29 0.75 0.34 14414 14925 0.97 0.94
20190820 32300 33190 32060 32770 48149 157375759 3.50 1.36 1.52 23843 24307 0.98 1.53
20190819 30110 32320 30090 32280 66856 211805916 7.41 2.44 7.28 26214 40642 0.65 2.13
20190816 30420 30910 29810 30090 34766 104815494 3.58 1.31 -2.02 20568 14199 1.45 1.59
20190815 30200 30940 30010 30710 20608 63035108 3.01 0.71 -0.55 9901 10707 0.92 0.94
20190814 30730 31490 30510 30880 25128 77993873 3.23 0.80 1.88 11566 13562 0.85 1.15
20190813 31490 31490 30180 30310 29780 91043739 4.16 0.84 -3.81 16980 12799 1.33 1.36
20190812 31000 31550 30000 31510 26749 82709000
20190809 31990 32350 30660 30970 30578 95571657 5.28 0.64 -3.16 19889 10689 1.86 1.40
20190808 31650 32680 31490 31980 32408 104171322 3.75 0.69 0.88 14303 18105 0.79 1.48
20190807 33100 33680 31270 31700 36770 118296717 7.31 0.83 -3.88 23547 13223 1.78 1.68
20190806 31550 33930 31510 32980 50568 165116493 7.31 1.24 -0.33 26055 24513 1.06 2.31
20190805 33460 34930 32990 33090 63384 212817237 5.89 1.84 0.49 36764 26620 1.38 2.90
20190802 33010 33400 32130 32930 55764 183037178 3.74 1.73 -3.00 32464 23301 1.39 2.55
20190801 33770 33960 33300 33950 28837 97390728 1.96 0.79 0.95 14789 14048 1.05 1.32
20190731 33710 34300 33200 33630 24140 81155368 3.26 0.60 -0.33 13423 10717 1.25 1.10
20190730 33770 34100 33030 33740 31660 106948395 3.20 0.71 0.78 12898 18762 0.69 1.45
20190729 33390 34660 33230 33480 31931 107480157 4.30 0.71 0.57 19885 12046 1.65 1.46
20190726 32300 33440 32200 33290 44905 148484715 3.79 1.16 1.74 18563 26343 0.70 2.05
20190725 31390 32890 31390 32720 50819 165497104 4.75 1.54 3.71 16316 34503 0.47 2.32
20190724 31550 32550 31300 31550 41477 131809787 3.96 1.40 0.00 20735 20742 1.00 1.90
20190723 30630 31980 30000 31550 55255 172092134 6.53 2.45 3.99 15248 40007 0.38 2.53
20190722 30950 31150 29770 30340 31253 95159063 4.51 1.42 -0.85 16810 14443 1.16 1.43
20190719 31180 31360 30530 30600 14951 46180017 2.69 0.55 -0.87 7914 7036 1.12 0.69
20190718 31450 31490 30760 30870 22485 69958748 2.34 0.79 -1.22 11565 10920 1.06 1.04
20190717 31820 31820 30960 31250 24226 75848881 2.70 0.79 -1.95 11831 12395 0.95 1.12
20190716 31620 32300 31450 31870 19633 62479744 2.67 0.61 0.19 10086 9547 1.06 0.91
20190715 32000 32380 31110 31810 28634 91085181 3.99 0.91 -0.06 15899 12736 1.25 1.32
20190712 30690 31880 30400 31830 41286 130240490 4.80 1.42 3.28 16187 25099 0.64 1.91
20190711 30610 31510 30410 30820 27983 86583187 3.61 1.06 1.12 14141 13842 1.02 1.29
20190710 30660 31780 30130 30480 36441 113212469 5.38 1.48 -0.68 19170 17270 1.11 1.68
20190709 29320 30820 29320 30690 27717 83923481 5.03 1.03 2.85 12150 15566 0.78 1.28
20190708 51800 52750 50750 51100 23579 121678452 3.83 0.90 -2.03 14641 8938 1.64 1.85
20190705 49810 52900 49810 52160 29718 152814043 6.19 1.32 4.49 11765 17954 0.66 2.34
20190704 50490 50800 49600 49920 14182 71099168 2.38 0.59 -1.15 7555 6628 1.14 1.11
20190703 51110 51750 49030 50500 28290 142014474 5.38 1.21 -0.14 14304 13986 1.02 2.22
20190702 48200 50800 47860 50570 38417 192183903 6.10 1.75 4.90 16370 22048 0.74 3.02
20190701 47600 48490 47210 48210 20743 99528299 2.74 0.91 3.12 8309 12434 0.67 1.63
20190628 47680 47800 46680 46750 11012 51731847 2.35 0.35 -1.95 6089 4924 1.24 0.87
20190627 47130 47850 47000 47680 21593 102634387 1.80 0.57 0.97 9869 11724 0.84 1.70
20190626 46080 47590 46010 47220 25060 117741499 3.41 0.67 1.99 10358 14703 0.70 1.97
20190625 47650 47650 45630 46300 31344 145279773 4.25 0.91 -2.67 20200 11143 1.81 2.47
20190624 47500 47980 47100 47570 25044 119154042 1.85 0.80 0.21 12642 12402 1.02 1.97
20190621 48190 48500 46980 47470 53334 253745982 3.16 2.09 -1.31 25604 27729 0.92 4.20
20190620 50300 50660 46460 48100 53743 259166358 8.21 2.83 -5.96 33162 20581 1.61 4.23
20190619 51350 53380 50710 51150 24896 128073839 5.25 1.53 0.55 15150 9746 1.55 1.96
20190618 52200 52340 50100 50870 15831 80778401 4.32 0.97 -1.80 9129 6702 1.36 1.25
20190617 51350 52500 51280 51800 9323 48450126 2.36 0.56 0.33 3824 5499 0.70 0.73
20190614 53400 53560 51630 51630 23576 123923513 3.61 1.59 -3.31 13315 10261 1.30 1.85
20190613 54890 54890 52800 53400 21238 113343475 3.84 1.60 -2.00 13155 8083 1.63 1.67
20190612 55680 55710 54300 54490 11309 61850301 2.55 0.81 -1.48 7817 3492 2.24 0.89
20190611 54500 55500 53560 55310 16087 88351552 3.59 1.19 2.43 5936 10150 0.58 1.27
20190610 54080 54980 53760 54000 11070 59874850 2.30 0.84 2.00 4404 6666 0.66 0.87
20190606 52350 53750 52000 52940 14661 77876256 3.34 1.11 1.13 7929 6732 1.18 1.15
20190605 52890 53690 51880 52350 13354 69960743 3.43 0.95 -0.87 6982 6372 1.10 1.05
20190604 54910 55020 52780 52810 14786 79019757 4.07 0.89 -3.96 9111 5676 1.61 1.16
20190603 54200 55180 53560 54990 13772 75113128 3.00 0.79 1.80 5396 8376 0.64 1.08
20190531 54560 54560 53850 54020 9371 50709815 1.30 0.50 -0.75 5279 4092 1.29 0.74
20190530 55070 55380 53810 54430 14568 79010266 2.82 0.79 -2.10 9400 5168 1.82 1.15
20190529 56320 56500 55100 55600 17770 98832000
20190528 54810 56680 54300 56680 27504 154093105 4.34 1.41 3.39 10903 16601 0.66 2.16
20190527 52950 55100 52850 54820 18078 97670657 4.19 0.76 2.05 8461 9617 0.88 1.42
20190524 54790 55480 52580 53720 16368 87725280 5.29 0.66 -1.97 10700 5668 1.89 1.29
20190523 54800 55970 54100 54800 12327 67719350 3.37 0.49 -1.17 6339 5988 1.06 0.97
20190522 54400 55600 54000 55450 18660 102592389 2.94 0.77 2.06 8584 10075 0.85 1.47
20190521 56830 56930 54130 54330 32019 176545626 5.08 1.49 -1.34 19115 12905 1.48 2.52
20190520 51980 55070 50830 55070 39189 210309116 8.47 2.35 10.01 14639 24550 0.60 3.08
20190517 52200 52240 49890 50060 21230 107185134 4.54 1.25 -3.30 12146 9084 1.34 1.67
20190516 52520 52530 51000 51770 14531 75088012 2.90 0.85 -1.90 9083 5448 1.67 1.14
20190515 53290 53440 52330 52770 14468 76351822 2.10 0.83 -0.09 8781 5687 1.54 1.14
20190514 51500 53100 51210 52820 17810 93727124 3.62 1.09 1.30 10554 7256 1.45 1.40
20190513 52770 53550 51800 52140 15439 81094763 3.30 0.90 -1.62 8949 6490 1.38 1.21
20190510 51750 53800 51600 53000 22765 120520731 4.31 1.51 3.76 9056 13709 0.66 1.79
20190509 49560 52100 49560 51080 15201 77909397 5.07 1.00 2.00 6817 8384 0.81 1.20
20190508 50080 51680 49300 50080 15944 80744301 4.67 1.07 -1.82 7097 8847 0.80 1.25
20190507 52150 53000 50600 51010 12550 64781372 4.66 0.78 -1.05 7419 5131 1.45 0.99
20190506 51990 52000 50050 51550 19065 97745970 3.62 1.29 -4.25 9092 9973 0.91 1.50
20190430 55400 55420 53500 53840 12380 67138890 3.47 0.82 -2.73 8174 4206 1.94 0.97
20190429 54800 55780 53100 55350 15998 87574539 4.93 1.09 1.75 8469 7529 1.12 1.26
20190426 54520 55480 53600 54400 14657 79904112 3.47 0.97 0.46 7486 7170 1.04 1.15
20190425 56080 56290 54060 54150 18763 102456804 3.99 1.14 -3.13 11661 7102 1.64 1.48
20190424 55580 55990 54500 55900 12221 67476877 2.69 0.55 1.08 6813 5409 1.26 0.96
20190423 56230 56950 55000 55300 13903 77067829 3.47 0.59 -1.65 7717 6185 1.25 1.09
20190422 58000 58000 56220 56230 14112 80129507 3.06 0.58 -3.30 7940 6172 1.29 1.11
20190419 58500 59000 57380 58150 16409 95424897 2.77 0.67 -0.58 7128 9281 0.77 1.29
20190418 58110 60270 57900 58490 25537 151020001 4.05 1.10 -0.17 12303 13234 0.93 2.01
20190417 54990 58950 54990 58590 41195 238950511 7.22 2.03 6.84 18397 22798 0.81 3.24
20190416 55300 55300 53810 54840 19645 107034732 2.68 0.94 -1.21 10647 8998 1.18 1.55
20190415 57200 57500 55500 55510 18498 103964010 3.55 0.77 -1.60 11743 6755 1.74 1.46
20190412 55990 56600 55100 56410 17938 100353556 2.68 0.60 0.70 10003 7935 1.26 1.41
20190411 57990 58240 55700 56020 19274 108733019 4.41 0.50 -2.74 12840 6434 2.00 1.52
20190410 56430 57990 55900 57600 26040 149115121 3.70 0.65 2.09 11768 14271 0.82 2.05
20190409 57620 57700 55760 56420 22640 127413895 3.37 0.53 -2.01 12262 10378 1.18 1.78
20190408 56840 58700 56840 57580 33658 194181413 3.29 0.82 1.75 16954 16704 1.01 2.65
20190404 58500 59170 56320 56590 47114 270085728 4.92 1.27 -2.26 26475 20638 1.28 3.71
20190403 60200 60200 55610 57900 62228 357561552 7.61 2.06 -3.96 34974 27254 1.28 4.90
20190402 62800 62800 59630 60290 34437 207916835 5.10 1.25 -3.02 19662 14775 1.33 2.71
20190401 61280 62580 61020 62170 35271 218412179 2.57 1.48 2.25 16481 18790 0.88 2.78
20190329 61560 61560 59550 60800 25962 156693003 3.29 1.14 -0.47 15140 10822 1.40 2.04
20190328 61880 61880 58420 61090 28169 169570180 5.64 1.35 -0.38 13243 14926 0.89 2.22
20190327 62200 62980 60800 61320 27533 169924605 3.56 1.29 0.26 12946 14587 0.89 2.17
20190326 63140 63980 61120 61160 20498 127392838 4.53 0.86 -3.07 15339 5159 2.97 1.61
20190325 62410 65160 62010 63100 16787 107179367 4.98 0.66 -0.32 7556 9231 0.82 1.32
20190322 63000 63850 62180 63300 21289 133900855 2.68 0.84 1.72 9286 12003 0.77 1.68
20190321 62500 63400 61850 62230 18036 112791702 2.47 0.69 -1.03 11070 6966 1.59 1.42
20190320 63880 64640 61480 62880 30017 187592046 4.89 1.20 -2.74 19092 10925 1.75 2.36
20190319 68100 70000 64200 64650 33490 222245196 9.05 1.37 0.86 19537 13953 1.40 2.64
20190318 65150 65150 61560 64100 23899 150833033 5.51 0.91 -1.66 13328 10570 1.26 1.88
20190315 63810 65200 63300 65180 21686 139031235 2.98 0.81 2.36 10116 11571 0.87 1.71
20190314 63200 64880 62180 63680 21665 138523770 4.30 0.80 1.37 11400 10264 1.11 1.71
20190313 64000 65670 62500 62820 23992 152796639 4.93 0.88 -2.35 13210 10782 1.23 1.89
20190312 66290 68580 63050 64330 30785 201384977 8.35 1.14 -2.82 17932 12853 1.40 2.42
20190311 61900 67000 61590 66200 32471 212090878 8.72 1.06 6.69 11580 20891 0.55 2.56
20190308 60500 64700 59360 62050 24145 150970380 8.60 0.73 -0.08 11843 12302 0.96 1.90
20190307 60500 63500 59660 62100 24406 149916185 6.30 0.76 1.80 11013 13393 0.82 1.92
20190306 60820 62010 59880 61000 24589 149492676 3.49 0.73 0.00 14552 10037 1.45 1.94
20190305 61470 63300 60510 61000 29503 181480276 4.57 0.81 -0.16 18978 10525 1.80 2.32
20190304 59000 64890 58700 61100 51011 318464208 10.49 1.32 3.56 23684 27326 0.87 4.01
20190301 58300 59500 56510 59000 34998 204786919 5.34 0.98 5.36 12537 22462 0.56 2.75
20190228 56000 56840 55160 56000 20146 112809451 3.06 0.52 1.99 7892 12254 0.64 1.59
20190227 56000 58000 54500 54910 33009 185887889 6.27 0.86 -1.67 15401 17608 0.87 2.60
20190226 54400 57860 54030 55840 42697 241607878 7.01 1.11 2.27 15813 26884 0.59 3.36
20190225 51010 56080 51010 54600 62424 339827984 9.94 1.76 7.06 23870 38554 0.62 4.91
20190222 51580 51580 50030 51000 21191 106910062 3.02 0.55 -0.49 12273 8917 1.38 1.67
20190221 51200 52580 50150 51250 35750 183821897 4.84 1.01 2.05 14200 21551 0.66 2.81
20190220 49710 50690 48720 50220 29140 144951616 3.96 0.84 1.03 14290 14850 0.96 2.29
20190219 51290 51480 49180 49710 44094 219763896 4.51 1.46 -2.45 25830 18264 1.41 3.47
20190218 51500 51790 48910 50960 46793 235707375 5.65 1.86 -0.08 24146 22646 1.07 3.68
20190215 54100 54100 50890 51000 36911 190047430 6.01 1.79 -4.57 21976 14935 1.47 2.90
20190214 53100 54500 52300 53440 19605 105538073 4.14 0.99 0.64 8863 10741 0.83 1.54
20190213 51000 53690 50030 53100 26095 137118885 7.17 1.42 4.04 10172 15923 0.64 2.05
20190212 49700 51430 48960 51040 21679 109883688 5.01 1.34 3.59 10512 11166 0.94 1.71
20190211 47590 49500 47220 49270 21361 103487996 4.79 1.28 3.53 11661 9700 1.20 1.68
20190201 46500 47950 46460 47590 14107 67066103 3.21 0.83 2.61 5621 8487 0.66 1.11
20190131 46600 47900 45950 46380 15304 71563252 4.17 0.94 -0.90 8156 7148 1.14 1.20
20190130 48490 48980 46300 46800 19202 90737962 5.51 1.22 -3.86 9641 9561 1.01 1.51
20190129 49000 49180 47560 48680 10847 52526510 3.34 0.68 0.27 5211 5636 0.92 0.85
20190128 50170 50790 48000 48550 23783 115998394 5.57 1.65 -3.07 15094 8689 1.74 1.87
20190125 49550 51500 49530 50090 16051 81307913 3.92 1.19 -0.28 6954 9097 0.76 1.26
20190124 49000 50350 48850 50230 11241 55937148 3.04 0.79 1.89 4759 6482 0.73 0.88
20190123 47120 49650 47120 49300 16573 80967072 5.30 1.25 3.33 6248 10325 0.61 1.30
20190122 47390 48680 47000 47710 12540 60175307 3.55 0.77 0.72 6455 6085 1.06 0.99
20190121 47080 48500 46290 47370 15723 74627041 4.72 0.96 1.17 7056 8668 0.81 1.24
20190118 46910 47470 45950 46820 11607 53983475 3.24 0.69 -0.15 7258 4350 1.67 0.91
20190117 45600 47130 45300 46890 14805 69012189 4.02 0.82 2.94 6095 8710 0.70 1.17
20190116 45800 46450 45250 45550 11742 53763819 2.61 0.53 -0.85 6139 5603 1.10 0.92
20190115 46500 47180 45300 46840 16673 77087763 4.06 0.78 1.04 9176 7497 1.22 1.31
20190114 46500 47180 45300 46840 16674 77088000
20190111 47130 47580 45810 46360 13738 63970000
20190110 47990 47990 46500 47130 20886 98273000
20190109 49500 49780 47100 48000 31817 153865136 5.30 1.79 -5.04 16157 15660 1.03 2.50
20190108 49200 50650 48800 50550 18093 90147473 3.76 0.98 2.70 8457 9636 0.88 1.42
20190107 49690 50820 48150 49220 22478 109768471 5.37 1.20 -0.95 11552 10926 1.06 1.77
20190104 45430 50290 44000 49690 22486 108783285 13.61 1.32 7.53 8872 13614 0.65 1.77
20190103 47840 48300 46020 46210 15675 73314736 4.74 0.89 -3.89 8903 6772 1.31 1.23
20190102 49010 49240 48040 48080 10261 50034973 2.43 0.53 -2.69 5423 4838 1.12 0.81
20181228 48900 49710 47460 49410 21344 103904521 4.57 1.16 0.26 10392 10952 0.95 1.68
20181227 49960 51000 47510 49280 24118 117901868 7.14 1.32 0.88 11506 12612 0.91 1.90
20181226 49090 49680 48400 48850 13668 67081599 2.62 0.69 -0.10 5753 7915 0.73 1.08
20181225 49770 49800 47410 48900 18640 90686943 4.81 0.90 -1.51 10136 8504 1.19 1.47
20181224 50300 50680 49300 49650 18994 94799093 2.82 0.86 1.58 8955 10039 0.89 1.49
20181221 50200 50990 48100 48880 16202 80704434 5.78 0.75 -2.24 8098 8104 1.00 1.28
20181220 51380 51600 49540 50000 23687 118705566 4.06 1.20 -1.36 9397 14290 0.66 1.86
20181219 52710 52870 49480 50690 22174 112517230 6.56 1.21 -1.95 10472 11702 0.89 1.75
20181218 52850 53200 51360 51700 22678 118109000
20181217 53610 54700 49490 52900 26174 135976032 9.61 1.96 -2.40 11875 14300 0.83 2.06
20181214 54540 55490 53800 54200 14013 76865796 3.11 0.99 -0.35 7855 6158 1.28 1.10
20181213 54810 55490 54000 54390 13411 73321101 2.69 0.77 -1.63 7902 5509 1.43 1.06
20181212 54210 55770 53840 55290 15402 84601880 3.56 0.74 1.99 5049 10353 0.49 1.21
20181211 53400 54470 52750 54210 12838 68914365 3.26 0.54 2.67 6983 5855 1.19 1.01
20181210 52400 53330 51540 52800 11248 58884796 3.40 0.43 0.19 6317 4931 1.28 0.89
20181207 53400 54300 52300 52700 17867 95272768 3.80 0.62 0.00 9406 8461 1.11 1.41
20181206 53380 55700 52200 52700 29487 159232740 6.50 1.10 -2.06 17592 11895 1.48 2.32
20181205 51950 54860 51680 53810 32886 177591437 6.00 1.19 1.57 13657 19229 0.71 2.59
20181204 49590 53000 49590 52980 27701 142174999 6.77 1.09 5.16 12313 15389 0.80 2.18
20181203 51950 52300 49810 50380 22793 115681744 4.94 0.88 -0.02 11801 10992 1.07 1.79
20181130 50790 54880 49700 50390 31129 161528365 10.21 1.33 -0.71 14790 16339 0.91 2.45
20181129 51100 51820 50250 50750 19463 99364739 3.07 0.82 -0.88 10946 8516 1.29 1.53
20181128 47020 51700 47020 51200 37322 188210703 9.91 1.92 8.38 11842 25480 0.46 2.94
20181127 47790 48500 46520 47240 16789 79838438 4.16 0.85 -0.76 11299 5490 2.06 1.32
20181126 45300 48090 44500 47600 24172 114115425 7.92 1.35 5.08 12351 11821 1.04 1.90
20181123 47290 47290 44880 45300 19665 90110626 5.17 1.20 -2.89 11490 8175 1.41 1.55
20181122 45680 46950 45230 46650 20981 97197177 3.81 1.32 3.21 8589 12392 0.69 1.65
20181121 42900 45470 42900 45200 15387 69091662 5.87 0.99 3.22 6907 8480 0.81 1.21
20181120 45000 45600 42920 43790 18727 82325000
20181119 46030 46630 44840 45280 14496 65800000
20181116 45330 46680 45330 46300 12158 56353000
20181115 45600 46400 44800 45700 19006 86322676 3.50 0.75 0.00 8436 10570 0.80 1.50
20181114 46570 46740 45620 45700 13194 60813480 2.41 0.50 -1.72 6020 7174 0.84 1.04
20181113 43650 46960 43040 46500 36823 167884080 8.91 1.71 5.68 16250 20572 0.79 2.90
20181112 41300 45400 41300 44000 40622 177520393 9.79 2.31 5.01 18685 21937 0.85 3.20
20181109 41060 42300 40510 41900 16717 69687484 4.32 0.90 1.09 7636 9082 0.84 1.32
20181108 41040 41660 40680 41450 19263 79353325 2.41 1.16 1.99 7934 11330 0.70 1.52
20181107 41040 41840 40000 40640 17910 73307262 4.49 1.25 -0.88 9971 7939 1.26 1.41
20181106 41070 41960 39510 41000 12863 52148091 5.90 0.94 -1.25 7173 5690 1.26 1.01
20181105 41480 42350 40500 41520 21352 89525506 4.46 1.77 0.05 12096 9256 1.31 1.68
20181102 40990 41980 40120 41500 21759 89502844 4.68 2.47 4.40 8683 13076 0.66 1.71
20181101 38680 39810 38200 39750 8983 35228254 4.15 1.08 2.58 3316 5667 0.59 0.71
20181031 37960 38950 37600 38750 6733 25983049 3.55 0.59 1.97 3270 3462 0.94 0.53
20181030 37570 38550 36670 38000 9325 35263705 5.00 0.84 1.14 4877 4448 1.10 0.73
20181029 36680 39000 36260 37570 13432 50426413 7.56 1.23 3.67 5767 7665 0.75 1.06
20181026 36670 37150 36110 36240 5564 20324036 2.89 0.41 0.67 2306 3259 0.71 0.44
20181025 36000 36280 34600 36000 6703 23933253 4.58 0.48 -1.93 3257 3446 0.95 0.53
20181024 37770 37770 35340 36710 22036 79781624 6.40 1.86 -3.37 9222 12814 0.72 1.73
20181023 38930 39690 37900 37990 8082 31248947 4.60 0.67 -2.39 4931 3152 1.56 0.64
20181022 37000 39480 37000 38920 12418 48131371 6.74 0.95 5.73 6081 6337 0.96 0.98
20181019 35010 37120 33300 36810 19146 66690206 10.79 1.46 3.95 9128 10019 0.91 1.51
20181018 36480 36480 35180 35410 7544 26971906 3.59 0.52 -2.13 3510 4033 0.87 0.59
20181017 36100 36760 35500 36180 12040 43604505 3.52 0.89 1.12 5857 6183 0.95 0.95
20181016 35690 36460 35400 35780 9270 33212248 2.97 0.71 0.28 4339 4931 0.88 0.73
20181015 37490 38630 35500 35680 17174 63631304 8.30 1.34 -5.36 11189 5985 1.87 1.35
20181012 37300 38500 35100 37700 19502 71059045 9.22 1.90 2.25 9745 9756 1.00 1.53
20181011 38710 38710 36000 36870 14054 52343475 6.95 1.58 -5.46 10202 3852 2.65 1.11
20181010 39200 40120 38880 39000 7672 30138785 3.13 0.81 -1.54 5003 2669 1.87 0.60
20181009 39570 40290 39080 39610 7225 28676388 3.06 0.68 0.28 3935 3290 1.20 0.57
20181008 42970 42970 39010 39500 15463 62421981 9.20 1.48 -8.25 10349 5114 2.02 1.22
20180928 43410 43500 42850 43050 6989 30151573 1.51 0.52 0.19 3928 3061 1.28 0.55
20180927 44220 44410 42810 42970 7202 31355597 3.62 0.50 -2.65 4516 2686 1.68 0.57
20180926 44590 44590 43310 44140 10628 46791921 2.92 0.75 0.52 5232 5395 0.97 0.84
20180925 44000 44290 43680 43910 12490 54790883 1.37 0.93 -1.15 8363 4127 2.03 0.98
20180921 44600 44880 43600 44420 14926 66438238 2.88 1.11 0.09 8477 6449 1.31 1.17
20180920 42490 45390 42110 44380 22604 99544047 7.75 2.12 4.92 8685 13919 0.62 1.78
20180919 41760 42660 41200 42300 11559 48816596 3.50 1.22 1.29 6376 5183 1.23 0.91
20180918 40630 42050 40430 41760 9263 38522022 3.97 1.04 2.43 4480 4783 0.94 0.73
20180917 40280 41550 40280 40770 8627 35195958 3.06 1.06 -1.64 4543 4084 1.11 0.68
20180914 40600 42500 40300 41450 15356 64053858 5.50 2.63 3.63 6946 8409 0.83 1.21
20180913 39900 40650 39600 40000 8568 34434454 2.65 1.61 1.01 4413 4155 1.06 0.67
20180912 39720 40090 39450 39600 5410 21538513 1.61 1.04 -0.30 3490 1919 1.82 0.43
20180911 38790 39850 38280 39720 6392 25244801 4.05 1.22 2.40 3711 2681 1.38 0.50
20180910 39470 39660 38200 38790 5117 19928386 3.70 0.86 -1.75 2658 2459 1.08 0.40
20180907 39590 40000 39110 39480 3671 14537517 2.26 0.51 0.41 1785 1886 0.95 0.29
20180906 39490 40250 38500 39320 5969 23478182 4.43 0.78 -0.38 2482 3487 0.71 0.47
20180905 40600 40600 39470 39470 4806 19174255 2.79 0.56 -2.62 3132 1674 1.87 0.38
20180904 40290 40790 39520 40530 6709 26963559 3.18 0.76 1.63 3189 3520 0.91 0.53
20180903 40000 40100 39010 39880 8567 33728125 2.73 0.99 -0.30 4408 4159 1.06 0.67
20180831 41290 41290 39300 40000 9844 39328604 4.86 1.25 -2.34 5625 4219 1.33 0.77
20180830 41470 41860 40680 40960 8386 34607395 2.87 0.95 -0.51 3056 5330 0.57 0.66
20180829 42500 42500 41020 41170 9408 38951180 3.51 1.00 -2.44 3632 5776 0.63 0.74
20180828 41880 42680 41470 42200 8220 34662189 2.92 0.75 1.69 3496 4724 0.74 0.65
20180827 40260 42010 40260 41500 7559 31472177 4.31 0.69 2.22 4061 3498 1.16 0.59
20180824 40970 41000 40100 40600 5843 23769470 2.20 0.49 -0.90 3783 2060 1.84 0.46
20180823 39380 41300 39010 40970 13128 53068524 5.82 1.15 4.06 5271 7857 0.67 1.03
20180822 39690 39900 38490 39370 12094 47170172 3.52 1.01 -1.60 7446 4648 1.60 0.95
20180821 39800 40200 38580 40010 16265 63859371 4.14 1.60 2.30 8137 8128 1.00 1.28
20180820 39210 39970 38800 39110 7485 29283502 2.94 0.68 -1.66 4389 3096 1.42 0.59
20180817 40300 40690 38500 39770 10821 42674495 5.52 0.83 0.18 5536 5285 1.05 0.85
20180816 40700 40880 39260 39700 10369 41716871 4.02 0.65 -1.49 6060 4309 1.41 0.82
20180815 43020 43780 40070 40300 14948 62089720 8.62 0.81 -6.32 9253 5695 1.62 1.18
20180814 44010 44010 43000 43020 7184 31133751 2.30 0.36 -1.92 3103 4081 0.76 0.57
20180813 42050 43860 42050 43860 11813 50919636 4.13 0.61 -0.02 5328 6485 0.82 0.93
20180810 41920 44350 40800 43870 20980 89291005 8.47 1.06 4.65 8246 12734 0.65 1.65
20180809 37480 42020 36920 41920 24591 98882621 13.35 1.35 9.74 9928 14664 0.68 1.93
20180808 40500 40500 36730 38200 27834 106266226 9.24 1.86 -6.37 14623 13212 1.11 2.19
20180807 40990 41220 39580 40800 13968 56073392 4.07 0.98 1.14 8934 5034 1.77 1.10
20180806 42990 42990 40170 40340 9938 40966658 6.56 0.68 -6.19 6850 3088 2.22 0.78
20180803 42050 43980 41960 43000 22625 97802027 4.82 1.89 2.63 10287 12338 0.83 1.78
20180802 43890 43890 41000 41900 16978 71124924 6.61 1.51 -4.23 8734 8244 1.06 1.34
20180801 45100 45160 43590 43750 11489 50729277 3.53 0.96 -1.51 6493 4996 1.30 0.90
20180731 45200 45550 44100 44420 10150 45334479 3.26 0.69 -0.07 5524 4626 1.19 0.80
20180730 46990 47480 44250 44450 11750 52814727 6.96 0.63 -4.20 7268 4481 1.62 0.92
20180727 46880 47400 45510 46400 9521 44330733 4.09 0.38 0.43 4972 4549 1.09 0.75
20180726 46040 47750 46020 46200 13389 62674601 3.73 0.48 -0.43 6701 6688 1.00 1.05
20180725 47750 48500 46170 46400 14852 70223944 4.86 0.55 -3.25 9072 5780 1.57 1.17
20180724 48000 48550 46610 47960 23885 113665976 3.96 0.99 -2.04 12867 11019 1.17 1.88
20180723 47150 50690 46680 48960 31762 155805047 8.51 1.57 3.93 13027 18735 0.70 2.50
20180720 46380 48640 45100 47110 40575 191047707 8.01 2.52 6.54 19000 21575 0.88 3.19
20180719 40210 44220 40210 44220 28483 122615591 9.98 1.83 10.00 13588 14895 0.91 2.24
20180718 40010 40440 39690 40200 10288 41250672 1.88 0.58 0.60 4888 5400 0.91 0.81
20180717 40260 40440 39280 39960 9738 38747118 2.88 0.49 -0.72 6689 3049 2.19 0.77
20180716 39580 40480 39290 40250 11976 47882982 2.96 0.62 0.12 5272 6704 0.79 0.95
20180713 41480 41720 39880 40200 19927 80885739 4.52 0.99 -1.16 13265 6662 1.99 1.58
20180712 39010 41300 38530 40670 25758 103764634 6.91 1.58 1.42 11365 14393 0.79 2.05
20180711 40620 42490 39900 40100 21773 88249028 6.38 1.59 -1.28 11850 9924 1.19 1.73
20180710 42500 42500 40270 40620 19562 80137216 5.29 1.61 -3.72 12447 7115 1.75 1.56
20180709 41990 43380 41990 42190 10039 42450552 3.31 0.78 0.45 5324 4715 1.13 0.80
20180706 44700 44890 39990 42000 23098 96618585 11.13 2.10 -4.59 14056 9042 1.55 1.84
20180705 45270 45500 44020 44020 7295 32688088 3.25 0.57 -3.25 4341 2954 1.47 0.58
20180704 45860 46990 45310 45500 8476 39039786 3.61 0.62 -2.34 4496 3980 1.13 0.67
20180703 48870 49000 45480 46590 11736 54901127 7.26 0.78 -3.94 6093 5643 1.08 0.93
20180702 50090 50580 48100 48500 13716 67499025 5.05 0.92 -1.28 6470 7246 0.89 1.09
20180629 47930 49180 47280 49130 13688 66017630 3.96 0.92 2.50 7621 6067 1.26 1.09
20180628 47440 49240 47200 47930 15829 76059888 4.24 0.98 -0.48 9926 5903 1.68 1.26
20180627 49690 49960 48020 48160 12958 63322505 4.00 0.80 -0.70 7000 5958 1.17 1.03
20180626 47370 49200 46120 48500 19523 93785685 6.46 1.19 1.78 10316 9207 1.12 1.55
20180625 47010 48400 47010 47650 12759 60792623 2.98 0.82 2.03 7393 5366 1.38 1.01
20180622 45940 47500 44020 46700 13658 63388021 7.58 0.96 1.70 5956 7702 0.77 1.09
20180621 45730 47770 45010 45920 22150 102758133 6.03 1.93 0.26 11411 10739 1.06 1.76
20180620 44500 46700 42000 45800 12547 55985977 10.54 1.15 2.69 5994 6553 0.91 1.00
20180619 49400 49400 44600 44600 20809 95286941 9.69 2.07 -10.01 12147 8662 1.40 1.65
20180615 49470 49960 48600 49560 8839 43668722 2.77 0.86 0.94 4218 4621 0.91 0.70
20180614 48360 49700 48360 49100 6432 31775607 2.77 0.60 1.53 2054 4378 0.47 0.51
20180613 49750 49750 48350 48360 8877 43517808 2.83 0.75 -2.11 5375 3502 1.53 0.71
20180612 50310 51380 49110 49400 9684 48119027 4.51 0.68 -1.81 5918 3767 1.57 0.77
20180611 50150 51690 48260 50310 16331 82897352 6.84 1.02 0.36 9477 6854 1.38 1.30
20180608 50410 50910 49000 50130 10091 50075961 3.80 0.54 -0.32 4734 5357 0.88 0.80
20180607 51310 52000 50100 50290 8261 42016794 3.71 0.44 -1.87 4397 3864 1.14 0.66
20180606 50100 51930 49600 51250 14941 76637431 4.67 0.78 2.79 7271 7670 0.95 1.19
20180605 48470 50000 47700 49860 21141 103170338 4.85 1.16 5.03 6138 15004 0.41 1.68
20180604 48110 49200 45000 47470 25446 121275358 8.75 1.60 -1.12 12621 12825 0.98 2.02
20180601 50580 51000 47990 48010 24484 119603111 5.93 1.67 -5.40 14846 9638 1.54 1.95
20180531 49990 50850 49990 50750 7649 38501996 1.72 0.41 1.54 3867 3782 1.02 0.61
20180530 51150 52290 48960 49980 16969 85607265 6.43 0.95 -3.51 8089 8880 0.91 1.35
20180529 54000 54000 51800 51800 16468 87167152 4.05 1.00 -4.57 10240 6228 1.64 1.31
20180528 53800 54660 53200 54280 14040 75841205 2.71 0.83 0.82 6816 7224 0.94 1.12
20180525 54690 56000 53830 53840 18392 100127862 3.89 1.22 -3.53 9884 8509 1.16 1.46
20180524 54500 58860 54500 55810 26861 151761386 8.15 2.14 4.30 12269 14592 0.84 2.14
20180523 55510 55540 52990 53510 13100 71299722 4.59 0.82 -3.59 8349 4751 1.76 1.04
20180522 54760 56250 54730 55500 10085 56010515 2.75 0.64 0.43 5177 4908 1.05 0.80
20180521 54510 56140 54510 55260 15728 87447619 3.00 1.00 1.58 8268 7460 1.11 1.25
20180518 54200 54740 53690 54400 9715 52564462 1.94 0.57 0.26 5221 4494 1.16 0.77
20180517 54600 55380 54000 54260 14003 76643410 2.51 0.87 -1.35 9499 4504 2.11 1.11
20180516 56700 56700 54000 55000 30106 165698706 4.76 2.61 -3.00 20331 9775 2.08 2.39
20180515 56810 58600 56500 56700 8943 51076455 3.64 0.67 -1.63 4585 4357 1.05 0.71
20180514 58180 58600 55780 57640 16137 92185773 4.80 1.21 -1.87 9495 6642 1.43 1.28
20180511 57750 59490 56670 58740 15442 89459528 4.88 1.35 1.71 7453 7988 0.93 1.23
20180510 58000 58740 57200 57750 10146 58879525 2.66 0.90 -0.09 5132 5015 1.02 0.81
20180509 58670 59550 57150 57800 7058 41063129 4.09 0.61 -1.52 4339 2718 1.60 0.56
20180508 57950 60700 57300 58690 17882 105155507 5.87 1.72 1.36 6167 11715 0.53 1.42
20180507 53960 58490 53370 57900 16057 90388846 9.48 1.60 7.22 5629 10428 0.54 1.28
20180504 54010 55090 53800 54000 5926 32291643 2.35 0.53 -1.82 3680 2246 1.64 0.47
20180503 55000 55470 53860 55000 9172 50181659 2.96 0.67 0.95 4259 4914 0.87 0.73
20180502 53500 55000 53500 54480 8534 46329857 2.78 0.59 1.02 4485 4049 1.11 0.68
20180427 52000 54220 51000 53930 12275 64548056 6.16 0.77 3.20 5431 6844 0.79 0.98
20180426 52810 53400 51610 52260 14180 74214555 3.39 0.85 -1.02 7238 6942 1.04 1.13
20180425 53520 54350 52380 52800 12077 64260749 3.62 0.70 -2.87 6114 5963 1.03 0.96
20180424 53000 55170 52500 54360 21462 116151170 5.04 1.32 2.59 11425 10037 1.14 1.71
20180423 53540 55800 51500 52990 12907 68492053 8.03 0.87 -1.05 6450 6456 1.00 1.03
20180420 56500 56500 53400 53550 18847 103743481 5.43 1.54 -6.22 10259 8588 1.19 1.50
20180419 58850 58850 55550 57100 18480 105602380 5.61 1.90 -2.97 11171 7309 1.53 1.47
20180418 60000 60490 56610 58850 14869 86179457 6.52 1.78 -1.09 7777 7092 1.10 1.18
20180417 61240 61920 58500 59500 16288 97378391 5.60 2.40 -2.54 8649 7639 1.13 1.30
20180416 125140 127680 122010 123200 5499 68740084 4.50 0.76 -2.22 3352 2147 1.56 0.87
20180413 124410 126960 123800 126000 6108 76527263 2.55 0.87 1.74 2822 3287 0.86 0.97
20180412 123800 124960 122010 123850 5903 73203466 2.38 0.85 -0.01 2865 3038 0.94 0.94
20180411 123980 125000 121250 123860 8032 99030718 3.08 1.19 1.77 3790 4243 0.89 1.28
20180410 117000 122220 115000 121700 8410 100319571 6.21 1.37 4.64 2840 5570 0.51 1.34
20180409 120000 120960 114000 116300 7888 92418689 5.79 1.22 -3.23 5463 2426 2.25 1.25
20180404 121800 122580 119300 120180 4760 57370876 2.70 0.54 -1.23 2426 2334 1.04 0.76
20180403 121260 123440 119510 121680 5636 68203565 3.21 0.55 -0.67 2450 3186 0.77 0.90
20180402 124500 128480 121710 122500 7040 87683449 5.47 0.62 -1.07 4212 2828 1.49 1.12
20180330 120510 124180 117880 123830 5260 63734609 5.25 0.40 3.23 2238 3021 0.74 0.84
20180329 123700 125700 119210 119960 9563 115510008 5.24 0.76 -3.15 4266 5296 0.81 1.52
20180328 124980 125000 120580 123860 16183 199085507 3.51 1.50 -1.53 7685 8498 0.90 2.57
20180327 121500 125800 120140 125780 13613 168934438 4.77 1.36 6.05 5020 8593 0.58 2.17
20180326 115980 122660 112610 118600 11997 140899379 8.66 1.15 2.24 6000 5998 1.00 1.91
20180323 118000 123010 109350 116000 13630 157001478 11.24 1.48 -4.53 5596 8034 0.70 2.17
20180322 123300 124880 121150 121500 7110 87064657 3.03 0.60 -1.46 4745 2365 2.01 1.13
20180321 123610 129000 121760 123300 7682 95476791 5.73 0.59 -2.36 4564 3118 1.46 1.22
20180320 123060 127980 123000 126280 9711 122555335 4.08 0.76 3.51 4436 5275 0.84 1.54
20180319 123000 126000 117810 122000 14068 170395805 6.63 1.14 -1.25 6862 7206 0.95 2.24
20180316 123310 126000 120520 123550 7589 94039054 4.44 0.61 0.20 3673 3916 0.94 1.21
20180315 114900 126000 113600 123300 20274 242855879 10.78 1.97 7.23 8879 11396 0.78 3.22
20180314 115000 118000 113140 114990 13305 154124989 4.27 1.36 0.97 6582 6723 0.98 2.12
20180313 115510 116500 113470 113880 8494 97290657 2.61 0.73 -1.84 5125 3369 1.52 1.35
20180312 110050 116250 110050 116010 12152 139096987 5.60 1.10 4.70 5413 6739 0.80 1.93
20180309 107990 111870 106500 110800 7521 82902655 5.04 0.66 4.04 2963 4557 0.65 1.20
20180308 105940 109430 105560 106500 9879 105749228 3.51 0.95 -3.27 4776 5104 0.94 1.57
20180307 117050 117360 110010 110100 11028 124250453 6.50 1.15 -2.66 6767 4261 1.59 1.75
20180306 106460 115830 106460 113110 17835 198390874 8.90 2.40 7.42 8812 9023 0.98 2.84
20180305 106500 110880 104500 105300 9130 97986873 6.01 1.29 -0.85 5927 3203 1.85 1.45
20180302 103200 108880 102880 106200 9295 98684040 5.76 1.22 1.92 5542 3752 1.48 1.48
20180301 102200 104410 102200 104200 4821 49884726 2.14 0.56 0.87 2628 2193 1.20 0.77
20180228 101200 104400 100550 103300 6767 69722369 3.73 0.69 0.18 4211 2556 1.65 1.08
20180227 101100 103790 100200 103110 7161 72789951 3.49 0.70 0.11 3084 4076 0.76 1.14
20180226 102600 104980 101500 103000 7451 76922892 3.44 0.69 1.74 3871 3579 1.08 1.19
20180223 104830 104830 98150 101240 11800 118857130 6.50 1.18 -1.42 6611 5189 1.27 1.88
20180222 104950 106510 102500 102700 9579 100130504 3.82 1.05 -2.13 5152 4427 1.16 1.52
20180214 104240 105740 102200 104940 13389 139516083 3.55 1.80 5.38 7271 6119 1.19 2.13
20180213 96910 103000 96900 99580 8798 89005951 6.30 1.18 2.77 4678 4120 1.14 1.40
20180212 89000 97370 89000 96900 10603 101234969 9.46 1.67 9.47 3550 7053 0.50 1.69
20180209 86590 91330 83030 88520 7458 66148300 9.54 1.34 1.75 3644 3814 0.96 1.19
20180208 84000 89300 84000 87000 5431 47528268 6.35 1.02 4.19 1886 3545 0.53 0.86
20180207 84870 85100 81180 83500 4927 41259232 4.75 0.95 1.11 3351 1576 2.13 0.78
20180206 87000 87000 78580 82580 8906 74523112 9.64 2.04 -5.41 5925 2981 1.99 1.42
20180205 87000 89000 86500 87300 4996 43768720 2.80 1.10 -2.20 3007 1989 1.51 0.79
20180202 89500 90000 86020 89260 3491 30936041 4.47 0.70 0.30 1919 1572 1.22 0.56
20180201 90020 90290 88010 88990 4243 37719590 2.52 0.80 -1.65 2812 1431 1.97 0.67
20180131 91300 91460 88810 90480 4247 38150953 2.88 0.66 -1.60 2091 2156 0.97 0.68
20180130 91290 92490 90300 91950 4901 45047770 2.40 0.79 0.75 2158 2743 0.79 0.78
20180129 89340 92500 89330 91270 5762 52315891 3.50 0.97 0.65 2222 3540 0.63 0.92
20180126 88410 92360 88410 90680 5673 51527982 4.46 0.99 2.32 2603 3070 0.85 0.90
20180125 89000 89600 87810 88620 5790 51436811 1.99 1.09 -1.52 3509 2281 1.54 0.92
20180124 90000 90750 86500 89990 10096 88642015 4.74 1.77 0.27 6246 3850 1.62 1.61
20180123 90900 91980 89100 89750 3545 31942459 3.14 0.42 -2.02 2077 1468 1.41 0.56
20180122 94510 94510 90510 91600 4552 41630666 4.32 0.45 -1.18 2751 1801 1.53 0.72
20180119 91550 92900 91100 92690 4639 42808816 1.96 0.44 0.75 1494 3144 0.48 0.74
20180118 90900 93500 90260 92000 3757 34606909 3.53 0.34 0.11 1981 1776 1.12 0.60
20180117 93000 94500 89650 91900 12052 110668417 5.22 1.07 -1.17 5896 6156 0.96 1.92
20180116 85990 93890 85500 92990 17275 154019182 9.76 1.71 8.13 7062 10213 0.69 2.75
20180115 88310 88310 84660 86000 13113 113154767 4.11 1.29 -3.13 7089 6024 1.18 2.09
20180112 90000 90750 88580 88780 6632 59289891 2.42 0.52 -0.92 3838 2795 1.37 1.05
20180111 90960 91440 88560 89600 6751 60712493 3.18 0.52 -0.98 4105 2646 1.55 1.07
20180110 90830 91380 87150 90490 12795 113640040 4.63 0.96 -0.87 7392 5403 1.37 2.04
20180109 92060 92430 90580 91280 11173 101975291 2.02 0.91 -0.16 6443 4729 1.36 1.78
20180108 92960 93630 90980 91430 13660 125411774 2.88 1.23 -0.48 7533 6127 1.23 2.17
20180105 100510 100510 90620 91870 19578 185491456 9.84 3.49 -8.59 11974 7604 1.57 3.11
20180104 101000 102800 100010 100500 7417 75068204 2.77 0.82 -0.32 4041 3377 1.20 1.18
20180103 98000 101490 97100 100820 14521 144912486 4.36 1.89 0.13 8341 6180 1.35 2.31
20180102 101220 103980 100100 100690 6085 61443730 3.77 0.75 -2.15 4706 1380 3.41 0.97
20171229 102950 103980 100000 102900 7877 80396048 3.89 0.99 0.68 3417 4461 0.77 1.25
20171228 103850 103850 101510 102200 8999 92268873 2.29 1.01 -0.06 5070 3928 1.29 1.43
20171227 106000 106350 102210 102260 7744 80441203 3.90 0.82 -3.64 5397 2347 2.30 1.23
20171226 106100 107850 104010 106120 7630 80858517 3.62 0.77 0.01 4451 3179 1.40 1.21
20171225 106870 107350 105010 106110 8289 88085945 2.19 0.81 -0.71 5482 2807 1.95 1.32
20171222 103500 107480 103500 106870 7284 77416899 3.76 0.73 0.95 4081 3203 1.27 1.16
20171221 99790 106120 99400 105860 13469 139670707 6.76 1.67 6.50 5603 7866 0.71 2.14
20171220 96690 99900 95420 99400 10756 105786363 4.66 1.48 3.38 5990 4766 1.26 1.71
20171219 94660 96520 92970 96150 9476 90182676 3.73 1.31 1.16 4515 4961 0.91 1.51
20171218 101600 103280 95010 95050 10410 103008001 8.14 1.55 -6.45 5891 4519 1.30 1.66
20171215 99750 102880 98130 101600 5441 55125708 4.75 0.67 1.61 2192 3249 0.67 0.87
20171214 98400 102000 97070 99990 4135 41113139 5.01 0.43 1.71 1381 2754 0.50 0.66
20171213 98000 99180 95860 98310 6830 66714498 3.37 0.57 -0.14 3416 3414 1.00 1.09
20171212 99740 100760 96500 98450 9432 93220520 4.36 0.64 0.73 5294 4138 1.28 1.50
20171211 96200 99500 95280 97740 7822 76479680 4.45 0.48 3.01 3767 4055 0.93 1.24
20171208 92000 96880 91000 94880 12330 116984466 6.48 0.79 4.54 4831 7499 0.64 1.96
20171207 91700 94380 90050 90760 12129 112462102 4.81 0.83 0.84 5748 6381 0.90 1.93
20171206 85010 92700 84020 90000 18550 165751292 10.12 1.49 4.94 7892 10658 0.74 2.95
20171205 94500 94500 85750 85760 22652 200632491 9.18 2.21 -9.99 14079 8573 1.64 3.60
20171204 105200 107940 95280 95280 16252 160414342 11.96 1.89 -10.00 7679 8573 0.90 2.58
20171201 102050 106600 102000 105870 8398 87354968 4.47 1.00 2.82 3307 5091 0.65 1.34
20171130 101160 104090 101020 102970 7283 74718950 2.99 0.74 0.17 4409 2874 1.53 1.16
20171129 101200 104000 100120 102800 7615 77871195 3.90 0.77 3.46 3573 4042 0.88 1.21
20171128 100000 101300 97310 99360 11690 116008236 3.97 1.24 -1.11 6272 5418 1.16 1.86
20171127 100900 104800 99680 100480 7998 81325619 5.12 0.77 0.48 4807 3191 1.51 1.27
20171124 99220 102370 99220 100000 7302 73585124 3.18 0.59 0.81 4175 3127 1.34 1.16
20171123 108510 109210 98700 99200 14322 146490317 9.62 1.01 -9.24 8104 6218 1.30 2.28
20171122 110600 113590 108860 109300 8017 88299613 4.29 0.43 -0.87 4829 3189 1.51 1.28
20171121 112010 114960 108800 110260 9583 107261645 5.46 0.52 -2.36 5712 3871 1.48 1.52
20171120 109940 114990 103880 112920 12663 139840476 10.09 0.70 2.55 5789 6874 0.84 2.01
20171117 115650 117700 109000 110110 17309 193185526 7.51 1.07 -4.98 11022 6287 1.75 2.75
20171116 117430 120000 115050 115880 23069 269666240 4.10 1.65 -3.91 16712 6357 2.63 3.67
20171115 133900 133900 120600 120600 30649 375754048 9.93 2.91 -10.00 10902 19747 0.55 4.87
20171114 134070 136000 132660 134000 8565 115202741 2.50 0.77 0.10 4080 4485 0.91 1.36
20171113 139580 140000 133600 133860 10346 140045778 4.69 0.87 -1.86 6564 3783 1.74 1.65
20171110 135790 138000 134790 136400 7931 108300854 2.37 0.63 0.81 3206 4725 0.68 1.26
20171109 136670 139600 133530 135300 12230 166580019 4.45 0.86 -0.81 5909 6321 0.93 1.95
20171108 138550 142000 133600 136400 13545 185973186 6.15 0.95 -0.12 8154 5391 1.51 2.15
20171107 139990 141880 135010 136560 11913 164879314 4.87 0.77 -3.13 6795 5118 1.33 1.89
20171106 136270 143050 135980 140970 13685 191563095 5.17 0.92 3.01 5603 8082 0.69 2.18
20171103 138090 140500 136680 136850 11512 159485765 2.76 0.81 -0.97 6302 5210 1.21 1.83
20171102 133310 140500 130110 138190 20356 275621824 7.64 1.55 1.61 9973 10383 0.96 3.24
20171101 133200 136300 129880 136000 13557 182044428 4.81 1.20 1.89 5778 7779 0.74 2.16
20171031 121900 133800 121090 133480 17760 229582853 10.43 1.95 9.51 4830 12930 0.37 2.82
20171030 119800 123840 117400 121890 11412 138773955 5.38 1.26 1.74 5903 5509 1.07 1.82
20171027 119000 123000 117800 119800 8123 97782700 4.37 0.88 0.63 4611 3512 1.31 1.29
20171026 114890 120500 113300 119050 14682 172578840 6.27 2.01 3.62 4844 9838 0.49 2.34
20171025 114060 115600 113310 114890 4371 50120140 2.01 0.51 0.96 1832 2539 0.72 0.70
20171024 117330 117800 113010 113800 7043 81047154 4.12 0.68 -2.15 5013 2030 2.47 1.12
20171023 118880 120000 116000 116300 10972 129188471 3.42 0.75 -0.45 6364 4608 1.38 1.75
20171020 112590 118280 111250 116820 9345 107664902 6.27 0.49 4.15 3346 6000 0.56 1.49
20171019 112000 113500 110700 112170 4850 54397904 2.49 0.20 -0.07 2526 2324 1.09 0.77
20171018 108420 113500 108100 112250 10503 117829581 4.98 0.43 3.53 5625 4879 1.15 1.67
20171017 109540 110990 107510 108420 16431 180170947 3.18 0.66 -1.06 7409 9022 0.82 2.61
20171016 103000 111090 102480 109580 32389 349220784 7.79 1.57 -0.86 16291 16097 1.01 5.15
20171013 114000 115000 109570 110530 30671 341000976 4.67 1.81 -4.88 20743 9928 2.09 4.88
20171012 122290 122290 110610 116200 31844 370971776 9.51 2.34 -5.37 21253 10591 2.01 5.06
20171011 118070 124400 117060 122790 11402 137570164 6.22 0.73 4.01 4861 6542 0.74 1.81
20171010 122690 122770 117100 118060 17823 212293574 4.62 1.19 -3.84 12279 5544 2.21 2.83
20171009 127990 127990 122060 122770 11342 140228576 4.74 0.77 -1.78 8203 3139 2.61 1.80
20170929 127230 128570 124110 125000 12455 156752035 3.51 0.92 -1.57 7268 5187 1.40 1.98
20170928 123060 130000 122880 127000 15001 190283174 5.77 1.21 2.92 7443 7558 0.98 2.39
20170927 115680 125800 114780 123400 21929 267578666 9.60 2.13 7.51 6658 15271 0.44 3.49
20170926 113880 117100 112570 114780 14354 164521238 3.99 1.37 1.13 7621 6733 1.13 2.28
20170925 116210 119230 112210 113500 10067 116236683 5.96 0.87 -3.68 6033 4034 1.50 1.60
20170922 116300 119500 116000 117840 6312 74638102 2.98 0.45 0.37 3573 2739 1.30 1.00
20170921 121170 121500 117000 117410 9402 111305673 3.71 0.58 -3.13 6707 2695 2.49 1.50
20170920 119370 122360 118600 121200 11232 135835783 3.11 0.58 0.19 4225 7007 0.60 1.79
20170919 121990 122000 117260 120970 15475 184546897 3.92 0.61 -0.02 7558 7917 0.95 2.46
20170918 120500 125400 118000 121000 15728 192401081 6.20 0.53 1.44 7234 8494 0.85 2.50
20170915 117260 123000 116970 119280 18094 216396268 5.15 0.55 1.95 8334 9760 0.85 2.88
20170914 123100 123860 116850 117000 21062 251802581 5.70 0.71 -4.88 12860 8202 1.57 6.29
20170913 123130 124710 120060 123000 27047 332186960 3.89 1.02 2.89 13833 13215 1.05 8.08
20170912 132980 133900 119550 119550 44553 565132496 10.80 2.34 -10.00 24226 20327 1.19 13.31
20170911 125000 138830 123280 132830 36767 489109328 12.32 2.55 5.25 14469 22298 0.65 10.98
20170908 127000 129970 123000 126210 35606 449467440 5.76 4.00 4.31 13948 21658 0.64 10.63
20170907 121000 121000 121000 121000 3360 40651886 0.00 0.32 10.00 3360 - - 1.00
20170830 105980 110800 104820 110000 12850 138295616 5.64 1.37 3.77 4908 7941 0.62 3.84
20170829 106850 107850 104000 106000 6746 71047117 3.62 0.67 -0.47 3944 2802 1.41 2.01
20170828 101980 107800 101170 106500 13403 141277374 6.58 1.45 5.64 4320 9082 0.48 4.00
20170825 100380 101790 98990 100810 8105 81372799 2.84 0.83 2.16 3298 4808 0.69 2.42
20170824 101020 103000 98030 98680 11367 114065413 4.98 1.12 -1.15 6030 5337 1.13 3.40
20170823 99100 103980 99100 99830 7143 72627280 4.89 0.62 0.01 3321 3822 0.87 2.13
20170822 99500 103320 99050 99820 10541 106318311 4.36 0.69 1.86 4415 6126 0.72 3.15
20170821 98000 99660 95170 98000 8944 86890783 4.57 0.55 -0.18 4638 4306 1.08 2.67
20170818 99980 101330 96800 98180 10828 107178196 4.53 0.71 -1.82 6891 3937 1.75 3.23
20170817 97000 101190 96600 100000 13327 132562455 4.70 0.93 2.42 5796 7531 0.77 3.98
20170816 96000 98580 93320 97640 14331 138055917 5.46 1.08 1.44 7142 7189 0.99 4.28
20170815 89010 96980 88660 96250 29472 276100736 9.25 3.23 7.00 9674 19799 0.49 8.80
20170814 86820 90170 86500 89950 12847 113150856 4.23 1.55 3.62 6058 6789 0.89 3.84
20170811 86680 87630 85800 86810 6056 52562740 2.11 0.55 0.09 2882 3174 0.91 1.81
20170810 86500 87450 84130 86730 8806 75628513 3.82 0.76 -0.21 4126 4680 0.88 2.63
20170809 84750 87000 84510 86910 8933 76791169 2.95 0.77 2.85 4370 4563 0.96 2.67
20170808 83220 85680 83220 84500 8931 75347916 2.96 0.73 1.54 3446 5486 0.63 2.67
20170807 83100 84160 81000 83220 8747 72506186 3.81 0.69 0.27 4668 4079 1.14 2.61
20170804 80200 87980 80200 83000 19384 164151814 8.88 1.56 -5.25 10739 8645 1.24 5.79
20170803 89300 91280 86920 87600 11734 103213461 4.88 0.90 -1.90 7778 3956 1.97 3.50
20170802 89600 91500 88590 89300 9108 82044785 3.25 0.65 -0.38 4401 4707 0.94 2.72
20170801 90780 90780 87500 89640 11934 106031616 3.62 0.70 -1.03 6062 5872 1.03 3.56
20170731 88000 91450 87500 90570 10897 98100196 4.45 0.62 1.99 5084 5812 0.87 3.25
20170728 85810 90480 85260 88800 18388 163026555 6.08 1.17 3.40 7599 10789 0.70 5.49
20170727 85180 86510 83020 85880 14504 123315282 4.06 0.80 0.01 8586 5918 1.45 4.33
20170726 84800 86550 82510 85870 14562 122336666 4.75 0.80 1.02 8338 6224 1.34 4.35
20170725 86670 87390 82620 85000 27343 230448835 5.48 1.70 -2.35 16737 10607 1.58 8.17
20170724 91860 91900 85650 87050 13148 116126688 6.92 0.75 -3.63 7765 5382 1.44 3.93
20170721 91000 94000 90170 90330 9193 84491422 4.19 0.50 -1.28 5072 4121 1.23 2.75
20170720 87400 94940 86620 91500 25919 238828628 9.49 1.59 4.38 10384 15535 0.67 7.74
20170719 84390 87880 81080 87660 15041 126938826 8.19 0.85 5.61 6527 8514 0.77 4.49
20170718 85800 85810 82500 83000 16981 141763355 3.93 1.00 -1.43 10186 6795 1.50 5.07
20170717 87400 87420 83000 84200 20106 170829952 5.06 1.11 -3.68 12271 7836 1.57 6.01
20170714 89200 90000 85550 87420 13955 122429801 4.99 0.76 -2.00 7870 6086 1.29 4.17
20170713 88270 91030 88000 89200 15239 136691860 3.43 0.67 0.87 8284 6954 1.19 4.55
20170712 85840 90570 85300 88430 22498 198752421 6.14 0.95 3.03 11395 11103 1.03 6.72
20170711 86810 88500 85600 85830 13428 117042290 3.34 0.50 -1.13 8246 5182 1.59 4.01
20170710 91800 92880 86800 86810 25533 225792275 6.65 0.92 -5.03 17336 8196 2.12 7.63
20170707 93080 93080 90300 91410 15219 139532411 3.04 0.56 0.12 8074 7145 1.13 4.55
20170706 92950 96690 90680 91300 36957 346548032 6.52 1.59 -0.94 22568 14389 1.57 11.04
20170705 88610 94670 87000 92170 27092 246035142 8.65 1.09 3.91 10096 16996 0.59 8.09
20170704 91180 93800 87870 88700 30327 275037376 6.66 1.20 -0.45 16715 13612 1.23 9.06
20170703 82500 89100 81000 89100 28731 245941834 10.00 1.26 10.00 9000 19731 0.46 8.58
20170630 79810 82410 79810 81000 13807 112301223 3.24 0.55 1.02 6253 7554 0.83 4.12
20170629 80000 81630 78800 80180 16074 129455512 3.49 0.57 -0.99 7562 8512 0.89 4.80
20170628 80560 83120 76720 80980 34983 279954560 7.88 1.30 -0.25 17684 17299 1.02 10.45
20170627 88750 88750 81150 81180 32727 275284048 8.72 1.27 -6.82 20154 12572 1.60 9.78
20170626 86000 89200 85950 87120 16348 142270245 3.73 0.63 -0.10 9524 6824 1.40 4.88
20170623 88000 88000 83010 87210 24674 210583209 5.71 0.92 -0.23 13321 11352 1.17 7.37
20170622 84800 90000 84160 87410 32134 283263952 6.92 1.20 3.51 14267 17867 0.80 9.60
20170621 86100 86500 82650 84450 28523 240130842 4.48 0.96 -1.70 15862 12661 1.25 8.52
20170620 78810 86580 78810 85910 27586 230687315 9.86 0.83 9.02 9809 17777 0.55 8.24
20170619 79050 80990 77510 78800 17120 135394330 4.38 0.47 -0.74 9537 7582 1.26 5.11
20170616 77950 81880 76010 80130 28895 230769731 7.53 0.85 2.80 12508 16387 0.76 8.63
20170615 79000 79990 76410 77950 31435 246403946 4.69 1.01 2.03 15881 15554 1.02 9.39
20170614 74700 79720 74700 76400 42849 332825344 6.74 1.53 2.62 19675 23173 0.85 12.80
20170613 68330 74800 68230 74450 46831 338231296 9.66 1.99 9.49 17475 29356 0.60 13.99
20170612 64990 69980 64210 68000 30879 210216362 8.87 1.16 4.52 13164 17715 0.74 9.22
20170609 65690 66380 64070 65060 17804 115785622 3.52 0.61 -0.96 10197 7607 1.34 5.32
20170608 66340 67540 65690 65690 17759 118475215 2.77 0.56 -1.66 9764 7995 1.22 5.30
20170607 63870 67010 63160 66800 26915 176556748 6.00 0.72 4.05 10755 16160 0.67 8.04
20170606 63850 65480 62500 64200 24487 158003845 4.69 0.51 0.98 14071 10416 1.35 7.31
20170605 61030 66400 61030 63580 46328 297865104 8.89 1.20 5.28 24521 21807 1.12 13.84
20170602 57990 60980 56500 60390 30409 177878275 7.66 0.94 3.20 17073 13337 1.28 9.08
20170601 57000 60740 56800 58520 30725 180899457 6.68 1.17 -0.81 16934 13791 1.23 9.18
20170531 61970 61970 58610 59000 55210 333939008 5.50 3.61 -3.36 29771 25439 1.17 16.49
20170526 61050 61050 59000 61050 76402 463660016 3.69 - 10.00 51166 25236 2.03 22.82
20170203 55490 55840 54820 55500 8954 49482443 1.84 0.61 0.36 5578 3376 1.65 2.67
20170126 55800 55980 54700 55300 11717 64621898 2.32 0.70 0.14 7557 4160 1.82 3.50
20170125 53950 55590 53950 55220 13562 74782389 3.01 0.81 1.51 6421 7142 0.90 4.05
20170124 54990 55300 54150 54400 11170 61062038 2.08 0.57 -1.82 7238 3932 1.84 3.34
20170123 54260 56650 54260 55410 15554 86173319 4.39 0.72 1.67 8279 7275 1.14 4.65
20170120 52560 55200 52540 54500 21250 115824403 5.01 0.97 2.60 10458 10792 0.97 6.35
20170119 52930 54970 51000 53120 21668 115739047 7.50 1.06 0.30 9803 11865 0.83 6.47
20170118 53990 53990 52750 52960 13690 72810955 2.31 0.66 -1.47 8416 5274 1.60 4.09
20170117 49860 55200 49500 53750 26406 137322940 11.33 1.49 6.88 12892 13515 0.95 7.89
20170116 53970 53970 49030 50290 25015 128289565 9.07 1.57 -7.69 15176 9840 1.54 7.47
20170113 57210 57560 53780 54480 23075 127698955 6.60 1.32 -4.87 13745 9331 1.47 6.89
20170112 57610 59230 57010 57270 14163 82323163 3.81 0.79 -1.61 8353 5810 1.44 4.23
20170111 58500 59490 58010 58210 15304 90072662 2.53 0.80 -0.51 7806 7498 1.04 4.57
20170110 59000 59600 58330 58510 11132 65703365 2.16 0.53 -0.70 6411 4721 1.36 3.33
20170109 58630 59490 57820 58920 15961 93592053 2.80 0.80 -1.31 8577 7384 1.16 4.77
20170106 63000 63390 59600 59700 31167 190549683 5.97 1.88 -5.90 20271 10896 1.86 9.31
20170105 64510 64830 63320 63440 16192 103796486 2.33 0.99 -2.22 10385 5807 1.79 4.84
20170104 64250 65360 64160 64880 20643 133830556 1.86 1.33 0.60 10624 10019 1.06 6.17
20170103 62460 64940 62460 64490 20365 130210772 3.97 1.26 3.35 9051 11315 0.80 6.08
20161230 62950 63300 62360 62400 11848 74374216 1.49 0.63 -0.95 7131 4717 1.51 3.54
20161229 62800 63500 62510 63000 13827 87060778 1.57 0.69 0.05 7146 6681 1.07 4.13
20161228 64180 64380 62920 62970 14712 93703386 2.27 0.68 -1.95 8690 6021 1.44 4.39
20161227 64410 65380 63930 64220 16899 108949481 2.23 0.77 -1.37 10099 6800 1.49 5.05
20161226 64480 65230 62120 65110 23278 148021973 4.76 1.12 -0.34 12442 10836 1.15 6.95
20161223 66930 68360 65230 65330 25840.90 172543212.530
20161222 67300 67500 65900 67340 18922.24 126545668.660
20161221 66800 67430 65660 67230 22498.74 149977859.890
20161220 66010 66770 65310 66270 19356.50 127679312.290
20161219 67200 67880 66200 66200 17373.33 116460284.040
20161216 67600 68160 66610 67800 24838.37 167300253.970
20161215 64700 68390 64700 67660 34693.31 232165675.550
20161214 65010 66500 64230 64740 25376.39 165845951.380
20161213 64100 66590 63750 65200 26241.68 171495919.360
20161212 71710 71990 64580 64820 35385.75 241097599.630
20161209 73370 73600 70750 71750 26593.62 190680502.970
20161208 74000 75650 73180 73200 23971.26 178327587.070
20161207 73730 74500 72130 74480 23968.19 175717346.540
20161206 74180 74800 73110 73200 19302.37 142728421.090
20161205 73500 75130 72350 73310 24507.27 180606510.410
20161202 82520 82520 74340 74350 58827.54 456588516.070
20161201 81710 83180 80900 82600 27442.56 225215556.290
20161130 81580 82550 81010 81600 22856.69 187155053.330
20161129 82860 84090 81210 81590 30555.69 252893435.130
20161128 86530 87340 82680 82800 36841.17 312236072.590
20161125 84500 87550 82640 87400 46340.38 396038898.570
20161124 86730 88470 84330 85100 44170.92 380729989.850
20161123 89000 89200 86410 87370 52303.99 459444978.680
20161122 87990 91660 87240 90100 73850.36 660048185.420
20161121 86020 88390 84940 87210 56251.20 487334174.120
20161118 83110 88500 83020 86710 61494.45 529897239.870
20161117 83980 83990 81390 82030 45542.12 375910381.340
20161116 86010 88600 84700 84940 48506.76 419273467.680
20161115 89200 91000 85550 85990 53245.39 466053107.200
20161114 87090 90410 87010 89100 58437.38 519671893.130
20161111 87100 92300 86800 87410 78549.19 697488697.910
20161110 84300 91910 83790 87870 101422.46 885854405.310
20161109 79000 87070 78300 84490 104090.37 859362973.950
20161108 80310 80480 77900 79200 48236.42 381275264.430
20161107 79820 81770 79210 79980 51957.85 417636286.700
20161104 77500 80580 77300 79660 62631.89 496513652.580
20161103 78420 82680 78100 78790 84094.80 677338783.820
20161102 77980 81480 77000 79430 79504.84 628473796.820
20161101 78500 81570 78050 78620 84281.23 672424321.600
20161031 75850 79800 74640 78980 83720.85 648477795.430
20161028 75110 81810 74610 77270 112254.44 871580965.140
20161027 71380 75280 71380 75100 78296.51 577591388.440
20161026 76250 76400 71780 72090 87306.98 642379110.860
20161025 68490 74930 68200 74930 76801.87 556405779.650
20161024 68000 68800 67030 68120 37519.60 254655295.220
20161021 68300 68870 66100 68050 46724.09 315621825.440
20161020 70800 71330 68020 68200 65948.77 457453703.390
20161019 68980 72220 68600 71440 78056.10 553008037.760
20161018 69350 69600 67300 69020 54883.39 374809048.730
20161017 69350 70600 68180 69220 44984.30 310856941.690
20161014 69730 69980 68380 69210 61816.54 427385152.510
20161013 71400 73720 70500 70650 70022.03 503671189.960
20161012 71500 72740 70580 71720 76497.91 547228843.580
20161011 70800 75490 70010 72800 131274.34 948700769.770
20161010 65000 70420 64000 70420 108564.23 734518736.120
20160930 63800 66500 63000 64020 79444.39 514785652.420
20160929 63400 65870 61980 63410 104416.89 665545598.090
20160928 70000 70000 63060 64720 164449.34 1088074303.960
20160927 65700 65700 65700 65700 2873.01 18875675.700
20160926 59730 59730 59730 59730 615.29 3675127.170
20160923 54300 54300 54300 54300 65.18 353927.400
20160922 49360 49360 49360 49360 39.00 192504.000
20160921 44870 44870 44870 44870 58.00 260246.000
20160920 40790 40790 40790 40790 18.00 73422.000
20160919 37080 37080 37080 37080 32.00 118656.000
20160914 28090 33710 28090 33710 123.11 414290.260
