20180619 14220 14220 12810 12980 36331 48046711 9.91 1.41 -8.78 20969 15362 1.36 3.64
20180615 14640 14830 13910 14230 30668 43672395 6.23 1.26 -3.59 16652 14017 1.19 3.07
20180614 14880 14900 14510 14760 20238 29768273 2.64 0.70 0.00 10605 9632 1.10 2.03
20180613 14810 15180 14600 14760 31520 46787049 3.91 1.18 -0.54 18198 13321 1.37 3.15
20180612 14460 14890 14250 14840 29812 43713774 4.44 1.17 2.91 11658 18154 0.64 2.98
20180611 14480 14480 14100 14420 16782 23961817 2.62 0.65 -0.48 10036 6746 1.49 1.68
20180608 14500 14710 14210 14490 23309 33652332 3.40 0.91 -1.50 14204 9105 1.56 2.33
20180607 14490 14990 14410 14710 42112 62323724 4.01 1.87 1.66 20136 21976 0.92 4.21
20180606 14380 14500 14220 14470 21186 30412629 1.95 0.72 0.70 10227 10959 0.93 2.12
20180605 14000 14570 13910 14370 23537 33521063 4.72 0.67 2.79 10402 13135 0.79 2.36
20180604 13980 14160 13820 13980 18388 25672837 2.42 0.42 -0.50 11305 7083 1.60 1.84
20180601 14040 14220 13660 14050 23165 32323489 3.96 0.41 -0.64 13711 9454 1.45 2.32
20180531 14100 14270 13880 14140 26307 37118755 2.82 0.47 2.39 13174 13133 1.00 2.63
20180530 14680 14680 13850 13970 55965 79587875 5.49 1.04 -7.54 32828 23137 1.42 5.60
20180529 15780 15780 15050 15110 52372 80139980 4.66 1.01 -3.57 31096 21275 1.46 5.24
20180528 16200 16200 15520 15670 61200 96266148 4.22 1.18 -2.73 40100 21100 1.90 6.12
20180525 15400 16350 15300 16110 89648 143015289 6.80 1.83 4.34 39029 50619 0.77 8.97
20180524 15310 15520 15250 15440 22391 34460574 1.75 0.31 0.26 12830 9561 1.34 2.24
20180523 15780 15850 15350 15400 42550 66417880 3.19 0.39 -1.60 25530 17020 1.50 4.26
20180522 15660 15800 15460 15650 42620 66342681 2.15 0.39 -0.95 25958 16663 1.56 4.32
20180521 15610 15960 15460 15800 62192 97888881 3.23 0.59 2.20 32631 29561 1.10 6.31
20180518 15560 15820 15320 15460 75471 116926208 3.15 0.69 -2.52 45978 29493 1.56 7.66
20180517 15430 16130 15320 15860 132690 206887930 5.03 1.42 -1.43 74668 58022 1.29 13.46
20180516 17060 17490 16030 16090 226770 381936736 9.07 3.96 0.00 124391 102379 1.21 23.01
20180515 14720 16090 14720 16090 44881 70969613 9.36 0.77 9.98 32230 12651 2.55 4.55
20180514 15020 15120 14600 14630 48506 72080249 3.39 0.80 -4.57 28426 20079 1.42 4.92
20180511 15700 15980 15310 15330 91140 142947375 4.35 1.88 -0.45 46831 44309 1.06 9.25
20180510 15130 15610 15130 15400 55475 85195741 3.14 1.33 0.72 27009 28466 0.95 5.63
20180509 15280 15540 15010 15290 46435 70813270 3.48 1.26 0.46 23535 22900 1.03 4.71
20180508 15050 15400 14840 15220 50744 76944608 3.74 1.74 1.60 24566 26179 0.94 5.15
20180507 14680 15600 14410 14980 58523 87807384 8.17 2.86 2.81 27120 31403 0.86 5.94
20180504 14460 14750 14340 14570 31783 46367337 2.84 1.67 0.83 13282 18500 0.72 3.22
20180503 14040 14450 14040 14450 20859 29849802 2.89 1.13 1.76 8249 12611 0.65 2.12
20180502 14390 14780 14180 14200 22718 32581238 4.30 1.45 1.72 9898 12820 0.77 2.30
20180427 14080 14190 13800 13960 12304 17218779 2.79 0.74 -0.07 6635 5669 1.17 1.25
20180426 14350 14350 13820 13970 14799 20850446 3.73 0.94 -1.76 8993 5805 1.55 1.50
20180425 13930 14680 13760 14220 24645 35015578 6.59 1.75 1.79 12234 12411 0.99 2.50
20180424 13610 13970 13420 13970 17516 24165970 4.07 1.30 3.40 6660 10856 0.61 1.78
20180423 13680 13680 13400 13510 9011 12131233 2.08 0.62 0.30 4643 4368 1.06 0.91
20180420 13990 14000 13380 13470 16774 22889495 4.43 1.14 -3.79 10123 6651 1.52 1.70
20180419 14020 14070 13860 14000 10882 15207665 1.50 0.62 0.14 5697 5185 1.10 1.10
20180418 13950 14100 13650 13980 16087 22338436 3.22 0.71 0.14 8630 7457 1.16 1.63
20180417 14200 14450 13820 13960 14467 20392526 4.39 0.63 -2.72 9069 5397 1.68 1.47
20180416 14530 14640 14210 14350 14457 20734994 2.93 0.59 -2.18 8165 6291 1.30 1.47
20180413 14900 15000 14470 14670 17421 25641919 3.58 0.72 -1.01 9668 7754 1.25 1.77
20180412 14720 15050 14700 14820 25971 38613012 2.36 1.14 -0.27 13344 12627 1.06 2.63
20180411 14400 15080 14300 14860 41559 61251994 5.46 2.15 3.99 15780 25779 0.61 4.21
20180410 14430 14430 14070 14290 15858 22564534 2.49 0.81 -1.11 9494 6364 1.49 1.61
20180409 14190 14890 13870 14450 21038 30188991 7.19 1.14 1.83 9638 11400 0.85 2.13
20180404 14420 14500 14120 14190 16124 22992408 2.64 0.88 -1.53 9942 6182 1.61 1.63
20180403 14120 14530 14010 14410 19044 27197819 3.62 1.07 0.35 9862 9183 1.07 1.93
20180402 14100 14540 14100 14360 24736 35455275 3.11 1.57 1.34 12783 11954 1.07 2.51
20180330 14060 14220 14030 14170 16712 23638571 1.36 0.96 1.58 7883 8829 0.89 1.69
20180329 13870 14050 13830 13950 15335 21389544 1.59 0.92 0.65 6652 8683 0.77 1.55
20180328 13540 13930 13410 13860 15467 21204792 3.79 0.88 1.02 7341 8126 0.90 1.57
20180327 13400 13850 13400 13720 16823 23002062 3.36 0.97 2.54 8517 8306 1.03 1.71
20180326 13100 13410 12710 13380 14393 18915366 5.26 0.84 0.60 7020 7373 0.95 1.46
20180323 14200 14200 13130 13300 24754 33741853 7.35 1.50 -8.59 15603 9151 1.71 2.51
20180322 14500 14650 14410 14550 12025 17463589 1.64 0.62 -0.48 7303 4722 1.55 1.22
20180321 14700 14850 14370 14620 19713 28929472 3.28 0.90 -0.20 10852 8861 1.22 2.00
20180320 14500 14650 14290 14650 15765 22817963 2.46 0.50 0.00 7522 8242 0.91 1.60
20180319 14510 14810 14420 14650 13559 19886362 2.69 0.38 1.03 6650 6909 0.96 1.37
20180316 14700 14870 14460 14500 21206 31048236 2.76 0.53 -2.29 13017 8190 1.59 2.15
20180315 14980 15180 14220 14840 26864 39476391 6.40 0.65 -1.13 16697 10167 1.64 2.72
20180314 15140 15360 14900 15010 32344 48851824 3.02 0.84 -1.57 19856 12489 1.59 3.28
20180313 14700 15770 14370 15250 64370 97499624 9.52 2.21 3.74 25566 38804 0.66 6.53
20180312 14650 14900 14590 14700 33771 49677572 2.11 1.21 0.27 18201 15570 1.17 3.42
20180309 14500 14800 14440 14660 42084 61554460 2.49 1.90 1.38 19385 22699 0.85 4.27
20180308 13980 14490 13830 14460 35540 50509753 4.72 1.67 3.43 12707 22833 0.56 3.60
20180307 14330 14350 13980 13980 16504 23328671 2.58 0.75 -2.44 11611 4893 2.37 1.67
20180306 14220 14390 14200 14330 17856 25517815 1.33 0.85 0.28 10081 7774 1.30 1.81
20180305 14010 14630 13900 14290 27387 39102052 5.25 1.47 2.81 12321 15066 0.82 2.78
20180302 13960 14080 13830 13900 13576 18929082 1.77 0.78 -1.35 8865 4711 1.88 1.38
20180301 13800 14160 13800 14090 30796 42997852 2.57 2.31 0.71 8406 22390 0.38 3.12
20180228 13950 14430 13700 13990 20783 29147193 5.23 2.01 0.29 7205 13578 0.53 2.11
20180227 13990 14060 13890 13950 12406 17335438 1.21 1.27 -0.43 4454 7953 0.56 1.26
20180226 13750 14030 13750 14010 15521 21595043 2.04 1.87 2.11 5841 9680 0.60 1.57
20180223 13510 13780 13510 13720 7601 10384930 1.97 0.84 0.29 3205 4396 0.73 0.77
20180222 13400 13690 13400 13680 10264 13932125 2.17 1.22 2.17 4148 6116 0.68 1.04
20180214 13370 13450 13130 13390 5779 7695217 2.39 0.62 0.15 3003 2775 1.08 0.59
20180213 13450 13520 13290 13370 9557 12806055 1.73 0.89 0.38 5592 3965 1.41 0.97
20180212 13180 13340 13050 13320 8319 11022178 2.23 0.75 2.46 4249 4070 1.04 0.84
20180209 13130 13140 12830 13000 11197 14554474 2.34 1.03 -1.66 5856 5341 1.10 1.14
20180208 13280 13280 13060 13220 7378 9722661 1.68 0.61 0.92 3154 4224 0.75 0.75
20180207 13210 13400 12740 13100 10445 13645324 5.11 0.79 1.47 5419 5027 1.08 1.06
20180206 13920 13920 12850 12910 16324 21920291 7.56 1.18 -8.76 9664 6660 1.45 1.65
20180205 14200 14260 14030 14150 10251 14467914 1.59 0.67 -2.08 6260 3991 1.57 1.04
20180202 14690 14740 14300 14450 10092 14603658 2.98 0.60 -2.03 6236 3856 1.62 1.02
20180201 15160 15190 14600 14750 13549 20074362 3.91 0.67 -2.32 8413 5137 1.64 1.37
20180131 15320 15510 14910 15100 15916 24083813 3.86 0.66 -2.96 10901 5015 2.17 1.61
20180130 15360 15760 15100 15560 19601 30363910 4.27 0.86 0.71 8887 10713 0.83 1.99
20180129 15450 15550 15000 15450 17799 27189815 3.54 0.82 -0.64 11236 6563 1.71 1.80
20180126 15460 15880 15450 15550 16862 26324285 2.77 0.82 0.00 9210 7652 1.20 1.71
20180125 15880 15950 15460 15550 31693 49800574 3.10 1.92 -1.64 19512 12181 1.60 3.21
20180124 15320 15880 15180 15810 35412 55116772 4.58 3.06 3.47 12592 22820 0.55 3.59
20180123 15100 15450 15100 15280 11990 18302851 2.30 1.05 0.53 6658 5332 1.25 1.22
20180122 14970 15250 14770 15200 12067 18200576 3.20 1.04 1.47 4811 7257 0.66 1.22
20180119 15190 15250 14850 14980 12102 18250328 2.64 1.10 -1.32 8690 3411 2.55 1.23
20180118 15050 15350 14930 15180 10852 16449402 2.78 1.02 0.60 5274 5578 0.95 1.10
20180117 15000 15110 14800 15090 10882 16326106 2.07 1.03 0.60 5365 5518 0.97 1.10
20180116 14900 15150 14840 15000 10961 16395344 2.07 1.07 0.27 5979 4982 1.20 1.11
20180115 15300 15390 14800 14960 13359 20054335 3.83 1.37 -2.86 9432 3927 2.40 1.35
20180112 15550 15550 15320 15400 8982 13846635 1.48 0.85 -0.96 5880 3101 1.90 0.91
20180111 15360 15600 15260 15550 8784 13624016 2.20 0.77 0.84 4129 4654 0.89 0.89
20180110 15880 15880 15350 15420 10562 16343194 3.38 0.86 -1.66 7184 3379 2.13 1.07
20180109 15650 15700 15540 15680 9728 15188593 1.02 0.75 -0.32 6293 3435 1.83 0.99
20180108 15760 15790 15500 15730 10590 16526720 1.84 0.79 -0.38 6162 4428 1.39 1.07
20180105 15970 15970 15620 15790 13289 20947824 2.21 1.62 -0.44 7303 5987 1.22 1.35
20180104 16020 16070 15750 15860 12716 20193576 2.00 0.79 -0.88 8570 4146 2.07 1.29
20180103 15980 16050 15850 16000 15160 24199320 1.25 0.93 0.19 8518 6642 1.28 1.54
20180102 15980 16070 15780 15970 13170 21001967 1.83 0.84 0.69 6761 6409 1.05 1.34
20171229 15740 15980 15660 15860 12794 20187063 2.02 0.86 0.13 7258 5536 1.31 1.30
20171228 15440 16310 15320 15840 27537 43726591 6.41 2.39 2.59 12825 14712 0.87 2.79
20171227 15460 15570 15380 15440 11450 17696339 1.22 1.07 -0.64 6899 4550 1.52 1.16
20171226 15190 15620 14990 15540 16464 25437333 4.15 1.84 2.30 6164 10300 0.60 1.67
20171225 15310 15310 14860 15190 10148 15313481 2.93 1.20 -0.98 5707 4441 1.29 1.03
20171222 15500 15500 15260 15340 9150 14047930 1.56 1.07 -0.52 5481 3669 1.49 0.93
20171221 15560 15560 15170 15420 10352 15890914 2.53 1.23 -0.06 5355 4997 1.07 1.05
20171220 15500 15500 15200 15430 7634 11730361 1.94 0.84 -0.45 4775 2858 1.67 0.77
20171219 15550 15600 15380 15500 7349 11398981 1.42 0.64 0.32 3725 3624 1.03 0.74
20171218 15630 15630 15220 15450 7862 12102103 2.64 0.64 -0.39 4695 3167 1.48 0.80
20171215 15700 15700 15390 15510 9649 14936237 1.98 0.68 -0.70 5844 3805 1.54 0.98
20171214 15800 15800 15380 15620 9601 14905265 2.69 0.62 0.06 5989 3612 1.66 0.97
20171213 15780 15780 15290 15610 11246 17483956 3.14 0.68 0.06 5646 5601 1.01 1.14
20171212 15700 15960 15580 15600 18769 29667850 2.44 1.12 0.00 9345 9424 0.99 1.90
20171211 15540 15600 15400 15600 12341 19174307 1.28 0.70 0.13 5532 6809 0.81 1.25
20171208 15030 15820 14930 15580 19220 29788987 5.90 1.13 3.32 8414 10806 0.78 1.95
20171207 15210 15330 15000 15080 15296 23106015 2.16 0.89 -1.11 9385 5911 1.59 1.55
20171206 15080 15250 14720 15250 17425 26161467 3.53 0.99 1.67 8400 9025 0.93 1.77
20171205 15700 15820 14720 15000 19483 29735822 6.98 1.09 -4.88 11939 7544 1.58 1.97
20171204 16120 16130 15580 15770 16691 26328220 3.41 0.88 -2.23 10978 5713 1.92 1.69
20171201 16250 16250 15850 16130 16262 26120384 2.46 0.68 -0.86 9353 6908 1.35 1.65
20171130 16330 16410 16100 16270 15932 25885414 1.90 0.49 -0.49 7962 7970 1.00 1.61
20171129 16240 16350 15960 16350 19841 32090678 2.40 0.61 0.74 10636 9205 1.16 2.01
20171128 15870 16380 15710 16230 20538 33210354 4.19 0.64 1.44 9126 11412 0.80 2.08
20171127 16080 16200 15630 16000 22377 35684819 3.56 0.71 0.00 14717 7661 1.92 2.27
20171124 16150 16930 15680 16000 41353 67611209 7.60 1.34 -2.68 22541 18812 1.20 4.19
20171123 15570 17230 15410 16440 59665 99861403 11.62 2.50 4.98 35967 23698 1.52 8.35
20171122 15740 15980 15480 15660 17422 27362756 3.15 0.68 -1.39 9968 7455 1.34 2.44
20171121 16000 16180 15610 15880 19962 31617639 3.57 0.63 -0.63 11782 8179 1.44 2.79
20171120 15980 15980 15230 15980 19020 29793262 4.70 0.57 0.06 8713 10307 0.85 2.66
20171117 16700 16880 15650 15970 37665 61229326 7.30 1.20 -5.22 22259 15406 1.44 5.27
20171116 17420 17580 16800 16850 25464 43779269 4.44 0.79 -4.04 17027 8437 2.02 3.57
20171115 17370 17620 17130 17560 25193 43737643 2.81 0.75 0.63 13128 12066 1.09 3.53
20171114 18260 18260 17370 17450 52185 92285316 4.87 1.83 -4.44 34932 17253 2.02 7.31
20171113 18290 18350 18120 18260 26158 47723183 1.26 0.91 -0.11 15463 10695 1.45 3.66
20171110 18400 18420 18110 18280 27740 50570041 1.68 0.87 -0.65 17584 10156 1.73 3.88
20171109 18320 18500 18100 18400 29859 54567909 2.17 0.88 -0.38 16680 13180 1.27 4.18
20171108 18630 18920 18400 18470 32396 60480073 2.80 0.94 -0.65 18248 14148 1.29 4.54
20171107 18400 18610 18120 18590 26380 48450758 2.65 0.73 0.60 13168 13213 1.00 3.69
20171106 18170 18480 17900 18480 27725 50675911 3.21 0.71 2.33 11734 15991 0.73 3.88
20171103 18470 18660 17800 18060 43912 80036399 4.65 1.06 -2.27 27865 16047 1.74 6.15
20171102 19300 19350 18380 18480 39090 73266779 5.04 0.83 -4.05 25313 13778 1.84 5.47
20171101 19300 19550 19100 19260 35435 68454963 2.32 0.70 -0.67 18236 17199 1.06 4.96
20171031 19100 19400 18910 19390 33588 64562466 2.57 0.57 1.52 16304 17284 0.94 4.70
20171030 19650 19880 18880 19100 42214 81224823 5.09 0.61 -2.75 26743 15471 1.73 5.91
20171027 20170 20180 19510 19640 57119 112622374 3.32 0.65 -2.58 35203 21915 1.61 8.00
20171026 20870 20880 20160 20160 68122 138940904 3.45 0.74 -3.31 42867 25255 1.70 9.54
20171025 20650 21060 20400 20850 51141 105990798 3.18 0.55 0.43 28398 22743 1.25 7.16
20171024 21160 21230 20290 20760 77107 160063206 4.37 0.83 -3.53 48752 28355 1.72 10.80
20171023 21310 21680 20880 21520 90966 193859655 3.72 1.00 0.09 53756 37210 1.44 12.74
20171020 20000 22190 19800 21500 149545 313403888 11.78 1.80 5.96 64798 84747 0.76 20.94
20171019 19400 20470 18990 20290 93155 185332226 7.55 1.12 3.52 41066 52090 0.79 13.04
20171018 20080 20110 19410 19600 53981 106665392 3.50 0.55 -1.90 32905 21076 1.56 7.56
20171017 19080 20580 18720 19980 76906 152675833 9.79 0.86 5.21 33689 43217 0.78 10.77
20171016 20100 20120 18910 18990 80694 156542797 6.00 1.02 -5.80 52901 27794 1.90 11.30
20171013 19230 20270 19100 20160 111427 222851739 6.07 1.85 4.51 50685 60742 0.83 15.60
20171012 19070 19290 18500 19290 92314 174349567 4.09 2.00 -0.05 54377 37937 1.43 12.92
20171011 18240 20040 18150 19300 132061 258228702 10.37 5.72 5.93 83025 49036 1.69 18.49
20171010 18160 18240 17850 18220 29539 53434688 2.17 1.21 1.28 14660 14879 0.99 4.14
20171009 17620 18150 17420 17990 30501 54203123 4.23 1.01 4.17 13198 17303 0.76 4.27
20170929 17170 17350 17090 17270 16842 28931515 1.52 0.54 0.94 10059 6783 1.48 2.36
20170928 17130 17530 17100 17110 21864 37858816 2.51 0.68 -0.29 12836 9028 1.42 3.06
20170927 17000 17250 17000 17160 16764 28796842 1.46 0.46 0.06 8969 7795 1.15 2.35
20170926 17550 17740 16980 17150 36263 62332960 4.27 0.93 -3.60 22419 13844 1.62 5.08
20170925 18740 19140 17640 17790 58696 108363843 8.22 1.69 -2.47 33136 25560 1.30 8.22
20170905 18370 18390 18190 18240 21910 40000882 1.09 0.52 -0.71 13829 8081 1.71 3.07
20170904 18180 18520 18080 18370 27817 50943233 2.40 0.61 0.16 14956 12861 1.16 3.89
20170901 18410 18570 18120 18340 37390 68482530 2.44 0.87 -0.70 23650 13740 1.72 5.23
20170831 18060 18590 17950 18470 49235 90149564 3.53 1.34 1.99 21065 28170 0.75 6.89
20170830 18150 18490 18030 18110 37723 68806740 2.54 1.15 0.11 20893 16830 1.24 5.28
20170829 18040 18900 18020 18090 59030 108469778 4.91 2.18 0.89 34078 24953 1.37 8.26
20170828 17470 18070 17450 17930 43335 77513523 3.55 1.78 2.63 17643 25691 0.69 6.07
20170825 16910 17500 16910 17470 26124 45242057 3.46 1.06 2.40 11547 14577 0.79 3.66
20170824 17120 17440 17060 17060 18188 31345602 2.20 0.70 -1.27 10285 7902 1.30 2.55
20170823 17340 17510 17160 17280 16917 29305699 2.00 0.54 -1.03 9194 7723 1.19 2.37
20170822 17780 17840 17270 17460 30943 54168748 3.19 0.81 -2.18 19257 11686 1.65 4.33
20170821 17710 18240 17710 17850 29255 52528493 3.01 0.82 1.25 15502 13753 1.13 4.10
20170818 17520 17780 17360 17630 27531 48544202 2.39 0.80 0.17 13864 13666 1.01 3.85
20170817 17540 17740 17530 17600 25386 44761271 1.19 0.76 -0.56 14265 11120 1.28 3.55
20170816 17900 17950 17430 17700 43425 76850035 2.93 1.62 -0.17 23005 20420 1.13 6.08
20170815 16530 18180 16530 17730 64492 113463535 9.98 3.89 7.26 30354 34138 0.89 9.03
20170814 16170 16550 16170 16530 17378 28561305 2.35 1.13 2.29 6888 10490 0.66 2.43
20170811 16450 16590 16150 16160 21990 35932484 2.64 1.58 -2.94 13326 8664 1.54 3.08
20170810 16970 16990 16620 16650 19272 32269390 2.19 1.42 -1.65 11940 7332 1.63 2.70
20170809 17000 17000 16820 16930 10710 18109151 1.06 0.68 -0.24 6217 4493 1.38 1.50
20170808 17020 17060 16700 16970 13540 22885081 2.12 0.77 -0.29 7257 6283 1.16 1.90
20170807 16980 17120 16920 17020 11651 19808438 1.18 0.64 0.18 6579 5072 1.30 1.63
20170804 17020 17180 16880 16990 14435 24577184 1.75 0.77 -0.64 8854 5581 1.59 2.02
20170803 16960 17300 16800 17100 17655 30150694 2.95 0.82 0.88 8928 8726 1.02 2.47
20170802 17370 17370 16870 16950 21418 36573910 2.89 1.01 -2.02 13369 8049 1.66 3.00
20170801 17490 17570 17120 17300 22787 39359323 2.57 0.99 -1.09 12736 10052 1.27 3.19
20170731 17640 17690 17440 17490 14038 24604029 1.42 0.53 -0.79 8309 5729 1.45 1.97
20170728 17780 17780 17530 17630 17905 31531721 1.40 0.65 -0.96 11060 6845 1.62 2.51
20170727 17390 17900 17190 17800 31803 56159689 4.08 1.19 2.36 13901 17901 0.78 4.45
20170726 17580 17630 17150 17390 19563 33984341 2.74 0.70 -0.80 11168 8395 1.33 2.74
20170725 17070 17790 17010 17530 32148 56052437 4.57 1.18 2.69 15716 16432 0.96 4.50
20170724 17220 17220 16560 17070 31001 52492942 3.81 1.04 -1.39 16179 14822 1.09 4.34
20170721 17400 17550 17120 17310 22302 38559706 2.47 0.78 -0.52 12274 10028 1.22 3.12
20170720 17700 18050 17380 17400 28238 50033560 3.79 1.00 -1.58 16250 11987 1.36 3.95
20170719 17640 17810 17280 17680 25476 44730451 3.00 0.80 0.17 13270 12206 1.09 3.57
20170718 17280 17780 17120 17650 29009 50706686 3.83 0.86 2.38 13099 15911 0.82 4.06
20170717 18830 18890 17130 17240 43832 77844269 9.25 1.19 -9.41 26087 17745 1.47 6.14
20170714 18940 19270 18720 19030 16145 30706975 2.90 0.36 0.48 8075 8069 1.00 2.26
20170713 19390 19390 18870 18940 26437 50314189 2.67 0.57 -2.62 15458 10979 1.41 3.70
20170712 19550 19640 18500 19450 42965 81939840 5.83 0.97 -0.51 23306 19659 1.19 6.02
20170711 20170 20310 19400 19550 38862 77245306 4.52 0.87 -2.98 25589 13273 1.93 5.44
20170710 20700 20900 20070 20150 59588 121363137 3.95 1.58 -4.05 40535 19053 2.13 8.34
20170707 20570 21150 20570 21000 53318 111770916 2.80 1.54 1.50 23674 29644 0.80 7.46
20170706 20750 20900 20510 20690 36483 75465872 1.87 0.99 -0.62 21154 15328 1.38 5.11
20170705 20660 20870 20410 20820 33463 69269173 2.22 0.90 0.68 16221 17242 0.94 4.68
20170704 20900 21130 20500 20680 40630 84342094 2.99 1.12 -1.94 27080 13550 2.00 5.69
20170703 20900 21420 20800 21090 24536 51567020 2.95 0.59 0.43 12428 12108 1.03 3.44
20170630 20810 21270 20600 21000 37600 78774644 3.20 0.84 0.14 20787 16813 1.24 5.26
20170629 20580 21420 20580 20970 48487 102068845 4.09 1.04 2.04 20122 28365 0.71 6.79
20170628 20920 20960 20500 20550 34141 70412534 2.19 0.66 -2.24 21878 12263 1.78 4.78
20170627 21260 21480 20880 21020 37264 78879854 2.82 0.61 -1.18 20385 16879 1.21 5.22
20170626 21110 21290 20490 21270 48968 102410766 3.78 0.74 0.38 23897 25071 0.95 6.86
20170623 21430 21690 20600 21190 53944 114003943 5.07 0.73 -1.44 31356 22588 1.39 7.55
20170622 22380 22700 21420 21500 59880 132634530 5.67 0.70 -4.83 39502 20378 1.94 8.38
20170621 22400 22960 22300 22590 59018 133389046 2.91 0.69 -0.48 32410 26607 1.22 8.26
20170620 22860 23420 22300 22700 85044 194002940 4.93 0.98 -0.04 46732 38313 1.22 11.91
20170619 22400 23250 21700 22710 74918 169048592 6.83 0.80 0.00 39779 35139 1.13 10.49
20170616 22480 22980 22110 22710 90024 202600697 3.83 0.91 0.09 46806 43218 1.08 12.60
20170615 21100 23350 21100 22690 118284 264757622 10.55 0.98 6.38 52865 65419 0.81 16.56
20170614 21790 21790 21010 21330 58810 125338242 3.59 0.44 -1.84 35015 23795 1.47 8.23
20170613 20750 22180 20710 21730 92844 201033815 7.07 0.74 4.57 43256 49588 0.87 13.00
20170612 22070 22380 20650 20780 109309 233107169 7.66 1.00 -7.97 67608 41701 1.62 15.30
20170609 22450 22980 22220 22580 113151 255706499 3.25 1.23 -3.50 68133 45018 1.51 15.84
20170608 24400 25200 23230 23400 228519 556510704 8.39 4.29 -0.38 121472 107047 1.13 31.99
20170607 21340 23490 21130 23490 117623 268473088 11.05 3.08 10.02 46504 71119 0.65 16.47
20170606 21130 21640 20010 21350 58063 122039254 7.61 1.84 -0.37 30750 27313 1.13 8.13
20170605 42650 43770 42280 42800 28642 123332343 3.55 0.94 1.90 13929 14713 0.95 7.96
20170602 40420 42150 39000 42000 27193 111295979 7.80 0.94 3.93 12753 14440 0.88 7.55
20170601 42020 43440 40000 40410 35039 145508564 8.00 1.25 -6.05 21735 13304 1.63 9.73
20170531 46610 47800 42710 43010 41843 190134393 11.48 1.40 -3.02 23922 17922 1.33 11.62
20170526 43110 44800 43070 44350 25278 110891668 4.03 0.76 3.38 12582 12696 0.99 7.02
20170525 42650 43200 41130 42900 22209 94195276 4.90 0.64 1.54 11400 10809 1.05 6.17
20170524 41300 42670 41000 42250 19729 82737869 4.02 0.49 1.61 10483 9246 1.13 5.48
20170523 42600 43750 40500 41580 31315 132258385 7.56 0.70 -3.28 18626 12690 1.47 8.70
20170522 46900 47690 42300 42990 51076 227015282 11.47 1.17 -8.53 30500 20577 1.48 14.19
20170519 50000 50200 46480 47000 42248 203128445 7.48 0.95 -5.51 26780 15468 1.73 11.74
20170518 49830 51180 49420 49740 29018 145921305 3.48 0.64 -1.52 16921 12097 1.40 8.06
20170517 50690 51980 50010 50510 46279 236173593 3.83 1.05 -1.73 25955 20325 1.28 12.86
20170516 48890 51900 48340 51400 54177 271871056 7.18 1.35 3.61 25732 28445 0.90 15.05
20170515 48150 49800 47350 49610 46184 224723135 5.09 1.23 3.05 22040 24144 0.91 12.83
20170512 47000 48790 46670 48140 47515 227840698 4.50 1.23 2.21 21516 25999 0.83 13.20
20170511 44060 47280 43810 47100 31565 143432299 7.52 0.84 2.06 16808 14756 1.14 8.77
20170510 45800 47950 45510 46150 40460 190138287 5.31 1.14 0.41 20294 20166 1.01 11.24
20170509 45400 46130 42520 45960 35115 155723728 7.90 1.09 0.57 18894 16221 1.16 9.75
20170508 47100 48200 45400 45700 33057 155492451 5.86 1.02 -4.39 19699 13358 1.47 9.18
20170505 45220 49800 45010 47800 52247 249124526 10.50 1.65 4.80 21171 31076 0.68 14.51
20170504 46400 46650 45250 45610 26345 121053719 2.97 0.75 -3.12 15998 10347 1.55 7.32
20170503 46220 47900 45810 47080 31435 147616095 4.54 0.92 2.24 14736 16699 0.88 8.73
20170502 46000 46800 45510 46050 18445 85012243 2.80 0.50 0.09 9406 9039 1.04 5.12
20170428 45350 47480 45260 46010 33753 156480558 4.82 0.86 -0.07 18970 14783 1.28 9.38
20170427 42800 47000 41950 46040 48626 215640431 11.74 1.30 7.02 22418 26207 0.86 13.51
20170426 40300 44350 40260 43020 42661 182792777 10.10 1.23 6.22 19400 23261 0.83 11.85
20170425 40130 41440 40050 40500 27012 110051998 3.53 0.77 2.79 13586 13426 1.01 7.50
20170424 41500 41700 39300 39400 32561 131370772 5.50 0.85 -9.65 18547 14014 1.32 9.04
20170421 46890 47010 43610 43610 45495 200589346 7.02 1.10 -10.01 21905 23590 0.93 12.64
20170414 47800 49270 47030 48460 39888 192651325 4.69 0.91 1.36 19731 20157 0.98 11.08
20170413 48330 49410 47680 47810 28834 140143371 3.59 0.56 -0.71 15936 12898 1.24 8.01
20170412 49470 49470 48000 48150 28028 136188001 2.96 0.49 -2.92 16582 11446 1.45 7.79
20170411 47800 49700 46690 49600 48884 235723400 6.29 0.82 3.66 24193 24691 0.98 13.58
20170410 47690 48400 46730 47850 60745 288504160 3.37 0.93 -3.51 33696 27049 1.25 16.87
20170407 51900 52480 49200 49590 53078 270002496 6.30 0.77 -4.74 31925 21153 1.51 14.74
20170406 51450 53300 51060 52060 65290 342353504 4.35 0.91 1.11 33630 31660 1.06 18.14
20170405 50990 51960 49000 51490 56549 287029584 5.67 0.75 -1.34 29822 26727 1.12 15.71
20170331 52350 53530 51680 52190 61154 321341664 3.52 0.71 -0.74 32307 28847 1.12 16.99
20170330 54980 54980 52200 52580 89835 478319920 5.04 0.83 -4.75 52445 37389 1.40 24.95
20170329 57900 58250 54800 55200 73931 422689264 5.88 0.57 -5.93 45310 28622 1.58 20.54
20170328 58180 59200 56910 58680 78445 456530000 3.92 0.51 0.48 44377 34068 1.30 21.79
20170327 59380 60000 57990 58400 73543 431592688 3.34 0.49 -2.83 43400 30143 1.44 20.43
20170324 61200 61750 59220 60100 112380 677786304 4.02 0.82 -4.42 66873 45507 1.47 31.22
20170323 62500 64300 59680 62880 200730 1249664000 7.39 1.89 0.54 111802 88928 1.26 55.76
20170322 57000 62540 56510 62540 183221 1109152880 10.61 2.45 10.01 106989 76232 1.40 50.89
20170321 56330 56850 54280 56850 199298 1115875008 4.97 4.76 10.00 199298 - - 55.36
20170320 51300 51680 50060 51680 50154 257665052 3.45 1.32 10.00 37250 12905 2.89 13.93
20170317 47390 48280 46980 46980 50681 241426868 2.74 1.52 -0.87 28195 22486 1.25 14.08
20170316 46070 47660 46070 47390 46315 218321538 3.46 1.41 3.13 20289 26027 0.78 12.87
20170315 46410 46660 45800 45950 27613 127365363 1.85 0.76 -1.35 17420 10193 1.71 7.67
20170314 46410 47430 46300 46580 34551 161807791 2.43 0.86 -0.02 19242 15309 1.26 9.60
20170313 45800 46620 44800 46590 31075 142300033 3.98 0.58 1.86 14436 16639 0.87 8.63
20170310 45990 46290 45450 45740 26992 123809453 1.83 0.39 -0.22 15189 11803 1.29 7.50
20170309 47390 47390 45680 45840 44532 205416246 3.60 0.54 -3.37 28673 15860 1.81 12.37
20170308 47070 48300 47070 47440 44668 212795575 2.60 0.44 0.25 24922 19747 1.26 12.41
20170307 46750 47770 46630 47320 54343 256328243 2.41 0.47 0.21 31347 22996 1.36 15.10
20170306 48000 48200 45140 47220 98658 459936576 6.38 0.94 -1.62 67332 31326 2.15 27.40
20170303 50800 52190 48000 48000 102302 519786688 8.16 1.13 -6.52 57101 45201 1.26 28.42
20170302 50160 52490 49550 51350 114163 584896112 5.82 1.52 1.58 48543 65620 0.74 31.71
20170301 49650 52260 48450 50550 142348 719881840 7.61 2.43 0.92 49732 92616 0.54 39.54
20170228 46950 50470 45130 50090 125066 612546528 11.36 3.01 6.57 44010 81056 0.54 34.74
20170227 52210 52210 46700 47000 40867 198619626 11.61 0.97 -0.99 25304 15563 1.63 11.35
20170224 47880 48300 47310 47470 32115 153410100 2.07 0.72 -0.77 17412 14703 1.18 8.92
20170223 48200 48790 47600 47840 34553 166058216 2.46 0.72 -0.93 19191 15362 1.25 9.60
20170222 47650 48600 46740 48290 60484 289271280 3.95 1.13 2.68 30052 30432 0.99 16.80
20170221 46440 47460 45630 47030 39436 183681102 3.94 0.66 1.27 18552 20884 0.89 10.95
20170220 45010 46590 45010 46440 43894 201444896 3.48 - 2.38 20667 23227 0.89 12.19
20170217 46380 46950 45000 45360 44601 205114551 4.17 0.81 -2.97 24786 19816 1.25 12.39
20170216 45900 47030 44710 46750 52504 240928513 5.06 1.04 1.90 26207 26297 1.00 14.58
20170215 45500 48400 45410 45880 86947 409372768 6.40 2.04 -1.76 40400 46547 0.87 24.15
20170214 44320 47470 43910 46700 69106 317302944 7.98 2.09 4.71 27049 42056 0.64 19.20
20170213 42830 45300 42600 44600 44514 197444915 6.30 1.35 4.08 17004 27510 0.62 12.36
20170210 43760 43760 42840 42850 21124 91256834 2.10 0.67 -2.30 13335 7788 1.71 5.87
20170209 43580 44350 43040 43860 31475 137803358 3.00 1.13 0.57 15996 15479 1.03 8.74
20170208 42800 44400 42800 43610 46587 203305384 3.81 2.14 3.93 21733 24854 0.87 12.94
20170207 42040 42310 41440 41960 21907 91727926 2.06 1.04 -0.85 12606 9300 1.36 6.09
20170206 40100 42360 40000 42320 44204 183452910 5.90 2.44 5.83 15471 28733 0.54 12.28
20170203 40050 40050 39200 39990 12884 51185075 2.12 0.57 -0.02 6402 6482 0.99 3.58
20170126 40550 40790 39860 40000 14138 56669191 2.31 0.54 -0.70 8691 5447 1.60 3.93
20170125 39980 40550 39740 40280 15647 63009059 2.02 0.53 0.42 6919 8728 0.79 4.35
20170124 40680 40680 39590 40110 18840 75307506 2.68 0.55 -1.26 11791 7049 1.67 5.23
20170123 40260 41000 40080 40620 29099 117950745 2.27 0.84 0.25 15596 13503 1.16 8.08
20170120 38690 40990 38500 40520 35155 141170523 6.38 1.06 3.76 15212 19943 0.76 9.77
20170119 38000 39880 37660 39050 33149 129448777 5.75 1.02 1.17 16598 16551 1.00 9.21
20170118 38500 39500 38150 38600 32619 126888918 3.45 1.03 -1.23 15233 17386 0.88 9.06
20170117 36200 39800 35800 39080 41509 157005640 10.99 1.49 7.36 18685 22824 0.82 11.53
20170116 38350 38680 34810 36400 31145 115738944 10.01 1.17 -5.82 17492 13653 1.28 8.65
20170113 39530 40100 38180 38650 28151 110076258 4.81 0.86 -3.13 15449 12702 1.22 7.82
20170112 39680 40110 39280 39900 28307 112490247 2.11 0.78 1.22 13099 15208 0.86 7.86
20170111 40550 40790 39290 39420 28598 114637603 3.68 0.76 -3.36 16121 12477 1.29 7.94
20170110 41300 41920 40760 40790 23359 96908210 2.81 0.56 -1.23 13384 9975 1.34 6.49
20170109 41250 42000 40580 41300 24757 102078797 3.41 0.53 -0.82 14082 10675 1.32 6.88
20170106 44110 44280 41100 41640 59443 253529542 7.15 1.42 -6.43 36233 23210 1.56 16.51
20170105 45800 46770 44500 44500 46225 211900784 4.93 1.20 -3.43 27523 18702 1.47 12.84
20170104 46210 46350 45560 46080 35389 162725941 1.70 0.91 -0.86 20326 15063 1.35 9.83
20170103 46360 46840 45650 46480 42118 194649759 2.58 1.02 0.61 23091 19027 1.21 11.70
20161230 44910 46790 44910 46200 51310 235829594 4.20 1.16 3.10 24198 27112 0.89 14.25
20161229 44720 45830 44500 44810 34781 157277725 2.97 0.77 0.02 17348 17433 1.00 9.66
20161228 45010 45950 44800 44800 29704 134555391 2.53 0.60 -1.39 17239 12466 1.38 8.25
20161227 45640 46190 45040 45430 36669 167342202 2.48 0.73 -1.92 20020 16650 1.20 10.19
20161226 45120 46550 43510 46320 53840 244079663 6.72 1.02 2.36 26650 27190 0.98 14.96
20161223 48610 48790 45200 45250 65941.91 307552165.200
20161222 49080 49880 48350 48730 39804.18 195272570.210
20161221 49820 50050 48310 49070 51324.87 251603337.630
20161220 49410 50300 49200 49620 41801.03 207845772.370
20161219 49910 51220 48480 50110 63796.19 318638460.580
20161216 52120 53000 48900 50130 99372.94 505032688.920
20161215 52000 54600 51610 52350 100449.82 533273235.260
20161214 56000 58630 53880 55050 130149.89 733151052.190
20161213 55220 63410 55220 56600 155022.52 889252474.810
20161212 58000 62000 57060 61360 210578.82 1265314130.010
20161209 56420 56420 56420 56420 1309.39 7387578.380
20161208 51290 51290 51290 51290 349.00 1790021.000
20161207 46630 46630 46630 46630 283.00 1319629.000
20161206 42390 42390 42390 42390 203.24 861534.360
20161205 38540 38540 38540 38540 207.08 798086.320
20161202 35040 35040 35040 35040 136.00 476544.000
20161201 31850 31850 31850 31850 112.00 356720.000
20161130 28950 28950 28950 28950 56.98 164957.100
20161129 26320 26320 26320 26320 81.00 213192.000
20161128 23930 23930 23930 23930 27.48 65759.640
20161125 21750 21750 21750 21750 56.47 122822.250
20161124 17060 19770 17060 19770 97.00 191398.000
