20191129 8740 8890 8460 8460 260124 225601767 4.92 1.03 -3.20 126606 133518 0.95 3.89
20191128 8210 8840 8100 8740 295505 250637051 8.73 1.16 3.07 128285 167220 0.77 7.88
20191127 9050 9210 8460 8480 261398 230943372 8.28 1.07 -6.40 149374 112024 1.33 6.97
20191126 8880 9270 8420 9060 290952 256492942 9.51 1.23 1.34 153870 137082 1.12 7.91
20191125 9220 9320 8920 8940 148685 134749987 4.27 0.57 -4.49 84954 63731 1.33 4.04
20191122 9640 9770 9320 9360 266307 252837738 4.67 0.98 -2.90 150482 115825 1.30 7.24
20191121 9430 9680 9110 9640 305355 287689136 5.97 1.07 1.05 144018 161336 0.89 8.30
20191120 9300 9540 9180 9540 211416 198469682 3.84 0.73 1.81 95603 115812 0.83 5.75
20191119 9580 9650 9320 9370 248591 235135290 3.42 0.88 -3.00 167808 80783 2.08 6.76
20191118 9700 9910 9490 9660 268664 259213777 4.32 0.95 -0.62 146344 122320 1.20 7.31
20191115 9440 9850 9290 9720 322736 308381648 5.80 1.04 0.73 149443 173292 0.86 10.54
20191114 8910 9750 8910 9650 379600 357380864 9.25 1.15 6.28 159598 220002 0.73 12.40
20191113 9250 9250 8780 9080 222174 200029404 5.08 0.55 -1.84 127077 95097 1.34 7.26
20191112 9230 9430 9100 9250 227115 209905566 3.51 0.48 -1.49 133518 93597 1.43 7.42
20191111 9530 9750 9250 9390 266025 252931292 5.27 0.47 -0.95 135886 130139 1.04 8.69
20191108 9970 10240 9420 9480 461110 452250608 8.30 0.74 -4.05 283839 177271 1.60 15.07
20191107 9710 10170 9650 9880 479549 477122672 5.30 0.75 0.71 255072 224477 1.14 15.67
20191106 9470 10100 9390 9810 587909 577258304 7.40 0.84 2.29 277442 310468 0.89 19.21
20191105 9330 9710 8980 9590 589614 546422912 7.82 0.83 2.68 306369 283245 1.08 19.26
20191104 8400 9680 8400 9340 705424 637317936 13.79 1.06 0.65 266173 439251 0.61 23.05
20191101 8790 10030 8680 9280 757641 715932336 14.80 1.41 1.75 397032 360609 1.10 24.75
20191031 9550 9550 8850 9120 551205 503342544 7.12 1.20 -7.22 301945 249260 1.21 18.01
20191030 9990 10760 9800 9830 897617 918923632 9.27 3.07 -5.12 472533 425084 1.11 29.33
20191029 9700 10360 9560 10360 652064 661070192 8.49 3.31 9.98 391695 260369 1.50 21.31
20191028 9420 9420 9290 9420 456513 429884656 1.52 3.87 10.05 368733 87780 4.20 14.92
20191025 8740 8740 8370 8560 124059 106115385 4.28 1.17 -0.93 72798 51261 1.42 4.05
20191024 8520 8760 8420 8640 165767 142330064 4.03 1.86 2.37 74001 91766 0.81 5.42
20191023 8500 8580 8330 8440 62162 52465182 2.94 0.66 -0.71 29647 32515 0.91 2.03
20191022 8210 8600 8040 8500 176909 146669418 6.77 1.87 2.78 86863 90046 0.96 5.78
20191021 8400 8400 8080 8270 60817 50088933 3.83 0.38 -0.96 31193 29624 1.05 1.99
20191018 8350 8590 8260 8350 66623 55890524 3.88 0.33 -1.88 38009 28614 1.33 2.18
20191017 8520 8650 8330 8510 80178 68127686 3.75 0.34 -0.35 39928 40251 0.99 2.62
20191016 8680 8740 8520 8540 84974 73069607 2.51 0.33 -2.62 49049 35925 1.37 2.78
20191015 9050 9090 8560 8770 181645 159237928 5.87 0.79 -2.88 107168 74477 1.44 5.93
20191014 8650 9150 8580 9030 386213 344367008 6.59 2.18 4.39 175561 210652 0.83 12.62
20191011 8640 8680 8430 8650 283215 241971209 2.86 1.91 -1.03 157418 125798 1.25 9.25
20191010 8160 8930 8120 8740 250301 213812355 9.84 1.85 6.20 88398 161903 0.55 8.18
20191009 8010 8280 7860 8230 175753 141541000
20191008 8330 8360 8070 8220 61160 50311813 3.49 0.50 -0.96 32999 28161 1.17 2.00
20190930 8610 8750 8120 8300 115484 96977113 7.26 0.88 -4.38 69618 45866 1.52 3.77
20190927 8190 8800 8130 8680 139709 118595769 7.89 1.21 2.24 44360 95349 0.47 4.56
20190926 8400 8530 7630 8490 185024 150566233 10.74 2.11 1.31 93860 91163 1.03 6.05
20190925 8810 8830 8380 8380 82843 71096000
20190924 8760 8880 8700 8790 93538 82358249 2.03 1.22 -0.79 55964 37574 1.49 3.06
20190923 8710 8930 8330 8860 155698 135648023 6.89 2.79 1.72 65820 89878 0.73 5.09
20190920 8690 8780 8570 8710 60677 52776754 2.41 0.99 -0.11 26240 34437 0.76 1.98
20190919 8770 8840 8670 8720 46559 40658385 1.93 0.56 -0.80 28137 18422 1.53 1.52
20190918 8510 8880 8510 8790 69747 60922261 4.30 0.70 2.21 19533 50214 0.39 2.28
20190917 8640 8740 8520 8600 50163 43266095 2.55 0.43 -0.46 24273 25890 0.94 1.64
20190916 8550 8750 8450 8640 52191 45065541 3.49 0.36 0.58 21660 30531 0.71 1.71
20190912 8570 8820 8440 8590 87718 75435351 4.42 0.58 -0.12 53948 33770 1.60 2.87
20190911 9000 9130 8600 8600 159002 139466000
20190910 8740 9150 8620 9070 146410 130627790 6.02 1.18 2.95 61904 84506 0.73 4.78
20190909 8510 8880 8410 8810 138878 119470881 5.54 1.22 3.77 68521 70357 0.97 4.54
20190906 8130 8490 7980 8490 195872 161616646 6.30 1.82 4.94 88869 107003 0.83 6.40
20190905 8190 8220 8070 8090 110356 89637454 1.83 1.00 -1.22 81749 28607 2.86 3.61
20190904 8370 8390 8060 8190 109320 90109373 3.99 0.95 -1.09 65487 43833 1.49 3.57
20190903 8360 8420 8220 8280 67523 56048000
20190902 8300 8450 8230 8390 85145 71095000
20190830 8650 9080 8350 8400 166795 144451740 8.38 1.56 -3.56 96764 70031 1.38 5.45
20190829 8350 8760 8200 8710 121456 103225993 6.67 1.26 3.69 46056 75400 0.61 3.97
20190828 8650 8650 8200 8400 134071 112281290 5.24 1.64 -2.10 82356 51715 1.59 4.38
20190827 8080 8660 8070 8580 127490 106665787 7.32 1.64 6.45 37708 89783 0.42 4.17
20190826 8000 8140 7910 8060 43446 34941829 2.82 0.44 -1.23 23027 20419 1.13 1.42
20190823 8010 8180 7830 8160 108399 87339444 4.44 1.04 3.42 42612 65787 0.65 3.54
20190822 7830 8070 7830 7890 66998 53115166 3.05 0.56 0.38 37064 29934 1.24 2.19
20190821 7920 7950 7800 7860 61370 48219311 1.88 0.45 -1.50 38446 22924 1.68 2.01
20190820 8040 8150 7800 7980 107432 85364477 4.35 0.82 -0.87 66356 41076 1.62 3.51
20190819 8340 8400 7990 8050 147392 120122488 5.16 1.17 1.39 81872 65520 1.25 4.82
20190816 7770 8070 7730 7940 140126 110969000 4.30 1.23 0.51 76590 63537 1.21 4.58
20190815 7700 7970 7610 7900 145292 112788093 4.60 1.52 0.89 79800 65492 1.22 4.75
20190814 7360 7870 7310 7830 136189 103682446 7.61 1.52 6.39 48198 87991 0.55 4.45
20190813 7230 7360 7120 7360 82136 59584246 3.31 0.92 1.38 32797 49339 0.66 2.68
20190812 7280 7450 7210 7260 124188 90351000
20190809 7230 7350 7180 7280 83617 60827146 2.35 1.01 0.69 22158 61459 0.36 2.73
20190808 7190 7280 7120 7230 52243 37565097 2.23 0.56 0.56 27318 24925 1.10 1.71
20190807 6850 7200 6780 7190 104468 73449543 6.15 1.05 5.27 43537 60931 0.71 3.41
20190806 6920 7010 6750 6830 81380 56049535 3.67 0.72 -3.67 52385 28995 1.81 2.66
20190805 7390 7440 7050 7090 85037 61550566 5.28 0.75 -4.06 59484 25553 2.33 2.78
20190802 7220 7440 7180 7390 90090 66008356 3.54 0.74 0.54 41063 49027 0.84 2.94
20190801 7310 7520 7300 7350 106389 78614182 2.96 0.81 -0.94 62593 43796 1.43 3.48
20190731 7480 7550 7290 7420 135421 100001945 3.50 0.98 -0.13 78630 56791 1.38 4.42
20190730 7120 7490 7060 7430 149765 109544338 5.99 1.15 3.48 58651 91114 0.64 4.89
20190729 7270 7270 7050 7180 84493 60220056 3.03 0.59 -1.10 53142 31351 1.70 2.76
20190726 7180 7500 7080 7260 134044 97583229 5.82 0.87 0.55 67583 66461 1.02 4.38
20190725 7320 7370 7060 7220 153772 110850671 4.26 0.94 -0.82 75581 78192 0.97 5.02
20190724 6850 7300 6810 7280 167614 119148018 7.14 1.02 6.12 66757 100857 0.66 5.48
20190723 6840 7020 6750 6860 112006 77056112 3.95 0.64 0.29 71166 40840 1.74 3.66
20190722 7210 7280 6810 6840 148224 104226279 6.50 0.84 -5.39 89747 58478 1.53 4.84
20190719 7590 7600 7180 7230 189039 138482733 5.63 1.01 -3.08 126521 62519 2.02 6.18
20190718 7030 7520 6850 7460 198482 144276892 9.57 0.99 6.57 61840 136642 0.45 6.49
20190717 7140 7360 6980 7000 170114 122014689 5.23 0.69 -3.58 99233 70881 1.40 5.56
20190716 6900 7310 6840 7260 166628 117733229 6.75 0.65 4.31 59029 107599 0.55 5.44
20190715 6690 6980 6590 6960 158372 108171228 5.83 0.63 4.04 64812 93560 0.69 5.17
20190712 7000 7000 6610 6690 239734 162224771 5.68 1.07 -2.62 147701 92033 1.60 7.83
20190711 6600 6950 6500 6900 271860 183273686 6.52 1.42 0.00 147633 124227 1.19 8.88
20190710 6360 7000 6260 6900 398571 272532080 11.64 3.42 8.49 214978 183592 1.17 13.02
20190709 6680 7130 6210 6360 214372 143796679 13.75 2.75 -4.93 117052 97320 1.20 7.00
20190708 6500 6730 6310 6690 140872 93001760 6.52 2.27 3.88 51457 89415 0.58 4.60
20190705 6430 6600 6270 6440 92731 59719939 5.12 1.68 -0.16 55899 36832 1.52 3.03
20190704 6080 6660 6080 6450 110232 70564697 9.54 2.70 6.09 43551 66681 0.65 3.60
20190703 6190 6200 6060 6080 24124 14722706 2.26 0.56 -1.78 17792 6332 2.81 0.79
20190702 6270 6270 6180 6190 22147 13753726 1.43 0.46 -1.43 15501 6646 2.33 0.72
20190701 6350 6440 6220 6280 60506 38169723 3.50 1.46 0.00 36611 23895 1.53 1.98
20190628 6210 6280 6060 6280 59259 36327924 3.58 1.54 2.28 29226 30034 0.97 1.94
20190627 6310 6310 6130 6140 37983 23522632 2.89 0.86 -1.29 27598 10385 2.66 1.24
20190626 6340 6400 6200 6220 33915 21226256 3.16 0.75 -1.58 22808 11107 2.05 1.11
20190625 6400 6400 6120 6320 47360 29595097 4.36 0.90 -1.56 29627 17733 1.67 1.55
20190624 6480 6540 6380 6420 28652 18472859 2.49 0.50 -0.16 16262 12390 1.31 0.94
20190621 6540 6550 6370 6430 43937 28465063 2.75 0.68 -1.68 26079 17858 1.46 1.44
20190620 6450 6600 6410 6540 65894 42987515 2.96 0.93 1.87 34519 31375 1.10 2.15
20190619 6460 6540 6330 6420 40989 26532757 3.27 0.46 -0.16 23000 17989 1.28 1.34
20190618 6590 6650 6200 6430 82234 52224802 6.82 0.87 -2.58 47500 34734 1.37 2.69
20190617 6470 6660 6380 6600 55413 36096124 4.32 0.58 1.85 23637 31776 0.74 1.81
20190614 6660 6680 6480 6480 80183 52598205 3.01 0.85 -2.56 52722 27461 1.92 2.62
20190613 6340 6670 6340 6650 96343 62900270 5.11 1.05 2.94 43617 52727 0.83 3.15
20190612 6460 6740 6350 6460 135203 88738973 6.03 1.77 -0.15 60625 74577 0.81 4.42
20190611 6230 6530 6190 6470 103745 66146630 5.50 1.34 4.69 35582 68163 0.52 3.39
20190610 6250 6290 6090 6180 62981 38878981 3.21 0.79 -0.80 35211 27770 1.27 2.06
20190606 6270 6400 6120 6230 75821 47162328 4.44 0.94 -1.11 35558 40264 0.88 2.48
20190605 6310 6450 6180 6300 81124 51444046 4.28 0.99 -0.16 42331 38792 1.09 2.65
20190604 6250 6330 6180 6310 57528 35923175 2.39 0.66 0.64 26073 31456 0.83 1.88
20190603 6070 6330 6050 6270 109327 68367919 4.58 1.51 2.45 36291 73036 0.50 3.57
20190531 6040 6290 6030 6120 74888 46052825 4.27 1.22 0.49 37592 37296 1.01 2.45
20190530 5930 6090 5820 6090 79569 47415790 4.58 1.48 3.40 29725 49844 0.60 2.60
20190529 5720 5920 5640 5890 88515 51640000
20190528 5530 5780 5500 5700 85416 48576144 5.10 3.08 3.83 35180 50236 0.70 2.79
20190527 5350 5520 5280 5490 33728 18370108 4.49 1.32 2.81 10647 23082 0.46 1.10
20190524 5360 5440 5280 5340 20740 11101733 2.97 0.69 -0.93 12198 8542 1.43 0.68
20190523 5340 5500 5300 5390 40224 21725902 3.73 1.40 0.56 17869 22355 0.80 1.31
20190522 5370 5420 5320 5360 23174 12456785 1.86 0.77 -0.19 13519 9655 1.40 0.76
20190521 5270 5410 5260 5370 20795 11138900 2.83 0.61 1.32 8023 12772 0.63 0.68
20190520 5240 5360 5170 5300 22848 12016003 3.59 0.68 0.19 12894 9954 1.30 0.75
20190517 5490 5540 5280 5290 43495 23689301 4.73 1.32 -3.82 25879 17616 1.47 1.42
20190516 5490 5530 5450 5500 33475 18397108 1.45 1.05 0.00 19871 13604 1.46 1.09
20190515 5460 5520 5430 5500 30324 16599843 1.65 0.92 0.92 15955 14369 1.11 0.99
20190514 5760 5760 5370 5450 39094 21517376 7.22 1.18 0.93 18423 20671 0.89 1.28
20190513 5400 5410 5360 5400 22829 12297499 0.92 0.49 -0.55 13427 9403 1.43 0.75
20190510 5310 5440 5230 5430 38493 20664123 3.96 0.84 2.45 17420 21074 0.83 1.26
20190509 5290 5370 5260 5300 28537 15170529 2.08 0.54 0.00 16550 11987 1.38 0.93
20190508 5160 5370 5150 5300 36170 19164610 4.14 0.65 -0.19 17302 18868 0.92 1.18
20190507 5260 5350 5210 5310 39512 20884103 2.68 0.64 1.53 23199 16313 1.42 1.29
20190506 5690 5690 5180 5230 89075 47436774 8.87 1.52 -9.04 66491 22584 2.94 2.91
20190430 5560 5760 5560 5750 36177 20691401 3.58 0.48 2.86 15020 21157 0.71 1.18
20190429 5920 5950 5310 5590 63036 35805154 10.85 0.65 -5.25 37951 25085 1.51 2.06
20190426 5960 6040 5900 5900 51272 30654904 2.34 0.51 -1.34 27755 23517 1.18 1.68
20190425 6250 6270 5980 5980 69403 42600988 4.62 0.69 -4.78 41279 28125 1.47 2.27
20190424 6220 6310 6070 6280 73978 45705863 3.86 0.72 1.13 35790 38188 0.94 2.42
20190423 6450 6450 6170 6210 120154 75835553 4.31 1.32 -4.31 76209 43945 1.73 3.93
20190422 6350 6630 6320 6490 167862 108362826 4.87 2.34 2.04 77581 90281 0.86 5.48
20190419 6280 6380 6220 6360 76005 47954026 2.56 1.16 1.60 29844 46161 0.65 2.48
20190418 6300 6390 6260 6260 63672 40270689 2.05 0.92 -1.11 37482 26191 1.43 2.08
20190417 6250 6340 6210 6330 83242 52292683 2.08 1.17 1.44 31557 51685 0.61 2.72
20190416 6180 6250 6050 6240 65086 39969687 3.24 0.81 1.13 32094 32992 0.97 2.13
20190415 6230 6330 6140 6170 71108 44562101 3.06 0.81 -0.48 38358 32750 1.17 2.32
20190412 6200 6240 6130 6200 44753 27663797 1.77 0.46 0.00 24948 19805 1.26 1.46
20190411 6330 6350 6190 6200 80169 50244708 2.54 0.75 -1.74 49956 30213 1.65 2.62
20190410 6370 6380 6260 6310 93372 58956893 1.88 0.86 -1.10 49214 44158 1.11 3.05
20190409 6280 6390 6210 6380 114646 72586970 2.86 1.11 1.27 56894 57752 0.99 3.75
20190408 6380 6420 6170 6300 103556 65299615 3.94 1.09 -0.79 58754 44801 1.31 3.38
20190404 6350 6370 6250 6350 99519 62982357 1.89 1.17 0.16 50232 49287 1.02 3.25
20190403 6420 6420 6260 6340 125811 79740976 2.56 1.76 1.44 63425 62386 1.02 4.11
20190402 6250 6340 6180 6250 102178 63919305 2.58 1.36 0.64 49923 52255 0.96 3.34
20190401 6110 6250 6070 6210 87577 54127063 2.97 0.99 2.31 46782 40795 1.15 2.86
20190329 5950 6080 5830 6070 58907 35225906 4.21 0.57 2.19 26842 32065 0.84 1.92
20190328 6050 6080 5930 5940 51920 31136401 2.48 0.48 -1.66 34871 17049 2.05 1.70
20190327 6180 6180 5960 6040 57384 34667403 3.61 0.51 -0.98 37529 19855 1.89 1.87
20190326 6320 6320 6060 6100 119187 73977561 4.04 1.12 -5.13 80808 38379 2.11 3.89
20190325 6250 6440 6220 6430 154436 97633983 3.46 1.52 1.10 75029 79406 0.94 5.05
20190322 6310 6370 6210 6360 131145 82511716 2.58 1.33 2.58 60510 70635 0.86 4.28
20190321 6200 6290 6180 6200 77350 48198839 1.77 0.67 0.00 44033 33318 1.32 2.53
20190320 6320 6320 6070 6200 81920 50727074 3.97 0.67 -1.59 53204 28716 1.85 2.68
20190319 6360 6370 6230 6300 85961 54094973 2.19 0.67 -1.56 55631 30331 1.83 2.81
20190318 6240 6440 6170 6400 130011 81724716 4.33 1.09 2.56 65441 64571 1.01 4.25
20190315 6110 6240 5980 6240 116840 71432604 4.26 0.96 2.30 58831 58009 1.01 3.82
20190314 6430 6600 6010 6100 160305 99621022 9.77 1.37 0.99 85719 74586 1.15 5.24
20190313 6100 6240 5980 6040 115612 70583534 4.26 0.90 -0.98 62450 53162 1.17 3.78
20190312 5990 6170 5980 6100 120502 73377270 3.18 0.99 2.18 55186 65315 0.84 3.94
20190311 5750 5980 5750 5970 81468 47969312 4.01 0.63 4.01 38568 42900 0.90 2.66
20190308 6100 6140 5700 5740 131769 78928326 7.12 1.11 -7.12 83627 48142 1.74 4.31
20190307 6080 6280 6040 6180 136983 84229623 3.93 1.28 1.15 70040 66943 1.05 4.48
20190306 5900 6200 5900 6110 174129 105068848 5.08 1.89 3.38 82402 91727 0.90 5.69
20190305 5800 5920 5790 5910 86613 50770546 2.22 0.84 0.85 43585 43028 1.01 2.83
20190304 5880 5980 5810 5860 120599 71159603 2.90 1.18 -0.17 67827 52772 1.29 3.94
20190301 5790 5920 5730 5870 77696 45342135 3.28 0.79 1.38 39702 37994 1.04 2.54
20190228 5850 5890 5730 5790 74130 42968257 2.74 0.77 -0.69 47176 26954 1.75 2.42
20190227 5720 5850 5680 5830 102515 59106072 2.97 1.16 1.92 54365 48150 1.13 3.35
20190226 5750 5980 5670 5720 139889 81341689 5.38 1.73 -0.69 73965 65924 1.12 4.57
20190225 5560 5780 5540 5760 116811 66257411 4.34 1.62 4.16 48873 67938 0.72 3.82
20190222 5430 5540 5400 5530 57822 31723160 2.58 0.84 1.84 23685 34137 0.69 1.89
20190221 5470 5550 5430 5430 64412 35356437 2.19 1.01 -0.91 37867 26545 1.43 2.10
20190220 5510 5510 5390 5480 63688 34673235 2.18 1.03 -0.36 39461 24227 1.63 2.08
20190219 5610 5710 5460 5500 101060 56268722 4.50 2.04 -1.08 57945 43115 1.34 3.30
20190218 5450 5570 5420 5560 74663 41111971 2.77 1.78 2.77 32074 42589 0.75 2.44
20190215 5420 5450 5390 5410 41389 22428694 1.11 1.03 -0.18 23247 18142 1.28 1.35
20190214 5430 5460 5410 5420 38390 20826280 0.92 1.00 -0.73 22634 15756 1.44 1.25
20190213 5440 5480 5370 5460 54242 29464781 2.03 1.74 0.92 26180 28062 0.93 1.77
20190212 5400 5450 5380 5410 39206 21182971 1.30 1.39 0.19 21781 17424 1.25 1.28
20190211 5350 5410 5280 5400 36834 19751981 2.43 1.53 1.12 16657 20176 0.83 1.20
20190201 5190 5380 5150 5340 32119 16965711 4.43 1.49 2.89 10441 21678 0.48 1.05
20190131 5220 5250 5060 5190 29117 15000804 3.64 1.50 -0.57 12959 16158 0.80 0.95
20190130 5150 5240 5090 5220 18911 9765869 2.91 1.05 1.16 7546 11365 0.66 0.62
20190129 5150 5190 5050 5160 24441 12518566 2.70 1.46 -0.39 14322 10119 1.42 0.80
20190128 5250 5310 5160 5180 16019 8385783 2.87 0.86 -0.77 10569 5450 1.94 0.52
20190125 5350 5350 5210 5220 19107 10049040 2.65 0.91 -1.14 12925 6183 2.09 0.62
20190124 5270 5290 5230 5280 18439 9713478 1.15 0.85 0.96 8116 10323 0.79 0.60
20190123 5200 5270 5200 5230 12132 6355086 1.34 0.51 -0.19 7528 4604 1.64 0.40
20190122 5270 5290 5210 5240 17951 9436923 1.51 0.69 -0.95 12438 5513 2.26 0.59
20190121 5230 5320 5230 5290 25152 13284673 1.71 0.96 0.57 13910 11242 1.24 0.82
20190118 5250 5300 5180 5260 31631 16574551 2.29 1.24 0.19 19865 11766 1.69 1.03
20190117 5360 5370 5250 5250 21254 11246814 2.24 0.79 -2.05 14497 6757 2.15 0.69
20190116 5380 5420 5340 5360 21863 11754630 1.48 0.71 -0.56 11208 10655 1.05 0.71
20190115 5450 5450 5310 5320 26678 14266033 2.63 0.79 0.00 15596 11082 1.41 0.87
20190114 5450 5450 5310 5320 26678 14267000
20190111 5270 5350 5250 5320 27934 14807000
20190110 5280 5330 5260 5260 27670 14651000
20190109 5330 5420 5300 5300 42481 22757511 2.26 1.57 -0.38 23192 19289 1.20 1.39
20190108 5300 5380 5270 5320 35877 19104435 2.06 1.43 -0.19 19711 16166 1.22 1.17
20190107 5320 5350 5240 5330 33943 18006017 2.08 1.48 0.95 18525 15418 1.20 1.11
20190104 5110 5300 5100 5280 33707 17659213 3.85 1.60 1.54 16342 17365 0.94 1.10
20190103 5150 5200 5130 5200 16075 8309503 1.36 0.59 0.97 8642 7433 1.16 0.53
20190102 5240 5250 5130 5150 15997 8258029 2.32 0.55 -0.58 9722 6275 1.55 0.52
20181228 5100 5180 5070 5180 26064 13343595 2.16 0.81 1.77 12049 14015 0.86 0.85
20181227 5300 5320 5090 5090 22667 11789040 4.41 0.56 -2.49 13711 8956 1.53 0.74
20181226 5190 5240 5160 5220 24305 12639906 1.54 0.44 0.38 13841 10464 1.32 0.79
20181225 5190 5200 5000 5200 48128 24589105 3.80 0.66 -1.14 28357 19771 1.43 1.57
20181224 5210 5280 5190 5260 25048 13133276 1.72 0.23 0.77 12307 12741 0.97 0.82
20181221 5280 5280 5160 5220 41492 21662271 2.26 0.36 -1.51 26923 14569 1.85 1.36
20181220 5390 5420 5230 5300 61766 32787608 3.53 0.50 -1.67 39557 22209 1.78 2.02
20181219 5570 5610 5380 5390 99343 54541702 4.08 0.89 -4.43 74375 24968 2.98 3.25
20181218 5710 5780 5580 5640 137948 78136000
20181217 5490 6040 5490 5870 208160 120698068 10.02 3.70 6.92 99458 108702 0.91 6.80
20181214 5600 5630 5410 5490 72278 39952674 3.89 1.36 -2.83 48164 24114 2.00 2.36
20181213 5550 5680 5430 5650 99242 55696876 4.52 2.55 2.17 40337 58905 0.68 3.24
20181212 5500 5580 5460 5530 37429 20638936 2.18 0.98 0.55 20003 17426 1.15 1.22
20181211 5460 5530 5380 5500 35290 19230038 2.78 0.96 2.04 16072 19218 0.84 1.15
20181210 5400 5460 5340 5390 37322 20139606 2.18 1.01 -2.18 23569 13753 1.71 1.22
20181207 5380 5650 5360 5510 56573 31155567 5.37 1.86 2.04 25422 31151 0.82 1.85
20181206 5470 5530 5390 5400 28171 15331350 2.55 0.94 -1.82 19132 9039 2.12 0.92
20181205 5400 5510 5360 5500 33551 18280414 2.73 1.21 0.00 15599 17952 0.87 1.10
20181204 5410 5500 5390 5500 28396 15504694 2.03 1.10 1.29 10718 17678 0.61 0.93
20181203 5380 5500 5350 5430 38731 21012284 2.84 1.60 2.84 19054 19677 0.97 1.27
20181130 5200 5310 5190 5280 23595 12367250 2.31 0.77 1.54 11705 11890 0.98 0.77
20181129 5390 5400 5200 5200 25605 13617624 3.72 0.79 -3.17 16570 9035 1.83 0.84
20181128 5320 5370 5220 5370 22314 11862890 2.81 0.65 0.75 10749 11565 0.93 0.73
20181127 5290 5380 5290 5330 18403 9797202 1.71 0.42 1.14 11097 7306 1.52 0.60
20181126 5240 5340 5220 5270 30878 16328442 2.29 0.57 0.76 14977 15901 0.94 1.01
20181123 5560 5590 5220 5230 56800 30649425 6.65 1.00 -5.94 40954 15846 2.58 1.86
20181122 5580 5640 5530 5560 34399 19186249 1.98 0.54 0.00 17486 16912 1.03 1.12
20181121 5410 5580 5410 5560 31894 17586830 3.10 0.45 1.28 15757 16137 0.98 1.04
20181120 5650 5730 5480 5490 65946 37019000
20181119 5600 5750 5530 5740 84005 47360000
20181116 5690 5760 5600 5630 66359 37444000
20181115 5500 5680 5500 5680 70594 39523713 3.26 1.28 2.90 28072 42522 0.66 2.31
20181114 5500 5630 5480 5520 66844 37087204 2.70 1.37 -0.54 36350 30495 1.19 2.18
20181113 5370 5570 5360 5550 81621 44818927 3.85 2.15 1.83 35003 46618 0.75 2.67
20181112 5280 5570 5260 5450 68233 36803172 5.88 2.14 3.42 27994 40239 0.70 2.23
20181109 5290 5320 5250 5270 23445 12397691 1.32 0.64 -0.75 12837 10608 1.21 0.77
20181108 5380 5380 5290 5310 35788 19085946 1.68 0.97 -0.75 20790 14998 1.39 1.17
20181107 5340 5400 5310 5350 34525 18497272 1.69 0.90 0.19 18948 15577 1.22 1.13
20181106 5380 5400 5270 5340 28159 14976810 2.41 0.75 -1.11 18484 9675 1.91 0.92
20181105 5400 5450 5320 5400 37349 20075679 2.42 1.13 0.37 20580 16769 1.23 1.22
20181102 5300 5400 5300 5380 48653 25999655 1.90 1.72 2.09 24525 24128 1.02 1.59
20181101 5280 5340 5250 5270 36060 19099466 1.71 1.28 0.19 20394 15666 1.30 1.18
20181031 5240 5430 5180 5260 42578 22606881 4.80 1.63 0.96 22023 20555 1.07 1.39
20181030 5120 5220 5090 5210 23605 12186085 2.55 0.80 2.16 11330 12275 0.92 0.77
20181029 5170 5200 5090 5100 14169 7295421 2.12 0.35 -1.92 9804 4365 2.25 0.46
20181026 5250 5300 5150 5200 24897 13027183 2.89 0.57 0.19 14688 10209 1.44 0.81
20181025 5080 5230 5050 5190 35617 18287638 3.38 0.82 -2.63 20008 15609 1.28 1.16
20181024 5340 5450 5320 5330 32541 17496317 2.45 0.77 0.57 17961 14580 1.23 1.06
20181023 5460 5480 5290 5300 41066 22045581 3.47 1.06 -3.11 26166 14900 1.76 1.34
20181022 5400 5550 5220 5470 70663 38263123 6.21 2.39 3.01 32982 37681 0.88 2.31
20181019 5150 5330 5070 5310 39394 20673930 5.00 1.20 2.12 15473 23921 0.65 1.29
20181018 5200 5230 5010 5200 34513 17625258 4.23 0.83 0.00 18506 16007 1.16 1.13
20181017 5260 5290 5100 5200 25031 13020919 3.65 0.59 -0.19 12926 12105 1.07 0.82
20181016 5250 5300 5130 5210 23804 12438543 3.22 0.57 -1.33 13424 10380 1.29 0.78
20181015 5300 5380 5120 5280 24962 13095344 4.92 0.55 0.00 14236 10726 1.33 0.82
20181012 5040 5300 4840 5280 55417 28424892 8.93 1.36 2.52 28347 27070 1.05 1.81
20181011 5100 5280 4920 5150 78619 40302031 6.62 2.12 -5.33 44351 34268 1.29 2.57
20181010 5390 5510 5390 5440 30782 16757718 2.23 0.74 0.93 14435 16347 0.88 1.01
20181009 5360 5420 5360 5390 19911 10730471 1.12 0.39 0.56 10380 9531 1.09 0.65
20181008 5460 5470 5350 5360 40162 21675642 2.17 0.66 -2.90 26468 13694 1.93 1.31
20180928 5510 5550 5460 5520 34549 19041451 1.64 0.42 0.36 18436 16113 1.14 1.13
20180927 5670 5670 5500 5500 60252 33640415 2.99 0.47 -3.17 42094 18159 2.32 1.97
20180926 5680 5710 5640 5680 52289 29696561 1.23 0.37 -0.35 27724 24566 1.13 1.71
20180925 5650 5710 5620 5700 65181 36931536 1.57 0.49 -0.52 34358 30823 1.11 2.13
20180921 5700 5750 5660 5730 89936 51286689 1.57 0.76 -0.17 49102 40833 1.20 2.94
20180920 5710 5940 5690 5740 142831 82286640 4.27 1.54 -1.88 83788 59043 1.42 4.67
20180919 6130 6190 5790 5850 284296 170321996 6.72 7.45 -1.68 147853 136443 1.08 9.29
20180918 5370 5950 5370 5950 133113 78378290 10.72 9.53 9.98 114001 19112 5.96 4.35
20180917 5410 5450 5350 5410 15084 8142685 1.85 1.04 0.19 9309 5775 1.61 0.49
20180914 5480 5490 5390 5400 15198 8253309 1.83 0.97 -0.92 9525 5673 1.68 0.50
20180913 5410 5480 5400 5450 16819 9137783 1.49 1.08 1.30 7996 8823 0.91 0.55
20180912 5380 5430 5350 5380 10483 5657551 1.49 0.62 0.19 4286 6197 0.69 0.34
20180911 5390 5390 5320 5370 12282 6577831 1.31 0.64 0.37 7254 5028 1.44 0.40
20180910 5450 5450 5340 5350 17855 9584732 2.02 0.92 -1.83 12623 5232 2.41 0.58
20180907 5400 5470 5360 5450 20620 11202418 2.04 0.88 0.93 8820 11800 0.75 0.67
20180906 5390 5440 5360 5400 16609 8955239 1.48 0.64 0.00 10531 6078 1.73 0.54
20180905 5450 5480 5400 5400 17801 9693282 1.46 0.69 -1.46 12193 5608 2.17 0.58
20180904 5480 5500 5410 5480 23070 12603301 1.65 0.86 0.37 14196 8874 1.60 0.75
20180903 5480 5490 5380 5460 19195 10425502 2.00 0.67 -0.91 12219 6976 1.75 0.63
20180831 5340 5550 5340 5510 39892 21717632 3.91 1.63 2.61 16244 23648 0.69 1.30
20180830 5550 5550 5370 5370 30169 16428797 3.26 1.35 -2.72 19692 10477 1.88 0.99
20180829 5580 5590 5510 5520 17567 9739375 1.44 0.77 -0.90 11673 5894 1.98 0.57
20180828 5620 5630 5510 5570 26625 14838660 2.15 1.15 -0.36 15886 10739 1.48 0.87
20180827 5520 5620 5500 5590 29527 16454492 2.18 1.31 1.45 12772 16754 0.76 0.96
20180824 5520 5550 5480 5510 18635 10283564 1.27 0.76 -0.18 12084 6551 1.84 0.61
20180823 5420 5530 5420 5520 19084 10478137 2.02 0.70 1.28 9804 9280 1.06 0.62
20180822 5510 5570 5430 5450 20188 11091649 2.53 0.60 -1.62 14510 5678 2.56 0.66
20180821 5500 5570 5460 5540 28245 15620115 2.00 0.64 0.91 14993 13252 1.13 0.92
20180820 5420 5580 5340 5490 26503 14358335 4.43 0.58 1.29 13963 12540 1.11 0.87
20180817 5630 5660 5420 5420 28121 15552204 4.32 0.58 -2.34 18513 9609 1.93 0.92
20180816 5580 5660 5440 5550 33916 18939514 3.89 0.61 -1.94 19965 13952 1.43 1.11
20180815 5780 5880 5660 5660 51214 29484520 3.77 0.87 -3.08 33921 17293 1.96 1.67
20180814 5600 5960 5600 5840 81445 47135231 6.39 1.58 3.73 35505 45940 0.77 2.66
20180813 5590 5650 5520 5630 34652 19353501 2.27 0.64 -1.57 21096 13556 1.56 1.13
20180810 5740 5820 5660 5720 42582 24419308 2.77 0.79 -1.04 27243 15339 1.78 1.39
20180809 5630 5880 5600 5780 67947 39118824 4.90 1.20 1.23 35476 32471 1.09 2.22
20180808 5640 6000 5530 5710 68286 39038270 8.29 1.17 0.71 39831 28455 1.40 2.23
20180807 5570 5690 5480 5670 44367 24887990 3.77 0.77 1.80 18520 25847 0.72 1.45
20180806 5450 5680 5400 5570 47251 26131992 5.00 0.81 -0.54 26366 20885 1.26 1.54
20180803 5710 5720 5580 5600 40120 22657587 2.43 0.61 -2.78 25362 14759 1.72 1.31
20180802 5860 5900 5380 5760 83238 47117124 8.77 1.11 -2.87 48785 34454 1.42 2.72
20180801 6000 6180 5930 5930 76892 46407591 4.20 0.70 -0.34 39489 37403 1.06 2.51
20180731 5900 5950 5820 5950 40770 24022573 2.20 0.33 0.51 20814 19956 1.04 1.33
20180730 6020 6110 5910 5920 49151 29523921 3.33 0.39 -1.33 28499 20652 1.38 1.61
20180727 6150 6180 6000 6000 76531 46466776 2.89 0.65 -3.69 52946 23585 2.24 2.50
20180726 6080 6380 6040 6230 132557 81893358 5.48 1.39 0.32 71707 60850 1.18 4.33
20180725 6450 6700 6160 6210 249290 161050736 8.59 4.94 -1.27 134857 114433 1.18 8.15
20180724 5780 6290 5750 6290 115067 70977681 9.44 3.71 9.97 69503 45564 1.53 3.76
20180723 5620 5940 5560 5720 55755 32004246 6.76 2.44 1.78 30532 25223 1.21 1.82
20180720 5550 5660 5460 5620 32441 18068468 3.59 1.59 0.90 14442 18000 0.80 1.06
20180719 5550 5610 5460 5570 25910 14330475 2.70 1.26 0.36 14868 11042 1.35 0.85
20180718 5580 5640 5550 5550 22901 12823832 1.61 1.10 -0.89 13189 9712 1.36 0.75
20180717 5550 5600 5490 5600 18252 10124385 1.98 0.82 0.90 9468 8784 1.08 0.60
20180716 5610 5610 5500 5550 14834 8218245 1.96 0.65 -0.89 8732 6102 1.43 0.48
20180713 5570 5660 5570 5600 19860 11132868 1.60 0.84 -0.53 12150 7711 1.58 0.65
20180712 5470 5650 5450 5630 26795 15006462 3.62 1.23 1.81 13267 13528 0.98 0.88
20180711 5540 5550 5360 5530 24341 13326517 3.38 1.09 -1.60 14126 10215 1.38 0.80
20180710 5540 5650 5540 5620 25751 14391329 1.99 1.19 1.44 10896 14855 0.73 0.84
20180709 5450 5550 5410 5540 17927 9875966 2.57 0.72 1.84 7714 10213 0.76 0.59
20180706 5520 5550 5320 5440 24021 13095974 4.18 0.71 -1.09 13152 10869 1.21 0.78
20180705 5620 5620 5470 5550 17003 9432707 2.66 0.45 -1.42 9607 7396 1.30 0.56
20180704 5610 5650 5480 5630 27223 15153791 3.01 0.75 -0.35 17324 9899 1.75 0.89
20180703 5630 5670 5540 5650 21818 12244913 2.33 0.61 1.25 9680 12139 0.80 0.71
20180702 5660 5710 5510 5580 33799 19061083 3.48 1.04 -2.96 21804 11994 1.82 1.10
20180629 5590 5760 5360 5750 68202 38049577 6.97 2.87 0.17 33937 34266 0.99 2.23
20180628 5810 5850 5660 5740 36565 21073892 3.32 1.60 0.17 18007 18558 0.97 1.19
20180627 5730 5850 5710 5730 20055 11554001 2.42 0.79 -1.04 12834 7221 1.78 0.66
20180626 5700 5860 5610 5790 20536 11818908 4.36 0.65 1.05 9677 10859 0.89 0.67
20180625 5830 5890 5710 5730 17005 9867838 3.14 0.47 -0.17 9151 7854 1.17 0.56
20180622 5540 5760 5330 5740 24527 13944839 7.66 0.66 2.32 11927 12601 0.95 0.80
20180621 5960 5970 5600 5610 32116 18629399 6.25 0.90 -5.24 21404 10712 2.00 1.05
20180620 5760 5990 5750 5920 32231 18966489 4.10 0.94 1.02 14053 18178 0.77 1.05
20180619 6200 6290 5760 5860 50908 30438108 8.28 1.77 -8.44 31317 19591 1.60 1.66
20180615 6500 6540 6280 6400 39242 25093434 4.00 1.36 -1.54 23680 15562 1.52 1.28
20180614 6590 6630 6480 6500 32152 21044383 2.29 1.09 -0.91 19859 12293 1.62 1.05
20180613 6690 6690 6550 6560 23968 15888088 2.08 0.80 -2.38 16708 7260 2.30 0.78
20180612 6650 6800 6550 6720 25698 17176131 3.77 0.77 1.20 12355 13343 0.93 0.84
20180611 6670 6730 6600 6640 22518 15011906 1.94 0.68 -1.04 13901 8617 1.61 0.74
20180608 6840 6840 6590 6710 40221 26923052 3.66 1.30 -1.76 25722 14499 1.77 1.31
20180607 6950 6990 6810 6830 35237 24219049 2.59 1.15 -1.73 24879 10358 2.40 1.15
20180606 7000 7050 6940 6950 26987 18828724 1.57 0.68 -0.86 17211 9776 1.76 0.88
20180605 6900 7180 6850 7010 41612 29184755 4.80 1.08 1.89 17933 23679 0.76 1.36
20180604 6850 6980 6850 6880 21343 14730801 1.91 0.46 1.03 11155 10188 1.09 0.70
20180601 6810 6960 6760 6810 29642 20302616 2.90 0.54 -1.16 17684 11957 1.48 0.97
20180531 6770 6960 6770 6890 33259 22815284 2.81 0.50 2.07 15169 18090 0.84 1.09
20180530 7000 7000 6700 6750 73822 50406684 4.23 1.13 -4.93 47487 26335 1.80 2.41
20180529 7040 7190 7020 7100 34469 24488412 2.41 0.45 0.57 19055 15414 1.24 1.13
20180528 7290 7300 7060 7060 62616 44710808 3.30 0.83 -3.02 38980 23636 1.65 2.05
20180525 7480 7510 7230 7280 71065 52319077 3.75 1.03 -2.54 42903 28161 1.52 2.32
20180524 7240 7550 7220 7470 88669 65661681 4.53 1.41 2.61 44600 44069 1.01 2.90
20180523 7350 7490 7280 7280 69913 51676988 2.84 1.16 -1.49 41618 28295 1.47 2.28
20180522 7250 7500 7220 7390 88988 65516642 3.85 1.51 1.65 41909 47079 0.89 2.91
20180521 7300 7320 7190 7270 56737 41157714 1.80 0.63 0.83 26256 30481 0.86 1.85
20180518 7210 7250 7140 7210 41052 29485358 1.52 0.26 -0.41 25283 15769 1.60 1.34
20180517 7140 7260 7120 7240 57344 41364013 1.96 0.33 1.40 25321 32023 0.79 1.87
20180516 7200 7240 7130 7140 56233 40385627 1.52 0.29 -1.65 38483 17751 2.17 1.84
20180515 7170 7270 7120 7260 82778 59580250 2.09 0.36 0.97 44470 38308 1.16 2.70
20180514 7350 7360 7180 7190 213603 155156803 2.34 1.11 -6.38 132183 81420 1.62 6.98
20180511 8310 8310 7610 7680 379741 305933808 9.27 3.15 1.72 272500 107241 2.54 12.41
20180510 7320 7600 7290 7550 149536 111645951 4.22 1.53 2.72 65895 83641 0.79 4.89
20180509 7180 7380 7120 7350 159182 115444975 3.49 2.17 -1.21 94534 64648 1.46 5.20
20180508 7050 7780 7050 7440 240911 182434923 10.33 7.15 5.23 166233 74678 2.23 7.87
20180507 6930 7080 6900 7070 29990 21069092 2.61 0.68 2.46 13064 16926 0.77 0.98
20180504 6920 6980 6890 6900 22816 15822266 1.30 0.50 -0.58 13680 9136 1.50 0.75
20180503 6910 6970 6730 6940 35188 24133546 3.48 0.77 0.58 20149 15039 1.34 1.15
20180502 7040 7070 6870 6900 37070 25755837 2.85 0.78 -1.71 26267 10803 2.43 1.21
20180427 7080 7120 6950 7020 43382 30433320 2.39 0.89 -1.40 28655 14728 1.95 1.42
20180426 7220 7480 7120 7120 81929 59803729 5.06 1.90 0.00 40495 41434 0.98 2.68
20180425 7120 7180 7110 7120 29807 21266811 0.97 0.61 -0.97 18579 11228 1.65 0.97
20180424 7090 7200 7000 7190 36867 26320031 2.84 0.69 2.28 17185 19682 0.87 1.20
20180423 7000 7090 6820 7030 46068 32149983 3.77 0.77 -1.95 25469 20599 1.24 1.51
20180420 7230 7290 7030 7170 49168 35180687 3.57 0.79 -1.51 26980 22188 1.22 1.61
20180419 7280 7330 7170 7280 53197 38565142 2.19 0.82 -0.14 27447 25750 1.07 1.74
20180418 7150 7310 6960 7290 57932 41623367 4.93 0.79 2.68 26892 31040 0.87 1.89
20180417 7440 7470 7080 7100 61076 44382978 5.29 0.82 -3.66 37763 23313 1.62 2.00
20180416 7660 7660 7280 7370 76060 56590956 4.95 1.05 -3.91 46800 29260 1.60 2.49
20180413 7650 7750 7600 7670 62478 47841043 1.98 0.79 1.05 30800 31678 0.97 2.04
20180412 7600 7730 7560 7590 67328 51292856 2.21 0.84 -1.30 41539 25789 1.61 2.20
20180411 7400 7790 7400 7690 101587 77301328 5.23 1.10 3.22 43902 57685 0.76 3.32
20180410 7460 7580 7410 7450 66240 49622194 2.30 0.66 0.68 35333 30906 1.14 2.16
20180409 7380 7480 7230 7400 65175 48034949 3.34 0.55 -1.07 35885 29290 1.23 2.13
20180404 7810 7850 7400 7480 93828 71725747 5.82 0.62 -3.23 62447 31381 1.99 3.07
20180403 7620 7790 7550 7730 75248 57849240 3.08 0.44 -0.90 38472 36776 1.05 2.46
20180402 8060 8140 7600 7800 159966 126700797 6.71 0.92 -3.11 105494 54472 1.94 5.23
20180330 8130 8180 8000 8050 107557 86840850 2.23 0.52 -0.12 63672 43885 1.45 3.51
20180329 8230 8300 8000 8060 152050 123544930 3.61 0.53 -2.89 99162 52888 1.87 4.97
20180328 7890 8350 7800 8300 261047 212520310 6.79 0.98 2.47 124158 136889 0.91 8.53
20180327 7760 8180 7710 8100 181005 143844944 6.05 0.77 4.25 90444 90560 1.00 5.91
20180326 7430 7830 7030 7770 170218 126845742 10.34 0.81 0.39 86914 83304 1.04 5.56
20180323 8000 8170 7740 7740 269991 213617135 5.00 1.67 -10.00 162263 107729 1.51 8.82
20180322 8200 8810 8080 8600 539599 454684096 9.11 8.64 7.37 236297 303302 0.78 17.63
20180321 7320 8010 7270 8010 175377 138478582 10.16 4.46 10.03 135746 39630 3.43 5.73
20180320 7210 7300 7160 7280 27003 19514023 1.92 0.51 -0.14 14997 12006 1.25 0.88
20180319 7130 7350 7130 7290 35643 25879029 3.07 0.60 1.82 17654 17989 0.98 1.16
20180316 7150 7270 7100 7160 28932 20811563 2.38 0.40 0.14 14578 14355 1.02 0.95
20180315 7280 7300 7050 7150 45254 32384644 3.44 0.58 -1.65 29776 15478 1.92 1.48
20180314 7480 7480 7250 7270 59808 44117878 3.06 0.82 -3.20 39971 19838 2.01 1.95
20180313 7460 7900 7370 7510 94655 71769491 7.10 1.53 0.54 51191 43465 1.18 3.09
20180312 7450 7500 7370 7470 68506 50943831 1.75 1.25 0.54 36709 31797 1.15 2.24
20180309 7240 7470 7190 7430 94058 69024166 3.87 2.26 2.62 39536 54522 0.73 3.07
20180308 7050 7260 7030 7240 70904 50916464 3.25 2.02 2.40 27207 43697 0.62 2.32
20180307 7140 7180 7060 7070 35866 25499295 1.67 1.08 -1.67 21438 14428 1.49 1.17
20180306 7190 7230 7070 7190 39709 28363701 2.24 1.23 0.56 21172 18537 1.14 1.30
20180305 7020 7160 7020 7150 34061 24205688 1.98 1.01 1.13 14362 19699 0.73 1.11
20180302 7090 7180 7030 7070 27129 19241049 2.11 0.77 -0.70 16522 10607 1.56 0.89
20180301 7090 7140 6990 7120 38327 27138439 2.14 1.19 1.42 17686 20641 0.86 1.25
20180228 6970 7080 6910 7020 26202 18344746 2.42 0.81 0.00 12370 13832 0.89 0.86
20180227 7110 7150 6990 7020 35338 24909682 2.25 1.13 -1.27 22703 12635 1.80 1.15
20180226 6990 7180 6960 7110 41540 29301943 3.16 1.28 2.16 19681 21859 0.90 1.36
20180223 6920 7060 6900 6960 34566 24149251 2.32 1.02 0.72 16802 17764 0.95 1.13
20180222 6830 6990 6830 6910 23817 16478002 2.34 0.66 1.17 13146 10671 1.23 0.78
20180214 6770 6840 6630 6830 26219 17631174 3.11 0.68 1.04 14119 12100 1.17 0.86
20180213 6830 6940 6750 6760 30150 20591475 2.79 0.70 -0.59 16796 13354 1.26 0.99
20180212 6510 6880 6500 6800 47119 31755126 5.86 1.14 4.94 19089 28030 0.68 1.54
20180209 6460 6670 6270 6480 41710 27121162 6.01 1.00 -2.70 21913 19797 1.11 1.36
20180208 6500 6680 6440 6660 34488 22772534 3.69 0.71 2.46 15851 18637 0.85 1.13
20180207 6550 6610 6310 6500 39074 25361674 4.71 0.73 2.04 21700 17374 1.25 1.28
20180206 6980 6980 6350 6370 54001 36146182 8.94 1.07 -9.65 35956 18045 1.99 1.76
20180205 6800 7080 6750 7050 37897 26339905 4.79 0.68 2.32 16194 21703 0.75 1.24
20180202 6890 7000 6600 6890 43059 29468662 5.71 0.74 -1.57 22155 20904 1.06 1.41
20180201 7540 7590 7000 7000 68039 49220727 7.87 1.17 -6.67 43805 24234 1.81 2.22
20180131 7820 7820 7460 7500 65400 49581701 4.61 1.07 -3.97 41212 24188 1.70 2.14
20180130 7930 7940 7780 7810 37471 29328004 2.03 0.49 -1.01 24691 12779 1.93 1.22
20180129 8120 8140 7830 7890 64186 51179524 3.83 0.65 -2.59 41277 22909 1.80 2.10
20180126 8110 8140 8050 8100 54648 44185661 1.11 0.36 -0.37 33612 21036 1.60 1.79
20180125 8200 8200 8110 8130 68422 55737546 1.10 0.40 -0.49 42496 25926 1.64 2.24
20180124 8140 8250 8070 8170 82031 66827223 2.20 0.48 0.00 48214 33817 1.43 2.68
20180123 8110 8350 8010 8170 110807 90596971 4.15 0.70 -0.37 60583 50224 1.21 3.62
20180122 8300 8380 8090 8200 180409 148293695 3.33 1.36 -5.75 108465 71944 1.51 5.89
20180119 8600 8980 8310 8700 314842 271342656 7.82 4.01 1.52 163111 151731 1.08 10.29
20180118 7800 8570 7740 8570 174540 142312435 10.65 3.12 10.01 84387 90153 0.94 5.70
20180117 7580 7830 7560 7790 69024 53449218 3.54 1.21 2.10 31880 37144 0.86 2.26
20180116 7410 7640 7410 7630 50564 38279419 3.08 0.86 2.28 24867 25697 0.97 1.65
20180115 7760 7760 7420 7460 56124 42519662 4.38 0.92 -3.99 36885 19239 1.92 1.83
20180112 7820 7880 7750 7770 42657 33266076 1.66 0.59 -0.77 27172 15485 1.75 1.39
20180111 7720 7840 7660 7830 61634 47938904 2.33 0.83 1.29 31305 30329 1.03 2.01
20180110 7920 7940 7690 7730 74896 58277183 3.15 0.87 -2.64 52509 22388 2.35 2.45
20180109 8000 8020 7910 7940 58277 46358395 1.37 0.69 -1.37 38987 19290 2.02 1.90
20180108 8150 8150 8010 8050 69177 55786138 1.71 0.84 -1.59 47608 21569 2.21 2.26
20180105 7980 8240 7980 8180 97182 78941055 3.23 1.89 1.74 44922 52260 0.86 3.18
20180104 8020 8110 7960 8040 71221 57208453 1.86 0.86 -0.37 42591 28629 1.49 2.33
20180103 7910 8300 7830 8070 135466 109397907 5.95 1.44 2.15 68897 66569 1.03 4.43
20180102 7890 7910 7810 7900 51081 40197883 1.27 0.52 0.64 28191 22890 1.23 1.67
20171229 7770 7860 7730 7850 54441 42541734 1.68 0.52 1.16 27208 27233 1.00 1.78
20171228 7850 7940 7760 7760 73239 57436805 2.29 0.74 -1.27 44072 29166 1.51 2.39
20171227 7900 7960 7740 7860 99051 77717042 2.76 1.06 -1.26 56487 42564 1.33 3.24
20171226 7800 8050 7600 7960 192773 150875823 5.77 3.03 2.05 108089 84684 1.28 6.30
20171225 8090 8130 7760 7800 67733 53785506 4.57 1.25 -3.58 41556 26177 1.59 2.21
20171222 8390 8390 8010 8090 91156 74190109 4.53 2.27 -3.58 55985 35171 1.59 2.98
20171221 8500 8550 8350 8390 46686 39353179 2.31 1.36 -2.89 25960 20726 1.25 1.53
20171220 9120 9150 8500 8640 71024 62014906 7.13 3.01 -5.26 42410 28614 1.48 2.32
20171219 9310 9350 9110 9120 41276 37981445 2.58 1.94 -1.94 23333 17943 1.30 1.35
20171218 9410 9470 9250 9300 21710 20329351 2.32 0.99 -1.90 13075 8635 1.51 0.71
20171215 9400 9490 9380 9480 20354 19196107 1.16 0.90 0.11 11127 9227 1.21 0.67
20171214 9470 9520 9410 9470 17105 16166133 1.16 0.71 -0.21 10010 7095 1.41 0.56
20171213 9510 9510 9380 9490 17559 16573992 1.37 0.56 0.11 8943 8616 1.04 0.57
20171212 9580 9620 9330 9480 29910 28287726 3.03 0.85 -0.94 16632 13278 1.25 0.98
20171211 9550 9600 9500 9570 24626 23518582 1.05 0.67 0.21 14127 10499 1.35 0.80
20171208 9510 9580 9460 9550 23873 22759791 1.26 0.66 0.42 13037 10836 1.20 0.78
20171207 9640 9680 9480 9510 24813 23662450 2.07 0.61 -1.35 15068 9745 1.55 0.81
20171206 9930 10000 9420 9640 52386 50306841 5.83 1.40 -3.12 28619 23767 1.20 1.71
20171205 9800 10500 9520 9950 50189 50426376 9.78 1.42 -0.70 22274 27915 0.80 1.64
20171204 10260 10260 10010 10020 32320 32703283 2.44 0.79 -2.05 19111 13209 1.45 1.06
20171201 10140 10300 10130 10230 22068 22590330 1.66 0.49 0.10 11846 10222 1.16 0.72
20171130 10530 10530 10200 10220 45763 47213190 3.16 0.90 -2.20 30506 15256 2.00 3.05
20171129 10450 10660 10320 10450 36159 37745461 3.22 0.65 -0.95 23346 12813 1.82 2.41
20171128 10500 10850 10350 10550 41009 43293482 4.74 0.73 0.09 22564 18445 1.22 2.73
20171127 10370 10960 10170 10540 60370 63974945 7.55 1.10 0.76 26611 33759 0.79 4.02
20171124 10360 10650 10310 10460 41926 43977716 3.28 0.63 0.77 19118 22808 0.84 2.80
20171123 10660 10790 10360 10380 75091 78998887 4.00 1.20 -3.53 47868 27223 1.76 5.01
20171122 10840 11050 10720 10760 59342 64378477 3.04 0.88 -1.01 32677 26665 1.23 3.96
20171121 10780 11200 10780 10870 46089 50345262 3.84 0.55 -0.55 25016 21074 1.19 3.07
20171120 10800 11000 10530 10930 51175 55518183 4.34 0.56 0.83 24478 26697 0.92 3.41
20171117 11310 11310 10750 10840 100495 110319060 4.94 1.09 -4.32 61376 39119 1.57 6.70
20171116 11330 11600 11230 11330 56424 63940225 3.25 0.51 -0.61 31934 24490 1.30 3.76
20171115 11200 11580 11110 11400 82812 94065825 4.19 0.54 1.60 38968 43844 0.89 5.52
20171114 11850 11870 11210 11220 130740 149276510 5.57 0.83 -5.32 81624 49116 1.66 8.72
20171113 12000 12040 11780 11850 86739 102952812 2.17 0.54 -1.00 53688 33051 1.62 5.78
20171110 12050 12230 11870 11970 105994 127510145 2.99 0.62 -0.75 58683 47311 1.24 7.07
20171109 12020 12300 11850 12060 143539 173027583 3.68 0.79 -1.47 84573 58966 1.43 9.57
20171108 11960 12500 11740 12240 296090 357923744 6.41 1.62 3.20 138868 157222 0.88 19.74
20171107 11360 11870 11240 11860 156145 180840644 5.51 0.87 3.67 69915 86230 0.81 10.41
20171106 11420 11470 11050 11440 103924 116942000 3.71 0.50 1.15 55142 48781 1.13 6.93
20171103 11680 11950 11270 11310 161515 186499420 5.77 0.70 -4.07 101989 59526 1.71 10.77
20171102 11750 11950 11600 11790 196542 231226624 2.93 0.74 -1.17 113764 82778 1.37 13.10
20171101 11350 12250 11270 11930 293469 347734592 8.64 0.91 5.20 137698 155770 0.88 19.56
20171031 11170 11360 11110 11340 142906 160733795 2.23 0.35 1.34 67009 75897 0.88 9.53
20171030 11800 11870 10920 11190 237473 270593024 7.93 0.62 -6.59 143323 94150 1.52 15.83
20171027 12300 12360 11960 11980 290139 351760752 3.21 0.88 -4.01 186409 103730 1.80 19.34
20171026 12800 13000 12260 12480 366848 458789792 5.78 1.41 -2.50 213711 153137 1.40 24.46
20171025 13330 13490 12520 12800 575378 742900688 7.43 3.75 -1.92 312289 263089 1.19 38.36
20171024 12300 13050 12020 13050 581980 725137360 8.68 13.65 10.03 274332 307649 0.89 38.80
20171023 10820 11860 10760 11860 96347 113087297 10.20 2.75 10.02 79571 16776 4.74 6.42
20171020 10700 10810 10630 10780 18815 20238209 1.68 0.46 0.65 10012 8803 1.14 1.25
20171019 10820 10970 10700 10710 32095 34693217 2.49 0.65 -1.11 16738 15358 1.09 2.14
20171018 11060 11090 10820 10830 38881 42498436 2.44 0.78 -1.99 26682 12199 2.19 2.59
20171017 11040 11140 10910 11050 27101 29884079 2.08 0.49 0.09 13467 13634 0.99 1.81
20171016 11340 11340 10980 11040 58013 64512600 3.17 1.15 -2.82 38534 19479 1.98 3.87
20171013 11430 11480 11300 11360 48272 54870779 1.57 1.05 -0.61 29588 18685 1.58 3.22
20171012 11240 11440 11220 11430 72765 82614759 1.95 1.90 1.42 28880 43885 0.66 4.85
20171011 11280 11300 11160 11270 44319 49718430 1.24 1.23 -0.27 26731 17588 1.52 2.95
20171010 11090 11320 11060 11300 52923 59301960 2.34 1.67 1.89 21881 31042 0.70 3.53
20171009 11230 11280 11050 11090 32959 36620082 2.08 0.93 0.36 18796 14163 1.33 2.20
20170929 10940 11100 10940 11050 27191 30010638 1.46 0.64 1.10 13652 13539 1.01 1.81
20170928 11270 11270 10920 10930 34375 38075555 3.14 0.71 -1.89 24298 10077 2.41 2.29
20170927 11060 11250 10980 11140 32697 36299437 2.44 0.57 0.72 16093 16604 0.97 2.18
20170926 10980 11100 10940 11060 31109 34290466 1.46 0.44 0.73 17356 13753 1.26 2.07
20170925 11200 11290 10900 10980 51897 57659885 3.46 0.76 -2.49 33656 18242 1.84 3.46
20170922 11490 11530 11210 11260 61427 69533454 2.79 0.91 -2.00 38489 22938 1.68 4.10
20170921 11900 11910 11440 11490 64381 75449228 3.96 0.98 -3.20 43529 20852 2.09 4.29
20170920 11730 11920 11650 11870 77390 91259133 2.29 1.25 0.68 39685 37706 1.05 5.16
20170919 11550 11900 11550 11790 99675 117442905 3.02 1.52 1.81 44039 55636 0.79 6.64
20170918 11540 11630 11450 11580 40111 46308465 1.57 0.52 0.70 21789 18322 1.19 2.67
20170915 11610 11710 11450 11500 55005 63647723 2.24 0.56 -1.03 33645 21360 1.58 3.67
20170914 11710 11780 11600 11620 57628 67319639 1.53 0.49 -1.11 37716 19912 1.89 3.84
20170913 11680 11800 11590 11750 57172 66905503 1.79 0.46 0.17 31955 25217 1.27 3.81
20170912 12090 12090 11720 11730 118783 140844711 3.08 0.93 -2.33 79125 39658 2.00 7.92
20170911 12080 12110 11920 12010 96698 116145080 1.56 0.69 -1.15 58094 38604 1.50 6.45
20170908 11930 12220 11750 12150 163834 196573085 3.93 1.01 1.59 82162 81672 1.01 10.92
20170907 11810 12330 11720 11960 149769 179901421 5.14 0.94 0.76 77803 71965 1.08 9.98
20170906 11670 11950 11640 11870 90330 107021162 2.62 0.48 0.42 47778 42552 1.12 6.02
20170905 12070 12240 11730 11820 139985 166966436 4.21 0.69 -2.48 87193 52793 1.65 9.33
20170904 12060 12390 11990 12120 154246 187196089 3.28 0.77 -0.57 95123 59123 1.61 10.28
20170901 11650 12750 11650 12190 273567 335152400 9.41 1.76 4.28 118890 154677 0.77 18.24
20170831 11630 11870 11580 11690 140691 164845273 2.46 1.03 -1.02 82903 57788 1.43 9.38
20170830 11500 12270 11350 11810 228562 268661024 7.94 2.25 1.90 118599 109963 1.08 15.24
20170829 11310 11870 11110 11590 220543 255405364 6.69 3.23 2.02 107043 113500 0.94 14.70
20170828 10990 11420 10990 11360 136209 153669498 3.93 2.73 3.84 54022 82187 0.66 9.08
20170825 10750 11040 10740 10940 50760 55436129 2.78 0.94 1.20 23332 27428 0.85 3.38
20170824 10810 11040 10810 10810 46832 51057503 2.12 0.74 -0.37 25358 21474 1.18 3.12
20170823 11010 11080 10760 10850 53500 58239349 2.91 0.70 -1.45 33029 20472 1.61 3.57
20170822 11220 11220 11000 11010 53724 59602400 1.97 0.50 -1.61 32109 21615 1.49 3.58
20170821 11060 11190 11050 11190 44802 49909996 1.26 0.40 0.99 20860 23942 0.87 2.99
20170818 11220 11250 11050 11080 70836 78865478 1.77 0.66 -1.95 45525 25311 1.80 4.72
20170817 11160 11340 11150 11300 95295 107163143 1.69 0.94 0.44 49786 45510 1.09 6.35
20170816 11170 11320 11040 11250 119068 133095576 2.48 1.33 -0.53 67890 51178 1.33 7.94
20170815 10910 11740 10880 11310 210782 238232554 8.02 3.64 5.50 100402 110380 0.91 14.05
20170814 10460 10850 10400 10720 60363 64392220 4.31 1.01 2.58 25924 34440 0.75 4.02
20170811 10500 10620 10420 10450 49843 52304371 1.89 0.64 -1.32 28859 20984 1.38 3.32
20170810 10830 10850 10560 10590 69342 74038334 2.68 0.70 -2.22 44307 25034 1.77 4.62
20170809 10920 10930 10820 10830 57331 62220538 1.00 0.52 -1.37 36324 21007 1.73 3.82
20170808 11070 11160 10880 10980 52929 58165790 2.55 0.44 -0.09 30537 22392 1.36 3.53
20170807 10990 11130 10870 10990 70200 77117383 2.33 0.61 -1.52 41772 28428 1.47 4.68
20170804 11350 11650 11140 11160 140494 159578116 4.54 1.37 -0.71 81788 58706 1.39 9.37
20170803 10910 11490 10840 11240 175382 197646964 5.93 2.02 2.55 82501 92882 0.89 11.69
20170802 10840 11200 10680 10960 113014 123129749 4.75 1.40 0.09 59805 53209 1.12 7.53
20170801 10800 11190 10730 10950 98651 107778207 4.27 1.11 1.67 47528 51123 0.93 6.58
20170731 10780 10870 10730 10770 51740 55782485 1.29 0.56 -1.01 31488 20253 1.55 3.45
20170728 11050 11080 10850 10880 74766 81746037 2.08 0.82 -1.81 47896 26870 1.78 4.98
20170727 10950 11200 10850 11080 95330 105333814 3.22 1.08 1.84 44565 50765 0.88 6.36
20170726 11010 11140 10850 10880 82408 90146400 2.61 0.88 -2.16 51657 30751 1.68 5.49
20170725 10710 11260 10670 11120 140812 155521771 5.47 1.76 3.06 62008 78804 0.79 9.39
20170724 10720 10900 10510 10790 70172 74903215 3.61 0.76 0.00 38169 32003 1.19 4.68
20170721 10760 10930 10620 10790 65503 70570276 2.90 0.71 1.03 35564 29939 1.19 4.37
20170720 10800 10980 10660 10680 81280 88038946 2.94 0.86 -1.75 47343 33937 1.40 5.42
20170719 10520 11290 10330 10870 112123 120039339 9.05 1.08 2.45 58769 53354 1.10 7.47
20170718 10380 10660 10280 10610 72035 75543723 3.66 0.65 2.22 32129 39906 0.81 4.80
20170717 11400 11520 10370 10380 128931 138051972 9.98 1.08 -9.90 76734 52197 1.47 8.60
20170714 11630 11790 11480 11520 65239 75876948 2.65 0.50 -1.54 38506 26733 1.44 4.35
20170713 11900 11950 11670 11700 94626 111534206 2.33 0.67 -2.82 62034 32592 1.90 6.31
20170712 11600 12070 11470 12040 156325 184708630 5.19 1.19 4.15 67123 89202 0.75 10.42
20170711 11910 12030 11450 11560 106844 125697494 4.87 0.81 -2.86 65256 41588 1.57 7.12
20170710 12450 12530 11900 11900 175047 211490880 5.00 1.39 -5.48 113011 62036 1.82 11.67
20170707 12500 12780 12500 12590 119292 150880797 2.23 0.88 0.16 61135 58157 1.05 7.95
20170706 12800 12820 12460 12570 146133 184726010 2.81 1.02 -1.95 86849 59284 1.46 9.74
20170705 12620 12870 12620 12820 107534 137394692 1.96 0.63 0.55 56465 51069 1.11 7.17
20170704 13060 13070 12740 12750 113638 145973968 2.54 0.57 -1.92 74554 39085 1.91 7.58
20170703 12880 13100 12720 13000 141818 183495487 2.96 0.66 1.17 69696 72122 0.97 9.45
20170630 12910 12980 12610 12850 167094 214052698 2.84 0.66 -1.53 94027 73068 1.29 11.14
20170629 13260 13360 12880 13050 186142 243894410 3.67 0.59 -0.31 105751 80391 1.32 12.41
20170628 13540 13540 12930 13090 238884 314186720 4.54 0.64 -2.68 136700 102185 1.34 15.93
20170627 13600 13870 13410 13450 257792 350932352 3.42 0.55 -0.07 140989 116803 1.21 17.19
20170626 13760 13760 13270 13460 227879 307177712 3.58 0.40 -1.68 127956 99924 1.28 15.19
20170623 13660 14200 13150 13690 349544 478938912 7.53 0.63 -1.86 189802 159742 1.19 23.30
20170622 14850 14970 13840 13950 491191 705679360 7.46 1.00 -7.92 304032 187159 1.62 32.75
20170621 14710 15780 14350 15150 538864 814391056 9.48 1.17 0.46 268233 270632 0.99 35.92
20170620 16000 16730 15080 15080 756214 1202331952 10.76 2.19 -1.69 405751 350463 1.16 50.41
20170619 15100 15460 14520 15340 688341 1033454624 6.18 3.02 0.85 343336 345005 1.00 45.89
20170616 15070 15210 14770 15210 309463 468464400 3.18 1.56 9.98 159028 150435 1.06 20.63
20170615 12320 13830 12320 13830 151749 204710498 12.01 0.77 10.02 113853 37896 3.00 10.12
20170614 12900 13780 12410 12570 406042 533501040 10.41 3.14 -4.48 208560 197482 1.06 27.07
20170613 25920 27180 25530 26510 169242 450638096 6.37 1.73 2.28 76001 93241 0.82 22.57
20170612 25800 26200 25350 25920 103959 268003196 3.21 1.28 -2.08 57948 46011 1.26 13.86
20170609 24910 26620 24840 26470 160792 418274992 7.02 3.01 4.38 69589 91203 0.76 21.44
20170608 24400 26160 24230 25360 145309 366491712 8.10 4.83 6.42 62710 82600 0.76 19.37
20170607 22020 23830 22020 23830 67195 155080234 8.36 2.92 10.02 33224 33971 0.98 8.96
20170606 21290 21760 21290 21660 13195 28487807 2.16 0.55 -0.32 7049 6146 1.15 1.76
20170605 21580 22100 21520 21730 20759 45193814 2.70 0.89 1.07 11507 9252 1.24 2.77
20170602 20790 21600 20620 21500 20658 43733710 4.69 0.90 2.87 8452 12206 0.69 2.75
20170601 22000 22280 20810 20900 28745 61488693 6.64 1.24 -5.64 18822 9923 1.90 3.83
20170531 22760 23080 22060 22150 31589 71610192 4.62 1.37 0.41 17939 13650 1.31 4.21
20170526 21960 22180 21810 22060 18203 40073418 1.69 0.74 0.82 9035 9168 0.99 2.43
20170525 21750 22060 21370 21880 17746 38603290 3.17 0.68 0.37 8924 8822 1.01 2.37
20170524 21500 21930 21250 21800 18067 39078113 3.15 0.57 1.11 8698 9369 0.93 2.41
20170523 22560 22810 21550 21560 30010 66212574 5.54 0.80 -5.23 18866 11144 1.69 4.00
20170522 23570 23900 22650 22750 31471 72889822 5.25 0.84 -4.41 19909 11561 1.72 4.20
20170519 24300 24480 23610 23800 25085 60202406 3.59 0.69 -1.69 15424 9661 1.60 3.34
20170518 24470 24760 24150 24210 26455 64645116 2.47 0.71 -1.82 15017 11437 1.31 3.53
20170517 24840 25100 24450 24660 46114 114084053 2.61 1.35 -1.16 27791 18323 1.52 6.15
20170516 23950 24990 23690 24950 59555 146286856 5.44 2.23 4.39 22988 36567 0.63 7.94
20170515 23720 24190 23720 23900 29477 70684949 1.99 1.16 1.19 13597 15880 0.86 3.93
20170512 23250 23780 23250 23620 19783 46642234 2.25 0.72 0.25 9726 10057 0.97 2.64
20170511 23200 23580 22220 23560 30427 70041695 5.81 1.15 0.73 16632 13795 1.21 4.06
20170510 23460 24180 23310 23390 31475 74702141 3.73 1.27 0.34 16254 15221 1.07 4.20
20170509 22800 23430 22780 23310 22095 51039285 2.82 0.90 1.30 10736 11359 0.95 2.95
20170508 24010 24200 23010 23010 22919 54173687 4.94 0.90 -4.52 14599 8320 1.75 3.06
20170505 23700 24480 23660 24100 30250 72872572 3.45 1.09 1.47 15241 15009 1.02 4.03
20170504 24290 24290 23600 23750 25818 61884667 2.84 0.94 -2.26 13774 12043 1.14 3.44
20170503 24100 24380 24020 24300 22514 54568652 1.49 0.84 0.83 10446 12068 0.87 3.00
20170502 24120 24370 24050 24100 20644 49919149 1.32 0.77 -0.66 12770 7874 1.62 2.75
20170428 24280 24550 24120 24260 27633 67180141 1.77 1.05 -0.08 15985 11648 1.37 3.68
20170427 23560 24340 23010 24280 42248 100690302 5.60 1.81 2.32 20870 21378 0.98 5.63
20170426 23230 23930 23230 23730 24475 57979990 2.98 0.96 1.11 12076 12399 0.97 3.26
20170425 23370 23850 23200 23470 18656 43916283 2.81 0.71 1.60 9056 9600 0.94 2.49
20170424 24000 24100 22800 23100 21454 50078867 5.41 0.70 -3.91 12580 8874 1.42 2.86
20170421 24110 24480 23880 24040 24236 58652968 2.50 0.69 0.21 13036 11200 1.16 3.23
20170420 24190 24370 23650 23990 27568 66193554 2.98 0.73 -0.70 15932 11636 1.37 3.68
20170419 23460 24250 23230 24160 35011 83253581 4.35 0.83 2.98 15143 19868 0.76 4.67
20170418 23250 23790 23200 23460 23488 55388994 2.52 0.39 0.26 12847 10641 1.21 3.13
20170417 24500 24540 23310 23400 42769 101299494 4.91 0.64 -6.55 23148 19621 1.18 5.70
20170414 25930 26110 25020 25040 46223 117424840 4.17 0.71 -4.10 27293 18929 1.44 6.16
20170413 25820 26760 25510 26110 40368 105831913 4.79 0.61 -0.04 21019 19349 1.09 5.38
20170412 27010 27060 26000 26120 57495 152916555 3.90 0.93 -3.94 35270 22225 1.59 7.67
20170411 28050 28050 26330 27190 116890 315722976 6.27 2.57 -0.84 66350 50540 1.31 15.59
20170410 26100 27420 25750 27420 73666 197326943 6.70 1.64 9.99 41469 32197 1.29 9.82
20170407 25470 25470 24930 24930 37656 94651827 2.13 0.65 -1.77 25112 12544 2.00 5.02
20170406 25330 25790 25250 25380 42957 109715527 2.13 0.70 0.24 23017 19941 1.15 5.73
20170405 24800 25470 24800 25320 36810 92805976 2.71 0.56 2.51 17582 19228 0.91 4.91
20170331 24700 25290 24420 24700 36740 91458705 3.50 0.49 -0.56 21606 15135 1.43 4.90
20170330 25600 25670 24250 24840 69929 173802554 5.49 0.75 -4.02 37613 32316 1.16 9.32
20170329 28130 28350 25830 25880 105138 281990400 8.90 0.96 -8.55 64105 41033 1.56 14.02
20170328 28850 29230 28120 28300 57757 165768148 3.84 0.49 -2.21 35498 22259 1.59 7.70
20170327 29300 29600 28750 28940 59802 173466009 2.90 0.48 -1.23 36736 23066 1.59 7.97
20170324 29400 29760 28900 29300 81550 239212373 2.91 0.59 -0.95 45536 36014 1.26 10.87
20170323 29500 30050 28400 29580 164893 485620480 5.55 1.29 -0.54 93971 70922 1.32 21.99
20170322 28590 29870 28410 29740 181040 530698336 5.07 1.78 3.23 75982 105059 0.72 24.14
20170321 28550 29180 28360 28810 104803 300756176 2.86 1.10 0.52 103499 1304 79.37 13.97
20170320 27530 28770 27360 28660 96914 273358592 5.07 1.06 3.06 39432 57481 0.69 12.92
20170317 28150 28850 27800 27810 144598 409781408 3.73 1.96 -1.17 81150 63447 1.28 19.28
20170316 27260 28300 27260 28140 111279 311871648 3.82 1.71 3.34 51106 60172 0.85 14.84
20170315 27490 27490 27010 27230 50907 138447408 1.74 0.70 -1.16 30358 20549 1.48 6.79
20170314 27890 28110 27540 27550 70652 196307126 2.04 0.80 -1.50 42267 28385 1.49 9.42
20170313 27110 28200 26490 27970 81315 222673721 6.24 0.94 2.08 35609 45706 0.78 10.84
20170310 27330 27830 27110 27400 55102 151517980 2.64 0.63 0.37 28743 26358 1.09 7.35
20170309 27870 27870 27210 27300 66686 182730721 2.36 0.75 -2.29 41763 24923 1.68 8.89
20170308 28240 28240 27620 27940 89971 250867878 2.20 1.02 -1.06 54058 35913 1.51 12.00
20170307 27010 28270 27010 28240 150257 417467328 4.65 2.00 4.13 68780 81477 0.84 20.03
20170306 26400 27230 26400 27120 69294 185637532 3.15 0.77 3.00 29882 39412 0.76 9.24
20170303 26690 26690 26290 26330 58073 153477189 1.49 0.52 -2.08 35623 22450 1.59 7.74
20170302 26750 27110 26400 26890 76289 204359846 2.66 0.67 0.71 40006 36284 1.10 10.17
20170301 26830 27780 26600 26700 87856 238666844 4.36 0.84 -1.29 52356 35500 1.47 11.71
20170228 26500 27070 26300 27050 83489 223006927 2.86 0.87 0.37 45619 37870 1.20 11.13
20170227 26540 28000 26230 26950 143316 388676368 6.59 1.82 0.30 76243 67073 1.14 19.11
20170224 25440 27360 25300 26870 170025 451448240 8.12 2.88 5.95 78303 91722 0.85 22.67
20170223 24600 25460 24500 25360 83328 208523178 3.91 1.53 3.26 36155 47173 0.77 11.11
20170222 24750 24950 24400 24560 42901 105473691 2.23 0.64 -0.53 24927 17975 1.39 5.72
20170221 24470 24890 24350 24690 40999 101049761 2.21 0.51 1.11 21776 19222 1.13 5.47
20170220 24500 24800 23950 24420 56209 136383328 3.42 - -1.81 33632 22578 1.49 7.49
20170217 25350 25970 24850 24870 71747 182140235 4.41 0.90 -2.09 40830 30917 1.32 9.57
20170216 25260 25530 25050 25400 60388 152325024 1.88 0.72 -0.43 35368 25021 1.41 8.05
20170215 25630 26170 25420 25510 105096 271900832 2.91 1.32 -0.97 57420 47676 1.20 14.01
20170214 25070 25970 24770 25760 110388 281606288 4.79 1.64 2.75 52265 58122 0.90 14.72
20170213 24200 25210 24030 25070 70625 175304459 4.87 1.02 3.38 30808 39817 0.77 9.42
20170210 24700 24700 24240 24250 50830 123971492 1.86 0.80 -1.94 32147 18683 1.72 6.78
20170209 24680 25450 24680 24730 85046 212806381 3.12 1.65 0.28 47331 37714 1.26 11.34
20170208 24020 24850 23810 24660 81088 198507525 4.34 1.97 2.96 37923 43165 0.88 10.81
20170207 24000 24100 23640 23950 49442 117834657 1.91 1.27 -0.70 31391 18051 1.74 6.59
20170206 23150 24290 23080 24120 79107 188548137 5.27 2.24 5.05 35091 44016 0.80 10.55
20170203 23100 23190 22700 22960 22805 52372452 2.12 0.54 -0.56 13199 9606 1.37 3.04
20170126 23200 23300 22950 23090 24709 57094538 1.52 0.52 0.09 14188 10521 1.35 3.29
20170125 22700 23180 22630 23070 29939 68769158 2.42 0.59 1.32 13647 16293 0.84 3.99
20170124 23240 23540 22610 22770 38642 88865376 3.97 0.66 -2.73 25448 13195 1.93 5.15
20170123 23170 23970 23050 23410 60556 142808233 3.96 1.02 0.82 32910 27646 1.19 8.07
20170120 22500 23480 22360 23220 58498 135414985 4.96 0.96 2.79 26562 31936 0.83 7.80
20170119 22270 23050 21820 22590 49030 110598230 5.47 0.81 0.49 25015 24015 1.04 6.54
20170118 23100 23100 22470 22480 45394 103431753 2.70 0.74 -3.64 27238 18156 1.50 6.05
20170117 22390 23560 21560 23330 78606 179250225 8.92 1.43 4.11 38643 39963 0.97 10.48
20170116 23190 23330 21510 22410 66301 149983542 7.78 1.29 -4.23 36816 29485 1.25 8.84
20170113 24690 24790 23080 23400 65686 156978902 6.92 1.18 -5.26 38307 27379 1.40 8.76
20170112 24990 25290 24520 24700 45326 112952783 3.09 0.70 -0.88 24338 20988 1.16 6.04
20170111 25620 25890 24900 24920 51991 131710483 3.84 0.76 -3.41 32954 19037 1.73 6.93
20170110 25810 26350 25690 25800 45039 117338327 2.55 0.59 -0.23 24601 20438 1.20 6.01
20170109 26040 26180 25460 25860 48798 126078450 2.76 0.58 -0.73 26171 22626 1.16 6.51
20170106 27220 27390 26000 26050 86205 228841542 5.06 1.05 -5.10 53033 33172 1.60 11.49
20170105 28640 28640 27400 27450 92335 258371088 4.33 1.22 -4.09 60344 31991 1.89 12.31
20170104 28830 28830 28500 28620 68074 195080760 1.14 0.90 -1.04 41419 26655 1.55 9.08
20170103 28970 29180 28510 28920 83190 239814430 2.32 1.03 0.10 45143 38047 1.19 11.09
20161230 28130 29360 28110 28890 91307 262512316 4.42 1.04 2.12 44918 46388 0.97 12.17
20161229 27800 28810 27800 28290 74999 213280101 3.61 0.83 1.22 35766 39233 0.91 10.00
20161228 28440 28730 27850 27950 59754 168856222 3.07 0.56 -2.48 37317 22437 1.66 7.97
20161227 28700 29100 28360 28660 69494 199316647 2.55 0.63 -1.17 39979 29515 1.35 9.27
20161226 27950 29230 27110 29000 108225 306694288 7.47 0.94 2.18 53073 55152 0.96 14.43
20161223 30230 30380 28220 28380 126592.61 369805476.860
20161222 30460 30770 30030 30180 90042.50 272922906.620
20161221 32010 32200 30380 30890 134457.60 417156863.280
20161220 31630 32680 31510 31760 94915.18 303982487.850
20161219 32880 33240 31510 31920 132026.54 426255363.340
20161216 34800 35080 32800 33370 202718.92 684990429.710
20161215 33000 36550 32600 35300 232555.00 813097053.560
20161214 36100 37870 34500 34890 314540.44 1143860477.040
20161213 33800 38200 31440 38200 426355.16 1523685712.760
20161212 34730 34730 34730 34730 6595.08 22904712.840
20161209 31570 31570 31570 31570 2255.44 7120424.080
20161208 28700 28700 28700 28700 397.00 1139390.000
20161207 26090 26090 26090 26090 206.10 537714.900
20161206 23720 23720 23720 23720 154.46 366379.120
20161205 21560 21560 21560 21560 302.08 651284.480
20161202 19600 19600 19600 19600 154.87 303545.200
20161201 17820 17820 17820 17820 63.52 113192.640
20161130 16200 16200 16200 16200 94.29 152749.800
20161129 13260 14730 13260 14730 286.16 421431.920
