20180619 32500 32830 30510 30510 54595 171299324 6.84 0.88 -10.00 33002 21594 1.53 13.48
20180615 33260 34400 33180 33900 65633 221655533 3.72 1.15 3.35 30562 35071 0.87 16.21
20180614 32600 33870 32320 32800 38072 125810707 4.65 0.64 -1.50 20613 17459 1.18 9.40
20180613 34130 34480 33010 33300 71922 242449883 4.20 1.16 -4.80 42999 28923 1.49 17.76
20180612 32400 35430 32380 34980 107400 370156960 9.47 2.31 8.60 53022 54378 0.98 26.52
20180611 32540 32550 31790 32210 25675 82402169 2.33 0.57 -1.14 14052 11623 1.21 6.34
20180608 32870 33120 31580 32580 41814 134861327 4.63 1.00 -2.02 23822 17993 1.32 10.32
20180607 33960 34330 32900 33250 49950 167322342 4.15 1.33 -3.60 30044 19906 1.51 12.33
20180606 34250 34940 33580 34490 84387 289665616 3.97 2.68 0.76 40662 43726 0.93 20.84
20180605 32040 34230 32040 34230 30766 103284156 7.04 0.94 9.99 21128 9638 2.19 7.60
20180604 31350 31470 30800 31120 16934 52771083 2.16 0.41 0.16 8682 8252 1.05 4.18
20180601 30920 31690 30600 31070 26522 82693733 3.52 0.52 0.42 13986 12537 1.12 6.55
20180531 30670 31350 30600 30940 28648 88614825 2.47 0.56 1.78 14863 13784 1.08 7.07
20180530 32530 32530 30160 30400 54678 170841498 7.07 1.13 -9.28 32566 22112 1.47 13.50
20180529 34200 34750 33500 33510 37051 126272814 3.62 0.69 -2.90 22628 14423 1.57 9.15
20180528 36480 36810 34220 34510 61696 219006760 7.30 1.22 -2.79 35241 26455 1.33 15.23
20180525 34000 35850 34000 35500 74867 263755203 5.42 1.79 4.04 33441 41426 0.81 18.49
20180524 34500 34870 33950 34120 28585 98165930 2.66 0.69 -1.36 16283 12302 1.32 7.06
20180523 35300 35300 34540 34590 39953 139158317 2.15 0.97 -1.98 24379 15574 1.57 9.86
20180522 34620 35490 34340 35290 61551 215191262 3.33 1.59 2.29 29302 32249 0.91 15.20
20180521 33270 35080 33270 34500 48682 166520532 5.45 1.19 3.79 22516 26166 0.86 12.02
20180518 34010 34180 32980 33240 30615 102697453 3.52 0.68 -2.52 17650 12965 1.36 7.56
20180517 33600 34200 33480 34100 26864 91244214 2.14 0.61 1.13 12991 13873 0.94 6.63
20180516 34700 34700 33610 33720 39293 133892798 3.13 0.95 -3.24 24414 14879 1.64 9.70
20180515 35350 35390 34120 34850 47880 166105485 3.60 1.27 -1.25 25965 21915 1.18 11.82
20180514 33570 35460 33560 35290 59549 206051941 5.60 1.94 3.95 27477 32071 0.86 14.70
20180511 33260 34790 33000 33950 50304 170928556 5.42 1.89 2.72 25861 24443 1.06 12.42
20180510 32980 33270 32710 33050 22020 72631068 1.69 0.75 -0.36 12040 9979 1.21 5.44
20180509 32710 33300 32530 33170 27597 91017607 2.34 0.92 0.94 14725 12871 1.14 6.81
20180508 32630 33500 32430 32860 28338 93231119 3.29 0.97 0.98 14749 13588 1.09 7.00
20180507 32080 32740 32080 32540 24972 81061996 2.06 0.80 1.59 11809 13163 0.90 6.17
20180504 33160 33240 32020 32030 29963 97563327 3.66 0.91 -3.84 18244 11718 1.56 7.40
20180503 32900 33440 31820 33310 34961 114190110 4.95 1.03 1.74 15787 19174 0.82 8.63
20180502 33990 34350 32510 32740 32545 107882137 5.43 0.98 -3.42 19994 12551 1.59 8.04
20180427 33800 34560 33680 33900 23805 80969138 2.62 0.61 0.89 12487 11318 1.10 5.88
20180426 35000 35480 33540 33600 35524 122896268 5.51 0.91 -4.63 19869 15654 1.27 8.77
20180425 34660 35650 34620 35230 37188 130762654 2.94 0.88 0.57 18980 18208 1.04 9.18
20180424 33880 35420 33800 35030 40227 140303917 4.80 0.89 3.73 19401 20826 0.93 9.93
20180423 34310 34310 33330 33770 29638 100236004 2.88 0.54 -0.88 15639 13999 1.12 7.32
20180420 35990 36440 34010 34070 51981 182809774 6.66 0.74 -6.63 30732 21249 1.45 12.83
20180419 36390 37130 36130 36490 36608 134058773 2.73 0.45 -0.46 19873 16735 1.19 9.04
20180418 36900 37200 35110 36660 52106 187882223 5.72 0.62 0.25 28039 24068 1.16 12.87
20180417 37700 38460 36360 36570 54929 206052942 5.57 0.62 -3.00 31054 23875 1.30 13.56
20180416 39170 39880 37150 37700 78093 301179808 6.79 0.92 -6.22 44583 33510 1.33 19.28
20180413 39380 42300 38780 40200 129073 518473552 8.96 1.89 2.29 61531 67541 0.91 31.87
20180412 37600 39300 37500 39300 89280 342749024 4.74 1.46 3.50 40156 49125 0.82 22.04
20180411 38080 38600 37520 37970 68269 260046088 2.85 1.08 0.24 34062 34207 1.00 16.86
20180410 37060 38200 36300 37880 74900 279499712 5.10 1.13 1.69 36099 38801 0.93 18.49
20180409 35860 37300 35000 37250 61571 224270198 6.36 0.78 3.04 27313 34258 0.80 15.20
20180404 36900 37350 36080 36150 47352 174117149 3.47 0.57 -1.12 27298 20054 1.36 11.69
20180403 36300 36850 36010 36560 53996 196752676 2.23 0.61 -2.90 28864 25132 1.15 13.33
20180402 39000 39290 37500 37650 78119 298946064 4.56 0.91 -4.00 46566 31553 1.48 19.29
20180330 39000 39900 38550 39220 90226 352904384 3.38 1.07 -1.70 54268 35957 1.51 22.28
20180329 38100 40920 38100 39900 126804 507226016 7.58 1.61 7.26 59196 67608 0.88 31.31
20180328 37180 39430 37010 37200 65563 249149963 6.29 0.78 -3.38 34949 30615 1.14 16.19
20180327 38100 38890 37480 38500 79817 305636064 3.79 0.97 3.55 41801 38015 1.10 19.71
20180326 36000 37500 34000 37180 65530 237010609 9.50 0.78 0.87 33530 32000 1.05 16.18
20180323 38740 39750 36860 36860 84943 323593584 7.06 1.01 -10.01 47754 37189 1.28 20.97
20180322 38880 41790 38600 40960 96986 388583728 8.04 1.00 3.17 49685 47302 1.05 23.95
20180321 41060 41970 39400 39700 91439 374773344 6.29 0.76 -2.77 50533 40906 1.24 22.58
20180320 39380 41480 39120 40830 73998 297898800 5.84 0.54 1.06 37437 36561 1.02 18.27
20180319 40560 40750 38700 40400 74646 296710224 5.06 0.44 -0.37 38504 36141 1.07 18.43
20180316 41500 42180 40440 40550 82020 338458592 4.19 0.42 -2.34 42835 39184 1.09 20.25
20180315 43000 43140 41490 41520 164862 691241296 3.58 0.98 -9.93 100013 64848 1.54 40.71
20180314 44000 48150 44000 46100 204102 944613616 9.46 1.59 5.13 86538 117564 0.74 50.40
20180313 46000 46700 43110 43850 164864 739256384 7.64 1.72 -6.70 96353 68511 1.41 40.71
20180312 47800 49300 46460 47000 232321 1113323712 5.93 4.71 -1.82 124236 108085 1.15 57.36
20180309 45000 47870 44520 47870 203140 950738736 7.70 22.92 10.00 97840 105299 0.93 50.16
20180308 43520 43520 43520 43520 40054 174313223 0.00 37.59 10.01 40054 - - 9.89
20180307 39560 39560 39560 39560 1673 6617675 0.00 1.94 10.01 1673 - - 0.41
20180306 35960 35960 35960 35960 1055 3793959 0.00 1.38 10.00 1055 - - 0.26
20180305 32690 32690 32690 32690 943 3083255 0.00 1.60 9.99 943 - - 0.23
20180302 24770 29720 24770 29720 591 1751415 23.98 - 43.99 591 - - 0.15
