20180619 23610 23610 21560 21600 43000 95246737 8.56 1.22 -9.81 25587 17413 1.47 7.68
20180615 24600 24810 23710 23950 32136 77477938 4.47 0.88 -2.68 19912 12224 1.63 5.74
20180614 24250 24990 24160 24610 23666 58413180 3.37 0.55 0.04 12005 11661 1.03 4.23
20180613 25060 25150 24580 24600 36257 89937509 2.25 0.67 -3.07 24329 11928 2.04 6.47
20180612 24590 25760 24550 25380 44077 111413306 4.90 0.83 2.71 20227 23849 0.85 7.87
20180611 25210 25480 24580 24710 40344 100275995 3.53 0.80 -3.10 26104 14240 1.83 7.20
20180608 25500 25890 25260 25500 38648 98764786 2.46 0.72 -0.47 20939 17709 1.18 6.90
20180607 26050 26210 25600 25620 55564 143702773 2.31 1.09 -2.92 35789 19775 1.81 9.92
20180606 25250 26900 25120 26390 93187 242158123 7.05 1.82 4.51 41452 51735 0.80 16.64
20180605 24830 25280 24830 25250 36680 91950362 1.81 0.58 1.32 17820 18861 0.94 6.55
20180604 25260 25350 24700 24920 29085 72635937 2.59 0.32 -0.52 17734 11351 1.56 5.19
20180601 24750 25730 24480 25050 53698 134733258 5.06 0.51 1.50 27736 25962 1.07 9.59
20180531 24290 24800 24290 24680 41492 102090974 2.11 0.37 2.19 22937 18555 1.24 7.41
20180530 24950 25150 23570 24150 94417 231235980 6.06 0.82 -7.36 60733 33683 1.80 16.86
20180529 26080 26930 26010 26070 97445 257410435 3.37 0.73 -4.44 59359 38086 1.56 17.40
20180528 29000 29970 27000 27280 170518 490830480 10.61 1.42 -2.54 87921 82597 1.06 30.45
20180525 27000 28110 26600 27990 127690 352867904 5.55 1.02 2.90 56640 71051 0.80 22.80
20180524 26360 27300 26360 27200 64480 173803641 3.50 0.54 1.34 32112 32368 0.99 11.51
20180523 27200 27630 26680 26840 113508 307971072 3.41 1.06 -3.73 69350 44158 1.57 20.27
20180522 26870 29600 26660 27880 188201 533022288 10.90 2.55 3.37 89124 99078 0.90 33.61
20180521 26950 27260 26040 26970 106619 284024832 4.54 1.87 0.45 56953 49666 1.15 19.04
20180518 25500 27900 25360 26850 150084 399987328 9.93 4.55 4.96 59342 90742 0.65 26.80
20180517 25220 25860 24980 25580 43110 109986516 3.45 1.38 0.35 21192 21918 0.97 7.70
20180516 25180 25810 24890 25490 45302 115555436 3.65 1.39 1.07 19091 26211 0.73 8.09
20180515 25080 25370 24730 25220 23385 58341769 2.57 0.51 1.12 11955 11431 1.05 4.18
20180514 25000 25500 24810 24940 22760 57252268 2.74 0.48 -1.03 12992 9768 1.33 4.06
20180511 26000 26090 25160 25200 30346 77390317 3.59 0.66 -2.70 19877 10469 1.90 5.42
20180510 25880 26090 25480 25900 34550 89104353 2.36 0.72 0.35 18193 16357 1.11 6.17
20180509 25850 26150 25600 25810 52327 134818358 2.09 1.28 -2.05 33576 18751 1.79 9.34
20180508 25040 26960 24890 26350 89359 232506334 8.27 3.21 5.27 36031 53328 0.68 15.96
20180507 24700 25300 24700 25030 30629 76762157 2.44 1.00 1.58 15349 15280 1.00 5.47
20180504 24900 25150 24620 24640 24522 60884840 2.10 0.77 -2.14 15100 9421 1.60 4.38
20180503 24240 25900 23020 25180 41495 102490832 11.88 1.30 3.88 19989 21506 0.93 7.41
20180502 24570 24790 24020 24240 19102 46536532 3.15 0.56 -0.86 11369 7734 1.47 3.41
20180427 24400 24750 24200 24450 23576 57665387 2.28 0.61 1.24 12725 10851 1.17 4.21
20180426 25440 25680 24080 24150 43726 108570198 6.25 1.10 -5.63 26499 17227 1.54 7.81
20180425 25980 26220 25560 25890 32286 83334544 2.54 0.70 -0.42 18186 14099 1.29 5.77
20180424 25290 26000 25060 26000 40976 105482194 3.72 0.83 2.77 18823 22153 0.85 7.32
20180423 25050 25600 24900 25300 29820 75140192 2.81 0.55 1.40 15484 14336 1.08 5.33
20180420 25690 26100 24760 24950 47862 121810753 5.23 0.83 -2.69 28352 19510 1.45 8.55
20180419 26000 26290 25620 25640 47608 123322671 2.56 0.67 -2.10 28027 19580 1.43 8.50
20180418 27000 27150 24520 26190 65825 169659933 9.83 0.75 -2.09 35003 30822 1.14 11.75
20180417 27000 27630 26700 26750 55139 149858000 3.45 0.53 -0.67 26636 28503 0.93 9.85
20180416 27510 27840 26610 26930 52611 142464356 4.47 0.47 -2.11 29414 23197 1.27 9.39
20180413 28150 28500 27350 27510 68355 191107935 4.07 0.58 -2.62 38050 30305 1.26 12.21
20180412 28080 28500 27410 28250 112238 313764160 3.83 0.94 -0.77 66566 45672 1.46 20.04
20180411 26880 29470 26650 28470 151312 429378000 10.22 1.51 3.15 69253 82058 0.84 27.02
20180410 27400 28300 26800 27600 132630 368115088 5.54 1.59 1.92 63877 68753 0.93 23.68
20180409 25760 27300 25350 27080 97521 261347453 7.47 1.33 3.72 40523 56998 0.71 17.41
20180404 26810 27410 26080 26110 91092 243218845 4.94 1.36 -3.08 50213 40879 1.23 16.27
20180403 24600 27650 24310 26940 126064 332905168 13.25 2.05 6.86 53259 72804 0.73 22.51
20180402 26130 26130 25150 25210 54445 139114464 3.77 0.80 -3.00 34370 20075 1.71 9.72
20180330 26200 26250 25830 25990 47883 124630701 1.62 0.63 0.04 24532 23351 1.05 8.55
20180329 26200 26320 25480 25980 46413 120372779 3.26 0.52 0.89 22639 23774 0.95 8.29
20180328 25680 26930 25680 25750 59660 156281420 4.71 0.53 -3.05 35299 24361 1.45 10.65
20180327 26000 27280 26000 26560 99282 264996573 4.81 0.83 -0.23 50783 48499 1.05 17.73
20180326 24000 26970 22810 26620 88176 223819157 16.63 0.81 6.39 40703 47473 0.86 15.75
20180323 27000 27020 25020 25020 86083 223611125 7.19 0.86 -10.00 50833 35250 1.44 15.37
20180322 26750 28100 26300 27800 110679 299371184 6.66 1.16 2.85 55304 55376 1.00 19.76
20180321 27980 28560 26980 27030 175826 489671056 5.74 2.50 -1.85 87429 88398 0.99 31.40
20180320 24890 27540 24500 27540 137072 362963840 12.14 2.36 9.98 53631 83441 0.64 24.48
20180319 24760 25240 24760 25040 36939 92317833 1.94 0.52 1.46 17540 19400 0.90 6.60
20180316 24700 25200 24600 24680 42760 106364485 2.44 0.47 0.41 23849 18911 1.26 7.64
20180315 26100 26410 24150 24580 82852 207628430 8.56 0.73 -6.93 48800 34052 1.43 14.79
20180314 26250 27150 26200 26410 52702 140285972 3.55 0.39 -1.34 28787 23915 1.20 9.41
20180313 27670 28100 26500 26770 75436 206330786 5.74 0.55 -3.98 45383 30052 1.51 13.47
20180312 27770 28100 27160 27880 101939 281124640 3.41 0.73 1.27 49000 52939 0.93 18.20
20180309 28000 28790 27080 27530 146183 405558320 6.00 1.00 -3.40 83016 63168 1.31 26.10
20180308 27730 29490 27000 28500 191847 547569024 8.91 1.38 1.93 95299 96549 0.99 34.26
20180307 25820 28280 25700 27960 163394 446280144 9.89 1.33 7.21 70411 92983 0.76 29.18
20180306 26430 26430 25600 26080 77513 201219255 3.14 0.57 -1.32 42985 34528 1.24 13.84
20180305 26400 27500 25050 26430 117041 306139184 9.24 0.85 -0.30 61360 55682 1.10 20.90
20180302 26910 29050 25680 26510 182775 503723920 12.32 1.56 -3.07 97095 85680 1.13 32.64
20180301 25000 27350 24780 27350 153478 403176656 10.34 1.64 10.02 67241 86237 0.78 27.41
20180228 25000 25120 24230 24860 82430 203966157 3.44 0.99 -3.87 46862 35568 1.32 14.72
20180227 26200 27890 25670 25860 140902 377288336 8.47 2.21 -1.30 75343 65559 1.15 25.16
20180226 24300 26380 24100 26200 129304 331794848 9.50 2.80 9.12 68302 61002 1.12 23.09
20180223 21830 24010 21740 24010 79724 186724511 10.40 1.88 9.99 35935 43789 0.82 14.24
20180222 21490 21970 21220 21830 35189 76233937 3.54 0.79 3.17 16642 18547 0.90 6.28
20180214 21500 21770 21000 21160 30388 64449760 3.58 0.56 -1.63 19398 10990 1.77 5.43
20180213 22080 22250 21380 21510 43638 95500310 3.97 0.70 -1.92 25670 17968 1.43 7.79
20180212 21500 22270 21360 21930 42045 91680185 4.29 0.63 3.49 19914 22132 0.90 7.51
20180209 22400 22450 21000 21190 60308 131102005 6.22 0.80 -9.13 35681 24627 1.45 10.77
20180208 22980 23770 22660 23320 45847 107011739 4.76 0.56 -0.04 23262 22586 1.03 8.19
20180207 24370 24600 21910 23330 79732 186147212 11.31 0.94 -1.89 42104 37628 1.12 14.24
20180206 25450 26280 23780 23780 83487 207373830 9.46 0.98 -9.99 45682 37806 1.21 14.91
20180205 26780 27200 25930 26420 65846 174414128 4.57 0.74 -4.86 37562 28283 1.33 11.76
20180202 26990 28490 26730 27770 101050 280093744 6.62 1.14 4.40 50191 50859 0.99 18.04
20180201 26090 26900 25990 26600 81077 214817097 3.49 0.83 1.95 41377 39699 1.04 14.48
20180131 28480 28490 25890 26090 94706 252350869 9.20 0.84 -7.71 51799 42907 1.21 16.91
20180130 29100 29450 28020 28270 82476 236103281 4.82 0.71 -4.78 48680 33796 1.44 14.73
20180129 29130 30480 29130 29690 85873 255521666 4.64 0.66 2.03 44313 41560 1.07 15.33
20180126 29550 30050 29010 29100 100638 296584480 3.40 0.69 -4.90 58912 41726 1.41 17.97
20180125 32270 32270 30270 30600 125821 388172816 6.21 0.77 -5.03 72572 53250 1.36 22.47
20180124 30490 32820 30430 32220 169565 544007328 7.85 0.91 5.88 84291 85275 0.99 30.28
20180123 29500 30710 29050 30430 100646 303172720 5.50 0.46 0.79 51552 49094 1.05 17.97
20180122 31510 32200 29580 30190 155845 475183824 8.00 0.69 -7.82 91708 64136 1.43 27.83
20180119 31330 33000 30740 32750 182568 585668080 7.04 0.80 2.02 92268 90300 1.02 32.60
20180118 33190 33810 31320 32100 211855 685509744 7.59 0.88 -2.16 122956 88899 1.38 37.83
20180117 37640 38860 32520 32810 279485 1008276128 17.88 1.15 -7.45 150153 129332 1.16 49.91
20180116 33520 35450 32550 35450 261014 900797312 9.00 1.09 9.99 131268 129746 1.01 46.61
20180115 28710 32230 28710 32230 191484 597950480 12.01 0.84 10.00 90193 101291 0.89 34.19
20180112 30310 30340 28010 29300 198105 578104464 7.65 0.93 -3.78 109541 88564 1.24 35.38
20180111 30000 32830 29700 30450 268761 847421696 9.96 1.42 -3.15 141220 127541 1.11 47.99
20180110 30000 32830 29710 31440 293276 928035328 10.40 1.69 4.77 143058 150218 0.95 52.37
20180109 26850 30010 26810 30010 250421 725027472 11.73 1.50 10.01 100207 150214 0.67 44.72
20180108 26340 27880 26000 27280 134502 363544432 7.02 0.75 1.87 63764 70738 0.90 24.02
20180105 26380 27220 26350 26780 114787 308639632 3.26 0.98 0.49 56348 58439 0.96 20.50
20180104 27400 27680 26190 26650 150866 404274576 5.36 0.61 -4.07 83618 67247 1.24 26.94
20180103 28120 29680 27010 27780 214928 607307760 9.24 0.83 -3.91 118039 96889 1.22 38.38
20180102 27100 29310 26750 28910 218864 623706480 9.40 0.84 6.17 102504 116359 0.88 39.08
20171229 28100 29000 26890 27230 196769 544520976 7.24 0.72 -6.52 106175 90594 1.17 35.14
20171228 30460 30550 29120 29130 259328 767211232 4.42 0.96 -9.95 130879 128449 1.02 46.31
20171227 31000 33110 29900 32350 341544 1084828544 10.66 1.42 7.48 166183 175361 0.95 60.99
20171226 27430 30100 26700 30100 285349 819749584 12.43 1.40 10.01 146659 138690 1.06 50.96
20171225 28040 29490 26900 27360 215829 606594000 9.17 1.15 -3.08 111003 104826 1.06 38.54
20171222 27000 29950 26280 28230 268969 764615456 13.28 1.54 2.17 131454 137515 0.96 48.03
20171221 25000 28100 24500 27630 240278 643484784 14.02 1.65 7.59 106568 133709 0.80 42.91
20171220 24650 26850 24500 25680 191419 495493952 9.62 1.64 5.07 94304 97115 0.97 34.18
20171219 23530 24500 23460 24440 104826 251456944 4.30 0.89 1.12 51119 53706 0.95 18.72
20171218 23990 24530 22410 24170 133386 313309536 8.65 1.29 -1.39 70385 63001 1.12 23.82
20171215 24990 25490 24180 24510 204847 505641184 5.52 2.56 3.33 102659 102188 1.00 36.58
20171214 21540 23720 21500 23720 94972 217810110 10.30 1.23 10.02 51823 43149 1.20 16.96
20171213 21390 21740 21310 21560 46377 100109728 2.00 0.51 0.09 23599 22778 1.04 8.28
20171212 23200 23230 21320 21540 106081 235431894 8.20 1.10 -7.55 64460 41621 1.55 18.94
20171211 23510 23860 23120 23300 66341 155438807 3.16 0.54 -0.60 38045 28296 1.34 11.85
20171208 22900 24000 22900 23440 85575 202004661 4.74 0.54 1.08 42292 43284 0.98 15.28
20171207 23590 23870 23100 23190 81105 189880682 3.20 0.43 -3.50 46577 34528 1.35 14.48
20171206 24100 24560 22820 24030 115411 273500640 7.20 0.57 -0.50 61468 53943 1.14 20.61
20171205 24980 25860 23580 24150 132141 325208672 8.96 0.58 -5.07 72412 59729 1.21 23.60
20171204 26900 27910 25430 25440 196094 517714928 8.78 1.04 -9.95 119054 77040 1.55 35.02
20171201 28700 30750 27780 28250 260918 756033856 10.10 1.91 -3.94 143193 117724 1.22 46.59
20171130 27500 29410 27170 29410 240645 680323504 8.38 2.71 9.99 107112 133532 0.80 42.97
20171129 26520 27300 25430 26740 190079 503004000 6.81 3.75 -2.62 102921 87157 1.18 33.94
20171128 27000 29000 25380 27460 249282 673564080 13.55 229.88 2.77 127044 122237 1.04 44.51
20171127 26720 26720 26720 26720 3776 10089418 0.00 20.17 10.00 3776 - - 0.67
20171124 24290 24290 24290 24290 209 507661 0.00 1.19 10.01 209 - - 0.04
20171123 22080 22080 22080 22080 58 127710 0.00 0.20 10.01 58 - - 0.01
20171122 16730 20070 16730 20070 295 584943 23.96 - 43.97 295 - - 0.05
