20180223 7920 8040 7860 7940 44509 35353536 2.27 0.62 0.00 24237 20272 1.20 2.07
20180222 7830 8020 7740 7940 69906 55140193 3.61 0.98 2.32 33996 35910 0.95 3.25
20180214 8050 8070 7600 7760 89561 69886833 5.87 1.07 -3.00 50812 38750 1.31 4.16
20180213 8000 8000 7850 8000 66363 53034973 2.06 0.76 10.04 56399 9964 5.66 3.08
20180206 7930 8040 7270 7270 85192 64614872 9.53 1.12 -10.02 56455 28737 1.96 3.96
20180205 7980 8280 7840 8080 45426 36800194 5.45 0.60 0.00 21056 24370 0.86 2.11
20180202 8050 8180 7820 8080 69845 56152278 4.43 1.02 -0.49 35360 34485 1.03 3.25
20180201 9030 9070 8120 8120 153012 128425146 10.53 3.27 -9.98 79324 73688 1.08 7.11
20180131 9870 9980 9020 9020 82813 77506648 9.58 1.96 -9.98 43879 38933 1.13 3.85
20180130 10140 10150 10000 10020 30771 30985128 1.48 0.73 -1.28 21003 9768 2.15 1.43
20180129 10450 10480 10060 10150 43753 44693179 4.03 1.02 -2.68 26629 17124 1.56 2.03
20180126 10560 10610 10370 10430 32785 34407940 2.27 0.78 -1.14 21609 11176 1.93 1.52
20180125 10500 10730 10480 10550 43633 46381507 2.36 1.12 -0.38 23987 19646 1.22 2.03
20180124 10430 10640 10200 10590 60544 63238289 4.21 1.57 1.44 31089 29455 1.06 2.81
20180123 10430 10540 10340 10440 29323 30558559 1.91 0.62 -0.38 16079 13244 1.21 1.36
20180122 10600 10600 10150 10480 47998 49778798 4.21 1.04 -1.87 26139 21859 1.20 2.23
20180119 10860 10960 10670 10680 29509 31927328 2.68 0.60 -1.29 15659 13850 1.13 1.37
20180118 10800 10930 10790 10820 27974 30374939 1.28 0.51 -0.73 16336 11638 1.40 1.30
20180117 10950 10980 10610 10900 58165 62728259 3.40 1.08 0.09 30703 27462 1.12 2.70
20180116 10880 10930 10500 10890 73739 78896206 3.93 1.63 -0.46 35576 38163 0.93 3.43
20180115 11140 11140 10770 10940 41002 44791478 3.30 1.00 -2.32 20794 20208 1.03 1.90
20180112 11290 11430 11050 11200 44912 50274038 3.36 1.26 -0.97 22443 22469 1.00 2.09
20180111 11650 11650 11310 11310 57109 64854236 2.96 1.93 -1.48 30506 26603 1.15 2.65
20180110 11600 11940 11300 11480 53757 62338264 5.51 2.04 -1.12 25996 27761 0.94 2.50
20180109 11570 11680 11390 11610 29761 34321262 2.51 1.22 0.61 15921 13840 1.15 1.38
20180108 11500 11590 11350 11540 19458 22294135 2.09 0.70 0.35 9901 9557 1.04 0.90
20180105 11680 11680 11450 11500 18800 21674300 1.97 1.13 -1.46 12285 6515 1.89 0.87
20180104 11550 11680 11410 11670 26133 30230394 2.34 0.73 1.04 14335 11799 1.21 1.21
20180103 11360 11740 11300 11550 37463 43124727 3.88 0.92 1.76 18071 19391 0.93 1.74
20180102 11320 11560 11200 11350 19741 22424664 3.19 0.42 0.44 9756 9985 0.98 0.92
20171229 11070 11380 11060 11300 37108 41562140 2.87 0.83 1.35 16357 20751 0.79 1.72
20171228 11050 11260 10990 11150 40510 45047837 2.43 1.03 0.36 16071 24439 0.66 1.88
20171227 11130 11180 10850 11110 43553 48143371 2.95 1.29 -0.80 19408 24145 0.80 2.02
20171226 11360 11450 11030 11200 63654 70829215 3.69 2.53 -1.58 35890 27765 1.29 2.96
20171225 11380 11470 10760 11380 50016 55346553 6.23 2.63 -0.09 17168 32848 0.52 2.32
20171222 11680 11790 11350 11390 25193 29041183 3.75 1.29 -2.90 17806 7387 2.41 1.17
20171221 11860 11880 11520 11730 13535 15857141 3.03 0.66 -1.26 6380 7155 0.89 0.63
20171220 12290 12290 11800 11880 16071 19222450 4.00 0.80 -2.94 10915 5156 2.12 0.75
20171219 12230 12520 12170 12240 21218 26106603 2.86 1.11 0.16 9853 11365 0.87 0.99
20171218 12330 12410 12150 12220 19100 23422371 2.10 1.04 -1.53 10286 8814 1.17 0.89
20171215 12100 12540 11940 12410 27714 33817071 4.97 1.65 2.82 7605 20109 0.38 1.29
20171214 12100 12200 12030 12070 18628 22521102 1.40 1.20 -0.41 9108 9520 0.96 0.87
20171213 12120 12150 11950 12120 14256 17192743 1.65 0.86 -0.08 6935 7321 0.95 0.66
20171212 12120 12240 12050 12130 15634 19006131 1.57 0.93 0.08 6128 9506 0.64 0.73
20171211 12010 12220 11860 12120 15697 19004924 3.00 0.84 0.92 7361 8336 0.88 0.73
20171208 11850 12150 11830 12010 19627 23618386 2.71 1.02 1.61 7601 12026 0.63 0.91
20171207 11910 11990 11810 11820 12243 14570999 1.50 0.56 -1.25 7164 5079 1.41 0.57
20171206 11630 11980 11600 11970 19872 23457210 3.26 0.80 2.75 7486 12386 0.60 0.92
20171205 12100 12200 11630 11650 16681 19832872 4.68 0.65 -4.27 9966 6715 1.48 0.78
20171204 12370 12430 11880 12170 24796 30238892 4.41 0.96 -2.33 15604 9192 1.70 1.15
20171201 12300 12500 12180 12460 22596 27951826 2.59 0.70 0.97 9932 12664 0.78 1.05
20171130 12330 12480 12150 12340 25645 31469661 2.68 0.75 0.24 14941 10704 1.40 1.19
20171129 12220 12430 12090 12310 34399 42271324 2.81 1.09 1.74 13786 20613 0.67 1.60
20171128 11750 12180 11720 12100 21617 25910099 3.90 0.52 2.54 9324 12293 0.76 1.00
20171127 12150 12300 11780 11800 24276 29071835 4.28 0.46 -2.88 14451 9825 1.47 1.13
20171124 11600 12500 11330 12150 54410 64246036 10.14 1.09 5.29 28690 25720 1.12 2.53
20171123 12400 12400 11540 11540 35432 42449031 6.98 0.66 -6.33 21359 14072 1.52 1.65
20171122 12680 12680 12270 12320 22337 27768750 3.26 0.41 -1.91 14556 7781 1.87 1.04
20171121 12190 12700 12030 12560 70706 87408829 5.43 1.50 1.70 41002 29704 1.38 3.29
20171120 13130 13130 11810 12350 80161 97661853 10.06 1.88 -5.87 40769 39392 1.03 3.72
20171117 14360 14600 13120 13120 41667 57875561 10.21 1.00 -9.52 28523 13144 2.17 1.94
20171116 14570 14820 14250 14500 53018 76758380 3.92 1.34 -0.34 23469 29549 0.79 2.46
20171115 14520 14620 14250 14550 25498 36833794 2.53 0.59 -0.34 12809 12690 1.01 1.18
20171114 14600 14680 14200 14600 35106 50696291 3.28 0.86 -0.14 21162 13945 1.52 1.63
20171113 14180 14650 14100 14620 58233 83742713 3.88 1.70 3.10 25061 33172 0.76 2.71
20171110 14190 14320 13800 14180 37411 52812878 3.68 1.21 0.35 24232 13180 1.84 1.74
20171109 14360 14390 14130 14130 41946 59675618 1.80 1.37 -2.21 20820 21126 0.99 1.95
20171108 14290 14660 14160 14450 43085 61892809 3.48 1.67 0.63 19762 23323 0.85 2.00
20171107 14490 14690 14180 14360 22650 32474976 3.52 0.90 -0.97 12446 10204 1.22 1.05
20171106 14120 14650 14070 14500 25711 36742072 4.05 0.89 1.19 12192 13519 0.90 1.19
20171103 14100 14370 14100 14330 20943 29778983 1.90 0.67 0.92 11069 9874 1.12 0.97
20171102 13990 14340 13970 14200 40210 56912819 2.65 1.19 1.57 22835 17374 1.31 1.87
20171101 14190 14240 13900 13980 19123 26981522 2.41 0.57 -0.85 11436 7687 1.49 0.89
20171031 13950 14200 13920 14100 19807 27856669 1.99 0.58 0.00 10398 9409 1.11 0.92
20171030 14830 14830 13860 14100 44225 62514858 6.55 1.45 -4.86 26329 17896 1.47 2.05
20171027 15200 15300 14800 14820 32422 48596455 3.30 1.19 -2.31 21070 11352 1.86 1.51
20171026 14720 15650 14500 15170 52671 79210221 7.81 2.54 3.06 27368 25303 1.08 2.45
20171025 14500 14740 14500 14720 19886 29103568 1.65 0.92 1.03 8068 11818 0.68 0.92
20171024 14730 14740 14480 14570 21435 31322794 1.77 1.00 -1.02 10735 10700 1.00 1.00
20171023 14550 14780 14550 14720 25674 37614730 1.57 1.07 0.55 13793 11882 1.16 1.19
20171020 14500 14690 14400 14640 16094 23478553 2.00 0.64 0.76 8186 7908 1.04 0.75
20171019 14780 14990 14530 14530 20490 30117709 3.12 0.77 -1.56 10818 9672 1.12 0.95
20171018 15200 15290 14650 14760 24650 36808706 4.22 0.87 -2.64 13516 11134 1.21 1.15
20171017 15020 15330 14730 15160 20722 31365876 3.96 0.69 -0.07 10060 10662 0.94 0.96
20171016 15540 15680 14900 15170 38190 58856152 5.01 1.26 -2.57 19487 18703 1.04 1.77
20171013 15580 15660 15420 15570 21095 32768098 1.55 0.61 0.52 11148 9947 1.12 0.98
20171012 15640 15760 15300 15490 28855 44733613 2.93 0.83 -1.27 15480 13375 1.16 1.34
20171011 15560 15890 15520 15690 32131 50442339 2.37 1.00 0.51 18218 13913 1.31 1.49
20171010 15500 15640 15310 15610 30572 47455688 2.13 0.89 0.97 12408 18164 0.68 1.42
20171009 15320 15780 15320 15460 39138 60742245 3.01 1.24 1.05 21379 17759 1.20 1.82
20170929 14600 15370 14600 15300 42457 63879449 5.27 1.54 4.79 15685 26771 0.59 1.97
20170928 14900 14930 14500 14600 28951 42520153 2.88 1.00 -2.14 18574 10377 1.79 1.35
20170927 14780 15030 14780 14920 19603 29201641 1.69 0.62 0.95 10348 9254 1.12 0.91
20170926 15340 15390 14650 14780 42303 63148786 4.83 1.37 -3.59 26123 16179 1.61 1.97
20170925 15520 15690 15310 15330 24208 37512604 2.44 0.77 -1.67 15949 8259 1.93 1.12
20170922 15510 15640 15350 15590 23093 35810117 1.87 0.68 0.58 12568 10525 1.19 1.07
20170921 15500 15940 15500 15500 36014 56803480 2.79 1.04 -1.59 17756 18258 0.97 1.67
20170920 15610 15830 15530 15750 32250 50603465 1.91 0.91 0.38 16784 15466 1.09 1.50
20170919 16200 16310 15690 15690 38979 62197158 3.83 1.00 -3.15 26732 12246 2.18 1.81
20170918 16250 16390 16060 16200 27192 44103098 2.04 0.63 0.00 14906 12286 1.21 1.26
20170915 16100 16410 15900 16200 34201 55294218 3.17 0.68 0.62 18481 15720 1.18 1.59
20170914 16330 16540 16020 16100 39889 64631416 3.18 0.59 -1.59 24692 15196 1.62 1.85
20170913 16490 16590 16260 16360 37517 61337456 2.00 0.55 -1.03 22902 14615 1.57 1.74
20170912 16690 16980 16450 16530 56059 93337086 3.19 0.84 -0.48 31730 24329 1.30 2.60
20170911 16400 16970 16400 16610 49108 81888119 3.42 0.74 -0.30 28278 20830 1.36 2.28
20170908 16420 16680 16320 16660 68692 113395085 2.16 1.13 0.06 40830 27861 1.47 3.19
20170907 15940 17290 15820 16650 128559 214625757 9.22 3.04 4.39 57726 70834 0.81 5.97
20170906 15840 15990 15500 15950 39357 62043293 3.06 1.00 -0.44 22923 16433 1.39 1.83
20170905 15840 16190 15800 16020 49468 79415764 2.45 1.37 0.50 25141 24328 1.03 2.30
20170904 15780 16080 15670 15940 45204 71927354 2.59 1.34 0.57 23113 22091 1.05 2.10
20170901 15540 15850 15370 15850 42531 66429612 3.12 1.40 2.99 18389 24142 0.76 1.98
20170831 15750 15750 15350 15390 35083 54194388 2.56 1.09 -1.35 21562 13521 1.59 1.63
20170830 15600 15780 15560 15600 25390 39757125 1.40 0.75 -0.38 13806 11584 1.19 1.18
20170829 15920 16080 15600 15660 31722 49971766 3.00 0.88 -2.00 20467 11255 1.82 1.47
20170828 15610 16080 15610 15980 33820 53643753 3.01 0.95 2.17 16566 17255 0.96 1.74
20170825 15400 15670 15330 15640 26001 40379278 2.21 0.62 1.76 12180 13820 0.88 1.34
20170824 15750 15930 15200 15370 43534 67903694 4.59 0.85 -3.33 26153 17382 1.50 2.24
20170823 16100 16240 15810 15900 35037 56016560 2.66 0.61 -1.49 20472 14566 1.41 1.81
20170822 16580 16630 16140 16140 42784 69777174 2.96 0.72 -2.65 26963 15821 1.70 2.21
20170821 16560 16580 16380 16580 31145 51306293 1.22 0.49 0.91 15011 16134 0.93 1.61
20170818 16620 16800 16290 16430 57029 94036272 3.02 0.95 -2.72 34926 22103 1.58 2.94
20170817 16580 17370 16490 16890 90065 153045784 5.24 1.60 0.60 46682 43383 1.08 4.64
20170816 16460 16930 16120 16790 65773 108877058 4.90 1.07 1.57 32845 32928 1.00 3.39
20170815 17000 17030 16480 16530 51980 86789167 3.26 0.74 -1.90 29927 22053 1.36 2.68
20170814 16300 16870 16200 16850 50052 82982322 4.13 0.73 3.76 22052 27999 0.79 2.58
20170811 16090 16410 16050 16240 43761 70938412 2.19 0.63 -1.34 25151 18610 1.35 2.26
20170810 17000 17130 16410 16460 69687 116175647 4.20 1.03 -3.97 42301 27387 1.54 3.59
20170809 17130 17560 17030 17140 93091 160932176 3.07 1.45 -0.81 49007 44084 1.11 4.80
20170808 16400 17390 16180 17280 94061 157647117 7.37 1.53 5.24 42911 51150 0.84 4.85
20170807 16150 16570 16150 16420 40135 65834599 2.57 0.52 0.43 20562 19573 1.05 2.07
20170804 16660 16850 16180 16350 52146 85556778 4.06 0.57 -0.91 31474 20672 1.52 2.69
20170803 16480 16990 16400 16500 57273 95667385 3.58 0.52 0.12 30077 27196 1.11 2.95
20170802 17130 17360 16360 16480 78351 131346374 5.81 0.69 -4.19 47380 30971 1.53 4.04
20170801 17580 17600 17140 17200 79414 137689177 2.60 0.60 -2.71 48444 30970 1.56 4.09
20170731 17000 17770 16470 17680 120379 206488489 7.61 0.92 3.45 60116 60264 1.00 6.21
20170728 17080 17940 17070 17090 123472 215152203 5.03 0.97 -1.27 65663 57809 1.14 6.37
20170727 16470 17550 16280 17310 146291 249045944 7.59 1.11 3.47 70943 75347 0.94 7.54
20170726 16700 16900 16250 16730 98744 162872952 3.85 0.64 -0.89 53927 44817 1.20 5.09
20170725 16400 17980 16110 16880 177305 302376320 11.31 1.30 2.06 87325 89979 0.97 9.14
20170724 16310 16830 16020 16540 107550 176725287 4.94 0.81 0.85 56698 50852 1.11 5.55
20170721 16550 16640 16210 16400 104232 170596410 2.58 0.80 -1.62 59070 45161 1.31 5.37
20170720 16970 16970 16350 16670 173354 288611760 3.66 1.32 -1.65 97060 76294 1.27 8.94
20170719 16140 16950 15780 16950 214504 352379968 7.59 2.00 9.99 98008 116496 0.84 11.06
20170718 14140 15410 14050 15410 83860 123697755 9.71 0.88 9.99 39690 44169 0.90 4.32
20170717 15070 15180 13720 14010 88355 127704800 9.59 1.04 -8.01 51832 36523 1.42 4.56
20170714 15460 15500 15050 15230 95076 145179725 2.85 1.33 -3.49 54011 41065 1.32 4.90
20170713 15500 16160 15150 15780 175540 275556944 6.82 4.11 6.62 85157 90383 0.94 9.05
20170712 13900 14800 13900 14800 93660 134762935 6.69 3.21 10.04 42539 51121 0.83 4.83
20170711 13850 13940 13420 13450 25949 35687518 3.74 0.95 -3.24 13715 12234 1.12 1.34
20170710 14300 14420 13880 13900 35668 50257530 3.78 1.47 -2.66 21692 13976 1.55 1.84
20170707 14160 14360 14100 14280 25332 36117866 1.84 1.09 1.28 10999 14332 0.77 1.31
20170706 14320 14430 14000 14100 33047 46971673 2.99 1.56 -1.88 18211 14836 1.23 1.70
20170705 14390 14410 14120 14370 25976 37056771 2.02 1.20 0.14 15172 10804 1.40 1.34
20170704 14550 14590 14320 14350 17035 24558821 1.86 0.69 -0.97 9607 7429 1.29 0.88
20170703 14400 14500 14270 14490 19684 28395778 1.61 0.68 1.12 8725 10959 0.80 1.01
20170630 14440 14450 14160 14330 20638 29533062 2.02 0.68 -0.14 12757 7880 1.62 1.06
20170629 14300 14450 14100 14350 22359 32053911 2.44 0.71 0.21 11956 10403 1.15 1.15
20170628 14560 14800 14220 14320 28929 41925334 3.95 1.02 -2.59 17055 11874 1.44 1.49
20170627 14780 15080 14500 14700 31282 46276936 3.95 1.14 0.00 16920 14362 1.18 1.61
20170626 14600 14780 14500 14700 40712 59513741 1.93 1.72 1.24 17850 22862 0.78 2.10
20170623 14980 14980 14310 14520 28872 42164975 4.51 1.37 -2.16 14075 14797 0.95 1.49
20170622 15490 15690 14600 14840 26804 41141860 7.05 1.21 -4.01 13844 12960 1.07 1.38
20170621 15300 15490 15260 15460 14393 22105495 1.50 0.65 1.05 7034 7359 0.96 0.74
20170620 15690 15960 15260 15300 26625 41731181 4.50 1.32 -1.73 15227 11398 1.34 1.37
20170619 15350 15630 15200 15570 21340 33044849 2.80 1.06 1.43 9225 12115 0.76 1.10
20170616 15400 15450 15160 15350 16540 25337457 1.89 0.78 0.00 9452 7088 1.33 0.85
20170615 15140 15510 15020 15350 31466 48289258 3.23 1.60 1.25 14667 16798 0.87 1.62
20170614 14880 15240 14840 15160 15255 23052129 2.69 0.77 1.88 5861 9394 0.62 0.79
20170613 14480 15100 14250 14880 16418 24386470 5.83 0.75 2.13 6946 9472 0.73 0.85
20170612 15450 15510 14510 14570 21278 32068184 6.51 0.88 -5.14 13779 7500 1.84 1.10
20170609 15300 15390 14950 15360 21503 32696320 2.86 0.72 -0.13 12267 9236 1.33 1.11
20170608 15660 15660 15220 15380 23795 36602520 2.82 0.73 -1.41 13195 10600 1.24 1.23
20170607 15270 15680 15120 15600 16316 25301513 3.68 0.49 2.43 5956 10359 0.57 0.84
20170606 14950 15370 14720 15230 25993 39148196 4.34 0.82 1.67 14026 11967 1.17 1.34
20170605 14650 15100 14330 14980 33527 49157513 5.23 1.17 1.70 16290 17236 0.95 1.73
20170602 15060 15440 13710 14730 48878 70798864 11.36 2.22 -3.28 25725 23153 1.11 2.52
20170601 16590 16620 15200 15230 38444 61110241 8.55 1.92 -8.31 25304 13140 1.93 1.98
20170531 16990 17400 16350 16610 19624 33367864 6.18 0.86 -2.24 12394 7230 1.71 1.01
20170526 16700 17200 16630 16990 18147 30698639 3.42 0.79 1.80 9553 8594 1.11 0.94
20170525 16590 16810 16230 16690 18025 29891585 3.48 0.68 0.24 9568 8457 1.13 0.93
20170524 16120 16690 16000 16650 15939 26074188 4.22 0.49 1.77 9053 6886 1.31 0.82
20170523 16890 17200 16100 16360 28374 47319299 6.52 0.82 -3.02 14548 13825 1.05 1.46
20170522 18000 18080 16810 16870 33097 57385281 7.11 0.98 -5.60 18654 14443 1.29 1.71
20170519 17900 18100 17700 17870 19826 35392419 2.22 0.60 -0.89 12037 7789 1.55 1.02
20170518 17480 18130 17470 18030 34922 62360856 3.70 1.10 1.07 13872 21050 0.66 1.80
20170517 16980 18290 16980 17840 45862 81609113 7.72 1.82 5.13 19674 26188 0.75 2.36
20170516 16320 17350 16320 16970 40108 67389771 6.30 1.86 3.73 18495 21614 0.86 2.07
20170515 16350 16680 16040 16360 27837 45934760 3.95 1.32 0.86 12243 15594 0.79 1.44
20170512 16440 16670 16200 16220 17073 27955712 2.82 0.71 -2.58 10103 6970 1.45 0.88
20170511 16780 17140 16030 16650 28521 47367429 6.39 1.35 -4.20 14969 13552 1.10 1.47
20170510 17200 17740 17200 17380 12117 21219161 3.11 0.54 0.00 6172 5945 1.04 0.62
20170509 17720 17720 16600 17380 22383 38381519 6.29 1.01 -2.36 12015 10368 1.16 1.15
20170508 18100 18320 17400 17800 25190 45020348 5.03 1.20 -2.68 17104 8087 2.12 1.30
20170505 18400 18620 18200 18290 32506 59615748 2.26 1.53 -1.77 26483 6023 4.40 1.68
20170504 18820 18840 18510 18620 13584 25371028 1.77 0.62 -0.21 7418 6166 1.20 0.70
20170503 18740 18870 18480 18660 19367 36220593 2.09 0.82 -0.16 8852 10515 0.84 1.00
20170502 19140 19140 18610 18690 20281 38056896 2.81 0.82 -1.01 10507 9774 1.07 1.05
20170428 18700 19160 18620 18880 19636 37036465 2.87 0.77 0.32 10437 9199 1.13 0.91
20170427 19290 19290 18290 18820 33125 61779695 5.46 1.23 2.84 11462 21663 0.53 1.54
20170426 18520 18770 18160 18300 18019 33154816 3.28 0.49 -1.72 10321 7699 1.34 0.84
20170425 18800 18800 18110 18620 27294 50517456 3.78 0.75 2.08 13411 13884 0.97 1.27
20170424 19170 19170 18230 18240 26198 48710867 4.88 0.56 -5.39 17071 9127 1.87 1.22
20170421 18900 19600 18700 19280 22419 43052232 4.69 0.48 0.42 11678 10741 1.09 1.04
20170420 19400 19460 18420 19200 41233 78480167 5.25 0.98 -3.08 23147 18086 1.28 1.92
20170419 19910 20300 18000 19810 67876 128662861 11.56 2.00 -0.45 35605 32271 1.10 3.15
20170418 19510 20410 19510 19900 24876 49741496 4.53 0.71 0.25 10516 14360 0.73 1.16
20170417 19920 22080 19850 19850 77967 157732131 10.11 3.21 -10.02 39088 38879 1.01 3.62
20170414 22250 22410 22020 22060 23634 52248106 1.75 0.85 -1.16 15519 8116 1.91 1.10
20170413 22590 22590 22150 22320 16404 36622843 1.95 0.54 -1.02 8790 7613 1.15 0.76
20170412 22600 22750 22070 22550 26421 59014727 3.00 0.88 -0.44 14938 11483 1.30 1.23
20170411 22400 22970 22010 22650 30445 68359886 4.21 1.09 -0.74 19510 10936 1.78 1.41
20170410 23260 23380 22760 22820 24473 56218508 2.67 0.86 -1.89 14975 9498 1.58 1.14
20170407 22900 23840 22750 23260 41995 98142811 4.77 1.65 1.75 20791 21204 0.98 1.95
20170406 22500 22960 22370 22860 29603 67306252 2.63 1.16 1.78 12401 17202 0.72 1.38
20170405 22200 22690 22030 22460 23305 52275977 2.98 0.80 1.54 10742 12563 0.86 1.08
20170331 22150 22290 21800 22120 19649 43322031 2.22 0.64 0.27 11721 7929 1.48 0.91
20170330 22500 22780 21880 22060 26916 60117996 3.98 0.75 -2.48 15863 11053 1.44 1.25
20170329 23310 23480 22620 22620 27705 64142937 3.69 0.76 -2.96 16868 10838 1.56 1.29
20170328 23120 23460 23120 23310 29774 69314529 1.46 0.77 0.43 15538 14236 1.09 1.38
20170327 24090 24150 23180 23210 42420 99821687 4.04 1.06 -3.41 29513 12907 2.29 1.97
20170324 24030 24050 23800 24030 25990 62207667 1.04 0.62 -0.04 14669 11320 1.30 1.21
20170323 23910 24330 23680 24040 53086 127922495 2.72 1.46 0.59 19811 33275 0.60 2.47
20170322 24270 24370 23830 23900 31702 75932526 2.23 0.88 -1.44 19769 11933 1.66 1.47
20170321 24360 24550 24010 24250 39794 96584044 2.21 1.17 -0.57 39521 273 144.76 1.85
20170320 23600 24490 23510 24390 50442 121619518 4.09 1.71 1.84 20666 29776 0.69 2.34
20170317 24130 24300 23750 23950 34066 81913902 2.29 1.02 -0.25 17734 16332 1.09 1.58
20170316 24000 24150 23850 24010 25594 61410682 1.25 0.71 0.08 14412 11182 1.29 1.19
20170315 23650 24100 23450 23990 30361 72600502 2.74 0.89 1.22 12398 17963 0.69 1.41
20170314 23630 24130 23600 23700 29539 70363801 2.23 0.91 -0.13 19766 9773 2.02 1.37
20170313 23600 23950 23330 23730 27945 66215802 2.62 0.87 0.25 16174 11771 1.37 1.30
20170310 23000 24000 22900 23670 53986 126529132 4.77 2.15 2.56 19444 34541 0.56 2.51
20170309 22700 23180 22120 23080 37695 85743535 4.68 1.47 1.99 16559 21136 0.78 1.75
20170308 22900 22960 22540 22630 21861 49585436 1.83 0.69 -1.22 15992 5870 2.72 1.02
20170307 22800 23200 22720 22910 20470 46988476 2.10 0.62 0.22 11287 9182 1.23 0.95
20170306 22850 22930 22550 22860 26540 60357238 1.66 0.84 0.04 15488 11051 1.40 1.23
20170303 23000 23130 22690 22850 19073 43548701 1.91 0.51 -0.91 12398 6674 1.86 0.89
20170302 22700 23370 22600 23060 40143 92737530 3.38 0.96 1.32 18820 21323 0.88 1.87
20170301 22450 22990 22450 22760 51267 116969151 2.41 1.39 1.38 24979 26288 0.95 2.38
20170228 22200 22690 22000 22450 27589 61991703 3.09 0.76 0.49 13428 14161 0.95 1.28
20170227 22620 22650 22250 22340 20371 45681398 1.78 0.55 -0.71 11875 8496 1.40 0.95
20170224 21920 22960 21800 22500 47377 106287767 5.21 1.51 1.12 24685 22691 1.09 2.20
20170223 21850 22980 21800 22250 61966 138933608 5.41 2.68 1.92 30822 31144 0.99 2.88
20170222 21960 22210 21580 21830 26782 58467861 2.89 1.22 0.14 17041 9741 1.75 1.24
20170221 21430 21990 21420 21800 25753 56129065 2.66 1.19 1.73 11265 14488 0.78 1.20
20170220 21600 21840 21060 21430 21934 46917905 3.60 - -1.02 13547 8387 1.62 1.02
20170217 22190 22200 21590 21650 20252 44121285 2.76 0.74 -1.95 14426 5825 2.48 0.94
20170216 21950 22460 21950 22080 20895 46334964 2.32 0.77 0.59 11714 9181 1.28 0.97
20170215 21960 22300 21930 21950 21047 46544121 1.68 0.83 -0.32 10874 10173 1.07 0.98
20170214 22200 22250 21880 22020 23960 52728959 1.67 1.03 -0.81 14292 9667 1.48 1.11
20170213 22450 22560 21890 22200 32856 72678135 2.96 1.45 -1.94 19104 13753 1.39 1.53
20170210 22410 22990 22110 22640 38271 86198204 3.93 2.16 1.12 21563 16708 1.29 1.78
20170209 22640 22640 22250 22390 19015 42538126 1.74 1.09 -0.18 12571 6445 1.95 0.88
20170208 22290 22590 22100 22430 12282 27361846 2.21 0.60 0.95 5399 6882 0.78 0.57
20170207 22200 22430 22040 22220 13637 30289621 1.75 0.66 -0.36 7998 5639 1.42 0.63
20170206 21800 22640 21750 22300 29965 66749899 4.08 1.51 2.34 12961 17004 0.76 1.39
20170203 21620 22090 21610 21790 13828 30230398 2.22 0.63 0.93 7672 6156 1.25 0.64
20170126 21380 21680 21260 21590 17208 37066721 1.98 0.76 1.79 5682 11525 0.49 0.80
20170125 21760 21940 21160 21210 26901 57658047 3.59 1.24 -2.48 17150 9751 1.76 1.25
20170124 22120 22220 21750 21750 15802 34720619 2.11 0.56 -2.47 11887 3915 3.04 0.73
20170123 22200 22390 21810 22300 25332 56005400 2.63 0.70 1.13 11614 13718 0.85 1.18
20170120 21600 22180 21460 22050 24435 53541692 3.35 0.60 2.65 10819 13616 0.79 1.14
20170119 21360 21760 21070 21480 21235 45531302 3.21 0.44 -0.09 13119 8116 1.62 0.99
20170118 21700 21910 21380 21500 22103 47790871 2.42 0.44 -1.92 14646 7457 1.96 1.03
20170117 21350 22400 20880 21920 47245 102758818 6.92 0.92 -0.18 27861 19384 1.44 2.20
20170116 24260 24400 21960 21960 66193 150974566 10.00 1.44 -10.00 40820 25373 1.61 3.08
20170113 24300 25090 24110 24400 45853 112664034 4.03 0.93 0.29 23087 22765 1.01 2.13
20170112 23900 24700 23880 24330 61762 150485761 3.41 1.17 1.29 30492 31270 0.98 2.87
20170111 23890 24180 23810 24020 31561 75773979 1.54 0.52 0.25 17532 14029 1.25 1.47
20170110 23520 24350 23400 23960 51612 123973851 4.04 0.77 1.87 22230 29382 0.76 2.40
20170109 23720 24290 23500 23520 38600 92153077 3.30 0.45 -1.63 24459 14141 1.73 1.79
20170106 23890 24380 23700 23910 61800 148465673 2.83 0.58 -0.54 36660 25140 1.46 2.87
20170105 23560 24380 23380 24040 79734 190467043 4.25 0.75 2.08 38152 41581 0.92 3.70
20170104 24250 24250 23130 23550 73777 174278330 4.67 0.70 -1.75 47549 26228 1.81 3.43
20170103 24500 24750 22000 23970 82317 196693978 11.27 0.77 -1.80 52060 30257 1.72 3.82
20161230 22840 25260 22520 24410 128913 308789072 11.93 1.27 6.32 63687 65225 0.98 5.99
20161229 24500 24500 22830 22960 163668 379311616 6.58 1.96 -9.50 81750 81919 1.00 7.60
20161123 26700 26780 25210 25370 83082.01 214632046.350
20161122 26580 26800 26120 26480 65601.17 173206007.820
20161121 27000 27000 26250 26360 93877.69 250506493.690
20161118 25980 26830 25970 26650 101399.31 268733172.360
20161117 26210 26520 25740 26110 72595.58 190472937.440
20161116 25100 26450 24910 26280 112541.27 290705428.330
20161115 24280 25090 24110 25070 85543.94 210555911.190
20161114 24600 25100 24240 24400 56053.85 137962063.440
20161111 24750 25380 24620 24720 55199.58 137788755.880
20161110 24640 24950 24430 24700 67488.64 166843456.270
20161109 24710 25000 23800 24560 60658.24 148371220.520
20161108 25000 25190 24170 24850 77920.33 192285561.330
20161107 25850 25950 24980 25070 56220.51 143130282.070
20161104 25080 26140 25080 25780 64762.42 166877427.680
20161103 25330 25600 24800 25270 77049.79 194323045.250
20161102 25100 25770 24850 25400 84161.33 213930430.250
20161101 23800 25970 23800 25100 105657.22 263090059.010
20161031 23380 24090 23360 23800 60175.37 143335611.800
20161028 23480 23850 23330 23580 55133.38 130081747.260
20161027 23790 24190 23520 23720 72337.06 172359695.120
20161026 22700 23930 22670 23880 126410.37 297125360.430
20161025 22490 22900 22170 22860 65046.81 146909087.770
20161024 22410 22600 22280 22370 43986.00 98639821.000
20161021 22200 22710 22190 22260 42282.22 94671513.160
20161020 22260 22500 22010 22240 76278.27 169662104.540
20161019 21520 22560 21480 22280 87006.40 192190468.120
20161018 21100 21650 21040 21570 55443.12 118964249.080
20161017 21420 21650 21040 21150 32218.03 68977969.310
20161014 21290 21450 21250 21360 25918.71 55340939.580
20161013 21360 21520 21210 21290 32770.28 69950671.620
20161012 21250 21570 21170 21360 44546.50 95311960.290
20161011 21160 21250 20960 21140 32990.18 69567759.880
20161010 20780 21200 20600 21160 43654.99 91368993.100
20160930 20670 20920 20390 20500 27666.16 56951839.730
20160929 20780 20990 20640 20710 29741.12 61989818.120
20160928 20960 20960 20600 20610 22622.91 46894298.150
20160927 20170 20870 20170 20790 34801.22 71600337.740
20160926 20630 20870 20210 20250 33082.01 68186147.930
20160923 20960 21010 20500 20650 25118.37 51953751.050
20160922 21030 21220 20810 20820 26705.13 55894909.730
20160921 20720 21270 20720 20910 20829.44 43780982.790
20160920 20510 21070 20510 20840 32997.18 68824465.980
20160919 20450 20950 20420 20570 23692.43 48998488.660
20160914 20130 20590 20130 20500 27877.48 56959290.610
20160913 20750 20990 20000 20500 52282.03 106960977.790
20160912 20950 21240 20600 20700 41025.99 85814358.640
20160909 22010 22020 21490 21500 34004.88 73950537.290
20160908 21970 22140 21720 21930 44456.41 97264408.500
20160907 21790 21970 21790 21900 54643.67 119589134.730
20160906 21830 21880 21030 21800 65730.15 141141308.970
20160905 21690 21860 21690 21860 35210.94 76695474.970
20160902 21720 21880 21510 21660 41222.12 89632988.180
20160901 21650 21880 21610 21660 42932.59 93378609.670
20160831 21580 21720 21330 21600 43268.32 93156894.880
20160830 21510 21770 21510 21540 31451.82 68009645.880
20160829 21650 21890 21530 21570 29490.10 63850822.190
20160826 21420 21930 21390 21700 52501.22 113974794.320
20160825 21680 21790 21310 21540 38092.19 81760884.840
20160824 21640 22140 21640 21860 42898.90 94041749.570
20160823 21700 21950 21560 21690 35696.03 77750893.220
20160822 22130 22270 21550 21600 57814.60 126029953.040
20160819 22150 22540 22060 22130 44798.31 99652408.090
20160818 22440 22950 22250 22320 69524.15 156445749.410
20160817 22050 22820 21970 22630 81101.17 181847912.260
20160816 21900 22360 21700 22160 79556.42 175375283.390
20160815 21500 22260 20520 22170 137047.10 295413664.320
20160812 21280 21980 21090 21680 131606.52 282269667.260
20160811 21450 21450 21450 21450 33926.00 72771270.000
20160803 23800 23900 23570 23830 37597.15 89249439.310
20160802 23390 23980 23150 23880 59828.11 141158866.910
20160801 22770 23500 22300 23250 57204.64 131228845.540
20160729 22640 23300 22190 22900 61673.88 140428315.620
20160728 23100 23310 21850 22620 92696.25 209762880.020
20160727 25640 25880 23110 23210 143229.97 348821294.350
20160726 26300 26400 25400 25680 131640.28 338732078.770
20160725 25950 26860 25700 26400 145308.02 382874326.590
20160722 25610 26070 25250 25260 68283.74 175728991.410
20160721 25450 26100 25410 25750 70170.91 181137929.050
20160720 25960 26430 25610 25680 106092.41 275158962.070
20160719 25420 26150 25100 26150 118294.31 302608728.460
20160718 25700 26500 25380 25730 127496.22 331899497.340
20160715 26500 26500 25670 25670 148359.43 386098478.370
20160714 26860 28220 26580 26810 293060.91 793953360.430
20160713 24180 26590 24050 26590 214228.53 545225762.810
20160712 23580 24350 23000 24170 95904.64 228562596.850
20160711 23850 24300 23510 23530 76344.96 181820529.900
20160708 24240 24430 23660 23950 73958.32 177503734.430
20160707 23800 24490 23700 24120 104267.12 251740919.040
20160706 23690 24210 23460 23880 80122.68 190550612.750
20160705 23770 24500 23760 23850 120083.08 289032568.300
20160704 23230 23720 23030 23550 84119.53 197417192.500
20160701 23530 23750 23190 23390 77635.25 181622739.650
20160630 23030 23950 22820 23690 122643.44 288632221.020
20160629 23400 23450 22800 23000 71631.86 164836549.070
20160628 22500 23330 22500 23210 98247.90 226129850.480
20160627 21900 22980 21810 22760 75517.13 170088557.470
20160624 22780 22930 21470 22160 74607.06 166564810.460
20160623 22850 23080 22400 22700 57495.24 130916672.600
20160622 22350 22980 22300 22940 59547.92 134767070.210
20160621 23000 23140 22250 22350 63147.39 143951871.740
20160620 22800 22800 22150 22620 55860.00 125434840.800
20160617 22770 23290 22640 22740 55730.79 127810783.110
20160616 23300 23350 22550 22710 70487.79 161269324.110
20160615 22250 23440 22080 23230 69864.92 161065113.870
20160614 22030 22770 22020 22400 42874.83 96032302.350
20160613 23180 23740 22280 22280 77599.25 180162325.060
20160608 24410 24570 23850 24180 73916.86 178547631.240
20160607 25390 25390 24720 24870 68217.19 170065208.060
20160606 24990 25350 24810 25170 80921.32 202908825.850
20160603 25000 25290 24780 24900 103575.92 258709075.600
20160602 23900 25980 23900 25370 150608.97 377697078.030
20160601 23970 24590 23900 23960 90211.22 218603411.110
20160531 22700 23940 22500 23890 106140.77 249454877.850
20160530 23000 23000 22000 22500 67904.33 152970566.600
20160527 23250 23720 22970 23140 68391.84 160105337.320
20160526 23000 23250 22170 23160 71998.25 163325424.410
20160525 23970 24150 22970 23090 84363.36 198660065.540
20160524 23500 24180 23110 23800 79062.32 186482092.110
20160523 23900 24050 23310 23500 94609.36 223504137.330
20160520 22580 23700 22030 23500 107177.26 246002455.480
20160519 22000 23190 22000 22530 101518.07 230412764.340
20160518 23000 23000 21690 22040 124441.01 278260207.420
20160517 24780 24980 23800 24100 197946.57 482467734.730
20160516 22680 23620 22300 23620 116218.10 270069392.950
20160513 21800 22380 21150 21470 99041.00 216370000
20160512 21340 22870 21060 21900 141769.00 308130000
20160511 24490 24490 22990 22990 229597.00 535530000
20160510 25650 26080 25330 25540 71961.00 184630000
20160509 27020 27220 25210 25400 117875.00 306000000
20160506 29460 29900 26830 27770 188856.00 531540000
20160505 29000 29680 28780 29460 122095.00 357190000
20160504 28720 30260 28500 29180 167044.00 491660000
20160503 27290 29380 27200 28790 138890.00 396260000
20160429 27720 28190 27270 27540 109888.00 304690000
20160428 26380 28500 26000 28070 175753.00 474610000
20160427 26210 27100 25860 26400 105724.00 279500000
20160426 26850 27800 25780 26520 127775.00 340690000
20160425 27000 27000 25920 26390 80807.00 213490000
20160422 25600 27200 25260 27170 120296.00 316450000
20160421 27430 27500 25560 25720 108877.00 290040000
20160420 28790 29500 26080 27150 161903.00 450260000
20160419 28870 29000 28120 28540 115729.00 330210000
20160418 29300 29680 28010 28850 140011.00 403840000
20160415 27760 30400 27530 29850 219283.00 636060000
20160414 27660 28600 27120 27950 190447.00 533410000
20160413 26100 28300 26030 27530 246625.00 673390000
20160412 24920 25800 24880 25730 103638.00 262930000
20160411 24680 25780 24660 25160 86037.00 217580000
20160408 24220 24850 24000 24500 81436.00 198780000
20160407 26000 26400 25000 25030 109131.00 279730000
20160406 25700 26990 25500 25980 154688.00 406180000
20160405 25100 26150 24430 25940 110996.00 283070000
20160401 25560 25690 24200 25000 106423.00 265140000
20160331 25180 26700 25060 25670 170652.00 438150000
20160330 23870 25150 23810 24900 137364.00 335280000
20160329 24220 24370 23000 23950 95686.00 226450000
20160328 26100 26320 24000 24350 152017.00 385190000
20160325 24940 26180 24800 25760 189247.00 485080000
20160324 24000 26580 23720 25100 185763.00 462420000
20160323 24340 24650 23700 24520 117479.00 285090000
20160322 24180 25120 23950 24390 120372.00 295290000
20160321 24700 24850 23940 24680 162273.00 395860000
20160318 22610 24500 22610 23950 170650.00 401460000
20160317 20900 22760 20900 22600 155537.00 341600000
20160316 21960 22090 20380 20840 102526.00 217450000
20160315 21120 22190 21020 21280 105654.00 227670000
20160314 20580 22000 20310 21350 113479.00 241530000
20160311 19850 20540 19610 20100 72830.00 145640000
20160310 21500 21650 19920 20350 117266.00 242780000
20160309 21640 22450 21250 21420 99617.00 217930000
20160308 21700 22460 19610 22300 132268.00 282100000
20160307 21600 22560 21330 21700 98350.00 215880000
20160304 23300 23780 21150 21150 147401.00 326320000
20160303 24010 24790 23500 23500 137843.00 332680000
20160302 22010 23950 21840 23900 150800.00 345290000
20160301 21150 23060 20650 22290 143209.00 311500000
20160229 23730 23800 21240 21240 135518.00 295890000
20160226 24900 25300 22860 23600 145665.00 351820000
20160225 27170 27420 24860 24860 162263.00 420070000
20160224 28860 29170 26500 27620 172149.00 478200000
20160223 28360 29400 27660 29130 172553.00 491860000
20160222 27700 28730 27120 28300 170850.00 475380000
20160219 26020 28930 26020 27510 202091.00 563890000
20160218 27150 27550 26150 26300 160357.00 431190000
20160217 25600 27800 25220 27400 175937.00 463560000
20160216 24750 26180 24600 25670 145935.00 372740000
20160215 22200 25500 22200 24550 146087.00 350120000
20160205 24500 24780 23260 23400 121809.00 291560000
20160204 24480 25450 24360 24790 138881.00 345710000
20160203 23960 24990 23380 24680 178340.00 429870000
20160202 22000 24070 21710 24070 107134.00 249320000
20160201 22710 23650 20800 21880 127688.00 286230000
20160129 21890 23860 20690 22850 157700.00 352220000
20160128 24300 25180 22490 22490 148869.00 352660000
20160127 25510 25980 23450 24990 177845.00 437330000
20160126 28370 28670 26060 26060 168881.00 459740000
20160125 29000 30600 28510 28950 239062.00 703550000
20160122 26200 28270 25800 28270 160936.00 433950000
20160121 28020 28680 25700 25700 172181.00 473410000
20160120 26870 29710 26650 28550 202541.00 565970000
20160119 26870 27570 25820 27270 200921.00 538000000
20160118 22900 26070 22720 26070 128552.00 320210000
20160115 24400 25880 23400 23700 174980.00 430830000
20160114 22380 25220 22210 24820 150359.00 361860000
20160113 25800 26400 23410 23820 189343.00 469030000
20160112 24880 26600 24220 25700 176579.00 450700000
20160111 26320 26320 25000 25000 138614.00 353130000
20160108 29480 29850 26520 27780 223116.00 619680000
20160107 31980 31980 29470 29470 31916.00 96970000
20160106 32510 33380 31290 32740 176827.00 569260000
20160105 29400 33640 29350 33120 239371.00 760410000
20160104 31700 33330 30120 31130 133866.00 428420000
20151231 34820 35050 31700 31700 174180.00 583180000
20151230 34290 35590 34060 35220 170932.00 595740000
20151229 33970 34400 33210 33810 180265.00 608550000
20151228 36020 37000 33500 34000 183382.00 656540000
20151225 37800 38630 36560 36560 134674.00 506470000
20151224 37920 38380 36980 37750 126987.00 477690000
20151223 39150 40180 37600 38200 161720.00 626230000
20151222 41620 41630 38000 38970 190318.00 757560000
20151221 41780 42700 39620 41960 258319.00 1066770000
20151218 39800 42810 38900 40800 330498.00 1370260000
20151217 38390 40470 37550 38920 270522.00 1049680000
20151216 37120 40770 36850 38220 286686.00 1102950000
20151215 36500 37810 36010 37500 254935.00 941020000
20151214 40000 41500 36370 36600 357277.00 1351930000
20151211 42990 44960 40180 40410 482167.00 2062180000
20151210 41640 41640 41640 41640 20129.00 83820000
20151209 37850 37850 37850 37850 25147.00 95180000
20151208 34410 34410 34410 34410 39085.00 134490000
20151207 31280 31280 31280 31280 22440.00 70190000
20151204 28440 28440 28440 28440 19696.00 56010000
20150518 23510 25860 22800 25860 232137.00 583460000
20150515 21600 24130 21210 23510 223829.00 514690000
20150514 21660 22300 21110 21940 147257.00 318540000
20150513 21100 22410 20850 21960 249113.00 543800000
20150512 20000 21780 20000 21780 277930.00 587120000
20150428 21300 21400 19320 19800 117341.00 237910000
20150427 21510 21950 21300 21380 89445.00 192660000
20150424 21900 22230 21500 21580 86996.00 190040000
20150423 21900 22610 21560 22290 105619.00 233290000
20150422 21640 21980 21560 21850 101748.00 221960000
20150421 20500 21940 20330 21810 113961.00 241670000
20150420 21300 22330 21110 21240 98447.00 213650000
20150417 23000 23300 21570 21690 163456.00 361170000
20150416 23300 24360 22700 22900 108864.00 256260000
20150415 25010 25280 23360 23630 97996.00 236870000
20150414 23900 24880 23330 24340 115939.00 279960000
20150413 23700 24660 23380 23900 103739.00 249200000
20150410 22180 24520 22070 23080 106003.00 246880000
20150409 21560 22500 20070 22500 117853.00 252010000
20150408 21870 21870 20510 21630 127540.00 271880000
20150407 22100 22560 21400 21700 120827.00 263450000
20150403 20670 22400 20530 21870 133059.00 286710000
20150402 20200 21250 19830 21090 173969.00 353460000
20150401 18450 20240 18300 20240 228584.00 452840000
20150331 19150 19530 18400 18400 127089.00 240460000
20150330 19080 19650 18410 18770 161065.00 304340000
20150327 16950 18340 16950 18340 99198.00 177760000
20150326 17580 17580 16600 16670 131727.00 224130000
20150325 17790 18200 17460 17690 162214.00 289420000
20150324 17480 19200 16580 17860 220490.00 392210000
20150323 16860 17660 16700 17490 126762.00 219380000
20150320 15780 16680 15720 16530 111252.00 181760000
20150319 15860 15870 15560 15800 85118.00 133780000
20150318 15540 15980 15380 15720 102972.00 161320000
20150317 15480 15990 15230 15550 136723.00 214490000
20150316 15200 15900 15120 15400 185133.00 289460000
20150313 14260 15200 14010 15150 151687.00 223270000
20150312 14190 14530 13980 14210 164719.00 233610000
20150311 13250 14540 13190 14380 237292.00 331970000
20150310 12990 13290 12950 13220 161277.00 211820000
20150309 13020 13500 13020 13140 292666.00 383410000
20150306 15030 15140 14190 14470 130221.00 189600000
20150305 14090 15500 14010 15030 179168.00 265390000
20150304 13910 14380 13410 14130 102413.00 142720000
20150303 14010 14580 13860 13910 124296.00 177580000
20150302 13710 14370 13710 14140 96169.00 135150000
20150227 13800 13980 13640 13740 70618.00 97410000
20150226 13700 14140 13500 13810 86155.00 118420000
20150225 14100 14680 13790 13950 137963.00 196290000
20150217 13410 13880 13370 13790 79179.00 107940000
20150216 13020 14100 13020 13580 133946.00 183520000
20150213 12570 12860 12520 12850 89976.00 114240000
20150212 12390 12670 12340 12520 66314.00 82960000
20150211 12060 12590 12060 12320 56732.00 70130000
20150210 11370 12160 11350 12060 37140.00 43320000
20150209 11700 11960 11330 11370 56470.00 65640000
20150206 12610 12610 11720 11780 72888.00 88790000
20150205 12360 12670 12220 12480 67974.00 84750000
20150204 12420 12580 12160 12330 75228.00 93240000
20150203 12000 12380 11950 12360 76713.00 93680000
20150202 11740 12080 11650 12000 39309.00 46830000
20150130 11890 12180 11880 11880 73368.00 88310000
20150129 11690 11940 11520 11880 37672.00 44320000
20150128 11850 12090 11780 11790 55659.00 66310000
20150127 11850 11900 11500 11700 47310.00 55330000
20150126 11630 11910 11630 11840 67587.00 79700000
20150123 11850 11850 11510 11580 66189.00 77230000
20150122 11800 11950 11410 11920 116849.00 136540000
20150121 11190 12270 11150 11810 180536.00 216970000
20150120 10680 11260 10680 11150 65164.00 72150000
20150119 10590 11200 10480 10690 63871.00 69230000
20150116 10570 11180 10410 10890 68419.00 74520000
20150115 10440 10700 10330 10540 29732.00 31410000
20150114 10600 10750 10320 10410 30986.00 32550000
20150113 10190 10660 10100 10650 39728.00 41600000
20150112 10350 10400 10130 10190 34387.00 35140000
20150109 10610 10840 10450 10450 48891.00 52000000
20150108 10680 10920 10550 10700 42592.00 45580000
20150107 10540 10970 10520 10700 55779.00 60120000
20150106 10250 10650 10130 10600 53134.00 55490000
20150105 10330 10450 10010 10270 53036.00 54510000
20141231 9990 10220 9990 10130 31618.00 32020000
20141230 10290 10470 9910 9970 46290.00 46880000
20141229 10640 10640 10300 10340 40446.00 42170000
20141226 10640 10970 10470 10600 41189.00 44050000
20141225 10830 10830 10530 10640 35561.00 37890000
20141224 10550 10850 10470 10800 36305.00 38690000
20141223 10390 10830 10380 10550 34370.00 36250000
20141222 11350 11350 10320 10390 57786.00 61500000
20141219 12160 12160 11280 11440 57752.00 67720000
20141218 12180 12350 12100 12230 28860.00 35230000
20141217 12560 12600 12070 12280 45555.00 56390000
20141216 12790 12810 12520 12640 37563.00 47410000
20141215 12540 12880 12540 12790 45563.00 58190000
20141212 12590 12650 12310 12530 32007.00 39870000
20141211 12200 12510 12020 12490 38844.00 48140000
20141210 11850 12350 11840 12270 37394.00 45380000
20141209 12360 12460 11840 11840 65632.00 79330000
20141208 12310 12540 12000 12320 65670.00 80790000
20141205 13450 13500 12130 12290 137348.00 172740000
20141204 13440 13740 13390 13480 74690.00 101130000
20141203 13850 13850 13300 13500 91372.00 123780000
20141202 13520 13900 13480 13800 104469.00 142830000
20141201 14310 14310 13410 13500 146991.00 202560000
20141119 12850 13270 12850 13020 55023.00 71990000
20141118 12700 12960 12690 12840 35945.00 46000000
20141117 12530 13050 12530 12800 43748.00 56250000
20141114 12460 12710 12400 12560 30776.00 38610000
20141113 12830 12830 12410 12460 43683.00 54930000
20141112 12630 12890 12480 12820 37525.00 47910000
20141111 13580 13580 12500 12670 88655.00 115400000
20141110 13610 13700 13350 13580 54513.00 73800000
20141107 14150 14250 13420 13680 83098.00 114930000
20141106 13800 14190 13660 14070 94240.00 131280000
20141105 13580 13880 13380 13740 65768.00 89990000
20141104 13900 13970 13500 13570 63148.00 86350000
20141103 13560 13870 13500 13710 104626.00 143470000
20141031 14430 14600 13380 13600 270682.00 377970000
20141030 13750 14800 13750 14800 358677.00 525380000
20141029 13800 13980 13300 13450 103306.00 140740000
20141028 13610 13960 13610 13770 54022.00 74570000
20141027 13400 13600 13050 13600 39547.00 52610000
20141024 13240 13530 13200 13390 40851.00 54500000
20141023 13180 13400 13070 13240 40450.00 53520000
20141022 13830 13970 13130 13220 71069.00 95940000
20141021 14200 14600 13820 13830 101611.00 144010000
20141020 14260 14450 14080 14330 97233.00 138490000
20141017 13450 14300 13350 14250 165222.00 230490000
20141016 13420 13950 13310 13600 86243.00 118150000
20141015 13680 13850 13290 13590 70949.00 95820000
20141014 13430 13810 13380 13800 82400.00 111790000
20141013 13410 13650 13230 13450 91629.00 122810000
20141010 13700 13880 13410 13450 123083.00 167930000
20141009 14300 14550 13950 13950 103424.00 146470000
20141008 14160 14450 14080 14260 75857.00 108350000
20140930 14110 14260 13900 14220 85537.00 120370000
20140929 13810 14450 13510 14170 169861.00 240290000
20140926 14100 14500 13850 13960 182445.00 259050000
20140925 14600 14830 14040 14150 244068.00 350900000
20140924 15280 15510 14410 14560 416270.00 620890000
20140923 14050 14740 14020 14740 280372.00 404570000
20140922 12250 13400 12250 13400 128686.00 167610000
20140919 12280 12280 11990 12180 41568.00 50520000
20140918 11940 12150 11710 12150 49430.00 59260000
20140917 12090 12250 11620 11950 83347.00 99070000
20140916 13070 13270 12000 12190 162353.00 209000000
20140915 12770 13130 12680 13100 124787.00 161310000
20140912 12760 12860 12610 12760 79128.00 100500000
20140911 12780 13080 12680 12830 127725.00 164600000
20140910 12850 12850 12630 12780 85393.00 108760000
20140909 12670 12920 12620 12790 91169.00 116420000
20140905 12700 12960 12450 12750 138153.00 175300000
20140904 12840 12900 12550 12730 109001.00 138310000
20140903 12570 12930 12420 12840 153392.00 195040000
20140902 12580 12640 12250 12560 148248.00 184270000
20140901 12100 12700 12100 12530 166672.00 207510000
20140829 11800 12340 11660 12190 114559.00 137270000
20140828 12410 12770 11850 11920 139329.00 170430000
20140827 12650 12690 12350 12450 142688.00 178330000
20140826 12800 13270 12660 12950 261230.00 338770000
20140825 12560 12980 12420 12760 181025.00 229850000
20140822 12770 13180 12650 12720 234010.00 302170000
20140821 13150 13160 12650 12860 152420.00 195690000
20140820 13000 13250 12840 13170 240766.00 313430000
20140819 13580 13580 12670 12920 372319.00 488990000
20140818 13790 14110 13510 13900 358325.00 494980000
20140815 14720 15490 14090 14250 549505.00 808250000
20140814 14500 15110 14400 14400 564128.00 839850000
20140813 12340 13740 12120 13740 443433.00 576560000
20140812 12600 12840 12100 12500 535929.00 677550000
20140811 10700 11670 10700 11670 204707.00 235520000
20140808 10350 10720 10300 10610 65130.00 68650000
20140807 10740 10980 10370 10380 94297.00 100660000
20140806 10740 10860 10650 10740 59508.00 64100000
20140805 10720 10960 10570 10780 96150.00 103510000
20140804 10850 11080 10530 10680 92779.00 99640000
20140801 10860 11340 10740 10950 152537.00 169170000
20140731 10740 10910 10640 10870 80795.00 87190000
20140730 10740 10870 10460 10820 113138.00 120520000
20140729 10350 11070 10280 10900 183863.00 195840000
20140728 10350 10580 10270 10400 76272.00 79450000
20140725 10250 10510 10200 10270 61128.00 63240000
20140724 10550 10590 10130 10310 129650.00 134090000
20140723 11760 12110 10690 10730 235337.00 264610000
20140722 11420 12080 11330 11880 164753.00 193490000
20140721 11330 11950 11100 11550 162586.00 187890000
20140718 11320 11890 11260 11400 141837.00 163110000
20140717 12200 12600 10900 11400 217803.00 252400000
20140716 12100 12630 11700 12030 340218.00 414810000
20140715 12800 13250 11590 11950 549722.00 687360000
20140714 12170 12170 12170 12170 123317.00 150070000
20140711 11060 11060 11060 11060 25401.00 28090000
20140710 10050 10050 10050 10050 19846.00 19940000
20140709 9140 9140 9140 9140 2761.00 2520000
20140708 8310 8310 8310 8310 1398.00 1160000
20140328 7690 7850 7450 7550 77003.00 58910000
20140327 7570 7770 7550 7690 69193.00 53140000
20140326 7350 7690 7350 7570 80813.00 61230000
20140325 7310 7420 7250 7390 45073.00 33080000
20140324 7120 7400 7070 7280 53075.00 38440000
20140321 6940 7160 6760 7140 29796.00 20800000
20140320 7200 7240 6970 6970 23732.00 16870000
20140319 7040 7200 7000 7190 25173.00 17880000
20140318 7110 7130 7040 7070 19567.00 13870000
20140317 6860 7090 6860 7090 28453.00 19930000
20140314 6870 6870 6760 6850 16298.00 11090000
20140313 6800 6960 6800 6870 22343.00 15330000
20140312 6710 6820 6630 6780 25674.00 17300000
20140311 6560 6820 6550 6710 32282.00 21580000
20140310 6900 6980 6600 6600 38711.00 26280000
20140307 7140 7220 6990 7020 24440.00 17330000
20140306 7200 7230 7020 7130 24066.00 17080000
20140305 7170 7300 7140 7200 30905.00 22300000
20140304 7110 7260 7080 7160 36136.00 25940000
20140303 7170 7300 7090 7200 45959.00 32920000
20140228 6860 6990 6760 6950 30635.00 21090000
20140227 7110 7240 6880 6890 38145.00 27010000
20140226 7100 7150 6900 7110 45557.00 31990000
20140225 7780 7830 7110 7180 75734.00 56830000
20140224 7600 7800 7490 7780 46011.00 34950000
20140221 7540 7690 7410 7610 37631.00 28410000
20140220 7690 7790 7430 7570 56946.00 43220000
20140219 7800 7880 7630 7710 63771.00 49360000
20140218 7830 8060 7720 7820 80663.00 63590000
20140217 7660 7870 7570 7840 65653.00 51090000
20140214 7430 7670 7360 7610 53198.00 39980000
20140213 7680 7760 7450 7460 62269.00 47440000
20140212 7420 7770 7380 7710 80345.00 61170000
20140211 7450 7540 7300 7430 63108.00 46840000
20140210 7320 7540 7240 7470 81190.00 59820000
20140207 7130 7290 7050 7280 45204.00 32590000
20140130 7130 7210 7060 7170 31878.00 22760000
20140129 7070 7200 6980 7170 84944.00 60160000
20140128 7390 7450 7150 7280 45549.00 33120000
20140127 7390 7570 7330 7390 65636.00 48950000
20140124 7230 7450 7200 7400 68042.00 49970000
20140123 7250 7420 7210 7260 66807.00 48960000
20140122 7150 7270 7080 7250 64595.00 46370000
20140121 6920 7190 6920 7170 40217.00 28580000
20140120 7080 7150 6860 6940 42594.00 29820000
20140117 7080 7270 7080 7120 40505.00 29060000
20140116 7180 7210 7050 7100 33543.00 23840000
20140115 7080 7220 6990 7190 46650.00 33340000
20140114 6860 7070 6680 7070 43450.00 30160000
20140113 6700 6900 6670 6840 32589.00 22140000
20140110 6800 6950 6630 6710 32702.00 22340000
20140109 7140 7250 6880 6880 49045.00 34650000
20140108 7060 7400 7060 7170 75475.00 54580000
20140107 6800 7110 6720 7110 56355.00 39130000
20140106 7020 7040 6780 6820 41577.00 28550000
20140103 6900 7080 6830 7030 64773.00 45210000
20140102 6820 6910 6760 6890 31412.00 21570000
20131231 6810 6950 6700 6820 31265.00 21260000
20131230 6660 6860 6560 6790 38212.00 25870000
20131227 6380 6670 6360 6640 32821.00 21550000
20131226 6650 6680 6330 6370 27407.00 17890000
20131225 6490 6700 6450 6640 32373.00 21340000
20131224 6360 6500 6360 6500 28608.00 18420000
20131223 6440 6620 6210 6440 51737.00 32840000
20131220 6740 6760 6420 6450 33389.00 21950000
20131219 6850 6940 6720 6750 21142.00 14480000
20131218 6780 6860 6720 6800 15681.00 10680000
20131217 6880 6950 6740 6780 27491.00 18790000
20131216 6850 7040 6840 6960 42504.00 29550000
20131213 6790 6980 6710 6890 30068.00 20750000
20131212 6660 6860 6650 6790 27324.00 18550000
20131211 6930 6970 6660 6730 42060.00 28670000
20131210 6940 7040 6840 6980 48365.00 33710000
20131209 6830 6990 6800 6890 47863.00 33020000
20131206 6730 6860 6720 6820 35539.00 24170000
20131205 6730 6880 6660 6760 58238.00 39510000
20131204 6750 6950 6710 6770 90445.00 61840000
20131203 6650 6880 6460 6810 78232.00 52370000
20131202 7210 7490 6930 6930 106849.00 75910000
20131129 7790 7790 7540 7700 114847.00 87750000
20131128 7860 7940 7710 7830 98913.00 77340000
20131127 7810 8120 7650 7970 123655.00 97690000
20131126 7330 7960 7320 7810 127836.00 97890000
20131125 7280 7640 7180 7390 98404.00 73510000
20131122 7090 7320 6990 7320 79912.00 57620000
20131121 7080 7320 7000 7090 76204.00 54520000
20131120 6950 7350 6950 7140 74719.00 53500000
20131119 6950 7070 6890 6960 66953.00 46570000
20131118 6920 7220 6870 7040 112275.00 79320000
20131115 6970 7230 6900 6900 123190.00 86780000
20131114 6630 7110 6480 7030 112170.00 76850000
20131113 6790 6790 6580 6680 68814.00 45850000
20131112 6420 6920 6370 6810 98628.00 65950000
20131111 6480 6520 6250 6460 42628.00 27220000
20131108 6550 6630 6400 6460 47279.00 30760000
20131107 6540 6740 6380 6640 65515.00 42750000
20131106 6630 6780 6530 6590 101821.00 67790000
20131105 6370 6990 6320 6760 171385.00 115430000
20131104 6580 6600 6350 6440 81769.00 52970000
20131101 6540 6600 6280 6370 112820.00 72400000
20131031 5900 6550 5880 6550 181345.00 116280000
20131030 5860 6000 5790 5950 34915.00 20540000
20131029 6320 6360 5750 5940 59332.00 35900000
20131028 6090 6350 6000 6310 56496.00 35200000
20131025 6060 6140 5980 6070 20843.00 12650000
20131024 6070 6150 6040 6050 18579.00 11310000
20131023 6300 6370 6000 6070 42098.00 25870000
20131022 6270 6440 6250 6260 49118.00 31210000
20131021 6190 6380 6160 6290 33357.00 20940000
20131018 6100 6200 6070 6180 23091.00 14190000
20131017 5980 6230 5970 6120 39380.00 23940000
20131016 6140 6160 5930 5950 33036.00 19810000
20131015 6250 6260 6090 6130 30390.00 18760000
20131014 6220 6400 6140 6210 55685.00 34800000
20131011 6100 6240 6060 6190 42343.00 26010000
20131010 6080 6170 6050 6080 21706.00 13240000
20131009 6030 6130 6030 6100 24803.00 15100000
20131008 5980 6090 5960 6060 29400.00 17730000
20130930 5930 5960 5890 5950 11576.00 6860000
20130927 5840 5920 5840 5850 12114.00 7110000
20130926 5930 5970 5840 5840 17078.00 10080000
20130925 5990 6020 5910 5920 20988.00 12500000
20130924 6000 6050 5960 6010 20231.00 12140000
20130923 5870 6040 5870 6020 23572.00 14040000
20130918 5840 5880 5810 5870 15492.00 9050000
20130917 6010 6010 5820 5840 25602.00 15130000
20130916 6030 6060 5970 6010 23139.00 13930000
20130913 5980 6040 5950 6030 22314.00 13400000
20130912 5950 6030 5950 6000 17198.00 10300000
20130911 6120 6120 5930 5960 40648.00 24440000
20130910 6060 6120 6040 6120 25292.00 15380000
20130909 6120 6140 6050 6070 36623.00 22260000
20130906 6090 6160 6040 6100 25959.00 15800000
20130905 6310 6460 6080 6110 55508.00 34460000
20130904 6220 6360 6130 6290 54364.00 34100000
20130903 6240 6340 6210 6230 28503.00 17840000
20130902 6090 6380 6010 6240 38525.00 23850000
20130830 6030 6250 6000 6090 50892.00 31050000
20130829 6120 6150 6010 6070 29607.00 17940000
20130828 6200 6250 6060 6130 38334.00 23660000
20130827 6180 6300 6110 6240 48557.00 30210000
20130826 6000 6370 5990 6210 72302.00 44500000
20130823 5990 6070 5720 6010 36069.00 21430000
20130822 5940 6040 5910 5990 29650.00 17710000
20130821 5880 6050 5860 6000 48646.00 29090000
20130820 5800 5940 5730 5860 25314.00 14800000
20130819 5610 5800 5610 5770 16583.00 9490000
20130816 5790 5890 5610 5640 25826.00 14840000
20130815 5930 5950 5790 5790 26699.00 15650000
20130814 6050 6070 5900 5930 27272.00 16290000
20130813 5910 6030 5890 6000 35552.00 21280000
20130812 5830 5970 5830 5910 27590.00 16250000
20130809 5970 5970 5780 5870 28305.00 16560000
20130808 5800 5970 5770 5930 27554.00 16200000
20130807 5900 5970 5700 5790 36639.00 21390000
20130806 6050 6050 5880 5930 39768.00 23640000
20130805 5800 6160 5780 6010 66073.00 39710000
20130802 5860 6060 5750 5900 108560.00 63860000
20130801 5500 5750 5500 5720 54567.00 30770000
20130731 5470 5610 5440 5510 27348.00 15110000
20130730 5500 5520 5340 5470 25565.00 13840000
20130729 5500 5570 5420 5490 25665.00 14140000
20130726 5390 5580 5380 5490 28208.00 15480000
20130725 5540 5540 5340 5380 23704.00 12870000
20130724 5500 5540 5390 5530 32248.00 17650000
20130723 5300 5540 5300 5470 27953.00 15170000
20130722 5190 5310 5120 5300 16435.00 8590000
20130719 5450 5480 5210 5220 24850.00 13370000
20130718 5370 5460 5310 5410 20422.00 11020000
20130717 5470 5510 5400 5410 24659.00 13440000
20130716 5430 5540 5390 5490 33050.00 18040000
20130715 5320 5410 5300 5390 25850.00 13850000
20130712 5320 5440 5290 5320 22968.00 12330000
20130711 5220 5400 5200 5370 30187.00 16100000
20130710 5130 5250 5110 5240 19875.00 10300000
20130709 5070 5140 5050 5100 15178.00 7740000
20130708 5390 5400 5080 5090 30691.00 16110000
20130705 5580 5600 5450 5480 27150.00 14960000
20130704 5500 5640 5460 5560 31206.00 17370000
20130703 5630 5640 5370 5540 30296.00 16780000
20130702 5540 5650 5520 5610 28835.00 16130000
20130701 5450 5580 5400 5560 24051.00 13250000
20130628 5530 5680 5410 5460 35134.00 19340000
20130627 5850 5910 5580 5600 55728.00 32130000
20130626 5750 5930 5610 5880 53810.00 31170000
20130625 5940 6000 5540 5840 89075.00 50780000
20130624 6630 6780 6060 6150 86410.00 55420000
20130621 6550 6830 6360 6720 123533.00 82560000
20130620 6610 6640 6430 6500 65886.00 43190000
20130619 6260 6740 6160 6670 120557.00 79030000
20130618 6320 6330 6130 6330 31989.00 19910000
20130617 6260 6440 6220 6330 34800.00 22030000
20130614 6100 6690 6050 6250 46620.00 29370000
20130613 6160 6190 5980 6080 26323.00 15980000
20130607 6200 6260 6020 6080 21898.00 13390000
20130606 6320 6340 6160 6190 30427.00 19000000
20130605 6300 6430 6220 6370 51158.00 32340000
20130604 6340 6410 6160 6280 35797.00 22490000
20130603 6370 6410 6270 6330 26772.00 16980000
20130531 6440 6470 6350 6380 28827.00 18490000
20130530 6420 6460 6340 6410 28545.00 18260000
20130529 6400 6480 6320 6450 31996.00 20520000
20130528 6450 6580 6370 6380 43135.00 27860000
20130527 6440 6490 6370 6450 31010.00 19950000
20130524 6270 6450 6270 6440 32041.00 20400000
20130523 6330 6430 6260 6270 37146.00 23520000
20130522 6630 6740 6380 6430 58429.00 38170000
20130521 6460 6630 6380 6500 73854.00 48120000
20130520 6150 6540 6150 6500 69552.00 44040000
20130517 6090 6190 6020 6150 29471.00 18070000
20130516 6090 6200 6030 6080 46131.00 28280000
20130515 5940 6240 5940 6080 29853.00 18120000
20130514 6030 6030 5900 5940 16564.00 9840000
20130513 6040 6060 5970 6030 18303.00 11000000
20130510 5930 6050 5890 6030 19573.00 11710000
20130509 6010 6010 5890 5970 21524.00 12820000
20130508 5970 6040 5950 6020 17519.00 10500000
20130507 5980 6010 5920 5970 15443.00 9200000
20130506 5910 6000 5830 6000 23856.00 14170000
20130503 5810 5960 5800 5910 19709.00 11630000
20130502 5750 5800 5670 5800 9417.00 5400000
20130426 5760 5860 5690 5730 15809.00 9130000
20130425 5790 5910 5720 5760 21667.00 12610000
20130424 5710 5790 5650 5780 12263.00 7050000
20130423 5820 5820 5630 5680 12770.00 7310000
20130422 5770 5830 5750 5830 13080.00 7570000
20130419 5750 5840 5730 5820 14565.00 8440000
20130418 5660 5790 5630 5720 10840.00 6210000
20130417 5650 5710 5610 5690 7471.00 4220000
20130416 5560 5680 5560 5680 8631.00 4850000
20130415 5720 5730 5580 5590 9536.00 5360000
20130412 5820 5870 5690 5700 12907.00 7440000
20130411 5920 5920 5790 5810 7745.00 4520000
20130410 5830 5930 5780 5890 14860.00 8710000
20130409 5830 5910 5800 5840 12855.00 7540000
20130408 5760 5820 5660 5810 14878.00 8530000
20130403 5710 5820 5580 5810 16044.00 9150000
20130402 5760 5790 5680 5700 10070.00 5760000
20130401 5670 5790 5670 5730 11190.00 6430000
20130329 5680 5740 5670 5690 11045.00 6290000
20130328 5900 5920 5690 5690 20902.00 12040000
20130327 5890 5960 5890 5930 12781.00 7580000
20130326 6000 6040 5850 5920 15830.00 9360000
20130325 6050 6120 5990 6010 23545.00 14210000
20130322 5980 6020 5930 6000 21896.00 13090000
20130321 5930 6060 5900 5990 35806.00 21380000
20130320 5800 5940 5770 5920 43863.00 25800000
20130319 5890 5890 5710 5800 24565.00 14210000
20130318 6090 6120 5790 5820 29749.00 17660000
20130315 6190 6230 6070 6160 18833.00 11560000
20130314 6170 6250 6160 6190 9592.00 5940000
20130313 6260 6320 6160 6210 13055.00 8110000
20130312 6600 6650 6220 6310 29074.00 18660000
20130311 6580 6620 6500 6560 13299.00 8720000
20130308 6650 6660 6530 6580 15215.00 10040000
20130307 6600 6710 6540 6640 31307.00 20750000
20130306 6550 6660 6500 6640 37414.00 24680000
20130305 6300 6580 6250 6540 31864.00 20510000
20130304 6570 6570 6290 6330 29601.00 19070000
20130301 6560 6630 6490 6630 34202.00 22420000
20130228 6420 6550 6400 6540 26312.00 17050000
20130227 6410 6450 6320 6390 20266.00 12930000
20130226 6580 6630 6430 6430 27053.00 17680000
20130225 6700 6760 6550 6630 25475.00 16920000
20130222 6470 6620 6460 6580 24896.00 16310000
20130221 6570 6740 6400 6500 41407.00 27330000
20130220 6550 6650 6450 6630 27855.00 18290000
20130219 6550 6810 6450 6580 43309.00 28640000
20130218 6500 6590 6470 6550 23474.00 15360000
20130208 6400 6540 6380 6500 18796.00 12190000
20130207 6320 6410 6320 6410 14807.00 9420000
20130206 6370 6610 6300 6400 43724.00 28230000
20130205 6240 6270 6170 6250 18827.00 11700000
20130204 6200 6270 6160 6250 23613.00 14670000
20130201 6210 6220 6120 6200 14413.00 8890000
20130131 6260 6280 6130 6180 32390.00 20030000
20130130 6460 6480 6350 6410 15809.00 10110000
20130129 6340 6440 6340 6410 15023.00 9610000
20130128 6200 6350 6200 6340 15626.00 9850000
20130125 6200 6300 6150 6200 11988.00 7450000
20130124 6470 6530 6160 6210 25413.00 16130000
20130123 6480 6560 6340 6470 18393.00 11840000
20130122 6660 6660 6460 6500 22317.00 14650000
20130121 6660 6690 6600 6680 22211.00 14760000
20130118 6620 6690 6530 6680 29074.00 19250000
20130117 6620 6760 6580 6610 21302.00 14150000
20130116 6680 6770 6510 6670 40446.00 26930000
20130115 6570 7140 6570 6780 75549.00 51440000
20130114 6300 6570 6290 6560 32491.00 21020000
20130111 6590 6620 6280 6350 34602.00 22290000
20130110 6650 6690 6500 6580 28746.00 18970000
20130109 6610 6650 6430 6550 23923.00 15640000
20130108 6520 6650 6470 6610 36337.00 23880000
20130107 6390 6510 6330 6500 32862.00 21200000
20130104 6330 6480 6220 6390 32967.00 21030000
20121231 6310 6340 6220 6300 12944.00 8130000
20121228 6280 6360 6220 6310 15144.00 9530000
20121227 6430 6470 6270 6300 19020.00 12050000
20121226 6360 6450 6290 6420 23366.00 14910000
20121225 6190 6430 6090 6360 28352.00 17770000
20121224 6150 6190 6070 6170 9765.00 5990000
20121221 6160 6330 6110 6180 22280.00 13820000
20121220 6270 6320 6040 6160 17671.00 10870000
20121219 6190 6240 6130 6170 11692.00 7220000
20121218 6160 6390 6100 6190 39302.00 24690000
20121217 6090 6120 6000 6120 22750.00 13790000
20121214 5840 6140 5810 6070 28645.00 17170000
20121213 5880 5940 5790 5790 10652.00 6210000
20121212 5860 5980 5840 5880 11099.00 6540000
20121211 5950 6070 5850 5930 22806.00 13630000
20121210 5880 6060 5860 5980 17673.00 10540000
20121207 5710 5930 5690 5860 17207.00 10050000
20121206 5750 5810 5680 5750 11463.00 6580000
20121205 5520 5800 5470 5750 13887.00 7930000
20121204 5450 5550 5360 5540 10396.00 5650000
20121203 5800 5800 5510 5510 11731.00 6540000
20121130 5670 5790 5620 5770 9235.00 5290000
20121129 5730 5810 5600 5650 8240.00 4710000
20121128 5920 5960 5640 5740 19160.00 11070000
20121127 6340 6340 5880 5880 20842.00 12580000
20121126 6350 6410 6280 6320 6837.00 4330000
20121123 6280 6370 6280 6350 9633.00 6090000
20121122 6330 6370 6270 6280 8976.00 5670000
20121121 6290 6370 6220 6360 9090.00 5720000
20121120 6340 6390 6250 6250 7281.00 4590000
20121119 6300 6360 6220 6310 6474.00 4050000
20121116 6260 6330 6180 6320 7565.00 4720000
20121115 6430 6440 6250 6250 11727.00 7430000
20121114 6350 6460 6350 6430 6857.00 4380000
20121113 6500 6510 6350 6370 12565.00 8030000
20121112 6500 6550 6440 6510 15060.00 9760000
20121109 6580 6640 6460 6490 36386.00 23780000
20121108 7000 7230 6760 6780 63072.00 44210000
20121107 6700 6900 6550 6800 28937.00 19610000
20121106 6960 7000 6550 6660 29573.00 19660000
20121105 6960 7050 6900 6970 13898.00 9690000
20121102 6960 6970 6860 6960 16841.00 11640000
20121101 6760 7020 6760 6930 28606.00 19820000
20121031 6680 6900 6680 6830 24170.00 16490000
20121030 6710 6770 6610 6710 16994.00 11360000
20121029 6750 6800 6680 6740 10036.00 6770000
20121026 6930 6930 6660 6740 32411.00 21940000
20121025 6700 7050 6700 6990 83894.00 57950000
20121024 6560 6840 6500 6720 32344.00 21720000
20121023 6640 6740 6600 6600 15373.00 10260000
20121022 6630 6700 6590 6680 16882.00 11200000
20121019 6650 6760 6640 6710 21217.00 14200000
20121018 6560 6690 6560 6670 16350.00 10860000
20121017 6590 6640 6440 6560 11184.00 7310000
20121016 6510 6620 6480 6540 12992.00 8520000
20121015 6550 6610 6400 6470 13905.00 9000000
20121012 6650 6730 6470 6550 20701.00 13580000
20121011 6800 6810 6620 6650 27064.00 18170000
20121010 6680 6880 6650 6840 34618.00 23460000
20121009 6560 6750 6540 6730 29138.00 19420000
20121008 6550 6610 6470 6540 16078.00 10490000
20120928 6410 6580 6310 6550 22156.00 14340000
20120927 6350 6560 6320 6410 27794.00 17900000
20120926 6480 6530 6300 6330 20261.00 12970000
20120925 6590 6610 6360 6480 25949.00 16800000
20120924 6630 6690 6460 6630 26263.00 17230000
20120921 7110 7160 6680 6710 56314.00 38650000
20120920 7430 7480 7050 7100 71608.00 51850000
20120919 7200 7760 7100 7580 142500.00 106070000
20120918 7020 7720 7010 7400 157556.00 119170000
20120917 7260 7260 7000 7020 28833.00 20460000
20120914 7160 7340 7040 7260 31559.00 22670000
20120913 7400 7400 7130 7130 36946.00 26860000
20120912 7310 7480 7260 7430 85553.00 63070000
20120911 7070 7250 6970 7230 37328.00 26480000
20120910 7040 7230 7000 7080 39325.00 27960000
20120907 6710 7050 6710 7040 51367.00 35610000
20120906 6620 6730 6620 6700 15228.00 10150000
20120905 6590 6660 6490 6610 15894.00 10450000
20120904 6720 6740 6560 6560 20674.00 13760000
20120903 6540 6780 6490 6740 30109.00 20100000
20120831 6490 6620 6430 6580 30684.00 20040000
20120830 6880 6910 6450 6520 33579.00 22340000
20120829 6970 7020 6850 6920 18793.00 13070000
20120828 6920 6970 6800 6960 22633.00 15580000
20120827 7050 7050 6740 6940 35372.00 24550000
20120824 7050 7160 6980 7080 45054.00 31850000
20120823 6920 7110 6880 7070 40951.00 28830000
20120822 6900 7090 6860 7000 38299.00 26700000
20120821 6800 6950 6760 6920 23689.00 16310000
20120820 6740 6850 6610 6820 27789.00 18740000
20120817 6860 6890 6630 6810 20629.00 13900000
20120816 6890 6950 6810 6860 24138.00 16650000
20120815 6870 7040 6770 6900 33637.00 23280000
20120814 6950 6950 6750 6920 21569.00 14740000
20120813 6990 7150 6910 6920 37970.00 26620000
20120810 6970 7060 6940 7020 32956.00 23090000
20120809 6880 7030 6830 7000 26339.00 18260000
20120808 6960 7000 6800 6900 25523.00 17590000
20120807 7040 7130 6890 6950 34056.00 23820000
20120806 6880 7150 6830 7100 32878.00 22990000
20120803 7190 7190 6840 6950 43061.00 30000000
20120802 6690 7130 6690 6930 49456.00 34230000
20120801 6630 6880 6530 6740 31024.00 20810000
20120731 6410 7060 6200 6620 49500.00 32900000
20120730 6490 6540 6260 6420 20448.00 13070000
20120727 6480 6510 6410 6490 10184.00 6560000
20120726 6420 6550 6390 6460 16360.00 10550000
20120725 6340 6530 6330 6420 15338.00 9860000
20120724 6210 6770 6210 6460 30165.00 19630000
20120723 6270 6330 6170 6260 14623.00 9150000
20120720 6340 6380 6230 6280 13309.00 8410000
20120719 6290 6470 6270 6330 19910.00 12700000
20120718 6240 6300 6140 6280 10984.00 6840000
20120717 6240 6280 6130 6220 8796.00 5460000
20120716 6550 6600 6170 6170 29126.00 18300000
20120713 6770 6820 6530 6550 30362.00 20300000
20120712 6850 6850 6650 6820 21696.00 14660000
20120711 6760 6840 6710 6830 12876.00 8730000
20120710 6960 7000 6690 6740 25550.00 17400000
20120709 7340 7370 6920 6940 35040.00 24950000
20120706 7310 7370 7080 7370 29182.00 21140000
20120705 7400 7400 7150 7220 22526.00 16350000
20120704 7470 7560 7380 7420 23550.00 17580000
20120703 7390 7560 7320 7480 34409.00 25600000
20120702 7330 7450 7260 7380 28215.00 20720000
20120629 7150 7280 6950 7280 36717.00 26040000
20120628 7330 7400 7190 7230 22390.00 16280000
20120627 7350 7580 7300 7330 27459.00 20430000
20120626 7360 7460 7160 7360 30249.00 22100000
20120625 7760 7980 7490 7500 63208.00 49300000
20120621 7650 7890 7650 7740 59367.00 46160000
20120620 7710 7780 7510 7640 35198.00 26830000
20120619 7750 7930 7660 7660 46234.00 36010000
20120618 7680 8090 7650 7850 98004.00 77110000
20120615 7410 7620 7290 7610 46238.00 34500000
20120614 7520 7580 7330 7390 34454.00 25650000
20120613 7510 7590 7310 7590 47208.00 35220000
20120612 7240 7570 7210 7500 53852.00 39850000
20120611 7030 7270 7000 7270 29111.00 20870000
20120608 7150 7200 7000 7000 23205.00 16470000
20120607 7310 7370 7080 7080 26460.00 19060000
20120606 7290 7330 7130 7230 24863.00 17950000
20120605 7260 7310 7150 7260 28797.00 20830000
20120604 7280 7430 7210 7240 43770.00 31960000
20120601 7530 7650 7350 7410 47102.00 35350000
20120531 7510 7610 7360 7540 65186.00 48730000
20120530 7790 7830 7560 7630 143427.00 110360000
20120529 6960 7630 6950 7630 118087.00 89630000
20120528 6730 6960 6650 6940 16740.00 11390000
20120525 7070 7110 6730 6800 19668.00 13580000
20120524 6940 7190 6940 7050 23750.00 16840000
20120523 6960 7070 6930 7010 13400.00 9370000
20120522 6910 7020 6880 6990 12396.00 8620000
20120521 6860 6970 6820 6870 12050.00 8300000
20120518 7030 7080 6880 6920 16657.00 11630000
20120517 6840 7030 6830 7010 13501.00 9380000
20120516 6940 6940 6780 6830 10538.00 7220000
20120515 6980 6980 6800 6930 14515.00 9980000
20120514 7190 7190 7000 7010 19413.00 13730000
20120511 7110 7160 7030 7080 13752.00 9740000
20120510 7000 7120 6990 7090 18807.00 13290000
20120509 7190 7190 6990 7010 27628.00 19550000
20120508 7270 7340 7250 7260 21752.00 15850000
20120507 7220 7280 7130 7280 25024.00 18040000
20120504 7220 7350 7140 7230 21159.00 15310000
20120503 7100 7260 7060 7210 31159.00 22270000
20120502 6960 7440 6930 7210 55262.00 39710000
20120427 6870 6960 6820 6850 13959.00 9620000
20120426 6850 6910 6780 6850 14859.00 10180000
20120425 6730 6930 6660 6860 21615.00 14700000
20120424 6580 6800 6510 6740 27535.00 18290000
20120423 7200 7200 6680 6680 48528.00 33220000
20120420 7240 7300 7130 7220 24826.00 17900000
20120419 7210 7330 7150 7270 26807.00 19400000
20120418 7050 7260 7010 7230 34785.00 24930000
20120417 7010 7180 7010 7040 22135.00 15680000
20120416 6980 7120 6930 7070 18852.00 13250000
20120413 6990 7110 6970 7040 20541.00 14450000
20120412 6810 7030 6780 6980 24602.00 17000000
20120411 6720 6840 6660 6790 13788.00 9320000
20120410 6670 6780 6500 6760 17034.00 11320000
20120409 6850 6850 6680 6690 18439.00 12430000
20120406 6870 6950 6800 6880 17872.00 12260000
20120405 6780 6920 6700 6890 17086.00 11640000
20120330 6730 6750 6590 6700 12993.00 8660000
20120329 6640 6820 6580 6680 18244.00 12260000
20120328 7140 7140 6720 6720 26736.00 18440000
20120327 7220 7250 7150 7160 14979.00 10780000
20120326 7160 7210 7120 7170 16155.00 11550000
20120323 7250 7350 7160 7190 20207.00 14620000
20120322 7380 7420 7210 7310 22743.00 16650000
20120321 7360 7430 7200 7370 30490.00 22320000
20120320 7650 7650 7340 7350 50839.00 37790000
20120319 7580 7690 7480 7650 30426.00 23120000
20120316 7480 7580 7360 7570 32889.00 24640000
20120315 7720 7870 7280 7420 51926.00 39010000
20120314 8340 8510 7700 7780 98394.00 81350000
20120313 8180 8560 8160 8360 85299.00 71190000
20120312 8200 8270 8090 8220 39005.00 31910000
20120309 8150 8210 8060 8200 34160.00 27830000
20120308 7940 8130 7910 8110 27266.00 21910000
20120307 7850 8050 7790 7910 19820.00 15720000
20120306 8070 8080 7870 7960 20693.00 16470000
20120305 8200 8250 8080 8100 23347.00 19060000
20120302 8060 8250 8020 8190 24844.00 20170000
20120301 8030 8090 7940 8050 20261.00 16260000
20120229 8080 8120 7930 7970 21430.00 17170000
20120228 8190 8260 7960 8090 37736.00 30520000
20120227 8450 8450 8200 8300 52721.00 43840000
20120223 8340 8420 8120 8280 45489.00 37700000
20120222 8000 8450 7960 8340 75470.00 62050000
20120221 7890 8010 7730 8010 21243.00 16750000
20120220 8050 8120 7920 7920 36298.00 29060000
20120217 8070 8160 7790 7940 26606.00 21130000
20120216 8020 8150 7890 8070 31685.00 25450000
20120215 7800 8180 7710 8090 38595.00 30840000
20120214 7870 7890 7700 7850 16804.00 13110000
20120213 7650 7940 7600 7860 28906.00 22610000
20120210 7780 7880 7700 7760 26504.00 20590000
20120209 7700 8040 7680 7830 39082.00 30640000
20120208 7510 7790 7450 7700 24035.00 18370000
20120207 7660 7770 7440 7540 18838.00 14310000
20120206 7570 8140 7480 7770 38598.00 30180000
20120203 7340 7600 7300 7550 26326.00 19630000
20120202 7180 7390 7100 7350 13927.00 10090000
20120201 7150 7340 7100 7180 10681.00 7710000
20120131 7250 7250 6990 7140 11694.00 8280000
20120130 7350 7430 7200 7250 14948.00 10940000
20120120 7440 7500 7170 7330 20270.00 14840000
20120119 6900 7450 6730 7340 23494.00 16800000
20120118 7240 7290 6880 6970 24703.00 17640000
20120117 6550 7240 6540 7180 20723.00 14430000
20120116 6810 6900 6580 6580 12816.00 8620000
20120113 7400 7400 6850 6910 29985.00 21150000
20120112 7340 7650 7330 7390 20061.00 15050000
20120111 7600 7680 7300 7430 36767.00 27730000
20120110 7000 7650 6930 7610 45480.00 33740000
20120109 6520 7000 6410 6950 25857.00 17630000
20120106 6460 6620 6230 6540 18856.00 12040000
20120105 6820 6830 6390 6450 19235.00 12730000
20120104 7250 7380 6840 6880 14751.00 10600000
20111230 7200 7320 7130 7230 13378.00 9690000
20111229 7130 7300 6990 7140 12783.00 9210000
20111227 7330 7400 7090 7130 13534.00 9790000
20111226 7510 7660 7310 7420 11499.00 8620000
20111223 7450 7690 7350 7540 13081.00 9850000
20111222 7590 7590 7150 7470 20923.00 15370000
20111221 8200 8220 7620 7680 23961.00 19070000
20111220 8140 8460 8100 8130 39450.00 32660000
20111219 7960 8360 7810 8180 57659.00 46700000
20111215 8420 8420 7600 7690 21515.00 17200000
20111214 8550 8640 8350 8370 8618.00 7310000
20111213 8920 8930 8500 8560 14829.00 12810000
20111212 9300 9300 8990 9050 9367.00 8540000
20111209 9230 9460 9180 9250 10875.00 10060000
20111208 9350 9560 9160 9460 10594.00 9950000
20111207 9470 9520 9320 9420 6520.00 6150000
20111206 9290 9480 9200 9420 7420.00 6930000
20111205 9520 9720 9220 9400 8552.00 8110000
20111202 9700 9710 9480 9510 10953.00 10500000
20111201 9790 9970 9700 9720 24645.00 24200000
20111130 10140 10170 9390 9450 25685.00 24960000
20111129 10150 10210 10000 10150 16976.00 17160000
20111128 9740 10080 9720 10040 18172.00 17980000
20111125 9730 10000 9700 9720 15348.00 15110000
20111124 10050 10120 9680 9870 21573.00 21300000
20111123 10310 10370 10050 10130 14079.00 14390000
20111122 10090 10290 10010 10290 18622.00 18960000
20111121 10340 10340 10010 10220 24639.00 24980000
20111118 10900 10910 10200 10260 42019.00 44380000
20111117 11350 11430 10880 11000 43926.00 48750000
20111116 11600 11950 11200 11280 43206.00 50290000
20111115 11990 12110 11550 11710 57295.00 67650000
20111111 11160 11920 10970 11830 76739.00 88540000
20111110 11050 11580 10870 11180 51204.00 57590000
20111109 10930 11180 10750 11180 31003.00 33950000
20111108 11370 11540 10900 10940 27917.00 31120000
20111107 11130 11740 11050 11230 43574.00 49710000
20111104 10830 11470 10640 11330 58906.00 65210000
20111103 10590 11300 10500 10830 48621.00 52850000
20111102 10070 10640 10020 10580 33990.00 35250000
20111101 10150 10400 10070 10300 21289.00 21810000
20111031 10070 10420 9970 10270 26399.00 27020000
20111028 10000 10150 9830 10110 28678.00 28610000
20111027 10060 10270 9800 9860 27939.00 27970000
20111026 9680 10150 9550 10060 26187.00 25890000
20111025 9550 9880 9550 9830 14624.00 14270000
20111024 9580 9670 9150 9630 12350.00 11680000
20111021 9710 9870 9430 9500 11042.00 10620000
20111020 10140 10140 9700 9760 12125.00 11900000
20111019 10360 10480 9980 10140 15004.00 15220000
20111018 10650 10740 10300 10330 13917.00 14610000
20111017 10850 10920 10630 10750 16333.00 17580000
20111014 11130 11250 10500 10780 29302.00 31630000
20111013 11030 11240 10950 11220 14127.00 15700000
20111012 10510 11050 10290 11000 13987.00 15120000
20111011 10900 10930 10480 10630 8131.00 8720000
20111010 10760 11000 10520 10600 5081.00 5440000
20110930 11000 11050 10620 10780 6326.00 6820000
20110929 11190 11190 10680 10880 10703.00 11620000
20110928 11400 11500 11150 11190 5918.00 6710000
20110927 11380 11590 11150 11360 7473.00 8480000
20110926 11190 11360 11090 11280 8323.00 9350000
20110923 11050 11270 10890 11190 10447.00 11600000
20110922 11700 11720 11250 11290 13323.00 15310000
20110921 11310 11800 11280 11750 18100.00 20980000
20110920 11360 11500 11240 11310 8829.00 9990000
20110919 11660 11660 11300 11300 11878.00 13600000
20110916 12060 12110 11700 11700 18580.00 22030000
20110915 12150 12250 11960 11960 14194 17181000
20110914 11940 12110 11800 12110 10136 12151000
20110913 11900 11940 11680 11890 8842 10456000
20110909 12400 12440 12110 12120 12535 15339000
20110908 12610 12740 12310 12310 16123 20180000
20110907 12380 12610 12210 12610 17637 21963000
20110906 12500 12580 12100 12240 13658 16828000
20110905 12900 12970 12590 12590 17276 21945000
20110902 13150 13300 12880 13090 13565 17714000
20110901 13300 13460 13020 13170 19140 25367000
20110831 13520 13550 13130 13150 22169 29395000
20110830 13980 14090 13410 13510 31785 43810000
20110829 13810 14180 13750 13860 40390 56565000
20110826 13620 13980 13500 13920 38725 53499000
20110825 13530 13790 13350 13670 37087 50409000
20110824 13680 13950 13510 13560 33907 46344000
20110823 13220 13480 13040 13480 26437 35000000
20110822 13080 13400 13000 13060 15962 21034000
20110819 12980 13140 12700 13090 26032 33688000
20110818 13910 13910 13220 13260 40528 54903000
20110817 13500 14150 13400 13910 46905 64935000
20110816 13380 13780 13220 13620 49007 66420000
20110815 13020 13420 13010 13350 27921 37040000
20110812 13090 13370 13010 13020 24399 32046000
20110811 12300 13000 12210 12940 30356 38817000
20110810 12780 13060 12540 12600 29507 37820000
20110809 11950 12660 11750 12410 24525 29983000
20110808 13400 13650 12500 12570 40342 52206000
20110805 13200 14200 12800 13770 52619 72347000
20110804 13990 14170 13700 13880 33571 46763000
20110803 13380 14380 13280 14020 66302 93221000
20110802 13120 13600 12800 13560 31247 41413000
20110801 12900 13370 12780 13250 23219 30468000
20110728 12930 13110 12790 13070 17149 22208000
20110727 12980 13320 12740 13220 19625 25775000
20110726 12790 13150 12700 12980 19746 25498000
20110725 13680 13680 12680 12760 52021 67824000
20110722 14030 14150 13750 13860 24378 34015000
20110721 14450 14520 13900 13900 33724 47690000
20110720 14050 14470 13920 14470 43290 61486000
20110719 14210 14230 13780 13980 31627 43984000
20110718 14450 14580 14160 14260 42783 61423000
20110715 14030 14600 13910 14480 87190 125721000
20110714 13480 14300 13480 14100 64515 89327000
20110713 13150 13600 13150 13550 36462 48797000
20110712 13750 13750 13180 13200 35427 47574000
20110711 13630 13960 13530 13830 19611 27107000
20110708 14050 14050 13600 13730 26530 36488000
20110707 14320 14350 13800 14050 57775 81419000
20110706 14060 14500 13990 14330 71328 101604000
20110705 14180 14290 13960 14020 63679 89611000
20110704 13600 14450 13600 14400 76247 107172000
20110701 13600 14150 13510 13770 64527 89353000
20110630 12670 13900 12660 13890 73684 99753000
20110629 13340 13380 12660 12720 36956 48099000
20110628 24560 24650 23820 23980 30780 74057000
20110627 22700 24760 22700 24760 30983 75811000
20110624 22240 22870 22200 22510 11745 26431000
20110623 21800 22440 21420 22160 9755 21571000
20110622 21450 22050 21000 21690 8963 19365000
20110621 20700 21400 20700 21170 2766 5822000
20110620 21270 21360 20560 20890 2760 5797000
20110617 21160 21660 21130 21220 3021 6427000
20110616 22350 22600 21270 21270 6811 14810000
20110615 23500 23660 22600 22790 8822 20328000
20110614 23500 23740 23260 23490 5427 12747000
20110613 23710 23790 23050 23590 4181 9812000
20110610 23680 24600 23440 23930 4740 11316000
20110609 24100 24190 23400 23680 2956 7029000
20110608 24100 24430 23960 24190 2273 5484000
20110607 24240 24480 23820 24410 2188 5305000
20110603 23700 24400 23700 24260 2937 7090000
20110602 24160 24250 23600 23980 2569 6129000
20110601 24380 24600 24110 24500 2592 6340000
20110531 24290 24380 23620 24380 3269 7853000
20110530 24090 24990 23380 24090 2162 5243000
20110527 24770 24800 23900 24110 3404 8289000
20110526 24740 25190 24700 24760 2420 6028000
20110525 25160 25400 24600 24950 3084 7711000
20110524 24310 25520 23880 25420 6877 17237000
20110523 24880 25300 24300 24550 3700 9143000
20110520 24850 25400 24710 25120 2988 7456000
20110519 25450 25640 25150 25290 2559 6502000
20110518 25150 25450 24940 25300 2407 6060000
20110517 25480 25790 24490 25240 5463 13626000
20110516 25520 25920 25100 25640 2834 7266000
20110513 25580 25890 25000 25690 4213 10726000
20110512 26290 26290 25530 25720 3523 9065000
20110511 26330 26430 25820 26260 4582 11997000
20110509 25700 26500 25670 26130 4962 13003000
20110506 25600 25950 25240 25660 4295 11017000
20110505 25600 25910 25000 25770 8799 22398000
20110504 27390 27390 25330 25650 6200 16278000
20110503 27050 27500 26850 27390 3269 8863000
20110429 26710 27200 26400 26980 4902 13194000
20110428 26450 26840 26000 26700 6620 17506000
20110427 28000 28000 26010 26450 6085 16339000
20110426 29930 30000 27300 28000 8869 24875000
20110425 30480 30500 29910 29920 2135 6442000
20110422 30320 30700 30250 30480 2289 6985000
20110421 30480 30480 29610 30320 3231 9665000
20110420 31210 32100 29400 30480 7018 21491000
20110418 31200 31300 30320 30740 3381 10345000
20110415 31040 31290 30410 31200 3222 9922000
20110414 31110 31550 30710 31070 2848 8867000
20110413 30720 31590 30280 31560 4091 12812000
20110412 31390 31400 30710 31000 2698 8389000
20110411 32140 32140 30950 31390 4308 13501000
20110408 32299 32299 31720 32210 2715 8677000
20110407 31960 32299 31470 32250 2607 8310000
20110406 31500 32250 31250 32000 4523 14412000
20110401 30910 31670 30600 31670 5094 15897000
20110331 31210 31850 30890 31000 3007 9422000
20110330 31500 32500 31430 31500 3000 9518000
20110329 32000 32840 31410 31490 7212 22935000
20110328 33800 33840 32009 32860 8531 27880000
20110325 34200 34400 33390 33800 5352 17968000
20110324 33750 34800 33230 34190 4952 16931000
20110323 33200 34350 33180 33750 5687 19206000
20110322 32759 34380 32759 33180 6668 22163000
20110321 34600 34600 32950 33400 11171 37394000
20110318 34200 35300 33500 34680 14567 49817000
20110317 34110 35580 33910 34300 30395 104963000
20110316 32210 34500 32210 34100 33535 113640000
20110315 31640 32659 31200 32450 29052 92895000
20110314 29800 31550 29800 31410 22689 70244000
20110311 29620 30300 29470 29800 10397 31031000
20110310 29750 30070 29290 29960 9649 28683000
20110309 30680 30920 29230 30100 17667 52747000
20110308 31400 31400 30680 30870 9645 29779000
20110307 31280 31500 30700 31300 10829 33646000
20110304 30190 31500 29660 31340 10171 30995000
20110303 31720 32150 30150 30400 11797 36529000
20110302 31450 31990 31060 31930 8199 25842000
20110301 31650 31970 31100 31410 10154 31909000
20110228 33180 33400 31080 31800 13271 43029000
20110225 33400 33660 32560 33180 6031 19917000
20110224 33660 34100 33100 33550 6993 23538000
20110223 32159 33950 31620 33700 15114 49544000
20110222 33290 34400 32500 32549 18954 63397000
20110221 32790 33390 32009 33250 9805 32219000
20110218 32619 34000 32229 33160 18953 62875000
20110217 32970 32980 31900 32619 12371 40082000
20110216 32000 33210 32000 32850 25348 82857000
20110215 30600 32630 30090 32630 36169 115795000
20110214 29370 30390 29110 29660 13214 39502000
20110211 28500 29680 28310 29450 13293 38489000
20110210 27600 28700 27280 28560 10192 28820000
20110209 27880 27890 27000 27680 7808 21616000
20110201 27980 28880 27980 28190 9860 28090000
20110128 27020 28190 26580 28170 10884 29678000
20110127 27300 27860 26460 27280 9271 25082000
20110126 27010 27480 26630 27300 7262 19803000
20110125 26510 27150 26440 26720 5209 13946000
20110124 27000 27500 26400 27000 14392 38846000
20110121 27330 27490 26670 26920 12395 33530000
20110120 29180 29490 27600 27600 12465 35371000
20110119 28310 29700 28210 29600 13607 39545000
20110118 28800 29380 28060 28510 10363 29743000
20110117 28100 29100 28010 28980 13889 39905000
20110114 28400 28880 27900 28490 9915 28160000
20110113 29650 30000 28400 28510 16162 46452000
20110112 29950 31200 29160 29500 11928 35608000
20110111 31200 31260 29000 30100 17540 52242000
20110110 31110 31800 30500 31270 10781 33527000
20110107 32390 33880 31600 32000 14521 47324000
20110106 33800 34000 32500 32540 14049 46373000
20110105 33950 33980 32820 33800 18531 61895000
20110104 32910 35300 32369 34000 25042 86056000
20101231 32450 33480 32200 32880 14130 46205000
20101230 31400 32910 30810 32670 15482 49960000
20101229 30530 31580 30530 31400 9198 28638000
20101228 30980 32250 30520 30800 16479 51910000
20101227 33680 34130 30880 31300 18975 61851000
20101224 32000 34180 30360 33980 32699 106896000
20101223 34080 34890 32400 32450 20703 68817000
20101222 33800 35600 33800 34470 17643 61267000
20101221 33280 35590 32900 34380 32300 110935000
20101220 32140 33850 31030 33600 38943 124772000
20101217 32000 33400 31610 31900 31008 100741000
20101216 29500 32280 29420 32140 36895 114614000
20101215 30800 30800 29250 29700 25554 76765000
20101214 30400 30890 29910 30710 28387 86329000
20101213 29140 31220 29120 30680 38990 117411000
20101210 26810 29990 26610 29100 44104 127252000
20101209 26180 28940 26080 27340 46016 126889000
20101208 27000 27180 26080 26310 29365 78522000
20101207 24410 27180 24410 27180 36044 94162000
20101206 25410 25780 24300 24710 17421 43526000
20101203 24920 26500 24920 25410 35654 91406000
20101202 24770 24870 24370 24470 10427 25643000
20101201 24200 24740 24180 24470 7100 17391000
20101130 25500 25500 23800 24550 21244 51957000
20101129 24750 25860 24350 25410 19019 47922000
20101126 24940 25480 24200 24870 16713 41598000
20101125 25650 25990 24930 24930 23674 60186000
20101124 24850 25930 24710 25650 29504 75370000
20101123 24050 25000 23600 24900 22049 53620000
20101122 24600 24830 23920 24240 29607 72446000
20101119 22550 24100 22340 24020 32810 75961000
20101118 22100 22650 22100 22300 13696 30547000
20101117 23000 23380 21880 22120 20838 47194000
20101116 23530 25090 22900 23540 43826 105674000
20101115 22670 23550 22450 23550 16043 36853000
20101112 24540 24700 22400 22400 27882 65122000
20101111 24870 25250 24410 24800 23500 58179000
20101110 24900 25460 24600 25040 17449 43636000
20101109 25060 25150 24370 25120 29994 74475000
20101108 25270 25500 24700 25150 14207 35599000
20101105 24150 25170 24150 25120 21216 52653000
20101104 23500 24290 23480 24000 14201 33867000
20101103 23400 24350 23400 23440 19876 47345000
20101102 25680 25680 24400 24440 29763 74119000
20101101 24650 26000 24650 25700 29624 76000000
20101029 24230 25160 24090 24840 35365 87504000
20101028 23450 24480 23210 24270 37981 90645000
20101027 23150 24190 23020 23880 29585 70116000
20101026 23180 24480 23160 23180 35940 84829000
20101022 22170 22890 22030 22620 26895 60776000
20101021 21490 22360 21250 22250 28235 61779000
20101020 20720 21900 20720 21480 31686 67959000
20101019 19950 21580 19890 21170 30400 63685000
20101018 20100 20100 19300 19790 20424 40078000
20101015 20530 21160 20270 20390 19545 40315000
20101014 21490 21790 20820 20930 19649 41918000
20101013 21450 21750 20900 21500 21224 45109000
20101012 21200 22160 21180 21590 26982 58463000
20101011 21450 21480 20900 21160 27084 57229000
20101008 21080 21650 20700 21480 31277 66790000
20100930 20450 21250 20450 21060 8065 16941000
20100929 20850 21030 20310 20670 10344 21379000
20100928 21700 21730 20700 20800 13275 28044000
20100927 21170 21750 21110 21750 9854 21181000
20100921 21290 21550 21020 21170 7317 15551000
20100920 22000 22220 21160 21290 11832 25585000
20100917 22450 22760 22000 22120 10395 23134000
20100916 23100 23400 22200 22400 18197 41180000
20100915 24490 24520 23300 23300 23686 56438000
20100914 24250 25360 24030 24710 26903 66493000
20100913 23750 24380 23600 24250 20071 48323000
20100910 23420 23900 23100 23810 13086 30913000
20100909 24080 24340 23300 23600 19857 47235000
20100908 23410 24220 23320 24090 19431 46475000
20100907 23350 23800 23180 23610 13143 31008000
20100906 24900 24940 23370 23400 34189 81364000
20100903 25000 25430 24220 25050 27637 68734000
20100902 24630 24950 24100 24770 26495 65214000
20100901 26000 26120 23990 24410 47972 119310000
20100831 25690 26600 25600 26050 29549 76987000
20100830 26150 26650 25410 25990 37749 98119000
20100827 24730 26330 24580 25890 41276 105622000
20100826 25130 25470 24380 24980 34097 84594000
20100825 26260 26770 25000 25010 67569 174374000
20100824 23200 25080 23200 25080 26786 65308000
20100820 23430 23460 22770 22800 31099 71760000
20100819 23700 24280 23420 23650 35049 83249000
20100818 24070 24960 23200 23550 44325 107154000
20100817 23200 24480 23180 24290 42607 101920000
20100816 22960 23880 22820 23340 47727 111996000
20100813 22830 23720 22310 22960 44783 103191000
20100812 23680 23880 22520 23030 58788 137195000
20100811 22500 24700 22500 24100 92549 221497000
20100810 23480 23860 22490 22680 99667 230577000
20100809 20750 22290 20730 22290 38431 84340000
20100806 19770 20390 19480 20260 40135 80063000
20100805 19400 19950 19300 19750 34838 68639000
20100804 19360 19420 18820 19420 21152 40492000
20100803 19610 19870 19360 19370 24428 47930000
20100802 19200 19620 19180 19550 20508 39976000
20100730 19480 19480 19050 19280 16065 30968000
20100729 19360 19770 19310 19580 27372 53398000
20100728 19180 19480 19020 19400 23794 45926000
20100727 19500 19500 19210 19220 18287 35315000
20100726 19110 19640 19020 19540 29492 57080000
20100723 19100 19180 18890 19090 23032 43824000
20100722 18840 19120 18620 19090 25058 47360000
20100721 19050 19470 18910 18950 35911 68884000
20100720 18560 19140 18530 19110 36475 68873000
20100719 18070 18680 18050 18620 28149 52010000
20100716 18250 18680 17980 18420 34192 62500000
20100715 20180 20270 18710 18720 73657 142222000
20100714 20780 20850 20000 20440 65595 133754000
20100713 20700 21240 20180 20750 76770 159945000
20100712 21600 21600 20260 20500 97491 202506000
20100709 20800 21760 20010 21600 154734 321494000
20100708 20500 22250 20000 22120 208099 435673000
