20180223 2220 2240 2210 2220 149489 33185333 1.35 0.37 0.00 76448 73041 1.05 0.55
20180222 2200 2230 2190 2220 173253 38351743 1.83 0.43 1.37 86738 86515 1.00 0.63
20180214 2210 2210 2180 2190 185204 40645190 1.35 0.45 -1.35 107930 77274 1.40 0.68
20180213 2220 2250 2190 2220 530843 117925360 2.64 1.53 -2.20 318684 212159 1.50 1.94
20180212 2150 2370 2150 2270 874158 201894262 10.23 4.48 5.58 570348 303810 1.88 3.19
20180209 2190 2190 2120 2150 244069 52853778 3.15 1.33 -3.15 178099 65970 2.70 0.89
20180208 2170 2220 2150 2220 202105 44429302 3.21 0.98 1.83 82072 120032 0.68 0.74
20180207 2160 2210 2160 2180 185818 40489754 2.33 0.91 1.40 93635 92183 1.02 0.68
20180206 2190 2210 2150 2150 225617 49183865 2.71 1.26 -2.71 162527 63090 2.58 0.82
20180205 2200 2220 2180 2210 117076 25766917 1.80 0.62 -0.45 66178 50898 1.30 0.43
20180202 2200 2230 2160 2220 187647 41279408 3.17 1.06 0.45 90755 96892 0.94 0.68
20180201 2300 2310 2200 2210 311541 70100407 4.78 1.98 -3.91 220199 91342 2.41 1.14
20180131 2310 2330 2290 2300 177395 40958116 1.73 1.15 -0.43 112439 64956 1.73 0.65
20180130 2320 2340 2310 2310 98857 22973022 1.29 0.62 -0.86 78007 20850 3.74 0.36
20180129 2350 2360 2320 2330 174395 40770746 1.69 1.06 -1.27 136263 38132 3.57 0.64
20180126 2350 2370 2350 2360 120998 28523552 0.85 0.69 0.00 68782 52216 1.32 0.44
20180125 2370 2390 2360 2360 213187 50664911 1.27 1.36 -0.42 125822 87365 1.44 0.78
20180124 2360 2370 2340 2370 166427 39171149 1.28 1.04 0.85 66678 99750 0.67 0.61
20180123 2350 2370 2340 2350 125154 29435369 1.27 0.74 -0.42 79318 45836 1.73 0.46
20180122 2340 2370 2330 2360 193660 45514741 1.70 1.06 0.43 108977 84683 1.29 0.71
20180119 2340 2390 2340 2350 181916 42920488 2.14 0.82 0.43 86303 95614 0.90 0.66
20180118 2340 2350 2330 2340 119253 27909607 0.85 0.39 0.00 73475 45778 1.61 0.44
20180117 2340 2350 2320 2340 176883 41323033 1.28 0.49 -0.43 120496 56386 2.14 0.65
20180116 2350 2360 2330 2350 173964 40787144 1.28 0.49 0.00 117373 56591 2.07 0.63
20180115 2380 2390 2340 2350 261326 61688678 2.10 0.77 -1.26 169261 92065 1.84 0.95
20180112 2390 2430 2370 2380 382189 91691647 2.50 1.20 -0.83 213800 168389 1.27 1.39
20180111 2330 2410 2310 2400 522470 123546065 4.26 2.00 2.13 221041 301429 0.73 1.91
20180110 2310 2410 2290 2350 463570 108824599 5.19 2.15 1.73 207189 256381 0.81 1.69
20180109 2320 2330 2310 2310 128706 29822104 0.86 0.53 -0.86 84921 43785 1.94 0.47
20180108 2340 2340 2320 2330 191035 44429404 0.85 0.77 -0.85 109429 81606 1.34 0.70
20180105 2320 2370 2310 2350 288256 67420014 2.58 1.97 0.86 113010 175246 0.64 1.05
20180104 2310 2330 2300 2330 234942 54512325 1.30 1.13 0.87 132747 102195 1.30 0.86
20180103 2290 2320 2280 2310 237474 54719395 1.74 1.23 0.43 90107 147367 0.61 0.87
20180102 2270 2310 2260 2300 257668 58917135 2.20 1.54 1.32 85230 172437 0.49 0.94
20171229 2270 2270 2250 2270 216950 48976194 0.88 1.55 0.00 174681 42269 4.13 0.79
20171228 2270 2280 2260 2270 213808 48481330 0.88 1.71 0.00 144926 68882 2.10 0.78
20171227 2300 2300 2260 2270 117561 26748477 1.74 0.95 -1.30 89661 27900 3.21 0.43
20171226 2260 2310 2250 2300 156132 35559153 2.65 1.32 1.77 36842 119290 0.31 0.57
20171225 2270 2290 2250 2260 134821 30525263 1.75 1.27 -0.88 97604 37217 2.62 0.49
20171222 2280 2290 2270 2280 78471 17901817 0.87 0.71 -0.44 67050 11421 5.87 0.29
20171221 2290 2300 2260 2290 138842 31707787 1.75 1.32 0.00 80077 58765 1.36 0.51
20171220 2320 2320 2290 2290 109625 25254377 1.29 0.98 -1.29 85191 24434 3.49 0.40
20171219 2310 2340 2310 2320 128190 29787320 1.29 1.17 0.00 70570 57620 1.22 0.47
20171218 2300 2320 2300 2320 75515 17424604 0.87 0.65 0.43 37085 38430 0.97 0.28
20171215 2320 2330 2300 2310 98149 22712445 1.29 0.81 -0.86 57717 40432 1.43 0.36
20171214 2330 2330 2300 2330 113299 26240064 1.29 0.91 0.00 79977 33322 2.40 0.41
20171213 2290 2340 2290 2330 143587 33339773 2.17 1.09 1.30 63679 79908 0.80 0.52
20171212 2340 2340 2300 2300 117567 27204802 1.70 0.85 -2.13 91593 25974 3.53 0.43
20171211 2340 2360 2330 2350 110343 25865995 1.28 0.80 0.43 61773 48570 1.27 0.40
20171208 2300 2340 2300 2340 119699 27878679 1.74 0.90 1.74 55015 64685 0.85 0.44
20171207 2280 2320 2270 2300 130090 29954079 2.19 1.06 0.88 46111 83979 0.55 0.47
20171206 2300 2300 2250 2280 180198 41054265 2.16 1.61 -1.30 109930 70268 1.56 0.66
20171205 2330 2340 2300 2310 148807 34449007 1.72 1.46 -0.86 94347 54461 1.73 0.54
20171204 2350 2350 2320 2330 108330 25316024 1.28 1.05 -0.85 78313 30017 2.61 0.40
20171201 2340 2360 2330 2350 93896 22048371 1.28 0.85 0.43 46688 47208 0.99 0.34
20171130 2360 2360 2340 2340 85121 19991502 0.85 0.63 -0.85 55265 29856 1.85 0.31
20171129 2350 2360 2340 2360 124667 29309705 0.85 0.78 0.43 51555 73112 0.71 0.45
20171128 2320 2350 2320 2350 98148 22963514 1.29 0.54 1.29 30128 68020 0.44 0.36
20171127 2330 2340 2310 2320 111649 26008287 1.29 0.47 -0.43 58796 52853 1.11 0.41
20171124 2340 2340 2310 2330 135914 31620536 1.28 0.52 -0.43 81607 54307 1.50 0.50
20171123 2360 2360 2320 2340 209852 49170714 1.69 0.84 -1.27 132390 77462 1.71 0.77
20171122 2370 2370 2340 2370 247288 58289971 1.27 1.06 0.00 129310 117978 1.10 0.90
20171121 2380 2400 2360 2370 210094 49907030 1.66 0.95 -1.66 130081 80013 1.63 0.77
20171120 2450 2450 2300 2410 394326 93638187 6.00 2.34 -3.60 178448 215878 0.83 1.44
20171117 2550 2550 2500 2500 248142 62554723 1.96 1.54 -1.96 184907 63235 2.92 0.91
20171116 2550 2560 2530 2550 153892 39206837 1.18 0.98 0.00 88748 65144 1.36 0.56
20171115 2560 2570 2550 2550 159038 40664009 0.78 0.96 -0.78 127528 31510 4.05 0.58
20171114 2580 2590 2560 2570 152099 39150147 1.16 0.94 -0.39 109955 42144 2.61 0.55
20171113 2590 2600 2580 2580 130075 33647899 0.77 0.76 -0.77 97987 32088 3.05 0.47
20171110 2590 2620 2580 2600 209051 54245996 1.54 1.25 0.39 94112 114939 0.82 0.76
20171109 2590 2600 2580 2590 135580 35129867 0.77 0.80 0.00 97161 38419 2.53 0.49
20171108 2620 2620 2580 2590 200705 52070551 1.53 1.31 -0.77 142910 57796 2.47 0.73
20171107 2600 2620 2590 2610 131778 34307602 1.15 0.88 0.38 51946 79832 0.65 0.48
20171106 2570 2610 2570 2600 173800 44945692 1.55 0.97 0.78 73970 99830 0.74 0.63
20171103 2610 2610 2570 2580 191859 49682694 1.53 1.11 -1.15 132050 59809 2.21 0.70
20171102 2630 2630 2600 2610 150110 39235296 1.14 0.84 -0.76 108075 42035 2.57 0.55
20171101 2640 2640 2620 2630 118868 31275579 0.76 0.63 0.00 85709 33159 2.58 0.43
20171031 2620 2640 2610 2630 115712 30416360 1.15 0.57 0.38 64261 51451 1.25 0.42
20171030 2670 2680 2610 2620 323357 85250447 2.63 1.69 -1.50 216459 106897 2.02 1.18
20171027 2680 2690 2660 2660 156571 41846437 1.12 0.64 -0.75 118753 37818 3.14 0.57
20171026 2680 2690 2670 2680 184238 49351218 0.74 0.43 -0.37 124854 59384 2.10 0.67
20171025 2670 2690 2670 2690 166385 44578527 0.75 0.40 0.75 81434 84950 0.96 0.61
20171024 2680 2690 2660 2670 192096 51304349 1.12 0.47 -0.37 150722 41374 3.64 0.70
20171023 2700 2700 2670 2680 259503 69555800 1.11 0.63 -0.74 193635 65868 2.94 0.95
20171020 2710 2710 2680 2700 427401 115061009 1.10 1.19 -1.10 281131 146270 1.92 1.56
20171019 2690 2780 2680 2730 1076779 292795888 3.75 6.32 2.25 357092 719688 0.50 3.93
20171018 2680 2690 2670 2670 137205 36756488 0.74 0.77 -0.74 93481 43724 2.14 0.50
20171017 2680 2690 2670 2690 148482 39773288 0.75 0.76 0.37 84109 64372 1.31 0.54
20171016 2690 2700 2670 2680 281862 75731798 1.12 1.54 -0.37 165018 116845 1.41 1.03
20171013 2680 2700 2670 2690 151728 40763979 1.12 0.86 0.00 91829 59899 1.53 0.55
20171012 2690 2700 2670 2690 132686 35561653 1.12 0.74 0.00 88265 44421 1.99 0.48
20171011 2700 2700 2680 2690 178378 47985040 0.74 1.01 -0.37 100058 78320 1.28 0.65
20171010 2670 2710 2660 2700 232929 62619137 1.87 1.45 1.12 75035 157894 0.48 0.85
20171009 2650 2690 2640 2670 217729 58153188 1.89 1.31 1.14 71782 145947 0.49 0.79
20170929 2620 2640 2620 2640 124933 32886744 0.76 0.65 0.76 64613 60321 1.07 0.46
20170928 2630 2640 2620 2620 147261 38684241 0.76 0.68 -0.76 87610 59651 1.47 0.54
20170927 2630 2660 2620 2640 157885 41614099 1.52 0.59 0.38 73750 84135 0.88 0.58
20170926 2620 2630 2610 2630 155375 40712575 0.76 0.59 0.38 94440 60935 1.55 0.57
20170925 2670 2670 2610 2620 246793 65031748 2.26 0.97 -1.50 185179 61614 3.01 0.90
20170922 2680 2680 2650 2660 253625 67584746 1.12 1.09 -0.75 200098 53527 3.74 0.93
20170921 2710 2720 2680 2680 272861 73673832 1.47 1.23 -1.83 206416 66445 3.11 1.00
20170920 2690 2730 2680 2730 399383 107828219 1.86 2.18 1.49 136550 262833 0.52 1.46
20170919 2700 2700 2680 2690 149338 40198532 0.74 0.74 -0.37 96245 53093 1.81 0.54
20170918 2690 2700 2680 2700 192943 51921150 0.74 0.97 0.37 93035 99909 0.93 0.70
20170915 2690 2700 2680 2690 143915 38711541 0.74 0.70 0.00 87802 56113 1.56 0.52
20170914 2690 2700 2680 2690 225792 60818928 0.74 1.13 0.00 107465 118327 0.91 0.82
20170913 2680 2690 2680 2690 203503 54608310 0.37 0.99 0.00 134039 69464 1.93 0.74
20170912 2690 2700 2680 2690 238826 64209032 0.74 1.14 -0.37 151965 86861 1.75 0.87
20170911 2690 2700 2680 2700 182295 49036687 0.74 0.85 0.37 131190 51105 2.57 0.66
20170908 2700 2710 2690 2690 181279 48848032 0.74 0.78 -0.37 118454 62824 1.89 0.66
20170907 2710 2720 2700 2700 197331 53479136 0.74 0.88 -0.74 119013 78318 1.52 0.72
20170906 2710 2720 2690 2720 231416 62584093 1.10 1.10 0.00 169849 61567 2.76 0.84
20170905 2710 2740 2710 2720 255759 69685607 1.11 1.28 0.37 134627 121132 1.11 0.93
20170904 2710 2720 2700 2710 206121 55835387 0.74 0.97 -0.37 116045 90076 1.29 0.75
20170901 2690 2720 2680 2720 278239 74956982 1.49 1.39 1.49 125187 153053 0.82 1.01
20170831 2690 2700 2680 2680 155402 41741614 0.75 0.79 0.00 98200 57202 1.72 0.57
20170830 2700 2710 2680 2680 160422 43196632 1.11 0.79 -0.74 107331 53091 2.02 0.59
20170829 2730 2730 2690 2700 195111 52737687 1.47 0.97 -0.74 141609 53502 2.65 0.71
20170828 2710 2740 2700 2720 272753 74151850 1.48 1.52 0.37 142939 129814 1.10 0.99
20170825 2670 2710 2670 2710 220681 59415185 1.50 1.33 1.88 71818 148863 0.48 0.80
20170824 2670 2690 2660 2660 135805 36318344 1.12 0.73 -0.75 83412 52393 1.59 0.50
20170823 2680 2690 2660 2680 192169 51393585 1.12 0.93 0.00 126567 65602 1.93 0.70
20170822 2710 2710 2680 2680 185774 49947299 1.11 0.93 -1.11 137660 48114 2.86 0.68
20170821 2710 2720 2700 2710 160902 43557973 0.74 0.73 0.00 93557 67345 1.39 0.59
20170818 2730 2730 2710 2710 154805 42059373 0.73 0.65 -1.09 95603 59202 1.61 0.56
20170817 2740 2750 2720 2740 240629 65865390 1.09 0.98 0.00 125988 114640 1.10 0.88
20170816 2720 2760 2710 2740 291456 79689964 1.83 1.26 0.37 129111 162346 0.80 1.06
20170815 2740 2750 2720 2730 154808 42259306 1.09 0.57 -0.36 97948 56860 1.72 0.56
20170814 2690 2740 2680 2740 266549 72458532 2.24 0.91 2.24 91221 175329 0.52 0.97
20170811 2670 2710 2660 2680 243893 65612230 1.86 0.77 -0.37 132279 111615 1.19 0.89
20170810 2720 2740 2680 2690 275434 74573618 2.20 0.84 -1.47 194342 81091 2.40 1.00
20170809 2740 2750 2720 2730 218176 59528100 1.09 0.65 -0.73 128468 89708 1.43 0.80
20170808 2730 2760 2720 2750 360156 98618390 1.47 1.15 0.73 174858 185298 0.94 1.31
20170807 2700 2750 2700 2730 359814 98101436 1.85 1.06 1.11 145194 214620 0.68 1.31
20170804 2690 2720 2670 2700 370372 99991563 1.86 0.84 0.37 190132 180240 1.05 1.35
20170803 2680 2720 2660 2690 336835 90815094 2.24 0.67 0.37 177112 159723 1.11 1.23
20170802 2710 2710 2680 2680 246621 66420913 1.11 0.48 -1.11 151909 94712 1.60 0.90
20170801 2710 2720 2690 2710 247453 66840284 1.10 0.51 -0.37 145966 101487 1.44 0.90
20170731 2740 2740 2680 2720 503779 136430213 2.19 1.17 -0.73 290346 213433 1.36 1.84
20170728 2710 2830 2690 2740 869607 239541366 5.17 3.00 1.11 367362 502245 0.73 3.17
20170727 2620 2720 2610 2710 636510 170261776 4.18 3.08 3.04 226909 409602 0.55 2.32
20170726 2600 2650 2600 2630 291960 76795800 1.92 1.50 1.15 96262 195698 0.49 1.06
20170725 2600 2610 2580 2600 147602 38264712 1.15 0.72 0.00 79868 67733 1.18 0.54
20170724 2570 2600 2570 2600 203150 52614360 1.17 0.88 1.17 82529 120621 0.68 0.74
20170721 2570 2580 2560 2570 170442 43828007 0.78 0.77 -0.39 98281 72161 1.36 0.62
20170720 2570 2600 2560 2580 220873 57026713 1.56 1.04 0.39 114750 106124 1.08 0.81
20170719 2540 2590 2530 2570 233407 59740764 2.35 1.11 0.78 103857 129550 0.80 0.85
20170718 2530 2550 2510 2550 194997 49399202 1.58 0.94 0.79 107511 87486 1.23 0.71
20170717 2640 2640 2510 2530 332800 85378089 4.94 1.75 -3.80 216828 115972 1.87 1.21
20170714 2640 2640 2630 2630 120843 31833683 0.38 0.58 -0.38 66351 54492 1.22 0.44
20170713 2630 2650 2630 2640 179999 47470577 0.76 0.79 0.76 97307 82692 1.18 0.66
20170712 2670 2680 2630 2660 227133 60199626 1.87 1.08 -0.37 143387 83746 1.71 0.83
20170711 2680 2690 2670 2670 171690 46004119 0.74 0.86 -0.74 108661 63029 1.72 0.63
20170710 2650 2690 2650 2690 250035 67052968 1.50 1.30 1.13 92181 157854 0.58 0.91
20170707 2660 2660 2640 2660 207156 54925130 0.75 1.15 0.00 115063 92093 1.25 0.76
20170706 2640 2670 2640 2660 287051 76352860 1.14 1.90 0.76 132411 154640 0.86 1.05
20170705 2640 2650 2620 2640 133420 35173733 1.14 0.82 0.00 77560 55860 1.39 0.49
20170704 2640 2650 2630 2640 119182 31451371 0.75 0.67 -0.38 56387 62795 0.90 0.43
20170703 2610 2650 2610 2650 212884 56026514 1.53 1.22 1.53 64957 147928 0.44 0.78
20170630 2610 2620 2600 2610 145653 37977403 0.77 0.75 0.00 75127 70526 1.07 0.53
20170629 2610 2620 2600 2610 145274 37948524 0.77 0.68 0.00 93088 52186 1.78 0.53
20170628 2630 2630 2600 2610 189324 49414008 1.14 0.86 -0.76 131175 58149 2.26 0.69
20170627 2640 2640 2620 2630 196492 51608228 0.76 0.88 -0.38 116407 80085 1.45 0.72
20170626 2620 2650 2610 2640 197550 52053173 1.52 0.89 0.38 72474 125076 0.58 0.72
20170623 2620 2640 2600 2630 241756 63293842 1.53 1.14 0.38 123070 118685 1.04 0.88
20170622 2650 2660 2620 2620 236558 62580489 1.50 1.12 -1.50 167823 68735 2.44 0.86
20170621 2680 2690 2640 2660 233172 62069310 1.87 1.27 -0.75 184747 48425 3.82 0.85
20170620 2680 2690 2670 2680 208246 55851543 0.75 1.29 0.00 131780 76466 1.72 0.76
20170619 2660 2690 2660 2680 190901 51067640 1.12 1.29 0.37 89380 101521 0.88 0.70
20170616 2690 2700 2660 2670 190860 51030366 1.49 1.42 -0.74 133183 57676 2.31 0.70
20170615 2660 2710 2650 2690 229760 61785002 2.26 1.85 1.13 81772 147988 0.55 0.84
20170614 2660 2670 2650 2660 96676 25732241 0.75 0.64 -0.37 63452 33224 1.91 0.35
20170613 2640 2680 2640 2670 98867 26362829 1.51 0.64 0.75 48406 50461 0.96 0.36
20170612 2680 2690 2640 2650 124603 33185844 1.85 0.83 -1.85 89943 34661 2.59 0.45
20170609 2680 2700 2670 2700 120408 32288860 1.12 0.75 0.37 66474 53934 1.23 0.44
20170608 2700 2710 2680 2690 179827 48467695 1.11 1.19 -0.74 108423 71404 1.52 0.66
20170607 2670 2720 2650 2710 234568 63191156 2.62 1.83 1.50 70139 164429 0.43 0.86
20170606 2660 2670 2650 2670 114795 30541971 0.75 0.88 0.38 57303 57492 1.00 0.42
20170605 2660 2680 2650 2660 104992 27976808 1.13 0.71 0.00 60779 44213 1.37 0.39
20170602 2640 2670 2610 2660 165030 43489276 2.27 1.09 0.76 82517 82513 1.00 0.61
20170601 2700 2700 2630 2640 138248 36849188 2.59 0.84 -2.22 103500 34748 2.98 0.51
20170531 2720 2740 2700 2700 118960 32371680 1.48 0.69 -0.37 79337 39623 2.00 0.44
20170526 2700 2720 2690 2710 125665 34023803 1.11 0.76 0.00 59576 66089 0.90 0.46
20170525 2680 2720 2650 2710 192570 51747102 2.60 1.24 0.74 103381 89188 1.16 0.71
20170524 2670 2690 2620 2690 178320 47402560 2.60 1.11 0.00 88382 89938 0.98 0.66
20170523 2750 2750 2680 2690 203299 55201748 2.55 1.28 -2.18 149055 54244 2.75 0.75
20170522 2790 2810 2750 2750 160332 44518415 2.15 1.07 -1.43 108547 51785 2.10 0.59
20170519 2780 2800 2770 2790 96548 26938409 1.08 0.61 0.00 57193 39355 1.45 0.36
20170518 2790 2820 2770 2790 137342 38351477 1.78 0.70 -0.71 76728 60614 1.27 0.51
20170517 2790 2830 2780 2810 205489 57695042 1.79 0.93 0.72 92164 113325 0.81 0.76
20170516 2750 2800 2720 2790 192846 53207607 2.90 0.90 1.09 77292 115554 0.67 0.71
20170515 2760 2780 2750 2760 115102 31802003 1.09 0.51 0.00 75895 39207 1.94 0.42
20170512 2770 2780 2740 2760 141145 39017968 1.43 0.62 -1.08 87683 53463 1.64 0.52
20170511 2800 2810 2700 2790 324124 89724507 3.87 1.60 -1.76 209657 114467 1.83 1.19
20170510 2830 2940 2820 2840 330071 94987604 4.24 1.87 0.35 151418 178652 0.85 1.22
20170509 2820 2830 2800 2830 162734 45850209 1.06 1.00 0.35 78701 84033 0.94 0.60
20170508 2850 2850 2820 2820 172828 49007649 1.05 1.13 -1.05 109657 63171 1.74 0.64
20170505 2900 2900 2850 2850 154142 44343572 1.72 0.87 -1.72 108666 45477 2.39 0.57
20170504 2880 2920 2860 2900 194296 56191805 2.08 1.15 0.69 94195 100101 0.94 0.72
20170503 2910 2910 2870 2880 196894 56859310 1.37 1.22 -1.03 147807 49087 3.01 0.73
20170502 2920 2920 2900 2910 93183 27134035 0.68 0.49 -0.34 64363 28820 2.23 0.34
20170428 2920 2920 2900 2920 125819 36614577 0.68 0.62 0.00 78144 47675 1.64 0.46
20170427 2930 2940 2860 2920 277652 80503923 2.72 1.53 -0.68 174799 102853 1.70 1.02
20170426 2940 2950 2930 2940 153375 45021682 0.68 0.73 0.00 86423 66952 1.29 0.57
20170425 2930 2950 2920 2940 155649 45718433 1.03 0.69 0.68 80442 75207 1.07 0.57
20170424 2990 2990 2920 2920 245197 72075301 2.35 0.97 -2.01 174176 71021 2.45 0.90
20170421 2990 3010 2970 2980 181044 54088005 1.34 0.66 -0.33 117070 63974 1.83 0.67
20170420 2990 3010 2970 2990 171651 51344486 1.33 0.55 -0.33 112598 59053 1.91 0.63
20170419 2990 3000 2970 3000 296034 88320800 1.00 0.81 0.00 173156 122879 1.41 1.09
20170418 3030 3040 3000 3000 241788 73035500 1.32 0.50 -0.99 173226 68561 2.53 0.89
20170417 3060 3080 3020 3030 367023 111483278 1.96 0.75 -0.98 241716 125307 1.93 1.35
20170414 3110 3120 3060 3060 304588 93937721 1.92 0.63 -1.92 219018 85570 2.56 1.12
20170413 3100 3130 3090 3120 337358 104896743 1.29 0.66 0.65 195330 142028 1.38 1.24
20170412 3110 3170 3090 3100 585527 183373646 2.55 1.10 -1.27 342165 243362 1.41 2.16
20170411 3060 3150 3050 3140 837545 260158265 3.26 1.95 2.28 288308 549237 0.52 3.09
20170410 3070 3090 3040 3070 367652 112598867 1.63 0.87 0.00 215406 152246 1.41 1.36
20170407 3100 3100 3060 3070 286827 88110839 1.29 0.65 -0.97 194909 91918 2.12 1.06
20170406 3090 3110 3070 3100 476903 147216709 1.29 1.28 -0.32 276528 200375 1.38 1.76
20170405 3020 3230 3020 3110 689808 214878571 6.98 2.51 3.32 304357 385451 0.79 2.54
20170331 2980 3040 2970 3010 325918 98174320 2.35 1.13 1.01 153069 172849 0.89 1.20
20170330 3010 3020 2970 2980 327062 97859710 1.66 1.13 -1.32 209852 117210 1.79 1.21
20170329 2990 3050 2980 3020 374640 113073177 2.34 1.34 1.00 153655 220986 0.70 1.38
20170328 2990 3000 2980 2990 147241 44035521 0.67 0.52 0.00 90616 56625 1.60 0.54
20170327 3000 3010 2990 2990 197606 59197663 0.66 0.69 -0.66 101246 96360 1.05 0.73
20170324 2980 3010 2950 3010 391860 116684174 2.01 1.50 0.67 199133 192727 1.03 1.44
20170323 3010 3020 2980 2990 338459 101397625 1.33 1.44 -0.66 229582 108876 2.11 1.25
20170322 3020 3040 3000 3010 326490 98363795 1.32 1.49 -0.33 202247 124243 1.63 1.20
20170321 3030 3030 3010 3020 160407 48435969 0.66 0.66 -0.33 158929 1478 107.54 0.59
20170320 3030 3040 3010 3030 213265 64517078 0.99 0.74 0.00 147898 65367 2.26 0.79
20170317 3050 3060 3020 3030 264195 80401797 1.31 0.98 -0.66 174862 89333 1.96 0.97
20170316 3040 3060 3040 3050 210755 64295524 0.66 0.70 0.33 120658 90098 1.34 0.78
20170315 3020 3050 3010 3040 249879 75791868 1.32 0.86 0.66 116374 133505 0.87 0.92
20170314 3050 3050 3020 3020 270571 81979944 0.98 0.99 -0.98 187369 83202 2.25 1.00
20170313 3030 3060 3000 3050 449118 135977267 1.95 1.97 -0.65 212086 237032 0.89 1.66
20170310 3080 3090 3060 3070 173688 53392495 0.97 0.72 -0.32 123781 49907 2.48 0.64
20170309 3130 3130 3070 3080 361862 111989279 1.91 1.57 -1.91 266700 95162 2.80 1.33
20170308 3140 3150 3120 3140 195224 61203600 0.95 0.85 -0.32 135656 59568 2.28 0.72
20170307 3160 3160 3130 3150 192565 60549217 0.95 0.83 -0.32 130353 62212 2.10 0.71
20170306 3120 3160 3120 3160 218814 68839613 1.28 0.86 0.96 100115 118699 0.84 0.81
20170303 3120 3140 3120 3130 235654 73770384 0.64 0.83 0.00 162301 73353 2.21 0.87
20170302 3170 3170 3130 3130 309973 97617403 1.27 0.84 -0.95 210473 99500 2.12 1.14
20170301 3170 3180 3150 3160 190019 60145301 0.95 0.46 -0.32 119586 70432 1.70 0.70
20170228 3160 3180 3150 3170 202764 64121633 0.95 0.43 0.32 140945 61819 2.28 0.75
20170227 3200 3210 3150 3160 337184 107162520 1.87 0.70 -1.25 248051 89133 2.78 1.24
20170224 3210 3220 3180 3200 385574 123341436 1.23 0.79 -1.23 251847 133727 1.88 1.42
20170223 3210 3250 3170 3240 729051 233781231 2.49 1.65 0.93 353384 375667 0.94 2.69
20170222 3200 3230 3190 3210 428531 137520007 1.25 0.96 0.63 193417 235114 0.82 1.58
20170221 3200 3220 3170 3190 451321 143894663 1.56 1.03 -0.31 265409 185912 1.43 1.66
20170220 3170 3240 3160 3200 407324 130499113 2.53 - 1.27 182352 224972 0.81 1.50
20170217 3210 3220 3160 3160 413829 131652850 1.86 0.73 -1.86 274055 139774 1.96 1.53
20170216 3150 3240 3150 3220 505340 161589947 2.84 0.90 1.58 203791 301549 0.68 1.86
20170215 3170 3230 3160 3170 449352 143268473 2.20 0.80 -0.31 246944 202408 1.22 1.66
20170214 3190 3200 3130 3180 425513 134869899 2.19 0.79 -0.62 278415 147098 1.89 1.57
20170213 3210 3270 3180 3200 585710 188162706 2.81 1.17 0.00 323560 262150 1.23 2.16
20170210 3150 3240 3120 3200 876784 280197104 3.81 2.43 1.59 333182 543602 0.61 3.23
20170209 3110 3160 3100 3150 461561 144873720 1.92 1.58 0.96 202723 258838 0.78 1.70
20170208 3060 3130 3040 3120 449511 139398847 2.93 1.92 1.63 199126 250386 0.80 1.66
20170207 3090 3130 3060 3070 303533 93681716 2.26 1.42 -0.97 181570 121964 1.49 1.12
20170206 3030 3140 3030 3100 421768 129512083 3.62 2.43 1.97 168333 253434 0.66 1.55
20170203 3020 3050 3020 3040 170259 51699480 0.99 0.91 0.66 77212 93048 0.83 0.63
20170126 3010 3030 3010 3020 117449 35429016 0.66 0.60 0.33 51129 66319 0.77 0.43
20170125 3000 3020 2990 3010 156262 46948768 1.00 0.79 0.33 89572 66690 1.34 0.58
20170124 3000 3020 2990 3000 199485 59929338 1.00 0.89 0.00 104552 94933 1.10 0.74
20170123 2960 3020 2950 3000 224827 67424865 2.36 0.86 1.35 85513 139314 0.61 0.83
20170120 2910 2970 2900 2960 239198 70598697 2.40 0.92 1.37 92917 146281 0.64 0.88
20170119 2930 2940 2900 2920 159543 46562500 1.37 0.59 -0.34 89727 69816 1.29 0.59
20170118 2940 2950 2930 2930 167558 49221832 0.68 0.60 -1.01 105852 61706 1.72 0.62
20170117 2930 2990 2890 2960 324755 95365490 3.40 1.28 0.68 163772 160983 1.02 1.20
20170116 3010 3010 2810 2940 420065 124491127 6.64 1.90 -2.33 268117 151948 1.76 1.55
20170113 3020 3040 3000 3010 225372 68065297 1.32 1.05 -0.66 165908 59464 2.79 0.83
20170112 3040 3060 3030 3030 208512 63389639 0.99 0.96 -0.33 137972 70540 1.96 0.77
20170111 3070 3080 3040 3040 227567 69560479 1.30 1.04 -1.30 158894 68674 2.31 0.84
20170110 3090 3100 3070 3080 187885 57839999 0.97 0.76 -0.65 121110 66775 1.81 0.69
20170109 3070 3100 3050 3100 257000 79152031 1.63 0.84 1.31 114671 142328 0.81 0.95
20170106 3070 3090 3050 3060 196382 60254519 1.30 0.60 -0.65 150966 45416 3.32 0.72
20170105 3110 3110 3080 3080 218954 67715456 0.96 0.69 -0.96 152074 66880 2.27 0.81
20170104 3100 3120 3090 3110 238835 74228573 0.96 0.79 0.00 124967 113868 1.10 0.88
20170103 3080 3130 3070 3110 332337 103310349 1.94 1.18 0.65 123802 208535 0.59 1.22
20161230 3030 3110 3020 3090 550918 169465293 2.97 2.59 1.98 153614 397304 0.39 2.03
20161229 3010 3060 3000 3030 290909 88314361 1.99 1.47 0.66 108045 182864 0.59 1.07
20161228 3020 3030 3010 3010 167348 50565293 0.66 0.77 -0.66 102699 64649 1.59 0.62
20161227 3020 3040 3010 3030 172615 52262781 0.99 0.78 0.00 69778 102837 0.68 0.64
20161226 3010 3030 2980 3030 226892 68130032 1.66 1.04 0.33 124957 101936 1.23 0.84
20161223 3050 3050 3010 3020 203804.00 61716450.000
20161222 3060 3060 3030 3040 216909.60 66056329.800
20161221 3040 3070 3030 3070 266991.65 81541039.750
20161220 3050 3050 3020 3040 195167.03 59219677.090
20161219 3040 3060 3030 3040 203553.09 61867489.360
20161216 3030 3060 3010 3040 255108.78 77525979.000
20161215 2990 3060 2980 3030 358930.88 108681484.760
20161214 3050 3050 3000 3010 412405.37 124712671.030
20161213 3060 3080 3000 3060 501653.40 152352578.400
20161212 3220 3220 3060 3070 734726.61 230688813.270
20161209 3230 3240 3210 3220 386948.19 124734579.180
20161208 3270 3270 3230 3240 332951.00 108207137.000
20161207 3260 3270 3230 3270 356612.33 115982993.250
20161206 3260 3280 3250 3260 293041.11 95542998.750
20161205 3260 3300 3250 3260 410692.50 134201084.000
20161202 3340 3350 3280 3280 683431.47 225967507.160
20161201 3340 3370 3320 3350 462664.34 154509901.280
20161130 3340 3380 3330 3340 577716.38 193760643.410
20161129 3340 3390 3310 3360 824339.24 276194024.250
20161128 3340 3360 3320 3340 424556.97 141724254.010
20161125 3300 3330 3280 3320 567847.68 187635481.600
20161124 3350 3350 3300 3310 706828.15 235174259.950
20161123 3380 3390 3340 3350 644015.07 216965625.910
20161122 3360 3390 3350 3390 739253.56 248894700.500
20161121 3370 3400 3350 3360 653310.99 220369987.620
20161118 3420 3440 3380 3380 867717.52 295525599.860
20161117 3470 3480 3390 3440 1273077.04 436823786.700
20161116 3390 3560 3370 3500 2108838.20 734428861.030
20161115 3370 3410 3360 3390 736362.11 248964442.530
20161114 3340 3420 3330 3390 1221815.95 412158031.020
20161111 3290 3380 3280 3360 1198849.41 401037297.700
20161110 3290 3300 3270 3290 659059.38 216606561.920
20161109 3320 3320 3240 3260 850747.03 278454099.170
20161108 3320 3340 3300 3320 493043.30 163484273.300
20161107 3330 3340 3300 3310 579267.69 192016650.260
20161104 3360 3380 3320 3330 931637.19 311442609.320
20161103 3300 3470 3290 3390 1572025.93 531536491.510
20161102 3380 3400 3300 3310 1088576.22 364682116.140
20161101 3360 3420 3350 3410 826051.84 279158400.280
20161031 3410 3420 3350 3370 928367.32 313395017.510
20161028 3440 3560 3410 3440 1735606.52 605626799.470
20161027 3400 3460 3390 3430 673590.10 230586601.890
20161026 3480 3500 3410 3420 1174258.00 404901038.940
20161025 3540 3590 3500 3510 1409839.09 498063385.590
20161024 3470 3630 3430 3570 2141497.54 753458518.600
20161021 3670 3740 3480 3520 3825426.67 1378756021.590
20161020 3400 3660 3400 3660 1837558.56 656112013.510
20161019 3250 3330 3230 3330 1689055.86 553835586.220
20161018 3160 3320 3150 3270 1270932.27 411185467.380
20161017 3250 3270 3160 3170 911084.82 292986153.580
20161014 3230 3270 3200 3260 1070818.55 346806882.670
20161013 3220 3250 3210 3220 518483.50 167237798.440
20161012 3230 3260 3210 3220 606372.95 195574125.900
20161011 3250 3270 3210 3260 781339.22 252508590.070
20161010 3190 3280 3180 3260 631812.45 204536847.110
20160930 3190 3210 3160 3180 453194.83 144353535.140
20160929 3180 3280 3160 3200 764529.80 246706957.220
20160928 3200 3210 3160 3170 281422.84 89539723.780
20160927 3150 3210 3150 3200 512046.03 162976928.310
20160926 3180 3250 3120 3180 999141.06 318621366.930
20160923 3270 3280 3180 3190 824724.40 265332844.600
20160922 3290 3310 3260 3270 651178.99 213659135.010
20160921 3310 3320 3250 3270 624658.03 204729116.780
20160920 3310 3330 3280 3310 527046.00 174232969.000
20160919 3300 3350 3280 3300 551201.67 182756059.800
20160914 3310 3340 3260 3270 767843.37 253001167.620
20160913 3340 3380 3290 3360 802787.86 267943117.360
20160912 3280 3410 3240 3320 1250690.65 417540347.670
20160909 3420 3430 3320 3320 1152648.16 388156033.120
20160908 3460 3460 3400 3420 975807.99 334347822.060
20160907 3500 3550 3450 3460 1168798.84 408264245.620
20160906 3470 3550 3440 3520 1159704.90 403896215.060
20160905 3510 3540 3450 3460 1231193.94 429502243.520
20160902 3510 3620 3480 3530 1321169.55 467775704.220
20160901 3630 3630 3510 3510 1535169.40 547893680.650
20160831 3600 3730 3480 3660 2026714.57 731899380.420
20160830 3930 3970 3600 3620 2324672.00 865778365.850
20160829 11790 11980 11290 11720 851417.44 990613242.490
20160826 12530 12870 11550 11870 1259932.50 1527559479.920
20160825 12380 12690 12170 12490 1070074.07 1330001889.410
20160824 12300 13200 12180 12800 1395206.67 1781157867.470
20160823 12320 13160 12320 12440 1465573.16 1851823869.130
20160822 13290 13300 12000 12000 1404351.83 1755319270.930
20160819 12500 13690 12400 13290 1304555.76 1693831591.120
20160818 12300 12720 12130 12600 1257535.37 1558720147.540
20160817 11530 12800 11480 12420 1537295.94 1864893189.570
20160816 11360 12190 11220 11650 1597028.71 1856637643.470
20160815 10190 11190 10130 11190 1041489.43 1114360198.240
20160812 10150 10200 9970 10170 491481.10 496040737.750
20160811 10180 10360 10120 10180 544436.45 557818806.500
20160810 10100 10420 10070 10280 878506.99 898595151.270
20160809 9820 10430 9800 10190 1194411.51 1208843358.750
20160808 10100 10160 9810 10030 767968.90 766837179.350
20160805 10070 10380 9880 10220 1344401.93 1355921577.710
20160804 10800 10930 10010 10140 2260764.25 2378785438.150
20160803 9870 10420 9760 10420 1079716.54 1102565813.740
20160802 9170 9670 9160 9470 692676.78 653828478.570
20160801 9000 9200 8880 9170 346013.47 314195210.290
20160729 8900 9110 8800 9050 298010.37 268361224.850
20160728 8650 8950 8600 8900 216054.00 189802083.500
20160727 9140 9140 8480 8710 271911.43 241581167.440
20160726 8770 9110 8770 9050 248264.16 224236553.560
20160725 8810 8850 8730 8770 98966.32 87029845.760
20160722 8980 8980 8720 8820 127873.47 112704534.050
20160721 8920 9030 8880 8930 141843.13 127207544.650
20160720 8900 8950 8810 8890 103678.83 92070482.720
20160719 9100 9110 8860 8900 171728.69 153869359.350
20160718 8930 9130 8930 9070 244839.23 221714471.960
20160715 8770 8960 8730 8920 230806.27 204795462.120
20160714 8730 8780 8630 8720 87155.29 75934280.860
20160713 8670 8750 8510 8730 200237.58 172606182.590
20160712 8900 8920 8330 8710 336639.80 289317806.020
20160711 8990 9210 8890 8930 254744.72 231469145.760
20160708 8880 9030 8880 8920 157833.46 141284409.580
20160707 8850 9000 8800 8880 123370.34 109845551.030
20160706 8900 8950 8800 8840 108957.82 96486226.900
20160705 8860 9080 8790 8960 178374.31 159491131.180
20160704 8770 8960 8690 8880 178863.21 158695007.550
20160701 8860 8960 8700 8720 136154.73 119991800.290
20160630 8920 8980 8720 8920 168802.85 148746517.190
20160629 9080 9080 8850 8920 170587.27 152385599.890
20160628 8930 9260 8790 9110 289620.37 261334866.440
20160627 8400 9150 8300 8970 306389.38 270418403.670
20160624 8720 8720 8060 8400 207631.83 175246293.970
20160623 8830 8930 8620 8720 189390.04 164786320.320
20160622 8710 8880 8650 8850 141955.68 124312803.210
20160621 8780 9150 8750 8810 279727.57 250131948.000
20160620 8890 8890 8600 8750 199413.25 173716778.210
20160617 8710 8990 8600 8800 337114.39 295178804.710
20160616 8480 8880 8370 8740 444619.24 385715993.670
20160615 8120 8590 8120 8450 260392.46 220119345.700
20160614 8000 8440 7920 8240 334796.81 275406647.350
20160613 8200 8600 8100 8110 419467.87 353456937.290
20160608 7890 8300 7830 8240 211411.01 171257582.900
20160607 8040 8040 7790 7880 121833.62 96031530.950
20160606 8060 8150 7990 8000 99759.32 80425266.120
20160603 8050 8150 7960 8060 116791.72 93754536.410
20160602 8060 8230 7990 8080 159371.65 128972252.170
20160601 7770 8230 7710 8050 269993.66 216026556.150
20160531 7540 7830 7500 7760 193535.64 149378323.940
20160530 7550 7580 7410 7480 88133.83 66211679.820
20160527 7310 7650 7250 7520 186445.14 139122421.230
20160526 7070 7260 7010 7250 125689.14 89679778.160
20160525 7260 7390 7050 7060 225797.50 162088244.060
20160503 7260 7500 7250 7500 122332.00 90660000
20160429 7290 7370 7170 7310 102508.00 74560000
20160428 7490 7500 7190 7290 121639.00 88860000
20160427 7510 7550 7400 7430 117315.00 87560000
20160426 7480 7690 7440 7550 191838.00 144890000
20160425 7220 7570 7220 7470 194620.00 144800000
20160422 7080 7200 7010 7200 79664.00 56880000
20160421 7180 7300 7140 7180 107339.00 77650000
20160420 7640 7650 7010 7160 171701.00 125500000
20160419 7550 7660 7500 7630 167916.00 127580000
20160418 7490 7590 7360 7540 114090.00 85080000
20160415 7550 7570 7430 7490 87911.00 65750000
20160414 7510 7570 7440 7540 119558.00 89770000
20160413 7400 7540 7400 7460 158094.00 118440000
20160412 7360 7430 7250 7360 89136.00 65380000
20160411 7310 7460 7310 7410 118490.00 87880000
20160408 7260 7290 7140 7270 101646.00 73380000
20160407 7470 7510 7300 7300 129706.00 95950000
20160406 7390 7490 7310 7410 155128.00 114980000
20160405 7300 7510 7280 7460 142705.00 105720000
20160401 7390 7400 7120 7300 133989.00 97430000
20160331 7580 7600 7360 7430 162962.00 121940000
20160330 7280 7470 7240 7470 140544.00 103520000
20160329 7340 7450 7100 7170 153600.00 111370000
20160328 7650 7880 7400 7450 299153.00 228270000
20160325 7120 7670 7120 7600 339910.00 251510000
20160324 7270 7460 7110 7110 270202.00 197340000
20160323 7060 7210 7010 7200 140872.00 100180000
20160322 7090 7180 7040 7060 151148.00 107320000
20160321 7100 7200 6960 7170 205381.00 145160000
20160318 6720 7020 6720 6960 192285.00 132580000
20160317 6510 6730 6500 6700 119930.00 79810000
20160316 6700 6750 6460 6490 73073.00 48040000
20160315 6750 6790 6550 6610 79928.00 53110000
20160314 6500 6740 6500 6670 98412.00 65510000
20160311 6400 6510 6300 6430 68837.00 43950000
20160310 6500 6780 6400 6520 104247.00 68490000
20160309 6520 6620 6420 6500 69214.00 45220000
20160308 6560 6650 6240 6620 101218.00 65420000
20160307 6540 6640 6490 6570 74393.00 48940000
20160304 6520 6740 6330 6420 109791.00 71920000
20160303 6540 6680 6540 6560 91070.00 60170000
20160302 6290 6590 6250 6560 97422.00 62690000
20160301 6100 6290 6060 6240 75917.00 46910000
20160229 6400 6450 5950 6060 98806.00 60400000
20160226 6340 6480 6280 6400 91582.00 58670000
20160225 6980 7020 6330 6340 160581.00 106600000
20160224 6990 7080 6870 7030 97216.00 67760000
20160223 7150 7180 6950 7020 108399.00 76430000
20160222 7200 7210 7040 7130 120080.00 85340000
20160219 6900 7090 6900 7070 107401.00 75380000
20160218 7050 7090 6930 6950 96991.00 67960000
20160217 6940 7090 6900 7050 121534.00 85110000
20160216 6810 7030 6810 7000 117335.00 81410000
20160215 6420 6830 6320 6760 71963.00 47520000
20160205 6820 6880 6660 6680 62769.00 42350000
20160204 6720 6870 6720 6820 76278.00 51900000
20160203 6570 6730 6540 6700 73324.00 48810000
20160202 6410 6680 6410 6640 95344.00 62990000
20160201 6320 6490 6300 6410 77298.00 49510000
20160129 6130 6470 6050 6380 96501.00 60700000
20160128 6170 6280 5980 6080 85729.00 52930000
20160127 6230 6330 6000 6280 126750.00 77890000
20160126 6840 6850 6230 6230 112840.00 73800000
20160125 6900 7020 6820 6920 75735.00 52470000
20160122 6810 6890 6580 6850 81575.00 55300000
20160121 6900 7090 6710 6710 124458.00 86430000
20160120 7030 7130 6880 6990 137537.00 96310000
20160119 6790 7060 6700 7020 127483.00 87790000
20160118 6500 6830 6500 6760 95220.00 64010000
20160115 6800 6880 6400 6520 119609.00 80210000
20160114 6300 6830 6200 6800 123239.00 81240000
20160113 6840 6880 6500 6540 98917.00 66650000
20160112 6710 6850 6540 6780 128879.00 86480000
20160111 7210 7290 6620 6620 169055.00 117400000
20160108 7650 7720 7070 7360 143349.00 106620000
20160107 8040 8040 7330 7340 40928.00 31110000
20160106 8080 8150 7930 8140 115450.00 93060000
20160105 7900 8320 7510 7920 196930.00 157280000
20160104 9150 9200 8270 8280 147550.00 128810000
20151231 9440 9510 9190 9190 166395.00 155430000
20151230 9390 9510 9280 9440 201769.00 189870000
20151229 9190 9470 9020 9450 234360.00 217340000
20151228 9150 9800 9110 9170 263312.00 245800000
20151225 8960 9150 8950 9110 98210.00 89040000
20151224 9010 9070 8800 8950 109004.00 97150000
20151223 9250 9270 9000 9000 154525.00 141310000
20151222 9190 9250 9100 9230 139659.00 128130000
20151221 8980 9140 8950 9140 112950.00 102430000
20151218 9210 9240 8930 9010 167327.00 151550000
20151217 8960 9260 8960 9200 184183.00 168310000
20151216 8940 9030 8900 8930 95609.00 85630000
20151215 8900 9060 8840 8930 103631.00 92790000
20151214 8600 8920 8480 8910 128893.00 111840000
20151211 8620 8700 8580 8690 89000.00 76910000
20151210 8730 8760 8610 8630 127123.00 110320000
20151209 8810 8920 8610 8700 180257.00 158120000
20151208 9180 9340 8900 8940 175169.00 160190000
20151207 9150 9280 9060 9220 155170.00 142430000
20151204 9190 9390 9090 9170 205841.00 190210000
20151203 8990 9190 8960 9180 152152.00 138310000
20151202 9170 9210 8630 8940 168737.00 150420000
20151201 9200 9310 9050 9190 168999.00 155270000
20151130 9300 9350 8460 9160 296028.00 267100000
20151127 10170 10170 9180 9200 376854.00 366020000
20151126 10210 10460 9940 10200 432934.00 437460000
20151125 9950 10280 9910 10200 403067.00 408170000
20151124 9700 9920 9550 9920 234133.00 227230000
20151123 9830 10090 9640 9680 329020.00 325120000
20151120 10130 10200 9760 9890 445450.00 444700000
20151119 9620 10060 9460 9950 423781.00 412850000
20151118 9660 10180 9630 9730 700648.00 692760000
20151117 9430 9990 9360 9710 600281.00 575940000
20151116 8900 9350 8800 9320 215107.00 195900000
20151113 9400 9400 9030 9120 247343.00 228250000
20151112 9490 9640 9290 9520 367000.00 347690000
20151111 9510 9540 9350 9490 262744.00 248040000
20151110 9500 9700 9200 9530 401208.00 380890000
20151109 9140 9380 8980 9320 325162.00 298530000
20151106 8950 9280 8950 9240 299111.00 273930000
20151105 9060 9240 8870 8990 300524.00 271900000
20151104 8670 9050 8630 9010 266860.00 237420000
20151103 8650 8740 8470 8530 136001.00 116740000
20151102 8550 8860 8400 8470 188759.00 163470000
20151030 8890 8900 8600 8680 217734.00 190700000
20151029 9040 9250 8660 8900 357021.00 318470000
20151028 8970 9640 8860 9090 513454.00 475090000
20151027 8510 9180 8140 9040 307394.00 264700000
20151026 8600 8770 8460 8580 228758.00 196750000
20151023 8380 8530 8180 8470 220894.00 184910000
20151022 7830 8270 7820 8230 205068.00 165750000
20151021 8830 8840 7910 7910 331064.00 275590000
20151020 8630 8820 8600 8790 211280.00 184430000
20151019 9000 9070 8480 8600 260630.00 228090000
20151016 8950 8980 8590 8950 324425.00 285000000
20151015 8500 8930 8480 8860 298710.00 261200000
20151014 8580 8840 8510 8570 309910.00 268890000
20151013 8530 8770 8430 8630 327501.00 280730000
20151012 8000 8700 7920 8700 408840.00 345190000
20151009 7750 8020 7620 7910 262299.00 206560000
20151008 7530 7770 7430 7720 227488.00 173670000
20150930 7220 7380 7050 7290 180377.00 130700000
20150929 7220 7340 7100 7160 174183.00 125450000
20150928 7140 7430 6950 7420 200653.00 144770000
20150925 7420 7530 6980 7040 309939.00 223270000
20150924 7800 7900 7410 7580 493128.00 374600000
20150923 7280 8000 7200 7850 668808.00 512140000
20150922 6900 7510 6840 7510 525830.00 384130000
20150921 6420 6850 6380 6830 169641.00 113300000
20150918 6390 6580 6330 6520 135829.00 87650000
20150917 6550 6870 6350 6360 210912.00 139950000
20150916 6100 6550 5920 6550 187653.00 116650000
20150915 6250 6600 5940 5950 158882.00 98340000
20150914 7300 7420 6600 6600 174885.00 120930000
20150911 7200 7390 7150 7330 138152.00 100470000
20150910 7190 7500 7070 7240 186715.00 136420000
20150909 7000 7300 6900 7290 205678.00 147250000
20150908 6450 6970 6350 6930 137418.00 91460000
20150907 6510 6780 6380 6490 137156.00 90310000
20150902 6400 7050 6230 6280 185532.00 121130000
20150901 7340 7460 6750 6750 198650.00 138250000
20150831 7980 7980 7490 7500 183690.00 141300000
20150828 7500 8030 7400 8000 246532.00 188710000
20150827 7450 7770 6560 7360 245023.00 176570000
20150826 8100 8190 7180 7200 304068.00 233620000
20150825 7980 8250 7980 7980 142865.00 114410000
20150824 9200 9400 8870 8870 174004.00 155800000
20150821 9650 10390 9450 9850 364303.00 365120000
20150820 10100 10350 9830 9840 248049.00 249020000
20150819 9750 10450 9220 10290 372612.00 364430000
20150818 11300 11420 10240 10240 461271.00 499940000
20150817 10580 11400 10510 11380 442851.00 489040000
20150814 10660 10950 10520 10640 341713.00 365790000
20150813 10160 10540 10080 10530 256788.00 265250000
20150812 10420 10680 10210 10220 283591.00 296100000
20150811 10700 10880 10450 10600 406292.00 433390000
20150810 10180 10690 10050 10580 345229.00 359060000
20150807 9710 10060 9700 9990 247702.00 245730000
20150806 9470 9900 9350 9560 186422.00 179720000
20150805 9790 10280 9510 9760 330330.00 327950000
20150804 8950 9880 8940 9880 288745.00 273050000
20150803 9600 9870 8960 8980 318216.00 295380000
20150731 10080 10560 9600 9960 358255.00 366630000
20150730 10610 11400 10210 10280 523448.00 567660000
20150729 10000 10500 9480 10500 457094.00 455270000
20150728 9220 10360 9140 9550 493108.00 477130000
20150727 10910 11890 10100 10100 633150.00 706060000
20150724 11090 12300 10900 11220 682380.00 781160000
20150723 11000 11370 10700 11200 490085.00 541060000
20150722 10600 10960 10450 10870 469331.00 504410000
20150721 10150 10670 10030 10470 347049.00 362860000
20150720 10380 10880 10080 10450 463155.00 487600000
20150717 9630 10450 9560 10340 364938.00 368210000
20150716 9360 9990 8420 9550 358649.00 335590000
20150715 10000 10290 9360 9360 325721.00 314540000
20150714 10610 11240 10150 10400 706984.00 756650000
20150713 10000 10410 9590 10410 487683.00 496360000
20150710 9110 9460 9110 9460 262119.00 245980000
20150709 7100 8600 7100 8600 403323.00 331680000
20150708 7820 8170 7820 7820 656743.00 514890000
20150707 9100 9100 8690 8690 195008.00 170470000
20150706 11220 11220 9180 9650 626929.00 639680000
20150703 10400 11590 9850 10200 543534.00 573280000
20150702 11000 11450 10400 10940 531032.00 583630000
20150701 11270 11910 10510 10850 703115.00 806010000
20150630 10030 11060 9120 11060 581888.00 594200000
20150629 11480 11530 10050 10050 458671.00 481670000
20150626 12000 12090 11170 11170 366595.00 425490000
20150625 13300 13450 12140 12410 362635.00 469300000
20150624 13550 13800 13030 13440 407121.00 548770000
20150623 12840 13370 12100 13350 425163.00 547930000
20150619 13780 13780 12840 12840 376170.00 498660000
20150618 15300 15320 14100 14270 437148.00 649450000
20150617 14490 15680 14320 15570 622714.00 936500000
20150616 15400 15410 14510 14520 716342.00 1068390000
20150615 18100 19200 16050 16050 1253904.00 2154010000
20150612 17830 17830 17030 17830 479206.00 852010000
20150611 14770 16280 14000 16280 778686.00 1205600000
20150610 14800 14800 13990 14800 1276255.00 1869600000
20150609 13450 13450 13450 13450 4045.00 5440000
20150608 12230 12230 12230 12230 3606.00 4410000
20150605 11120 11120 11120 11120 2555.00 2840000
20150604 10110 10110 10110 10110 7117.00 7190000
20150430 9150 9480 9030 9190 548450.00 508740000
20150429 8550 9350 8480 9120 496454.00 447860000
20150428 9070 9070 8440 8550 387325.00 336650000
20150427 9050 9250 8910 9000 339991.00 308280000
20150424 8970 9100 8710 8980 420188.00 375550000
20150423 9380 9390 9020 9160 464200.00 425850000
20150422 9350 9520 9190 9360 591763.00 551580000
20150421 8800 9470 8800 9330 674396.00 618730000
20150420 8450 9220 8280 8740 791791.00 692660000
20150417 8320 8560 8200 8400 457406.00 383910000
20150416 8050 8380 7810 8130 310305.00 251410000
20150415 8580 8820 8170 8180 459798.00 391980000
20150414 8300 8880 8220 8480 461397.00 393220000
20150413 8240 8390 8140 8320 334492.00 276780000
20150410 8000 8270 7910 8190 290395.00 236960000
20150409 8330 8360 7750 8090 423748.00 339280000
20150408 8720 8750 8140 8310 517964.00 435460000
20150407 8650 8790 8550 8700 418410.00 363070000
20150403 8250 8860 8110 8650 625924.00 529900000
20150402 8080 8460 8030 8290 470000.00 387830000
20150401 7910 8090 7900 8060 304863.00 244730000
20150331 8020 8150 7910 7950 330128.00 265030000
20150330 7910 8190 7850 8070 330575.00 266120000
20150327 7910 8020 7700 7900 360988.00 283980000
20150326 8050 8340 7860 7930 491622.00 395460000
20150325 8170 8280 8030 8120 492258.00 401050000
20150324 7850 8550 7660 8350 832363.00 668220000
20150323 7700 7970 7630 7800 823066.00 640530000
20150320 6830 7480 6830 7480 355235.00 260300000
20150319 6810 6860 6690 6800 275656.00 186980000
20150318 6640 6820 6600 6800 285906.00 192440000
20150317 6540 6750 6510 6640 356427.00 235240000
20150316 6440 6630 6440 6540 265737.00 174060000
20150313 6240 6440 6240 6420 220797.00 140150000
20150312 6280 6320 6130 6240 169315.00 105430000
20150311 6350 6380 6220 6260 153475.00 96240000
20150310 6270 6470 6240 6350 221994.00 140910000
20150309 6150 6280 6090 6230 134240.00 83000000
20150306 6310 6340 6120 6150 177367.00 110000000
20150305 6280 6350 6190 6310 240818.00 151090000
20150304 6060 6320 6050 6290 239990.00 148560000
20150303 6200 6210 6060 6070 188326.00 115170000
20150302 6120 6220 6110 6200 166931.00 103150000
20150227 5980 6180 5970 6110 214918.00 131250000
20150226 5890 5990 5870 5980 155968.00 92630000
20150225 5900 5930 5840 5880 100015.00 58900000
20150217 5900 5930 5850 5880 102009.00 60050000
20150216 5790 5920 5790 5910 123797.00 72780000
20150213 5740 5830 5730 5800 95387.00 55230000
20150212 5650 5740 5630 5710 67145.00 38230000
20150211 5600 5650 5600 5620 61696.00 34660000
20150210 5570 5630 5500 5620 70876.00 39320000
20150209 5660 5750 5490 5530 80302.00 45030000
20150206 5770 5840 5540 5600 112146.00 63810000
20150205 5830 5870 5770 5780 130424.00 76090000
20150204 5810 5860 5760 5770 88814.00 51640000
20150203 5660 5810 5660 5800 105598.00 60700000
20150202 5710 5770 5610 5620 78295.00 44620000
20150130 5820 5870 5750 5750 92391.00 53580000
20150129 5830 5900 5800 5830 86122.00 50310000
20150128 5870 5940 5840 5880 127904.00 75420000
20150127 5890 5940 5790 5910 133385.00 78310000
20150126 5810 5890 5790 5880 117411.00 68840000
20150123 5900 5920 5760 5790 141543.00 82270000
20150122 5820 5940 5770 5900 183458.00 107520000
20150121 5610 5880 5610 5840 222260.00 128390000
20150120 5450 5630 5430 5620 121905.00 67360000
20150119 5500 5710 5300 5370 154447.00 85430000
20150116 5580 5690 5550 5630 94118.00 52970000
20150115 5500 5570 5490 5560 82592.00 45710000
20150114 5640 5680 5480 5530 86902.00 48490000
20150113 5620 5710 5600 5650 75380.00 42630000
20150112 5700 5730 5560 5620 102287.00 57660000
20150109 5860 5910 5760 5770 138746.00 81150000
20150108 5860 5950 5800 5840 138178.00 81180000
20150107 5920 5930 5820 5870 143964.00 84360000
20150106 5680 5950 5680 5910 228721.00 133270000
20150105 5750 5760 5600 5740 140428.00 79880000
20141231 5600 5750 5590 5680 107868.00 61070000
20141230 5650 5720 5530 5550 104312.00 58350000
20141229 5790 5790 5650 5680 150326.00 85790000
20141226 5870 5920 5820 5880 152386.00 89240000
20141225 5730 6060 5690 5920 195993.00 115490000
20141224 5610 5780 5610 5740 122047.00 69490000
20141223 5760 5880 5580 5580 152049.00 87350000
20141222 6150 6160 5620 5730 268136.00 158090000
20141219 6330 6330 6080 6210 259960.00 160710000
20141218 6280 6580 6240 6370 202700.00 129950000
20141217 6490 6490 6250 6320 199155.00 126370000
20141216 6580 6640 6470 6500 183040.00 119490000
20141215 6460 6600 6420 6580 235947.00 154410000
20141212 6390 6590 6370 6490 220517.00 142660000
20141211 6150 6490 6150 6430 294737.00 186840000
20141210 6120 6310 6030 6250 260859.00 161960000
20141209 6790 6800 6100 6120 537642.00 351500000
20141208 6480 6800 6410 6740 560634.00 375320000
20141205 6480 6680 6120 6510 524319.00 337520000
20141204 6500 6550 6450 6480 245351.00 159170000
20141203 6400 6500 6320 6490 277487.00 177450000
20141202 6320 6430 6320 6390 141955.00 90600000
20141201 6450 6460 6320 6330 186163.00 118620000
20141128 6630 6670 6420 6460 257265.00 168410000
20141127 6860 6900 6520 6640 386758.00 258060000
20141126 6450 6640 6320 6610 370811.00 240390000
20141125 6360 6430 6320 6430 194532.00 124420000
20141124 6360 6410 6290 6340 172990.00 109740000
20141121 6260 6360 6260 6310 118124.00 74510000
20141120 6300 6360 6220 6280 134447.00 84490000
20141119 6200 6480 6200 6340 371259.00 235980000
20141118 6060 6140 6050 6080 84070.00 51130000
20141117 5980 6150 5970 6060 90345.00 54880000
20141114 5980 6010 5880 5950 109218.00 64920000
20141113 6180 6180 5970 6010 135776.00 81900000
20141112 6020 6220 5980 6170 134811.00 82410000
20141111 6270 6270 5960 6040 240561.00 146340000
20141110 6290 6300 6180 6270 139313.00 86810000
20141107 6440 6450 6210 6240 191563.00 121620000
20141106 6370 6410 6220 6370 157526.00 99420000
20141105 6520 6560 6360 6380 200640.00 129300000
20141104 6430 6570 6410 6460 234525.00 152320000
20141103 6300 6520 6270 6430 205814.00 131820000
20141031 6370 6440 6190 6270 203637.00 128030000
20141030 6480 6530 6330 6370 221975.00 142260000
20141029 6300 6600 6270 6480 337424.00 217110000
20141028 6000 6300 6000 6280 194080.00 120180000
20141027 5910 6010 5900 6000 103330.00 61710000
20141024 5950 6050 5900 5910 129092.00 77080000
20141023 6110 6180 5950 5970 208784.00 126300000
20141022 6290 6380 6120 6130 180483.00 112890000
20141021 6410 6470 6290 6290 148092.00 94160000
20141020 6370 6450 6310 6430 131387.00 84060000
20141017 6250 6440 6180 6340 259924.00 164370000
20141016 6500 6630 6230 6270 322352.00 208490000
20141015 6640 6690 6470 6570 226385.00 148180000
20141014 6500 6850 6460 6650 323285.00 216530000
20141013 6670 6690 6410 6540 317210.00 206930000
20141010 6730 6840 6700 6740 236880.00 159910000
20141009 6940 6940 6660 6820 327844.00 223720000
20141008 6800 6990 6720 6880 299398.00 205570000
20140930 6910 6920 6660 6790 418053.00 282870000
20140929 6710 6990 6660 6910 526289.00 360500000
20140926 7000 7050 6650 6660 809740.00 557260000
20140925 6470 6690 6350 6410 427521.00 278730000
20140924 6220 6550 6180 6510 378332.00 241390000
20140923 6150 6240 6130 6210 208208.00 128880000
20140922 6340 6340 6110 6130 232954.00 143940000
20140919 6290 6430 6250 6350 301052.00 190670000
20140918 6140 6650 6040 6410 553992.00 353040000
20140917 6030 6190 5860 6130 356537.00 215580000
20140916 6380 6420 6010 6030 554168.00 343440000
20140915 6220 6500 6100 6450 748820.00 472770000
20140912 5700 6220 5700 6220 761323.00 460610000
20140911 5720 5870 5610 5650 341560.00 196200000
20140910 5660 5860 5610 5700 293432.00 168090000
20140909 5540 5770 5480 5710 324977.00 181680000
20140905 5580 5660 5440 5570 318085.00 175650000
20140904 5420 5680 5380 5530 354423.00 195720000
20140903 5390 5540 5350 5420 378833.00 206510000
20140902 5270 5450 5200 5370 315240.00 167580000
20140901 5160 5280 5140 5250 171426.00 89610000
20140829 5070 5140 5060 5130 76319.00 38950000
20140828 5210 5220 5070 5090 172188.00 88460000
20140827 5070 5290 5050 5200 251057.00 130590000
20140826 5180 5200 5030 5060 190526.00 97090000
20140825 5280 5310 5170 5180 187063.00 97840000
20140822 5180 5210 5130 5200 161771.00 83660000
20140821 5270 5290 5110 5180 246311.00 127770000
20140820 5250 5390 5220 5270 285364.00 151230000
20140819 5190 5340 5170 5230 295518.00 154920000
20140818 5090 5270 5060 5230 556825.00 288090000
20140815 5530 5530 5290 5300 1087983.00 594880000
20140814 4950 5120 4930 5030 248011.00 124920000
20140813 4880 5230 4840 4990 331482.00 166880000
20140812 4920 4950 4840 4860 187602.00 91530000
20140811 4880 4960 4880 4940 167152.00 82450000
20140808 4850 4940 4830 4900 183999.00 90090000
20140807 4860 4960 4820 4840 231923.00 113580000
20140806 4900 4940 4830 4860 218651.00 106790000
20140805 4760 4930 4730 4900 258938.00 125450000
20140804 4720 4780 4680 4770 142902.00 67730000
20140801 4700 4970 4650 4720 282867.00 135160000
20140731 4690 4730 4660 4700 120417.00 56640000
20140730 4750 4750 4660 4690 146041.00 68670000
20140729 4650 4770 4620 4720 218053.00 102540000
20140728 4610 4660 4590 4640 150361.00 69610000
20140725 4580 4630 4540 4600 98221.00 44990000
20140724 4500 4680 4410 4590 185993.00 84390000
20140723 4620 4630 4490 4510 112441.00 51240000
20140722 4600 4640 4570 4630 134042.00 61820000
20140721 4490 4620 4460 4600 141967.00 64620000
20140718 4500 4530 4440 4480 72954.00 32810000
20140717 4460 4520 4440 4490 100858.00 45110000
20140716 4590 4620 4450 4460 191140.00 86590000
20140715 4650 4720 4550 4620 188609.00 87290000
20140714 4650 4720 4610 4650 175904.00 81890000
20140711 4510 4720 4500 4610 210988.00 97530000
20140710 4580 4660 4510 4520 239212.00 109300000
20140709 4660 4870 4570 4620 460236.00 217320000
20140708 4650 4690 4510 4630 329195.00 151600000
20140707 4550 4820 4550 4730 535654.00 250320000
20140704 4840 4890 4550 4620 748977.00 353080000
20140703 5160 5160 4920 5010 1254619.00 637690000
20140702 4270 4690 4250 4690 200396.00 92150000
20140701 4270 4290 4200 4260 120197.00 51030000
20140630 4180 4300 4140 4280 173825.00 73800000
20140627 4040 4150 4040 4130 93806.00 38380000
20140626 4010 4090 4010 4070 83194.00 33770000
20140625 4050 4050 3980 3990 61802.00 24720000
20140624 4050 4070 4020 4060 84227.00 33960000
20140623 4010 4090 4010 4050 40350.00 16360000
20140620 4000 4030 3970 4010 45245.00 18090000
20140619 4190 4190 3990 4000 79016.00 32350000
20140618 4180 4210 4130 4200 67679.00 28220000
20140617 4220 4240 4130 4150 69498.00 29090000
20140616 4250 4280 4200 4250 76297.00 32280000
20140613 4220 4260 4190 4250 61471.00 26040000
20140612 4220 4270 4170 4220 67807.00 28570000
20140611 4210 4250 4180 4220 49353.00 20770000
20140610 4200 4240 4130 4220 83112.00 34790000
20140609 4130 4370 4110 4210 179442.00 76180000
20140606 4140 4180 4100 4110 66486.00 27540000
20140605 4120 4170 4100 4160 76864.00 31790000
20140604 4100 4100 4050 4100 40316.00 16430000
20140603 4080 4120 4060 4090 50361.00 20580000
20140530 4040 4110 4040 4060 43371.00 17660000
20140529 4130 4140 4030 4050 57019.00 23250000
20140528 4110 4150 4070 4120 77805.00 32000000
20140527 4050 4120 4030 4100 84967.00 34590000
20140526 4040 4060 4030 4050 48662.00 19650000
20140523 3990 4030 3970 4020 33046.00 13230000
20140522 4030 4060 3990 3990 62676.00 25270000
20140521 4000 4030 3960 4020 36763.00 14720000
20140520 3990 4030 3980 4000 28799.00 11550000
20140519 3970 4010 3950 3970 28035.00 11140000
20140516 3970 3990 3940 3970 39329.00 15570000
20140515 4060 4110 3960 3980 52549.00 21220000
20140514 4070 4090 4050 4070 25693.00 10450000
20140513 4090 4100 4050 4070 37168.00 15120000
20140512 4020 4100 3990 4080 66490.00 26980000
20140509 3980 4030 3950 4000 48378.00 19300000
20140508 3950 4040 3950 3980 42893.00 17150000
20140507 4030 4030 3950 3950 38974.00 15540000
20140506 4020 4070 4000 4030 55350.00 22320000
20140505 4010 4050 3980 4030 33503.00 13450000
20140430 3990 4040 3970 4020 29567.00 11860000
20140429 3930 4000 3920 4000 44182.00 17500000
20140428 4180 4180 3950 3950 82180.00 33170000
20140425 4300 4310 4170 4180 71579.00 30330000
20140424 4290 4300 4250 4290 49499.00 21160000
20140423 4350 4360 4270 4280 53419.00 22980000
20140422 4340 4400 4280 4360 73668.00 31880000
20140421 4350 4440 4340 4360 98103.00 43050000
20140418 4320 4480 4280 4440 159950.00 70720000
20140417 4310 4360 4300 4300 49642.00 21480000
20140416 4250 4320 4240 4310 50730.00 21710000
20140415 4340 4420 4280 4290 83125.00 36140000
20140414 4270 4370 4250 4340 61504.00 26580000
20140411 4280 4290 4220 4280 62435.00 26560000
20140410 4320 4340 4290 4300 54657.00 23560000
20140409 4260 4320 4260 4320 72156.00 30980000
20140408 4210 4290 4170 4260 53366.00 22630000
20140404 4230 4260 4190 4260 41352.00 17530000
20140403 4230 4280 4210 4220 43570.00 18470000
20140402 4240 4260 4210 4230 46236.00 19550000
20140401 4190 4250 4170 4230 44844.00 18920000
20140331 4200 4240 4160 4190 47821.00 20070000
20140328 4300 4340 4200 4200 119786.00 50900000
20140327 4450 4470 4320 4320 97722.00 42860000
20140326 4410 4500 4400 4440 90268.00 40260000
20140325 4390 4440 4360 4410 73218.00 32260000
20140324 4410 4420 4360 4390 79442.00 34880000
20140321 4260 4430 4240 4410 95015.00 41090000
20140320 4480 4530 4310 4310 93290.00 41390000
20140319 4440 4540 4400 4510 105580.00 47380000
20140318 4420 4540 4400 4450 107254.00 47840000
20140317 4360 4420 4330 4420 74163.00 32530000
20140314 4370 4400 4330 4360 53617.00 23390000
20140313 4250 4440 4250 4360 92412.00 40320000
20140312 4340 4370 4200 4280 108182.00 46240000
20140311 4380 4430 4300 4340 74495.00 32450000
20140310 4420 4570 4360 4370 139041.00 61930000
20140307 4500 4550 4430 4440 110381.00 49480000
20140306 4510 4600 4380 4540 174535.00 78430000
20140305 4590 4620 4510 4530 112045.00 51000000
20140304 4530 4640 4520 4560 111370.00 50920000
20140303 4550 4640 4520 4590 127192.00 58290000
20140228 4460 4620 4420 4550 134479.00 61040000
20140227 4500 4650 4460 4470 141012.00 63970000
20140226 4500 4590 4370 4500 176130.00 78850000
20140225 4900 4930 4440 4560 244859.00 115790000
20140224 4910 4950 4790 4890 149034.00 72430000
20140221 4990 5080 4850 4900 224350.00 111680000
20140220 5190 5200 4950 4970 322232.00 162780000
20140219 4880 5260 4870 5180 509569.00 257650000
20140218 4880 4930 4800 4890 212108.00 103190000
20140217 4910 5030 4870 4880 275639.00 135940000
20140214 4680 4890 4680 4880 218965.00 104860000
20140213 4880 4880 4700 4700 213369.00 102090000
20140212 4850 4900 4740 4880 220158.00 106490000
20140211 4900 5050 4850 4860 311587.00 153440000
20140210 4900 4950 4820 4900 324143.00 158430000
20140207 4630 4920 4620 4900 374624.00 181540000
20140130 4430 4830 4350 4700 302908.00 139280000
20140129 4440 4480 4410 4450 89371.00 39680000
20140128 4490 4540 4400 4420 135423.00 60210000
20140127 4580 4600 4520 4520 155493.00 70750000
20140124 4600 4670 4560 4650 171725.00 79470000
20140123 4580 4650 4560 4600 190592.00 87650000
20140122 4450 4630 4430 4590 255691.00 116750000
20140121 4390 4460 4390 4450 113034.00 50070000
20140120 4390 4480 4360 4380 98940.00 43660000
20140117 4450 4450 4360 4380 116423.00 51220000
20140116 4510 4550 4450 4460 143255.00 64490000
20140115 4500 4560 4450 4510 138286.00 62180000
20140114 4460 4520 4420 4500 165931.00 74100000
20140113 4320 4550 4310 4430 181068.00 80510000
20140110 4390 4440 4300 4320 115059.00 50330000
20140109 4500 4560 4360 4380 158380.00 70650000
20140108 4490 4640 4460 4540 232549.00 105910000
20140107 4390 4470 4350 4470 160895.00 71130000
20140106 4680 4740 4420 4430 234224.00 106410000
20140103 4730 4830 4660 4740 227787.00 107670000
20140102 4610 4850 4550 4780 366649.00 171990000
20131231 4790 4920 4690 4700 415286.00 198970000
20131230 4570 4780 4540 4690 326661.00 152260000
20131227 4510 4610 4500 4570 214391.00 97720000
20131226 4750 4760 4510 4520 331979.00 153700000
20131225 4640 4820 4600 4800 341815.00 161640000
20131224 4710 4830 4570 4640 306931.00 144000000
20131223 4760 4800 4650 4720 165611.00 78170000
20131220 4770 4900 4710 4740 231133.00 110920000
20131219 4830 4940 4790 4810 253101.00 122760000
20131218 4960 4960 4780 4800 326004.00 157960000
20131217 4930 5060 4890 4960 384376.00 190790000
20131216 4970 5010 4850 4890 371700.00 182970000
20131213 5080 5080 4910 4930 596816.00 297240000
20131212 5200 5340 5140 5190 471659.00 247280000
20131211 5180 5330 5130 5200 361531.00 188780000
20131210 5320 5380 5150 5280 656233.00 344610000
20131209 5420 5480 5260 5390 682067.00 365800000
20131206 5560 5660 5250 5430 844404.00 457360000
20131205 5430 5950 5310 5550 1460246.00 827650000
20131204 4950 5410 4880 5410 1302612.00 661840000
20131203 4720 4920 4660 4920 1042502.00 508000000
20131202 3960 4470 3730 4470 667702.00 290580000
20131129 4010 4070 3980 4060 82571.00 33330000
20131128 4010 4040 3980 4000 58324.00 23390000
20131127 3940 4030 3910 4010 77580.00 30850000
20131126 3970 3980 3900 3930 37356.00 14670000
20131125 3940 3980 3920 3930 32802.00 12940000
20131122 3930 3970 3910 3920 37597.00 14780000
20131121 3980 3990 3920 3940 63871.00 25170000
20131120 3940 4040 3900 4010 107113.00 42620000
20131119 3930 3960 3910 3940 84986.00 33400000
20131118 3880 3950 3850 3930 65728.00 25740000
20131115 3820 3940 3800 3890 51102.00 19820000
20131114 3760 3830 3710 3820 37970.00 14390000
20131113 3810 3820 3750 3760 22221.00 8430000
20131112 3740 3820 3740 3800 22316.00 8440000
20131111 3730 3760 3710 3760 11119.00 4160000
20131108 3770 3800 3720 3720 22402.00 8420000
20131107 3830 3840 3770 3770 23950.00 9090000
20131106 3800 3880 3800 3820 37371.00 14320000
20131105 3800 3830 3750 3820 25428.00 9650000
20131104 3760 3810 3750 3800 24444.00 9250000
20131101 3760 3790 3730 3750 25651.00 9620000
20131031 3780 3790 3740 3760 25763.00 9700000
20131030 3770 3800 3740 3770 34798.00 13110000
20131029 3870 3900 3710 3750 43876.00 16660000
20131028 3860 3880 3840 3870 23000.00 8880000
20131025 3900 3930 3840 3870 30814.00 11960000
20131024 3920 3960 3880 3900 28730.00 11260000
20131023 4010 4020 3920 3920 46088.00 18260000
20131022 4040 4070 3990 4000 50207.00 20230000
20131021 3980 4050 3960 4040 42450.00 17030000
20131018 3980 4010 3940 3990 28505.00 11340000
20131017 3960 4000 3940 3970 46993.00 18680000
20131016 4050 4050 3940 3940 70928.00 28280000
20131015 4140 4140 4040 4070 62303.00 25340000
20131014 4110 4150 4100 4130 46297.00 19090000
20131011 4070 4150 4050 4090 73835.00 30250000
20131010 4050 4140 4040 4050 72940.00 29760000
20131009 4000 4060 3990 4050 43598.00 17580000
20131008 4010 4040 3960 4030 43824.00 17550000
20130930 3970 4050 3950 4010 41227.00 16530000
20130927 3940 3980 3920 3950 36354.00 14330000
20130926 4020 4020 3940 3950 50886.00 20240000
20130925 4040 4040 4010 4020 53430.00 21490000
20130924 4100 4120 3980 4030 59493.00 23930000
20130923 3920 4060 3920 4040 73922.00 29670000
20130918 3930 3960 3870 3940 52590.00 20650000
20130917 4050 4070 3910 3920 91903.00 36560000
20130916 4060 4090 4040 4060 74585.00 30250000
20130913 4140 4170 4040 4050 125535.00 51180000
20130912 4240 4270 4140 4160 206446.00 86520000
20130911 4090 4440 4090 4340 444617.00 191850000
20130910 3970 4130 3920 4040 143284.00 57430000
20130909 3920 3970 3900 3960 95748.00 37640000
20130906 3880 3920 3860 3910 59111.00 23030000
20130905 3880 3910 3870 3890 35218.00 13690000
20130904 3890 3930 3870 3880 44593.00 17360000
20130903 3890 3900 3860 3890 54635.00 21230000
20130902 3810 3920 3780 3880 54399.00 20980000
20130830 3890 3910 3780 3810 63563.00 24400000
20130829 3910 3960 3860 3890 50193.00 19570000
20130828 3880 3940 3830 3940 100292.00 39100000
20130827 3870 3960 3850 3890 68974.00 26860000
20130826 3760 3830 3750 3830 44163.00 16780000
20130823 3810 3840 3700 3750 55561.00 20960000
20130822 3790 3830 3770 3790 49310.00 18720000
20130821 3850 3860 3750 3800 74324.00 28260000
20130820 3870 3890 3830 3860 42961.00 16580000
20130819 3800 3880 3750 3870 51334.00 19680000
20130816 3920 3970 3780 3800 96189.00 37290000
20130815 3830 4070 3800 3940 169212.00 66980000
20130814 3820 3880 3780 3830 84786.00 32480000
20130813 3760 3910 3730 3840 107121.00 40920000
20130812 3700 3770 3680 3760 55913.00 20840000
20130809 3680 3700 3640 3690 35368.00 12990000
20130808 3640 3680 3630 3660 38251.00 14000000
20130807 3690 3720 3640 3650 47016.00 17280000
20130806 3650 3730 3650 3700 52219.00 19260000
20130805 3640 3680 3620 3670 37175.00 13570000
20130802 3640 3670 3610 3630 40043.00 14580000
20130801 3530 3640 3520 3630 48382.00 17390000
20130731 3520 3570 3500 3520 27828.00 9840000
20130730 3520 3550 3450 3520 28126.00 9850000
20130729 3600 3600 3490 3520 33057.00 11670000
20130726 3590 3600 3550 3590 29229.00 10450000
20130725 3670 3690 3590 3590 44307.00 16130000
20130724 3660 3690 3580 3660 60315.00 21870000
20130723 3600 3690 3580 3680 45305.00 16580000
20130722 3530 3600 3510 3590 33543.00 11930000
20130719 3630 3670 3520 3540 56184.00 20250000
20130718 3720 3750 3610 3630 61920.00 22640000
20130717 3770 3810 3720 3720 50404.00 18990000
20130716 3780 3800 3730 3770 39928.00 15040000
20130715 3750 3800 3690 3770 67717.00 25380000
20130712 3890 3910 3790 3810 45372.00 17500000
20130711 3830 3910 3780 3890 76083.00 29380000
20130710 3720 3820 3710 3820 50771.00 19080000
20130709 3780 3880 3770 3770 37982.00 14440000
20130708 3820 3990 3680 3780 56229.00 21640000
20130705 3810 3870 3800 3860 37140.00 14220000
20130704 3690 3940 3660 3830 110036.00 42480000
20130703 3660 3720 3600 3710 43087.00 15760000
20130702 3680 3690 3640 3680 39261.00 14390000
20130701 3550 3710 3530 3670 36940.00 13450000
20130628 3540 3620 3470 3560 34317.00 12240000
20130627 3680 3700 3560 3560 43664.00 15940000
20130626 3620 3690 3540 3670 43669.00 15870000
20130625 3610 3690 3350 3640 80679.00 28590000
20130624 3940 3940 3600 3640 71683.00 26980000
20130621 3970 3970 3830 3940 32054.00 12510000
20130620 4060 4060 3970 3980 37590.00 15080000
20130619 4100 4100 4020 4070 26412.00 10680000
20130618 4120 4160 4060 4120 29175.00 11940000
20130617 4120 4190 4080 4130 34753.00 14350000
20130614 4060 4110 4050 4100 33466.00 13670000
20130613 4150 4150 3990 4060 57060.00 23030000
20130607 4200 4260 4160 4170 54495.00 22950000
20130606 4220 4220 4160 4160 37893.00 15860000
20130605 4200 4240 4180 4230 28092.00 11810000
20130604 4300 4310 4170 4180 57024.00 24070000
20130603 4330 4360 4260 4290 44078.00 19030000
20130531 4390 4410 4330 4340 58150.00 25400000
20130530 4370 4420 4340 4390 68324.00 29930000
20130529 4430 4470 4380 4460 68562.00 30410000
20130528 4530 4540 4390 4440 74630.00 33100000
20130527 4500 4550 4500 4530 56863.00 25730000
20130524 4430 4500 4420 4500 48680.00 21680000
20130523 4450 4490 4410 4430 76956.00 34260000
20130522 4570 4590 4430 4440 100521.00 45230000
20130521 4460 4570 4450 4570 91527.00 41530000
20130520 4420 4510 4400 4460 67336.00 30060000
20130517 4350 4440 4340 4410 59734.00 26330000
20130516 4320 4450 4320 4360 79718.00 34990000
20130515 4220 4440 4220 4360 94311.00 41060000
20130514 4320 4320 4210 4220 32969.00 13990000
20130513 4350 4390 4290 4310 37813.00 16300000
20130510 4210 4360 4190 4340 102287.00 43950000
20130509 4200 4250 4170 4210 46774.00 19670000
20130508 4190 4220 4170 4220 33783.00 14170000
20130507 4150 4210 4140 4190 31589.00 13200000
20130506 4130 4190 4130 4160 35046.00 14560000
20130503 4070 4140 4070 4120 33818.00 13930000
20130502 4030 4080 4030 4060 17797.00 7210000
20130426 4080 4120 4040 4040 32724.00 13310000
20130425 4140 4160 4070 4080 54939.00 22580000
20130424 4100 4190 4080 4170 33062.00 13670000
20130423 4270 4270 4030 4100 53769.00 22280000
20130422 4220 4270 4210 4270 38439.00 16300000
20130419 4180 4270 4160 4250 41940.00 17770000
20130418 4130 4200 4110 4190 26636.00 11100000
20130417 4150 4180 4120 4170 30704.00 12770000
20130416 4110 4140 4030 4140 36401.00 14900000
20130415 4210 4230 4060 4110 39428.00 16280000
20130412 4270 4310 4230 4240 50857.00 21660000
20130411 4420 4570 4290 4320 140436.00 62150000
20130410 4190 4240 4160 4210 32367.00 13580000
20130409 4180 4220 4150 4180 30748.00 12880000
20130408 4150 4180 4080 4170 50962.00 21010000
20130403 4330 4350 4230 4240 42393.00 18110000
20130402 4350 4400 4300 4310 35462.00 15380000
20130401 4350 4390 4320 4350 27799.00 12110000
20130329 4360 4390 4310 4330 37677.00 16380000
20130328 4440 4500 4300 4360 66637.00 29180000
20130327 4550 4620 4440 4470 72764.00 32910000
20130326 4630 4660 4550 4550 116549.00 53490000
20130325 4500 4900 4420 4690 205282.00 95170000
20130322 4330 4530 4310 4460 120910.00 53740000
20130321 4330 4370 4300 4350 47591.00 20670000
20130320 4240 4330 4230 4330 48089.00 20670000
20130319 4220 4250 4170 4230 35354.00 14880000
20130318 4250 4280 4220 4220 34936.00 14810000
20130315 4290 4340 4230 4270 50529.00 21660000
20130314 4320 4340 4280 4290 37338.00 16060000
20130313 4410 4430 4260 4310 59059.00 25480000
20130312 4560 4570 4360 4400 81245.00 36180000
20130311 4540 4560 4500 4550 47794.00 21640000
20130308 4550 4570 4520 4540 54339.00 24680000
20130307 4630 4630 4510 4550 117245.00 53570000
20130306 4600 4630 4550 4630 137209.00 63130000
20130305 4550 4640 4530 4590 80343.00 36850000
20130304 4730 4730 4500 4540 114582.00 52740000
20130301 4700 4790 4690 4750 103949.00 49290000
20130228 4690 4720 4620 4700 104543.00 48930000
20130227 4570 4740 4560 4710 126736.00 59180000
20130226 4640 4690 4550 4570 67210.00 31160000
20130225 4670 4720 4630 4670 49828.00 23260000
20130222 4720 4750 4660 4670 64460.00 30320000
20130221 4660 4820 4620 4720 170747.00 80670000
20130220 4580 4720 4560 4700 84810.00 39510000
20130219 4660 4670 4560 4580 62702.00 28840000
20130218 4680 4700 4640 4660 64769.00 30210000
20130208 4560 4710 4550 4660 88820.00 41180000
20130207 4570 4570 4520 4540 45213.00 20550000
20130206 4510 4580 4500 4550 50077.00 22760000
20130205 4480 4570 4420 4510 67318.00 30380000
20130204 4640 4650 4510 4520 93998.00 42920000
20130201 4540 4710 4510 4630 110830.00 50980000
20130131 4690 4690 4510 4540 112443.00 51300000
20130130 4650 4790 4650 4700 119218.00 56020000
20130129 4660 4670 4600 4660 98547.00 45650000
20130128 4560 4660 4560 4660 78629.00 36360000
20130125 4610 4610 4510 4560 50021.00 22790000
20130124 4630 4720 4550 4590 103924.00 48200000
20130123 4630 4690 4550 4620 91038.00 41960000
20130122 4810 4810 4640 4660 109825.00 51890000
20130121 4790 4820 4770 4790 72992.00 34960000
20130118 4760 4860 4730 4770 108089.00 51850000
20130117 4860 4890 4750 4760 97216.00 46660000
20130116 4820 4920 4740 4900 210345.00 101840000
20130115 4880 5050 4830 4890 353695.00 174890000
20130114 4520 4720 4520 4710 158982.00 74010000
20130111 4580 4750 4530 4550 170213.00 78850000
20130110 4650 4720 4540 4600 153002.00 70750000
20130109 4510 4640 4480 4540 136674.00 62440000
20130108 4480 4560 4440 4510 103503.00 46460000
20130107 4440 4510 4440 4500 84606.00 37830000
20130104 4430 4560 4370 4490 119089.00 53100000
20121231 4410 4450 4380 4410 85524.00 37680000
20121228 4410 4440 4330 4390 118705.00 52000000
20121227 4460 4590 4410 4420 178803.00 80600000
20121226 4400 4470 4370 4470 104726.00 46200000
20121225 4300 4420 4270 4400 122110.00 53370000
20121224 4280 4320 4250 4300 60743.00 26070000
20121221 4310 4360 4260 4280 85209.00 36580000
20121220 4290 4360 4220 4330 112190.00 48170000
20121219 4300 4320 4210 4260 79794.00 34050000
20121218 4260 4320 4230 4270 84156.00 36020000
20121217 4260 4310 4230 4260 88692.00 37800000
20121214 4100 4270 4090 4250 102889.00 43360000
20121213 4140 4240 4100 4110 53355.00 22180000
20121212 4180 4200 4100 4150 53210.00 22040000
20121211 4230 4240 4170 4180 67024.00 28160000
20121210 4220 4280 4190 4250 79910.00 33870000
20121207 4140 4230 4120 4210 97350.00 40770000
20121206 4190 4240 4060 4170 98978.00 41050000
20121205 3940 4130 3890 4090 70342.00 28600000
20121204 3900 3970 3780 3940 54109.00 20930000
20121203 4080 4090 3900 3910 46525.00 18540000
20121130 4070 4110 4020 4080 26000.00 10570000
20121129 4110 4150 4000 4030 31438.00 12880000
20121128 4150 4150 4050 4070 34928.00 14270000
20121127 4300 4310 4170 4170 47141.00 19860000
20121126 4380 4400 4320 4330 38998.00 16960000
20121123 4410 4460 4370 4400 54495.00 24020000
20121122 4490 4580 4420 4440 110408.00 49840000
20121121 4300 4420 4250 4410 43666.00 18980000
20121120 4410 4470 4340 4340 39241.00 17220000
20121119 4240 4600 4210 4400 66258.00 29010000
20121116 4190 4250 4180 4240 39614.00 16670000
20121115 4250 4250 4180 4190 36238.00 15270000
20121114 4250 4280 4210 4270 29127.00 12350000
20121113 4380 4390 4230 4240 50223.00 21500000
20121112 4380 4440 4350 4380 23675.00 10380000
20121109 4360 4440 4310 4350 39666.00 17360000
20121108 4540 4550 4390 4390 67895.00 30270000
20121107 4600 4620 4550 4570 25044.00 11450000
20121106 4650 4680 4540 4580 42952.00 19700000
20121105 4640 4690 4640 4650 27435.00 12780000
20121102 4680 4700 4640 4660 43807.00 20470000
20121101 4630 4710 4610 4680 48234.00 22540000
20121031 4590 4630 4550 4630 39353.00 18110000
20121030 4570 4630 4550 4560 36871.00 16860000
20121029 4580 4600 4500 4560 29343.00 13390000
20121026 4720 4730 4560 4590 66524.00 30740000
20121025 4750 4820 4720 4720 52595.00 25050000
20121024 4760 4790 4710 4740 69286.00 32950000
20121023 4850 4900 4810 4810 67856.00 32910000
20121022 4810 4860 4770 4840 41377.00 19910000
20121019 4830 4880 4820 4840 57410.00 27810000
20121018 4770 4870 4760 4850 104928.00 50540000
20121017 4800 4810 4730 4770 49783.00 23720000
20121016 4740 4830 4730 4770 45693.00 21870000
20121015 4820 4860 4680 4740 64814.00 30690000
20121012 4880 4930 4770 4820 75658.00 36580000
20121011 4970 4990 4850 4860 99318.00 48850000
20121010 4850 5030 4830 5010 188816.00 93390000
20121009 4780 4920 4780 4890 143905.00 70020000
20121008 4850 4890 4750 4780 66436.00 31960000
20120928 4790 4880 4750 4830 100136.00 48240000
20120927 4690 4840 4650 4780 86507.00 41150000
20120926 4810 4870 4650 4660 86075.00 40670000
20120925 4860 4930 4780 4840 82327.00 40070000
20120924 4860 5170 4850 4980 162208.00 81260000
20120921 4960 4980 4800 4800 86776.00 42250000
20120920 5150 5160 4960 4960 107348.00 54230000
20120919 5150 5180 5110 5160 63139.00 32490000
20120918 5120 5240 5090 5130 72818.00 37490000
20120917 5350 5440 5130 5140 139029.00 73390000
20120914 5540 5600 5330 5360 212815.00 115680000
20120913 5510 5720 5470 5560 337615.00 189350000
20120912 5600 5790 5350 5590 429643.00 238140000
20120911 5800 5950 5550 5590 575230.00 328780000
20120910 5010 5470 5000 5470 250346.00 132640000
20120907 4810 5150 4770 4970 105502.00 52230000
20120906 4620 4760 4620 4740 38600.00 18180000
20120905 4600 4670 4580 4650 24397.00 11290000
20120904 4710 4740 4600 4600 32846.00 15310000
20120903 4660 4730 4620 4710 30238.00 14170000
20120831 4500 4800 4500 4690 41571.00 19490000
20120830 4720 4750 4540 4580 45655.00 21120000
20120829 4740 4770 4700 4720 25112.00 11880000
20120828 4710 4780 4680 4750 31455.00 14870000
20120827 4850 4860 4710 4720 43623.00 20850000
20120824 5020 5040 4900 4900 32872.00 16260000
20120823 4930 5020 4910 5020 46280.00 23000000
20120822 5030 5040 4890 4930 44738.00 22250000
20120821 4920 5030 4890 5010 41548.00 20670000
20120820 4860 4950 4840 4920 28815.00 14080000
20120817 4880 4920 4850 4910 24195.00 11810000
20120816 4960 4970 4860 4880 40492.00 19810000
20120815 5010 5050 4940 4960 35913.00 17950000
20120814 5030 5080 4890 5030 62933.00 31270000
20120813 5200 5210 4980 4990 64568.00 32830000
20120810 5200 5260 5160 5200 72387.00 37690000
20120809 5130 5320 5070 5230 101135.00 52980000
20120808 5150 5270 5090 5110 76737.00 39660000
20120807 4950 5290 4920 5180 113620.00 58430000
20120806 4850 4990 4820 4980 65740.00 32230000
20120803 4800 4890 4780 4880 30831.00 14900000
20120802 4900 4930 4720 4760 43395.00 20890000
20120801 4810 5000 4810 4910 45534.00 22360000
20120731 4980 5080 4820 4820 68323.00 33680000
20120730 5090 5360 5060 5100 144641.00 75180000
20120727 4890 5290 4890 5040 114097.00 58450000
20120726 4880 4970 4830 4860 39367.00 19250000
20120725 4950 4980 4870 4880 29395.00 14470000
20120724 4970 5030 4920 4980 41297.00 20560000
20120723 5030 5050 4960 4990 58324.00 29130000
20120720 4810 5130 4810 5100 154850.00 77710000
20120719 4700 4900 4640 4840 75326.00 36030000
20120718 4630 4740 4560 4700 39005.00 18070000
20120717 4640 4690 4600 4660 26344.00 12260000
20120716 4980 4990 4620 4640 63552.00 30140000
20120713 4980 5000 4940 4950 47116.00 23360000
20120712 4970 5040 4910 5010 67484.00 33520000
20120711 4930 5080 4930 5020 27701.00 13880000
20120710 4980 5020 4940 4960 28654.00 14270000
20120709 5130 5130 4970 4980 45275.00 22850000
20120706 5100 5200 4980 5190 60440.00 30840000
20120705 5240 5280 5070 5080 46900.00 24020000
20120704 5340 5380 5240 5240 36850.00 19500000
20120703 5370 5420 5270 5330 55111.00 29580000
20120702 5270 5390 5230 5340 53728.00 28500000
20120629 5180 5250 5100 5220 45754.00 23700000
20120628 5440 5440 5190 5190 60446.00 32020000
20120627 5510 5510 5390 5400 47497.00 25850000
20120626 5460 5550 5440 5510 49224.00 27010000
20120625 5560 5590 5460 5470 53590.00 29470000
20120621 5680 5690 5580 5600 51749.00 29040000
20120620 5660 5730 5630 5670 52992.00 30090000
20120619 5750 5750 5630 5630 67339.00 38140000
20120618 5700 5790 5700 5750 57629.00 33110000
20120615 5770 5800 5620 5700 88706.00 50620000
20120614 5900 5900 5760 5760 92563.00 53960000
20120613 5880 5920 5810 5910 77051.00 45280000
20120612 5880 5940 5830 5860 56432.00 33180000
20120611 5870 5950 5740 5930 76904.00 45110000
20120608 5900 5980 5840 5850 69421.00 40830000
20120607 6000 6050 5850 5850 78706.00 46810000
20120606 5940 5950 5850 5900 67646.00 39910000
20120605 5970 6000 5840 5900 88808.00 52540000
20120604 6150 6180 5910 5910 156805.00 95260000
20120601 6400 6570 6320 6350 131270.00 84370000
20120531 6250 6500 6230 6460 193211.00 123200000
20120530 6320 6550 6160 6350 217642.00 138400000
20120529 6200 6460 6140 6260 205166.00 129750000
20120528 6270 6340 6010 6210 199841.00 123250000
20120525 6400 6490 6290 6320 217788.00 138600000
20120524 6040 6670 6000 6520 428625.00 273190000
20120523 6370 6370 6070 6110 430053.00 269560000
20120522 5690 5820 5690 5790 83172.00 47870000
20120521 5750 5780 5630 5680 92615.00 52810000
20120518 6000 6000 5740 5760 171844.00 101010000
20120517 6030 6100 5950 6030 143882.00 86760000
20120516 6180 6190 5990 6020 172725.00 104870000
20120515 6160 6240 6000 6240 192243.00 117470000
20120514 6440 6570 6250 6270 230104.00 147520000
20120511 6900 7000 6410 6410 453706.00 297320000
20120510 17850 18370 17770 18100 153381.00 277090000
20120509 18100 18190 17480 17950 149519.00 266590000
20120508 18090 18600 17960 18320 185208.00 338110000
20120507 17380 18880 17280 18210 272492.00 489450000
20120504 16100 17290 15810 17290 235096.00 394010000
20120503 16100 16150 15330 15720 125015.00 195650000
20120502 15990 16540 15900 16160 74567.00 121350000
20120427 15390 16070 15310 15790 64209.00 101080000
20120425 15460 15720 15150 15260 67860.00 104080000
20120424 15100 15680 14920 15610 65951.00 101510000
20120423 16500 16500 15140 15290 121315.00 189980000
20120420 16150 16860 16090 16540 97920.00 162280000
20120419 16100 16240 15890 16030 63435.00 101780000
20120418 15850 16280 15520 16230 116910.00 187400000
20120417 15520 15980 15350 15770 67291.00 105820000
20120416 15240 15890 15180 15600 58295.00 91150000
20120413 15770 15770 15320 15450 64842.00 100520000
20120412 15280 15820 15150 15730 95954 149447000
20120411 15300 15600 15010 15300 64005 97954000
20120410 15220 15730 14970 15670 74511 113848000
20120409 15200 15940 15200 15530 111618 174172000
20120406 15500 15950 15070 15230 180563 278916000
20120405 14170 14950 13970 14900 76255 110418000
20120330 13720 14170 13720 14030 45542 63506000
20120329 14210 14550 13400 13670 66244 92641000
20120328 15990 16090 14430 14430 128220 191229000
20120327 15660 16160 15600 16030 66473 105635000
20120326 15210 15930 15200 15660 52464 81692000
20120323 14990 15220 14950 15200 28102 42412000
20120322 15480 15650 14860 15150 52814 80622000
20120321 15490 15630 15120 15470 41674 64173000
20120320 15220 15740 15030 15460 85915 131653000
20120319 14640 15240 14600 15190 52628 79175000
20120316 14420 14660 14330 14630 36574 53142000
20120315 14650 14680 14220 14400 53197 76821000
20120314 13920 15180 13850 14600 147686 214335000
20120313 13420 14200 13420 13840 75100 104089000
20120312 13430 13530 13280 13480 36916 49506000
20120309 13320 13790 13320 13550 23655 32113000
20120308 13310 13480 13290 13390 12641 16918000
20120307 13310 13470 13000 13290 19899 26363000
20120306 13620 13800 13430 13440 14082 19084000
20120305 13950 13990 13700 13700 12821 17735000
20120302 13700 13950 13650 13900 13437 18592000
20120301 13510 13750 13510 13650 7319 10002000
20120229 13730 13760 13510 13560 14192 19342000
20120228 13890 13970 13650 13740 25416 34931000
20120227 14130 14190 13840 13970 23229 32568000
20120224 14030 14220 13950 14100 18306 25795000
20120223 14240 14320 13910 14000 42089 59353000
20120222 13810 14530 13780 14400 66178 94314000
20120221 13130 14210 13130 13910 83725 114924000
20120220 13060 13150 12920 12970 21456 27929000
20120217 12990 13070 12830 12910 13143 17008000
20120216 12910 13050 12710 12950 17942 23193000
20120215 12750 12960 12620 12930 17724 22768000
20120214 12850 12950 12670 12750 11788 15079000
20120213 12500 12970 12440 12830 25703 32864000
20120210 12560 12800 12500 12600 15743 19861000
20120209 12480 12700 12440 12580 17786 22416000
20120208 12220 12540 12120 12510 16512 20523000
20120207 12500 12500 12150 12220 10266 12569000
20120206 12350 12660 12280 12510 25663 32068000
20120203 12120 12350 12070 12350 18644 22793000
20120202 11900 12140 11900 12100 5616 6749000
20120201 11950 12170 11860 11950 6478 7778000
20120131 12160 12290 11890 11980 7440 8926000
20120130 12220 12400 12070 12170 12753 15672000
20120120 12120 12250 12030 12180 7530 9144000
20120119 11800 12160 11750 12060 11983 14415000
20120118 12180 12190 11770 11800 11293 13540000
20120117 11520 12110 11460 12070 10519 12469000
20120116 11860 11860 11500 11520 7005 8134000
20120113 12640 12700 11890 11910 19186 23250000
20120112 12330 12860 12300 12720 17399 21875000
20120111 12400 12790 12220 12430 15269 19020000
20120110 11970 12480 11900 12440 18373 22540000
20120109 11550 12060 11350 12000 11748 13868000
20120106 11350 11700 11260 11550 6864 7832000
20120105 12130 12150 11510 11530 8843 10455000
20120104 12430 12550 12130 12140 8699 10793000
20111230 12270 12430 12240 12340 6897 8504000
20111229 12280 12450 12230 12240 5182 6381000
20111228 12350 12500 12080 12290 6267 7671000
20111227 12800 12830 12400 12440 6901 8704000
20111226 12870 13010 12680 12700 5858 7529000
20111223 12880 13100 12690 12900 5669 7349000
20111222 13060 13060 12580 12770 9234 11802000
20111221 13340 13380 13110 13110 8048 10658000
20111220 13160 13380 13110 13230 6447 8570000
20111219 13100 13290 12870 13260 8235 10768000
20111216 12920 13180 12850 13150 8105 10534000
20111215 13180 13300 12880 12900 7774 10155000
20111214 13450 13590 13250 13250 7729 10363000
20111213 13740 13780 13350 13380 10380 14046000
20111212 13750 13880 13700 13800 6010 8292000
20111209 13780 13960 13620 13750 7812 10743000
20111208 13900 14080 13590 13900 12193 16877000
20111207 14010 14090 13890 13930 6818 9539000
20111206 13850 14050 13850 14020 8717 12175000
20111205 14480 14480 13870 13910 11946 16793000
20111202 14610 14730 14240 14300 13015 18746000
20111201 14950 15110 14670 14730 23076 34240000
20111130 15730 15730 14380 14540 24859 37164000
20111129 15660 15730 15530 15710 9646 15082000
20111128 15800 15820 15430 15560 9151 14292000
20111125 15700 15900 15480 15500 11376 17849000
20111124 15800 15960 15510 15760 9474 14906000
20111123 15810 16120 15660 15930 14904 23692000
20111122 15690 15820 15580 15800 6681 10494000
20111121 15800 15890 15540 15820 8082 12680000
20111118 16170 16170 15690 15720 21254 33734000
20111117 16210 16450 16160 16239 13680 22275000
20111116 16700 16790 16110 16200 23062 37970000
20111115 16710 16940 16570 16700 33842 56498000
20111114 16620 17000 16480 16780 38778 65220000
20111111 16210 16850 16200 16490 34875 57641000
20111110 16059 16630 16000 16260 35536 58129000
20111109 16149 16280 15950 16230 15608 25194000
20111108 16360 16430 16070 16079 15901 25805000
20111107 16490 16710 16329 16379 18910 31212000
20111104 16350 16500 16250 16440 21547 35307000
20111103 16460 16650 16309 16320 37491 61716000
20111102 15950 16480 15640 16320 34218 54803000
20111101 16010 16250 15970 16170 18683 30141000
20111031 16070 16260 15950 16210 21864 35287000
20111028 16149 16210 15800 16079 25359 40596000
20111027 16149 16200 15890 15960 16848 26980000
20111026 15950 16280 15880 16030 27004 43435000
20111025 15890 16170 15700 16100 25664 41035000
20111024 15520 15950 15370 15890 31463 49387000
20111021 15510 15800 15330 15520 10427 16281000
20111020 15860 15860 15310 15500 9885 15316000
20111019 15680 16000 15530 15910 18891 29975000
20111018 16070 16200 15510 15530 14173 22548000
20111017 15880 16329 15830 16270 32808 53020000
20111014 16000 16050 15720 15870 9375 14872000
20111013 15930 16190 15930 16079 12564 20203000
20111012 15310 16180 15220 15990 15215 24095000
20111011 15910 15950 15280 15490 17349 27156000
20111010 15500 15700 15280 15410 6240 9600000
20110930 15460 15550 15260 15450 7610 11712000
20110929 15770 15840 15300 15360 10132 15730000
20110928 16180 16230 15700 15770 8558 13657000
20110927 16290 16290 15920 16059 9631 15483000
20110926 16140 16370 15960 16000 20163 32738000
20110923 16180 16260 15960 16140 18438 29660000
20110922 17000 17020 16400 16440 14037 23496000
20110921 16600 17160 16600 17160 20629 34978000
20110920 16500 16740 16300 16580 9206 15172000
20110919 17000 17000 16400 16400 11585 19150000
20110916 17020 17140 16850 16960 8244 14008000
20110915 16970 17300 16850 16990 24876 42524000
20110914 16690 16850 16329 16850 10076 16743000
20110913 16650 16650 16320 16500 6951 11452000
20110909 16900 17100 16730 16850 8660 14656000
20110908 17090 17390 16810 16810 13318 22693000
20110907 16900 17200 16510 16960 20858 35314000
20110906 16600 16780 16420 16490 9489 15761000
20110905 17330 17330 16650 16650 20010 33718000
20110902 17830 17930 17300 17380 12151 21277000
20110901 18040 18150 17800 17830 13059 23436000
20110831 18250 18400 17870 17970 20004 36154000
20110830 18860 19210 18300 18350 29767 56018000
20110829 18440 18880 18320 18780 24030 44743000
20110826 18410 18600 18260 18580 21361 39525000
20110825 18710 18860 18020 18410 42022 77099000
20110824 19280 19280 18730 18730 32129 60972000
20110823 18550 19110 18530 19080 38660 73139000
20110822 18540 18950 18410 18550 24393 45713000
20110819 18090 18700 18020 18560 37772 69310000
20110818 18950 19060 18330 18490 24230 45207000
20110817 19040 19190 18700 18950 28807 54544000
20110816 19260 19420 18800 19200 58856 112874000
20110815 19100 19360 18970 19200 35863 68778000
20110812 19230 19560 18910 19130 50859 97796000
20110811 18060 19230 18000 19190 67556 127863000
20110810 18800 19260 18430 18620 76740 145005000
20110809 17480 18930 17170 18460 47776 86799000
20110808 18400 18480 16900 17990 45871 82068000
20110805 17810 18960 17700 18670 50868 94411000
20110804 18630 18880 18410 18450 23051 42784000
20110803 18600 19080 18510 18760 49618 93276000
20110802 17870 19070 17700 18870 85009 157831000
20110801 17020 18480 17020 17980 29066 52172000
20110729 17800 17800 17350 17380 12518 21951000
20110728 17100 17850 17020 17710 26921 47324000
20110727 16990 17270 16800 17270 11676 19979000
20110726 16970 17080 16790 17000 12834 21754000
20110725 17500 17710 16920 16960 21135 36432000
20110722 17680 17850 17500 17610 16568 29299000
20110721 17880 18000 17620 17640 15977 28428000
20110720 18210 18330 17700 17950 18067 32488000
20110719 18420 18450 18040 18070 17938 32564000
20110715 18510 18950 18480 18650 32859 61527000
20110714 18000 18440 17920 18410 25683 46804000
20110713 17470 17950 17470 17920 17287 30693000
20110712 17870 17960 17470 17470 22494 39702000
20110711 17920 18180 17810 18040 14370 25916000
20110708 18030 18180 17800 17940 20090 36036000
20110707 18270 18580 18160 18220 34229 62975000
20110706 18100 18500 17850 18350 20693 37449000
20110705 18140 18370 18010 18130 20170 36590000
20110704 17650 18280 17620 18200 30268 54284000
20110701 17530 18060 17420 17650 38665 68762000
20110630 17160 17680 17040 17510 24189 42113000
20110629 17330 17650 17010 17010 22271 38573000
20110628 17430 17480 17130 17380 22698 39169000
20110627 17280 17720 17200 17410 39931 69690000
20110624 16900 17390 16840 17260 40175 69064000
20110623 16490 17180 16400 17010 34900 59031000
20110622 16420 16700 16300 16490 19205 31712000
20110621 16340 16610 16200 16400 18999 31116000
20110620 16219 16610 16020 16300 27206 44478000
20110617 16280 16300 16070 16149 9778 15796000
20110616 16460 16600 16180 16180 14616 23899000
20110615 16650 17030 16510 16590 38601 64856000
20110614 16040 16940 15950 16750 42153 69582000
20110613 16020 16239 15750 16079 31896 50872000
20110610 16670 16780 15880 16260 37415 60827000
20110609 17250 17250 16700 16700 30892 52345000
20110608 17900 17900 17000 17260 49925 86094000
20110607 17930 17990 17820 17930 4878 8744000
20110603 17820 18110 17750 17910 8100 14539000
20110602 18020 18100 17580 17820 7371 13163000
20110601 18110 18450 18110 18240 10198 18648000
20110531 17830 18130 17740 18110 8603 15456000
20110530 17700 17990 17530 17720 6956 12406000
20110527 17720 18000 17600 17720 7864 13984000
20110526 18100 18150 17700 17720 5805 10424000
20110525 18580 18780 17950 17950 12367 22679000
20110524 18440 18980 17150 18780 18289 33769000
20110523 19430 19430 18460 18500 18352 34556000
20110520 19760 19800 19310 19430 9213 17943000
20110519 19880 20010 19710 19760 7066 14043000
20110517 19900 20000 19580 19810 9749 19335000
20110516 19580 20110 19520 20050 13064 25909000
20110513 19770 19800 19300 19620 11951 23251000
20110512 19910 20100 19700 19700 12721 25292000
20110511 19910 20210 19910 19980 12650 25398000
20110510 19900 19970 19760 19950 9346 18580000
20110509 19690 20140 19610 19940 14686 29292000
20110506 19490 19640 19220 19540 8311 16211000
20110505 19450 19680 19450 19580 6070 11898000
20110504 19990 19990 19430 19450 13064 25663000
20110503 19860 20060 19650 20020 10247 20374000
20110429 19650 19880 19550 19860 11637 22961000
20110428 20180 20180 19540 19720 20118 39697000
20110427 20400 20450 19930 20040 9332 18814000
20110426 20780 20930 20080 20200 20058 40809000
20110425 21690 21690 20890 20890 29779 62728000
20110422 22030 22100 21720 21780 15665 34263000
20110421 22110 22150 21940 21980 15541 34194000
20110420 22200 22200 21850 22110 24247 53463000
20110419 22040 22550 22000 22360 24211 53922000
20110418 21960 22420 21960 22130 24577 54577000
20110415 21710 21940 21630 21930 12668 27538000
20110414 22010 22100 21700 21750 16343 35774000
20110413 21760 22080 21710 22080 14826 32472000
20110412 21900 21990 21660 21770 16465 35816000
20110411 22270 22470 21730 21850 28654 62972000
20110408 22000 22270 21960 22270 20157 44609000
20110407 21950 22200 21900 22080 17194 37876000
20110406 22260 22340 21880 22000 24689 54366000
20110401 22110 22410 21990 22380 17727 39417000
20110331 22100 22380 21930 22150 21677 48085000
20110330 22530 22670 21630 21900 39696 87588000
20110329 23600 23700 22540 22630 57650 132236000
20110328 24000 24050 23570 23640 38854 92271000
20110325 23770 24130 23770 23950 30424 72882000
20110324 24140 24280 23900 23900 34252 82438000
20110323 24090 24270 23980 24120 29869 72086000
20110322 24380 24400 23580 23900 54670 130412000
20110321 24260 24470 24000 24300 30700 74507000
20110318 24400 24550 24120 24170 44882 108864000
20110317 25410 25410 24000 24150 134983 332533000
20110316 25200 25840 24900 25660 77468 196459000
20110315 25350 25450 24550 25200 93868 234934000
20110314 25500 25760 25010 25410 115908 293621000
20110311 25520 26280 25370 25730 136939 354310000
20110310 25500 26200 25260 25510 183616 471329000
20110309 25300 26000 25010 25700 323197 821846000
20110308 24000 24880 23510 24390 245211 593213000
