20180619 11180 11180 10320 10320 36978 39614993 7.50 1.46 -10.03 21249 15729 1.35 0.96
20180615 12320 12320 11420 11470 36399 42616297 7.38 1.59 -5.91 22143 14256 1.55 0.94
20180614 12300 12490 12180 12190 21985 27071164 2.51 0.91 -1.46 12798 9187 1.39 0.57
20180613 12860 12860 12360 12370 25639 32293098 3.89 1.10 -3.81 18336 7303 2.51 0.66
20180612 12870 12970 12600 12860 20190 25848562 2.89 0.84 0.47 10240 9950 1.03 0.52
20180611 12770 12950 12610 12800 22399 28617805 2.69 0.96 1.43 12238 10161 1.20 0.58
20180608 12630 12730 12400 12620 24535 30781418 2.61 1.06 -0.08 13872 10663 1.30 0.63
20180607 12870 13100 12600 12630 27430 35272864 3.91 1.22 -1.33 15768 11662 1.35 0.71
20180606 12890 12940 12660 12800 21817 27872896 2.18 0.83 -0.31 12935 8881 1.46 0.56
20180605 12610 12850 12530 12840 23661 30114987 2.55 0.90 2.15 11223 12438 0.90 0.61
20180604 12510 12770 12400 12570 18952 23780703 2.97 0.62 1.05 10106 8846 1.14 0.49
20180601 12510 12680 12350 12440 23571 29496147 2.64 0.67 -0.64 11768 11803 1.00 0.61
20180531 12520 12600 12250 12520 24649 30759160 2.83 0.68 1.38 13034 11615 1.12 0.64
20180530 13000 13000 12290 12350 39965 50621112 5.35 0.99 -6.93 22998 16967 1.36 1.03
20180529 13270 13500 13210 13270 24548 32782002 2.18 0.58 -0.45 12887 11661 1.11 0.64
20180528 13800 13920 13300 13330 40546 54885180 4.45 0.96 -4.24 23545 17001 1.38 1.05
20180525 14100 14340 13820 13920 45435 63862980 3.67 1.17 -1.83 28829 16606 1.74 1.18
20180524 14460 14660 14100 14180 32041 46184079 3.85 0.82 -2.48 20295 11746 1.73 0.83
20180523 14550 14840 14360 14540 58552 85727561 3.31 1.74 0.21 29012 29540 0.98 1.52
20180522 14390 14580 14260 14510 34854 50223763 2.23 1.04 1.33 17221 17634 0.98 0.90
20180521 14200 14370 14130 14320 39660 56507672 1.71 1.24 1.92 20677 18983 1.09 1.03
20180518 13940 14100 13830 14050 28270 39437406 1.94 0.81 0.79 14787 13483 1.10 0.73
20180517 14070 14280 13880 13940 33097 46347460 2.83 0.87 -1.48 18579 14518 1.28 0.86
20180516 14200 14380 14050 14150 32135 45722201 2.31 0.80 -0.84 18212 13923 1.31 0.83
20180515 14250 14480 14000 14270 34227 48603428 3.36 0.76 0.00 19000 15227 1.25 0.89
20180514 14220 14500 14140 14270 31813 45404841 2.51 0.68 -0.56 18259 13553 1.35 0.82
20180511 14930 15000 14340 14350 43648 63809474 4.42 0.90 -3.88 30523 13124 2.33 1.13
20180510 15160 15220 14630 14930 47516 70753694 3.92 0.97 -0.93 28787 18729 1.54 1.23
20180509 15010 15110 14850 15070 43146 64602749 1.73 0.90 0.33 24561 18585 1.32 1.12
20180508 14610 15080 14520 15020 58588 86707390 3.83 1.27 2.67 26507 32081 0.83 1.52
20180507 14420 14770 14390 14630 40719 59525640 2.64 0.84 1.46 20392 20328 1.00 1.05
20180504 14410 14790 14340 14420 53311 77594776 3.11 1.14 -0.48 30123 23188 1.30 1.38
20180503 13940 14490 13870 14490 49786 70683389 4.45 1.08 3.95 20425 29362 0.70 1.29
20180502 14140 14400 13850 13940 37863 53591372 3.89 0.79 -1.34 20550 17313 1.19 0.98
20180427 13750 14180 13600 14130 49086 68434395 4.24 0.93 3.29 24536 24550 1.00 1.27
20180426 14410 14560 13680 13680 51825 73154221 6.06 0.90 -5.79 32233 19593 1.65 1.34
20180425 14480 14690 14380 14520 45520 66084619 2.14 0.67 0.14 23143 22378 1.03 1.18
20180424 14100 14550 14050 14500 46359 66536176 3.53 0.63 2.40 21100 25259 0.84 1.20
20180423 14030 14380 13780 14160 47489 67113072 4.25 0.52 0.21 23204 24285 0.96 1.23
20180420 14850 14850 14000 14130 72983 105694509 5.62 0.77 -6.61 43077 29907 1.44 1.89
20180419 15500 15500 15070 15130 75783 115739534 2.86 0.85 0.80 39997 35787 1.12 1.96
20180418 15470 15640 14300 15010 96638 143209822 8.76 1.14 -1.90 49872 46766 1.07 2.50
20180417 15920 16280 15280 15300 73269 115195268 6.28 0.81 -3.89 43585 29684 1.47 1.90
20180416 17350 17350 15870 15920 136066 223166895 8.39 1.67 -9.70 78401 57666 1.36 3.52
20180413 17230 17660 17230 17630 89598 157079718 2.50 1.03 2.50 41204 48395 0.85 2.32
20180412 17290 17530 17080 17200 52467 90774199 2.60 0.52 -0.64 28138 24329 1.16 1.36
20180411 17630 17800 17220 17310 71104 124313657 3.29 0.55 -1.76 43336 27768 1.56 1.84
20180410 17200 17620 16750 17620 101372 175513688 5.10 0.68 3.34 49189 52183 0.94 2.62
20180409 17060 17350 16650 17050 92051 156774077 4.00 0.49 -2.57 48328 43723 1.11 2.38
20180404 18360 18780 17370 17500 118490 214568085 7.74 0.53 -3.90 71058 47432 1.50 3.07
20180403 18050 18290 17850 18210 118610 214655818 2.38 0.50 -1.62 66594 52016 1.28 3.07
20180402 19610 19610 18290 18510 210429 397655824 6.73 0.80 -5.61 128793 81637 1.58 5.45
20180330 19560 20430 19300 19610 209010 412212544 5.68 0.85 -1.41 124090 84920 1.46 5.41
20180329 18030 20470 17420 19890 287965 553139360 16.39 1.43 6.88 144156 143809 1.00 7.45
20180321 17390 19380 17380 18610 302050 563057104 11.27 1.98 4.85 147913 154137 0.96 7.82
20180320 17100 17900 17010 17750 186695 327059056 4.90 1.46 -2.31 102351 84344 1.21 4.83
20180319 17400 18610 17390 18170 337669 609427312 7.21 4.44 7.39 170556 167113 1.02 8.74
20180316 15460 16920 15310 16920 120136 195337273 10.47 1.77 10.01 67985 52151 1.30 3.11
20180315 14870 15450 14750 15380 63272 95094657 4.61 0.87 1.18 34725 28547 1.22 1.64
20180314 15340 15350 14950 15200 55119 83556666 2.60 0.75 -1.23 32380 22739 1.42 1.43
20180313 15450 15670 15320 15390 61695 95258993 2.26 0.86 -0.71 38329 23367 1.64 1.60
20180312 15850 15950 15310 15500 80172 124664012 4.13 1.28 0.06 46469 33704 1.38 2.07
20180309 15270 15580 15050 15490 79113 120918011 3.48 1.34 1.64 39976 39137 1.02 2.05
20180308 14750 15460 14640 15240 89016 134844228 5.56 1.68 3.39 44461 44554 1.00 2.30
20180307 14470 14870 14360 14740 56635 83241139 3.52 1.13 1.87 27396 29239 0.94 1.47
20180306 14260 14500 14200 14470 52347 75210561 2.12 1.04 2.33 27033 25314 1.07 1.35
20180305 14190 14330 13850 14140 36119 50718626 3.38 0.68 -0.35 22418 13701 1.64 0.93
20180302 13890 14900 13810 14190 62148 89472507 7.77 1.33 1.14 34474 27675 1.25 1.61
20180301 13560 14120 13460 14030 57938 80164088 4.87 1.41 3.54 23549 34389 0.68 1.50
20180228 13650 13880 13500 13550 42899 58702019 2.74 1.20 -2.17 26449 16450 1.61 1.11
20180227 13500 14030 13500 13850 53277 73488758 3.89 1.77 1.69 26500 26777 0.99 1.38
20180226 13550 13750 13380 13620 47894 64983198 2.77 1.85 1.87 25498 22396 1.14 1.24
20180223 13090 13430 12990 13370 31797 41859680 3.38 1.14 2.61 13788 18009 0.77 0.82
20180222 13030 13190 12880 13030 29603 38601882 2.42 1.09 1.56 17792 11810 1.51 0.77
20180214 12850 13000 12810 12830 15703 20231596 1.48 0.53 -0.39 8347 7356 1.13 0.41
20180213 12960 13180 12830 12880 25378 32838940 2.73 0.84 0.39 13282 12096 1.10 0.66
20180212 12760 13080 12640 12830 26730 34287253 3.52 0.89 2.56 13931 12799 1.09 0.69
20180209 12860 13120 12290 12510 41511 52705701 6.29 1.48 -5.16 26879 14633 1.84 1.07
20180208 12690 13290 12530 13190 25937 33790174 5.95 0.86 3.21 11738 14199 0.83 0.67
20180207 12990 13130 12280 12780 27750 35535345 6.68 0.91 0.47 15132 12618 1.20 0.72
20180206 13300 13600 12720 12720 30029 39622882 6.52 1.00 -5.71 16105 13924 1.16 0.78
20180205 12950 13580 12950 13490 24866 33359876 4.75 0.73 1.81 9391 15475 0.61 0.64
20180202 13490 13770 12610 13250 31299 41809341 8.64 0.91 -1.27 18876 12423 1.52 0.81
20180201 14390 14450 13350 13420 36157 50211772 7.65 1.01 -6.68 21950 14207 1.55 0.94
20180131 14780 14930 14130 14380 30790 44692030 5.37 0.84 -3.49 19465 11325 1.72 0.80
20180130 15190 15220 14840 14900 26577 39930372 2.51 0.72 -1.59 14897 11680 1.28 0.69
20180129 14810 15270 14680 15140 46576 70007997 3.98 1.32 2.23 19208 27368 0.70 1.21
20180126 14920 15300 14810 14810 31396 47034705 3.25 0.83 -1.92 20122 11274 1.78 0.81
20180125 15110 15480 14950 15100 43295 66032149 3.51 1.27 0.00 21922 21373 1.03 1.12
20180124 15050 15270 14850 15100 35446 53557293 2.80 0.99 0.67 17892 17554 1.02 0.92
20180123 14870 15040 14770 15000 27102 40410686 1.81 0.74 0.40 13314 13788 0.97 0.70
20180122 14500 15170 14200 14940 39783 58730937 6.60 0.84 1.63 20224 19560 1.03 1.03
20180119 14900 15150 14650 14700 43568 64736152 3.45 0.96 1.38 22694 20874 1.09 1.13
20180118 14270 14500 14250 14500 24834 35716979 1.73 0.54 0.62 14072 10762 1.31 0.64
20180117 14040 14480 13810 14410 42844 60872990 4.76 0.92 2.27 19519 23325 0.84 1.11
20180116 14090 14340 14000 14090 31582 44717777 2.39 0.68 -0.77 18371 13211 1.39 0.82
20180115 15180 15220 14200 14200 93644 135755454 6.46 2.39 -10.01 55158 38486 1.43 2.42
20180112 15710 16060 15700 15780 32988 52343306 2.28 0.77 0.06 19072 13916 1.37 0.85
20180111 15530 15870 15410 15770 29635 46575695 2.95 0.52 1.15 13488 16147 0.84 0.77
20180110 16090 16100 15540 15590 44588 70308148 3.48 0.77 -3.23 30804 13783 2.23 1.15
20180109 16410 16410 16080 16110 33038 53488350 2.01 0.54 -1.83 22185 10852 2.04 0.85
20180108 16640 16880 16310 16410 55371 91492682 3.49 0.98 0.43 34119 21253 1.61 1.43
20180105 16260 16370 16150 16340 50413 81898292 1.34 1.27 -0.73 31648 18765 1.69 1.30
20180104 15660 16860 15610 16460 99894 162646268 7.99 2.64 5.24 44080 55814 0.79 2.58
20180103 15300 15670 15210 15640 50784 78590906 2.99 1.52 1.56 27929 22855 1.22 1.31
20180102 15690 15850 14110 15400 48064 73666041 11.11 1.56 -1.66 31252 16812 1.86 1.24
20171229 15310 15990 15150 15660 34599 53354912 5.47 1.19 2.02 17138 17461 0.98 0.90
20171228 15380 15640 15240 15350 27099 41986581 2.60 0.89 -0.20 12034 15065 0.80 0.70
20171227 15260 15610 15230 15380 28492 43912841 2.49 0.85 0.65 14933 13558 1.10 0.74
20171226 14900 15420 14820 15280 28751 43857884 4.03 0.77 2.55 13805 14946 0.92 0.74
20171225 15510 15510 14900 14900 34768 52480647 3.91 0.79 -4.55 22424 12344 1.82 1.27
20171222 15490 16140 15470 15610 26392 41787335 4.31 0.61 0.45 14355 12036 1.19 0.97
20171221 15640 15670 15170 15540 33825 52310109 3.16 0.85 -1.77 19689 14136 1.39 1.24
20171220 16490 16490 15770 15820 43593 69843366 4.36 1.24 -4.30 29216 14377 2.03 1.60
20171219 16610 16740 16200 16530 48236 79429495 3.22 1.62 -1.31 29487 18750 1.57 1.77
20171218 15850 17210 15810 16750 68396 113458532 8.86 3.23 6.01 28873 39523 0.73 2.50
20171215 16020 16100 15800 15800 20606 32850660 1.87 0.95 -1.50 12093 8513 1.42 0.75
20171214 16240 16270 15980 16040 19087 30703633 1.78 0.81 -1.53 12198 6890 1.77 0.70
20171213 15980 16320 15880 16290 19711 31797885 2.75 0.76 1.75 7396 12315 0.60 0.72
20171212 16240 16340 16000 16010 20987 33987809 2.11 0.69 -0.62 11177 9810 1.14 0.77
20171211 16160 16400 16070 16110 25468 41264178 2.06 0.80 0.37 12442 13026 0.96 0.93
20171208 16030 16300 15990 16050 23759 38351702 1.94 0.74 0.69 13040 10719 1.22 0.87
20171207 15800 16210 15650 15940 28558 45447917 3.55 0.81 1.01 13468 15090 0.89 1.05
20171206 15230 15790 15230 15780 30260 46902308 3.67 0.89 3.48 11904 18357 0.65 1.11
20171205 16260 16380 15190 15250 43069 67771839 7.32 1.34 -6.15 26313 16756 1.57 1.58
20171204 17300 17300 16190 16250 33667 56271032 6.47 1.10 -5.30 23684 9982 2.37 1.23
20171201 17200 17290 17070 17160 25577 43881499 1.28 0.82 0.06 16111 9465 1.70 0.94
20171130 17100 17490 16970 17150 42638 73422263 3.06 1.40 1.06 23302 19336 1.21 1.56
20171129 16910 17050 16660 16970 25473 42962906 2.29 0.79 -0.47 14595 10878 1.34 0.93
20171128 16550 17060 16550 17050 33134 55988260 3.07 0.96 2.65 14621 18514 0.79 1.21
20171127 16450 16770 16450 16610 26128 43456753 1.94 0.74 0.67 13429 12699 1.06 0.96
20171124 16600 16950 16500 16500 28127 47051383 2.69 0.66 -1.49 15459 12668 1.22 1.03
20171123 17070 17180 16680 16750 39856 67302293 2.94 0.83 -1.64 20936 18920 1.11 1.46
20171122 16960 17440 16830 17030 34915 59903977 3.55 0.77 -0.93 18109 16806 1.08 1.28
20171121 17490 17660 16880 17190 42740 73648421 4.48 0.99 -1.26 24291 18449 1.32 1.56
20171120 17530 17530 16920 17410 31351 53910601 3.48 0.71 -0.80 16109 15241 1.06 1.15
20171117 18730 18770 17500 17550 63147 113465443 6.73 1.60 -7.04 32828 30320 1.08 2.31
20171116 20120 20130 18870 18880 68593 131952250 6.28 1.87 -5.93 41700 26894 1.55 2.51
20171115 20210 20350 20050 20070 20450 41187527 1.50 0.50 0.05 11605 8846 1.31 0.75
20171114 20350 20480 20040 20060 32304 65115858 2.16 0.82 -1.38 20336 11969 1.70 1.18
20171113 20800 20890 20330 20340 37832 77808264 2.68 1.02 -2.77 25347 12485 2.03 1.38
20171110 21050 21250 20890 20920 37644 79045655 1.69 1.06 -1.55 23150 14495 1.60 1.38
20171109 20610 21450 20530 21250 55031 116587483 4.46 1.80 3.11 26785 28246 0.95 2.03
20171108 20220 20850 20180 20610 43277 89476659 3.29 1.45 1.33 19061 24216 0.79 1.60
20171107 20450 20450 20220 20340 22145 44927924 1.12 0.69 -0.54 12032 10113 1.19 0.82
20171106 20020 20450 20020 20450 27418 55692402 2.12 0.76 0.94 11561 15857 0.73 1.01
20171103 20040 20470 20030 20260 29344 59459376 2.19 0.74 0.65 14669 14675 1.00 1.08
20171102 20480 20480 20050 20130 30923 62513183 2.10 0.79 -1.52 18139 12785 1.42 1.14
20171101 20850 20950 20400 20440 39635 81420892 2.65 1.01 -1.64 27159 12476 2.18 1.46
20171031 20790 20940 20500 20780 32248 66641783 2.14 0.72 1.22 15156 17092 0.89 1.19
20171030 21610 21650 20360 20530 48626 101368966 5.94 1.15 -5.39 26151 22474 1.16 1.80
20171027 22210 22280 21550 21700 45632 99721213 3.28 1.13 -2.43 30914 14718 2.10 1.68
20171026 22270 22290 22100 22240 28474 63213467 0.86 0.61 0.14 15022 13452 1.12 1.05
20171025 21900 22340 21620 22210 40965 90663248 3.30 0.76 1.88 18132 22833 0.79 1.51
20171024 22610 22630 21510 21800 59331 130938477 4.94 0.98 -3.80 37651 21680 1.74 2.19
20171023 22300 22770 22300 22660 37266 83843380 2.07 0.47 -0.18 19746 17519 1.13 1.38
20171020 22480 22800 22480 22700 35545 80555887 1.41 0.34 0.22 19928 15617 1.28 1.31
20171019 22680 22940 22460 22650 61412 139541628 2.15 0.65 1.34 31215 30197 1.03 2.27
20171018 23200 23430 22350 22350 74717 170494751 4.63 0.94 -4.12 44993 29724 1.51 2.76
20171017 23990 24310 23150 23310 93569 220339150 4.68 1.55 -5.86 55470 38099 1.46 3.45
20171016 27020 27210 24760 24760 127669 327271552 8.91 3.65 -10.00 71322 56346 1.27 4.71
20171013 29000 29490 27060 27510 164295 458030848 8.51 76.74 -3.68 87237 77058 1.13 6.07
20171012 28560 28560 28560 28560 10704 30571909 0.00 - 10.02 10704 - - 0.40
20170331 26160 26600 25600 25980 52846 137711014 3.83 1.27 -0.61 32421 20425 1.59 1.95
20170330 26020 26350 25900 26140 39743 103774518 1.73 0.86 0.54 19823 19920 1.00 1.47
20170329 26730 26850 25880 26000 37579 98676342 3.63 0.83 -2.69 23995 13584 1.77 1.39
20170328 27010 27200 26650 26720 36257 97406981 2.02 0.79 -1.76 25043 11214 2.23 1.34
20170327 26850 27290 26660 27200 39147 105797612 2.35 0.79 1.34 18254 20893 0.87 1.45
20170324 27020 27160 26610 26840 55836 149571586 2.03 0.99 -0.96 30814 25023 1.23 2.06
20170323 27850 27940 26600 27100 61405 168040387 4.83 1.02 -2.24 39276 22129 1.77 2.27
20170322 27550 28060 27450 27720 33408 92925099 2.19 0.44 -0.29 17236 16172 1.07 1.23
20170321 28000 28200 27600 27800 40587 112943009 2.15 0.38 -0.57 40286 301 133.80 1.50
20170320 28020 28250 27520 27960 55809 155259032 2.59 0.54 -0.85 33645 22163 1.52 2.06
20170317 28710 29380 28100 28200 90899 261102636 4.46 0.98 -1.67 56006 34893 1.61 3.36
20170316 28450 28970 28360 28680 81099 231967238 2.12 0.93 -0.42 49093 32006 1.53 3.00
20170315 28450 29960 28200 28800 114525 332017280 6.07 1.60 -0.72 62429 52096 1.20 4.23
20170314 28300 30150 28300 29010 188648 552791888 6.75 4.47 5.84 98869 89779 1.10 6.97
20170313 27050 27430 26550 27410 44240 119964876 3.25 0.92 1.33 22758 21482 1.06 1.63
20170310 27300 27480 26840 27050 37135 100529463 2.35 0.70 -0.62 22026 15109 1.46 1.37
20170309 27700 27790 27200 27220 49508 135947577 2.12 0.91 -2.33 33127 16381 2.02 1.83
20170308 28230 28270 27810 27870 38775 108688276 1.63 0.60 -1.17 26058 12718 2.05 1.43
20170307 28190 28280 27850 28200 41213 115580315 1.53 0.49 0.50 23763 17450 1.36 1.52
20170306 28170 28450 27970 28060 73233 206439270 1.70 0.76 -0.39 43521 29712 1.46 2.71
20170303 27950 28470 27610 28170 63595 178799050 3.08 0.52 0.75 28266 35329 0.80 2.35
20170302 28290 28290 27860 27960 54507 152918675 1.52 0.44 -1.17 32703 21804 1.50 2.01
20170301 28280 28450 27600 28290 90464 253255829 3.01 0.75 0.18 51832 38632 1.34 3.34
20170228 28000 29500 28000 28240 136017 390521136 5.38 1.29 1.25 73030 62987 1.16 5.02
20170227 27650 28500 27280 27890 134187 374196016 4.45 1.49 1.79 73019 61168 1.19 4.96
20170224 25530 27800 25480 27400 192847 513042304 9.07 3.39 7.11 88883 103964 0.85 7.12
20170223 25680 25690 25200 25580 60272 152981155 1.91 1.20 -0.04 37641 22632 1.66 2.23
20170222 26350 26400 25420 25590 80829 208523925 3.72 2.07 -2.77 54411 26417 2.06 2.99
20170221 26290 26440 26070 26320 59570 156363160 1.41 1.72 0.53 42202 17368 2.43 2.20
20170220 27100 27290 25730 26180 57264 151117275 5.76 - -3.39 33740 23524 1.43 2.12
20170217 27250 27440 27000 27100 26160 71088815 1.61 0.87 -0.62 17333 8827 1.96 0.97
20170216 27400 27590 27160 27270 26320 71703411 1.56 0.76 -1.05 17283 9036 1.91 0.97
20170215 27700 28050 27530 27560 26164 72788324 1.87 0.76 -1.04 15198 10966 1.39 0.97
20170214 28300 28300 27810 27850 37170 103930536 1.73 1.04 -1.59 24937 12233 2.04 1.37
20170213 28560 28600 28110 28300 33483 94528705 1.72 0.94 -0.42 18555 14928 1.24 1.24
20170210 28600 28770 28320 28420 28016 79759386 1.57 0.73 -0.59 17461 10555 1.65 1.03
20170209 28330 29100 28330 28590 47624 136689934 2.72 1.14 0.95 27782 19842 1.40 1.76
20170208 28250 28380 28060 28320 25862 73004444 1.13 0.67 0.14 14322 11540 1.24 0.96
20170207 28370 28520 28000 28280 43157 121713837 1.83 1.25 -0.46 29470 13687 2.15 1.59
20170206 28300 28410 27850 28410 33779 95193573 1.98 1.06 0.35 21138 12641 1.67 1.25
20170203 28900 29450 28110 28310 41212 117889399 4.61 1.51 -2.51 25667 15544 1.65 1.52
20170126 28370 30180 28370 29040 64004 185363029 5.92 3.28 -5.10 41188 22816 1.81 2.36
20170125 30600 30600 30600 30600 9859 30168540 0.00 0.39 -10.00 2007 7852 0.26 0.36
20161104 34150 34370 33800 34000 23138.24 78850722.100
20161103 34200 34480 34000 34240 21210.44 72603637.390
20161102 34270 34650 34120 34190 18644.53 63997199.930
20161101 33800 34470 33780 34270 24673.34 84469323.510
20161031 35210 35210 33700 33990 39577.37 135822283.060
20161028 35850 35990 35030 35340 21127.79 74796141.490
20161027 35280 35790 35010 35700 16774.71 59516955.360
20161026 35750 35790 35260 35280 18574.14 65800080.160
20161025 35810 36100 35500 35780 26718.17 95480198.260
20161024 36430 36660 35560 35770 38554.81 138333116.830
20161021 35810 36750 35810 36300 56320.54 204908920.920
20161020 35350 36180 35030 35890 41143.41 146667954.750
20161019 35550 35570 34940 35080 18308.30 64573942.410
20161018 34700 35400 34700 35270 15751.82 55330968.910
20161017 35180 35400 34350 34960 20802.20 73022847.380
20161014 34610 35240 34610 34850 14258.73 49685020.810
20161013 36100 36100 34860 34890 23201.43 81641867.600
20161012 35780 36150 35500 35600 14681.48 52551779.410
20161011 35720 35900 35250 35780 20902.34 74346351.400
20161010 34900 35780 34600 35720 22210.10 78666007.690
20160930 34220 35050 33860 34850 21762.41 75645304.180
20160929 34180 34550 34100 34220 14107.96 48466607.250
20160928 34200 34490 34010 34180 10781.45 36850761.330
20160927 34460 34800 33680 34210 20640.38 70484116.740
20160926 36100 36180 34450 34460 29421.84 102870257.230
20160923 35560 36190 35510 35940 14646.12 52479136.970
20160922 36450 37280 35820 35830 34389.24 125739407.000
20160921 36430 36490 35810 36090 24673.01 89155672.780
20160920 35990 36580 35710 36500 47077.32 171214644.550
20160919 34570 35990 34570 35710 35021.11 124307128.290
20160914 34450 34720 34000 34520 20056.68 68746692.750
20160913 34600 34990 34200 34640 22349.22 77447697.400
20160912 34690 35200 34000 34100 27600.56 95251577.490
20160909 36300 36380 35340 35370 30254.49 108181228.860
20160908 35590 36780 35030 36300 56465.87 203783552.980
20160907 34500 36590 34450 35580 88067.27 315954637.420
20160906 33880 34900 33010 34630 38592.50 132026950.210
20160905 33060 33860 32820 33670 32802.94 109987966.450
20160902 33770 33770 32820 33010 22054.46 73435675.480
20160901 34200 34220 33600 33620 18963.49 64265294.420
20160831 34110 34260 33840 34080 26309.66 89626754.670
20160830 34450 34680 33820 34060 31111.94 106003414.660
20160829 34500 35140 34100 34260 30422.40 105291555.920
20160826 34180 34970 34150 34350 42261.54 146333526.030
20160825 34600 34600 33800 33910 48437.17 165142441.650
20160824 34380 35040 33280 35030 75926.01 257920163.380
20160823 35060 35480 34000 34200 39011.92 135020076.390
20160822 36630 36820 35050 35070 41001.49 145550415.380
20160819 36360 36900 36300 36450 29195.17 106657406.520
20160818 36300 36990 36010 36360 38691.66 141319554.910
20160817 36300 36350 35770 36170 26591.73 95813022.240
20160816 35680 36850 35680 36300 39464.82 143770651.480
20160815 35000 36180 34480 35820 41495.88 147648591.990
20160812 35000 35290 34800 35060 26096.38 91375332.200
20160811 36390 36390 35010 35030 32994.01 117660719.530
20160810 35690 36440 34800 36430 48222.42 172117809.230
20160809 35300 35800 35010 35500 25336.50 89809903.110
20160808 35990 36000 34510 35160 35416.62 123684947.260
20160805 36320 36330 35410 35760 26467.89 94555500.040
20160804 36480 37760 36200 36400 56733.99 209108350.690
20160803 36350 36440 35680 36100 29073.13 104896983.290
20160802 35880 36870 35500 36140 41424.73 149971097.380
20160801 36830 37640 35620 35890 46230.85 168273887.770
20160729 34330 37630 34330 36600 80595.83 292488076.900
20160728 35480 35960 33470 34300 61449.07 212307559.610
20160727 39200 39360 35220 35600 75274.55 277291102.600
20160726 38380 39350 38380 39040 23089.92 89894433.170
20160725 39000 39000 38060 38360 34241.84 131401429.770
20160722 39800 40270 39100 39100 33082.55 130884333.560
20160721 40380 40990 39510 39660 45068.19 181080322.280
20160720 39310 41590 39310 41300 56012.43 228125903.690
20160719 39610 40080 38600 39300 40477.02 158498575.340
20160718 41200 41280 39000 39610 47186.15 188005544.760
20160715 42700 42890 41130 41190 37938.16 158225840.310
20160714 41800 42710 41600 42660 31398.07 132140192.390
20160713 42380 42500 41800 42070 26668.77 112406910.960
20160712 42850 43780 41550 42050 47460.08 199650594.410
20160711 42600 43130 41700 42990 37335.25 158556632.130
20160708 42900 43810 42540 42650 36139.02 155952412.230
20160707 43100 43490 42030 42540 30654.29 130375524.260
20160706 43130 43790 42600 43070 23882.36 103299024.900
20160705 44500 44500 42910 43110 38081.64 165479483.790
20160704 42400 44370 42380 44150 31591.00 138065292.990
20160701 44000 45450 43520 43560 39747.12 176520251.580
20160630 45150 45410 43770 43810 45720.70 201586449.590
20160629 45930 45990 44150 45150 64871.93 290698484.660
20160628 42850 45930 42650 45800 90400.40 406932709.630
20160627 41600 43360 41600 43000 51283.15 219473688.720
20160624 43930 44290 40010 42450 78362.28 334457341.570
20160623 45160 45160 42250 43800 83987.51 366017300.920
20160622 45440 45660 43600 45350 59853.47 265931367.920
20160621 47000 48180 44500 45190 71953.66 331744988.330
20160620 46000 47490 45200 46500 47996.68 221680409.140
20160617 46890 48960 45400 46330 98494.45 466251682.010
20160616 44110 47980 44000 47290 100219.45 462879726.310
20160615 41980 45690 41500 44970 84284.44 372443378.080
20160614 40900 44080 38880 42570 77387.34 319772812.230
20160613 45700 47200 41790 41790 90735.61 408471551.770
20160608 42100 46430 41690 46430 111404.12 497841152.320
20160607 41400 42280 40360 42210 55053.77 227913935.600
20160606 40950 42880 40810 41400 64174.03 269949961.670
20160603 42100 42100 40300 41200 62138.24 255583320.820
20160602 42490 42880 41600 42200 40889.89 172148044.450
20160601 41700 43550 41010 42830 61054.42 260563977.750
20160531 39280 42080 39250 41480 54115.60 221796502.540
20160530 39800 39850 38730 39280 33846.84 132677362.120
20160527 41190 41950 40000 40060 44459.51 181913893.000
20160526 39200 41600 39200 41590 62127.54 251358605.350
20160525 41750 41970 39160 39850 50225.02 204491953.730
20160524 41970 41970 40020 41010 60620.59 246339605.880
20160523 38300 41700 38000 41400 93913.28 380756978.890
20160520 39170 40760 37250 38500 82534.41 321416748.660
20160519 37850 40680 37850 40120 112690.61 446006373.530
20160518 36300 39200 36000 37510 77303.19 293112524.620
20160517 39000 39000 37390 37400 66455.52 252464210.540
20160516 38450 39200 37010 39190 63966.86 243455059.810
20160513 36350 38880 36300 37820 93911.00 356290000
20160512 32180 35920 31000 35920 112766.00 386230000
20160511 35190 35590 32000 32650 69653.00 234450000
20160510 35000 36100 34800 35020 35770.00 126450000
20160509 37400 37600 34890 35400 72241.00 258860000
20160506 40180 41150 38750 38770 74344.00 294940000
20160505 42140 42140 40060 40750 103518.00 420570000
20160504 39880 43440 39530 42290 78231.00 326580000
20160503 38000 40100 37990 39660 50187.00 198870000
20160429 37820 39250 37520 38330 45831.00 177250000
20160428 39600 40100 36950 38000 57068.00 216780000
20160427 40000 40270 38600 39500 55375.00 218200000
20160426 37820 39960 37600 39240 53504.00 208590000
20160425 38600 39600 36880 37820 63833.00 242580000
20160422 42000 43100 40010 40150 69335.00 285600000
20160421 43020 45450 42000 43000 89129.00 386810000
20160420 42000 44400 38600 43970 112439.00 476280000
20160419 40070 41800 39900 41610 87336.00 358390000
20160418 39750 42290 37670 40510 91578.00 363600000
20160415 39520 40600 38200 39540 72783.00 289730000
20160414 39970 39980 37800 39140 66136.00 256370000
20160413 38600 40730 38600 39560 67793.00 268800000
20160412 41100 41500 38000 39330 65715.00 257860000
20160411 41300 43000 40220 41200 75232.00 312280000
20160408 42200 42400 39880 40450 87886.00 361010000
20160407 40280 44330 39800 43800 146241.00 619680000
20160406 44750 44800 39880 40300 125914.00 520940000
20160405 38740 42350 38700 42350 76401.00 317700000
20160401 38110 39190 36800 38500 101199.00 385740000
20160331 37800 40150 36630 38790 158765.00 612010000
20160330 33400 36500 33340 36500 112284.00 393740000
20160329 32180 33980 31690 33180 137970.00 457280000
20160328 29650 32600 29650 32220 147391.00 460740000
20160325 29980 30850 29200 30180 55481.00 166080000
20160324 29940 32000 29210 30250 91987.00 283050000
20160323 30110 30980 29800 30400 92527.00 279700000
20160322 31160 31660 30450 30560 73493.00 227290000
20160321 32600 32610 30410 31200 105410.00 330180000
20160318 29400 31670 29100 31670 96885.00 294650000
20160317 26300 29300 26300 29000 107008.00 298640000
20160316 27150 28160 26580 26650 89166.00 244970000
20160315 26280 27280 26280 26740 91452.00 245870000
20160314 25400 26970 25280 26050 92682.00 244330000
20160311 24300 25270 23710 24770 66291.00 162420000
20160310 26110 26780 24380 24500 71904.00 183540000
20160309 24900 27070 24700 26040 107939.00 284020000
20160308 26000 27530 23640 26410 132053.00 329170000
20160307 24800 27020 24750 26270 106477.00 279780000
20160304 26260 27500 25800 25800 156538.00 409990000
20160303 31220 31850 28670 28670 186007.00 564040000
20160302 30600 32180 29800 31850 162485.00 503720000
20160301 28000 31160 27770 31150 186859.00 555660000
20160229 27300 28920 25900 28330 157307.00 433750000
20160226 29000 29590 27010 27500 122022.00 345890000
20160225 33050 33120 29530 29530 105566.00 325840000
20160224 34770 35500 32000 32810 118112.00 393490000
20160223 34950 35750 34100 34950 84610.00 294890000
20160222 36200 36280 34660 34960 98880.00 346070000
20160219 36380 36700 35710 35800 65685.00 236970000
20160218 36860 37950 35810 37060 80114.00 294080000
20160217 36500 38480 35580 36800 134808.00 494440000
20160216 32250 35480 32250 35480 74939.00 258320000
20160215 30000 32390 29310 32250 66059.00 203920000
20160205 32000 32840 30500 31100 70787.00 223650000
20160204 30280 32250 30280 31950 80951.00 253240000
20160203 29900 31180 28720 30530 76358.00 229390000
20160202 27890 30420 27500 30420 65826.00 192970000
20160201 27010 28600 26600 27650 80307.00 222840000
20160129 23760 26610 23600 26610 63928.00 162660000
20160128 25380 27000 23670 24190 62429.00 159280000
20160127 28150 28630 25620 26300 81792.00 215770000
20160126 31000 31180 28470 28470 65409.00 194240000
20160125 31310 32390 30060 31630 94599.00 295270000
20160122 29500 31330 27650 31220 90012.00 263930000
20160121 30180 31810 28620 28680 99272.00 298980000
20160120 30400 32680 29580 30760 104555.00 325340000
20160119 29990 30590 28910 30160 95161.00 285600000
20160118 28680 30550 27580 30530 108342.00 311870000
20160115 27300 29580 26680 28680 104052.00 297120000
20160114 23500 27280 23150 27280 68504.00 180200000
20160113 24630 26400 23720 24800 92135.00 234950000
20160112 22370 24700 22350 24460 87767.00 209130000
20160111 23200 24800 22500 22500 66821.00 159880000
20160108 26000 26400 22920 24380 112728.00 281200000
20160107 27000 27480 25470 25470 30501.00 79660000
20160106 27880 28720 25230 28300 123802.00 334530000
20160105 27150 29980 26680 27880 104054.00 297490000
20160104 31450 32880 28190 28550 76551.00 240810000
20151231 31600 32050 30450 31320 87321.00 272700000
20151230 30100 32600 30100 31890 91362.00 288180000
20151229 28900 31020 28500 30220 101819.00 303570000
20151228 27680 29190 27500 28600 92503.00 260500000
20151225 26990 27890 26990 27260 32334.00 88700000
20151224 26750 27500 25900 27060 34429.00 91790000
20151223 27890 27890 26900 27020 28928.00 78650000
20151222 27300 28280 26680 27900 42706.00 117080000
20151221 27660 27660 26720 27060 35990.00 97430000
20151218 27620 28200 27180 27690 32716.00 90200000
20151217 27670 28400 27350 27610 54342.00 150760000
20151216 27180 27970 26760 27680 49594.00 135980000
20151215 26410 28180 26200 27200 73105.00 199050000
20151214 24350 26300 24330 26140 48374.00 121240000
20151211 25300 25850 23810 24280 36866.00 91900000
20151210 26200 26550 25160 25220 43780.00 112530000
20151209 25400 26800 24850 26290 71057.00 185240000
20151208 24600 26630 23880 25990 96010.00 244350000
20151207 25120 25620 24200 24580 64343.00 159890000
20151204 25000 25400 24410 25380 73313.00 182790000
20151203 24990 26660 24570 25400 99410.00 254620000
20151202 24330 25590 23500 25080 80134.00 197810000
20151201 23850 25430 23000 24810 164704.00 401690000
20151130 21310 23120 21310 23120 162757.00 370150000
20151127 22800 22800 20690 21020 64876.00 142360000
20151126 23220 23780 22730 22990 91350.00 213520000
20151125 22850 23600 22710 23300 71889.00 166940000
20151124 22100 22950 21700 22930 81679.00 181890000
20151123 23310 23750 22000 22930 101888.00 231990000
20151120 22950 25000 22710 23550 168001.00 395600000
20151119 20900 22750 20900 22750 126535.00 281080000
20151118 20570 21980 20550 20680 77740.00 164650000
20151117 19970 20970 19820 20570 127086.00 260520000
20151116 18300 19600 18300 19600 56796.00 109260000
20151113 19320 19560 18500 18780 70495.00 134120000
20151112 20490 20490 19310 19770 107002.00 212130000
20151111 20300 20690 20000 20480 73577.00 149780000
20151110 20200 20570 19700 20230 82638.00 165890000
20151109 20340 21320 20000 20200 87371.00 178230000
20151106 20180 21100 19510 20690 105047.00 212870000
20151105 18800 20490 18730 19600 142030.00 278590000
20151104 17360 19050 17170 19050 196773.00 363690000
20151103 18080 18080 17070 17320 73996.00 128570000
20151102 17000 17850 16610 17670 117943.00 205650000
20151030 16300 17980 16210 17420 126213.00 216960000
20151029 15990 16460 15750 16400 57500.00 92710000
20151028 16450 16540 15670 15770 47464.00 76720000
20151027 16230 16580 15550 16400 52526.00 84290000
20151026 16480 16870 16000 16470 78044.00 127870000
20151023 15830 16250 15690 16150 62859.00 100600000
20151022 15180 15670 14950 15630 69008.00 105150000
20151021 16500 16620 14950 14980 57225.00 90500000
20151020 16370 16750 16130 16590 50449.00 83140000
20151019 16690 16690 15900 16260 62463.00 101250000
20151016 16310 17200 16270 16540 66909.00 111780000
20151015 15220 16250 15220 16250 62432.00 99340000
20151014 15750 16670 15560 15700 96707.00 155590000
20151013 14900 15280 14880 15240 54318.00 81940000
20151012 14440 15260 14420 15030 55827.00 83560000
20151009 14010 14550 14010 14440 47328.00 67310000
20151008 13900 14280 13760 14160 39782.00 55920000
20150930 13490 13590 13200 13450 34414.00 46230000
20150929 13170 13290 12970 13170 24462.00 32070000
20150928 12880 13440 12740 13360 27240.00 35760000
20150925 13700 13780 12750 12960 38401.00 50830000
20150924 13900 14210 13700 13870 44482.00 62060000
20150923 13500 14110 13430 13800 45999.00 63310000
20150922 14010 14250 13440 13780 57083.00 79140000
20150921 12900 13980 12780 13860 53316.00 71880000
20150918 12900 13200 12460 13050 31874.00 40990000
20150917 12600 13520 12510 12680 55104.00 72180000
20150916 11700 12620 11510 12620 37891.00 45470000
20150915 12090 12540 11430 11470 32403.00 38550000
20150914 13960 14070 12560 12560 53136.00 69470000
20150911 13530 13990 13520 13950 43556.00 60090000
20150910 13510 14240 13400 13610 52725.00 73460000
20150909 13390 14030 13260 13860 76689.00 105250000
20150908 11950 13280 11950 13130 45419.00 56870000
20150907 12100 12680 11930 12100 52569.00 65140000
20150902 11520 12900 11510 11900 39671.00 48120000
20150901 12800 12800 11850 12400 43015.00 52900000
20150831 13410 13740 13030 13050 37457.00 50230000
20150828 12860 13860 12700 13740 60587.00 79210000
20150827 12300 12600 11480 12600 55123.00 67150000
20150826 12150 13180 11300 11880 65266.00 80020000
20150825 12120 12700 12110 12110 49490.00 60400000
20150824 14210 14550 13460 13460 27400.00 37430000
20150821 15980 16250 14890 14950 34734.00 54000000
20150820 16800 16970 16300 16300 35724.00 59380000
20150819 15970 17370 15200 17080 55845.00 91010000
20150818 18490 18580 16690 16690 82766.00 145250000
20150817 17910 18560 17800 18540 48746.00 88530000
20150814 18690 18750 18210 18310 55121.00 101890000
20150813 17750 18570 17700 18440 51699.00 93470000
20150812 18100 18500 17600 17650 56733.00 102810000
20150811 18730 18850 18280 18370 78590.00 146150000
20150810 17880 19180 17570 18730 97027.00 176100000
20150807 17200 18000 17200 17780 60918.00 107190000
20150806 16490 17380 16300 16940 43795.00 74290000
20150805 17100 17490 16580 16910 68067.00 116290000
20150804 15680 17090 15620 17090 62717.00 102650000
20150803 16650 17110 15450 15540 66141.00 106460000
20150731 17400 18200 16580 17170 60583.00 105860000
20150730 18780 19500 17800 17870 97229.00 184380000
20150729 17140 18790 16290 18790 86893.00 152470000
20150728 15900 17490 15100 17080 98854.00 161080000
20150727 18000 19290 16690 16690 83531.00 151270000
20150724 19930 19990 18450 18540 102604.00 197140000
20150723 17460 19350 17330 19350 113384.00 208930000
20150722 17380 18200 17000 17590 97166.00 169520000
20150721 17040 18190 16610 17730 124875.00 221140000
20150720 16450 17040 16000 17040 153312.00 257810000
20150717 14400 15490 14350 15490 130829.00 197000000
20150716 14080 14080 12990 14080 159955.00 222800000
20150715 12800 12800 12800 12800 1909.00 2440000
20150707 12590 12600 11640 11640 71139.00 83860000
20150706 15400 15400 12600 12930 74609.00 103720000
20150703 14530 16200 13880 14000 66989.00 97710000
20150702 16510 16800 15420 15420 51523.00 81260000
20150701 19220 19620 17130 17130 71055.00 132780000
20150630 18520 20000 17280 19030 69486.00 128710000
20150629 22000 22100 19200 19200 26303.00 51440000
20150626 22420 23200 21330 21330 33959.00 74270000
20150625 25520 25560 23590 23700 30151.00 73700000
20150624 26000 26160 24250 25180 23435.00 59290000
20150623 23700 25590 23700 25520 28624.00 70670000
20150619 27020 28500 24800 24800 23202.00 60540000
20150618 28000 28750 27410 27560 38638.00 109440000
20150617 27010 28300 26230 28140 32014.00 87470000
20150616 27200 28200 26600 26880 35111.00 95860000
20150615 28500 29350 27610 27700 40591.00 114710000
20150612 28700 29470 28150 28800 51766.00 149590000
20150611 28440 28800 28110 28440 34520.00 98020000
20150610 28000 29200 27270 28450 41987.00 119100000
20150609 29200 29200 27530 28070 34907.00 98500000
20150608 29000 29800 27210 29630 65170.00 184400000
20150605 30740 31310 29000 29650 46972.00 141010000
20150604 32380 32380 29150 30580 50107.00 152530000
20150603 30000 32680 29500 32390 66214.00 207370000
20150602 30920 31000 28500 30190 62237.00 188240000
20150601 27060 30000 27060 30000 50393.00 145220000
20150529 25800 27500 24500 27370 48784.00 128630000
20150528 28660 28990 26280 26300 49198.00 138200000
20150527 28500 29400 27420 28760 48004.00 137420000
20150526 26270 29000 26210 28400 48164.00 135390000
20150525 25900 26960 25290 26610 54507.00 144290000
20150522 27470 27670 25800 26500 59473.00 158850000
20150521 26070 27890 25400 27470 65015.00 172160000
20150520 25590 26900 25030 26120 76660.00 199540000
20150519 22400 24530 22060 24530 64950.00 151120000
20150518 21230 22360 21230 22300 48124.00 105760000
20150515 21680 21680 21010 21210 31573.00 67110000
20150514 21820 22290 21600 21870 40746.00 89050000
20150513 22150 22500 21500 21900 52745.00 115590000
20150512 21690 22930 21210 22600 62169.00 136370000
20150511 21100 21950 21100 21690 53246.00 114770000
20150508 20050 21000 19800 20980 50320.00 102880000
20150507 19720 20080 19410 19640 27175.00 53600000
20150506 19590 20190 19590 19700 24296.00 48320000
20150505 20470 20470 19390 19620 28775.00 56820000
20150504 20100 20270 19690 20120 21765.00 43650000
20150430 20110 20370 19960 20000 32050.00 64580000
20150429 19750 20390 19400 20210 27626.00 55430000
20150428 21110 21350 19180 19770 55723.00 111790000
20150427 21600 21710 21000 21110 29434.00 62540000
20150424 21000 21840 21000 21300 35143.00 75070000
20150423 21200 21980 21200 21560 47906.00 103320000
20150422 20510 20980 20500 20920 45127.00 93920000
20150421 19310 20370 19310 20360 45505.00 91360000
20150420 20200 20800 19240 19650 40155.00 80310000
20150417 21280 21380 20280 20430 30564.00 62900000
20150416 20210 21400 20060 20890 33944.00 70730000
20150415 21210 22300 20450 20560 41114.00 87310000
20150414 21810 22470 21120 21300 47461.00 103430000
20150413 21010 22940 20950 22010 39772.00 86860000
20150410 20000 21600 19900 20950 58757.00 120910000
20150409 20090 20280 18900 20100 70597.00 137620000
20150408 20450 20450 19790 20100 56500.00 113200000
20150407 20460 20550 19700 20230 62259.00 125450000
20150403 18650 20530 18200 19900 98904.00 197380000
20150402 17550 19120 17300 18660 57888.00 105800000
20150401 16700 17880 16650 17450 44590.00 77430000
20150331 16210 16900 16100 16830 66005.00 109150000
20150330 16560 17080 15900 16180 70479.00 113590000
20150327 16800 17390 16550 16870 31495.00 53210000
20150326 17860 18000 16160 16940 59750.00 103360000
20150325 16320 17950 16320 17950 80484.00 140560000
20150324 16510 16710 15950 16320 46275.00 75140000
20150323 16810 16890 16250 16700 39688.00 65540000
20150320 16470 17000 16220 16800 34387.00 57380000
20150319 16330 16790 15950 16500 47968.00 78410000
20150318 16450 16580 16120 16360 47887.00 78100000
20150317 16460 16830 15700 16590 52267.00 85290000
20150316 15590 16550 15550 16460 83352.00 135240000
20150313 14310 15590 14300 15410 65151.00 98640000
20150312 14800 14880 14000 14210 36246.00 52250000
20150311 14950 15050 14650 14690 27366.00 40580000
20150310 14710 15070 14650 14950 38051.00 56670000
20150309 14460 14750 14450 14700 33294.00 48510000
20150306 14500 14900 14330 14440 41003.00 59990000
20150305 14750 14890 14390 14490 49262.00 71770000
20150304 15280 15280 14630 14900 45423.00 67650000
20150303 15330 16000 15230 15250 23933.00 36890000
20150302 15500 16200 15500 15580 36714.00 57720000
20150227 15440 15660 15070 15600 30569.00 46970000
20150226 15810 15810 15270 15610 33978.00 52530000
20150225 15480 16100 14870 15820 36350.00 56680000
20150217 15170 16310 15000 15480 40148.00 62780000
20150216 14800 15580 14700 15180 35832.00 54120000
20150213 14840 15130 14680 14850 27181.00 40370000
20150212 13780 15160 13520 14950 46617.00 68530000
20150211 13520 13880 13520 13780 15056.00 20670000
20150210 13370 13640 13090 13520 16984.00 22580000
20150209 14210 14350 13160 13360 35287.00 48030000
20150206 14250 14880 14240 14360 77500.00 112340000
20150205 13800 14310 13790 13930 27183.00 38280000
20150204 14050 14450 13610 13790 45621.00 64270000
20150203 13800 14360 13440 13950 50162.00 69270000
20150202 14430 14430 13820 13860 35970.00 50190000
20150130 14050 14490 14000 14360 67974.00 96890000
20150129 13450 14100 13040 13830 61201.00 84550000
20150128 13060 13850 13010 13520 60835.00 82000000
20150127 12450 13280 12450 13080 92621.00 120460000
20150126 12070 12450 12010 12450 45607.00 56270000
20150123 12000 12280 11960 12100 41766.00 50830000
20150122 12030 12090 11870 11980 21849.00 26090000
20150121 11710 12030 11710 11960 36041.00 42940000
20150120 11150 11770 11150 11690 27940.00 32270000
20150119 11600 12080 10850 11210 35450.00 41010000
20150116 12110 12210 11760 11780 44443.00 52900000
20150115 12400 12400 12030 12120 32107.00 39050000
20150114 11520 12460 11400 12460 78058.00 93680000
20150113 11800 11830 11370 11510 36387.00 41800000
20150112 11300 11770 11080 11740 48165.00 55810000
20150109 10900 11790 10900 11350 51863.00 59390000
20150108 10660 10920 10640 10780 19579.00 21140000
20150107 10460 10800 10460 10720 28233.00 29960000
20150106 10110 10560 10050 10520 28261.00 29330000
20150105 10380 10380 9880 10160 27612.00 27760000
20141231 10050 10390 10050 10380 14997.00 15440000
20141230 10680 10760 9950 10140 28933.00 29470000
20141229 11330 11370 10630 10650 26579.00 28780000
20141226 10900 11310 10700 11280 24298.00 26590000
20141225 10910 10970 10750 10900 24333.00 26470000
20141224 10670 10840 10520 10820 28613.00 30580000
20141223 10500 10920 10440 10560 24952.00 26490000
20141222 11160 11180 10390 10440 39102.00 41820000
20141219 11900 11900 11100 11150 36702.00 42050000
20141218 12050 12540 11780 11970 28854.00 34670000
20141217 12680 12680 12100 12130 42390.00 52000000
20141216 13220 13280 12750 12800 22940.00 29550000
20141215 12850 13160 12700 13050 29289.00 38140000
20141212 12700 12870 12570 12800 25404.00 32270000
20141211 12460 12900 12330 12740 27514.00 34930000
20141210 12200 12680 11700 12550 49793.00 60500000
20141209 12800 13000 12160 12270 49405.00 62390000
20141208 12770 13180 12430 12610 42625.00 54540000
20141205 13470 13470 12170 12680 65722.00 83850000
20141204 13550 13600 13210 13510 47479.00 63770000
20141203 14000 14050 13000 13460 54093.00 72180000
20141202 14240 14250 13680 13950 34125.00 47260000
20141201 14600 14900 14010 14190 66316.00 95750000
20141128 14160 14280 13750 13850 47119.00 65430000
20141127 15100 15100 13570 14400 111515.00 161320000
20141126 12950 14220 12950 14220 41650.00 57560000
20141125 12670 13180 12550 12930 34947.00 44860000
20141124 12480 12690 12290 12650 28276.00 35420000
20141121 11790 12550 11790 12400 39367.00 48460000
20141120 12000 12250 11820 11890 25632.00 30890000
20141119 11750 12150 11750 12000 32822.00 39450000
20141118 12000 12160 11710 11750 25785.00 30630000
20141117 11180 12170 11060 12040 46037.00 54100000
20141114 10900 11200 10570 11060 18906.00 20710000
20141113 11330 11380 10730 10840 23992.00 26300000
20141112 10880 11380 10710 11280 23627.00 26390000
20141111 11520 11550 10350 10960 44549.00 49250000
20141110 11560 11750 11280 11440 30942.00 35510000
20141107 12050 12080 11650 11660 30222.00 35680000
20141106 12150 12150 11530 11940 38329.00 45180000
20141105 11910 12360 11910 12030 27925.00 33890000
20141104 13440 13440 11900 12050 66476.00 83750000
20141028 12090 12490 12090 12450 31831.00 39170000
20141027 11530 12160 11530 12000 32185.00 38560000
20141024 11910 12320 11710 11720 30569.00 36620000
20141023 12100 12440 11710 11910 36807.00 44320000
20141022 12400 12790 12110 12350 55308.00 68530000
20141021 11400 12690 11330 12450 121927.00 150690000
20141020 10690 11550 10650 11540 85689.00 97300000
20141017 10860 10930 10360 10620 44127.00 47150000
20141016 11380 11460 10800 10800 62940.00 70190000
20141015 11350 11640 10910 11500 70360.00 79760000
20141014 11500 11820 11230 11330 86294.00 99690000
20141013 10780 11980 10430 11770 156614.00 182020000
20141010 11000 11000 10660 10890 45609.00 49460000
20141009 11000 11430 10700 10950 92882.00 103050000
20141008 10300 11080 10180 10940 79264.00 84830000
20140930 9900 10640 9900 10350 82948.00 85470000
20140929 9720 9860 9680 9830 45029.00 44030000
20140926 9680 9720 9520 9670 35145.00 33840000
20140925 9630 9750 9500 9630 46411.00 44660000
20140924 9380 9670 9340 9560 43182.00 41150000
20140923 9240 9460 9230 9380 24281.00 22730000
20140922 9500 9510 9170 9200 32873.00 30630000
20140919 9270 9590 9220 9500 47893.00 45090000
20140918 9110 9330 9070 9300 34425.00 31650000
20140917 9120 9250 8920 9140 41413.00 37700000
20140916 9600 9800 9130 9210 76321.00 72450000
20140915 9500 9940 9460 9720 110672.00 107630000
20140912 9040 9150 9010 9130 31226.00 28390000
20140911 9050 9220 9010 9100 47089.00 42990000
20140910 9070 9090 8980 9060 34204.00 30890000
20140909 9020 9140 8900 9100 27768.00 25090000
20140905 9070 9090 8880 9000 33185.00 29760000
20140904 9040 9150 8970 9080 42996.00 38910000
20140903 9050 9070 8940 9040 36701.00 33060000
20140902 8960 9050 8900 9040 34123.00 30700000
20140901 8790 8990 8760 8930 22770.00 20310000
20140829 8610 8790 8570 8790 18444.00 16010000
20140828 8670 8740 8590 8670 17940.00 15560000
20140827 8620 8720 8570 8670 18410.00 15950000
20140826 8770 8900 8520 8620 32686.00 28350000
20140825 9070 9090 8760 8770 60231.00 53430000
20140822 9150 9170 9010 9120 34016.00 30900000
20140821 9210 9500 8990 9140 66569.00 61130000
20140820 9040 9590 8940 9360 98135.00 90930000
20140819 9120 9300 8960 9090 55468.00 50500000
20140818 8750 9250 8730 9200 86800.00 77970000
20140815 8740 8820 8660 8800 37829.00 33120000
20140814 8900 8970 8750 8750 45199.00 40110000
20140813 8820 8970 8760 8910 50862.00 45160000
20140812 8850 9000 8730 8850 79288.00 70130000
20140811 8690 9180 8520 8910 145824.00 128580000
20140808 9800 9800 8810 8820 279343.00 258580000
20140807 8910 8910 8910 8910 5385.00 4790000
20140806 8100 8100 8100 8100 3023.00 2440000
20140805 7360 7360 7360 7360 739.00 540000
20140430 6750 6830 6700 6810 13929.00 9430000
20140429 6710 6800 6600 6770 13193.00 8850000
20140428 7010 7010 6700 6710 13493.00 9170000
20140425 7190 7190 7010 7020 12057.00 8550000
20140424 7220 7220 7120 7160 10952.00 7840000
20140423 7180 7230 7150 7210 6337.00 4550000
20140422 7320 7370 7100 7200 21202.00 15250000
20140421 7460 7540 7370 7370 15364.00 11460000
20140418 7400 7490 7360 7470 13847.00 10300000
20140417 7380 7420 7340 7400 11766.00 8680000
20140416 7380 7400 7310 7380 7624.00 5600000
20140415 7410 7440 7350 7380 10230.00 7540000
20140414 7360 7440 7320 7440 15258.00 11240000
20140411 7420 7420 7320 7370 13110.00 9650000
20140410 7500 7540 7440 7440 16153.00 12090000
20140409 7420 7530 7410 7480 13460.00 10050000
20140408 7300 7450 7230 7420 13294.00 9810000
20140404 7200 7290 7150 7280 8310.00 6030000
20140403 7220 7290 7160 7220 9308.00 6730000
20140402 7290 7300 7150 7220 10786.00 7760000
20140401 7070 7280 7040 7240 12209.00 8800000
20140331 7100 7150 7000 7080 13964.00 9880000
20140328 7340 7360 7060 7110 27027.00 19460000
20140327 7560 7580 7350 7350 24126.00 17930000
20140326 7510 7610 7490 7580 19314.00 14600000
20140325 7540 7650 7460 7520 15748.00 11890000
20140324 7520 7580 7470 7530 19597.00 14730000
20140321 7350 7550 7210 7550 21052.00 15460000
20140320 7620 7730 7420 7420 21210.00 16140000
20140319 7650 7660 7520 7650 20762.00 15740000
20140318 7630 7750 7600 7670 17834.00 13690000
20140317 7500 7660 7460 7660 25216.00 19130000
20140314 7500 7600 7400 7460 17684.00 13220000
20140313 7370 7520 7340 7520 19805.00 14760000
20140312 7380 7510 7240 7390 25739.00 18980000
20140311 7600 7700 7360 7450 23014.00 17360000
20140310 7720 7950 7520 7640 26970.00 20830000
20140307 8020 8150 7930 7970 27424.00 22100000
20140306 7860 8050 7860 8040 32649.00 26020000
20140305 7880 8060 7850 7910 26201.00 20870000
20140304 7930 8020 7730 7850 24670.00 19420000
20140303 7910 8080 7830 7980 29154.00 23210000
20140228 7630 7920 7500 7890 26865.00 20710000
20140227 7690 7950 7600 7630 32469.00 25310000
20140226 7790 7790 7400 7720 46790.00 35610000
20140225 8660 8680 7790 7810 78076.00 64500000
20140224 8430 8670 8350 8660 32995.00 28070000
20140221 8680 8860 8200 8470 45854.00 39200000
20140220 8860 9000 8600 8720 57289.00 50000000
20140219 9030 9200 8800 8960 73495.00 66280000
20140218 8700 9300 8500 9030 111378.00 99430000
20140217 8480 8700 8330 8670 78292.00 66470000
20140214 8380 8610 8310 8480 69421.00 58840000
20140213 8800 8800 8410 8420 69109.00 59710000
20140212 8280 8850 8220 8770 97724.00 84750000
20140211 8370 8630 8130 8330 74663.00 62660000
20140210 8030 8530 8020 8370 78936.00 65640000
20140207 7780 8180 7680 8030 51743.00 41180000
20140130 7890 7950 7770 7800 28096.00 22080000
20140129 7740 7950 7660 7890 46130.00 36080000
20140128 7640 7770 7550 7740 35329.00 27120000
20140127 7780 7810 7580 7610 49039.00 37680000
20140124 7780 7940 7740 7810 51048.00 39950000
20140123 7650 7960 7580 7840 80007.00 62320000
20140122 7570 7700 7520 7650 58248.00 44290000
20140121 7310 7560 7310 7560 32965.00 24560000
20140120 7530 7590 7340 7340 35123.00 26170000
20140117 7500 7570 7290 7570 45815.00 34060000
20140116 7590 7610 7460 7500 45207.00 34010000
20140115 7660 7750 7520 7630 55809.00 42330000
20140114 7640 7720 7480 7700 64709.00 49290000
20140113 7480 7650 7410 7600 58067.00 43780000
20140110 7140 7560 7130 7480 56724.00 41940000
20140109 7440 7600 7170 7200 48430.00 35860000
20140108 7340 7680 7320 7560 92881.00 70160000
20140107 7000 7370 6860 7360 37419.00 26710000
20140106 7280 7280 7020 7020 30632.00 21800000
20140103 7250 7330 7150 7230 45752.00 33040000
20140102 7330 7420 7260 7330 41542.00 30580000
20131231 7300 7350 7160 7310 36093.00 26190000
20131230 7270 7430 7150 7380 60746.00 44400000
20131227 6860 7250 6860 7200 39857.00 28390000
20131226 7150 7150 6880 6910 25977.00 18270000
20131225 6820 7090 6800 7090 26303.00 18350000
20131224 6790 6940 6730 6850 19646.00 13430000
20131223 6780 6830 6590 6730 17682.00 11890000
20131220 7060 7130 6770 6810 37224.00 25660000
20131219 7420 7430 7030 7050 53163.00 38420000
20131218 7180 7370 7140 7360 52885.00 38550000
20131217 7150 7250 7030 7220 45935.00 32900000
20131216 6960 7200 6920 7150 49699.00 35330000
20131213 6890 7070 6840 7000 34360.00 24040000
20131212 6800 6930 6800 6880 20719.00 14250000
20131211 6830 6890 6790 6800 14974.00 10220000
20131210 6920 6920 6790 6870 14778.00 10130000
20131209 6800 6920 6790 6920 22524.00 15500000
20131206 6770 6820 6740 6810 17548.00 11890000
20131205 6790 6840 6700 6770 26141.00 17630000
20131204 6760 6920 6710 6800 29900.00 20460000
20131203 6540 6770 6390 6770 33441.00 21970000
20131202 7170 7180 6630 6650 66071.00 45460000
20131129 7280 7370 7210 7370 53559.00 39140000
20131128 7300 7400 7260 7280 47831.00 35040000
20131127 7190 7320 7160 7300 32260.00 23410000
20131126 7270 7360 7140 7200 31201.00 22470000
20131125 7250 7390 7250 7330 35630.00 26160000
20131122 7250 7390 7190 7270 37581.00 27380000
20131121 7330 7350 7150 7250 52031.00 37550000
20131120 7470 7800 7300 7410 84245.00 63150000
20131118 6890 7280 6890 7250 51320.00 36510000
20131115 6740 7020 6710 6880 46440.00 32110000
20131114 6720 6800 6490 6740 51320.00 34120000
20131113 7090 7090 6800 6800 32577.00 22640000
20131112 7090 7120 6980 7080 37899.00 26700000
20131111 6960 7210 6830 7080 38461.00 27230000
20131108 7370 7480 6970 6980 57672.00 41380000
20131107 7310 7570 7180 7380 56155.00 41490000
20131106 7280 7640 7110 7320 81565.00 60470000
20131105 7210 7390 7080 7270 52908.00 38240000
20131104 7080 7330 6800 7300 62695.00 44460000
20131101 7400 7410 7050 7080 74552.00 53380000
20131031 8000 8020 7500 7530 108299.00 83800000
20131030 7400 8160 7250 8130 164231.00 129850000
20131029 7250 7960 7130 7540 202960.00 153710000
20131028 6810 7240 6760 7240 80286.00 56650000
20131025 6700 6860 6700 6800 23792.00 16140000
20131024 6770 6850 6660 6780 23318.00 15760000
20131023 7030 7080 6700 6800 43487.00 29760000
20131022 6890 7240 6840 7020 83731.00 59150000
20131021 6750 6950 6710 6880 55015.00 37710000
20131018 6580 6790 6540 6760 50137.00 33690000
20131017 6450 6680 6450 6580 31370.00 20710000
20131016 6570 6620 6400 6450 25387.00 16420000
20131015 6660 6680 6560 6630 20651.00 13650000
20131014 6620 6660 6550 6660 30830.00 20350000
20131011 6550 6650 6540 6620 28470.00 18770000
20131010 6770 6780 6530 6570 33834.00 22450000
20131009 6550 6790 6520 6750 53053.00 35560000
20131008 6580 6590 6490 6570 24525.00 16040000
20130930 6430 6580 6400 6550 27810.00 18110000
20130927 6320 6430 6320 6380 10539.00 6710000
20130926 6410 6420 6310 6310 15465.00 9830000
20130925 6490 6490 6400 6410 17526.00 11280000
20130924 6450 6540 6430 6490 20032.00 12980000
20130923 6400 6480 6370 6470 17118.00 11030000
20130918 6300 6410 6280 6400 13184.00 8370000
20130917 6440 6460 6290 6290 22673.00 14410000
20130916 6560 6560 6420 6440 22690.00 14680000
20130913 6510 6530 6410 6530 22322.00 14430000
20130912 6400 6510 6400 6470 14959.00 9670000
20130911 6550 6560 6400 6440 37207.00 24030000
20130910 6670 6680 6470 6580 44115.00 28980000
20130909 6620 6670 6580 6650 22792.00 15080000
20130906 6670 6680 6560 6600 19734.00 13040000
20130905 6530 6680 6500 6650 22910.00 15180000
20130904 6650 6660 6490 6550 22490.00 14730000
20130903 6480 6660 6470 6660 16479.00 10850000
20130902 6360 6530 6360 6530 18921.00 12200000
20130830 6710 6710 6390 6420 47531.00 31060000
20130829 6750 6820 6660 6710 26349.00 17670000
20130828 6850 6850 6700 6770 37207.00 25130000
20130827 6970 7000 6820 6850 40554.00 27880000
20130826 6830 6960 6800 6960 38681.00 26570000
20130823 6950 7030 6660 6860 43495.00 29780000
20130822 6900 7150 6860 6960 54821.00 38370000
20130821 6850 6960 6720 6900 40783.00 27910000
20130820 6890 6960 6790 6870 47307.00 32520000
20130819 6900 7000 6690 6960 61785.00 42490000
20130816 7060 7200 6780 6900 100820.00 70170000
20130815 7000 7520 6930 7210 235755.00 170430000
20130814 6290 6900 6290 6900 180550.00 122920000
20130813 6240 6280 6170 6270 37074.00 23140000
20130812 6290 6300 6190 6230 44174.00 27500000
20130809 6190 6300 6060 6260 44327.00 27410000
20130808 6090 6290 6070 6190 34036.00 21090000
20130807 6190 6230 6050 6100 41692.00 25440000
20130806 6250 6270 6100 6200 58104.00 35970000
20130805 6220 6330 6170 6280 51525.00 32200000
20130802 6090 6420 6020 6290 83388.00 51880000
20130801 5870 6060 5850 6060 41515.00 24930000
20130731 5930 5970 5860 5880 17763.00 10490000
20130730 5870 5930 5720 5900 20098.00 11720000
20130729 5870 6000 5810 5900 22597.00 13330000
20130726 5900 5960 5790 5920 26744.00 15720000
20130725 6200 6220 5930 5960 46120.00 27880000
20130724 5950 6250 5910 6220 70821.00 43130000
20130723 5640 5990 5620 5970 49801.00 29110000
20130722 5580 5660 5500 5640 23812.00 13280000
20130719 5750 5840 5580 5620 37420.00 21390000
20130718 5750 5840 5660 5790 22841.00 13150000
20130717 5920 6070 5730 5790 45018.00 26570000
20130716 5810 6020 5760 5960 45027.00 26540000
20130715 5770 5840 5680 5840 34757.00 20060000
20130712 5660 5900 5620 5690 36403.00 20920000
20130711 5460 5760 5430 5650 32466.00 18270000
20130710 5340 5490 5290 5480 21959.00 11870000
20130709 5280 5370 5250 5310 13463.00 7120000
20130708 5560 5560 5250 5330 23325.00 12450000
20130705 5730 5730 5570 5570 24689.00 13920000
20130704 5610 5750 5540 5630 27186.00 15400000
20130703 5700 5730 5530 5650 24097.00 13570000
20130702 5590 5750 5560 5750 32140.00 18310000
20130701 5350 5570 5300 5560 20864.00 11410000
20130628 5510 5630 5260 5370 31003.00 16870000
20130627 5780 5820 5500 5520 30592.00 17390000
20130626 5650 5770 5550 5740 23478.00 13350000
20130625 5530 5690 5210 5660 29436.00 16240000
20130624 6000 6030 5550 5570 30076.00 17350000
20130621 6020 6150 5920 6050 21535.00 12990000
20130620 6420 6420 6190 6200 21191.00 13360000
20130619 6400 6470 6210 6470 20126.00 12780000
20130618 6480 6510 6290 6420 17853.00 11410000
20130617 6590 6620 6380 6450 26901.00 17430000
20130614 6510 6660 6500 6580 24486.00 16100000
20130613 6560 6790 6400 6480 26649.00 17380000
20130607 7110 7150 6830 6900 32541.00 22590000
20130606 7610 7620 7000 7090 47488.00 34390000
20130605 16340 16380 15730 15920 22325.00 35680000
20130604 16750 16930 15710 16290 26106.00 42410000
20130603 17190 17330 16600 16750 22196.00 37760000
20130531 16780 17200 16760 17080 18006.00 30620000
20130530 16870 16980 16710 16830 17360.00 29200000
20130529 17090 17200 16780 17010 34840.00 59310000
20130528 17100 17100 16340 16660 28889.00 47920000
20130527 17000 17190 16900 17090 19674.00 33550000
20130524 16640 16900 16630 16840 15021.00 25180000
20130523 16740 16940 16620 16750 21995.00 36980000
20130522 17050 17180 16580 16650 25625.00 42920000
20130521 16420 17380 16420 17030 44282.00 75010000
20130520 16000 16350 15850 16310 29504.00 47600000
20130517 15650 16020 15460 15850 23426.00 36920000
20130516 15690 15900 15480 15550 22631.00 35490000
20130515 15500 15700 15370 15690 14441.00 22410000
20130514 16160 16160 15430 15480 22129.00 34580000
20130513 15820 16080 15720 16030 22319.00 35610000
20130510 15720 15850 15500 15690 20484.00 32120000
20130509 15610 15870 15420 15710 23620.00 36950000
20130508 15590 15680 15450 15610 19140.00 29770000
20130507 15480 15700 15330 15570 20863.00 32320000
20130506 15220 15590 15220 15510 22738.00 35220000
20130503 14860 15250 14860 15210 13595.00 20620000
20130502 14660 14950 14540 14860 5437.00 8040000
20130426 15180 15330 14720 14750 18099.00 27010000
20130425 15360 15630 15170 15170 36365.00 56140000
20130424 14760 15350 14700 15310 27207.00 41230000
20130423 15400 15400 14700 14800 20679.00 30980000
20130422 14900 15260 14820 15260 22892.00 34610000
20130419 14620 15050 14620 14970 22134.00 33030000
20130418 14280 14690 14280 14680 9053.00 13200000
20130417 14440 14490 14330 14490 4942.00 7120000
20130416 14500 14530 14120 14420 10936.00 15620000
20130415 14500 14780 14460 14660 7344.00 10740000
20130412 14640 14730 14480 14550 6479.00 9460000
20130411 14870 14890 14570 14640 7944.00 11660000
20130410 14700 14990 14650 14750 9783.00 14470000
20130409 14240 14850 14220 14800 18953.00 27810000
20130408 14000 14280 13880 14240 5560.00 7830000
20130403 14190 14290 14090 14160 5066.00 7170000
20130402 14320 14460 14110 14110 4910.00 7000000
20130401 13980 14510 13850 14370 9026.00 12880000
20130329 14240 14350 13910 13980 8863.00 12530000
20130328 14550 14550 14190 14190 9169.00 13130000
20130327 14520 14680 14500 14670 8128.00 11860000
20130326 14600 14690 14330 14510 11077.00 16010000
20130325 14880 14910 14670 14710 9787.00 14450000
20130322 14810 14970 14740 14860 9933.00 14760000
20130321 14950 14980 14720 14830 15598.00 23120000
20130320 14400 14820 14400 14800 13687.00 20040000
20130319 14360 14500 14200 14410 6249.00 8970000
20130318 14210 14590 14200 14360 6824.00 9840000
20130315 14250 14550 14100 14390 10613.00 15260000
20130314 14240 14450 14210 14250 6607.00 9470000
20130313 14340 14390 14080 14230 10314.00 14700000
20130312 14890 14970 14110 14370 21994.00 31860000
20130311 14900 14950 14710 14890 9161.00 13610000
20130308 14930 15090 14730 14900 15671.00 23370000
20130307 15330 15330 14850 14910 22536.00 33980000
20130306 15040 15410 14910 15300 25083.00 38180000
20130305 14550 15050 14550 15040 16743.00 24970000
20130304 15010 15040 14530 14640 24216.00 35700000
20130301 15180 15420 15030 15180 34629.00 52660000
20130228 14770 15090 14610 15080 32505.00 48340000
20130227 14860 14950 14470 14680 24456.00 35910000
20130226 14980 15300 14780 14780 30014.00 45120000
20130225 14990 15140 14750 15130 29664.00 44380000
20130222 15100 15300 14890 14980 58448.00 88290000
20130221 15640 16250 15400 15400 73716.00 116410000
20130220 15600 15780 15310 15760 51083.00 79670000
20130219 15300 15840 15210 15700 70839.00 110260000
20130218 15400 16390 15190 15500 110387.00 173780000
20130208 14390 15520 14220 15260 143237.00 214360000
20130207 13990 14110 13800 14110 101511.00 142590000
20130206 12830 12830 12830 12830 17633.00 22620000
20130205 11440 11670 11430 11660 10037.00 11620000
20130204 11570 11900 11510 11570 13371.00 15520000
20130201 11400 11590 11320 11570 12579.00 14450000
20130131 11370 11500 11270 11430 11580.00 13190000
20130130 11450 11490 11310 11400 11260.00 12810000
20130129 11380 11500 11380 11460 12957.00 14830000
20130128 11160 11470 11120 11440 14041.00 15880000
20130125 11240 11240 11100 11150 7360.00 8200000
20130124 11410 11560 11120 11160 22871.00 25980000
20130123 11400 11570 11280 11450 15551.00 17740000
20130122 11840 11840 11450 11520 18782.00 21900000
20130121 11670 11860 11610 11860 24616.00 28950000
20130118 11500 11710 11480 11650 15001.00 17410000
20130117 11720 11780 11430 11510 18013.00 20850000
20130116 11850 11920 11470 11680 28788.00 33640000
20130115 11800 12050 11710 11850 37430.00 44420000
20130114 11300 11740 11300 11730 40762.00 47190000
20130111 11650 11720 11320 11370 55161.00 63390000
20130110 11640 11750 11520 11720 26607.00 30960000
20130109 11580 11740 11430 11690 28608.00 33090000
20130108 11580 11650 11410 11600 29913.00 34570000
20130107 11430 11550 11300 11550 20809.00 23790000
20130104 11440 11530 11290 11460 19809.00 22620000
20121231 11950 11950 11300 11390 67862.00 77730000
20121228 12000 12160 11770 12050 31183.00 37420000
20121227 12200 12370 11880 12170 28077.00 33800000
20121226 11970 12180 11840 12180 19218.00 23070000
20121225 11610 12000 11530 11990 22683.00 26910000
20121224 11730 11770 11440 11690 15364.00 17870000
20121221 11380 11770 11330 11770 29567.00 34260000
20121220 10890 11470 10770 11450 21750.00 24190000
20121219 10890 10920 10750 10890 12700.00 13770000
20121218 10600 10990 10600 10930 17765.00 19260000
20121217 10510 10850 10510 10700 13392.00 14300000
20121214 10160 10550 10080 10520 9708.00 10080000
20121213 10200 10290 10030 10110 3840.00 3890000
20121212 10140 10240 10090 10240 5847.00 5940000
20121211 10330 10390 10050 10210 10935.00 11140000
20121210 10230 10460 10140 10430 8376.00 8630000
20121207 9820 10250 9820 10230 7140.00 7190000
20121206 10130 10180 9850 9960 8786.00 8750000
20121205 9860 10220 9860 10130 8488.00 8570000
20121204 9610 9870 9580 9860 1933.00 1870000
20121203 9990 10000 9700 9760 1525.00 1500000
20121130 9790 10030 9790 10010 975.00 960000
20121129 9900 10060 9750 9880 931.00 920000
20121128 10090 10150 9790 10000 1448.00 1440000
20121127 10340 10340 9990 10070 3291.00 3330000
20121126 10500 10600 10320 10440 1248.00 1310000
20121123 10500 10620 10400 10580 1153.00 1210000
20121122 10480 10600 10440 10530 1447.00 1510000
20121121 10490 10630 10300 10600 1155.00 1210000
20121120 10460 10500 10400 10440 835.00 870000
20121119 10280 10460 10240 10450 1237.00 1280000
20121116 10380 10430 10260 10400 1351.00 1390000
20121115 10590 10600 10360 10370 1966.00 2060000
20121114 10550 10660 10420 10660 1886.00 1980000
20121113 10750 10770 10540 10600 1742.00 1850000
20121112 10830 10990 10630 10770 3412.00 3670000
20121109 11030 11130 10710 10770 3357.00 3640000
20121108 11140 11150 10970 11000 2217.00 2440000
20121107 11010 11180 10920 11180 2680.00 2970000
20121106 11050 11100 10880 10970 1571.00 1720000
20121105 11080 11170 11000 11110 2447.00 2700000
20121102 11130 11210 11070 11170 3223.00 3580000
20121101 10970 11170 10900 11090 4220.00 4670000
20121031 10830 10920 10760 10880 1147.00 1240000
20121030 11020 11020 10810 10870 1178.00 1280000
20121029 10840 10990 10840 10880 1510.00 1640000
20121026 11000 11300 10790 10880 4198.00 4600000
20121025 11250 11370 11100 11160 4152.00 4670000
20121024 11190 11380 11110 11360 7101.00 8010000
20121023 11280 11280 11020 11040 1781.00 1970000
20121022 11070 11230 10980 11190 2256.00 2510000
20121019 10950 11300 10950 11070 1986.00 2200000
20121018 10970 11240 10880 11200 5498.00 6110000
20121017 10690 10990 10640 10970 3462.00 3750000
20121016 10800 10800 10580 10740 2528.00 2700000
20121015 10940 10940 10570 10620 2952.00 3150000
20121012 10950 11090 10800 10870 3606.00 3930000
20121011 11150 11220 10890 10980 3894.00 4280000
20121010 10900 11180 10900 11150 3245.00 3600000
20121009 10680 10990 10680 10990 3469.00 3780000
20121008 10700 10730 10500 10680 2826.00 3000000
20120928 10510 10730 10510 10680 2310.00 2450000
20120927 10420 10700 10340 10520 2581.00 2710000
20120926 10690 10690 10340 10360 2207.00 2300000
20120925 10890 10920 10600 10630 2847.00 3050000
20120924 10860 10910 10700 10860 1595.00 1720000
20120921 11200 11200 10800 10850 3701.00 4070000
20120920 11420 11660 11000 11200 3335.00 3760000
20120919 11280 11460 11190 11460 2750.00 3110000
20120918 11300 11350 11110 11180 1978.00 2220000
20120917 11710 11720 11220 11220 4653.00 5310000
20120914 11950 11950 11600 11720 4921.00 5750000
20120913 11740 12130 11700 11710 10988.00 13080000
20120912 11830 11830 11480 11630 4524.00 5250000
20120911 11620 11680 11550 11650 3331.00 3860000
20120910 11760 11760 11570 11660 4365.00 5090000
20120907 11500 11980 11480 11700 9326.00 10910000
20120906 11420 11650 11370 11440 7313.00 8380000
20120905 11110 11480 11060 11450 8519.00 9640000
20120904 11190 11600 11110 11170 4738.00 5320000
20120903 10840 11140 10810 11130 3484.00 3840000
20120831 10740 10980 10740 10890 1913.00 2080000
20120830 11180 11260 10800 10820 6179.00 6760000
20120829 11190 11330 11070 11100 4152.00 4650000
20120828 10730 11260 10730 11250 7112.00 7840000
20120827 11280 11280 10730 10830 6560.00 7200000
20120824 11270 11400 11070 11330 9118.00 10230000
20120823 11150 11480 10990 11460 12990.00 14560000
20120822 10910 11240 10840 11190 10336.00 11420000
20120821 10680 10950 10680 10940 5553.00 6030000
20120820 10880 10880 10650 10650 6198.00 6630000
20120817 10850 10980 10760 10910 1707.00 1850000
20120816 10970 11160 10900 10910 3071.00 3380000
20120815 11080 11170 11000 11050 1686.00 1870000
20120814 11020 11280 10940 11190 1797.00 1990000
20120813 11180 11240 10990 10990 4110.00 4580000
20120810 11210 11300 11140 11180 3357.00 3750000
20120809 11080 11320 11000 11300 4388.00 4900000
20120808 11230 11230 11050 11150 2394.00 2660000
20120807 11110 11210 11040 11160 3465.00 3860000
20120806 10820 11140 10780 11110 3774.00 4150000
20120803 10760 10930 10640 10900 2588.00 2800000
20120802 10720 10840 10520 10650 2025.00 2150000
20120801 10580 10830 10580 10700 3012.00 3220000
20120731 10860 11170 10400 10580 6896.00 7340000
20120730 11500 11500 10710 10840 5349.00 5900000
20120727 11210 11440 11010 11390 2466.00 2790000
20120726 11250 11400 11220 11260 1225.00 1380000
20120725 11200 11360 11200 11290 1557.00 1760000
20120724 11200 11400 11200 11290 1936.00 2180000
20120723 11650 11650 11210 11260 2266.00 2570000
20120720 11530 11860 11430 11520 5082.00 5870000
20120719 11350 12000 11350 11620 10497.00 12070000
20120718 11700 11700 11210 11420 7892.00 9020000
20120717 11110 12100 11000 11880 4041.00 4580000
20120716 11600 11960 11060 11100 3232.00 3660000
20120713 11820 12100 11760 11780 2494.00 2960000
20120712 11720 12110 11720 12020 2153.00 2560000
20120711 11880 11990 11700 11990 1798.00 2140000
20120710 11880 11970 11730 11800 1768.00 2090000
20120709 12010 12150 11870 11870 2091.00 2510000
20120706 12120 12230 11960 12200 3457.00 4170000
20120705 12470 12580 12030 12030 4175.00 5100000
20120704 12940 12950 12370 12590 6862.00 8640000
20120703 12660 13080 12600 12980 7032.00 9070000
20120702 12900 12950 12740 12820 3683.00 4710000
20120629 12770 12950 12630 12900 2012.00 2570000
20120628 12550 12830 12550 12750 1547.00 1960000
20120627 12870 12890 12730 12800 1176.00 1500000
20120626 12570 12980 12540 12810 2439.00 3110000
20120625 13200 13200 12740 12740 4058.00 5260000
20120621 13580 13590 13270 13280 2492.00 3340000
20120620 13720 13720 13560 13620 3485.00 4740000
20120619 13570 13800 13570 13650 3218.00 4390000
20120618 13610 13800 13510 13660 6886.00 9400000
20120615 13650 13750 13420 13610 4225.00 5720000
20120614 13350 13670 13330 13580 6912.00 9360000
20120613 13370 13410 13200 13330 4132.00 5490000
20120612 13350 13360 13180 13270 2595.00 3440000
20120611 13310 13470 13210 13410 2677.00 3570000
20120608 13370 13400 13190 13210 1755.00 2330000
20120607 13550 13590 13200 13290 2138.00 2860000
20120606 13400 13550 13380 13430 4261.00 5740000
20120605 13220 13430 13180 13360 4598.00 6130000
20120604 13510 13690 13200 13200 5391.00 7260000
20120601 13780 13900 13660 13660 3463.00 4750000
20120531 13650 13940 13650 13780 7683.00 10620000
20120530 13500 13950 13500 13890 16656.00 22890000
20120529 12890 13760 12880 13550 17582.00 23710000
20120528 12560 12880 12200 12880 5736.00 7200000
20120525 12760 12890 12560 12590 2539.00 3230000
20120524 13160 13180 12780 12840 5816.00 7530000
20120523 13320 13420 13000 13160 3654.00 4810000
20120522 13260 13360 13250 13310 2302.00 3060000
20120521 13280 13340 13200 13230 2839.00 3760000
20120518 13480 13480 13280 13330 3171.00 4230000
20120517 13410 13750 13410 13740 4686.00 6390000
20120516 13540 13620 13480 13540 3182.00 4310000
20120515 13500 13550 13320 13550 3807.00 5110000
20120514 13750 13830 13520 13520 4067.00 5550000
20120511 13760 13990 13660 13700 6960.00 9600000
20120510 13610 14660 13500 14000 12487.00 17490000
20120509 13860 13900 13600 13600 4103.00 5610000
20120508 13930 14040 13840 13930 4470.00 6220000
20120507 13880 13990 13790 13920 5452.00 7560000
20120504 13840 13970 13810 13940 8442.00 11740000
20120503 13540 13990 13540 13880 6622.00 9190000
20120502 13650 13760 13500 13660 4682.00 6380000
20120427 13380 13600 13320 13480 3698.00 4980000
20120426 13370 13450 13300 13330 2869.00 3830000
20120425 13250 13580 13250 13380 5380.00 7180000
20120424 13300 13800 13070 13380 6874.00 9110000
20120423 14160 14160 13400 13460 9067.00 12430000
20120420 13930 14220 13910 14190 5745.00 8080000
20120419 14120 14150 13910 14000 5740.00 8050000
20120418 13860 14170 13800 14150 5484.00 7690000
20120417 14100 14140 13820 13840 4861.00 6780000
20120416 14050 14230 14010 14100 7345.00 10400000
20120413 14070 14220 14020 14110 7587.00 10710000
20120412 13800 14190 13640 14050 10853.00 15070000
20120411 13710 13990 13610 13870 3047.00 4220000
20120410 13880 14000 13440 13890 5169.00 7110000
20120409 13860 14450 13800 14000 6473.00 9150000
20120406 14100 14230 13820 14040 6770.00 9480000
20120405 14070 14560 13780 14180 13940.00 19620000
20120330 13480 14700 13300 14270 15962.00 21960000
20120329 13580 13920 13330 13800 12991.00 17750000
20120328 14650 14720 13630 13650 8541.00 11980000
20120327 14540 14650 14420 14480 2931.00 4260000
20120326 14690 14720 14400 14500 3921.00 5700000
20120323 14510 14760 14300 14740 7342.00 10700000
20120322 14530 15040 14310 14700 10681.00 15640000
20120321 14390 14540 14220 14400 6757.00 9680000
20120320 14730 14730 14260 14290 6130.00 8840000
20120319 14590 14800 14450 14790 6878.00 10070000
20120316 14220 14800 14220 14700 10171.00 14770000
20120315 14430 14590 14090 14210 7845.00 11210000
20120314 15420 15630 14300 14440 20186.00 30540000
20120313 15270 15520 15140 15430 13078.00 20050000
20120312 15260 15320 15070 15260 11615.00 17640000
20120309 15080 15250 15000 15240 11825.00 17900000
20120308 14810 15150 14800 15020 7653.00 11480000
20120307 14850 15050 14600 14830 7113.00 10600000
20120306 15190 15250 14800 14960 9003.00 13480000
20120305 15020 15250 14900 15230 13363.00 20150000
20120302 14750 15000 14690 14990 9912.00 14730000
20120301 14590 14800 14460 14650 6145.00 9030000
20120229 14800 14970 14670 14670 11046.00 16330000
20120228 14900 14900 14360 14680 15280.00 22330000
20120227 15100 15290 14930 14940 20902.00 31500000
20120224 14890 15440 14830 15050 15666.00 23700000
20120223 14870 14960 14720 14890 8748.00 13000000
20120222 14540 14860 14460 14850 9048.00 13340000
20120221 14400 14540 14280 14530 9093.00 13090000
20120220 14590 14670 14370 14460 3945.00 5730000
20120217 14580 14640 14360 14450 4915.00 7110000
20120216 14510 14700 14230 14690 9584.00 13790000
20120215 13920 14540 13830 14510 13053.00 18580000
20120214 14160 14170 13920 14000 5457.00 7640000
20120213 13800 14180 13750 14090 9191.00 12900000
20120210 14040 14100 13830 13910 7133.00 9940000
20120209 13930 14230 13860 13990 13751.00 19280000
20120208 13400 14050 13400 13960 10944.00 15150000
20120207 13970 13970 13610 13610 5949.00 8160000
20120206 13900 14050 13810 13970 8583.00 11950000
20120203 13600 14030 13520 13900 8724.00 12060000
20120202 13350 13670 13220 13590 6335.00 8530000
20120201 13280 13610 13220 13330 4484.00 6000000
20120131 13410 13500 13180 13390 5311.00 7080000
20120130 13450 13850 13410 13510 9062.00 12350000
20120120 13420 13680 13340 13420 10464 14080000
20120119 12620 13590 12620 13410 13389 17688000
20120118 12710 13200 12540 12660 6429 8291000
20120117 12270 12870 12120 12840 6050 7579000
20120116 12240 12410 12020 12080 4180 5092000
20120113 12950 13100 12220 12420 6359 8052000
20120112 13000 13250 12940 13050 5768 7555000
20120111 13120 13310 12900 13050 7135 9348000
20120110 12620 13180 12600 13180 8864 11464000
20120109 12150 12620 11960 12610 6722 8386000
20120106 11900 12260 11720 12180 5462 6521000
20120105 12400 12510 12000 12020 4215 5187000
20120104 13020 13150 12440 12580 5130 6571000
20111230 12800 12990 12720 12840 3539 4553000
20111229 12700 12800 12600 12720 3768 4797000
20111228 12980 12990 12580 12730 8575 10936000
20111227 13660 13700 13080 13080 4384 5853000
20111226 13630 13860 13520 13530 2476 3402000
20111223 13670 13930 13530 13740 3201 4407000
20111222 13980 14000 13310 13660 4284 5822000
20111221 14680 14710 14010 14050 4865 6993000
20111220 14410 14840 14410 14500 5492 8023000
20111219 14420 14580 14000 14520 5805 8302000
20111216 14200 14580 14150 14540 5400 7716000
20111215 14400 14470 14070 14150 4127 5883000
20111214 14750 14920 14550 14570 2978 4398000
20111213 15760 15800 14620 14820 8855 13447000
20111212 15960 16100 15880 15940 1126 1797000
20111209 16000 16100 15900 15960 2311 3699000
20111208 16100 16290 15700 16129 3651 5844000
20111207 16210 16219 16000 16059 1867 3005000
20111206 15880 16170 15710 16050 2868 4591000
20111205 16500 16590 15990 15990 3530 5753000
20111202 17220 17220 16520 16850 8533 14347000
20111201 17300 17450 16990 17200 13844 23851000
20111130 17540 17540 16250 16900 18255 30814000
20111129 17470 17690 17270 17570 14387 25048000
20111128 17280 17450 17120 17280 3648 6306000
20111125 17240 17540 17160 17350 7563 13096000
20111124 16900 17670 16720 17290 14364 24817000
20111123 17390 17550 17110 17110 7646 13215000
20111122 17350 17590 17190 17430 6836 11884000
20111121 17450 17790 17120 17580 10464 18282000
20111118 18000 18060 17500 17550 11878 21073000
20111117 18420 18600 17900 18170 21204 38593000
20111116 19500 19500 18180 18340 42584 79240000
20111115 19000 20180 18810 19630 35785 69569000
20111114 18740 19060 18470 19040 23892 44827000
20111111 18120 18800 17900 18700 20370 37489000
20111110 17710 18500 17660 18120 18741 34053000
20111109 17450 18020 17300 17940 11377 20185000
20111108 17500 17730 17360 17410 4299 7534000
20111107 17750 17770 17120 17630 5473 9646000
20111104 17740 17800 17440 17640 7368 12982000
20111103 17880 18180 17510 17620 15220 27094000
20111102 16620 18300 16550 17890 13602 23365000
20111101 16950 17150 16790 16970 6379 10807000
20111031 16910 17120 16800 17050 6954 11804000
20111028 16590 16950 16460 16920 8625 14435000
20111027 16680 16840 16320 16390 6290 10413000
20111026 16350 16960 16219 16670 8577 14230000
20111025 16100 16460 15960 16360 5846 9492000
20111024 16239 16239 15660 16040 6631 10543000
20111021 16390 16490 16050 16120 2640 4273000
20111020 16870 17000 15900 16600 6311 10238000
20111019 17090 17090 16610 16980 3954 6647000
20111018 17050 17300 16800 16820 6293 10724000
20111017 16990 17350 16810 17100 3996 6813000
20111014 17130 17190 16810 17100 4170 7079000
20111013 17400 17400 16880 17090 8132 13901000
20111012 16190 17170 15820 17150 13619 22842000
20111011 16760 16760 15900 16180 3743 6077000
20111010 15850 15980 15750 15970 1659 2633000
20110930 15830 16079 15680 15850 2426 3830000
20110929 16230 16230 15810 15820 3481 5563000
20110928 16520 16800 16120 16280 2470 4070000
20110927 16420 16480 16180 16450 2185 3572000
20110926 16390 16860 16170 16230 2413 3947000
20110923 16350 16460 16040 16440 3265 5308000
20110922 17000 17000 16500 16550 4167 6974000
20110921 16500 17090 16460 17070 4749 8026000
20110920 16460 16640 16300 16540 2597 4278000
20110919 17010 17010 16460 16460 3730 6183000
20110916 17010 17280 17010 17030 3228 5527000
20110915 17090 17250 17060 17060 4450 7622000
20110914 16880 17090 16610 17060 4085 6881000
20110913 16820 17020 16610 16700 3296 5509000
20110909 17450 17500 17130 17150 2987 5154000
20110908 17800 17850 17290 17290 5873 10320000
20110907 17170 17560 17120 17550 6214 10801000
20110906 17080 17200 16820 17010 4163 7080000
20110905 17500 17500 17070 17120 6445 11099000
20110902 17740 17830 17400 17700 6734 11837000
20110901 18020 18290 17680 17700 7727 13830000
20110831 18200 18550 17860 18000 8909 16106000
20110830 19150 19190 18340 18340 12287 23114000
20110829 19250 19350 18990 19070 13018 24980000
20110826 18940 19290 18860 19140 15632 29870000
20110825 18560 19150 18420 19080 15994 29984000
20110824 19270 19490 18660 18680 24547 46724000
20110823 18810 19290 18450 19150 27535 52254000
20110822 18500 18960 18100 18800 22108 41274000
20110819 17900 18380 17750 18380 19763 35684000
20110818 19280 19350 18450 18480 38593 72758000
20110817 17400 19250 17400 19250 59203 113499000
20110816 17700 17890 17450 17500 6445 11368000
20110815 17460 17800 17180 17700 7031 12336000
20110812 17230 17690 17160 17260 9386 16336000
20110811 16379 17130 16230 17000 9263 15626000
20110810 16800 17020 16620 16760 9726 16378000
20110809 15940 16680 15600 16480 9992 16073000
20110808 17600 17600 16200 16329 10259 17203000
20110805 17860 18100 17700 17750 9711 17316000
20110804 18870 19040 18460 18520 9948 18545000
20110803 17920 18900 17740 18870 17569 32628000
20110802 18190 18190 17670 18130 7400 13218000
20110801 18090 18420 17900 18280 7105 12933000
20110729 18360 18480 17900 18020 7749 14088000
20110728 18150 18390 17950 18360 9283 16853000
20110727 17810 18580 17720 18400 10530 19301000
20110726 18500 18500 18000 18240 7349 13376000
20110725 19500 19500 18010 18260 14220 26356000
20110722 19700 19730 19260 19500 7380 14374000
20110721 19920 19980 19360 19590 7635 14904000
20110720 19790 20180 19530 19990 15170 30124000
20110719 20400 20400 19260 19420 12650 24910000
20110718 20500 20600 19800 19940 21226 42642000
20110715 19440 20990 19350 20500 40644 82792000
20110714 18570 19170 18420 19080 15595 29207000
20110713 18030 18450 17860 18400 9696 17656000
20110712 18630 18640 17880 18050 13475 24412000
20110711 18520 18950 18410 18650 9823 18301000
20110708 18850 18960 18410 18700 12735 23753000
20110707 18480 18970 18420 18840 20816 38988000
20110706 18030 18450 17720 18430 12134 21953000
20110705 17970 18100 17730 18070 9631 17286000
20110704 17800 18200 17620 18000 10972 19684000
20110701 17420 17990 17290 17560 9149 16138000
20110630 17500 17610 17280 17430 6915 12059000
20110629 17600 18070 17310 17370 13963 24668000
20110628 17060 17300 16900 17250 8838 15167000
20110627 17010 17500 16930 17070 9122 15678000
20110624 16440 17190 16360 17000 11976 20266000
20110623 16070 16580 15810 16540 7365 12072000
20110622 16190 16200 15980 16059 2578 4147000
20110621 16030 16270 15870 16190 6361 10186000
20110620 16020 16230 15760 15870 4808 7675000
20110617 16400 16500 16140 16160 2638 4324000
20110616 16700 16740 16340 16340 4472 7399000
20110615 17180 17180 16830 16860 3905 6638000
20110614 17000 17280 16940 17160 5417 9291000
20110613 17060 17170 16600 17020 4693 7928000
20110610 17810 17880 16920 17230 10237 17558000
20110609 18300 18300 17820 17880 4253 7657000
20110608 18390 18390 18050 18300 2743 4992000
20110607 18360 18430 18220 18360 5120 9377000
20110603 18040 18390 18040 18370 2822 5165000
20110602 18460 18460 18010 18120 3686 6688000
20110601 18510 18740 18400 18590 3163 5879000
20110531 18270 18550 18110 18500 4943 9080000
20110530 18130 18540 18130 18240 4805 8828000
20110527 18120 18450 18010 18130 3341 6071000
20110526 18850 18850 18030 18120 3986 7337000
20110525 19410 19490 18380 18540 3424 6477000
20110524 18320 19690 18320 19310 6254 11961000
20110523 19500 19630 18480 18610 5320 10057000
20110520 20300 20300 19520 19600 7045 13909000
20110519 21320 21320 20350 20400 5346 11095000
20110518 32650 32780 32400 32479 2956 9613000
20110517 32299 32840 32060 32650 4225 13749000
20110516 32590 32590 32110 32320 2369 7654000
20110513 32580 32710 32030 32549 1998 6467000
20110512 32930 32930 32200 32200 1830 5971000
20110511 32520 32960 32520 32700 1487 4864000
20110510 32310 32790 32280 32759 2434 7897000
20110506 32420 32549 32020 32310 2056 6627000
20110505 32350 32759 32280 32610 2280 7416000
20110504 33790 33790 32320 32580 2777 9147000
20110503 33400 33930 33400 33800 2232 7528000
20110429 33510 33680 33250 33520 1436 4810000
20110428 33630 33770 33000 33140 3231 10783000
20110427 33090 33810 32680 33150 4351 14556000
20110426 33400 33410 32009 32840 3583 11776000
20110425 35260 35260 33000 33420 5560 18965000
20110422 35850 36000 35250 35320 2391 8495000
20110421 35780 36180 35710 35850 3153 11332000
20110420 35200 35990 35150 35570 3429 12154000
20110419 35580 35580 35030 35250 3700 13049000
20110418 36000 36000 35510 35730 3423 12211000
20110415 36020 36340 35680 35840 4042 14528000
20110414 36900 37190 36180 36180 3787 13839000
20110413 36780 37140 36400 36980 4072 14990000
20110412 36580 37370 36010 36810 12549 46265000
20110408 36650 37100 36620 37100 3948 14566000
20110407 36210 36760 36200 36620 2046 7467000
20110406 36200 36870 36050 36200 3228 11766000
20110401 36340 36460 35550 36400 1801 6508000
20110331 35880 36480 35510 35920 3661 13164000
20110330 35970 36200 35270 35600 3139 11201000
20110329 37410 37410 35920 35970 6551 23875000
20110328 37930 38150 37350 37410 4855 18343000
20110325 38190 38190 37720 37910 4432 16802000
20110324 38240 38260 37950 37960 3122 11888000
20110323 37700 38190 37600 38020 2978 11265000
20110322 38000 38200 37310 37680 2371 8932000
20110321 37600 38320 37600 37800 4433 16870000
20110318 37850 37850 37350 37640 2731 10266000
20110317 38000 38000 37120 37230 5555 20864000
20110316 38050 38300 37800 38080 5005 19036000
20110315 38450 38600 37400 38050 8911 33729000
20110314 37100 38880 37100 38670 7713 29603000
20110311 37710 38340 37400 37990 10070 38139000
20110310 37410 38300 37410 37770 7070 26774000
20110309 37800 37800 37250 37430 3989 14918000
20110308 37400 37820 37360 37660 4214 15848000
20110307 37570 37660 37220 37540 4762 17833000
20110304 37010 37470 36950 37380 2979 11078000
20110303 37250 37760 36970 37010 5260 19612000
20110302 37550 37880 37030 37290 5134 19193000
20110301 38100 38180 37600 37620 6965 26299000
20110228 37980 38100 37400 38050 6844 25802000
20110225 37320 38440 37320 37970 16757 63527000
20110224 36200 36980 36200 36760 7486 27459000
20110223 36000 36520 36000 36340 4864 17650000
20110222 37170 37380 36020 36030 7553 27578000
20110221 36480 37180 36400 37170 5191 19197000
20110218 37100 37290 36500 36680 7846 28873000
20110217 37210 37680 36820 37300 6473 24065000
20110216 36810 37560 36320 37350 6993 25871000
20110214 36600 37050 36460 36920 8310 30541000
20110211 36500 36750 36180 36530 5050 18458000
20110210 35000 36350 35000 36280 5142 18475000
20110209 35520 35930 35200 35200 2730 9721000
20110201 36010 36130 35770 35870 3079 11043000
20110131 36100 36100 35680 36010 3818 13707000
20110128 35610 35990 35460 35810 3769 13450000
20110127 35210 36000 35210 35600 7177 25647000
20110126 34910 35650 34630 35510 2554 9041000
20110125 35010 35180 34460 34900 2582 8951000
20110124 35010 35990 34890 35020 4736 16821000
20110121 34500 35280 34410 35000 3848 13426000
20110120 36100 36100 34500 34500 6029 21277000
20110119 35460 36190 35460 36160 4625 16633000
20110118 35250 35800 35250 35650 2544 9050000
20110117 37250 37260 35400 35550 6974 25194000
20110114 38750 38800 37210 37250 6524 24627000
20110113 39280 39390 38720 38750 3536 13777000
20110112 38360 39210 38290 39130 7535 29084000
20110111 38330 38680 38110 38310 4987 19124000
20110110 38590 38950 38250 38370 4080 15728000
20110107 39000 39400 38300 38580 7591 29493000
20110106 40150 40150 38910 39000 6052 23954000
20110105 39890 40150 39570 39830 5387 21427000
20110104 39430 39960 39270 39960 7451 29570000
20101231 38740 39600 38600 39440 5880 23040000
20101230 39190 39190 38080 38770 4649 18029000
20101229 38700 39280 38450 39190 4594 17858000
20101228 38310 38910 38080 38640 7331 28265000
20101227 39800 40080 38200 38300 9248 36141000
20101224 40060 40260 39300 39300 9413 37338000
20101223 41810 41930 40250 40500 10641 43671000
20101222 42560 42850 41700 41760 9786 41194000
20101221 41450 42950 41450 42700 19549 82843000
20101220 42080 42850 40250 41360 16756 69657000
20101217 41250 42380 41210 42050 16786 70328000
20101216 40500 41290 40500 40800 9192 37672000
20101215 40660 41000 40300 40450 10582 43071000
20101214 41180 41200 40630 40840 9839 40221000
20101213 39990 40950 39950 40860 10721 43524000
20101210 38850 39890 38850 39690 7196 28388000
20101209 39780 39880 39010 39010 8490 33440000
20101208 40300 40690 39810 39900 7741 31148000
20101207 39750 40630 39520 40350 9524 38306000
20101206 40990 41330 39700 39800 15455 62019000
20101203 42150 42380 40500 40990 13641 56443000
20101202 42350 42500 41420 41890 13270 55627000
20101201 42260 42770 41480 41850 13186 55437000
20101130 42990 43650 40180 42860 37739 159131000
20101125 42660 42900 41420 41700 21620 90878000
20101124 41950 43250 41870 42560 27394 116897000
20101123 40960 42470 40570 42410 33516 140211000
20101122 40880 42190 40080 40980 28542 118239000
20101119 40390 41200 39400 41150 24258 98181000
20101118 39000 40190 38510 40010 16434 65004000
20101117 39000 39980 38010 38830 15369 60340000
20101116 40490 41260 38450 39140 26334 105375000
20101115 38300 40280 38250 40230 20973 82524000
20101112 39900 40230 37700 38090 26018 101347000
20101111 40710 41500 39580 39600 25363 103314000
20101110 39720 41840 39540 40800 30929 126587000
20101109 39080 39980 39020 39840 24477 96810000
20101108 37980 40000 37280 39490 49863 191832000
20101105 37900 38000 37240 37850 10159 38231000
20101104 36980 37780 36770 37550 7892 29460000
20101103 37310 37790 36810 36900 13100 48951000
20101102 39890 39990 38000 38090 22538 87582000
20101101 38970 40060 38860 39870 20349 80816000
20101029 38390 39200 38110 38860 17475 67566000
20101028 39100 39400 37950 38670 19246 73949000
20101027 38090 39580 37760 39060 21447 83428000
20101026 38190 38350 37220 38090 14715 55476000
20101025 38000 38500 37890 38190 19834 75699000
20101022 37490 38480 37100 37820 17379 66033000
20101021 37000 37560 36450 37340 10843 40261000
20101020 36500 37790 36400 37000 15908 59047000
20101019 35350 37800 35110 37170 19229 71138000
20101015 36170 36280 35280 35380 11305 40354000
20101014 36650 37220 36000 36150 10600 38723000
20101013 36800 37000 36000 36750 9908 36066000
20101012 36810 37810 36500 36890 12138 45281000
20101011 36450 36980 36330 36800 12588 46108000
20101008 35900 36960 35900 36500 11102 40468000
20100930 35070 35880 34880 35790 6777 24149000
20100929 36000 36180 35000 35000 8364 29557000
20100928 35530 36640 35530 35990 7907 28556000
20100927 35880 35880 35010 35770 7448 26423000
20100921 36320 36640 34880 35220 12347 43777000
20100920 37680 37680 36100 36230 11263 41215000
20100917 37100 38090 36950 37390 13724 51416000
20100916 37700 38690 37210 37210 25452 96563000
20100915 38150 38150 36620 36800 14575 54217000
20100914 38600 38870 38000 38170 15398 59381000
20100913 37880 38650 37620 38230 11902 45417000
20100910 37650 38160 37190 37910 12169 45767000
20100909 39090 39340 37600 37610 18152 69424000
20100908 38700 39020 38230 38820 10982 42329000
20100907 38200 39130 37900 38920 16604 63846000
20100906 39800 40490 38020 38420 22002 85619000
20100903 39220 40880 38900 39560 29577 117728000
20100902 37550 41130 37200 39210 41214 161628000
20100901 38400 38500 37020 37400 22227 83912000
20100831 38090 38800 37330 38470 25513 96957000
20100830 37200 38580 37200 38100 26403 100583000
20100827 36350 37000 36350 37000 10518 38676000
20100826 36150 37220 36100 36450 13974 51187000
20100825 36690 37090 36010 36040 15503 56404000
20100824 37100 37330 36500 37090 21243 78451000
20100823 38290 38480 37230 37410 21389 80543000
20100820 37290 39370 37050 38100 38866 149243000
20100819 37800 37800 36900 37250 21536 80303000
20100818 38140 38670 37010 37390 24943 94060000
20100817 37780 38840 37550 38140 25343 96930000
20100816 37260 37980 36700 37810 28170 105872000
20100813 38100 38540 34310 37460 43610 161827000
20100812 39010 40500 37960 38120 78699 308837000
20100811 36150 39780 36150 39780 97827 378309000
20100810 37250 37970 36080 36160 54192 200804000
20100809 36580 38350 36000 37650 85269 318134000
20100806 40000 45000 36610 37150 153611 581909000
