20180619 5040 5050 4620 4770 28770 13740129 8.38 2.24 -7.02 14007 14763 0.95 1.37
20180615 5380 5380 5130 5130 18603 9692469 4.68 1.39 -3.93 11882 6721 1.77 0.88
20180614 5360 5400 5320 5340 6610 3546400 1.49 0.42 -0.74 3603 3007 1.20 0.31
20180613 5490 5490 5320 5380 11072 5973445 3.10 0.63 -2.00 7254 3818 1.90 0.53
20180612 5440 5500 5380 5490 12998 7078552 2.19 0.64 0.37 6145 6853 0.90 0.62
20180611 5450 5510 5370 5470 14960 8121898 2.55 0.64 -0.36 8316 6644 1.25 0.71
20180608 5550 5550 5340 5490 21457 11699113 3.78 0.85 -1.08 11909 9548 1.25 1.02
20180607 5620 5620 5510 5550 18711 10384360 1.96 0.57 -1.07 12430 6281 1.98 0.89
20180606 5580 5630 5530 5610 19692 10988426 1.79 0.59 0.54 8258 11434 0.72 0.93
20180605 5550 5600 5500 5580 26380 14630879 1.81 0.77 0.72 10396 15984 0.65 1.25
20180604 5560 5610 5500 5540 30251 16779865 1.98 0.96 -0.36 17425 12826 1.36 1.44
20180601 5530 5680 5490 5560 30616 17022420 3.40 1.06 -0.54 14403 16213 0.89 1.45
20180531 5530 5740 5510 5590 57858 32561841 4.26 2.79 3.52 32588 25270 1.29 2.75
20180530 5620 5620 5400 5400 22334 12277317 3.89 1.06 -4.59 13011 9323 1.40 1.06
20180529 5790 5880 5630 5660 29693 16973400 4.32 1.58 -2.25 21496 8197 2.62 1.41
20180528 5880 5880 5720 5790 17060 9893099 2.71 0.87 -2.03 11200 5860 1.91 0.81
20180525 5970 5990 5840 5910 17448 10290770 2.51 0.90 -1.17 10934 6514 1.68 0.83
20180524 5940 6020 5930 5980 17096 10225349 1.52 0.96 0.67 10292 6804 1.51 0.81
20180523 5980 6020 5940 5940 24458 14595080 1.33 1.45 -1.00 14666 9792 1.50 1.16
20180522 5920 6010 5920 6000 17720 10584018 1.51 0.93 0.33 8705 9015 0.97 0.84
20180521 5900 6020 5900 5980 21203 12620807 2.04 0.92 1.53 10669 10534 1.01 1.01
20180518 5800 5900 5800 5890 16097 9423230 1.72 0.60 1.38 7263 8834 0.82 0.76
20180517 5770 5850 5750 5810 9880 5729096 1.73 0.27 0.52 5361 4519 1.19 0.47
20180516 5840 5860 5770 5780 19210 11149876 1.54 0.45 -1.20 13349 5862 2.28 0.91
20180515 5720 5860 5710 5850 28913 16741641 2.63 0.71 2.45 12951 15962 0.81 1.37
20180514 5950 5950 5680 5710 41030 23807264 4.54 1.08 -4.03 26493 14537 1.82 1.95
20180511 6040 6080 5910 5950 35821 21368540 2.82 1.01 -1.33 24420 11401 2.14 1.70
20180510 5870 6380 5810 6030 59682 36152179 9.81 2.16 3.79 24889 34793 0.72 2.83
20180509 5840 6040 5790 5810 49520 29189183 4.29 2.27 -0.34 28634 20886 1.37 2.35
20180508 5810 5860 5780 5830 17242 10041181 1.37 0.79 0.17 10359 6883 1.51 0.82
20180507 5650 5850 5640 5820 27885 16116925 3.71 1.40 2.83 9580 18305 0.52 1.32
20180504 5690 5770 5610 5660 22455 12754631 2.80 1.07 -0.88 13881 8574 1.62 1.07
20180503 5600 5740 5500 5710 21232 11933546 4.29 0.92 1.96 8627 12605 0.68 1.01
20180502 5720 5740 5520 5600 20027 11226285 3.86 0.90 -1.75 12235 7792 1.57 0.95
20180427 5720 5740 5610 5700 18204 10341404 2.29 0.80 0.35 10087 8116 1.24 0.86
20180426 5800 5810 5640 5680 17930 10265269 2.93 0.74 -2.07 10562 7368 1.43 0.85
20180425 5710 5820 5710 5800 27864 16049766 1.91 1.12 0.69 16663 11201 1.49 1.32
20180424 5710 5780 5660 5760 30833 17663569 2.10 1.32 0.88 19447 11385 1.71 1.47
20180423 5630 5730 5580 5710 16307 9220627 2.63 0.66 0.00 8215 8091 1.02 0.78
20180420 5870 5880 5640 5710 21125 12184287 4.10 0.80 -2.39 10101 11024 0.92 1.00
20180419 5850 5950 5820 5850 24322 14274084 2.20 0.89 -0.85 13678 10644 1.29 1.16
20180418 5820 5920 5700 5900 32355 18798734 3.81 1.20 2.08 17547 14808 1.18 1.54
20180417 6010 6010 5730 5780 23023 13512041 4.67 0.76 -3.67 13156 9867 1.33 1.09
20180416 6120 6120 5890 6000 22886 13691354 3.76 0.73 -1.96 12835 10051 1.28 1.09
20180413 6140 6220 5960 6120 28718 17455662 4.23 0.86 -0.33 14073 14645 0.96 1.37
20180412 6110 6200 6060 6140 29224 17972045 2.29 0.90 0.33 10264 18960 0.54 1.39
20180411 6090 6130 6030 6120 31191 18983470 1.64 0.92 0.66 15673 15518 1.01 1.48
20180410 6140 6240 5910 6080 40314 24459569 5.34 1.19 -1.62 21046 19268 1.09 1.92
20180409 6080 6230 6010 6180 26724 16413408 3.58 0.79 0.65 13290 13434 0.99 1.27
20180404 6230 6360 6070 6140 39808 24664002 4.64 1.28 -1.76 29694 10114 2.94 1.89
20180403 6220 6300 6160 6250 24912 15516289 2.22 0.74 -0.79 10749 14162 0.76 1.18
20180402 6280 6410 6200 6300 38382 24190983 3.35 1.23 0.64 19733 18649 1.06 1.82
20180330 6110 6280 6100 6260 39818 24653778 2.95 1.16 2.45 19663 20155 0.98 1.89
20180329 6130 6210 6090 6110 26654 16355986 1.97 0.77 0.33 17260 9394 1.84 1.27
20180328 6230 6230 6080 6090 25596 15658923 2.45 0.69 -0.65 12839 12757 1.01 1.22
20180327 5900 6160 5900 6130 37316 22554806 4.37 1.02 3.03 20348 16968 1.20 1.77
20180326 5730 5950 5630 5950 27179 15730222 5.46 0.73 1.54 14178 13001 1.09 1.29
20180323 6160 6190 5630 5860 54733 32301750 8.95 1.71 -6.39 27605 27128 1.02 2.60
20180322 6270 6350 6170 6260 28549 17801063 2.87 0.84 -0.16 15999 12551 1.27 1.36
20180321 6260 6370 6230 6270 37676 23753763 2.23 1.16 0.00 18022 19654 0.92 1.79
20180320 6130 6280 6080 6270 34948 21635245 3.24 1.01 1.62 12577 22371 0.56 1.66
20180319 6150 6230 6110 6170 30824 19009799 1.94 0.87 -0.16 21856 8968 2.44 1.47
20180316 6170 6300 6130 6180 27837 17194053 2.76 0.75 0.16 15398 12439 1.24 1.32
20180315 6170 6200 5980 6170 38267 23272906 3.54 1.18 -0.64 22041 16226 1.36 1.82
20180314 6270 6350 6160 6210 30510 19117683 3.02 1.04 -1.43 19247 11263 1.71 1.45
20180313 6300 6480 6210 6300 46200 29266219 4.26 1.85 -0.63 22204 23996 0.93 2.20
20180312 6130 6340 6130 6340 34963 21822276 3.41 1.65 3.09 16914 18050 0.94 1.66
20180309 6030 6180 5990 6150 34880 21300452 3.16 1.81 2.16 14679 20202 0.73 1.66
20180308 6000 6030 5960 6020 14953 8969787 1.17 0.66 0.67 6441 8512 0.76 0.71
20180307 6020 6100 5950 5980 15456 9253966 2.49 0.64 -0.66 10029 5427 1.85 0.73
20180306 5990 6030 5940 6020 24304 14555351 1.51 1.01 0.84 11868 12436 0.95 1.16
20180305 5990 5990 5910 5970 16460 9781219 1.35 0.60 0.67 9649 6811 1.42 0.78
20180302 5950 6060 5900 5930 24943 14875365 2.67 0.95 -1.00 14623 10320 1.42 1.19
20180301 5860 6010 5800 5990 31754 18869346 3.60 1.38 2.57 16228 15527 1.05 1.51
20180228 5810 5880 5710 5840 23938 13921917 2.92 1.11 0.17 10928 13010 0.84 1.14
20180227 5780 5850 5780 5830 23198 13479004 1.21 1.07 0.69 11579 11619 1.00 1.10
20180226 5680 5820 5650 5790 32951 18911474 3.01 1.63 2.48 13162 19789 0.67 1.57
20180223 5670 5710 5600 5650 19426 10991750 1.93 0.80 -1.05 14098 5328 2.65 0.92
20180222 5680 5730 5650 5710 15849 9033825 1.41 0.63 0.71 9901 5948 1.66 0.75
20180214 5580 5680 5540 5670 16684 9356739 2.48 0.62 0.53 6173 10511 0.59 0.79
20180213 5830 5830 5600 5640 23356 13262974 4.07 0.88 -0.18 14885 8471 1.76 1.11
20180212 5580 5720 5540 5650 25986 14646004 3.24 1.07 1.62 16144 9842 1.64 1.24
20180209 5430 5660 5410 5560 39003 21602812 4.46 1.80 -0.71 17421 21582 0.81 1.85
20180208 5450 5800 5430 5600 20231 11388848 6.76 0.87 2.38 10479 9752 1.07 0.96
20180207 5440 5550 5290 5470 25353 13844663 4.80 1.09 0.92 14082 11271 1.25 1.21
20180206 5800 5860 5400 5420 22379 12621258 7.82 1.02 -7.82 14280 8099 1.76 1.06
20180205 5920 5970 5870 5880 14842 8759084 1.66 0.66 -2.33 8765 6077 1.44 0.71
20180202 5980 6090 5770 6020 25241 14946032 5.34 1.26 0.50 9757 15484 0.63 1.20
20180201 6410 6430 5890 5990 28020 17250417 8.42 1.40 -6.55 17843 10177 1.75 1.33
20180131 6620 6690 6340 6410 25365 16461767 5.25 1.29 -3.90 15215 10150 1.50 1.21
20180130 6630 6720 6600 6670 16017 10623049 1.80 0.87 0.15 7577 8440 0.90 0.76
20180129 6770 6810 6600 6660 17342 11577912 3.10 0.91 -1.62 9204 8138 1.13 0.82
20180126 6780 6820 6750 6770 13395 9084795 1.03 0.72 0.00 8803 4593 1.92 0.64
20180125 6880 6880 6770 6770 27836 18988120 1.61 1.82 -0.88 18974 8862 2.14 1.32
20180124 6700 6840 6670 6830 23930 16183774 2.52 1.59 1.19 9113 14817 0.62 1.14
20180123 6730 6820 6720 6750 10076 6812950 1.48 0.61 0.00 4755 5321 0.89 0.48
20180122 6670 6830 6540 6750 20518 13726757 4.33 1.25 0.90 10123 10395 0.97 0.98
20180119 6720 6750 6670 6690 11180 7499235 1.19 0.57 -0.45 7027 4153 1.69 0.53
20180118 6740 6760 6660 6720 10912 7320674 1.49 0.44 -0.15 6545 4367 1.50 0.52
20180117 6690 6780 6650 6730 22622 15181992 1.94 0.92 0.60 12991 9631 1.35 1.08
20180116 6710 6750 6640 6690 17316 11597197 1.64 0.73 -0.15 10908 6408 1.70 0.82
20180115 6990 7000 6700 6700 20075 13686099 4.28 0.82 -4.42 12354 7721 1.60 0.95
20180112 7150 7170 6960 7010 27888 19603110 2.96 1.25 -1.13 19482 8406 2.32 1.33
20180111 6850 7150 6800 7090 36431 25392742 5.10 1.99 3.35 11883 24548 0.48 1.73
20180110 6930 6960 6780 6860 21390 14675078 2.58 1.10 -1.58 15343 6047 2.54 1.02
20180109 7000 7000 6920 6970 13555 9423271 1.14 0.67 -0.43 8096 5459 1.48 0.64
20180108 6940 7020 6910 7000 23444 16327282 1.59 1.32 0.86 11710 11734 1.00 1.11
20180105 6930 7000 6900 6940 17142 11893778 1.45 1.41 0.29 8999 8143 1.11 0.81
20180104 6920 6940 6880 6920 15832 10932804 0.86 1.02 -0.29 10786 5046 2.14 0.75
20180103 6870 6960 6840 6940 26898 18559942 1.74 2.12 0.73 15006 11892 1.26 1.28
20180102 6870 6900 6810 6890 17891 12267796 1.31 1.52 0.29 12902 4989 2.59 0.85
20171229 6890 6890 6790 6870 11132 7612728 1.46 1.02 0.00 7673 3459 2.22 0.53
20171228 6850 6910 6830 6870 11066 7597880 1.17 0.91 0.44 5042 6024 0.84 0.53
20171227 6830 6900 6810 6840 10531 7216345 1.31 0.90 -0.29 4884 5647 0.86 0.50
20171226 6740 6860 6710 6860 12877 8726932 2.23 1.17 1.78 5581 7296 0.76 0.61
20171225 6810 6840 6670 6740 13198 8870831 2.50 1.17 -1.03 7711 5487 1.41 0.63
20171222 6830 6900 6760 6810 7095 4841414 2.05 0.58 -0.44 4081 3014 1.35 0.34
20171221 6910 6920 6710 6840 16950 11544215 3.03 1.23 -1.44 10054 6896 1.46 0.81
20171220 7030 7030 6890 6940 8118 5629442 1.99 0.53 -1.14 5164 2954 1.75 0.39
20171219 6960 7040 6950 7020 9718 6804425 1.29 0.59 0.72 5237 4481 1.17 0.46
20171218 7090 7090 6870 6970 14504 10093637 3.12 0.82 -1.27 9120 5384 1.69 0.69
20171215 7020 7080 6960 7060 12374 8691228 1.71 0.59 0.43 5088 7286 0.70 0.59
20171214 6890 7080 6850 7030 24061 16729442 3.34 1.33 2.03 8419 15642 0.54 1.14
20171213 6840 6940 6780 6890 15478 10635390 2.34 0.81 0.58 6827 8651 0.79 0.74
20171212 6920 6950 6790 6850 15723 10776616 2.31 0.78 -1.01 9376 6347 1.48 0.75
20171211 6920 6950 6880 6920 20456 14130981 1.01 1.07 -0.14 11160 9296 1.20 0.97
20171208 6850 6950 6800 6930 29727 20377234 2.20 1.87 1.46 19186 10541 1.82 1.41
20171207 6860 6890 6780 6830 9210 6308086 1.60 0.57 -0.58 6572 2638 2.49 0.44
20171206 6740 6890 6660 6870 19936 13500798 3.40 1.30 1.48 8439 11497 0.73 0.95
20171205 6940 6960 6680 6770 21707 14781590 4.02 1.63 -2.87 14059 7648 1.84 1.03
20171204 7080 7100 6880 6970 14838 10333702 3.10 1.07 -1.69 8700 6138 1.42 0.71
20171201 7070 7120 7000 7090 13800 9753003 1.70 1.00 0.28 7029 6771 1.04 0.66
20171130 7090 7130 7030 7070 10613 7504989 1.41 0.65 -0.28 7940 2673 2.97 0.50
20171129 7040 7200 6940 7090 16001 11247175 3.69 0.97 0.57 7582 8419 0.90 0.76
20171128 6920 7050 6880 7050 11438 7975513 2.46 0.66 2.17 5171 6267 0.83 0.54
20171127 6910 7030 6850 6900 17469 12136909 2.59 0.96 -0.72 9203 8265 1.11 0.83
20171124 6860 7000 6800 6950 13818 9521892 2.90 0.59 0.87 5365 8453 0.63 0.66
20171123 6900 6940 6750 6890 22753 15610917 2.75 1.02 -0.14 11300 11453 0.99 1.08
20171122 7000 7040 6870 6900 17161 11925062 2.44 0.72 -1.15 9546 7615 1.25 0.82
20171121 7010 7100 6940 6980 15644 10952257 2.27 0.64 -1.13 8470 7175 1.18 0.74
20171120 7030 7060 6780 7060 21859 15097569 3.95 0.95 -0.28 11359 10500 1.08 1.04
20171117 7490 7510 6980 7080 40502 29234341 7.05 2.27 -5.85 28710 11793 2.43 1.93
20171116 7550 7650 7510 7520 16054 12135756 1.85 0.90 -0.40 8825 7229 1.22 0.76
20171115 7490 7590 7430 7550 25234 18942314 2.14 1.51 0.80 13448 11786 1.14 1.20
20171114 7480 7640 7430 7490 18521 13867467 2.79 1.22 -0.53 9624 8897 1.08 0.88
20171113 7560 7560 7440 7530 14963 11210611 1.59 0.90 -0.40 7800 7163 1.09 0.71
20171110 7540 7600 7510 7560 14370 10849356 1.19 0.76 0.13 6061 8309 0.73 0.68
20171109 7470 7560 7430 7550 16071 12074945 1.74 0.81 1.07 7256 8815 0.82 0.76
20171108 7350 7540 7350 7470 19725 14728208 2.57 0.96 0.95 9226 10499 0.88 0.94
20171107 7370 7430 7320 7400 10959 8075602 1.49 0.48 0.27 6560 4400 1.49 0.52
20171106 7280 7520 7170 7380 22258 16215004 4.83 0.92 1.93 9090 13168 0.69 1.06
20171103 7420 7420 7170 7240 25142 18326891 3.38 1.13 -2.16 15670 9472 1.65 1.20
20171102 7580 7630 7350 7400 21487 16026509 3.71 1.03 -1.86 12929 8558 1.51 1.02
20171101 7570 7580 7500 7540 22370 16866372 1.06 1.17 -0.40 15417 6953 2.22 1.06
20171031 7580 7720 7500 7570 23582 17813238 2.91 1.32 0.13 17478 6104 2.86 1.12
20171030 7890 7890 7520 7560 27817 21244900 4.67 1.81 -4.67 18078 9739 1.86 1.32
20171027 7960 7970 7830 7930 15869 12510470 1.76 1.04 -0.25 9631 6238 1.54 0.75
20171026 7960 7970 7900 7950 14478 11493322 0.88 0.84 -0.13 9096 5382 1.69 0.69
20171025 7900 8080 7850 7960 13910 11032307 2.91 0.78 0.76 9345 4565 2.05 0.66
20171024 7950 7960 7820 7900 17502 13788987 1.76 0.98 -0.63 12133 5369 2.26 0.83
20171023 7880 7970 7870 7950 15051 11916872 1.26 0.71 0.13 9844 5207 1.89 0.72
20171020 7860 7950 7810 7940 15646 12341243 1.79 0.69 1.28 8842 6804 1.30 0.74
20171019 7920 7990 7680 7840 24559 19210301 3.92 1.12 -0.76 12798 11761 1.09 1.17
20171018 8110 8130 7900 7900 15868 12768507 2.85 0.68 -2.23 9251 6617 1.40 0.75
20171017 8140 8200 8050 8080 17939 14560015 1.82 0.65 -1.70 9790 8149 1.20 0.85
20171016 8340 8360 8050 8220 31643 25931029 3.71 1.22 -1.67 19960 11683 1.71 1.50
20171013 8360 8420 8280 8360 23791 19870923 1.68 0.95 0.12 10464 13327 0.79 1.13
20171012 8310 8420 8210 8350 20800 17277534 2.54 0.85 0.97 11184 9617 1.16 0.99
20171011 8330 8420 8250 8270 21848 18174910 2.04 0.93 -0.72 11973 9875 1.21 1.04
20171010 8120 8360 8100 8330 40187 33200764 3.20 1.95 2.59 15674 24513 0.64 1.91
20171009 8050 8160 8000 8120 23344 18878612 2.00 0.88 1.63 10643 12701 0.84 1.11
20170929 7840 8070 7840 7990 18815 14986058 2.94 0.51 2.04 7872 10943 0.72 0.89
20170928 7940 8000 7820 7830 18043 14260152 2.27 0.40 -1.39 12031 6012 2.00 0.86
20170927 7860 7990 7860 7940 16498 13099933 1.65 0.36 0.89 6991 9507 0.74 0.78
20170926 7940 8010 7800 7870 26520 20921351 2.63 0.62 -1.50 15030 11490 1.31 1.26
20170925 8230 8280 7950 7990 52145 42252384 3.96 1.42 -4.08 31666 20479 1.55 2.48
20170922 8610 8610 8300 8330 71046 59797931 3.72 2.67 -0.12 43357 27689 1.57 3.38
20170921 8550 8590 8290 8340 61973 52309824 3.55 3.59 -1.18 41128 20845 1.97 2.95
20170920 8330 8480 8280 8440 15899 13297228 2.41 0.90 1.56 5336 10563 0.51 0.76
20170919 8340 8420 8300 8310 12267 10236032 1.44 0.59 -0.60 7354 4913 1.50 0.58
20170918 8330 8380 8270 8360 22785 18961043 1.31 1.18 -0.24 11004 11781 0.93 1.08
20170915 8400 8450 8280 8380 20131 16784181 2.03 1.01 -0.12 10594 9537 1.11 0.96
20170914 8480 8490 8360 8390 15122 12721712 1.54 0.68 -0.83 9583 5540 1.73 0.72
20170913 8400 8470 8380 8460 17540 14792206 1.07 0.73 0.48 7977 9563 0.83 0.83
20170912 8530 8540 8330 8420 28606 24115596 2.48 1.20 -0.71 14746 13860 1.06 1.36
20170911 8430 8550 8380 8480 15462 13090759 2.01 0.57 0.36 7734 7727 1.00 0.73
20170908 8360 8460 8320 8450 23401 19642587 1.67 0.72 0.72 10251 13150 0.78 1.11
20170907 8380 8510 8300 8390 26584 22393169 2.50 0.86 0.00 12715 13869 0.92 1.26
20170906 8330 8410 8260 8390 25709 21465460 1.80 0.84 0.60 10249 15460 0.66 1.22
20170905 8400 8410 8260 8340 27694 23025344 1.80 0.90 -0.12 12703 14992 0.85 1.32
20170904 8220 8450 8200 8350 31459 26206201 3.03 1.00 1.21 13131 18328 0.72 1.50
20170901 8110 8330 8090 8250 50076 41128628 2.96 1.83 1.60 23751 26325 0.90 2.38
20170831 8070 8140 8060 8120 19650 15916172 0.99 0.70 0.62 9039 10611 0.85 0.93
20170830 8140 8180 8040 8070 23706 19220628 1.72 0.86 -0.86 15025 8681 1.73 1.13
20170829 8130 8190 8090 8140 28953 23536693 1.23 1.10 0.00 15102 13851 1.09 1.38
20170828 8070 8220 8020 8140 35231 28654702 2.48 1.55 0.99 14162 21069 0.67 1.67
20170825 7950 8100 7930 8060 29015 23318557 2.14 1.22 1.38 14415 14600 0.99 1.38
20170824 8030 8120 7950 7950 22706 18243719 2.10 0.76 -1.61 13048 9658 1.35 1.08
20170823 8050 8140 7970 8080 21212 17122052 2.11 0.66 0.37 10919 10293 1.06 1.01
20170822 8160 8160 7960 8050 22901 18428056 2.45 0.72 -1.23 15688 7213 2.17 1.09
20170821 8090 8170 8090 8150 17984 14614222 0.99 0.50 0.49 9665 8319 1.16 0.85
20170818 8160 8200 8080 8110 34407 27951358 1.46 0.99 -1.34 20184 14223 1.42 1.64
20170817 8060 8280 8040 8220 53072 43353269 2.97 1.83 1.86 25400 27672 0.92 2.52
20170816 7940 8080 7910 8070 33279 26711108 2.14 1.18 1.64 14932 18347 0.81 1.58
20170815 7930 7980 7870 7940 19633 15559433 1.39 0.69 0.00 10226 9407 1.09 0.93
20170814 7800 7950 7700 7940 38990 30550868 3.21 1.60 1.79 18603 20387 0.91 1.85
20170811 7890 8000 7740 7800 29656 23270065 3.29 1.23 -1.27 15236 14421 1.06 1.41
20170810 7940 7980 7750 7900 23101 18184970 2.89 0.97 -0.88 13391 9710 1.38 1.10
20170809 7900 8080 7830 7970 29760 23740584 3.17 1.31 1.01 13535 16225 0.83 1.41
20170808 7860 7950 7770 7890 20442 16075402 2.30 0.93 0.64 9601 10841 0.89 0.97
20170807 7810 7910 7780 7860 19046 14946147 1.66 0.87 0.51 8027 11019 0.73 0.91
20170804 7800 7860 7660 7820 27967 21723469 2.58 1.35 0.77 12960 15006 0.86 1.33
20170803 7650 7850 7630 7760 22175 17217710 2.88 0.88 1.44 9364 12810 0.73 1.05
20170802 7800 7800 7630 7650 24195 18628182 2.18 1.02 -1.92 15958 8237 1.94 1.15
20170801 7800 7830 7730 7800 16160 12559404 1.28 0.67 0.00 7842 8317 0.94 0.77
20170731 7810 7880 7750 7800 18440 14374261 1.67 0.76 0.00 10119 8321 1.22 0.88
20170728 7920 7930 7780 7800 22926 17974367 1.90 0.88 -1.39 14413 8513 1.69 1.09
20170727 7660 7940 7600 7910 44683 34998870 4.42 1.96 2.86 18945 25738 0.74 2.12
20170726 7730 7770 7620 7690 16447 12639807 1.94 0.59 -0.65 8471 7976 1.06 0.78
20170725 7640 7780 7590 7740 18472 14192262 2.47 0.54 0.78 10841 7631 1.42 0.88
20170724 7520 7690 7520 7680 18443 14065686 2.24 0.42 1.05 8731 9712 0.90 0.88
20170721 7500 7680 7500 7600 31814 24167303 2.40 0.76 1.47 14176 17638 0.80 1.51
20170720 7560 7670 7490 7490 29040 21954323 2.39 0.73 -0.40 16573 12467 1.33 1.38
20170719 7360 7650 7310 7520 40781 30402837 4.61 1.11 1.90 16965 23816 0.71 1.94
20170718 7250 7460 7150 7380 52058 37953732 4.20 1.65 0.00 27847 24211 1.15 2.47
20170717 7950 7990 7380 7380 65561 49655782 7.44 2.73 -10.00 35081 30480 1.15 3.12
20170714 8260 8300 8160 8200 22213 18262780 1.68 0.91 -1.32 13513 8699 1.55 1.06
20170713 8370 8370 8230 8310 18521 15339019 1.68 0.69 -0.36 10783 7738 1.39 0.88
20170712 8350 8390 8150 8340 25354 20959130 2.87 0.95 -0.12 13970 11384 1.23 1.21
20170711 8570 8630 8340 8350 26052 22143190 3.38 0.95 -2.68 16126 9926 1.62 1.24
20170710 8700 8730 8580 8580 27872 24065944 1.72 1.09 -1.61 19151 8721 2.20 1.32
20170707 8600 8740 8580 8720 23945 20729035 1.85 0.86 0.81 12030 11915 1.01 1.14
20170706 8720 8740 8600 8650 30601 26543705 1.61 1.17 -0.57 19811 10790 1.84 1.45
20170705 8620 8720 8580 8700 25256 21906325 1.62 1.00 0.46 13514 11742 1.15 1.20
20170704 8780 8780 8600 8660 29077 25252437 2.05 1.16 -1.25 21125 7952 2.66 1.38
20170703 8780 8780 8660 8770 18390 16038036 1.37 0.70 0.46 8685 9705 0.89 0.87
20170630 8550 8780 8520 8730 36143 31320356 3.03 1.32 1.87 16428 19715 0.83 1.72
20170629 8500 8700 8450 8570 22172 19044828 2.94 0.58 0.71 9938 12233 0.81 1.05
20170628 8540 8600 8470 8510 20627 17596822 1.51 0.53 -1.39 13367 7260 1.84 0.98
20170627 8470 8650 8430 8630 27781 23810092 2.59 0.71 1.77 12785 14995 0.85 1.32
20170626 8340 8480 8250 8480 25138 21070337 2.77 0.67 2.05 11141 13998 0.80 1.19
20170623 8480 8480 8170 8310 40717 33879131 3.70 1.18 -0.72 23228 17489 1.33 1.93
20170622 8600 9040 8370 8370 77621 67663771 7.81 2.87 -2.45 42759 34863 1.23 3.69
20170621 8660 8690 8460 8580 23815 20386026 2.67 0.86 -0.46 14651 9164 1.60 1.13
20170620 8680 8810 8610 8620 27224 23697645 2.31 0.93 -0.46 13676 13548 1.01 1.29
20170619 8580 8720 8540 8660 17108 14748075 2.09 0.56 0.46 8512 8596 0.99 0.81
20170616 8660 8780 8550 8620 26932 23228784 2.67 0.87 0.00 13869 13063 1.06 1.28
20170615 8460 8710 8450 8620 40195 34595642 3.07 1.48 1.89 17357 22838 0.76 1.91
20170614 8460 8590 8410 8460 26357 22360212 2.13 0.94 0.00 14489 11868 1.22 1.25
20170613 8180 8480 8100 8460 36319 30393424 4.65 1.40 3.55 12640 23680 0.53 1.73
20170612 8410 8420 8070 8170 23812 19602087 4.16 0.94 -2.85 17241 6571 2.62 1.13
20170609 8330 8430 8250 8410 27926 23259266 2.16 1.11 0.96 13207 14719 0.90 1.33
20170608 8380 8470 8300 8330 21623 18109069 2.02 0.80 -0.83 13511 8112 1.67 1.03
20170607 8200 8430 8170 8400 30470 25382256 3.18 1.20 2.69 11253 19216 0.59 1.45
20170606 8160 8240 8050 8180 26064 21248492 2.34 1.05 0.74 14233 11831 1.20 1.24
20170605 8030 8160 8010 8120 20596 16678543 1.87 0.72 1.12 9956 10640 0.94 0.98
20170602 7800 8080 7720 8030 27449 21672078 4.60 0.96 2.55 12060 15389 0.78 1.30
20170601 8210 8240 7800 7830 29980 23926862 5.36 1.02 -4.63 21010 8970 2.34 1.42
20170531 8320 8490 8210 8210 23023 19183754 3.41 0.77 -0.12 12773 10249 1.25 1.09
20170526 8170 8290 8160 8220 23645 19459925 1.58 0.80 -0.36 12978 10667 1.22 1.12
20170525 8170 8320 7920 8250 38962 31616136 4.89 1.46 0.86 20020 18942 1.06 1.85
20170524 8000 8220 7930 8180 27786 22445285 3.59 1.01 1.24 14645 13141 1.11 1.32
20170523 8500 8550 8010 8080 33464 27893706 6.33 1.18 -5.28 19729 13735 1.44 1.59
20170522 8890 8890 8510 8530 26613 23106237 4.27 1.00 -4.05 17568 9045 1.94 1.26
20170519 8880 8920 8800 8890 20761 18379825 1.35 0.73 0.23 12517 8244 1.52 0.99
20170518 8830 9000 8810 8870 24976 22216234 2.13 0.79 -0.56 13268 11708 1.13 1.19
20170517 8850 9020 8830 8920 31450 28097159 2.14 1.03 0.45 16379 15071 1.09 1.49
20170516 8580 8920 8420 8880 37711 32761766 5.85 1.30 3.86 14418 23294 0.62 1.79
20170515 8530 8640 8510 8550 18787 16116670 1.52 0.60 0.12 10988 7799 1.41 0.89
20170512 8600 8650 8390 8540 28463 24249477 3.00 0.88 -1.50 16029 12434 1.29 1.35
20170511 8760 8820 8340 8670 40863 35190197 5.44 1.43 -1.70 25234 15629 1.61 1.94
20170510 9150 9190 8820 8820 26796 24166118 4.05 1.00 -3.50 17302 9494 1.82 1.27
20170509 8730 9210 8730 9140 30675 27702179 5.36 1.24 2.12 14048 16627 0.84 1.46
20170508 9010 9160 8920 8950 29664 26856792 2.66 1.24 -0.89 14565 15099 0.96 1.41
20170505 9310 9360 9020 9030 33877 31066744 3.64 1.29 -3.22 22454 11423 1.97 1.61
20170504 9360 9470 9300 9330 21881 20538705 1.81 0.82 -0.43 11267 10614 1.06 1.04
20170503 9320 9380 9310 9370 17483 16344705 0.75 0.62 0.43 9403 8080 1.16 0.83
20170502 9400 9400 9310 9330 20677 19326346 0.96 0.63 -0.74 11939 8738 1.37 0.98
20170428 9300 9430 9250 9400 25466 23802790 1.93 0.80 0.97 10768 14698 0.73 1.21
20170427 9100 9350 8870 9310 45830 41794257 5.25 1.65 1.86 24109 21721 1.11 2.18
20170426 9190 9220 9070 9140 23712 21676642 1.64 0.72 0.11 12855 10857 1.18 1.13
20170425 9090 9240 9040 9130 25436 23270727 2.21 0.77 1.11 12650 12785 0.99 1.21
20170424 9540 9630 9000 9030 44739 40959519 6.56 1.49 -5.94 27618 17121 1.61 2.13
20170421 9790 9790 9580 9600 20034 19347768 2.17 0.65 -0.93 10481 9553 1.10 0.95
20170420 9660 9830 9570 9690 25208 24431217 2.67 0.85 -0.41 15350 9857 1.56 1.20
20170419 9880 9970 9500 9730 50024 48723426 4.75 1.97 -1.62 25871 24154 1.07 2.38
20170418 10170 10170 9860 9890 25503 25670630 3.07 0.94 -2.08 15852 9650 1.64 1.21
20170417 10330 10330 10030 10100 29621 30092474 2.90 0.93 -2.32 17715 11906 1.49 1.41
20170414 10580 10580 10300 10340 24102 25140850 2.65 0.73 -1.99 15864 8238 1.93 1.15
20170413 10460 10610 10430 10550 18182 19166935 1.72 0.51 0.86 8631 9551 0.90 0.86
20170412 10460 10610 10430 10460 29711 31287792 1.71 0.83 -0.66 15604 14107 1.11 1.41
20170411 10180 10550 10180 10530 33961 35327930 3.57 0.99 1.74 17635 16326 1.08 1.61
20170410 10790 10790 10290 10350 52466 55339641 4.63 1.54 -4.08 34048 18417 1.85 2.49
20170407 10770 10840 10690 10790 29945 32187121 1.39 0.79 0.19 13961 15985 0.87 1.42
20170406 10770 10840 10680 10770 31168 33503079 1.48 0.83 -0.09 19503 11665 1.67 1.48
20170405 10540 10780 10540 10780 32154 34346160 2.27 0.87 2.18 14255 17899 0.80 1.53
20170331 10490 10550 10450 10550 25330 26597949 0.96 0.65 0.96 14943 10387 1.44 1.20
20170330 10820 10820 10440 10450 52054 55086926 3.51 1.29 -3.51 32845 19209 1.71 2.47
20170329 11120 11160 10830 10830 48907 53563752 2.97 1.04 -2.52 31535 17372 1.82 2.32
20170328 11200 11240 11110 11110 29273 32666943 1.16 0.57 -0.80 17690 11583 1.53 1.39
20170327 11200 11280 11180 11200 30050 33748465 0.89 0.52 -0.09 16095 13955 1.15 1.43
20170324 11200 11240 11100 11210 35307 39484253 1.25 0.51 0.09 20056 15250 1.32 1.68
20170323 11340 11370 11040 11200 57487 64513018 2.92 0.83 -0.97 35955 21532 1.67 2.73
20170322 11510 11580 11250 11310 83994 95709427 2.83 1.35 -3.00 53559 30435 1.76 3.99
20170321 11750 11860 11630 11660 48288 56565512 1.96 0.74 -0.85 48019 269 178.51 2.29
20170320 11650 11760 11520 11760 62502 72751954 2.07 0.97 1.20 34707 27794 1.25 2.97
20170317 11620 11940 11600 11620 95174 111956509 2.93 1.56 0.00 50227 44947 1.12 4.52
20170316 11550 11650 11480 11620 54493 63070307 1.47 0.75 0.61 31186 23307 1.34 2.59
20170315 11590 11600 11450 11550 51333 59068813 1.29 0.68 -0.69 31140 20193 1.54 2.44
20170314 11620 11800 11550 11630 64122 74680730 2.15 0.82 0.17 34955 29168 1.20 3.05
20170313 11500 11620 11370 11610 57187 65723443 2.17 0.67 0.87 32497 24690 1.32 2.72
20170310 11710 11730 11430 11510 77765 89955883 2.56 0.98 -1.88 49409 28356 1.74 3.69
20170309 11520 11850 11510 11730 113763 133345871 2.93 1.77 1.12 53365 60398 0.88 5.41
20170308 11500 11730 11480 11600 64109 74451849 2.17 1.05 0.78 32517 31592 1.03 3.05
20170307 11500 11700 11440 11510 77820 89956953 2.26 1.40 -0.09 40812 37008 1.10 3.70
20170306 11190 11590 11190 11520 95878 109587869 3.58 2.09 3.04 39508 56370 0.70 4.56
20170303 11230 11250 11090 11180 44455 49626546 1.42 0.91 -0.71 26255 18200 1.44 2.11
20170302 11350 11410 11230 11260 39646 44853585 1.59 0.83 -0.53 22891 16755 1.37 1.88
20170301 11300 11410 11280 11320 47994 54509108 1.14 0.99 -0.88 27958 20036 1.40 2.28
20170228 11190 11430 11130 11420 50646 57030662 2.68 0.99 2.06 23403 27242 0.86 2.41
20170227 11390 11420 11150 11190 46870 52927414 2.37 0.93 -1.58 28528 18343 1.56 2.23
20170224 11330 11460 11310 11370 58483 66537731 1.32 1.22 0.18 29955 28528 1.05 2.78
20170223 11370 11370 11220 11350 36047 40658736 1.32 0.73 0.00 23002 13045 1.76 1.71
20170222 11300 11400 11200 11350 49236 55606913 1.77 1.00 0.62 26411 22825 1.16 2.34
20170221 11050 11360 11050 11280 65330 73363090 2.81 1.49 2.08 27976 37354 0.75 3.10
20170220 10900 11080 10900 11050 43675 47988572 1.63 - 0.36 26980 16695 1.62 2.08
20170217 11170 11230 10980 11010 45951 51011171 2.24 0.85 -1.26 29745 16206 1.84 2.18
20170216 11070 11200 11030 11150 41865 46577343 1.54 0.75 0.81 20210 21655 0.93 1.99
20170215 11180 11330 11030 11060 50405 56479970 2.67 0.90 -1.43 33041 17364 1.90 2.39
20170214 11300 11380 11180 11220 37912 42691709 1.76 0.65 -1.49 24881 13031 1.91 1.80
20170213 11210 11430 10990 11390 72856 81847989 3.90 1.41 0.98 37485 35370 1.06 3.46
20170210 11350 11530 11260 11280 67390 76847245 2.38 1.51 -0.44 36913 30477 1.21 3.20
20170209 11290 11420 11260 11330 51959 58935008 1.42 1.27 0.35 26905 25054 1.07 2.47
20170208 11100 11320 11030 11290 49745 55681446 2.60 1.06 1.26 21381 28365 0.75 2.36
20170207 11160 11250 11010 11150 48011 53488786 2.14 0.74 -0.36 30000 18011 1.67 2.28
20170206 10970 11220 10940 11190 40424 44848832 2.55 0.62 2.01 17454 22970 0.76 1.92
20170203 11150 11150 10890 10970 33531 36931505 2.34 0.48 -1.35 22233 11299 1.97 1.59
20170126 11110 11230 11080 11120 33616 37487996 1.35 0.47 0.09 19348 14268 1.36 1.60
20170125 11210 11210 10950 11110 79516 88079048 2.32 1.24 -1.07 50882 28634 1.78 3.78
20170124 10860 11880 10770 11230 139385 159706217 10.28 2.75 3.98 68265 71120 0.96 6.62
20170123 10760 10920 10710 10800 39294 42508835 1.96 0.59 0.65 21304 17990 1.18 1.87
20170120 10550 10920 10460 10730 56979 61273431 4.36 0.78 1.71 26765 30214 0.89 2.71
20170119 10550 10650 10330 10550 42165 44211229 3.03 0.55 -0.19 23480 18685 1.26 2.00
20170118 10680 10690 10510 10570 43951 46631042 1.68 0.54 -1.12 26835 17116 1.57 2.09
20170117 10480 10830 10120 10690 70831 74712472 6.72 0.89 1.14 36864 33966 1.09 3.37
20170116 11350 11400 10380 10570 120643 130687435 8.85 1.60 -8.33 75686 44956 1.68 5.73
20170113 11640 11910 11510 11530 88326 103684606 3.43 1.14 -1.03 46820 41506 1.13 4.20
20170112 11600 11690 11500 11650 58070 67426208 1.64 0.66 0.78 32933 25137 1.31 2.76
20170111 11850 11870 11520 11560 72210 84214376 2.94 0.74 -2.78 43740 28470 1.54 3.43
20170110 11840 11940 11790 11890 59952 71176981 1.27 0.57 0.68 34259 25693 1.33 2.85
20170109 11970 11970 11650 11810 97985 115482910 2.67 0.97 -1.58 58520 39465 1.48 4.66
20170106 12220 12370 12000 12000 99558 120917908 3.00 1.00 -2.83 62277 37281 1.67 4.73
20170105 12560 12630 12310 12350 109189 135806145 2.54 1.09 -1.98 76011 33178 2.29 5.19
20170104 12450 12790 12450 12600 122505 154291743 2.75 1.26 1.94 62285 60219 1.03 5.82
20170103 12170 12400 12160 12360 98203 120556065 1.98 0.95 1.90 51395 46808 1.10 4.67
20161230 12250 12310 12030 12130 77671 94540544 2.31 0.65 0.00 46045 31626 1.46 3.69
20161229 12210 12490 12100 12130 88149 108105869 3.19 0.63 -0.66 54498 33652 1.62 4.19
20161228 12300 12670 12190 12210 116056 144327783 3.91 0.67 -0.65 60700 55356 1.10 5.51
20161227 12310 12460 12150 12290 104549 128646054 2.49 0.49 -1.13 58767 45782 1.28 4.97
20161226 11960 12430 11850 12430 129046 157949771 4.78 0.53 2.39 64900 64146 1.01 6.13
20161223 12540 12640 12040 12140 163433.77 201042174.920
20161222 12890 12890 12450 12690 189089.24 238758842.710
20161221 12900 13440 12610 13050 277624.48 362711888.900
20161220 12800 13810 12610 12750 318634.00 419197507.260
20161219 12700 13000 12530 12750 260892.14 331897228.130
20161216 12650 13350 12380 13020 489348.16 637745878.940
20161215 10950 12140 10950 12140 152029.17 176156696.240
20161214 11160 11470 10930 11040 137872.84 154055425.790
20161213 11290 11330 10800 11300 192529.88 212850317.110
20161212 12200 12500 11330 11450 246199.83 293372930.200
20161209 12200 12630 12000 12330 353743.13 435556320.390
20161208 11480 12020 11410 12020 118614.09 140901481.990
20161207 10700 10950 10700 10930 32199.45 34960014.550
20161206 10670 10830 10670 10740 33711.05 36326178.390
20161205 10630 10780 10520 10710 38184.44 40794874.000
20161202 11150 11150 10580 10590 72761.49 78463416.370
20161201 11050 11170 11030 11150 39152.71 43403696.240
20161130 10980 11150 10890 11060 47353.53 52270324.520
20161129 11360 11370 11010 11010 62569.89 69939593.020
20161128 11440 11470 11310 11350 39700.68 45299839.000
20161125 11280 11540 11010 11460 72040.50 81338480.330
20161124 11410 11450 11260 11330 65184.98 74106699.700
20161123 11760 11840 11410 11420 78116.42 90813292.890
20161122 11650 11850 11550 11770 69961.04 81840774.960
20161121 11600 11730 11470 11620 56219.30 65103751.730
20161118 11640 11750 11480 11680 74705.72 86912814.250
20161117 11600 11800 11470 11640 86427.31 100273636.270
20161116 11900 12310 11650 11650 140410.97 167804652.450
20161115 11460 11880 11410 11870 118077.54 137533431.710
20161114 11160 11470 11150 11470 87507.08 98830450.170
20161111 11200 11440 11120 11240 100976.68 113732431.440
20161110 11090 11200 11010 11190 81750.75 90907487.700
20161109 10900 11170 10640 11040 133052.11 145177284.290
20161108 10960 10990 10830 10870 71358.52 77622239.690
20161107 10750 10900 10630 10900 75154.51 81246964.010
20161104 10730 10860 10670 10750 74126.41 79721920.660
20161103 10850 10900 10600 10780 115607.18 124720876.990
20161102 10410 10970 10400 10770 199416.38 215319389.090
20161101 10370 10430 10280 10430 48500.59 50256242.600
20161031 10320 10360 10200 10330 35180.00 36133094.030
20161028 10480 10510 10310 10370 45892.00 47655791.980
20161027 10530 10540 10400 10480 50267.92 52603272.760
20161026 10390 10570 10290 10560 93294.12 97386488.440
20161025 10470 10530 10360 10390 52898.76 55097302.300
20161024 10370 10500 10270 10480 65904.04 68465161.800
20161021 10350 10370 10130 10350 60595.44 62055977.330
20161020 10300 10430 10260 10340 54298.73 56095541.880
20161019 10290 10450 10250 10360 69809.07 72064163.150
20161018 10080 10340 10030 10330 75698.46 77344648.880
20161017 10180 10260 10020 10100 64929.84 66064713.280
20161014 10100 10160 9980 10120 52346.55 52757115.030
20161013 10110 10160 10010 10150 66098.19 66645456.470
20161012 10080 10280 10030 10100 102997.87 104440793.930
20161011 9990 10030 9930 10020 58899.26 58776007.690
20161010 9880 10020 9800 9980 58825.03 58352751.790
20160930 9740 9890 9710 9820 52449.51 51491679.800
20160929 9570 9780 9520 9740 62858.57 60858014.210
20160928 9490 9570 9460 9540 37896.89 36144581.200
20160927 9400 9530 9360 9520 47769.98 45071847.680
20160926 9850 9890 9400 9410 88831.60 85690910.600
20160923 9930 9940 9830 9850 45964.00 45401214.100
20160922 9970 9980 9870 9900 61009.37 60471219.330
20160921 9880 9950 9860 9890 50524.32 50061540.920
20160920 10160 10190 9830 9880 149523.36 149442938.740
20160919 10180 10270 10100 10180 84722.00 85974436.000
20160914 10140 10180 10040 10130 41912.00 42383318.480
20160913 10200 10220 10110 10150 41948.00 42554278.000
20160912 10220 10360 10070 10160 77593.18 78857556.440
20160909 10460 10480 10360 10390 66869.86 69645639.550
20160908 10400 10470 10350 10450 75313.80 78345722.020
20160907 10350 10520 10320 10410 112212.06 117105796.850
20160906 10290 10370 10080 10360 116861.90 119592806.940
20160905 10320 10450 10230 10280 79184.87 81686941.120
20160902 10250 10370 10220 10300 87566.15 90210351.220
20160901 10250 10390 10220 10250 66763.09 68641245.270
20160831 10180 10300 10030 10280 88039.48 89502791.590
20160830 10180 10220 10130 10170 49133.68 49977538.750
20160829 10170 10250 10100 10170 60935.82 61991754.720
20160826 10170 10230 10130 10180 87253.56 88789579.060
20160825 10150 10280 9990 10160 85549.41 86579109.920
20160824 10150 10220 10090 10150 68185.23 69172634.170
20160823 10260 10340 10060 10120 115260.14 117331041.180
20160822 10290 10490 10200 10300 97006.73 99951966.330
20160819 10320 10510 10240 10340 117920.82 122205535.220
20160818 10120 10570 10090 10400 221241.16 229392441.820
20160817 10050 10300 10000 10220 245764.46 249466463.960
20160816 10600 11180 10300 10330 477390.08 512497386.770
20160815 9920 10160 9860 10160 172814.70 174019038.430
20160812 9810 9970 9760 9970 58754.56 58064397.040
20160811 9850 9930 9780 9870 63192.05 62293946.830
20160810 9760 10070 9760 9880 108436.02 107451664.000
20160809 9710 9790 9640 9760 73546.28 71448948.620
20160808 9560 9780 9510 9720 70473.00 67727932.640
20160805 9690 9730 9550 9560 82924.91 79834429.820
20160804 9590 9830 9380 9790 142150.75 136543807.190
20160803 9910 10180 9820 9820 200415.19 199400909.610
20160802 9660 9790 9600 9780 55650.28 54028784.540
20160801 9850 9900 9590 9740 133577.13 130298243.690
20160729 9870 9870 9520 9710 95282.03 92324806.560
20160728 10100 10160 9660 9850 146052.64 143904618.330
20160727 10280 10730 10000 10160 277755.89 287733769.450
20160726 11700 11700 10530 10530 319104.08 348996731.240
20160725 11620 11810 11580 11700 54471.57 63773332.850
20160722 11560 11760 11420 11630 60426.50 69885802.250
20160721 11600 11850 11560 11570 58672.43 68429012.890
20160720 11700 11740 11570 11650 38903.78 45324462.190
20160719 11590 11720 11410 11700 44435.78 51403583.300
20160718 11630 11630 11380 11530 50771.39 58315999.690
20160715 11850 11850 11500 11610 51400.55 59852369.980
20160714 11800 11850 11660 11780 51785.50 60851478.230
20160713 11490 11780 11440 11780 94025.60 109352856.320
20160712 11790 11850 11150 11530 156847.70 180485232.100
20160711 12200 12260 11720 12070 191090.60 229206307.590
20160708 12290 12550 12190 12460 93932.42 116214152.310
20160707 12280 12580 12010 12320 112464.71 138028061.650
20160706 12250 12330 12160 12250 71302.76 87260723.630
20160705 12510 12650 12200 12310 92174.80 113722133.890
20160704 12260 12560 12210 12470 83291.37 103568275.420
20160701 12370 12550 12130 12310 81417.53 100369088.000
20160630 12500 12690 12240 12410 112157.15 139642088.250
20160629 12200 12590 12030 12490 208372.09 257780225.380
20160628 11930 12390 11850 12260 156271.63 189759810.480
20160627 11440 12200 11420 12040 122564.29 146011947.540
20160624 11700 11750 11100 11520 106667.07 123268124.960
20160623 11850 11850 11530 11740 130834.51 153143339.340
20160622 11650 12070 11440 12000 217548.09 256441350.850
20160621 11610 11730 11180 11450 117638.64 134981342.060
20160620 11730 11730 11330 11580 74198.41 85561248.980
20160617 11720 11860 11580 11720 107474.53 125657818.010
20160616 11370 11980 11320 11800 195454.86 228826676.770
20160615 10660 11680 10530 11350 185818.76 210870678.150
20160614 10910 11050 10710 10810 83397.02 90281752.510
20160613 11040 11620 10950 11070 162242.45 184114531.430
20160608 11290 11350 11120 11240 72118.20 81120974.770
20160607 11450 11580 11180 11400 133832.89 152456248.270
20160606 11310 11450 11120 11350 86688.82 97878944.760
20160603 11180 11460 11130 11260 97613.31 110413439.970
20160602 10990 11250 10930 11230 112379.63 124575377.280
20160601 11110 11410 11060 11090 177230.66 198727283.840
20160531 10550 11230 10550 11170 127558.43 139682949.280
20160530 10240 10640 10120 10640 101092.20 106089105.230
20160527 10400 10460 10120 10350 67485.50 69577665.180
20160526 10600 10600 10030 10430 98383.32 101163821.850
20160525 10620 10880 10510 10600 127565.23 136111955.490
20160524 10700 10710 10450 10530 78005.93 82530666.060
20160523 10940 11280 10810 10850 202497.19 223091139.420
20160520 10130 10760 10130 10710 61076.69 64202202.940
20160519 10240 10600 10150 10340 42594.87 44558284.850
20160518 10770 10880 10040 10240 51160.20 53333661.940
20160517 10770 10950 10690 10900 41805.10 45306532.520
20160516 10510 10810 10230 10770 41207.03 43838224.480
20160513 10640 10710 10380 10510 36868.00 38930000
20160512 10280 10650 9970 10580 55237.00 57180000
20160511 10740 10850 10430 10460 53601.00 57210000
20160510 10690 10880 10600 10700 44971.00 48440000
20160509 11260 11380 10530 10690 88932.00 97720000
20160506 12380 12600 11510 11510 126644.00 152630000
20160505 12100 12460 12000 12400 113615.00 139560000
20160504 12090 12310 12020 12160 121381.00 147840000
20160503 11720 12230 11540 12180 129424.00 154950000
20160429 11880 12140 11770 11790 153267.00 182940000
20160428 12200 12940 12050 12210 277349.00 348040000
20160427 11670 11950 11630 11760 72572.00 85670000
20160426 11490 11680 11420 11680 52912.00 61220000
20160425 11510 11600 11230 11520 44586.00 50970000
20160422 11500 11780 11380 11650 54920.00 63670000
20160421 11510 11890 11380 11630 116216.00 136130000
20160420 12730 12950 11510 11690 222724.00 271900000
20160419 13250 13470 12750 12790 253661.00 332690000
20160418 12660 13280 12350 13240 198708.00 257230000
20160415 12710 13250 12700 12890 208053.00 270510000
20160414 12650 12780 12530 12730 94230.00 119110000
20160413 12450 12940 12430 12540 180594.00 229580000
20160412 12380 12700 12240 12600 140164.00 175390000
20160411 12360 12650 12320 12420 120965.00 151000000
20160408 12350 12390 11980 12280 149019.00 181640000
20160407 12990 13050 12450 12480 220904.00 281560000
20160406 12150 13530 11860 13280 373208.00 472970000
20160405 12000 12950 12000 12430 334249.00 424310000
20160401 11780 11980 11350 11770 82751.00 96330000
20160331 11840 12060 11680 11780 106733.00 126440000
20160330 11330 11950 11230 11850 113962.00 132330000
20160329 11520 11620 10980 11190 84659.00 95340000
20160328 11900 12090 11520 11550 99110.00 117720000
20160325 11570 11950 11540 11750 88176.00 103220000
20160324 11700 11950 11480 11620 146168.00 170960000
20160323 11700 12180 11530 11920 206119.00 243090000
20160322 11790 12370 11630 11900 233854.00 280360000
20160321 11760 12300 11680 12170 188347.00 223820000
20160318 10930 11880 10860 11620 203877.00 232280000
20160317 10310 11300 10220 10920 190843.00 206420000
20160316 10580 10630 10180 10280 93287.00 97170000
20160315 10590 10840 10370 10390 112085.00 118650000
20160314 10460 10910 10350 10600 128965.00 137260000
20160311 9950 10300 9810 10280 104463.00 105810000
20160310 10280 10490 10010 10040 114861.00 117510000
20160309 10030 10360 9950 10040 101045.00 102340000
20160308 10040 10360 9340 10360 131741.00 131260000
20160307 9850 10280 9770 9960 102936.00 103110000
20160304 10320 10520 9430 9630 139606.00 138980000
20160303 10510 10890 10420 10440 149036.00 158530000
20160302 10010 10650 9910 10560 158550.00 163270000
20160301 10080 10310 9360 10110 186985.00 185560000
20160229 11240 11370 10400 10400 118004.00 123980000
20160226 12010 12220 11090 11560 234950.00 272070000
20160225 12430 13700 11880 11920 376122.00 481680000
20160224 12340 12670 11910 12500 182415.00 224420000
20160223 12780 12900 12400 12510 208343.00 263110000
20160222 13000 13230 12170 13200 335045.00 423950000
20160219 12680 13170 12620 13090 138155.00 179380000
20160218 13170 13550 12900 12900 190931.00 251740000
20160217 13240 13250 12800 13080 185437.00 240810000
20160216 11680 13000 11420 13000 155175.00 198870000
20160215 11380 11970 11010 11820 82363.00 95190000
20160205 12300 12490 11970 11970 113193.00 138470000
20160204 12220 12650 12020 12330 142306.00 176110000
20160203 11780 12230 11500 12140 120099.00 142080000
20160202 11140 12440 10980 12040 200027.00 242210000
20160201 11580 11790 11010 11310 83325.00 94520000
20160129 10810 11870 10750 11570 101653.00 115870000
20160128 11860 12270 10980 11050 119991.00 140430000
20160127 12200 12690 11200 12200 141929.00 171160000
20160126 13100 13170 12200 12200 144555.00 183780000
20160125 13450 13900 13190 13550 185123.00 249650000
20160122 13180 13670 12630 13640 163581.00 216130000
20160121 13820 14130 12850 12930 237240.00 323230000
20160120 13850 14490 13630 14150 339689.00 473570000
20160119 14280 14280 13680 14280 376964.00 534100000
20160118 12080 12980 11820 12980 62180.00 78900000
20160115 12520 12590 11780 11800 62306.00 76210000
20160114 11510 12860 11500 12670 66154.00 80850000
20160113 13390 13470 12100 12120 64992.00 84070000
20160112 13100 13720 12700 13350 48859.00 65110000
20160111 14170 14250 13120 13120 57877.00 79240000
20160108 14560 15340 12810 14580 143675.00 207370000
20160107 15220 15400 14130 14130 15003.00 21860000
20160106 15230 15890 15070 15700 51834.00 80150000
20160105 14890 15940 14380 15100 65499.00 99780000
20160104 17580 17680 15890 15890 55667.00 92240000
20151231 18440 18440 17600 17650 52777.00 95250000
20151230 17900 18430 17850 18370 57746.00 105490000
20151229 17550 17950 17510 17900 50853.00 90100000
20151228 18400 18560 17550 17600 83994.00 153030000
20151225 18520 18650 18060 18280 95567.00 175200000
20151224 18630 18880 18120 18650 62955.00 116140000
20151223 19530 19580 18700 18800 119889.00 228870000
20151222 19100 19600 19000 19510 114620.00 221490000
20151221 18700 19100 18600 19050 93494.00 176880000
20151218 18790 19150 18510 18790 101879.00 191520000
20151217 18090 19350 18080 18940 164074.00 307770000
20151216 18020 18420 17950 18000 86085.00 156260000
20151215 17800 18250 17680 17970 100819.00 181560000
20151214 17570 18000 16900 17940 170780.00 297790000
20151211 17510 19270 17510 18500 253971.00 475080000
20151210 17600 17920 17490 17520 67603.00 119690000
20151209 18280 18280 17700 17760 71177.00 128040000
20151208 18690 18860 18010 18200 106225.00 195370000
20151207 18730 18950 18450 18930 105912.00 197980000
20151204 18380 19190 18300 18640 133218.00 250570000
20151203 17950 18390 17950 18380 82294.00 150000000
20151202 18260 18400 16810 17880 116537.00 206630000
20151201 18010 18800 17830 18250 115589.00 211990000
20151130 18250 18600 16910 18170 136238.00 245130000
20151127 19950 20450 18250 18350 199122.00 392770000
20151126 20260 20680 19820 20060 265685.00 538030000
20151125 20380 20900 19510 20580 490122.00 984100000
20151124 21950 22200 20680 21590 163013.00 349960000
20151123 21500 22870 21300 21520 244370.00 539340000
20151120 20800 21860 20300 21680 267413.00 565350000
20151119 20330 21300 20050 21030 208636.00 434550000
20151118 20700 21600 19800 20000 235379.00 488140000
20151117 21950 22570 20820 21120 489450.00 1068720000
20151116 18130 20520 18120 20520 130445.00 254570000
20151113 19070 19530 18620 18650 143945.00 273470000
20151112 20330 20330 19410 19600 174432.00 345070000
20151111 19480 20390 19250 20220 212210.00 422340000
20151110 19410 19970 18960 19520 184144.00 358460000
20151109 18320 20350 17880 19680 263994.00 504170000
20151106 17760 18850 17760 18600 192157.00 353020000
20151105 18350 18660 17420 17710 184196.00 331740000
20151104 16760 18050 16710 17920 168418.00 294510000
20151103 16560 16790 16220 16630 93555.00 154910000
20151102 16920 17380 16350 16440 140778.00 237390000
20151030 17770 17960 17220 17480 167803.00 295920000
20151029 18530 18530 17500 18080 214600.00 388450000
20151028 18670 19300 17960 18130 316574.00 587000000
20151027 17570 19290 16900 19290 347492.00 638380000
20151026 17100 17990 16960 17540 222711.00 389240000
20151023 16030 17560 15970 16950 210207.00 350560000
20151022 15320 16150 15250 16020 141896.00 223030000
20151021 17250 17250 15440 15440 202399.00 330000000
20151020 16380 17180 16200 17150 197032.00 331810000
20151019 17000 17050 15800 16500 189466.00 312190000
20151016 17220 17350 16510 17170 204567.00 346990000
20151015 15800 17550 15740 17220 204370.00 336820000
20151014 16020 16290 15660 15960 158203.00 252210000
20151013 15990 16430 15730 16350 226899.00 364220000
20151012 14510 15920 14500 15920 232242.00 352570000
20151009 13860 14670 13610 14470 246440.00 350090000
20151008 13630 14240 13400 13910 179925.00 248620000
20150930 13230 13440 12840 13110 81621.00 107590000
20150929 13110 13470 12910 13090 86483.00 113630000
20150928 12760 13670 12550 13590 116701.00 153350000
20150925 13690 14090 12550 12780 168888.00 225830000
20150924 13410 14100 13410 13700 184130.00 252410000
20150923 13090 13560 13040 13230 156069.00 206970000
20150922 13120 14100 13010 13530 231619.00 312070000
20150921 12000 13180 11880 13080 186841.00 236310000
20150918 12500 12720 11950 12350 175452.00 215540000
20150917 13280 13900 12640 12640 301097.00 396850000
20150916 11920 14490 11920 14040 378587.00 473320000
20150915 13240 13240 13240 13240 8628.00 11420000
20150914 14710 15340 14710 14710 137853.00 203720000
20150911 16210 16500 15780 16340 112891.00 182980000
20150910 15630 16460 15500 16010 127157.00 203110000
20150909 15380 16380 15200 16000 168881.00 268310000
20150908 13670 15350 13510 15300 151521.00 214850000
20150907 13320 14160 13320 13990 147451.00 206930000
20150902 12650 14420 12520 12870 108707.00 145430000
20150901 15100 15100 13670 13670 102063.00 143360000
20150831 16090 16300 15110 15190 105847.00 166700000
20150828 15400 16590 15030 16590 142685.00 224540000
20150827 14900 15190 13680 15080 116655.00 170630000
20150826 15580 16410 14220 14240 135812.00 208410000
20150825 15800 16190 15790 15790 77378.00 122630000
20150824 18500 18800 17540 17540 58417.00 103790000
20150821 20500 20940 19350 19490 91209.00 183710000
20150820 21000 22380 20600 21190 147954.00 317350000
20150819 19700 21980 18710 21790 176337.00 354050000
20150818 23000 23860 20730 20730 200582.00 451660000
20150817 23200 23490 22230 23030 150389.00 342200000
20150814 23800 24720 23110 23550 197608.00 472370000
20150813 22000 23500 21850 23400 174725.00 397870000
20150812 22320 23200 22010 22350 143054.00 323040000
20150811 22670 23440 22390 22680 186895.00 426100000
20150810 21300 23010 20970 22760 202910.00 444820000
20150807 19810 21250 19800 20920 184084.00 381630000
20150806 18790 19960 18510 19320 104445.00 201760000
20150805 20300 20980 19390 19680 171225.00 346720000
20150804 18510 20220 18360 20220 172672.00 334150000
20150803 19820 20190 18380 18380 157176.00 294920000
20150731 20670 22440 19660 20420 145884.00 311570000
20150730 23380 23790 21470 21480 173368.00 399170000
20150729 23380 23860 20530 23850 213846.00 475530000
20150728 22880 25200 22600 22600 241730.00 558610000
20150727 27000 28800 25110 25110 220142.00 602900000
20150724 27800 29490 27340 27900 286631.00 810050000
20150723 26900 28390 26510 27900 234871.00 645690000
20150722 27800 28480 25350 27120 356399.00 970190000
20150721 23660 26530 23010 26530 159665.00 398460000
20150720 23330 24830 23000 24120 269028.00 641770000
20150717 21600 23750 21600 23330 237520.00 545110000
20150716 20510 23640 20510 21600 268444.00 578710000
20150715 25430 25430 22790 22790 187052.00 441140000
20150714 24480 25320 23700 25320 224868.00 559230000
20150713 23020 23020 22000 23020 170876.00 392800000
20150706 25000 25020 20930 20930 180030.00 409170000
20150703 23260 25400 23250 23250 185831.00 438890000
20150702 27650 27860 25830 25830 179301.00 471470000
20150701 30090 32490 28580 28700 324204.00 1000050000
20150630 29590 32590 29590 29590 449056.00 1346810000
20150629 32880 32880 32880 32880 17307.00 56900000
20150626 36530 36530 36530 36530 11436.00 41770000
20150625 45000 45200 40590 40590 298706.00 1281100000
20150624 45100 45100 43500 45100 247845.00 1116480000
20150623 39000 41830 35180 41000 220826.00 862050000
20150619 38100 40010 37100 38350 188838.00 738370000
20150618 35700 39930 35700 39160 365102.00 1416940000
20150617 35800 36680 32850 36300 117307.00 406010000
20150616 37600 39380 35500 36290 150638.00 561660000
20150615 39580 39900 36500 38780 219577.00 831810000
20150612 35370 38740 35370 38740 181033.00 672830000
20150611 36440 36750 34710 35220 135979.00 481890000
20150610 34900 36990 34400 36390 118113.00 423680000
20150609 35220 36050 32480 34790 114086.00 394270000
20150608 38890 39670 35000 35290 144865.00 527100000
20150605 42440 42440 37850 38660 164237.00 654110000
20150604 41660 43530 38520 39910 226501.00 903960000
20150603 45520 45800 40900 42800 284008.00 1230420000
20150602 40310 43350 40280 43350 278751.00 1184520000
20150601 39000 40860 37010 39410 279007.00 1090380000
20150529 39000 41930 34310 40230 730359.00 2702490000
20150528 38120 38120 38120 38120 31107.00 118580000
20150527 34650 34650 34650 34650 8073.00 27970000
20150526 31500 31500 31500 31500 8652.00 27250000
20150525 28640 28640 28640 28640 26145.00 74880000
20150522 26040 26040 26040 26040 2545.00 6620000
20150521 23670 23670 23670 23670 1841.00 4350000
20150520 21520 21520 21520 21520 860.00 1850000
20150519 19560 19560 19560 19560 719.00 1400000
20150518 17780 17780 17780 17780 517.00 920000
20150515 16160 16160 16160 16160 1344.00 2170000
20150514 14690 14690 14690 14690 575.00 840000
20150513 13350 13350 13350 13350 1663.00 2220000
20141209 13100 13150 12080 12140 109700.00 137910000
20141208 13600 13600 13000 13320 117061.00 154760000
20141205 14600 14600 13280 13640 96758.00 134820000
20141204 14830 14980 14580 14700 72536.00 107230000
20141203 14740 14860 14270 14830 87589.00 127310000
20141202 14770 15140 14550 14870 84630.00 125650000
20141201 15750 15750 14850 14950 132080.00 200510000
20141128 15300 16280 15170 15950 192089.00 301590000
20141127 13750 15140 13660 15140 141949.00 207760000
20141126 13810 13880 13590 13760 42562.00 58220000
20141125 13400 13890 13270 13770 77600.00 106000000
20141124 12880 13380 12710 13370 64033.00 83670000
20141121 12880 13040 12800 12870 39849.00 51380000
20141120 13400 13400 12860 12880 36903.00 48510000
20141119 13060 13300 13000 13260 31736.00 41890000
20141118 12900 13070 12800 13060 21792.00 28230000
20141117 12700 13140 12630 12900 26818.00 34780000
20141114 13190 13190 12610 12810 46508.00 59410000
20141113 13420 13620 13040 13220 53105.00 70560000
20141112 12980 13550 12810 13530 41238.00 54980000
20141111 13620 13680 12650 13090 72822.00 95440000
20141110 13990 14150 13520 13610 57096.00 78150000
20141107 13830 14250 13710 13920 76064.00 106110000
20141106 13790 13900 13550 13720 42569.00 58290000
20141105 13830 13910 13520 13800 50804.00 69700000
20141104 13530 14050 13520 13830 87029.00 120030000
20141103 13650 13650 13200 13600 137269.00 183960000
20141031 13390 13800 13360 13700 98125.00 133530000
20141030 13200 13510 13130 13290 56867.00 75630000
20141029 13250 13450 13020 13200 73378.00 97260000
20141028 12470 13180 12470 13160 69901.00 90190000
20141027 12320 12730 12230 12460 33515.00 41760000
20141024 12520 12530 12200 12340 20608.00 25470000
20141023 12490 12580 11950 12220 62327.00 76050000
20141022 12990 13170 12500 12550 42936.00 55330000
20141021 12860 13370 12710 13000 58786.00 77110000
20141020 12820 12870 12490 12840 35465.00 44920000
20141017 12950 13160 12250 12820 62807.00 79310000
20141016 12770 13430 12700 12950 52543.00 69050000
20141015 12650 12950 12570 12850 45254.00 57840000
20141014 13530 13760 12570 12730 86160.00 112500000
20141013 13500 13600 13190 13530 41973.00 56130000
20141010 14330 14400 13450 13640 104492.00 144680000
20141009 14160 14650 13860 14440 114858.00 164350000
20141008 13490 14250 13180 14250 131771.00 178990000
20140930 13600 13600 13350 13500 57606.00 77520000
20140929 13740 13740 13340 13600 78533.00 106140000
20140926 13900 13900 13350 13780 69799.00 94780000
20140925 14200 14350 13620 13940 91403.00 126640000
20140924 13530 14190 13530 14190 89530.00 124650000
20140923 13400 13950 13370 13680 53729.00 73160000
20140922 13700 13880 13380 13490 94644.00 128480000
20140919 12900 13970 12760 13650 93312.00 123750000
20140918 12480 12970 12260 12950 105790.00 134420000
20140917 12220 12560 11820 12400 98919.00 120450000
20140916 13000 13070 12100 12260 130339.00 163590000
20140915 12280 12980 12230 12880 138818.00 175450000
20140912 12180 12470 12090 12280 126382.00 154780000
20140911 12020 12890 11880 12260 197845.00 244740000
20140910 11680 12080 11420 12010 148223.00 175400000
20140909 11050 11980 10950 11620 201569.00 231890000
20140905 10950 11080 10600 10890 155782.00 168360000
20140904 10630 10880 10370 10790 148856.00 158800000
20140903 10710 11100 10350 10590 263384.00 281890000
20140902 9760 10690 9760 10690 150954.00 156360000
20140901 9620 9840 9560 9720 73391.00 71320000
20140829 9380 9740 9360 9680 134480.00 129200000
20140828 9040 9500 9040 9420 112683.00 105150000
20140827 8930 9080 8910 9050 42385.00 38210000
20140826 9270 9390 8860 8930 80165.00 73000000
20140825 9660 9680 9300 9320 67881.00 63910000
20140822 9310 9730 9300 9590 119942.00 114330000
20140821 9420 9500 9120 9450 110749.00 103100000
20140820 9280 9590 9280 9430 101158.00 95260000
20140819 9450 9570 9240 9340 83528.00 78440000
20140818 9140 9650 9100 9470 100798.00 94900000
20140815 8960 9190 8960 9090 74742.00 68030000
20140814 8840 9140 8830 9020 91451.00 82240000
20140813 8900 8950 8710 8900 61236.00 53970000
20140812 8870 8980 8810 8970 73613.00 65590000
20140811 8780 8940 8610 8890 144034.00 126940000
20140808 8750 9080 8750 9030 109861.00 98460000
20140807 8780 8920 8650 8690 69457.00 61090000
20140806 8930 8930 8680 8780 87297.00 77040000
20140805 8210 9000 8210 8960 168858.00 147590000
20140804 8170 8240 8140 8210 28538.00 23360000
20140801 8350 8370 8120 8170 52509.00 43340000
20140731 8440 8440 8280 8390 47652.00 39760000
20140730 8390 8580 8380 8460 54301.00 45980000
20140729 8300 8420 8250 8360 41107.00 34370000
20140728 8110 8270 8100 8260 47446.00 38890000
20140725 7910 8170 7910 8120 44001.00 35570000
20140724 7910 8000 7590 7990 63685.00 49500000
20140723 8350 8370 7920 7940 59172.00 48120000
20140722 8170 8280 8140 8280 55825.00 45870000
20140721 8450 8460 8070 8160 66867.00 54640000
20140718 8490 8620 8420 8460 29114.00 24810000
20140717 8420 8640 8390 8570 42277.00 36020000
20140716 8740 8760 8380 8430 59994.00 51080000
20140715 9030 9040 8590 8690 72621.00 63600000
20140714 8880 9060 8680 9050 85936.00 76400000
20140711 8780 9030 8780 8890 74330.00 66000000
20140710 8970 9080 8760 8840 102001.00 91060000
20140709 9500 9510 8860 9000 178752.00 163400000
20140708 9650 9650 9300 9490 158199.00 149880000
20140707 9280 9910 9100 9710 230521.00 219510000
20140704 8990 9770 8980 9280 287852.00 269140000
20140703 8070 8880 8000 8880 146446.00 125320000
20140702 7800 8330 7770 8070 113370.00 91700000
20140701 7720 7820 7670 7770 38138.00 29480000
20140630 7660 7760 7620 7740 45421.00 34980000
20140627 7680 7770 7630 7650 44064.00 33900000
20140626 7500 7760 7500 7680 57266.00 43850000
20140625 7650 7650 7420 7500 32467.00 24320000
20140624 7460 7670 7440 7650 48590.00 36840000
20140623 7310 7540 7280 7450 26754.00 19910000
20140620 7200 7290 7060 7280 22330.00 16050000
20140619 7520 7730 7000 7170 48866.00 36390000
20140618 7490 7690 7280 7580 58580.00 44110000
20140617 7650 7700 7490 7490 39549.00 29960000
20140616 7730 7780 7620 7700 44821.00 34510000
20140613 7640 7770 7600 7750 59086.00 45360000
20140612 7850 7870 7600 7650 80162.00 61820000
20140611 7450 7940 7390 7820 110431.00 85010000
20140610 7370 7480 7190 7460 57353.00 42220000
20140609 7170 7580 7110 7370 71356.00 52620000
20140606 6970 7230 6970 7170 49685.00 35350000
20140605 6790 7030 6720 6990 23742.00 16370000
20140604 6910 6920 6730 6790 23442.00 15950000
20140603 7040 7140 6950 6960 25270.00 17820000
20140530 7050 7090 6920 7040 18046.00 12630000
20140529 7220 7260 7010 7030 30578.00 21820000
20140528 7230 7260 7140 7240 32159.00 23190000
20140527 7000 7290 6980 7230 48707.00 35050000
20140526 6850 7020 6810 7020 29693.00 20560000
20140523 6740 6830 6660 6830 21509.00 14500000
20140522 6740 6860 6700 6700 27723.00 18820000
20140521 6600 6840 6500 6760 29063.00 19410000
20140520 6700 6840 6640 6670 31467.00 21170000
20140519 6900 6910 6490 6620 49160.00 32740000
20140516 7260 7320 6750 6880 69620.00 48330000
20140515 7380 7660 7250 7330 46163.00 34540000
20140514 7210 7560 7210 7430 48063.00 35700000
20140513 7390 7490 7180 7240 31288.00 22850000
20140512 15000 15060 14670 14850 23024.00 34260000
20140509 14950 15000 14460 14700 12873.00 18900000
20140508 14750 15240 14650 14990 18370.00 27600000
20140507 15000 15080 14710 14730 13711.00 20370000
20140506 15000 15390 14830 15150 25681.00 38890000
20140505 14550 14780 14460 14750 8984.00 13130000
20140430 14140 14550 14140 14550 11834.00 16990000
20140429 14090 14240 13820 14140 8367.00 11760000
20140428 14550 14680 13800 14010 16913.00 23970000
20140425 14500 15060 14250 14730 20838.00 30850000
20140424 14590 14870 14070 14410 15955.00 23050000
20140423 14730 14960 14690 14830 11923.00 17640000
20140422 15450 15570 14420 14990 28539.00 42570000
20140421 15810 16080 15410 15450 23082.00 36430000
20140418 15950 16380 15580 15980 34989.00 55840000
20140417 16000 16480 15700 16140 63429.00 102010000
20140327 15340 15530 15080 15160 24466.00 37530000
20140326 14960 15450 14840 15340 20254.00 30780000
20140325 14830 14940 14400 14910 20326.00 29840000
20140324 14700 14950 14350 14820 22393.00 32990000
20140321 14550 14840 13600 14600 37725.00 53990000
20140320 16300 16300 14720 14750 50608.00 78600000
20140319 16490 16490 15870 16360 32874.00 53250000
20140318 15300 16810 15300 16750 55798.00 90070000
20140317 15110 15390 14850 15300 23243.00 35180000
20140314 15290 15650 14860 15090 29757.00 45580000
20140313 14850 15350 14750 15190 19150.00 28800000
20140312 14150 15000 14020 15000 19289.00 27910000
20140311 14450 14670 14090 14310 16224.00 23310000
20140310 15000 15480 14600 14630 36975.00 55510000
20140307 14650 15180 14500 14980 35223.00 52710000
20140306 14150 14580 14070 14510 25880.00 37120000
20140305 14240 14350 13970 14190 16533.00 23480000
20140304 13850 14400 13840 14120 23695.00 33480000
20140303 13350 14080 13340 14010 24598.00 34140000
20140228 13110 13440 12940 13350 8770.00 11550000
20140227 12990 13840 12980 13300 30189.00 40610000
20140226 13000 13010 12520 12960 13850.00 17730000
20140225 13900 14130 12860 12970 29738.00 40750000
20140224 13780 13900 13590 13900 15691.00 21550000
20140221 13650 14060 13650 13860 18051.00 25100000
20140220 14180 14280 13530 13680 18936.00 26140000
20140219 14290 14580 14070 14160 26381.00 37710000
20140218 14120 14350 13920 14220 33508.00 47500000
20140217 13950 14180 13850 14140 33453.00 46830000
20140214 13310 13900 13310 13900 28926.00 39540000
20140213 13720 13760 13200 13280 27481.00 37170000
20140212 13900 13900 13580 13830 44632.00 61130000
20140211 14180 14220 13710 13770 33837.00 47040000
20140210 14000 14290 13840 14180 23672.00 33430000
20140207 13550 13950 13460 13940 17709.00 24340000
20140130 13770 13950 13560 13700 18823.00 25870000
20140129 13470 13770 13340 13770 22521.00 30530000
20140128 13570 13630 13210 13460 18685.00 25000000
20140127 13250 13880 13020 13640 31125.00 41980000
20140124 13250 13580 13250 13400 29860.00 40110000
20140123 13300 13650 13010 13400 38503.00 51470000
20140122 13300 14130 13150 13350 64879.00 86900000
20140121 12910 13230 12790 13140 27439.00 35760000
20140120 12550 13290 12380 13060 50514.00 65600000
20140117 12800 12810 12450 12510 22785.00 28730000
20140116 12540 12950 12300 12890 46675.00 59160000
20140115 12240 12640 12070 12520 36874.00 45560000
20140114 11700 12340 11690 12220 32282.00 39230000
20140113 11300 11800 11300 11650 19033.00 22080000
20140110 11680 11750 11170 11230 18942.00 21540000
20140109 12270 12450 11620 11660 33767.00 40890000
20140108 11780 12480 11750 12480 43620.00 52850000
20140107 11550 11980 11310 11890 35922.00 41810000
20140106 12210 12390 11600 11650 28142.00 33950000
20140103 12500 12540 12200 12330 26524.00 32720000
20140102 12120 12810 12050 12550 40517.00 50490000
20131231 12480 12970 11910 12050 37940.00 46500000
20131230 12550 13280 12350 12610 60466.00 76850000
20131227 12130 12850 12000 12790 68734.00 85430000
20131226 11850 12700 11750 12310 83467.00 102150000
20131225 10730 11700 10620 11700 27653.00 31900000
20131224 10340 10660 10240 10640 13150.00 13820000
20131223 10760 10800 10210 10380 24375.00 25600000
20131220 10750 11100 10710 10840 20869.00 22780000
20131219 11010 11050 10680 10830 20216.00 21930000
20131218 11110 11220 10800 10900 26108.00 28730000
20131217 10800 11390 10800 11090 40319.00 44890000
20131216 10800 11240 10660 10800 23391.00 25600000
20131213 10690 11160 10500 10950 38921.00 42490000
20131212 9850 10840 9850 10780 50712.00 53220000
20131211 9930 10070 9930 9950 14648.00 14650000
20131210 9940 10110 9940 9970 13586.00 13570000
20131209 9800 10070 9800 10030 20268.00 20150000
20131206 9900 9980 9750 9800 23812.00 23390000
20131205 9800 10130 9680 9960 34360.00 34110000
20131204 9860 10140 9720 9780 28396.00 28270000
20131203 9630 10040 9300 9890 41631.00 40230000
20131202 10600 10600 10040 10040 49594.00 50160000
20131129 10910 11480 10850 11150 50170.00 56310000
20131128 10700 11200 10630 10910 49555.00 53970000
20131127 10850 10890 10580 10680 24667.00 26400000
20131126 10660 11040 10530 10760 36395.00 39330000
20131125 10450 11080 10350 10820 49582.00 53430000
20131122 10320 10540 10260 10450 23295.00 24220000
20131121 10530 10530 10250 10380 36113.00 37490000
20131120 10550 10890 10450 10610 58803.00 62960000
20131119 10700 10800 10540 10610 38915.00 41350000
20131118 10560 10850 10430 10750 62877.00 66650000
20131115 10470 10920 10390 10650 81541.00 86330000
20131114 9900 10690 9820 10650 99296.00 102530000
20131113 9920 10340 9810 10050 91536.00 92070000
20131112 8890 9860 8890 9860 63614.00 61680000
20131111 8760 9000 8700 8960 7316.00 6490000
20131108 8860 8860 8640 8760 6557.00 5720000
20131107 8890 8900 8730 8840 5197.00 4580000
20131106 8850 8960 8850 8870 9721.00 8640000
20131105 8790 8970 8790 8920 6159.00 5480000
20131104 8920 8990 8830 8920 4899.00 4360000
20131101 9050 9060 8800 8940 15862.00 14070000
20131031 8730 9150 8710 9070 17436.00 15580000
20131030 8640 8840 8540 8820 11477.00 9990000
20131029 8600 8850 8520 8610 23058.00 19970000
20131028 8540 8630 8500 8600 13274.00 11370000
20131025 8700 8820 8450 8450 13772.00 11910000
20131024 8910 8990 8630 8640 18518.00 16340000
20131023 9390 9420 8930 8930 19255.00 17630000
20131022 9340 9470 9260 9320 20262.00 19010000
20131021 9270 9440 9260 9260 18991.00 17780000
20131018 9480 9640 9240 9240 11098.00 10470000
20131017 9770 9830 9380 9450 27194.00 26220000
20131016 9650 9710 9420 9680 9909.00 9500000
20131015 9700 9770 9540 9720 12127.00 11720000
20131014 9610 9750 9490 9740 20185.00 19470000
20131011 9310 9680 9270 9600 21025.00 19920000
20131010 9390 9440 9300 9310 7115.00 6660000
20131009 9360 9400 9300 9400 9875.00 9240000
20131008 9340 9370 9280 9340 6927.00 6460000
20130930 9170 9350 9150 9350 3769.00 3490000
20130927 9220 9360 9200 9200 3396.00 3140000
20130926 9250 9400 9190 9330 6908.00 6420000
20130925 9160 9460 9160 9390 11352.00 10580000
20130924 9400 9410 9190 9190 7106.00 6610000
20130923 9390 9460 9340 9410 8219.00 7730000
20130918 9460 9490 9270 9380 7843.00 7330000
20130917 9570 9670 9390 9500 7790.00 7390000
20130916 9360 9740 9360 9660 12186.00 11660000
20130913 9500 9530 9340 9460 5871.00 5520000
20130912 9460 9650 9400 9450 6412.00 6100000
20130911 9690 9770 9380 9540 13466.00 12840000
20130910 9580 9680 9510 9650 13611.00 13020000
20130909 9680 9820 9520 9590 14956.00 14350000
20130906 9560 9790 9330 9730 17963.00 17210000
20130905 9760 9770 9510 9550 15309.00 14690000
20130904 9700 9790 9450 9760 22354.00 21530000
20130903 9400 9790 9230 9690 28769.00 27550000
20130902 9460 9590 9200 9410 18417.00 17320000
20130830 9040 9850 8910 9490 41003.00 38540000
20130829 9240 9280 8890 9140 19324.00 17530000
20130828 9320 9440 9150 9240 11527.00 10700000
20130827 9330 9470 9170 9420 15459.00 14440000
20130826 9250 9400 9230 9360 12837.00 11980000
20130823 9370 9500 9020 9290 17336.00 16020000
20130822 9160 9450 9050 9370 20585.00 19020000
20130821 9200 9260 9100 9160 6531.00 5960000
20130820 9150 9370 9130 9200 14613.00 13510000
20130819 9100 9160 9030 9140 10766.00 9800000
20130816 9130 9290 9000 9120 21890.00 19950000
20130815 9370 9370 9140 9230 10625.00 9790000
20130814 9340 9480 9190 9360 17354.00 16180000
20130813 9140 9390 9140 9340 17354.00 16100000
20130812 9100 9300 8840 9280 25641.00 23320000
20130809 8860 9110 8520 9090 16835.00 14940000
20130808 8910 8930 8710 8860 10806.00 9530000
20130807 8900 9150 8670 9030 27115.00 24260000
20130806 8710 8880 8710 8870 11517.00 10170000
20130805 8660 8820 8570 8790 10785.00 9400000
20130802 8810 8920 8660 8670 14615.00 12830000
20130801 8310 8780 8310 8780 18838.00 16270000
20130731 8280 8450 8250 8430 7768.00 6510000
20130730 8250 8370 8030 8290 8439.00 6920000
20130729 8330 8490 8240 8270 7514.00 6260000
20130726 8460 8490 8210 8390 8067.00 6730000
20130725 8310 8720 8310 8480 29350.00 24980000
20130724 8120 8370 8020 8370 16181.00 13290000
20130723 7930 8230 7930 8210 12791.00 10380000
20130722 7660 7940 7590 7930 8873.00 6930000
20130719 7920 8050 7720 7730 11916.00 9460000
20130718 7920 7990 7770 7910 7868.00 6200000
20130717 7920 8050 7830 7900 6395.00 5080000
20130716 7950 8030 7860 7980 10283.00 8150000
20130715 7770 7960 7750 7930 8045.00 6340000
20130712 7740 7850 7670 7720 8288.00 6420000
20130711 7520 7800 7500 7720 9906.00 7620000
20130710 7350 7600 7330 7560 9492.00 7070000
20130709 7190 7330 7140 7270 5197.00 3760000
20130708 7490 7490 7150 7170 5345.00 3870000
20130705 7600 7690 7550 7550 3375.00 2560000
20130704 7570 7730 7500 7600 6284.00 4780000
20130703 7460 7630 7360 7610 6361.00 4770000
20130702 7400 7570 7360 7540 7887.00 5900000
20130701 7300 7440 7200 7400 4496.00 3290000
20130628 7330 7450 7210 7250 4060.00 2960000
20130627 7430 7600 7280 7330 7663.00 5700000
20130626 7380 7540 7230 7480 8243.00 6090000
20130625 7550 7550 6880 7370 8849.00 6380000
20130624 7750 7750 7190 7400 10225.00 7570000
20130621 7850 7940 7660 7750 12624.00 9800000
20130620 8070 8160 7930 7980 7757.00 6260000
20130619 8050 8110 7980 8110 8000.00 6420000
20130618 8110 8180 7980 8170 5240.00 4230000
20130617 8110 8270 8080 8160 4222.00 3440000
20130614 8030 8150 7960 8110 5539.00 4460000
20130613 8090 8100 7880 7950 3871.00 3080000
20130607 8300 8370 8120 8180 4857.00 4010000
20130606 8330 8410 8190 8230 5679.00 4700000
20130605 8380 8460 8310 8380 4667.00 3910000
20130604 8640 8680 8350 8380 10202.00 8640000
20130603 8760 8810 8650 8670 4920.00 4290000
20130531 8830 8850 8670 8770 7961.00 6990000
20130530 8710 8840 8710 8830 9443.00 8290000
20130529 8710 8810 8660 8760 7914.00 6910000
20130528 8880 8950 8650 8750 11789.00 10300000
20130527 8940 9060 8880 8920 11623.00 10380000
20130524 8720 8940 8690 8890 10538.00 9280000
20130523 8660 8860 8640 8700 8665.00 7580000
20130522 8860 8940 8650 8730 10419.00 9140000
20130521 8750 8910 8740 8910 10895.00 9620000
20130520 8580 8790 8580 8780 12728.00 11110000
20130517 8560 8620 8470 8570 9015.00 7700000
20130516 8480 8700 8410 8470 14970.00 12800000
20130515 8370 8500 8280 8490 10877.00 9130000
20130514 8390 8460 8260 8310 6255.00 5200000
20130513 8470 8470 8370 8450 5704.00 4800000
20130510 8380 8510 8310 8460 5382.00 4530000
20130509 8240 8470 8220 8380 10559.00 8840000
20130508 8190 8280 8190 8250 5468.00 4490000
20130507 8260 8300 8180 8230 4616.00 3800000
20130506 8120 8320 8080 8310 7962.00 6550000
20130503 7900 8100 7900 8080 5302.00 4260000
20130502 7910 7920 7800 7900 2129.00 1670000
20130426 7880 8030 7880 7900 5672.00 4510000
20130425 7920 8090 7900 7950 7102.00 5680000
20130424 7800 7990 7790 7980 5586.00 4420000
20130423 8130 8140 7770 7820 6308.00 4990000
20130422 8010 8110 8010 8080 3551.00 2860000
20130419 7880 8120 7880 8090 6556.00 5270000
20130418 7850 7970 7810 7950 4449.00 3510000
20130417 7810 7950 7760 7930 4949.00 3880000
20130416 7690 7840 7650 7810 4127.00 3190000
20130415 7810 7890 7700 7700 4565.00 3540000
20130412 8090 8130 7850 7870 6769.00 5380000
20130411 8250 8320 8130 8140 5571.00 4570000
20130410 8220 8280 8160 8210 2965.00 2430000
20130409 8150 8270 8130 8230 2984.00 2450000
20130408 8200 8200 7980 8170 6371.00 5140000
20130403 8270 8350 8180 8220 4335.00 3560000
20130402 8480 8480 8260 8270 5959.00 4970000
20130401 8360 8420 8310 8340 4898.00 4100000
20130329 8370 8490 8350 8390 3868.00 3260000
20130328 8610 8630 8360 8370 10396.00 8750000
20130327 8780 8820 8630 8680 8048.00 7020000
20130326 8800 8820 8550 8800 13274.00 11540000
20130325 8880 8920 8730 8810 8024.00 7060000
20130322 8740 8910 8620 8890 16355.00 14380000
20130321 8580 8750 8530 8740 20693.00 17960000
20130320 8260 8580 8260 8580 13383.00 11340000
20130319 8320 8390 8160 8300 9008.00 7440000
20130318 8460 8490 8300 8320 9311.00 7810000
20130315 8580 8650 8380 8470 13850.00 11830000
20130314 8500 8610 8470 8550 8071.00 6900000
20130313 8600 8670 8420 8520 15047.00 12790000
20130312 9070 9090 8550 8630 36033.00 31760000
20130311 9050 9290 9010 9090 42383.00 38670000
20130308 9130 9800 9130 9370 95954.00 90810000
20130307 8790 8950 8680 8910 34358.00 30330000
20130306 8650 8810 8630 8800 20682.00 18090000
20130305 8420 8650 8410 8650 10793.00 9210000
20130304 8670 8720 8350 8410 14756.00 12620000
20130301 8590 8730 8540 8710 21456.00 18570000
20130228 8400 8570 8370 8550 11944.00 10140000
20130227 8640 8690 8330 8380 21931.00 18510000
20130226 8680 8880 8600 8640 23905.00 20910000
20130225 8590 8740 8560 8700 13682.00 11850000
20130222 8550 8650 8500 8580 10427.00 8930000
20130221 8730 8750 8460 8560 23545.00 20350000
20130220 8510 8770 8470 8770 43303.00 37360000
20130219 8650 8690 8430 8480 12980.00 11100000
20130218 8600 8690 8550 8680 11387.00 9810000
20130208 8480 8610 8460 8560 10437.00 8920000
20130207 8470 8470 8360 8470 7480.00 6290000
20130206 8390 8480 8390 8440 8763.00 7400000
20130205 8350 8420 8260 8400 8736.00 7290000
20130204 8500 8570 8280 8370 11376.00 9540000
20130201 8310 8550 8250 8500 11128.00 9360000
20130131 8430 8480 8290 8350 15966.00 13330000
20130130 8630 8630 8480 8560 8771.00 7480000
20130129 8500 8660 8470 8560 17378.00 14890000
20130128 8280 8550 8190 8500 13484.00 11360000
20130125 8400 8410 8110 8290 9945.00 8240000
20130124 8720 8810 8130 8390 16948.00 14490000
20130123 8770 8950 8480 8740 16674.00 14440000
20130122 9090 9090 8700 8770 13883.00 12360000
20130121 9280 9280 8920 9090 23071.00 20840000
20130118 8780 9120 8640 9070 18979.00 16760000
20130117 8860 8960 8680 8710 15391.00 13540000
20130116 9090 9120 8780 8930 18825.00 16850000
20130115 9050 9300 8980 9100 32271.00 29420000
20130114 8790 9020 8730 9000 35627.00 31870000
20130111 8790 9060 8790 8860 29841.00 26640000
20130110 8740 8810 8650 8790 14985.00 13090000
20130109 8700 8840 8500 8750 23233.00 20150000
20130108 8650 8760 8490 8700 17091.00 14720000
20130107 8560 8660 8370 8570 21529.00 18330000
20130104 8440 8790 8250 8470 14868.00 12540000
20121231 8500 8500 8330 8340 9300.00 7800000
20121228 8280 8340 8130 8340 8156.00 6710000
20121227 8490 8490 8190 8280 13674.00 11340000
20121226 8380 8430 8210 8410 22246.00 18550000
20121225 7950 8280 7900 8280 19873.00 16140000
20121224 7900 7980 7850 7950 5504.00 4350000
20121221 7880 7950 7760 7940 5339.00 4190000
20121220 7800 7880 7720 7880 4159.00 3240000
20121219 7800 7880 7720 7810 4252.00 3310000
20121218 7760 7840 7680 7800 6172.00 4770000
20121217 7710 7790 7680 7740 4781.00 3690000
20121214 7490 7740 7400 7710 7944.00 6070000
20121213 7430 7600 7400 7420 3165.00 2370000
20121212 7480 7560 7430 7510 3261.00 2440000
20121211 7530 7600 7510 7520 3336.00 2510000
20121210 7490 7610 7450 7600 6054.00 4550000
20121207 7330 7510 7330 7500 3214.00 2390000
20121206 7370 7400 7300 7380 1606.00 1180000
20121205 7140 7430 7060 7380 4096.00 2990000
20121204 7080 7160 6970 7140 1838.00 1290000
20121203 7210 7320 7040 7080 1162.00 830000
20121130 7220 7370 7160 7310 1955.00 1420000
20121129 7350 7380 7240 7260 1268.00 920000
20121128 7450 7450 7310 7320 2330.00 1710000
20121127 7740 7740 7350 7510 4271.00 3220000
20121126 7810 7830 7680 7800 3374.00 2600000
20121123 7870 7990 7850 7880 3433.00 2710000
20121122 7800 7980 7710 7920 7596.00 5970000
20121121 7800 7830 7290 7810 6368.00 4860000
20121120 7790 7850 7700 7800 4055.00 3150000
20121119 7630 7740 7590 7730 2030.00 1550000
20121116 7730 7730 7620 7680 2476.00 1890000
20121115 7760 7800 7680 7730 3328.00 2570000
20121114 7780 7790 7680 7760 1706.00 1310000
20121113 7860 7890 7720 7750 1668.00 1290000
20121112 7830 7840 7770 7840 1143.00 890000
20121109 7780 7870 7720 7770 3716.00 2890000
20121108 7950 8000 7800 7820 2637.00 2070000
20121107 7980 8090 7930 8040 2659.00 2130000
20121106 8070 8070 7850 7980 2661.00 2110000
20121105 8090 8090 7940 7990 2054.00 1640000
20121102 8020 8060 7970 8060 2380.00 1900000
20121101 7870 8010 7840 8000 4129.00 3280000
20121031 7840 7880 7750 7850 2033.00 1590000
20121030 7820 7870 7730 7830 2235.00 1740000
20121029 7790 7850 7720 7800 2226.00 1730000
20121026 8110 8110 7720 7790 5739.00 4510000
20121025 8050 8150 8040 8040 3783.00 3060000
20121024 8060 8240 8030 8110 4876.00 3950000
20121023 8180 8240 8080 8110 4452.00 3620000
20121022 8110 8180 8000 8180 4164.00 3370000
20121019 8130 8140 8080 8130 2673.00 2170000
20121018 8000 8160 8000 8120 6930.00 5600000
20121017 7890 8000 7830 7990 4166.00 3310000
20121016 7840 8040 7770 7910 8552.00 6760000
20121015 7970 7970 7720 7840 9900.00 7750000
20121012 8220 8250 7810 8020 7666.00 6190000
20121011 8240 8450 8150 8170 11096.00 9190000
20121010 8120 8250 8110 8250 8101.00 6630000
20121009 7950 8170 7950 8170 6814.00 5520000
20121008 8000 8070 7910 7950 3242.00 2580000
20120928 7800 8040 7730 8010 10551.00 8400000
20120927 7670 7900 7610 7830 7877.00 6130000
20120926 7880 7900 7590 7670 7748.00 5950000
20120925 7900 7950 7870 7880 3405.00 2690000
20120924 7840 7940 7730 7900 7048.00 5540000
20120921 8070 8090 7800 7840 12099.00 9610000
20120920 8430 8460 8040 8090 15952.00 13220000
20120919 8880 8950 8480 8540 34119.00 29620000
20120918 8300 8640 8260 8630 16875.00 14360000
20120917 8490 8560 8270 8280 12571.00 10570000
20120914 8490 8580 8440 8500 9080.00 7710000
20120913 8570 8620 8430 8430 8957.00 7640000
20120912 8580 8640 8470 8570 8392.00 7150000
20120911 8600 8680 8470 8550 8930.00 7620000
20120910 8460 8640 8430 8630 12571.00 10720000
20120907 8260 8570 8260 8470 17378.00 14630000
20120906 8190 8250 8060 8220 7155.00 5820000
20120905 7890 8190 7890 8120 8660.00 6970000
20120904 7930 8030 7830 7910 5774.00 4580000
20120903 7790 7950 7770 7930 4022.00 3160000
20120831 7780 7850 7740 7780 4091.00 3180000
20120830 7990 8070 7690 7780 11769.00 9160000
20120829 8010 8150 7960 8010 3794.00 3050000
20120828 7880 8080 7860 8020 3794.00 3030000
20120827 8190 8190 7910 7910 5872.00 4690000
20120824 8380 8450 8170 8200 6696.00 5550000
20120823 8180 8380 8140 8370 11767.00 9710000
20120822 8320 8380 8140 8210 9125.00 7540000
20120821 8160 8400 8130 8320 10692.00 8850000
20120820 8080 8190 8050 8180 4863.00 3950000
20120817 8000 8230 7950 8140 5972.00 4840000
20120816 8000 8090 7950 8000 3538.00 2840000
20120815 8150 8150 8000 8050 7635.00 6150000
20120814 8230 8290 7930 8170 11517.00 9290000
20120813 8600 8670 7880 8310 8160.00 6910000
20120810 8850 8850 8580 8690 7842.00 6790000
20120809 8570 8800 8500 8790 9055.00 7860000
20120808 8680 8690 8430 8560 5133.00 4380000
20120807 8650 8770 8520 8680 6664.00 5770000
20120806 8940 8940 8390 8700 13291.00 11440000
20120803 8790 8820 8540 8770 14702.00 12800000
20120802 8340 8970 8340 8720 24325.00 20980000
20120801 7880 8460 7800 8380 12352.00 10050000
20120731 7900 7950 7720 7760 2768.00 2160000
20120730 8260 8300 7700 7890 4153.00 3340000
20120727 8310 8350 8190 8240 1934.00 1590000
20120726 8250 8380 8210 8240 2433.00 2010000
20120725 8350 8420 8260 8300 3562.00 2960000
20120724 8290 8400 8220 8350 3451.00 2860000
20120723 8440 8440 8220 8310 2180.00 1810000
20120720 8360 8480 8350 8440 3825.00 3210000
20120719 8360 8520 8230 8400 3542.00 2980000
20120718 8430 8430 8190 8350 3805.00 3150000
20120717 8340 8490 8200 8360 7027.00 5830000
20120716 9070 9350 8500 8500 11822.00 10170000
20120713 9510 9690 9440 9440 1997.00 1900000
20120712 9380 9530 9350 9510 2586.00 2440000
20120711 9350 9470 9350 9440 1933.00 1820000
20120710 9620 9620 9400 9400 2022.00 1910000
20120709 9830 9900 9600 9620 2493.00 2410000
20120706 9920 9920 9560 9870 5532.00 5370000
20120705 10080 10160 9800 9830 2499.00 2480000
20120704 10010 10140 9980 10080 2008.00 2010000
20120703 9980 10190 9920 10030 2831.00 2840000
20120702 9960 10050 9890 9980 2259.00 2250000
20120629 9790 9890 9700 9890 2288.00 2240000
20120628 10040 10040 9820 9830 3296.00 3280000
20120627 9880 10010 9860 9910 3938.00 3910000
20120626 10060 10060 9730 9900 6295.00 6210000
20120625 10350 10350 9970 9980 4515.00 4580000
20120621 10490 10490 10250 10380 4191.00 4350000
20120620 10390 10530 10390 10490 5644.00 5900000
20120619 10330 10380 10230 10350 4316.00 4450000
20120618 10210 10420 10210 10340 5385.00 5560000
20120615 10240 10300 10160 10240 3247.00 3320000
20120614 10400 10400 10160 10220 5542.00 5710000
20120613 10340 10440 10230 10440 6771.00 7000000
20120612 10380 10380 10210 10280 4050.00 4170000
20120611 10260 10300 10030 10290 5190.00 5280000
20120608 10500 10530 10100 10110 5418.00 5540000
20120607 10780 10800 10400 10410 10669.00 11220000
20120606 11070 11320 11060 11280 14356.00 16110000
20120605 10960 11090 10920 11050 8617.00 9470000
20120604 11000 11080 10870 10920 6808.00 7490000
20120601 11050 11160 10960 11050 5951.00 6580000
20120531 10900 10980 10880 10980 5074.00 5550000
20120530 10960 10980 10890 10910 3762.00 4110000
20120529 10730 11010 10680 10950 7295.00 7970000
20120528 10600 10710 10450 10710 2417.00 2560000
20120525 10780 10800 10580 10600 3268.00 3500000
20120524 10880 10930 10770 10800 8271.00 8960000
20120523 11050 11050 10820 10900 2572.00 2800000
20120522 11070 11090 10970 11050 2603.00 2870000
20120521 10900 11060 10850 10970 3005.00 3280000
20120518 11000 11040 10820 10900 3848.00 4210000
20120517 10890 11050 10890 11050 3313.00 3640000
20120516 11030 11090 10880 10890 3331.00 3640000
20120515 11220 11220 10850 11030 6367.00 6990000
20120514 11410 11410 11200 11230 4902.00 5540000
20120511 11410 11480 11310 11310 3765.00 4280000
20120510 11320 11490 11320 11390 1989.00 2270000
20120509 11520 11610 11330 11340 4440.00 5080000
20120508 11790 11900 11640 11690 5207.00 6110000
20120507 11700 11840 11580 11780 4954.00 5800000
20120504 11490 11740 11490 11690 3694.00 4300000
20120503 11400 11540 11380 11490 2802.00 3210000
20120502 11470 11520 11310 11450 4285.00 4900000
20120427 11250 11390 11180 11350 4664.00 5260000
20120426 11440 11480 11220 11310 3317.00 3740000
20120425 11160 11300 11110 11240 4128.00 4620000
20120424 11450 11590 10980 11250 4902.00 5500000
20120423 11990 11990 11410 11450 8632.00 10020000
20120420 11850 12100 11820 12060 5628.00 6730000
20120419 11940 11940 11780 11850 3085.00 3650000
20120418 11670 11950 11510 11880 6824.00 8040000
20120417 11510 11750 11500 11530 5694.00 6610000
20120416 11410 11630 11410 11560 3064.00 3530000
20120413 11590 11610 11460 11550 4535.00 5230000
20120412 11220 11520 11200 11500 5008.00 5690000
20120411 11100 11360 11100 11270 4718.00 5300000
20120409 11250 11280 11110 11120 1965.00 2200000
20120406 11210 11370 11170 11250 2463.00 2770000
20120405 10810 11300 10810 11270 6585.00 7290000
20120330 11000 11000 10720 10780 4974.00 5380000
20120329 10920 11060 10800 10860 6280.00 6850000
20120328 11640 11640 11010 11020 8339.00 9440000
20120327 11670 11770 11620 11640 4273.00 4990000
20120326 11560 11670 11560 11640 2707.00 3140000
20120323 11860 11860 11580 11620 7082.00 8290000
20120322 11760 11930 11750 11860 4502.00 5320000
20120321 11930 11950 11600 11860 7677.00 9030000
20120320 12220 12220 11830 11850 9271.00 11120000
20120319 12110 12260 12000 12260 8905.00 10790000
20120316 11940 12170 11780 12130 12378.00 14760000
20120315 12100 12180 11630 11800 16862.00 19990000
20120314 12930 12950 12010 12200 13429.00 16920000
20120313 12600 12880 12520 12880 12026.00 15270000
20120312 12640 12640 12430 12600 7958.00 9960000
20120309 12290 12640 12190 12590 9860.00 12260000
20120308 12050 12280 12030 12220 9874.00 12030000
20120307 11860 12150 11800 12040 12481.00 14950000
20120306 12110 12160 11820 11920 6392.00 7650000
20120305 12050 12300 12050 12100 8298.00 10090000
20120302 11810 12050 11810 12050 5356.00 6410000
20120301 11700 11950 11700 11810 5226.00 6190000
20120229 11840 12100 11760 11760 7293.00 8670000
20120228 11900 11960 11660 11820 9363.00 11030000
20120227 12290 12300 11970 11980 13703.00 16600000
20120224 11950 12150 11900 12150 13441.00 16190000
20120223 11800 12170 11760 11950 15071.00 17940000
20120222 11390 11870 11390 11770 14403.00 16830000
20120221 11390 11520 11200 11520 6905.00 7840000
20120220 11430 11480 11290 11380 9487.00 10760000
20120217 11650 11730 11200 11300 7248.00 8190000
20120216 11500 11610 11330 11460 6630.00 7600000
20120215 11200 11470 11180 11460 6674.00 7580000
20120214 11290 11310 11150 11260 6878.00 7730000
20120213 10950 11410 10950 11290 9047.00 10170000
20120210 11050 11360 11020 11150 7869.00 8760000
20120209 10970 11220 10920 11120 14756.00 16370000
20120208 10820 11020 10660 11020 10213.00 11070000
20120207 10900 10900 10520 10710 10427.00 11160000
20120206 10800 11080 10740 10940 8958.00 9770000
20120203 10560 10810 10520 10800 7919.00 8470000
20120202 10400 10560 10310 10560 5387.00 5620000
20120201 10310 10500 10220 10380 5243.00 5430000
20120131 10550 10550 10120 10400 7956.00 8180000
20120130 10570 10790 10390 10500 9028.00 9560000
20120120 10390 10530 10270 10520 4864.00 5080000
20120119 10120 10370 10000 10340 8581.00 8800000
20120118 10460 10600 10100 10120 12624.00 13040000
20120117 10180 10710 9830 10710 20701.00 21060000
20120116 10770 10770 10200 10240 3358.00 3500000
20120113 11320 11320 10550 10830 7085.00 7700000
20120112 11260 11380 11080 11180 2934.00 3290000
20120111 11200 11340 11130 11190 5830.00 6540000
20120110 10680 11170 10680 11160 8661.00 9560000
20120109 10290 10720 10100 10680 3798.00 4000000
20120106 10180 10270 10020 10220 6552.00 6620000
20120105 10670 10670 10000 10180 4998.00 5150000
20120104 10900 11050 10600 10670 4909.00 5300000
20111230 10840 10980 10760 10900 3145.00 3410000
20111229 10550 10810 10550 10740 4102.00 4390000
20111228 11240 11240 10500 10740 8928.00 9550000
20111227 11460 11620 11220 11220 3887.00 4410000
20111226 11600 11730 11480 11490 3613.00 4180000
20111223 11780 11870 11540 11660 11345.00 13250000
20111222 11980 11980 11450 11700 5078.00 5920000
20111221 12580 12630 11980 12000 6224.00 7620000
20111219 12250 12530 12160 12520 3205.00 3940000
20111216 11990 12350 11990 12350 5354.00 6540000
20111215 12020 12390 12000 12050 3863.00 4670000
20111214 12450 12570 12180 12250 2937.00 3630000
20111213 12700 12790 12250 12360 4772.00 5930000
20111212 12800 12950 12740 12790 2886.00 3700000
20111209 13020 13020 12750 12880 5105.00 6560000
20111208 13030 13270 12710 13020 8657.00 11340000
20111207 12980 13080 12770 13000 3181.00 4120000
20111206 12600 13050 12530 12910 4722.00 6060000
20111205 12750 12930 12400 12600 10125.00 12830000
20111202 13220 13380 12780 12780 12803.00 16730000
20111130 14180 14180 12820 13000 25027.00 33020000
20111129 13960 14240 13830 14240 10434.00 14700000
20111128 13970 14150 13670 13880 6717.00 9330000
20111125 14050 14200 13900 13970 8643.00 12130000
20111124 13850 14110 13590 14080 21130.00 29360000
20111123 14180 14260 13970 14050 14653.00 20650000
20111122 14060 14190 13780 14180 14004.00 19690000
20111121 14010 14300 13900 14130 16718.00 23620000
20111118 14700 14700 13980 14090 24153.00 34320000
20111117 14870 15070 14550 14800 17029.00 25270000
20111116 15060 15250 14800 14870 35652.00 53650000
20111115 15410 15570 14890 15110 73578 110639000
20111114 15360 15790 15200 15580 36694 56918000
20111111 15600 15600 14880 15460 89497 136785000
20111110 14400 16160 14350 15770 88272 139104000
20111109 14000 15130 14000 14690 29482 42985000
20111108 14190 14190 13880 13880 7901 11062000
20111107 14040 14290 13920 14030 5267 7415000
20111104 13900 14140 13720 14100 9696 13482000
20111103 13880 14120 13700 13850 14610 20346000
20111102 13220 13640 12910 13610 8446 11261000
20111101 13320 13530 13140 13310 7427 9891000
20111031 13430 13570 13350 13480 5928 7983000
20111028 13300 13500 13200 13400 7168 9555000
20111027 12970 13410 12970 13250 9028 11957000
20111026 12800 13220 12800 12980 8208 10719000
20111025 12400 12980 12350 12880 6470 8214000
20111024 12430 12430 11980 12300 4163 5073000
20111021 12430 12600 12270 12300 1146 1419000
20111020 12810 13000 12110 12500 7878 9787000
20111019 13340 13340 13010 13100 4425 5833000
20111018 13120 13220 12800 12940 5607 7304000
20111017 12920 13290 12920 13110 1991 2598000
20111014 13080 13090 12870 13060 1655 2146000
20111013 12800 13300 12750 13080 8510 11180000
20111012 12340 12900 12320 12820 4849 6181000
20111011 12970 13090 12480 12520 4244 5414000
20111010 12790 12800 12520 12580 1295 1638000
20110930 12740 12770 12380 12580 1857 2323000
20110929 12800 12910 12550 12560 3416 4345000
20110928 13210 13260 12800 12840 3385 4402000
20110927 13160 13260 12930 13080 2599 3406000
20110926 13000 13150 12830 13070 3571 4667000
20110923 13010 13250 12800 13090 5853 7612000
20110922 13690 13690 13220 13230 4233 5686000
20110921 13400 13830 13290 13730 6540 8892000
20110920 13500 13630 13210 13400 5262 7057000
20110919 13940 13940 13380 13390 3892 5312000
20110916 14270 14450 13950 14000 5091 7236000
20110915 14300 14400 14170 14170 3571 5102000
20110914 14040 14300 13900 14300 4741 6682000
20110913 13830 14010 13600 14000 4097 5649000
20110909 14000 14090 13920 14030 4793 6712000
20110908 14280 14280 13920 14000 9093 12777000
20110907 13840 14270 13820 14240 6779 9518000
20110906 13740 13870 13590 13800 3047 4197000
20110905 14100 14150 13700 13740 5764 7964000
20110902 14520 14560 14040 14200 7996 11390000
20110901 14800 14870 14430 14510 9802 14360000
20110831 14910 15150 14410 14790 16615 24471000
20110830 15500 15990 15000 15060 33831 52812000
20110829 15250 15570 15100 15400 25985 39846000
20110826 14460 15500 14450 15370 38201 57986000
20110825 14340 14840 14340 14590 19958 29040000
20110824 14590 14880 14360 14430 21128 31050000
20110823 14080 14600 13900 14600 16321 23361000
20110822 13940 14200 13730 13990 7687 10796000
20110819 13510 13870 13510 13820 7486 10266000
20110818 14400 14400 13910 13930 6365 9000000
20110817 14230 14630 14020 14340 17661 25389000
20110816 14050 14290 14000 14120 8167 11547000
20110815 13760 14120 13660 14120 10172 14139000
20110812 13700 14200 13550 13660 14282 19740000
20110811 13170 13610 12980 13530 6064 8136000
20110810 13400 13720 13350 13360 4376 5926000
20110809 12800 13430 12510 13250 7184 9358000
20110808 13850 14090 12930 13200 8495 11360000
20110805 14200 14370 14060 14120 6251 8871000
20110804 14750 14870 14500 14580 7539 11026000
20110803 14140 15260 14080 14840 18011 26552000
20110802 13800 14400 13750 14330 10177 14328000
20110801 13650 13870 13510 13780 2849 3898000
20110729 13930 13930 13430 13600 3626 4960000
20110728 13800 13950 13700 13880 4071 5618000
20110727 13720 14030 13620 13990 4496 6247000
20110726 13800 13900 13520 13800 4585 6305000
20110725 14800 14910 13800 13840 11443 16342000
20110722 14690 14920 14680 14920 4174 6186000
20110721 15180 15230 14630 14720 6293 9363000
20110720 14810 15170 14720 15150 10878 16225000
20110719 14830 14830 14530 14730 7038 10324000
20110718 15120 15210 14850 14900 7518 11284000
20110715 15300 15580 15030 15160 15210 23356000
20110714 14840 15180 14740 15180 9587 14368000
20110713 14510 14840 14460 14840 6353 9311000
20110712 14450 14820 14420 14540 6946 10167000
20110711 14510 14640 14360 14590 4668 6782000
20110708 14590 14930 14450 14540 8578 12539000
20110707 14930 15080 14730 14800 12538 18670000
20110706 14510 14980 14450 14930 13679 20272000
20110705 14320 14600 14200 14510 10436 15014000
20110704 14300 14370 14100 14360 8612 12268000
20110701 14060 14330 13920 14160 6922 9794000
20110630 13930 14200 13930 13950 5141 7224000
20110629 14020 14250 14000 14000 7165 10108000
20110628 14480 14480 14010 14190 5676 8032000
20110627 14090 14510 14000 14420 9963 14171000
20110624 13700 14210 13620 14090 10998 15410000
20110623 13390 13870 13200 13800 11083 15189000
20110622 13600 13690 13250 13350 7070 9468000
20110621 13200 14140 13200 13710 12753 17403000
20110620 12830 12980 12740 12920 2070 2664000
20110617 13140 13400 12690 12930 4466 5780000
20110616 13580 13600 12900 13000 7019 9251000
20110615 13880 13960 13660 13710 4739 6532000
20110614 13820 14060 13800 13970 3619 5049000
20110613 13580 14050 13360 13990 4795 6614000
20110610 13870 13950 13610 13900 3243 4470000
20110609 14090 14180 13710 13950 5613 7784000
20110608 14460 14460 14060 14200 5338 7582000
20110607 14180 14580 14110 14430 7776 11183000
20110603 13800 14380 13800 14320 9575 13588000
20110602 13650 13850 13410 13760 5094 6923000
20110601 13510 14100 13410 13820 11551 15946000
20110531 13080 13590 12970 13580 12333 16492000
20110530 12730 13080 12620 12950 8313 10780000
20110527 13090 13120 12730 12730 4352 5606000
20110526 13290 13380 13010 13020 4101 5400000
20110525 13760 13760 13100 13190 7604 10142000
20110524 13370 14000 13080 13790 10847 14716000
20110523 14230 14230 13480 13480 6690 9201000
20110520 14420 14450 14120 14200 4224 6028000
20110519 14580 14680 14220 14340 5801 8351000
20110518 14550 14650 14450 14490 2664 3872000
20110517 14810 14810 14420 14600 5240 7638000
20110516 14520 14990 14500 14810 7832 11598000
20110513 14910 15080 14210 14770 11091 16142000
20110512 15370 15450 14900 14900 5020 7636000
20110511 15370 15450 15170 15290 5164 7899000
20110510 15410 15450 15180 15280 5420 8287000
20110509 15420 15720 15360 15410 3667 5696000
20110506 15320 15590 15200 15390 3209 4933000
20110505 15670 15830 15150 15410 5334 8208000
20110504 16450 16450 15300 15760 7745 12263000
20110503 16020 16690 16020 16520 7024 11590000
20110429 15280 16640 14900 16400 14349 22745000
20110428 29310 29500 27500 27640 7126 20394000
20110427 29740 29970 29010 29310 5045 14815000
20110426 30900 31100 29510 29780 4138 12442000
20110425 32360 32360 30930 30930 4147 13012000
20110422 32200 32479 31900 31970 4772 15371000
20110421 31230 32320 31230 32200 6994 22404000
20110420 31170 31460 31170 31410 2598 8146000
20110419 31580 31780 31010 31170 2831 8873000
20110418 31700 31950 31500 31580 3091 9773000
20110414 32009 32009 31700 31730 3233 10280000
20110413 31930 32100 31310 31980 2909 9269000
20110412 31580 32150 31460 31590 3183 10079000
20110411 32259 32420 31700 31700 5582 17931000
20110408 31750 32250 31620 32220 4447 14255000
20110407 31500 31850 31300 31760 3085 9771000
20110406 31200 32110 31080 31530 12786 40427000
20110401 31000 31460 31000 31390 5562 17341000
20110331 31320 31790 30660 30870 6904 21430000
20110330 31790 32180 31200 31310 5774 18269000
20110329 32800 33260 31900 31930 7866 25475000
20110328 33500 33780 32710 32920 13565 44994000
20110325 34380 34390 33320 33590 23144 78142000
20110324 32580 34190 32400 33760 21431 71938000
20110323 31980 32560 31980 32470 9078 29350000
20110322 32280 32299 31710 31960 3027 9678000
20110321 32380 32380 31980 32200 6480 20849000
20110318 31800 32220 31800 32200 4337 13914000
20110317 32030 32259 31660 31730 8141 26032000
20110316 32380 32490 32060 32210 8022 25872000
20110315 31900 32490 31830 32310 13241 42577000
20110314 31380 32189 31200 32159 8473 26913000
20110311 31070 31680 31070 31330 5273 16583000
20110310 31660 31690 31220 31290 9459 29788000
20110309 31800 31860 31480 31660 4768 15075000
20110308 31750 31910 31600 31780 3709 11771000
20110307 31330 31800 31330 31690 4484 14156000
20110304 31170 31550 31030 31500 3104 9742000
20110303 31820 32040 31150 31180 5155 16272000
20110302 32150 32369 31510 31900 5324 16977000
20110301 32409 32479 32090 32240 6481 20909000
20110228 31660 32600 31580 32400 12332 39669000
20110225 31280 31700 31020 31490 6278 19730000
20110224 31150 31260 30880 31080 5095 15798000
20110223 30800 31280 30800 31180 4349 13508000
20110222 31730 32380 30870 30880 11097 35072000
20110221 31110 31750 31110 31740 7567 23891000
20110218 31700 31790 31100 31340 7346 23064000
20110217 31440 31840 31250 31700 14504 45767000
20110216 31000 31430 30830 31380 10891 34011000
20110215 31200 31270 30810 31080 12603 39134000
20110214 30900 31260 30780 31220 11923 37015000
20110211 30650 30890 30480 30840 10681 32832000
20110210 29720 30650 29560 30640 13183 39926000
20110209 29840 30180 29680 29740 2947 8813000
20110201 30300 30300 29610 29850 9821 29311000
20110131 30300 30360 29860 30250 7925 23834000
20110128 30280 30500 30120 30400 4556 13787000
20110127 30000 30470 29800 30440 5617 17000000
20110126 29840 30580 29800 30280 5841 17650000
20110125 30090 30100 29010 29990 4299 12704000
20110124 30100 30190 29380 30060 4134 12307000
20110121 30000 30360 29700 30060 4898 14690000
20110120 32080 32100 29900 30290 12381 38010000
20110119 32100 32450 31800 32299 7083 22778000
20110118 32070 32360 31600 32060 4540 14505000
20110117 33510 33780 32030 32030 7445 24520000
20110114 34080 34150 33500 33710 7420 24985000
20110113 34500 34690 33690 34200 24012 81968000
20110112 35550 35840 34800 34960 5065 17824000
20110111 36490 36870 35300 35680 4099 14704000
20110110 36380 36690 36200 36460 3929 14320000
20110107 37370 37400 36330 36410 7331 27022000
20110106 37010 37490 36710 37140 8245 30557000
20110105 38920 38920 37010 37130 14293 53936000
20110104 38880 39200 38320 38900 10731 41627000
20101231 38400 38690 37880 38680 9153 35002000
20101230 38480 38830 37680 38240 6857 26214000
20101229 37250 38600 37080 38480 8944 34033000
20101228 36470 37490 36200 37400 6942 25665000
20101227 36800 38540 36460 37010 11281 42438000
20101224 37270 37630 36460 36760 3910 14409000
20101223 37950 38200 37420 37630 5735 21717000
20101222 38880 38990 37810 37890 8605 32768000
20101221 39600 39600 38800 38880 9998 39036000
20101220 39080 40040 38260 39600 13042 51253000
20101217 38010 39400 37600 39050 12140 46946000
20101216 37440 38650 37440 37920 5451 20776000
20101215 37950 38180 37410 37440 5002 18936000
20101214 37450 38190 37450 37920 6808 25803000
20101213 36370 37560 36210 37440 6511 24115000
20101210 35280 36280 35250 36010 3439 12314000
20101209 35680 35990 35250 35290 4035 14288000
20101208 36210 36560 35850 35850 3357 12143000
20101207 35930 36490 35600 36270 4548 16422000
20101206 37600 37600 35900 35910 8332 30263000
20101203 38950 38950 37180 37600 8826 33523000
20101202 37420 39000 37400 38900 16676 63915000
20101201 37110 37890 36800 36980 5008 18686000
20101130 38250 38400 36030 37440 9463 35275000
20101129 37610 38610 37390 38250 10793 41085000
20101126 37500 37700 37160 37390 6565 24587000
20101125 37750 38200 37100 37550 8160 30671000
20101124 36700 37870 36500 37720 9607 35845000
20101123 36580 36970 36000 36850 6949 25322000
20101122 35910 37290 35520 36500 14062 51514000
20101119 35190 36200 34910 36200 9193 32797000
20101118 34950 35350 34500 34900 5062 17671000
20101117 34000 35570 34000 34400 7497 26171000
20101116 36480 36580 34400 34920 12741 45607000
20101115 35220 36300 35110 36250 9015 32271000
20101112 37910 38740 34890 35080 15765 57760000
20101111 38830 39890 38170 38390 18183 71114000
20101110 37350 39180 37160 38710 16745 64552000
20101109 38290 38290 37130 37410 11968 44920000
20101108 37870 38950 37030 38380 17225 65872000
20101105 36700 37790 36700 37640 13640 51069000
20101104 36510 37240 35640 36500 13021 47472000
20101103 37980 38840 36550 36910 21298 80808000
20101102 37680 38490 37110 38370 30654 116395000
20101101 35960 37800 35960 37380 25782 95403000
20101029 34780 36500 34300 35860 22214 78820000
20101028 34160 34990 34160 34840 9229 31995000
20101027 34600 35500 34120 34310 10805 37398000
20101026 35700 35700 34390 34600 13968 48534000
20101025 34360 36020 34360 35690 19522 69085000
20101022 34100 35180 34010 34310 13227 45712000
20101021 34400 34680 33300 34080 19034 64831000
20101020 34100 35880 33980 34850 23289 81475000
20101019 33250 36580 33250 34890 29596 104171000
20101018 34010 34840 32119 34000 29029 96977000
20101015 38000 38550 35470 35470 52462 189420000
20101014 37000 40000 37000 39410 72875 278878000
20101013 34000 43300 34000 36750 114617 438825000
