20180202 6880 6940 6550 6740 15783 10664322 5.69 0.66 -1.61 7693 8090 0.95 1.21
20180201 7280 7350 6830 6850 28765 20191185 7.14 1.21 -5.91 17184 11581 1.48 2.21
20180131 7720 7740 7270 7280 33154 24808445 6.04 1.43 -6.43 21727 11426 1.90 2.55
20180130 7840 7890 7760 7780 13361 10422221 1.66 0.57 -0.77 8687 4674 1.86 1.03
20180129 8080 8110 7830 7840 24854 19716707 3.44 1.08 -3.69 15966 8888 1.80 1.91
20180126 8060 8180 8030 8140 20255 16418889 1.85 0.93 0.62 10357 9897 1.05 1.56
20180125 8130 8330 8090 8090 27389 22473600 2.93 1.39 -1.10 15837 11552 1.37 2.11
20180124 8020 8180 7860 8180 30361 24551585 3.99 1.73 1.87 13429 16932 0.79 2.34
20180123 8090 8140 8020 8030 14086 11360515 1.48 0.77 -0.86 8962 5124 1.75 1.08
20180122 7920 8160 7820 8100 23329 18772947 4.25 1.21 1.25 11274 12055 0.94 1.80
20180119 7920 8070 7920 8000 14300 11469753 1.88 0.57 0.25 7349 6951 1.06 1.10
20180118 7960 8060 7910 7980 16716 13343095 1.87 0.47 -0.37 9834 6882 1.43 1.29
20180117 8030 8120 7820 8010 19446 15417023 3.74 0.48 -0.25 11111 8335 1.33 1.50
20180116 7860 8140 7860 8030 17207 13788453 3.53 0.34 1.13 9573 7634 1.25 1.32
20180115 8240 8240 7920 7940 28411 22837354 3.86 0.58 -4.22 20500 7911 2.59 2.19
20180112 8650 8650 8280 8290 44670 37739474 4.23 0.95 -5.26 29836 14834 2.01 3.44
20180111 8840 8930 8500 8750 69458 60895618 4.95 1.84 0.81 35366 34092 1.04 5.35
20180103 8630 8700 8550 8680 44641 38485903 1.72 1.28 -0.34 26612 18029 1.48 3.44
20180102 8350 8710 8300 8710 64176 54846816 4.98 2.25 5.83 26671 37505 0.71 4.94
20171229 8210 8330 8100 8230 23433 19236137 2.78 0.76 -0.36 14876 8557 1.74 1.80
20171228 8100 8280 7630 8260 32458 26344314 8.00 0.95 1.60 17009 15448 1.10 2.50
20171227 8150 8320 8110 8130 23768 19520641 2.55 0.60 -1.09 14635 9133 1.60 1.83
20171226 8090 8280 8020 8220 30704 25131041 3.23 0.74 2.11 15501 15203 1.02 2.36
20171225 8230 8250 8000 8050 32300 26122203 3.04 0.72 -2.19 17645 14655 1.20 2.49
20171222 8560 8570 8230 8230 35719 30004053 3.96 0.66 -4.19 21791 13928 1.56 2.75
20171221 8670 8700 8280 8590 47853 40777092 4.83 0.66 -1.15 24936 22917 1.09 3.68
20171220 9000 9000 8610 8690 50953 44562179 4.33 0.63 -3.55 30888 20064 1.54 3.92
20171219 8900 9040 8850 9010 41472 37123720 2.13 0.37 1.01 19497 21975 0.89 3.19
20171218 9030 9190 8900 8920 47080 42416480 3.16 0.44 -2.94 29426 17654 1.67 3.62
20171215 9150 9270 9030 9190 82562 75517494 2.57 0.88 -1.71 53170 29392 1.81 6.35
20171214 8930 9800 8910 9350 137850 129712549 9.86 2.03 3.54 68499 69350 0.99 10.61
20171213 9000 9150 8830 9030 98096 87918907 3.51 1.88 -0.88 55242 42855 1.29 7.55
20171212 9410 9740 9090 9110 192869 181232143 7.32 9.82 2.59 96685 96184 1.01 14.84
20171211 8650 8880 8650 8880 21238 18710325 2.85 1.18 10.04 13653 7585 1.80 1.63
20171208 7850 8240 7840 8070 16622 13449883 5.10 0.95 2.80 6420 10202 0.63 1.28
20171207 7920 7930 7810 7850 10713 8433229 1.51 0.60 -1.01 5988 4725 1.27 0.82
20171206 7730 7960 7650 7930 19041 14796825 4.03 1.17 2.99 8783 10258 0.86 1.47
20171205 8240 8250 7600 7700 30630 24301426 7.91 2.56 -6.33 17158 13471 1.27 2.36
20171204 8580 8580 8220 8220 13077 11019822 4.19 1.15 -4.31 9055 4022 2.25 1.01
20171201 8420 8620 8420 8590 13582 11632623 2.38 1.24 2.14 5317 8265 0.64 1.05
20171130 8410 8520 8350 8410 12910 10891968 2.02 1.16 -0.12 7041 5869 1.20 0.99
20171129 8530 8530 8360 8420 11287 9516723 2.00 0.94 -0.71 7466 3821 1.95 0.87
20171128 8330 8500 8300 8480 9010 7596155 2.40 0.68 1.80 3631 5379 0.68 0.69
20171127 8450 8520 8330 8330 9994 8423677 2.25 0.64 -1.42 5741 4252 1.35 0.77
20171124 8410 8570 8410 8450 11436 9702503 1.89 0.54 -0.24 6746 4690 1.44 0.88
20171123 8720 8750 8430 8470 14160 12137034 3.69 0.64 -2.31 8878 5281 1.68 1.09
20171122 8620 8760 8560 8670 15450 13367763 2.32 0.69 0.58 7363 8087 0.91 1.19
20171121 8660 8720 8550 8620 15627 13486237 1.95 0.63 -0.92 9112 6515 1.40 1.20
20171120 8820 8840 8520 8700 21860 18872473 3.62 0.88 -1.58 11283 10577 1.07 1.68
20171117 9400 9470 8780 8840 38333 34874879 7.31 1.83 -6.36 25437 12896 1.97 2.95
20171116 9410 9510 9330 9440 19832 18724218 1.91 0.96 0.32 10435 9398 1.11 1.53
20171115 9430 9490 9380 9410 16673 15710789 1.17 0.82 0.11 9190 7483 1.23 1.28
20171114 9530 9550 9330 9400 28310 26631368 2.31 1.61 -1.26 19177 9133 2.10 2.18
20171113 9650 9680 9430 9520 20587 19647847 2.58 1.26 -1.86 13036 7551 1.73 1.58
20171110 9710 9820 9600 9700 19408 18867236 2.27 1.15 -0.10 11103 8305 1.34 1.49
20171109 9610 9760 9520 9710 18845 18241577 2.51 0.95 1.36 9488 9357 1.01 1.45
20171108 9570 9670 9520 9580 15011 14437091 1.57 0.71 0.21 6931 8080 0.86 1.16
20171107 9580 9580 9430 9560 14208 13477215 1.57 0.63 0.10 8839 5369 1.65 1.09
20171106 9350 9580 9350 9550 14133 13416680 2.44 0.49 1.38 6223 7910 0.79 1.09
20171103 9390 9440 9330 9420 22379 21007702 1.17 0.69 0.43 11607 10772 1.08 1.72
20171102 9700 9800 9330 9380 33966 32151721 4.85 0.99 -3.30 22067 11899 1.85 2.61
20171101 9700 9850 9630 9700 21443 20852609 2.27 0.64 0.00 11731 9712 1.21 1.65
20171031 9620 9720 9560 9700 20669 19960700 1.66 0.62 0.83 10507 10161 1.03 1.59
20171030 10120 10160 9600 9620 44621 43706047 5.53 1.60 -4.94 28257 16364 1.73 3.43
20171027 10410 10430 10110 10120 40736 41736830 3.08 1.73 -2.69 25732 15003 1.72 3.13
20171026 10570 10670 10370 10400 44355 46592166 2.84 2.24 -1.52 26996 17359 1.56 3.41
20171025 10410 10560 10410 10560 15973 16763864 1.43 0.72 0.96 8341 7632 1.09 1.23
20171024 10610 10650 10280 10460 20992 21929100 3.48 0.93 -1.69 13766 7227 1.90 1.62
20171023 10540 10700 10460 10640 17290 18336791 2.27 0.53 0.57 10248 7042 1.46 1.33
20171020 10470 10620 10380 10580 18825 19863169 2.31 0.48 1.73 9226 9598 0.96 1.45
20171019 10550 10730 10330 10400 26043 27406843 3.76 0.57 -2.16 15192 10851 1.40 2.00
20171018 10820 10910 10550 10630 27285 29334312 3.33 0.44 -1.76 16934 10351 1.64 2.10
20171017 10780 10970 10750 10820 23254 25232925 2.04 0.27 0.46 14134 9121 1.55 1.79
20171016 11300 11350 10710 10770 68058 75167560 5.54 0.81 -6.83 44624 23434 1.90 5.24
20171013 11660 11660 11360 11560 52656 60693378 2.57 0.61 -0.94 28327 24329 1.16 4.05
20171012 11790 11850 11450 11670 55426 64593323 3.42 0.57 -0.17 31466 23959 1.31 4.27
20171011 12130 12370 11640 11690 113503 135440043 6.03 1.31 -3.39 72445 41058 1.76 8.73
20171010 11330 12280 11300 12100 148291 176366432 8.66 2.14 6.98 58955 89337 0.66 11.41
20171009 11410 11510 11240 11310 51317 58264782 2.37 0.59 -0.62 29849 21467 1.39 3.95
20170929 11290 11450 11110 11380 64958 73225672 3.01 0.60 0.80 36195 28763 1.26 5.00
20170928 10850 11600 10050 11290 107648 120653899 14.30 0.81 4.15 52868 54780 0.97 8.28
20170927 10670 11100 10630 10840 61329 66860883 4.39 0.50 1.31 27752 33577 0.83 4.72
20170926 10790 10940 10620 10700 60538 65034272 2.91 0.55 -2.55 38441 22097 1.74 4.66
20170925 11430 11650 10900 10980 141515 159696450 6.42 1.74 -6.07 96346 45169 2.13 10.89
20170922 11950 12410 11690 11690 172956 206935464 6.16 3.70 0.09 85411 87545 0.98 13.31
20170921 11990 12390 11530 11680 229204 274289424 7.64 261.62 3.73 111760 117444 0.95 17.64
20170920 11260 11260 11260 11260 4380 4932409 0.00 - 9.96 4380 - - 0.34
20170714 10300 10380 10190 10240 17762 18247532 1.84 0.79 -0.78 9642 8120 1.19 1.11
20170713 10370 10390 10180 10320 15847 16314420 2.03 0.65 -0.48 9636 6212 1.55 0.99
20170712 10400 10490 10170 10370 21499 22154853 3.07 0.87 -0.38 12243 9256 1.32 1.35
20170711 10560 10640 10410 10410 22185 23358748 2.18 0.94 -1.23 12979 9206 1.41 1.39
20170710 10720 10720 10500 10540 27526 29097458 2.05 1.24 -1.68 17150 10376 1.65 1.72
20170707 10790 10810 10670 10720 25188 27033346 1.30 1.12 -0.74 17571 7617 2.31 1.58
20170706 10870 10930 10700 10800 24978 27022535 2.12 1.16 -0.64 15166 9812 1.55 1.56
20170705 10760 10880 10710 10870 24009 25974918 1.58 1.03 1.02 10945 13064 0.84 1.50
20170704 10730 10800 10640 10760 16266 17413936 1.49 0.63 0.09 9832 6434 1.53 1.02
20170703 10600 10780 10530 10750 20189 21549232 2.36 0.72 1.61 10067 10122 0.99 1.26
20170630 10710 10710 10380 10580 26822 28282128 3.08 0.86 -1.21 18503 8319 2.22 1.68
20170629 10650 10830 10630 10710 20348 21805939 1.88 0.55 0.85 10443 9904 1.05 1.27
20170628 10970 11000 10600 10620 32577 35013275 3.64 0.85 -3.28 23121 9456 2.45 2.04
20170627 11100 11260 10940 10980 28988 32152528 2.88 0.72 -1.35 19092 9896 1.93 1.82
20170626 10990 11130 10860 11130 30964 34095763 2.45 0.76 1.18 16729 14235 1.18 1.94
20170623 10910 11070 10620 11000 42554 46323275 4.11 1.08 0.55 26944 15610 1.73 2.67
20170622 11400 11550 10900 10940 51390 57988144 5.69 1.31 -4.20 31554 19836 1.59 3.22
20170621 11270 11430 11160 11420 37784 42713535 2.40 1.03 1.69 17545 20239 0.87 2.37
20170620 11340 11530 11160 11230 39795 45227376 3.27 1.18 -0.88 23382 16413 1.42 2.49
20170619 11160 11370 11140 11330 32704 36870591 2.06 0.97 1.34 16439 16265 1.01 2.05
20170616 11220 11370 11100 11180 34475 38646853 2.40 0.99 -0.62 18981 15494 1.23 2.16
20170615 10840 11330 10780 11250 50985 56888374 5.06 1.52 3.50 21407 29577 0.72 3.19
20170614 10830 10900 10670 10870 25459 27464873 2.13 0.62 0.46 14549 10910 1.33 1.59
20170613 10690 10970 10600 10820 24933 27053873 3.46 0.60 1.22 12649 12284 1.03 1.56
20170612 11080 11080 10650 10690 32796 35529944 3.86 0.78 -3.95 24643 8153 3.02 2.05
20170609 11300 11300 10970 11130 40160 44716166 2.91 0.82 -1.77 24282 15878 1.53 2.52
20170608 11220 11390 11100 11330 44702 50143210 2.57 0.93 0.35 26296 18406 1.43 2.80
20170607 10590 11330 10590 11290 61252 67258482 6.99 1.41 6.71 23345 37908 0.62 3.84
20170606 10640 10780 10500 10580 28765 30626058 2.63 0.61 -0.47 17464 11301 1.55 1.80
20170605 10480 10750 10450 10630 34725 36850690 2.84 0.66 0.47 17410 17315 1.01 2.18
20170602 10990 11050 10110 10580 74939 78688903 8.55 1.49 -3.82 44515 30424 1.46 4.69
20170601 11210 11450 11000 11000 39413 44119187 4.01 0.76 -1.87 25155 14258 1.76 2.47
20170531 11620 11860 11180 11210 39310 45032214 5.89 0.74 -2.94 25424 13886 1.83 2.46
20170526 11400 11790 11400 11550 48400 56090763 3.37 0.85 -0.17 26946 21454 1.26 3.03
20170525 11440 11650 11140 11570 62173 70850396 4.45 1.07 0.87 33490 28683 1.17 3.89
20170524 10710 11500 10550 11470 61947 68774014 8.80 1.16 6.20 29179 32767 0.89 3.88
20170523 11040 11350 10800 10800 47200 52053701 5.02 0.91 -1.37 25920 21280 1.22 2.96
20170522 11310 11450 10900 10950 47114 52670285 4.82 0.97 -4.12 32641 14473 2.26 2.95
20170519 11030 11550 11030 11420 64932 73470802 4.64 1.60 1.87 33199 31733 1.05 4.07
20170518 10700 11400 10680 11210 68003 75532618 6.64 1.92 3.32 33196 34807 0.95 4.26
20170517 10800 11000 10700 10850 38620 42029259 2.76 1.00 -0.28 22449 16170 1.39 2.42
20170516 10450 10950 10180 10900 40992 43261569 7.33 1.03 3.81 20577 20415 1.01 2.57
20170515 10480 10900 10400 10500 30642 32560818 4.83 0.72 1.35 16305 14336 1.14 1.92
20170512 10410 10490 10230 10360 24549 25430664 2.48 0.58 -1.33 15067 9483 1.59 1.54
20170511 10390 10540 10060 10500 42213 43711179 4.50 1.06 -1.59 23475 18738 1.25 2.64
20170510 11100 11300 10670 10670 53744 59271161 5.68 1.60 -3.87 34693 19050 1.82 3.37
20170509 10550 11150 10460 11100 47303 51369819 6.45 1.50 3.84 24246 23057 1.05 2.96
20170508 10580 11070 10410 10690 44019 47327556 6.21 1.59 0.56 23346 20673 1.13 2.76
20170505 10550 10780 10540 10630 24438 26113840 2.25 0.77 -0.28 12687 11751 1.08 1.53
20170504 10640 10870 10540 10660 29848 31995507 3.06 0.95 -1.02 16790 13058 1.29 1.87
20170503 10750 10830 10610 10770 22738 24308868 2.05 0.70 0.56 14503 8235 1.76 1.42
20170502 10610 10830 10540 10710 36123 38601593 2.74 1.15 1.32 18734 17388 1.08 2.26
20170428 10450 10610 10380 10570 25188 26464208 2.20 0.76 1.05 13859 11328 1.22 1.58
20170427 10250 10680 9900 10460 44541 45869484 7.59 1.38 1.75 19538 25003 0.78 2.79
20170426 10190 10310 10100 10280 27746 28299172 2.07 0.88 1.28 14251 13495 1.06 1.74
20170425 10120 10370 10080 10150 27843 28433795 2.88 0.88 0.69 16213 11631 1.39 1.74
20170424 10340 10500 10070 10080 31133 31847851 4.04 0.97 -5.26 20522 10611 1.93 1.95
20170421 10560 10860 10460 10640 34344 36505100 3.80 1.15 1.14 18274 16070 1.14 2.15
20170420 10920 10990 10400 10520 40473 42975114 5.43 1.51 -3.22 28223 12249 2.30 2.54
20170419 10970 10980 10750 10870 23557 25547609 2.10 0.88 -0.82 15162 8395 1.81 1.48
20170418 11320 11420 10900 10960 28184 31402968 4.60 1.04 -3.09 17614 10570 1.67 1.77
20170417 11900 11920 11200 11310 33485 38458456 6.04 1.33 -5.12 21916 11569 1.89 2.10
20170414 12170 12170 11860 11920 24264 29082356 2.54 0.98 -2.38 17395 6869 2.53 1.52
20170413 12000 12280 11980 12210 24509 29804540 2.50 0.93 1.67 11147 13362 0.83 1.54
20170412 12030 12120 11890 12010 23672 28401806 1.91 0.85 -0.33 15763 7909 1.99 1.48
20170411 12120 12160 11650 12050 29038 34670082 4.22 1.01 -0.25 17630 11407 1.55 1.82
20170410 12400 12470 12030 12080 24820 30162985 3.54 0.75 -2.74 16207 8613 1.88 1.55
20170407 12400 12490 12350 12420 21632 26865753 1.13 0.64 0.16 10892 10741 1.01 1.36
20170406 12480 12480 12330 12400 32893 40762714 1.21 1.02 -0.24 17992 14901 1.21 2.06
20170405 12190 12460 12040 12430 31176 38472093 3.45 0.97 1.97 16155 15021 1.08 1.95
20170331 12270 12440 12000 12190 33295 40622184 3.59 1.10 -0.41 21822 11473 1.90 2.09
20170330 12920 12920 12120 12240 46515 57560549 6.24 1.66 -4.60 30369 16146 1.88 2.91
20170329 13210 13280 12830 12830 25275 32973227 3.40 0.91 -3.02 17557 7718 2.27 1.58
20170328 13150 13380 13100 13230 25768 34098791 2.14 0.93 0.99 9143 16625 0.55 1.61
20170327 13440 13550 13100 13100 30268 40164552 3.34 1.00 -2.82 20045 10223 1.96 1.90
20170324 13460 13590 13330 13480 23924 32122597 1.92 0.76 -0.66 13274 10650 1.25 1.50
20170323 13790 13830 13000 13570 34668 46921136 6.05 1.21 -1.09 23205 11463 2.02 2.17
20170322 13990 13990 13700 13720 23714 32749066 2.07 0.85 -2.07 16869 6845 2.46 1.49
20170321 14060 14260 13970 14010 25515 35912562 2.04 0.97 -1.27 25329 186 136.18 1.60
20170320 13730 14210 13700 14190 43566 60931285 3.70 1.82 2.90 13444 30123 0.45 2.73
20170317 13960 14090 13730 13790 29475 41096553 2.58 1.35 -1.22 15925 13549 1.18 1.85
20170316 13920 13970 13820 13960 21406 29757729 1.08 1.00 0.79 10207 11199 0.91 1.34
20170315 13730 13900 13710 13850 19337 26659341 1.38 0.86 0.29 9527 9810 0.97 1.21
20170314 14030 14100 13800 13810 17740 24682954 2.14 0.69 -1.57 11269 6471 1.74 1.11
20170313 13780 14050 13510 14030 31518 43693717 3.93 1.13 2.11 13273 18245 0.73 1.97
20170310 13760 13980 13720 13740 18950 26204101 1.89 0.60 -0.29 10698 8252 1.30 1.19
20170309 13860 13920 13600 13780 19497 26877463 2.30 0.60 -0.93 10622 8875 1.20 1.22
20170308 13930 14080 13870 13910 24992 34959148 1.50 0.70 -0.78 12903 12089 1.07 1.57
20170307 14080 14160 13850 14020 33065 46156027 2.21 1.01 -0.07 20183 12882 1.57 2.07
20170306 13720 14100 13580 14030 42956 59920361 3.79 1.52 2.26 17594 25362 0.69 2.69
20170303 13510 13780 13430 13720 38254 52234166 2.57 1.51 0.88 15317 22936 0.67 2.40
20170302 13570 13650 13500 13600 24425 33184621 1.11 0.99 0.37 9703 14722 0.66 1.53
20170301 13430 13740 13400 13550 40804 55475821 2.52 1.84 0.59 15791 25013 0.63 2.56
20170228 13350 13490 13350 13470 17245 23206754 1.04 0.69 0.45 7720 9525 0.81 1.08
20170227 13570 13660 13400 13410 20633 27890738 1.91 0.79 -1.54 11745 8888 1.32 1.29
20170224 13490 13680 13490 13620 23487 31938839 1.40 0.87 0.52 11214 12273 0.91 1.47
20170223 13560 13590 13400 13550 20920 28230903 1.40 0.80 -0.07 11176 9744 1.15 1.31
20170222 13520 13560 13370 13560 28357 38242349 1.41 1.15 0.59 14035 14321 0.98 1.78
20170221 13300 13580 13250 13480 31503 42362436 2.48 1.42 1.43 13159 18345 0.72 1.97
20170220 13100 13330 13080 13290 26025 34347016 1.90 - 0.99 12938 13088 0.99 1.63
20170217 13370 13700 13120 13160 28345 37995205 4.37 1.35 -0.75 15892 12453 1.28 1.78
20170216 13160 13280 13110 13260 17043 22509603 1.29 0.77 0.68 7005 10038 0.70 1.07
20170215 13280 13500 13100 13170 20567 27398100 3.00 0.94 -1.13 12676 7891 1.61 1.29
20170214 13530 13600 13300 13320 19328 25935209 2.21 0.88 -1.84 13334 5994 2.22 1.21
20170213 13560 13660 13430 13570 21508 29187933 1.69 0.94 -0.22 9088 12420 0.73 1.35
20170210 13590 13680 13390 13600 26681 35986961 2.13 1.34 0.07 14567 12114 1.20 1.67
20170209 13490 13660 13440 13590 22362 30320703 1.63 1.20 0.59 10643 11719 0.91 1.40
20170208 13400 13520 13220 13510 19471 26096458 2.24 1.00 0.82 8909 10562 0.84 1.22
20170207 13500 13520 13260 13400 20173 26950138 1.93 1.06 -0.52 9993 10181 0.98 1.26
20170206 13180 13480 13050 13470 25200 33576288 3.26 1.36 2.20 7820 17380 0.45 1.58
20170203 13350 13400 13180 13180 12154 16109544 1.65 0.52 -0.90 6326 5828 1.09 0.76
20170126 13120 13490 13120 13300 16523 22084298 2.79 0.68 0.23 9639 6885 1.40 1.04
20170125 12950 13460 12950 13270 23718 31567867 3.90 1.01 1.45 8688 15030 0.58 1.49
20170124 13280 13330 13000 13080 17833 23548773 2.49 0.67 -1.21 10336 7498 1.38 1.12
20170123 13020 13330 13020 13240 22321 29500297 2.36 0.70 0.84 10820 11501 0.94 1.40
20170120 12550 13490 12550 13130 36847 48475542 7.43 1.22 3.79 14694 22153 0.66 2.31
20170119 12600 12790 12450 12650 20616 25998477 2.70 0.67 0.32 10906 9710 1.12 1.29
20170118 12800 12800 12550 12610 20336 25731138 1.95 0.66 -1.87 12365 7971 1.55 1.27
20170117 12440 12990 12320 12850 32507 41051974 5.37 1.16 2.96 15123 17384 0.87 2.04
20170116 13400 13470 12110 12480 48839 62239131 10.10 2.13 -7.28 28483 20356 1.40 3.06
20170113 13900 13950 13430 13460 29318 40052243 3.75 1.34 -2.89 17114 12205 1.40 1.84
20170112 14130 14200 13780 13860 21986 30786604 2.97 0.85 -1.84 13092 8894 1.47 1.38
20170111 14210 14270 14120 14120 20750 29446792 1.06 0.68 -0.56 12722 8028 1.58 1.30
20170110 14450 14500 14180 14200 18902 27126804 2.22 0.58 -1.53 11015 7887 1.40 1.18
20170109 14080 14480 14070 14420 23696 33808135 2.90 0.69 1.91 10074 13622 0.74 1.48
20170106 14430 14480 14150 14150 23920 34082404 2.29 0.66 -1.94 15638 8282 1.89 1.50
20170105 14440 14540 14360 14430 41354 59783480 1.25 1.25 0.07 22641 18713 1.21 2.59
20170104 14120 14420 14080 14420 44389 63338151 2.41 1.38 2.12 18067 26321 0.69 2.78
20170103 14090 14160 13940 14120 29423 41378416 1.58 0.75 1.29 14560 14864 0.98 1.84
20161230 14040 14150 13910 13940 31930 44792206 1.71 0.79 -0.64 20471 11459 1.79 2.00
20161229 14170 14340 14030 14030 35101 49929597 2.19 0.81 -0.92 18536 16566 1.12 2.20
20161228 14390 14440 14150 14160 24303 34753156 2.02 0.50 -1.39 15119 9184 1.65 1.52
20161227 14450 14450 14250 14360 39881 57121626 1.38 0.73 -0.97 22315 17566 1.27 2.50
20161226 14360 14500 13730 14500 64161 89963872 5.35 1.15 0.83 35009 29152 1.20 4.02
20161223 14460 14610 14370 14380 38069.04 55137584.430
20161222 14760 14760 14200 14460 50918.54 73610789.330
20161221 14700 14840 14570 14740 51151.19 75121621.030
20161220 14980 14980 14540 14630 67351.85 99165546.430
20161219 15560 15680 15050 15060 70591.18 107734406.580
20161216 16200 16200 15430 15630 101826.65 159866355.240
20161215 15250 16940 15170 15830 161640.51 254679004.590
20161214 15130 15430 14810 15400 105266.62 159991188.870
20161213 14580 15190 14400 15130 97029.31 144588334.650
20161212 14960 15370 14010 14560 73409.00 107690448.170
20161209 14870 15080 14870 15040 38557.98 57833244.280
20161208 14880 15020 14770 14950 33491.54 49932943.380
20161207 14700 14880 14640 14880 21801.03 32169358.220
20161206 14640 14800 14620 14700 27719.24 40794950.470
20161205 14500 14740 14470 14620 29519.13 43135190.540
20161202 15320 15360 14610 14650 54184.66 81181963.870
20161201 15370 15440 15260 15310 37040.77 56877268.870
20161130 15340 15690 15340 15410 47161.92 73067734.540
20161129 15730 15820 15350 15350 39125.00 61162469.560
20161128 15790 15870 15610 15740 39203.06 61760708.030
20161125 15700 15860 15310 15850 51159.71 79917332.550
20161124 15830 15970 15600 15750 43250.74 68309764.290
20161123 16150 16150 15840 15880 53374.12 85257490.330
20161122 15870 16080 15850 16080 65330.28 104254527.030
20161121 15680 15830 15540 15830 41913.27 65603104.990
20161118 15830 15920 15630 15700 37374.66 59026576.710
20161117 16110 16110 15750 15840 53120.49 84404354.600
20161116 16000 16250 15970 16120 86888.87 140236278.030
20161115 15870 15950 15640 15950 54634.95 86128442.010
20161114 15760 15950 15750 15850 51342.00 81379985.120
20161111 15860 15860 15560 15720 60546.16 94873825.810
20161110 15810 15850 15680 15780 63035.33 99341009.560
20161109 15980 16000 15310 15710 83118.25 130197192.460
20161108 16020 16330 15790 15910 126483.82 203491768.070
20161107 15420 15810 15350 15810 75089.07 116751307.950
20161104 15340 15600 15250 15430 39529.22 61098397.190
20161103 15220 15500 15180 15330 41486.31 63697793.380
20161102 15410 15540 15200 15200 33048.09 50827270.120
20161101 15290 15490 15210 15440 38434.50 59049824.630
20161031 15230 15320 15110 15280 30023.84 45614839.690
20161028 15380 15500 15200 15310 42649.12 65489432.470
20161027 15580 15640 15330 15420 38712.44 59853144.360
20161026 15510 15690 15400 15640 62876.70 97835307.310
20161025 15410 15550 15330 15530 48104.37 74439284.980
20161024 15180 15450 15100 15380 44756.08 68522273.590
20161021 15390 15480 15050 15180 39508.58 60184632.780
20161020 15220 15580 15220 15380 41560.78 63938302.160
20161019 15340 15360 15220 15260 36787.02 56247296.210
20161018 15010 15280 14910 15280 39278.96 59373416.180
20161017 15230 15270 14990 15050 38046.27 57679659.130
20161014 15280 15320 15060 15180 34560.37 52349445.400
20161013 15330 15440 15260 15310 30456.99 46717246.930
20161012 15210 15420 15210 15350 31564.00 48373304.090
20161011 15410 15410 15250 15330 38453.20 58902226.390
20161010 15020 15520 15020 15460 56781.38 87020546.640
20160930 14940 15020 14870 14930 20946.98 31341629.740
20160929 14860 14980 14860 14920 22606.47 33753582.410
20160928 14930 14960 14830 14870 20211.06 30077066.280
20160927 14520 14980 14500 14970 31882.67 47006078.050
20160926 14850 14930 14510 14580 35306.47 52216144.170
20160923 14900 14970 14800 14850 24402.15 36350641.320
20160922 15010 15080 14850 14850 28179.07 42148776.700
20160921 14800 14970 14790 14870 22836.93 34000304.140
20160920 14870 14950 14770 14820 25122.42 37264503.790
20160919 14740 15080 14740 14900 27857.80 41462360.170
20160914 14770 14840 14590 14730 24734.42 36466256.060
20160913 14930 15000 14720 14830 34138.60 50644568.970
20160912 15250 15270 14760 14760 62128.94 93454543.160
20160909 15920 16080 15600 15610 51428.37 81301293.780
20160908 15850 16060 15840 16020 50003.10 79831130.880
20160907 16120 16160 15860 15900 65934.78 105646596.420
20160906 15700 16190 15320 16180 96375.91 152295291.170
20160905 15700 15960 15640 15780 62675.93 99282303.570
20160902 15520 15740 15430 15640 55223.18 86112347.680
20160901 15520 15740 15420 15520 64914.29 101060952.360
20160831 15650 15650 15300 15500 36125.84 55787576.000
20160830 15580 15640 15420 15560 40981.60 63592548.740
20160829 15400 15750 15350 15550 46914.74 73253747.100
20160826 15280 15650 15200 15420 54438.40 84037902.310
20160825 15450 15530 15000 15230 49084.00 74630416.960
20160824 15400 15810 15330 15570 66175.90 103194690.190
20160823 15400 15560 15210 15320 36288.45 55782266.020
20160822 15530 15800 15320 15320 54967.63 85631499.390
20160819 15630 15670 15400 15470 38024.54 59041603.870
20160818 15630 15820 15370 15670 64442.52 100428022.280
20160817 15420 15740 15390 15590 51930.49 80791807.080
20160816 15490 15650 15420 15500 52239.90 81036121.210
20160815 14910 15580 14750 15450 72902.94 111538452.420
20160812 14720 14980 14620 14930 43560.20 64664998.750
20160811 15160 15180 14700 14720 47280.55 70585397.620
20160810 15330 15450 15130 15150 53642.18 81946375.670
20160809 15180 15380 15010 15370 73081.97 110930644.750
20160808 14900 15150 14700 15150 35335.88 52762328.690
20160805 15320 15450 14880 14890 56244.03 84940264.130
20160804 15260 15450 15120 15360 49486.82 75660573.910
20160803 15200 15270 15050 15230 41034.23 62240420.190
20160802 15110 15270 14990 15180 36028.54 54603752.830
20160801 15100 15350 14600 15160 58481.22 87066249.320
20160729 15420 15600 15040 15240 47268.06 72214457.870
20160728 15860 16000 15030 15440 92096.73 142439099.840
20160727 17750 17750 15930 15930 140550.47 234079097.280
20160726 17380 17700 17330 17700 53196.35 93463672.390
20160725 17550 17640 17210 17370 57567.85 100386182.380
20160722 17420 17940 17300 17640 74713.13 131499297.290
20160721 17710 17780 17400 17450 78087.06 137315358.650
20160720 18050 18110 17610 17650 76286.40 136078013.980
20160719 17750 18060 17720 18050 67211.70 120351215.580
20160718 18110 18200 17570 17740 75623.03 134690420.120
20160715 18760 18770 18080 18220 104636.09 192100708.590
20160714 18660 18940 18500 18830 114812.87 214704815.100
20160713 18060 19480 18010 18980 245562.79 460049432.960
20160712 17640 17960 16940 17960 126947.34 221612245.910
20160711 17800 18160 17570 17610 122886.43 219592571.850
20160708 17520 18240 17400 17860 125745.69 224337166.180
20160707 17890 17930 17180 17570 119117.26 209148859.670
20160706 17710 18260 17700 17930 114627.35 205869418.830
20160705 17950 17980 17580 17850 114439.96 203245090.000
20160704 17600 18100 17410 17920 140645.63 251081724.010
20160701 18330 18390 17750 17790 155834.55 280848323.480
20160630 17710 18550 17660 18370 231418.02 419259890.110
20160629 17650 18670 17560 18000 263551.38 476103021.270
20160628 17660 18080 17320 17790 354891.07 629322220.200
20160627 15200 16900 15200 16900 140072.89 226971329.290
20160624 16050 16080 14480 15360 155295.67 241083004.410
20160623 15850 16210 15680 16010 143560.24 229857185.360
20160622 15060 15940 14920 15840 129298.53 199598043.810
20160621 15360 15800 15050 15240 128840.99 199277441.750
20160620 15060 15220 14630 15160 79286.83 118559240.130
20160617 14870 15290 14680 14930 92761.78 139416188.280
20160616 14580 14970 14550 14720 86869.89 127902394.280
20160615 13850 14760 13720 14640 95742.75 138194699.640
20160614 14150 14360 13710 14000 93148.87 130476773.980
20160613 15710 15710 14380 14380 116596.20 176700307.080
20160608 16200 16200 15780 15980 96765.36 154506288.630
20160607 16420 16430 15900 16170 107578.51 173152718.910
20160606 15950 16600 15930 16400 188403.33 307682094.250
20160603 15920 15960 15420 15860 159028.51 249516232.830
20160602 15750 16090 15600 15880 145091.70 229171955.750
20160601 15660 15950 15500 15750 197798.69 310663460.850
20160531 14570 15980 14570 15750 221096.93 338317625.100
20160530 14600 15800 14020 14720 213062.57 320777046.560
20160205 14990 15080 14500 14600 104319.00 153620000
20160204 14590 15260 14470 15020 148796.00 222410000
20160203 14450 14860 14020 14690 153007.00 219860000
20160202 13380 14660 13380 14660 126819.00 180480000
20160201 13700 13850 13000 13330 110158.00 148080000
20160129 12860 14050 12610 13780 126946.00 171600000
20160128 13500 13740 12570 12920 113354.00 149470000
20160127 14090 14400 12910 13900 157549.00 212760000
20160126 15390 15600 14320 14320 142617.00 212300000
20160125 16450 16450 15580 15910 157407.00 253240000
20160122 15910 16310 15150 16130 184604.00 294000000
20160121 15700 16990 15260 15860 274337.00 448000000
20160120 16450 16640 15840 15970 201297.00 326630000
20160119 15700 16880 15080 16720 312184.00 498430000
20160118 14610 16400 14450 16090 130131.00 204360000
20160115 15600 16900 14640 15200 189953.00 302920000
20160114 14290 16310 13900 15890 148019.00 227010000
20160113 16700 16950 14910 15010 87802.00 141710000
20160112 16000 17170 15450 16500 97532.00 159730000
20160111 17500 17890 16380 16380 102199.00 171700000
20160108 19190 19490 17270 18200 171902.00 314930000
20160107 20480 20480 19190 19190 24703.00 48550000
20160106 21390 21480 19600 21320 107688.00 224270000
20160105 21000 22390 20430 20740 136991.00 289160000
20160104 25200 25220 22700 22700 90716.00 211720000
20151231 26700 27200 25220 25220 106876.00 280070000
20151230 25000 26660 24920 25930 146701.00 380380000
20151229 24300 25690 24300 25100 135414.00 340410000
20151228 26000 26600 24220 24290 121014.00 307470000
20151225 26400 26600 25560 25830 67917.00 176620000
20151224 25210 26330 24500 26230 99249.00 252050000
20151223 26800 27200 24820 25420 140891.00 366530000
20151222 27190 27200 26500 26730 111078.00 298140000
20151221 26460 27390 25430 27350 151813.00 402480000
20151218 25340 27500 24990 26430 200063.00 532020000
20151217 24200 25660 24010 25400 147076.00 366550000
20151216 24430 24430 23370 23870 107487.00 256960000
20151215 23150 24950 23150 24020 156263.00 376670000
20151214 21850 22910 21500 22910 88836.00 196670000
20151211 22500 23460 21800 22200 124311.00 281390000
20151210 22600 23960 22350 22650 220871.00 511340000
20151209 21270 23500 20700 22990 241099.00 533620000
20151208 21830 22330 21050 21400 248050.00 538430000
20151207 19400 21290 19390 21290 150368.00 311850000
20151204 19600 19810 18990 19350 63220.00 123110000
20151203 18690 19860 18690 19800 68615.00 133000000
20151202 19470 19790 18000 18680 64334.00 119880000
20151201 19010 20000 19010 19480 63278.00 123660000
20151130 19890 19950 17800 19490 83750.00 159620000
20151127 21100 21410 19330 19600 93271.00 191080000
20151126 22000 22080 21120 21440 109150.00 236370000
20151125 21310 22050 21110 21840 129712.00 281770000
20151124 20870 21350 20370 21350 74873.00 156590000
20151123 21910 22000 20660 20870 118165.00 252740000
20151120 20830 21980 20730 21860 160408.00 342590000
20151119 20130 20960 19810 20880 88842.00 181280000
20151118 20400 21140 19820 19980 92114.00 189570000
20151117 21580 21800 20200 20410 120535.00 253230000
20151116 19300 21470 19220 21380 117209.00 238330000
20151113 20700 20990 19700 19990 110912.00 225980000
20151112 20680 21450 20130 21240 141267.00 291320000
20151111 19550 20880 19550 20800 157033.00 319180000
20151110 19480 20400 19350 19790 118715.00 235730000
20151109 19110 20170 18650 19870 132853.00 258080000
20151106 18560 19700 18560 19400 120144.00 230470000
20151105 18650 18950 18110 18580 99816.00 185320000
20151104 17400 18780 17400 18780 100651.00 182650000
20151103 18100 18190 16900 17250 89546.00 156230000
20151102 18190 19090 17660 17900 98156.00 180750000
20151030 18900 19840 18510 19080 113497.00 219000000
20151029 18810 19300 18430 18850 91765.00 173100000
20151028 19500 19880 18400 18690 127797.00 245590000
20151027 18900 20190 17500 19880 174253.00 328850000
20151026 19230 19700 18600 19320 214023.00 410660000
20151023 18150 19220 17980 19220 207181.00 390050000
20151022 16360 17500 16350 17470 131988.00 225000000
20151021 18090 18190 16520 16520 156870.00 272620000
20151020 17240 18470 17020 18360 158211.00 285040000
20151019 17520 18000 16600 17240 127655.00 223620000
20151016 17650 18240 17060 17710 127078.00 224340000
20151015 17080 17880 16800 17700 118882.00 208600000
20151014 17500 17730 17000 17060 111103.00 192120000
20151013 17110 17880 17040 17640 139657.00 244960000
20151012 17250 18160 16850 17400 203570.00 355320000
20151009 15340 16850 15110 16850 143779.00 228060000
20151008 14960 15640 14810 15320 125588.00 192180000
20150930 15010 15200 14220 14420 69298.00 101090000
20150929 15170 15500 14500 14890 109181.00 164570000
20150928 14640 15780 14000 15690 133448.00 200840000
20150925 15500 15990 14000 14610 147822.00 223690000
20150924 15100 15380 14800 15200 123164.00 185460000
20150923 14510 15420 14120 14990 156186.00 230380000
20150922 14600 15590 14360 15060 171427.00 256110000
20150921 13400 14700 13000 14550 163248.00 228790000
20150918 26020 27990 25030 27740 96124.00 252760000
20150917 25120 26370 24720 25880 72993.00 189290000
20150916 22490 23970 22210 23970 56678.00 132630000
20150915 22200 24060 21770 21790 63899.00 143390000
20150914 26600 26920 24190 24190 45391.00 114570000
20150911 25500 27170 25500 26880 51118.00 136020000
20150910 25470 26830 25020 25700 50286.00 130980000
20150909 24990 26700 24680 25980 68068.00 175760000
20150908 21610 24430 21610 24430 60983.00 137890000
20150907 21000 22210 20990 22210 53448.00 118240000
20150902 19580 23000 19580 20190 38771.00 81780000
20150901 22570 23000 21220 21220 33818.00 74530000
20150831 25500 25950 23500 23580 43575.00 108140000
20150828 24150 26070 23800 26070 53341.00 132000000
20150827 23200 24000 21010 23700 51738.00 117870000
20150826 24850 26280 22340 22340 49129.00 118980000
20150825 24820 25600 24820 24820 28860.00 72010000
20150824 28930 29000 27580 27580 22807.00 63380000
20150821 32900 33750 30640 30640 49668.00 158450000
20150820 33500 36750 32830 34040 57556.00 199770000
20150819 31200 35000 29480 34310 51277.00 161900000
20150818 36170 37350 32540 32540 44507.00 157540000
20150817 36200 36610 35240 36160 33500.00 120240000
20150814 37980 38200 36700 36900 45410.00 171070000
20150813 35030 37580 35030 37500 43300.00 157840000
20150812 36680 38190 35700 35700 45744.00 168850000
20150811 37140 38250 36600 37640 66368.00 248480000
20150810 35000 37760 34330 37620 63553.00 227760000
20150807 31570 34330 31560 34330 63554.00 211930000
20150806 29500 31880 29010 31210 39643.00 121100000
20150805 31750 32750 30600 30920 49271.00 156720000
20150804 28010 30590 28010 30590 36527.00 107700000
20150803 29600 29880 27810 27810 40841.00 116730000
20150731 32000 33200 30300 30900 35078.00 112080000
20150730 33980 35670 32950 33050 52666.00 180360000
20150729 32990 34980 29590 34510 58413.00 188080000
20150728 31910 35980 31640 32000 62556.00 205770000
20150727 37910 40490 35150 35150 57243.00 216910000
20150724 38890 41960 38830 39050 64508.00 257560000
20150723 37710 40380 37450 39190 57464.00 222050000
20150722 38200 39490 35610 38470 86954.00 329990000
20150721 34000 38030 32880 38030 78150.00 285500000
20150720 32700 34570 32210 34570 95223.00 322300000
20150717 29800 31430 28780 31430 58242.00 177430000
20150716 24000 28570 23700 28570 113641.00 306050000
20150715 25970 25970 25970 25970 10130.00 26300000
20150707 24970 24970 23610 23610 28117.00 66990000
20150706 31800 31800 26230 26230 65916.00 183750000
20150703 29180 32800 29140 29140 50501.00 149720000
20150702 34230 34900 32380 32380 38990.00 128030000
20150701 37950 41350 35980 35980 40453.00 158020000
20150630 35310 41500 35210 39980 46578.00 176420000
20150629 43490 43490 39120 39120 26583.00 105610000
20150626 46980 47500 43470 43470 27045.00 119980000
20150625 52600 52600 47090 48300 22688.00 115190000
20150624 51990 53770 49490 52320 31125.00 161910000
20150623 47960 51500 46100 51480 28434.00 141100000
20150619 48660 51080 48000 48450 26133.00 128830000
20150618 54000 54490 49420 50160 25175.00 132630000
20150617 50660 55400 47160 54550 41153.00 212780000
20150616 52730 52730 48500 50390 48826.00 245970000
20150615 58580 59800 53500 53850 40826.00 227900000
20150612 57710 59850 57500 58590 31805.00 186240000
20150611 58400 59280 56200 57580 27990.00 161530000
20150610 58000 60960 56000 59140 37226.00 219480000
20150609 57000 60800 56020 58860 47814.00 281970000
20150608 62000 62050 56840 57400 33102.00 192750000
20150605 64000 67540 61500 63150 43785.00 282420000
20150604 62610 65990 59390 61400 30751.00 188490000
20150603 66000 69790 61510 65990 32682.00 217010000
20150602 60000 64900 58390 64900 34214.00 211550000
20150601 53800 59000 53800 59000 35519.00 203970000
20150529 53000 55980 50000 53640 31854.00 171360000
20150528 57200 59600 52770 52770 47368.00 267590000
20150527 61300 61800 57000 57380 39368.00 227400000
20150526 57410 61500 57130 60030 36148.00 215480000
20150525 56550 58990 55130 57430 45336.00 258040000
20150522 64900 64900 57500 60170 53271.00 317920000
20150521 59050 64880 58380 63150 36867.00 228090000
20150520 54020 60500 54020 59000 48470.00 287070000
20150519 51360 55500 48740 55000 39392.00 207000000
20150518 47330 51140 46720 51140 44018.00 219850000
20150515 44410 46790 44300 46490 34112.00 154990000
20150514 46350 48490 45680 45690 34848.00 163130000
20150513 47500 48990 44880 47180 43738.00 208040000
20150512 44700 49120 44000 48990 90044.00 416320000
20150511 41600 44970 41500 44650 105566.00 462780000
20150508 38900 41000 38090 40880 61031.00 242970000
20150507 37580 38660 37300 37680 29277.00 111320000
20150506 36120 39480 36120 37590 45672.00 172240000
20150505 37200 37600 35240 35990 27287.00 99720000
20150504 38300 38700 36580 37270 33433.00 124510000
20150430 39460 41000 38200 38250 37806.00 150760000
20150429 36650 40160 36650 39500 26688.00 102510000
20150428 40700 41200 36880 37150 39024.00 149720000
20150427 42000 43170 40800 40980 27554.00 115240000
20150424 41090 42300 40210 41480 46269.00 191060000
20150423 38600 42130 38600 42120 105511.00 428890000
20150422 37870 40900 37770 38300 52267.00 204180000
20150421 36000 38500 36000 37880 55725.00 210270000
20150420 36710 37300 35500 36140 34185.00 124290000
20150417 38700 38760 36030 37100 45782.00 169910000
20150416 37310 40910 37310 38500 29838.00 116220000
20150415 39780 42880 39570 39600 39277.00 160000000
20150414 41000 41160 39510 40090 30638.00 123420000
20150413 40500 41870 40480 41300 46452.00 191160000
20150410 42000 45000 41530 42010 67719.00 291600000
20150409 38540 42390 36030 42390 91100.00 360320000
20150408 38500 39500 37000 38540 59044.00 226760000
20150407 35220 39110 35220 39110 97065.00 367720000
20150403 35650 35880 34700 35550 45506.00 160940000
20150402 35800 36590 35250 35860 40640.00 145280000
20150401 34060 35800 34000 35590 34991.00 122610000
20150331 34010 35480 33700 34280 37598.00 130430000
20150330 35400 35400 32800 34300 62749.00 211830000
20150327 34700 36350 34200 36100 28316.00 100820000
20150326 36910 37000 34500 34800 75848.00 270360000
20150325 37360 40000 37100 37690 75700.00 292060000
20150324 35670 38440 33800 38010 88749.00 327930000
20150323 33550 36040 33100 35550 65368.00 229710000
20150320 31860 33580 31600 32760 59134.00 192760000
20150319 31490 31990 30500 31750 41853.00 130590000
20150318 30590 32500 30560 31990 63254.00 201760000
20150317 31480 31670 30300 30770 73447.00 226760000
20150316 29680 32240 29610 31400 91398.00 285460000
20150313 27880 29340 27510 29310 56068.00 161460000
20150312 28370 28650 27200 27990 42419.00 118400000
20150311 27800 29380 27350 28290 62806.00 178950000
20150310 27250 28410 27110 28000 42779.00 119070000
20150309 27250 27800 26500 27450 36860.00 100720000
20150306 28700 29000 26600 27170 61027.00 167940000
20150305 30000 30700 28110 28770 82214.00 242440000
20150304 26380 29040 26100 29040 57954.00 160820000
20150303 27740 27850 26380 26400 35937.00 97430000
20150302 27350 27980 26870 27700 40591.00 111370000
20150227 25800 27380 25670 27290 38205.00 101970000
20150226 26310 26660 25250 25760 36720.00 94780000
20150225 27900 27900 25590 26170 29996.00 79860000
20150217 28200 28270 27050 27480 25782.00 70890000
20150216 28100 28480 27710 28090 31095.00 87210000
20150213 27350 28160 27010 27680 30914.00 85450000
20150212 26260 27680 26160 27200 29698.00 80330000
20150211 26310 27070 26310 26650 21971.00 58760000
20150210 25290 26300 25240 26270 16359.00 42110000
20150209 25910 26730 25120 25290 25534.00 65820000
20150206 27250 27730 26200 26220 37339.00 99680000
20150205 26700 28050 26200 27500 48052.00 131590000
20150204 26670 27500 26450 26700 34425.00 92560000
20150203 25340 27400 25330 26870 45738.00 121530000
20150202 26270 27420 25290 25480 38837.00 102480000
20150130 26150 27500 25590 26470 41251.00 109370000
20150129 25410 26910 25390 26400 48184.00 126090000
20150128 25700 27270 25020 25370 72533.00 189870000
20150127 23350 25690 23060 25690 53188.00 129730000
20150126 23000 23680 23000 23350 25954.00 60520000
20150123 24650 24650 22880 23000 42803.00 100700000
20150122 24300 24650 23850 24600 32811.00 79450000
20150121 24200 24870 24030 24410 37964.00 92630000
20150120 22990 24700 22990 24200 48390.00 116480000
20150119 23030 24720 22700 22990 48038.00 114200000
20150116 22850 24190 22650 23600 29408.00 68740000
20150115 22030 24420 21720 23080 35760.00 81890000
20150114 23030 23200 21940 22200 22991.00 51700000
20150113 22500 23680 21800 23150 41519.00 95640000
20150112 21800 22920 21730 22420 21380.00 47790000
20150109 21550 22800 21510 22250 29667.00 65660000
20150108 20870 22480 20830 21640 31338.00 68140000
20150107 21060 21500 20600 21100 23802.00 49890000
20150106 19620 21650 19620 21400 34711.00 72170000
20150105 21000 21270 19360 19970 51818.00 102690000
20141231 20350 21650 20320 21010 27389.00 57670000
20141230 20150 21000 19020 20650 42580.00 86290000
20141229 22580 22580 20540 20540 53512.00 111620000
20141226 23660 24180 22380 22820 36585.00 83920000
20141225 22900 24190 22900 23660 20290.00 48110000
20141224 22980 23380 22770 23290 31735.00 73220000
20141223 24700 25210 22300 22300 33608.00 79480000
20141222 27000 27100 24710 24710 30359.00 75910000
20141219 28700 29200 26620 27450 29948.00 82920000
20141218 28550 30450 28550 28800 46843.00 137590000
20141217 27150 30180 27150 29200 66233.00 192030000
20141216 27900 28500 27030 27780 32719.00 91040000
20141215 26340 28890 26340 28150 66752.00 186240000
20141212 24160 26310 24100 26310 50359.00 127390000
20141211 23880 24340 23320 23920 27112.00 64390000
20141210 24210 24760 22700 24260 49512.00 118740000
20141209 24500 25960 23500 24030 35650.00 87550000
20141208 26510 27290 24940 24990 45723.00 118540000
20141205 28890 28900 27000 27500 28712.00 80020000
20141204 28970 30000 28560 29000 30909.00 90390000
20141203 29980 29980 26950 29380 49252.00 140290000
20141202 28790 30160 28500 29500 72214.00 213860000
20141201 26500 29330 26030 29330 101093.00 291710000
20141128 26970 27130 25720 26660 40652.00 106650000
20141127 26830 27180 26200 26960 14808.00 39380000
20141126 26800 26990 26080 26680 23096.00 61060000
20141125 27060 28000 26610 26950 17487.00 47750000
20141124 26100 27100 25480 27030 24101.00 63210000
20141121 25720 26950 25500 26200 25414.00 66800000
20141120 25600 25900 25000 25500 20974.00 53240000
20141119 23960 26200 23710 25950 39677.00 100550000
20141118 24200 24200 23380 23940 21117.00 50270000
20141117 21800 23890 21610 23890 26245.00 60740000
20141114 21640 22000 21400 21720 18617.00 40340000
20141113 22600 22800 21280 21850 24488.00 53450000
20141112 22490 22870 22010 22570 19865.00 44590000
20141111 24000 24170 22210 22400 26813.00 60990000
20141110 24280 24400 23410 24000 14746.00 35210000
20141107 24720 25190 24000 24110 21484.00 52870000
20141106 24350 24990 24280 24820 15317.00 37830000
20141105 24770 25000 23880 24000 18086.00 44370000
20141104 25800 26080 24600 24680 23048.00 58220000
20141103 25450 25930 24900 25750 23306.00 59000000
20141031 26010 26500 25300 25670 23647.00 60920000
20141030 26650 27000 25930 26370 23144.00 61230000
20141029 25660 26730 25530 26250 33732.00 88260000
20141028 25280 26300 24730 25800 33085.00 83840000
20141027 24500 25520 24380 25280 22362.00 56230000
20141024 24880 25530 24300 24360 20910.00 52000000
20141023 26030 26340 23770 24800 52349.00 130940000
20141022 26850 27800 26300 26300 40546.00 109420000
20141021 26400 27500 25810 27040 87700.00 233250000
20141020 23210 25470 23210 25470 64047.00 160520000
20141017 24490 24750 23150 23150 38751.00 91820000
20141016 23920 25280 23760 24620 39387.00 97000000
20141015 24280 24600 23630 24350 29620.00 71650000
20141014 23640 24940 23640 24480 49182.00 120160000
20141013 24180 24200 22700 23500 59777.00 140970000
20141010 24400 25550 24280 24710 59336.00 148060000
20141009 26500 26520 23950 24600 111685.00 280850000
20141008 23200 24220 22220 24220 30144.00 71050000
20140930 22020 22020 22020 22020 5013.00 11030000
20140905 19980 20400 19500 20020 32156.00 64060000
20140904 20560 20560 19540 19960 41822.00 82970000
20140903 19650 21450 19650 20180 78296.00 159700000
20140902 18500 20240 18400 19500 65505.00 128670000
20140901 17800 18440 17700 18400 36651.00 66560000
20140829 17230 18350 17130 17950 37982.00 68030000
20140828 17100 17680 17000 17230 26889.00 46670000
20140827 17210 17400 16900 17100 32665.00 56060000
20140826 18000 18040 17100 17100 54493.00 95680000
20140825 18830 19370 18100 18170 92476.00 174010000
20140822 16920 18290 16920 18290 101882.00 184540000
20140821 15960 16630 15810 16630 45800.00 74230000
20140820 15960 16450 15730 15940 40766.00 65370000
20140819 15900 16210 15700 15870 32879.00 52510000
20140818 15020 16300 15020 15930 64046.00 100440000
20140815 14780 15280 14760 14990 25330.00 38110000
20140814 14690 15390 14690 14900 38095.00 57460000
20140813 14700 14800 14370 14630 23184.00 33770000
20140812 14830 14920 14610 14790 21822.00 32280000
20140811 14650 14870 14500 14770 23758.00 35020000
20140808 14320 14700 14310 14590 28288.00 41170000
20140807 14260 14460 14160 14200 18975.00 27130000
20140806 14190 14360 14160 14230 15657.00 22320000
20140805 13890 14300 13730 14250 24544.00 34570000
20140804 13790 13940 13670 13840 12172.00 16780000
20140801 14030 14080 13670 13750 18611.00 25920000
20140731 14160 14160 13920 14070 12250.00 17180000
20140730 14000 14160 13900 14130 15781.00 22160000
20140729 13790 14160 13730 14020 21730.00 30440000
20140728 13540 13850 13430 13800 19079.00 26040000
20140725 13420 13550 13310 13500 10624.00 14290000
20140724 13640 13690 13140 13360 16623.00 22250000
20140723 13960 14040 13480 13600 21595.00 29800000
20140722 13830 14010 13820 13950 20121.00 28000000
20140721 14130 14170 13610 13760 16701.00 23100000
20140718 14190 14320 14050 14130 12017.00 17030000
20140717 14110 14300 14060 14230 11214.00 15910000
20140716 14630 14660 14010 14230 26325.00 37810000
20140715 15110 15230 14510 14690 30989.00 45640000
20140714 14720 15180 14670 15170 29890.00 44650000
20140711 14670 15000 14520 14840 20538.00 30430000
20140710 14650 14960 14560 14680 22849.00 33760000
20140709 15360 15470 14640 14680 37136.00 55930000
20140708 15160 15570 15070 15440 28455.00 43630000
20140707 15580 15750 15110 15280 24592.00 37760000
20140704 15220 15520 15080 15450 34367.00 52790000
20140703 15290 15460 14960 15230 28814.00 43850000
20140702 15450 15560 14930 15260 40721.00 61870000
20140701 15350 15730 15310 15430 39215.00 60710000
20140630 15420 15560 15100 15360 33166.00 50780000
20140627 15500 15780 15330 15510 39446.00 61330000
20140626 15300 15780 15250 15500 47654.00 74040000
20140625 15160 15300 14800 15200 33512.00 50290000
20140624 15090 15550 14880 15180 44502.00 67590000
20140623 14740 15890 14730 15070 65984.00 100600000
20140620 13900 14490 13800 14490 32945.00 46750000
20140619 14400 15130 13780 13810 50507.00 72860000
20140618 14600 14700 14300 14380 29068.00 42220000
20140617 14650 14930 14460 14610 35734.00 52350000
20140616 14240 14900 14230 14700 44318.00 64660000
20140613 14050 14540 14010 14290 45088.00 64600000
20140612 14090 14280 13790 14160 36350.00 50910000
20140611 14000 14250 13860 14090 49138.00 69030000
20140610 13220 14480 13190 14080 67735.00 93580000
20140609 13350 13450 13170 13220 20242.00 26870000
20140606 13490 13650 13300 13450 28777.00 38770000
20140605 13050 13540 12960 13520 26903.00 35690000
20140604 13380 13380 12820 13100 31043.00 40680000
20140603 13400 13630 13310 13380 24442.00 32870000
20140530 13480 13740 13170 13500 34223.00 46080000
20140529 13770 13900 13330 13490 43549.00 59360000
20140528 13300 13940 13270 13710 60725.00 82960000
20140527 13260 13540 13200 13300 40304.00 53910000
20140526 13160 13390 13140 13300 46658.00 61910000
20140523 12730 13180 12710 13160 43916.00 57020000
20140522 12880 13090 12710 12730 40136.00 51880000
20140521 12550 12970 12400 12940 37931.00 48260000
20140520 12520 12860 12450 12530 40499.00 51220000
20140519 12250 12370 12030 12340 19846.00 24230000
20140516 11970 12390 11860 12350 36730.00 44460000
20140515 12620 12720 12090 12110 42886.00 53110000
20140514 12560 12900 12430 12690 39039.00 49590000
20140513 12540 12730 12380 12550 40423.00 50710000
20140512 12380 12750 12130 12640 52414.00 65210000
20140509 12930 12930 12240 12310 59582.00 74530000
20140508 13100 13750 12750 12890 68994.00 90770000
20140507 14130 14290 13130 13300 95483.00 132350000
20140506 13670 14580 13450 14330 119322.00 166620000
20140505 13250 13980 13070 13830 121798.00 163860000
20140430 14000 14000 14000 14000 2286.00 3200000
20140429 15560 15560 15560 15560 327.00 500000
20140129 16730 17730 16730 17290 71781.00 124090000
20140128 17140 17160 16360 16840 58524.00 98110000
20140127 16630 17270 16310 17200 84022.00 142190000
20140124 16730 17130 16420 16880 107669.00 180790000
20140123 16200 17960 16110 17070 158850.00 269040000
20140122 16300 16880 15870 16330 122538.00 199180000
20140121 15950 16950 15010 16600 146998.00 236610000
20140120 15850 16600 15660 16240 186788.00 300430000
20140117 13720 15360 13720 15360 107671.00 160670000
20140116 14120 14650 13820 13960 43645.00 61940000
20140115 13770 14150 13700 13970 46613.00 64780000
20140114 13090 13820 13020 13770 50374.00 67880000
20140113 13170 13290 12770 13000 34513.00 45010000
20140110 13910 14100 12960 13060 67453.00 90960000
20140109 15000 15180 14100 14100 78816.00 116150000
20140108 15350 15540 14890 15290 92496.00 140280000
20140107 14400 15880 13910 15470 127141.00 193510000
20140106 14720 15690 14420 14620 81997.00 123870000
20140103 14720 15250 14560 14890 84143.00 125090000
20140102 14200 15850 14080 15100 99390.00 149880000
20131231 13590 14750 13080 14450 82941.00 115390000
20131230 13010 13660 12980 13540 48981.00 65660000
20131227 12570 13180 12520 12950 34335.00 44220000
20131226 12990 13070 12500 12570 32252.00 41370000
20131225 12250 13150 12150 13150 49699.00 63480000
20131224 11700 12170 11690 12130 16327.00 19670000
20131223 11860 11970 11500 11700 12137.00 14170000
20131220 12200 12360 11910 11940 14717.00 17900000
20131219 12090 12260 11990 12170 21784.00 26460000
20131218 11880 11980 11750 11980 10938.00 13000000
20131217 12150 12150 11720 11790 14276.00 16970000
20131216 12060 12250 12010 12080 18532.00 22450000
20131213 11830 12150 11780 12060 20780.00 25000000
20131212 11650 12040 11650 11840 20729.00 24630000
20131211 11670 11890 11650 11700 10741.00 12620000
20131210 11950 12040 11570 11790 19998.00 23650000
20131209 11870 11980 11820 11880 27781.00 33030000
20131206 12210 12250 11800 11870 21466.00 25670000
20131205 12200 12560 11800 12270 31130.00 37910000
20131204 11800 12470 11710 12220 34933.00 42370000
20131203 12010 12180 11310 11870 39267.00 46160000
20131202 13250 13250 12570 12570 33442.00 42940000
20131129 13370 13970 13350 13970 44169.00 60710000
20131128 13680 13780 13400 13420 39523.00 53550000
20131127 13290 13840 13290 13680 30004.00 40950000
20131126 12970 13450 12880 13370 23622.00 31080000
20131125 13300 13300 12930 13090 22242.00 29210000
20131122 13390 13550 13240 13410 12534.00 16800000
20131121 13690 13690 13230 13340 19499.00 26130000
20131120 13660 13720 13460 13660 21111.00 28610000
20131119 13490 13950 13430 13670 26930.00 36870000
20131118 13290 13650 13210 13520 28294.00 38080000
20131115 12790 13680 12790 13210 38741.00 51640000
20131114 12400 12840 12060 12830 31011.00 38740000
20131113 12500 12700 12400 12420 24880.00 31270000
20131112 12400 12590 12300 12460 19879.00 24710000
20131111 12390 12550 12200 12400 19253.00 23900000
20131108 12900 13040 12330 12390 31535.00 40130000
20131107 13960 13960 12900 13000 51746.00 68590000
20131106 14300 14630 14090 14100 33953.00 48670000
20131105 14150 14430 13820 14380 45743.00 64950000
20131104 14080 14430 14000 14180 26413.00 37490000
20131101 14360 14750 13980 14070 40003.00 57070000
20131031 14220 14580 13900 14430 48050.00 68590000
20131030 13880 14350 13530 14290 56717.00 79130000
20131029 15360 15550 13850 13980 62671.00 89200000
20131028 14980 15710 14910 15390 33305.00 51140000
20131025 15780 16170 14650 15360 46741.00 71820000
20131024 15800 16100 15510 15650 29086.00 45890000
20131023 16650 16710 15060 15690 56569.00 89120000
20131022 16850 17490 16260 16730 67983.00 114120000
20131021 17500 17990 17110 17150 64605.00 112760000
20131018 16730 17290 16230 17130 64868.00 109640000
20131017 16470 17450 16300 16780 67445.00 113320000
20131016 16050 16650 15460 16350 53012.00 85360000
20131015 16200 16380 15620 16220 46988.00 74930000
20131014 16660 16880 16180 16440 55551.00 91560000
20131011 15560 16130 14880 16030 63148.00 98000000
20131010 15770 16300 15360 15400 57836.00 90830000
20131009 15810 16880 15580 15960 81611.00 132620000
20131008 14830 16480 14680 15870 79469.00 122450000
20130930 14510 15160 14220 15030 79134.00 115750000
20130927 13750 14960 13610 14690 104930.00 150490000
20130926 13300 14160 13110 13600 71190.00 98030000
20130925 13400 13480 13120 13300 36790.00 48840000
20130924 13130 13690 13100 13500 52272.00 70230000
20130923 12780 13250 12750 13220 35348.00 46160000
20130918 12460 12700 12450 12660 15080.00 19000000
20130917 12870 13000 12420 12490 26119.00 33130000
20130916 12820 13200 12560 12950 27936.00 36120000
20130913 12790 13180 12470 12940 27759.00 35660000
20130912 12680 13190 12600 12900 32444.00 42080000
20130911 13360 13360 12420 12680 50487.00 64210000
20130910 13360 13790 13240 13420 54530.00 73460000
20130909 13630 13880 13150 13280 72328.00 97350000
20130906 13050 13380 13010 13130 45831.00 60520000
20130905 12770 13230 12710 13010 38698.00 50390000
20130904 12700 13100 12630 12700 37810.00 48470000
20130903 12600 12940 12540 12660 28270.00 35990000
20130902 12570 12830 12140 12510 31324.00 39430000
20130830 13850 13940 12590 12600 69269.00 91080000
20130829 13200 14000 13200 13990 69602.00 95380000
20130828 13700 13850 13110 13160 56803.00 76730000
20130827 13830 14060 13430 13880 52200.00 71990000
20130826 13090 13850 13090 13850 62826.00 85410000
20130823 13540 13540 12700 13110 56434.00 74170000
20130822 13130 13860 13050 13560 75890.00 102100000
20130821 13030 13320 12820 13210 42102.00 55230000
20130820 12880 13130 12700 13110 50781.00 65780000
20130819 12130 12810 12130 12800 33890.00 42620000
20130816 12400 13090 12000 12130 46126.00 58060000
20130815 12520 12840 12320 12490 36703.00 46480000
20130814 12800 12800 12200 12590 35319.00 44160000
20130813 12390 12890 12320 12750 29076.00 36930000
20130812 12700 12750 12100 12470 32500.00 40320000
20130809 13030 13100 12400 12720 35885.00 45620000
20130808 12530 13380 12510 13030 48321.00 62980000
20130807 13210 13210 12600 12630 49151.00 62910000
20130806 13190 13460 12880 13330 64072.00 84370000
20130805 12880 13920 12850 13500 87203.00 118890000
20130802 12540 13250 12490 12650 53642.00 69090000
20130801 11800 12630 11610 12480 35182.00 43240000
20130731 11790 12050 11570 11760 19680.00 23390000
20130730 12180 12350 11000 11700 33072.00 38620000
20130729 12380 12760 11950 12050 27248.00 33640000
20130726 12500 12770 11930 12560 42645.00 52780000
20130725 13680 13700 12500 12500 73789.00 96440000
20130724 12830 14080 12800 13780 94247.00 127170000
20130723 13150 13150 12520 12970 64742.00 83180000
20130722 11930 12950 11810 12900 57274.00 71590000
20130719 12980 13290 12050 12070 80362.00 102680000
20130718 12470 13310 12130 12930 92404.00 118340000
20130717 12190 12690 12020 12460 90878.00 112240000
20130716 11770 12300 11500 12220 67816.00 80730000
20130715 10950 11880 10750 11880 60325.00 68750000
20130712 10600 11200 10540 10800 42409.00 46520000
20130711 10880 10950 10310 10700 44184.00 46900000
20130710 10650 10930 10600 10850 28448.00 30620000
20130709 10550 10930 10380 10750 25854.00 27640000
20130708 11020 11200 10500 10600 35826.00 38810000
20130705 11410 12080 11260 11480 54106.00 63310000
20130704 11830 12130 11410 11520 47363.00 55830000
20130703 11820 12090 11300 12000 47015.00 55410000
20130702 11980 12230 11800 11930 51292.00 61660000
20130701 11080 11990 11070 11950 43186.00 50230000
20130628 11710 12250 11070 11250 51288.00 59830000
20130627 12380 12930 11820 12120 81683.00 101740000
20130626 11300 12720 11260 12600 97181.00 118650000
20130625 11010 11590 10080 11560 56620.00 61410000
20130624 10970 11540 10400 11200 47959.00 53260000
20130621 10330 11120 10100 11000 33548.00 35710000
20130620 11810 12090 10760 10780 54206.00 62170000
20130619 11500 12080 11400 11950 52594.00 62210000
20130618 11180 11800 10900 11700 59168.00 66940000
20130617 11060 11440 10900 11180 50166.00 56010000
20130614 10540 11140 10380 11050 40684.00 43950000
20130613 10010 10660 9900 10600 36019.00 37090000
20130607 22060 22080 20260 20700 19247.00 40390000
20130606 21810 22280 21520 21990 13443.00 29530000
20130605 22730 22880 21580 21980 19557.00 43330000
20130604 25150 25200 22300 22500 32006.00 74100000
20130603 25000 25370 24210 24780 20426.00 50610000
20130531 23750 25670 23710 25240 37862.00 93980000
20130530 23650 24210 23380 23790 13448.00 31970000
20130529 22900 24000 22900 23990 16763.00 39110000
20130528 24600 24700 22550 23020 32821.00 76810000
20130527 24250 25500 24220 24830 33111.00 82830000
20130524 22800 23980 22600 23970 26299.00 61440000
20130523 22790 23990 22770 22940 31512.00 73490000
20130522 23730 24390 22560 23070 44935.00 105700000
20130521 23600 24490 23290 23980 60542.00 143940000
20130520 20900 22550 20900 22550 25583.00 56410000
20130517 19510 20950 19420 20500 26238.00 53420000
20130516 20010 20480 19400 19700 28213.00 56470000
20130515 19350 20280 19230 20130 19452.00 38610000
20130514 20000 20160 19300 19400 16175.00 31910000
20130513 19350 20260 18970 20130 23570.00 46260000
20130510 20000 20000 19000 19350 22526.00 43660000
20130509 20080 20380 19520 19920 21382.00 42550000
20130508 18600 19980 18600 19950 25933.00 50610000
20130507 18800 18980 18440 18580 10640.00 19790000
20130506 18520 19010 18450 18990 15485.00 29140000
20130503 18050 18650 18050 18540 8376.00 15450000
20130502 17540 18070 17530 18000 3393.00 6060000
20130426 17810 18060 17450 17540 5300.00 9400000
20130425 18480 18550 17880 17980 15033.00 27400000
20130424 17460 18320 17420 18320 12718.00 22910000
20130423 18000 18140 17300 17300 8884.00 15620000
20130422 17620 18140 17520 18050 8558.00 15340000
20130419 17360 17800 17290 17740 8697.00 15310000
20130418 16920 17300 16860 17290 5134.00 8800000
20130417 16690 17000 16610 16960 3980.00 6690000
20130416 16490 16700 16370 16670 3435.00 5670000
20130415 16640 16800 16480 16510 1990.00 3300000
20130412 16710 16870 16700 16730 2061.00 3450000
20130411 16860 17000 16730 16800 2522.00 4250000
20130410 17140 17140 16630 16750 4657.00 7860000
20130409 17170 17350 16940 17040 5510.00 9470000
20130408 16800 17120 16220 17000 4198.00 7010000
20130403 17040 17150 16600 16810 5045.00 8480000
20130402 17430 17720 17010 17020 6154.00 10660000
20130401 17550 17610 17300 17500 3620.00 6310000
20130329 17410 17520 17160 17300 5144.00 8930000
20130328 17850 17900 17210 17230 11993.00 20900000
20130327 18900 18900 17980 18070 24423.00 44660000
20130326 18880 18990 18520 18790 9434.00 17700000
20130325 19220 19280 18730 18750 7346.00 13960000
20130322 19100 19530 18900 19220 8454.00 16300000
20130321 18860 19240 18730 19050 9200.00 17540000
20130320 18010 18940 18010 18860 9222.00 17160000
20130319 18350 18500 17800 18260 7560.00 13730000
20130318 18300 18700 18130 18440 7143.00 13150000
20130315 18060 18700 17990 18250 10237.00 18840000
20130314 18190 18340 18000 18060 5631.00 10210000
20130313 18070 18340 17830 18160 7918.00 14350000
20130312 18800 19140 17800 18130 13621.00 24860000
20130311 18660 19250 18660 19090 6117.00 11580000
20130308 19490 19780 18670 18770 13315.00 25490000
20130307 19130 20140 19010 19370 26227.00 51510000
20130306 18850 19480 18800 19190 14778.00 28270000
20130305 17900 19180 17820 18960 18314.00 34030000
20130304 18500 18500 17820 17880 18231.00 33090000
20130301 17850 18580 17710 18580 26001.00 47280000
20130228 17600 18250 17510 18040 29174.00 52210000
20130227 18280 18280 17610 17840 52394.00 94820000
20130226 17000 17150 16310 16620 8080.00 13620000
20130225 17050 17290 16680 17050 8867.00 14990000
20130222 16750 17420 16640 17040 12088.00 20690000
20130221 16750 17110 16420 16640 8353.00 14040000
20130220 16320 16910 16320 16910 6143.00 10230000
20130219 16710 16790 16260 16320 7338.00 12070000
20130218 16470 16950 16400 16770 9963.00 16690000
20130208 16220 16410 16000 16380 8458.00 13750000
20130207 16310 16310 15800 16070 7989.00 12740000
20130206 16150 16440 16150 16210 4004.00 6530000
20130205 16050 16320 15320 16260 4321.00 6920000
20130204 16400 16400 16010 16100 5567.00 8990000
20130201 16140 16480 16140 16350 4964.00 8100000
20130131 16670 16670 16000 16220 5769.00 9330000
20130130 16840 16880 16250 16540 5932.00 9800000
20130129 16520 16880 16390 16730 6737.00 11210000
20130128 15800 16500 15800 16480 8477.00 13800000
20130125 16160 16280 15880 16000 6501.00 10430000
20130124 16690 16890 15700 16080 11774.00 19180000
20130123 16550 16890 16400 16830 9594.00 15990000
20130122 17000 17030 16310 16530 12297.00 20550000
20130121 16900 17120 16450 17120 18880.00 31480000
20130118 16640 16860 16510 16770 8395.00 14030000
20130117 16990 17150 16550 16660 10940.00 18300000
20130116 17260 17500 16750 16900 22765.00 38910000
20130115 16800 17280 16580 17200 19941.00 33670000
20130114 16370 16890 16030 16680 12425.00 20620000
20130111 15870 17150 15870 16180 19561.00 32230000
20130110 15600 16040 15500 15870 9795.00 15490000
20130109 15740 15800 15360 15530 9985.00 15570000
20130108 15980 16090 15610 15810 11741.00 18600000
20130107 15950 15990 15530 15990 8942.00 14100000
20130104 15560 16080 15340 15930 14098.00 22140000
20121231 15200 15540 15110 15370 12526.00 19220000
20121228 14620 15420 14620 15160 14622.00 22080000
20121227 15460 15890 14780 14780 15890.00 24050000
20121226 14880 16100 14830 15530 17574.00 27310000
20121225 14700 15150 14560 14870 13553.00 20180000
20121224 14640 15080 14570 14800 14617.00 21580000
20121221 14160 15100 14060 14720 20095.00 29180000
20121220 13070 14480 13060 14260 26923.00 37560000
20121219 12950 13340 12820 13230 9888.00 13000000
20121218 12860 13390 12790 12900 7741.00 10140000
20121217 12850 13000 12740 12830 5397.00 6930000
20121214 12280 12860 12140 12830 7443.00 9420000
20121213 12310 12560 12260 12280 2933.00 3630000
20121212 12550 12600 12230 12540 6695.00 8300000
20121211 12550 12680 12500 12560 5758.00 7230000
20121210 12600 12770 12480 12740 6688.00 8440000
20121207 12300 12560 12170 12550 6829.00 8470000
20121206 12440 12520 12200 12310 2592.00 3190000
20121205 11790 12450 11780 12380 5504.00 6740000
20121204 11760 11950 11600 11920 2609.00 3050000
20121203 12190 12320 11730 11750 2100.00 2510000
20121130 12100 12260 12060 12200 1402.00 1700000
20121129 12290 12390 12020 12060 1890.00 2300000
20121128 12630 12630 12250 12290 2917.00 3610000
20121127 13100 13160 12600 12630 3857.00 4950000
20121126 13430 13450 13150 13210 1961.00 2600000
20121123 13280 13580 13280 13430 3055.00 4120000
20121122 13310 13540 13250 13380 4281.00 5740000
20121121 13300 13480 13100 13460 5127.00 6800000
20121120 13330 13630 13160 13300 6151.00 8240000
20121119 13270 13270 13020 13200 2629.00 3450000
20121116 13290 13290 13100 13200 3296.00 4340000
20121115 13680 13740 13300 13310 7751.00 10480000
20121114 14140 14140 13650 13780 8104.00 11190000
20121113 13920 14060 13780 13900 7820.00 10910000
20121112 13690 14090 13690 14000 5127.00 7130000
20121109 13770 13920 13650 13680 4391.00 6060000
20121108 13930 13930 13700 13770 3440.00 4750000
20121107 13870 14140 13780 14060 6572.00 9180000
20121106 13780 13830 13590 13790 4392.00 6000000
20121105 13990 14060 13750 13800 5606.00 7760000
20121102 14150 14180 13910 14010 6706.00 9390000
20121101 13920 14200 13840 14150 4186.00 5900000
20121031 14030 14030 13630 13960 4891.00 6740000
20121030 14010 14080 13760 13910 2295.00 3190000
20121029 13780 13980 13620 13970 3264.00 4520000
20121026 14330 14400 13770 13850 6322.00 8840000
20121025 14590 14710 14280 14400 3352.00 4860000
20121024 14300 14750 14240 14470 5415.00 7870000
20121023 14850 14850 14420 14420 6332.00 9240000
20121022 14700 14890 14510 14870 5394.00 7910000
20121019 14480 14850 14480 14750 6657.00 9790000
20121018 14320 14750 14280 14670 7204.00 10520000
20121017 14390 14500 14170 14380 7340.00 10500000
20121016 14350 14670 14240 14390 4637.00 6700000
20121015 14300 14600 14110 14350 6631.00 9450000
20121012 14630 14870 14460 14790 4646.00 6820000
20121011 15190 15190 14500 14600 7730.00 11450000
20121010 15190 15350 15050 15220 4993.00 7580000
20121009 14730 15250 14650 15190 6963.00 10480000
20121008 14700 14840 14480 14640 4110.00 6010000
20120928 14290 14800 14290 14780 4230.00 6180000
20120927 14240 14640 14080 14540 5316.00 7650000
20120926 14410 14530 14050 14070 3806.00 5420000
20120925 14600 14860 14380 14490 4625.00 6730000
20120924 14670 14940 14430 14770 5697.00 8380000
20120921 15190 15380 14710 14710 10741.00 16220000
20120920 16470 16470 15120 15200 18286.00 28490000
20120919 15980 16490 15980 16470 15125.00 24720000
20120918 15700 16170 15700 15950 8023.00 12780000
20120917 15930 16030 15680 15750 8469.00 13420000
20120914 16100 16150 15710 15930 7828.00 12470000
20120913 16110 16290 15840 15880 9728.00 15710000
20120912 16540 16560 15900 16110 14677.00 23800000
20120911 16600 16970 16390 16440 13741.00 22870000
20120910 16370 16880 16350 16640 16998.00 28200000
20120907 16750 16870 16410 16560 25526.00 42400000
20120906 16670 16820 16310 16580 18091.00 29870000
20120905 16220 16850 16140 16620 32942.00 54490000
20120904 15870 16590 15720 16310 40322.00 65580000
20120903 15690 15980 15490 15820 22437.00 35330000
20120831 15200 15970 15190 15830 27730.00 43310000
20120830 14950 15590 14300 15490 27603.00 41400000
20120829 14900 15520 14900 14960 18426.00 27980000
20120828 14430 15120 14370 15000 10954.00 16210000
20120827 14680 14800 14470 14560 5995.00 8800000
20120824 15140 15330 14610 14670 10509.00 15680000
20120823 14750 15210 14710 15200 12296.00 18460000
20120822 14860 14990 14660 14760 9677.00 14380000
20120821 14600 14980 14590 14880 12247.00 18160000
20120820 14110 14630 14030 14580 5556.00 8000000
20120817 14250 14310 14000 14310 4115.00 5830000
20120816 14260 14360 14120 14250 7502.00 10660000
20120815 14850 14850 14350 14360 9282.00 13540000
20120814 14380 14800 14260 14770 13632.00 19810000
20120813 14900 14950 14380 14380 19381.00 28300000
20120810 15230 15450 15130 15160 9484.00 14470000
20120809 14610 15610 14510 15420 20427.00 30950000
20120808 14900 14950 14490 14570 10918.00 15950000
20120807 14750 14970 14700 14880 5499.00 8160000
20120806 14170 14980 14140 14880 12026.00 17650000
20120803 14060 14370 13900 14350 6571.00 9330000
20120802 14040 14120 13820 13980 2275.00 3170000
20120801 13600 14100 13600 14060 4411.00 6150000
20120731 13710 13860 13550 13700 2724.00 3730000
20120730 14060 14180 13630 13800 2741.00 3810000
20120727 14220 14250 13810 14050 5108.00 7150000
20120726 14220 14530 14170 14200 5042.00 7210000
20120725 14100 14590 14100 14310 6635.00 9560000
20120724 14190 14420 14050 14320 3403.00 4850000
20120723 14190 14290 13960 14240 2357.00 3340000
20120720 14010 14370 14010 14250 4827.00 6870000
20120719 14000 14360 13900 14090 6950.00 9870000
20120718 13690 14040 13540 14040 4460.00 6130000
20120717 13510 13800 13410 13740 6851.00 9330000
20120716 14940 14950 13570 13650 17028.00 24090000
20120713 15260 15520 14920 15000 9447.00 14340000
20120712 14880 15420 14670 15370 13511.00 20420000
20120711 14790 14920 14520 14910 9074.00 13310000
20120710 15440 15590 14660 14780 14948.00 22460000
20120709 15440 15980 15320 15480 17358.00 27200000
20120706 15400 15700 14910 15620 18246.00 27960000
20120705 15530 15740 15120 15410 16796.00 25840000
20120704 15660 16170 15510 15650 22732.00 35940000
20120703 15440 15780 15220 15660 21503.00 33480000
20120702 15500 15840 15210 15390 28861.00 44670000
20120629 14310 15200 14300 15200 18574.00 27570000
20120628 14700 15110 14580 14580 18210.00 27140000
20120627 14200 14980 14200 14620 21034.00 31030000
20120626 14350 14470 13600 14300 9919.00 13960000
20120625 14520 14750 14290 14400 13246.00 19300000
20120621 14700 14790 14410 14490 12490.00 18140000
20120620 14570 14940 14530 14830 14031.00 20800000
20120619 14700 14890 14480 14510 9289.00 13600000
20120618 14520 14840 14420 14750 15383.00 22560000
20120615 14370 14620 14150 14470 11135.00 16030000
20120614 14470 14660 14310 14400 10597.00 15360000
20120613 14210 14500 14150 14500 7840.00 11270000
20120612 14140 14360 14050 14280 5725.00 8140000
20120611 13770 14240 13760 14210 7791.00 10950000
20120608 13910 13910 13600 13800 5575.00 7690000
20120607 14000 14030 13700 13740 4413.00 6120000
20120606 13830 14010 13770 13850 4832.00 6720000
20120605 13910 14030 13820 13870 3975.00 5530000
20120604 14050 14170 13850 13850 8463.00 11870000
20120601 14360 14720 14310 14420 10783.00 15660000
20120531 13990 14480 13990 14350 9154.00 13080000
20120530 14120 14280 14030 14130 5653.00 7980000
20120529 13900 14320 13890 14180 8383.00 11810000
20120528 13850 13960 13520 13950 7674.00 10520000
20120525 14330 14480 13800 13860 9101.00 12750000
20120524 14300 14520 14240 14340 7554.00 10830000
20120523 14940 14950 14200 14300 17432.00 25330000
20120522 15000 15120 14750 14960 14421.00 21510000
20120521 15020 15220 14710 14930 17719.00 26560000
20120518 14540 15140 14430 15020 27313.00 40690000
20120517 14580 14770 14320 14650 19501.00 28340000
20120516 14010 14990 13940 14640 31637.00 45290000
20120515 14180 14180 13930 14160 5111.00 7180000
20120514 14400 14490 14200 14220 5880.00 8430000
20120511 14290 14620 14290 14360 7008.00 10130000
20120510 14480 14800 14470 14580 5241.00 7670000
20120509 14790 14980 14450 14480 9771.00 14300000
20120508 14810 15150 14810 15010 8319.00 12450000
20120507 14750 15060 14710 15040 6991.00 10440000
20120504 14480 14950 14480 14910 9695.00 14330000
20120503 14390 14550 14160 14480 5829.00 8380000
20120502 14410 14560 14270 14350 5762.00 8300000
20120427 14020 14470 14020 14270 5959.00 8500000
20120426 14210 14250 13900 14020 5970.00 8410000
20120425 14220 14220 13880 14200 5857.00 8230000
20120424 14690 14860 13580 14180 16064.00 22750000
20120423 16520 16520 14870 14870 20967.00 32260000
20120420 16590 16670 16330 16520 11856.00 19590000
20120419 16600 16710 16430 16700 14523.00 24050000
20120418 16600 16920 16420 16850 12883.00 21510000
20120417 16550 16700 16180 16500 8637.00 14170000
20120416 16660 16710 16380 16600 6217.00 10290000
20120413 16710 16850 16550 16680 8256.00 13800000
20120412 16420 16720 16220 16710 10453.00 17290000
20120411 16090 16600 16060 16420 10292.00 16780000
20120410 15910 16480 15260 16450 14659.00 23230000
20120409 16360 16410 15960 15970 6572.00 10610000
20120406 16310 16510 16180 16360 8125.00 13260000
20120405 15830 16450 15800 16420 10066.00 16300000
20120330 16200 16250 15780 15880 9150.00 14620000
20120329 15710 16280 15670 16200 13422.00 21470000
20120328 16840 16950 15680 15860 13396.00 21640000
20120327 17310 17380 16910 16950 6738.00 11570000
20120326 17150 17200 16900 17130 7953.00 13560000
20120322 17300 17580 17110 17350 8902.00 15470000
20120321 17850 17960 16850 17200 16281.00 28240000
20120320 18500 18500 17650 17660 12587.00 22730000
20120319 18450 18600 18120 18530 13688.00 25210000
20120316 18270 18600 17790 18540 19384.00 35430000
20120315 18520 18730 18110 18310 21292.00 39280000
20120314 19910 20200 18300 18500 32588.00 63060000
20120313 19550 20200 19370 19990 30958.00 61610000
20120312 19890 19890 19230 19560 21534.00 41890000
20120309 19480 19930 19210 19750 31572.00 61910000
20120308 19200 19440 18930 19440 24871.00 47750000
20120307 18250 19800 18240 19160 42084.00 80820000
20120306 19080 19100 18320 18620 23752.00 44380000
20120305 19140 19480 18820 19120 35900.00 68600000
20120302 18450 19240 18350 19100 36903.00 69800000
20120301 17960 18770 17800 18420 28774.00 52640000
20120229 18870 19170 18090 18170 34461.00 64160000
20120228 18750 19180 18380 18880 36815.00 69240000
20120227 18760 19390 18600 18760 49174.00 93420000
20120224 19500 19500 19000 19160 60858.00 116550000
20120223 18650 19960 18470 19800 72522.00 136850000
20120222 17870 18880 17610 18730 65291.00 118060000
20120221 17580 18150 17200 17870 65343.00 115510000
20120220 16820 17770 16810 17670 74046.00 128160000
20120217 17000 17400 16650 16740 71835.00 121850000
20120216 17050 18330 17020 17520 123615.00 217830000
