20180223 9940 10080 9880 10080 2986 2980802 2.01 0.76 1.41 1426 1560 0.91 0.18
20180222 9970 9970 9800 9940 2246 2221526 1.73 0.52 1.33 1008 1238 0.81 0.14
20180214 9880 9880 9670 9810 1882 1840577 2.14 0.39 0.10 1319 563 2.34 0.12
20180213 9970 10020 9770 9800 5494 5445783 2.50 0.98 -2.20 4103 1390 2.95 0.34
20180212 9750 10090 9750 10020 6301 6242668 3.46 1.21 2.04 2578 3722 0.69 0.39
20180209 9750 9850 9550 9820 3622 3519650 3.00 0.60 -1.70 1696 1926 0.88 0.22
20180208 9850 9990 9610 9990 4456 4385070 3.92 0.63 2.99 2303 2153 1.07 0.27
20180207 9680 9880 9470 9700 4429 4288692 4.31 0.60 1.89 2842 1587 1.79 0.27
20180206 10050 10050 9250 9520 9322 9059762 7.99 1.20 -4.90 4867 4454 1.09 0.57
20180205 10280 10280 10010 10010 4135 4177383 2.63 0.46 -2.63 2500 1635 1.53 0.25
20180202 10500 10500 9660 10280 7967 8085496 7.96 0.86 -2.56 4532 3436 1.32 0.49
20180201 11360 11490 10330 10550 9555 10340116 10.21 1.01 -7.13 6478 3076 2.11 0.59
20180131 11630 11630 11340 11360 6131 7003363 2.49 0.63 -2.32 4699 1432 3.28 0.38
20180130 11540 11700 11180 11630 10973 12541069 4.52 1.22 1.04 7066 3907 1.81 0.67
20180129 11760 11880 11510 11510 9842 11487039 3.13 1.16 -2.70 6767 3075 2.20 0.60
20180126 11890 12100 11790 11830 9783 11648001 2.59 1.13 -1.00 6428 3355 1.92 0.60
20180125 12140 12250 11950 11950 10396 12597378 2.47 1.15 -1.57 6885 3512 1.96 0.64
20180124 12240 12240 12010 12140 7814 9481605 1.91 0.61 0.58 4024 3790 1.06 0.48
20180123 12200 12240 11950 12070 7071 8553283 2.38 0.47 -1.15 5121 1950 2.63 0.43
20180122 11800 12210 11800 12210 7210 8659949 3.43 0.42 2.26 3365 3845 0.88 0.44
20180119 12110 12110 11740 11940 10974 13092531 3.07 0.57 -0.91 7573 3401 2.23 0.67
20180118 11900 12080 11730 12050 12156 14496109 2.92 0.57 0.67 6608 5548 1.19 0.75
20180117 12680 12850 11510 11970 26745 32532767 10.51 1.00 -6.12 16873 9872 1.71 1.64
20180116 12480 12810 12480 12750 18092 22957362 2.64 0.52 2.16 9268 8824 1.05 1.11
20180115 12680 12940 12410 12480 16869 21314417 4.15 0.49 -2.19 10470 6399 1.64 1.04
20180112 13080 13080 12530 12760 22744 28998246 4.20 0.71 -2.45 14700 8043 1.83 1.40
20180111 12940 13160 12780 13080 22713 29418736 2.88 0.74 -0.98 13733 8980 1.53 1.40
20180110 12900 13500 12650 13210 53497 70317686 6.66 2.38 3.53 25120 28377 0.89 3.29
20180109 12190 13380 12040 12760 58532 75189668 11.02 4.85 4.93 27653 30879 0.90 3.60
20180108 11840 12160 11830 12160 15365 18473422 2.78 1.43 2.36 5883 9482 0.62 0.94
20180105 11950 11980 11800 11880 8971 10638798 1.51 1.25 -0.50 5993 2978 2.01 0.55
20180104 11620 12040 11620 11940 16600 19684846 3.60 1.14 2.23 7184 9416 0.76 1.02
20180103 11710 11740 11570 11680 12740 14846459 1.45 0.62 -0.51 8739 4001 2.18 0.78
20180102 11800 11800 11620 11740 6682 7822804 1.54 0.26 0.17 4178 2504 1.67 0.41
20171229 11640 11740 11520 11720 8575 10001294 1.89 0.34 0.69 4563 4011 1.14 0.53
20171228 11510 11800 11500 11640 14993 17508617 2.58 0.61 0.09 8131 6861 1.19 0.92
20171227 12390 12390 11620 11630 29816 35769331 6.20 1.36 -6.29 19851 9965 1.99 1.83
20171226 12430 12660 12300 12410 41871 52260039 2.91 2.84 0.40 23235 18636 1.25 2.57
20171225 11900 12390 11850 12360 34634 42120104 4.54 3.70 3.87 14392 20242 0.71 2.13
20171222 11890 12010 11840 11900 5640 6705165 1.42 0.59 -0.67 3355 2285 1.47 0.35
20171221 11960 12070 11790 11980 11098 13254737 2.33 1.19 -0.42 5597 5501 1.02 0.68
20171220 11690 12140 11690 12030 16657 19924679 3.85 2.40 3.00 7425 9232 0.80 1.02
20171219 11540 11800 11460 11680 5752 6703965 2.97 0.78 1.92 2293 3460 0.66 0.35
20171218 11710 11850 11450 11460 7677 8899854 3.40 1.07 -2.63 5143 2534 2.03 0.47
20171215 11930 12080 11710 11770 6254 7432079 3.08 0.82 -2.08 4042 2212 1.83 0.38
20171214 11860 12050 11770 12020 10422 12470520 2.37 1.50 1.86 3916 6506 0.60 0.64
20171213 11550 11840 11550 11800 4596 5366698 2.49 0.60 1.20 2968 1628 1.82 0.28
20171212 12050 12060 11630 11660 8148 9667842 3.57 1.05 -3.24 5584 2564 2.18 0.50
20171211 12120 12120 11830 12050 6474 7760785 2.42 0.77 0.75 3180 3294 0.97 0.40
20171208 11870 12150 11870 11960 8514 10236741 2.34 0.90 0.08 4761 3753 1.27 0.52
20171207 11700 11960 11700 11950 7046 8338874 2.21 0.49 1.70 3393 3653 0.93 0.43
20171206 11300 11750 11300 11750 8308 9619655 3.97 0.59 3.62 3572 4737 0.75 0.51
20171205 11740 11960 11320 11340 8624 10015828 5.43 0.62 -3.82 6618 2006 3.30 0.53
20171204 11920 12050 11750 11790 9563 11357236 2.49 0.69 -2.00 7089 2474 2.87 0.59
20171201 11820 12060 11800 12030 13672 16329618 2.18 1.00 1.09 6845 6828 1.00 0.84
20171130 11520 12370 11520 11900 31905 38001884 7.39 2.59 3.48 18344 13561 1.35 1.96
20171129 11590 11590 11420 11500 6422 7371223 1.47 0.39 -0.78 4180 2242 1.86 0.39
20171128 11320 11600 11310 11590 7846 8980277 2.56 0.36 2.48 3714 4132 0.90 0.48
20171127 11260 11440 11230 11310 9246 10467722 1.86 0.33 0.27 6132 3115 1.97 0.57
20171124 11190 11490 11180 11280 12990 14697089 2.75 0.37 0.18 7463 5527 1.35 0.80
20171123 11900 11900 11130 11260 25045 28778379 6.55 0.75 -4.25 16660 8385 1.99 1.54
20171122 11950 12050 11620 11760 27110 32070979 3.50 0.84 -4.31 18584 8526 2.18 1.67
20171121 12490 12490 12030 12290 33265 40494146 3.68 1.21 -1.60 20362 12904 1.58 2.04
20171120 12700 12700 12200 12490 42957 53213670 4.10 2.14 2.46 24285 18672 1.30 2.64
20171117 12210 12720 12020 12190 47731 59320858 5.75 3.65 0.16 25583 22148 1.16 2.93
20171116 12120 12380 12030 12170 17000 20771310 2.88 1.50 0.16 10142 6858 1.48 1.04
20171115 11810 12160 11580 12150 19972 23834501 4.92 2.25 2.97 8614 11357 0.76 1.23
20171114 11650 11800 11450 11800 9670 11275739 3.01 1.11 1.37 4666 5003 0.93 0.59
20171113 11660 11770 11550 11640 6037 7006324 1.87 0.70 -1.19 3676 2361 1.56 0.37
20171110 11540 11960 11540 11780 12729 14969234 3.64 1.65 1.99 5880 6849 0.86 0.78
20171109 11520 11590 11410 11550 8298 9545665 1.56 0.87 0.00 4747 3551 1.34 0.51
20171108 11520 11640 11460 11550 7666 8874356 1.56 0.71 0.35 3590 4076 0.88 0.47
20171107 11710 11710 11460 11510 8760 10126682 2.13 0.72 -1.71 6325 2435 2.60 0.54
20171106 11530 11740 11530 11710 5585 6505374 1.80 0.35 0.60 3667 1918 1.91 0.34
20171103 11510 11670 11300 11640 8155 9414116 3.21 0.47 1.13 4205 3950 1.06 0.50
20171102 11860 11870 11440 11510 17349 20144616 3.63 1.02 -2.95 11570 5778 2.00 1.07
20171101 12040 12250 11770 11860 13960 16758585 3.94 0.85 -2.63 9955 4005 2.49 0.86
20171031 11950 12210 11710 12180 15377 18477381 4.21 1.01 2.53 6270 9107 0.69 0.94
20171030 12440 12650 11880 11880 25735 31498089 6.19 2.14 -4.42 15085 10650 1.42 1.58
20171027 12300 12430 12100 12430 13983 17217163 2.68 1.20 1.06 5904 8079 0.73 0.86
20171026 12270 12390 12160 12300 15857 19446255 1.89 1.22 0.82 7066 8791 0.80 0.97
20171025 12020 12210 11890 12200 11597 14001250 2.68 0.87 2.26 6106 5491 1.11 0.71
20171024 12150 12250 11930 11930 8945 10769332 2.63 0.62 -1.89 6058 2887 2.10 0.55
20171023 12130 12240 12000 12160 9667 11736443 1.98 0.57 0.08 4693 4974 0.94 0.59
20171020 11900 12230 11800 12150 12320 14843446 3.57 0.61 0.83 6092 6228 0.98 0.76
20171019 11770 12050 11500 12050 22604 26713681 4.68 0.91 2.47 11257 11347 0.99 1.39
20171018 12070 12180 11700 11760 13260 15758565 3.98 0.49 -2.49 9051 4209 2.15 0.81
20171017 12010 12150 11680 12060 14419 17164933 3.93 0.50 0.84 8466 5953 1.42 0.89
20171016 12370 12570 11820 11960 22173 26844391 6.17 0.69 -1.56 14026 8147 1.72 1.36
20171013 12200 12300 11850 12150 27783 33515354 3.64 0.78 -1.78 17453 10330 1.69 1.71
20171012 12390 12990 12150 12370 46210 57827487 6.92 1.61 1.89 23105 23106 1.00 2.84
20171011 12240 12370 11970 12140 24885 30207139 3.27 0.96 -0.82 12894 11991 1.08 1.53
20171010 12280 12380 12100 12240 22949 28019916 2.31 0.95 0.91 11156 11792 0.95 1.41
20171009 12010 12400 11930 12130 38397 46531359 3.93 2.00 1.34 19649 18748 1.05 2.36
20170929 11130 12250 11130 11970 46681 54967163 10.01 3.58 6.97 17541 29140 0.60 2.87
20170928 11320 11500 11150 11190 10813 12258259 3.08 0.69 -1.67 6638 4175 1.59 0.66
20170927 11200 11540 11200 11380 11038 12589786 3.02 0.57 1.07 4708 6331 0.74 0.68
20170926 11300 11340 11160 11260 13360 15010642 1.58 0.58 -1.14 8104 5257 1.54 0.82
20170925 11590 11690 11220 11390 14207 16274996 4.06 0.63 -1.64 8014 6193 1.29 0.87
20170922 11450 11670 11330 11580 15865 18304605 2.96 0.72 0.70 8684 7181 1.21 0.97
20170921 11620 11700 11460 11500 23870 27603639 2.05 1.10 -1.63 16189 7680 2.11 1.47
20170920 11380 11690 11210 11690 29443 33936167 4.21 1.51 2.63 12075 17368 0.70 1.81
20170919 11350 11560 11240 11390 31801 36339037 2.84 1.87 1.06 15307 16494 0.93 1.95
20170918 11060 11290 11010 11270 12629 14098843 2.53 0.71 1.71 5763 6866 0.84 0.78
20170915 11230 11230 11050 11080 12636 14046019 1.60 0.67 -1.34 7715 4920 1.57 0.78
20170914 11270 11440 11170 11230 22226 25112990 2.40 0.95 -0.35 11853 10372 1.14 1.37
20170913 10930 11270 10900 11270 18373 20439495 3.37 0.66 2.64 6896 11477 0.60 1.13
20170912 11130 11230 10960 10980 19167 21239266 2.42 0.68 -1.61 13452 5714 2.35 1.18
20170911 11120 11280 11100 11160 17149 19178062 1.61 0.59 -0.09 9516 7633 1.25 1.05
20170908 11060 11180 11010 11170 17567 19511679 1.53 0.60 0.63 9405 8162 1.15 1.08
20170907 11500 11500 11090 11100 45048 50556119 3.59 1.94 -2.89 31868 13181 2.42 2.77
20170906 11100 11470 11020 11430 39562 44722404 4.06 2.23 3.07 14939 24623 0.61 2.43
20170905 10990 11110 10900 11090 21889 24148213 1.91 1.37 1.00 10988 10901 1.01 1.34
20170904 10900 11050 10870 10980 21092 23107578 1.65 1.45 0.46 11141 9950 1.12 1.30
20170901 10870 10960 10750 10930 18784 20391749 1.94 1.49 0.83 7167 11617 0.62 1.15
20170831 10710 10850 10660 10840 15017 16204436 1.77 1.20 1.21 6075 8941 0.68 0.92
20170830 10660 10780 10650 10710 11757 12601637 1.22 0.93 0.56 6002 5755 1.04 0.72
20170829 10690 10840 10640 10650 13245 14214429 1.87 1.06 -0.65 6211 7034 0.88 0.81
20170828 10580 10770 10530 10720 13700 14661004 2.28 1.13 1.80 6249 7451 0.84 0.82
20170825 10400 10600 10320 10530 9487 9942179 2.70 0.73 1.54 4135 5352 0.77 0.56
20170824 10630 10630 10330 10370 14588 15213744 2.83 1.14 -2.17 9629 4959 1.94 0.87
20170823 10690 10750 10480 10600 12134 12859557 2.51 0.84 -1.30 7971 4163 1.91 0.72
20170822 10820 10900 10700 10740 12744 13701185 1.85 0.82 -0.74 8075 4669 1.73 0.76
20170821 10680 10840 10680 10820 11655 12574114 1.50 0.68 1.31 4784 6871 0.70 0.69
20170818 10780 10830 10650 10680 13637 14642666 1.66 0.74 -1.57 9324 4313 2.16 0.81
20170817 10780 10880 10720 10850 13578 14682629 1.48 0.62 0.56 7088 6490 1.09 0.81
20170816 10680 10880 10650 10790 20346 21967201 2.15 0.75 0.75 10064 10282 0.98 1.21
20170815 10630 10750 10610 10710 18944 20211914 1.31 0.54 0.00 10979 7965 1.38 1.13
20170814 10330 10760 10300 10710 19304 20493429 4.45 0.42 3.68 7636 11667 0.65 1.15
20170811 10470 10600 10330 10330 20420 21270130 2.54 0.37 -2.64 12480 7939 1.57 1.21
20170810 10950 10950 10460 10610 31186 33299985 4.50 0.56 -2.48 19361 11825 1.64 1.86
20170809 11120 11140 10800 10880 45319 49558006 3.00 0.93 -3.97 28597 16722 1.71 2.70
20170808 11130 11580 11110 11330 57905 65987393 4.20 1.48 1.16 30573 27332 1.12 3.45
20170807 11330 11850 11050 11200 73091 82744092 6.89 2.67 -3.53 45098 27992 1.61 4.35
20170804 10450 11620 10350 11610 65952 73498186 12.03 3.88 9.94 34993 30959 1.13 3.92
20170803 10200 10680 10120 10560 34170 35816593 5.50 2.47 3.63 13394 20777 0.64 2.03
20170802 10270 10400 10100 10200 11718 11986271 2.93 0.91 -0.49 6168 5550 1.11 0.70
20170801 10210 10300 10120 10250 10241 10447443 1.76 0.77 0.49 5159 5082 1.02 0.61
20170731 10070 10220 10000 10200 14758 14935202 2.17 1.13 0.69 7203 7556 0.95 0.88
20170728 10420 10490 10120 10130 14117 14490447 3.56 1.08 -2.60 9946 4171 2.38 0.84
20170727 10160 10500 10110 10400 18199 18854580 3.83 1.34 2.26 8334 9866 0.84 1.08
20170726 10110 10200 10020 10170 7151 7233251 1.78 0.45 0.30 3065 4086 0.75 0.43
20170725 10060 10170 9940 10140 12169 12255218 2.30 0.72 1.20 6908 5261 1.31 0.72
20170724 9810 10030 9720 10020 13740 13662509 3.15 0.71 1.73 6144 7596 0.81 0.82
20170721 9880 10050 9810 9850 14316 14236542 2.42 0.75 -0.51 8400 5916 1.42 0.85
20170720 9890 10190 9780 9900 20517 20635848 4.15 1.15 0.20 9962 10555 0.94 1.22
20170719 9620 9890 9390 9880 18100 17560683 5.22 1.06 3.24 8511 9589 0.89 1.08
20170718 9360 9620 9280 9570 17451 16525092 3.62 1.00 2.03 9086 8365 1.09 1.04
20170717 10240 10290 9330 9380 26026 25326794 9.31 1.54 -9.02 16044 9982 1.61 1.55
20170714 10520 10540 10300 10310 13272 13807278 2.28 0.70 -1.90 8717 4555 1.91 0.79
20170713 10520 10650 10380 10510 14548 15281730 2.57 0.73 -0.10 8358 6189 1.35 0.87
20170712 10530 10630 10320 10520 13821 14449873 2.92 0.70 -0.75 8133 5688 1.43 0.82
20170711 10940 11000 10530 10600 19820 21356293 4.27 1.09 -3.64 15025 4795 3.13 1.18
20170710 11130 11160 10900 11000 22996 25343646 2.34 1.40 -0.81 13204 9792 1.35 1.37
20170707 11150 11150 11000 11090 23315 25767873 1.34 1.63 -0.72 15295 8019 1.91 1.39
20170706 11160 11390 11000 11170 19218 21555771 3.48 1.47 -0.45 10687 8531 1.25 1.14
20170705 11050 11250 11040 11220 13301 14836886 1.89 1.00 0.99 6350 6951 0.91 0.79
20170704 11180 11280 11040 11110 11952 13322835 2.15 0.86 -0.63 6684 5268 1.27 0.71
20170703 11030 11250 10960 11180 14526 16166988 2.63 1.02 1.36 6570 7956 0.83 0.86
20170630 10890 11130 10830 11030 12736 13980803 2.74 0.83 0.91 4925 7811 0.63 0.76
20170629 10880 11090 10860 10930 12803 14046938 2.12 0.75 0.64 7172 5631 1.27 0.76
20170628 11020 11110 10840 10860 14212 15500585 2.45 0.80 -1.54 8713 5498 1.58 0.85
20170627 11120 11340 11000 11030 14974 16640357 3.06 0.74 -0.81 7860 7114 1.10 0.89
20170626 11100 11150 10860 11120 16373 18080069 2.61 0.79 0.27 8719 7653 1.14 0.97
20170623 11120 11160 10700 11090 18552 20304237 4.21 0.88 1.56 10769 7784 1.38 1.10
20170622 11310 11330 10820 10920 21788 24319715 4.49 1.01 -3.79 16690 5097 3.27 1.30
20170621 11240 11370 11110 11350 16982 19107150 2.31 0.80 0.71 8316 8666 0.96 1.01
20170620 11170 11580 11110 11270 26835 30450245 4.21 1.33 0.90 13621 13214 1.03 1.60
20170619 11030 11250 10940 11170 19109 21230595 2.79 0.95 0.36 7624 11485 0.66 1.14
20170616 11160 11210 10930 11130 21209 23573212 2.52 1.11 0.36 11048 10161 1.09 1.26
20170615 10820 11180 10720 11090 23250 25614126 4.25 1.34 2.40 10254 12995 0.79 1.38
20170614 10700 10860 10680 10830 15113 16295489 1.67 0.87 0.37 7652 7461 1.03 0.90
20170613 10430 10880 10340 10790 21984 23397142 5.18 1.38 3.45 8523 13461 0.63 1.31
20170612 10870 10880 10390 10430 18929 19939963 4.50 1.23 -4.14 14022 4906 2.86 1.13
20170609 10920 10920 10630 10880 16012 17258016 2.66 0.94 -0.37 10599 5412 1.96 0.95
20170608 10880 11060 10770 10920 14428 15703514 2.66 0.83 0.18 7481 6947 1.08 0.86
20170607 10600 11030 10600 10900 15344 16662500 4.06 0.90 2.93 5276 10067 0.52 0.91
20170606 10460 10650 10360 10590 14887 15652878 2.77 0.93 1.24 7278 7610 0.96 0.89
20170605 10380 10560 10330 10460 16073 16798240 2.21 0.94 0.67 7891 8182 0.96 0.96
20170602 10350 10580 10000 10390 24021 24664387 5.59 1.58 0.10 11821 12200 0.97 1.43
20170601 10810 10850 10200 10380 16745 17539112 5.99 1.08 -4.33 10716 6029 1.78 1.00
20170531 11000 11190 10850 10850 13473 14924294 3.11 0.82 -0.64 7700 5773 1.33 0.80
20170526 10900 11050 10830 10920 9794 10709973 2.01 0.54 -0.36 4773 5021 0.95 0.58
20170525 10920 11210 10230 10960 21129 22716660 8.93 1.15 -0.18 11497 9632 1.19 1.26
20170524 10720 11250 10570 10980 14982 16307857 6.28 0.77 1.48 7923 7059 1.12 0.89
20170523 11330 11330 10710 10820 18404 20319610 5.48 0.93 -4.42 12883 5520 2.33 1.09
20170522 11900 11900 11260 11320 18257 21137043 5.37 1.01 -5.03 11388 6869 1.66 1.09
20170519 12130 12230 11840 11920 17786 21360628 3.22 1.01 -1.73 10400 7387 1.41 1.06
20170518 11700 12150 11660 12130 22816 27340972 4.12 1.42 2.10 10579 12237 0.86 1.36
20170517 11780 12150 11780 11880 20544 24538331 3.14 1.29 0.68 9498 11046 0.86 1.23
20170516 11470 11830 11170 11800 19979 22957604 5.79 1.28 3.60 8493 11487 0.74 1.19
20170515 11390 11580 11260 11390 9559 10905883 2.81 0.56 0.09 5573 3986 1.40 0.57
20170512 11510 11750 11230 11380 14968 17128866 4.46 0.80 -2.49 9732 5236 1.86 0.89
20170511 11220 11870 11100 11670 15391 17634477 6.75 0.82 2.28 7067 8324 0.85 0.92
20170510 11690 11890 11400 11410 19426 22758501 4.22 1.08 -1.72 7484 11942 0.63 1.16
20170509 11380 11630 11040 11610 18688 21198130 5.23 1.06 2.93 9913 8776 1.13 1.12
20170508 11680 11830 11260 11280 16969 19616977 4.81 0.96 -4.81 11428 5541 2.06 1.02
20170505 11930 11950 11530 11850 23554 27683857 3.51 1.34 -0.84 11920 11633 1.02 1.41
20170504 12070 12110 11810 11950 15070 18016543 2.50 0.86 -0.33 7942 7127 1.11 0.90
20170503 11980 12240 11840 11990 15404 18474079 3.34 0.85 0.17 9407 5997 1.57 0.92
20170502 11870 12140 11650 11970 16912 20273672 4.14 0.85 1.01 10142 6769 1.50 1.01
20170428 11800 11970 11650 11850 17338 20547162 2.71 0.83 0.25 8618 8719 0.99 1.04
20170427 11430 11880 11060 11820 22989 26494406 7.22 1.14 4.05 10198 12791 0.80 1.38
20170426 11260 11490 11250 11360 14716 16768893 2.13 0.65 0.98 7284 7432 0.98 0.88
20170425 11080 11370 11060 11250 18942 21272524 2.80 0.67 1.72 8923 10020 0.89 1.13
20170424 11790 11820 11010 11060 25020 28275107 6.84 0.88 -6.67 14182 10838 1.31 1.50
20170421 12010 12130 11640 11850 22486 26685687 4.09 0.76 -1.00 12958 9528 1.36 1.35
20170420 12100 12200 11660 11970 19690 23497310 4.47 0.67 -0.83 11576 8115 1.43 1.18
20170419 12240 12240 11600 12070 27034 32377228 5.22 0.91 -1.63 14625 12409 1.18 1.62
20170418 12890 13020 12010 12270 46632 58065567 7.80 1.69 -5.25 28820 17812 1.62 2.79
20170417 12950 13020 12690 12950 25567 32918062 2.52 0.77 -0.92 12419 13148 0.94 1.93
20170414 13520 13670 13000 13070 29689 39066511 4.93 1.00 -3.83 16187 13502 1.20 2.24
20170413 13610 13680 13410 13590 18190 24778654 1.99 0.62 0.30 6500 11690 0.56 1.37
20170412 13880 13950 13350 13550 28499 38915600 4.33 1.02 -2.17 15460 13039 1.19 2.15
20170411 13730 14100 13580 13850 36312 50155297 3.78 1.42 0.65 15718 20595 0.76 2.74
20170410 14500 14500 13620 13760 54119 76069299 5.83 2.36 -8.87 29000 25119 1.15 4.08
20170407 15160 15300 15100 15100 11752 17855323 1.32 0.42 -0.53 6096 5656 1.08 0.89
20170406 15270 15450 15150 15180 15721 24078486 1.97 0.57 -0.26 7614 8107 0.94 1.19
20170405 14800 15300 14750 15220 21551 32658379 3.72 0.81 2.84 8711 12840 0.68 1.63
20170331 14640 14900 14510 14800 24466 36118961 2.69 0.92 2.07 11868 12598 0.94 1.84
20170330 15110 15110 14430 14500 41243 60748663 4.49 1.69 -4.16 24352 16891 1.44 3.11
20170329 15750 15880 15120 15130 35893 55437334 4.81 1.60 -4.24 24094 11799 2.04 2.71
20170328 15960 15960 15650 15800 15430 24363914 1.95 0.64 -0.50 8946 6484 1.38 1.16
20170327 15880 16030 15800 15880 16517 26249190 1.44 0.67 -0.31 11130 5387 2.07 1.25
20170324 15830 16040 15730 15930 23678 37650979 1.96 0.84 0.76 10367 13311 0.78 1.79
20170323 16270 16350 15680 15810 30747 49029214 4.13 1.18 -2.59 20107 10640 1.89 2.32
20170322 16450 16520 16100 16230 25758 41857850 2.54 1.08 -1.76 16252 9506 1.71 1.94
20170321 16340 16600 16300 16520 23751 39129015 1.83 1.06 0.67 23322 429 54.36 1.79
20170320 16250 16430 16100 16410 19034 30998872 2.03 0.83 0.74 9579 9455 1.01 1.44
20170317 16270 16710 16250 16290 42292 69688363 2.83 2.16 0.25 22701 19592 1.16 3.19
20170316 16200 16350 16170 16250 19802 32176181 1.12 0.94 0.87 10607 9195 1.15 1.49
20170315 16280 16290 16010 16110 14103 22777468 1.72 0.59 -1.10 8591 5513 1.56 1.06
20170314 16450 16460 16120 16290 17083 27774770 2.08 0.61 -0.49 9952 7130 1.40 1.29
20170313 16170 16430 16000 16370 21160 34318680 2.66 0.67 1.17 10917 10243 1.07 1.60
20170310 16510 16600 16000 16180 25962 42435935 3.65 0.79 -1.52 18764 7199 2.61 1.96
20170309 16860 16860 16310 16430 26780 44190117 3.29 0.78 -1.79 18246 8534 2.14 2.02
20170308 16660 16930 16610 16730 28244 47316114 1.92 0.76 0.18 15491 12754 1.21 2.13
20170307 16850 16980 16540 16700 37065 61991904 2.61 1.03 -1.07 25692 11373 2.26 2.80
20170306 16390 16950 16390 16880 39216 65876590 3.42 1.12 3.05 20198 19018 1.06 2.96
20170303 16430 16630 16250 16380 31987 52462229 2.30 0.79 -1.03 18732 13254 1.41 2.41
20170302 16970 17090 16540 16550 35613 59698116 3.26 0.69 -2.01 20067 15546 1.29 2.69
20170301 16380 17000 16310 16890 41348 69023916 4.21 0.71 3.05 17760 23588 0.75 3.12
20170228 16550 16760 16230 16390 30938 50574887 3.20 0.49 -0.97 18799 12139 1.55 2.33
20170227 16660 16980 16420 16550 35645 59313420 3.33 0.53 -1.55 20259 15386 1.32 2.69
20170224 16660 17150 16370 16810 59225 99366550 4.68 0.98 0.90 30966 28259 1.10 4.47
20170223 16160 17500 16070 16660 92095 154578821 8.82 1.87 2.78 47338 44757 1.06 6.94
20170222 15950 16500 15900 16210 71814 116934218 3.75 1.75 1.38 40354 31459 1.28 5.42
20170221 15660 16070 15460 15990 58454 92609173 3.93 1.56 2.90 30371 28083 1.08 4.41
20170220 15720 15880 15070 15540 51926 79925231 5.14 - -1.46 31286 20640 1.52 3.92
20170217 16280 16290 15710 15770 28364 45255614 3.58 0.61 -2.53 18028 10336 1.74 2.14
20170216 16000 16240 15820 16180 35077 56227307 2.62 0.57 0.87 18848 16229 1.16 2.65
20170215 16220 16440 15980 16040 31748 51584070 2.82 0.45 -1.72 19557 12191 1.60 2.39
20170214 16460 16600 16010 16320 40265 65435019 3.58 0.50 -0.85 26039 14226 1.83 3.04
20170213 16400 16990 16220 16460 50251 83580461 4.68 0.63 0.00 27956 22295 1.25 3.79
20170210 17000 17130 16440 16460 73754 123526433 4.01 1.02 -4.30 48040 25714 1.87 5.56
20170209 16000 17520 15800 17200 109028 180553433 10.72 1.90 7.17 51012 58015 0.88 8.22
20170208 15710 16150 15630 16050 78176 124280528 3.29 1.39 1.65 42316 35860 1.18 5.90
20170207 15250 15950 15220 15790 91388 143039744 4.79 1.88 3.54 41496 49892 0.83 6.89
20170206 14940 15350 14910 15250 48490 73404981 2.95 0.89 2.35 26176 22314 1.17 3.66
20170203 15120 15270 14700 14900 34369 51090921 3.78 0.55 -1.19 19326 15043 1.28 2.59
20170126 15050 15220 14910 15080 34616 52055343 2.06 0.47 0.33 19068 15548 1.23 2.61
20170125 14840 15340 14720 15030 71516 107750109 4.21 0.86 2.11 34903 36612 0.95 5.39
20170124 14950 15000 14450 14720 54263 79787706 3.69 0.58 -1.34 35391 18872 1.88 4.09
20170123 14600 15300 14580 14920 77708 116156854 4.95 0.78 2.54 35703 42006 0.85 5.86
20170120 14120 14750 14120 14550 72689 105464723 4.43 0.71 2.39 39223 33466 1.17 5.48
20170119 14900 15070 14120 14210 88692 128426595 6.27 0.88 -6.14 55456 33236 1.67 6.69
20170118 14910 15460 14910 15140 122429 185629141 3.69 1.10 1.54 63781 58648 1.09 9.23
20170117 14950 15330 14300 14910 102547 152920742 6.81 0.73 -1.45 51300 51247 1.00 7.73
20170116 16490 16490 15000 15130 110744 172432345 8.94 0.76 -9.24 58567 52177 1.12 8.35
20170113 17930 18250 16650 16670 84391 147704563 8.92 0.53 -7.03 55153 29238 1.89 6.36
20170112 17910 18470 17540 17930 85934 154084921 5.08 0.42 -2.02 51965 33969 1.53 6.48
20170111 19280 19280 17750 18300 170768 315268832 7.92 0.94 -5.28 106674 64094 1.66 12.88
20170110 17320 19320 16850 19320 248396 454022432 14.07 1.83 10.02 146502 101894 1.44 18.73
20170109 17250 18320 16780 17560 134713 235816316 8.89 1.20 1.33 69360 65353 1.06 10.16
20170106 16800 17370 16630 17330 156478 265669901 4.23 1.86 -0.97 92783 63695 1.46 11.80
20170105 17000 18290 16920 17500 313850 550078624 8.20 10.79 4.79 152677 161173 0.95 23.67
20170104 16700 16700 16700 16700 57631 96243987 0.00 2.44 10.01 55421 2211 25.07 4.35
20160919 15040 15220 14980 15180 16640.04 25201119.190
20160914 14890 15070 14790 15040 15628.76 23410078.280
20160913 14920 15060 14850 14920 16816.52 25136205.920
20160912 15050 15250 14660 14900 38691.10 57873789.190
20160909 15720 15720 15400 15400 30115.08 46962749.720
20160908 15400 15730 15400 15610 28810.53 44950879.590
20160907 15500 15780 15340 15450 44798.20 69573363.220
20160906 15090 15540 14950 15510 46688.46 71403942.710
20160905 15120 15200 15030 15060 16937.97 25629968.840
20160902 15100 15150 14920 15060 20521.54 30893198.900
20160901 15280 15280 15020 15030 26914.81 40731269.860
20160831 15150 15260 15020 15230 22373.88 33899006.830
20160830 15360 15450 14990 15180 37435.67 56849499.860
20160829 15180 15400 15060 15360 33735.01 51676370.470
20160826 15000 15230 15000 15170 26161.76 39584286.280
20160825 15100 15100 14850 15000 25977.94 38976943.220
20160824 15100 15280 15020 15190 15499.90 23534705.080
20160823 15030 15260 14930 15100 16243.25 24578186.750
20160822 15260 15260 14900 15000 28440.03 42919347.540
20160819 15280 15370 15140 15180 18190.13 27702771.010
20160818 15520 15610 15090 15160 47561.60 72775161.890
20160817 15530 15660 15350 15600 31237.50 48544018.250
20160816 15280 15620 15000 15560 47830.73 73343872.770
20160815 14680 15280 14520 15150 40375.63 60604548.880
20160812 14440 14590 14340 14540 16431.42 23733945.240
20160811 14800 14800 14370 14440 15430.87 22515861.940
20160810 14880 14920 14680 14820 19224.02 28439831.100
20160809 14670 14880 14630 14850 20201.88 29898544.390
20160808 14410 14650 14300 14630 15972.73 23140518.040
20160805 14730 14740 14450 14520 16238.43 23703723.950
20160804 14560 14780 14460 14690 17580.68 25739291.740
20160803 14570 14700 14380 14670 23744.93 34574317.590
20160802 14360 14590 14350 14570 19278.23 27913611.460
20160801 14280 14580 13980 14440 22321.83 31715466.670
20160729 14440 14590 14180 14430 18574.69 26725101.850
20160728 14580 14750 14160 14450 35270.93 50938541.570
20160727 15900 15900 14310 14550 57280.00 86149665.100
20160726 15600 15930 15570 15890 34466.74 54413800.530
20160725 15340 15670 15320 15560 27737.95 42964399.820
20160722 15750 15760 15450 15450 29340.02 45773524.520
20160721 15660 15830 15530 15760 27704.41 43481392.920
20160720 15770 15870 15600 15720 25160.93 39633309.750
20160719 15520 15750 15480 15750 32561.75 50819405.500
20160718 15780 15800 15310 15500 37999.17 58959956.510
20160715 16080 16190 15760 15800 32255.21 51211673.580
20160714 15910 16140 15790 16080 40109.44 64153287.460
20160713 15990 16100 15790 15920 58532.91 93356542.280
20160712 15760 16190 15540 16160 58522.07 92540342.650
20160711 16390 16960 15860 15860 82743.06 135666043.350
20160708 16180 16450 15970 16400 57771.58 93904381.200
20160707 16180 16310 15860 16200 55135.35 88696488.030
20160706 16020 16380 15920 16130 52308.86 84496232.540
20160705 16230 16300 15860 16060 52256.58 83793704.600
20160704 15780 16360 15750 16200 59109.38 95324142.680
20160701 16400 16440 15900 16060 71230.67 114731633.800
20160630 16200 16580 15790 16400 124542.15 202714642.360
20160629 15420 16990 15200 16230 165309.45 265238216.410
20160628 15150 15500 15030 15500 80609.69 123213556.300
20160627 14520 15310 14480 15170 72988.06 109471774.860
20160624 15030 15180 14360 14700 49263.73 72823892.840
20160623 15000 15200 14630 14940 54363.91 81263454.750
20160622 14500 14980 14500 14900 35944.18 53205245.710
20160621 14900 15130 14300 14560 42909.19 63527510.480
20160620 14530 14840 14300 14790 28835.62 42130405.750
20160617 14740 14850 14500 14640 26752.65 39329610.270
20160616 14600 14820 14480 14570 26741.69 39076977.070
20160615 14080 14850 13920 14680 38387.75 55883845.100
20160614 13920 14260 13900 14260 35603.91 50007202.360
20160613 15000 15010 13850 13900 47074.24 68588944.610
20160608 15250 15440 15150 15240 34875.79 53180023.160
20160607 15590 15700 15210 15320 40014.62 61415849.600
20160606 15260 15800 15150 15590 57452.52 89212819.170
20160603 15380 15460 15100 15250 48797.80 74516858.470
20160602 15250 15460 15000 15370 63247.20 96867103.580
20160601 15100 15310 15000 15150 57747.90 87521547.080
20160531 14500 15160 14350 15060 50035.51 74549180.800
20160530 14200 14660 14110 14460 20046.27 28908442.650
20160527 14510 14700 14320 14430 24098.86 34941032.040
20160526 14750 14880 14070 14660 36783.18 53113227.710
20160525 14880 15150 14680 14870 48003.69 71652222.830
20160524 15070 15240 14580 14770 46939.30 69755011.340
20160523 15010 15470 14800 15160 68300.50 102933841.060
20160520 14190 15200 13920 15050 67141.06 97419115.130
20160519 14070 14560 14030 14390 43149.65 61525502.960
20160518 14950 14960 13780 14300 51188.83 72831484.230
20160517 15490 15600 15020 15110 49713.51 75998262.040
20160516 15140 15880 15010 15610 95909.21 149772683.170
20160513 14510 15300 14500 15150 37507.00 56540000
20160512 14590 14940 14210 14910 44298.00 64790000
20160511 14120 15000 13600 15000 76073.00 110250000
20160510 14260 14390 14010 14060 24045.00 34130000
20160509 14680 14680 14010 14280 37207.00 52940000
20160506 15880 15910 14870 14880 65975.00 101810000
20160505 15950 16050 15810 15880 30432.00 48410000
20160504 15850 16180 15750 16100 50301.00 80090000
20160503 15710 16490 15450 16080 100524.00 162620000
20160429 15440 15860 15380 15800 55598.00 86980000
20160428 15250 15590 14800 15590 65977.00 100220000
20160427 14640 15500 14500 15440 63525.00 94970000
20160426 14350 14680 14160 14590 38310.00 55180000
20160425 14250 14300 13850 14300 36243.00 51080000
20160422 14020 14420 14000 14240 36243.00 51510000
20160421 14390 14650 14030 14270 40174.00 57840000
20160420 15400 15540 14020 14440 68893.00 100660000
20160419 15490 15620 15150 15430 66321.00 102070000
20160418 15450 15590 15250 15470 59012.00 90920000
20160415 15400 15950 15180 15760 96238.00 149490000
20160414 15100 15280 15030 15280 59998.00 91100000
20160413 14950 15290 14910 15000 59795.00 90340000
20160412 15050 15120 14630 14850 59663.00 88740000
20160411 14900 15460 14900 15050 102638.00 155720000
20160408 14580 15000 14380 14950 50094.00 73210000
20160407 15370 15370 14710 14780 62276.00 93380000
20160406 14720 15330 14710 15300 87404.00 130580000
20160405 14280 14960 14050 14860 110655.00 160730000
20160401 14010 14320 13680 14300 67875.00 94820000
20160331 14080 14260 13910 14160 83818.00 118020000
20160330 13420 14150 13350 14080 107539.00 146900000
20160329 13850 14400 13100 13390 166371.00 223220000
20160328 14780 15100 14410 14450 38047.00 56350000
20160325 14510 14880 14330 14630 24883.00 36300000
20160324 15000 15150 14630 14780 32176.00 47930000
20160323 14620 15300 14600 15250 37215.00 55760000
20160322 14530 14890 14380 14750 34723.00 50830000
20160321 14300 14800 14080 14740 53370.00 76950000
20160318 13500 14270 13470 14110 52793.00 73640000
20160317 12890 13750 12740 13470 38377.00 51010000
20160316 13210 13470 12600 12870 28089.00 36680000
20160315 13170 13170 12900 13040 29780.00 38780000
20160314 12990 13480 12930 13160 60031.00 79450000
20160311 12500 12790 12100 12780 17438.00 21960000
20160310 13090 13230 12500 12560 24340.00 31290000
20160309 13040 13370 12800 13040 16950.00 22140000
20160308 13380 13470 12200 13430 34027.00 43880000
20160307 13300 13570 12900 13300 25497.00 33940000
20160304 13300 13990 12770 12950 33307.00 43870000
20160303 13750 14180 13490 13540 30498.00 42160000
20160302 13000 13850 12800 13720 39313.00 52540000
20160301 13040 13300 12300 13140 51817.00 66050000
20160229 14390 14400 13010 13010 44827.00 59410000
20160226 15000 15110 13800 14460 54405.00 77620000
20160225 16500 16500 14920 14920 51944.00 80240000
20160224 16740 16740 16010 16580 22955.00 37560000
20160223 17000 17340 16010 16800 34081.00 56670000
20160222 16820 17350 16290 16990 42287.00 71000000
20160219 16000 16750 15700 16440 47917.00 78330000
20160218 15100 16440 15100 16100 68717.00 110380000
20160217 15170 15350 14560 15270 23643.00 35670000
20160216 14550 15210 14550 15170 34849.00 52160000
20160215 14500 14680 13900 14530 24831.00 35420000
20160205 15190 15250 14570 14710 16334.00 24250000
20160204 15180 15400 14910 15110 19525.00 29580000
20160203 14500 15150 14000 14900 47598.00 69000000
20160202 13760 14860 13650 14820 50987.00 72420000
20160201 13000 13660 12870 13660 32936.00 43530000
20160129 12570 13450 12210 13250 34137.00 44580000
20160128 13350 13350 12150 12560 25667.00 32680000
20160127 14230 14230 12540 13350 41861.00 54140000
20160126 15350 15450 13930 13930 21671.00 31560000
20160125 15350 15860 15160 15480 17747.00 27570000
20160122 15190 15490 14780 15330 20365.00 30790000
20160121 15490 16080 14730 15190 28340.00 44200000
20160120 16000 16420 15580 16000 25528.00 40940000
20160119 15420 16240 15380 16180 38305.00 60630000
20160118 14900 15860 14520 15770 38640.00 59600000
20160115 15750 15880 14650 15300 31396.00 48180000
20160114 14990 16040 13900 15790 34457.00 52330000
20160113 15350 15630 14670 14990 40883.00 61640000
20160112 14300 15560 14060 15250 42853.00 63610000
20160111 15100 15400 14000 14600 46929.00 68910000
20160108 15910 16180 14300 15560 56833.00 87130000
20160107 17190 17190 15800 15800 7459.00 12170000
20160106 17420 17700 16730 17550 34271.00 59120000
20160105 17000 17960 16500 17020 37511.00 64970000
20160104 20300 20400 18270 18270 25096.00 47610000
20151231 20910 21120 20120 20300 20657.00 42470000
20151230 20900 21180 20530 20800 23426.00 48910000
20151229 20810 20910 20150 20900 27385.00 56090000
20151228 22180 22440 20680 20700 50062.00 106900000
20151225 22350 22960 21680 21840 48219.00 108050000
20151224 21750 22200 21010 21900 43070.00 93270000
20151223 21280 22530 20930 21860 77817.00 169390000
20151222 21480 21870 20800 21470 36741.00 78210000
20151221 21720 22500 21300 21380 60696.00 133170000
20151218 21680 21900 21310 21560 54103.00 116910000
20151217 22000 22580 21660 21980 86714.00 191330000
20151216 19900 21670 19750 21670 95235.00 203160000
20151215 18840 19740 18700 19700 42655.00 82290000
20151214 18210 18790 18000 18780 29377.00 54010000
20151211 18900 18900 18400 18620 26102.00 48500000
20151210 18810 19350 18510 18850 30222.00 57400000
20151209 19000 19350 18480 18810 34569.00 65280000
20151208 19400 19790 18460 19470 51080.00 97730000
20151207 19720 19780 18870 19110 36319.00 70160000
20151204 19300 20200 19060 19360 35926.00 70180000
20151203 18940 19320 18630 19260 31648.00 60400000
20151202 19900 19900 17570 18620 37886.00 71040000
20151201 19740 20250 19210 19400 43407.00 85800000
20151130 19550 20500 18110 20000 60507.00 119080000
20151127 21190 21930 19500 19680 58428.00 121090000
20151126 22100 23250 21200 21380 70287.00 156230000
20151125 20500 22550 20160 22350 83862.00 181190000
20151124 20000 20600 19430 20500 40658.00 81350000
20151123 20700 20800 19810 20070 45841.00 92800000
20151120 21080 21080 20220 20800 49701.00 102690000
20151119 19560 21000 19320 20920 76626.00 154150000
20151118 20140 21000 19450 19560 89470.00 180830000
20151117 20830 21500 20100 20430 129235.00 267290000
20151116 17510 20150 17000 20150 114906.00 222200000
20151113 19010 19180 17600 18320 125102.00 230650000
20151112 17440 19170 17220 19170 170484.00 319960000
20151111 16500 17550 16230 17430 104911.00 177650000
20151110 16400 16980 16220 16460 95405.00 157940000
20151109 16280 16900 15580 16590 106437.00 173700000
20151106 15620 16260 15620 16020 148362.00 236190000
20151105 15550 15950 15090 15480 66333.00 102460000
20151104 14510 15570 14510 15520 60048.00 91440000
20151103 14900 15150 14380 14600 49360.00 72770000
20151102 15000 15550 14580 14890 50414.00 75450000
20151030 15490 16200 15190 15350 77543.00 122010000
20151029 15980 15980 14950 15600 65464.00 101970000
20151028 15980 16160 15090 15490 83438.00 131340000
20151027 15500 16140 14700 16140 104737.00 161520000
20151026 15010 15890 14600 15890 169538.00 258680000
20151023 13880 15070 13690 15070 161141.00 233380000
20151022 13180 13790 12910 13700 92069.00 123300000
20151021 14550 14990 13200 13210 146126.00 205730000
20151020 13900 14870 13680 14670 138902.00 200570000
20151019 14330 14390 13550 13960 99901.00 139840000
20151016 14520 14780 13870 14330 120601.00 171590000
20151015 13720 14600 13680 14460 88440.00 126230000
20151014 14300 14350 13720 13820 107548.00 150350000
20151013 13600 14490 13430 14450 123932.00 173550000
20151012 13360 14110 13200 13680 188768.00 257840000
20151009 13090 13620 12860 13260 49883.00 65530000
20151008 12850 13180 12650 13050 60130.00 78030000
20150930 12700 12790 12260 12450 30395.00 38040000
20150929 12900 13110 12350 12450 58057.00 74070000
20150928 12590 13440 12310 13330 77592.00 100180000
20150925 12410 12800 11910 12480 78033.00 96430000
20150924 12500 12800 12160 12500 53944.00 67310000
20150923 12100 12600 11910 12200 68794.00 84200000
20150922 12700 13200 12300 12390 124568.00 157790000
20150921 11100 12450 10850 12450 123787.00 151820000
20150918 11150 11500 10850 11320 37904.00 42180000
20150917 11390 12120 10800 10920 56963.00 66390000
20150916 10470 11390 10300 11390 58426.00 62850000
20150915 10960 11500 10350 10350 66015.00 69730000
20150914 12570 12950 11500 11500 49324.00 59000000
20150911 12050 12810 12050 12780 79183.00 98460000
20150910 11600 12880 11570 12050 79210.00 97110000
20150909 11190 12070 11190 11970 89874.00 105520000
20150908 9820 11500 9820 11360 73935.00 77320000
20150907 9880 10630 9880 10490 87778.00 92100000
20150902 9400 10660 9170 9660 48044.00 47600000
20150901 10530 11200 10090 10090 47588.00 49330000
20150831 11850 11880 11200 11210 53675.00 61350000
20150828 11520 11980 11170 11910 67990.00 77950000
20150827 10530 11120 9800 11050 52977.00 56660000
20150826 11220 11880 10100 10230 61863.00 67600000
20150825 11230 11500 11220 11220 50141.00 56470000
20150824 12840 13560 12470 12470 42404.00 53130000
20150821 14700 15010 13850 13860 47406.00 68100000
20150820 15500 15900 14850 15000 49828.00 77280000
20150819 14200 15950 13780 15740 83127.00 122510000
20150818 16510 17630 14970 15180 142676.00 240100000
20150817 16790 17050 16060 16630 66421.00 109800000
20150814 17200 17370 16700 16930 80940.00 137670000
20150813 16210 17100 16010 17070 75285.00 124820000
20150812 16350 17160 16060 16550 87075.00 145280000
20150811 16600 17190 16220 16580 104806.00 175980000
20150810 15270 16590 15270 16590 91956.00 146600000
20150807 14480 15220 14480 15080 70742.00 105630000
20150806 13960 14530 13590 14190 67331.00 95500000
20150805 14760 15350 13870 14150 100639.00 147820000
20150804 14020 15200 14020 14900 93916.00 138810000
20150803 15080 15280 14000 14000 68867.00 98850000
20150731 15110 15980 14580 15550 77914.00 118450000
20150730 16400 17430 15600 15700 141169.00 237130000
20150729 16000 16880 14080 16870 116092.00 179480000
20150728 15070 16500 15070 15560 99153.00 152770000
20150727 18000 18450 16740 16740 68975.00 121030000
20150724 19100 20100 18300 18600 98693.00 188300000
20150723 17700 19530 17500 19440 114442.00 210400000
20150722 17600 18540 17200 17900 129171.00 230780000
20150721 18000 18820 16930 18120 173518.00 307640000
20150720 16050 17630 15870 17630 108472.00 184010000
20150717 14800 16310 14570 16030 127367.00 197680000
20150716 13050 15310 13030 14850 108736.00 157030000
20150715 15590 15590 14260 14260 161072.00 235410000
20150714 15840 15840 15000 15840 154432.00 243950000
20150713 14400 14400 14400 14400 15639.00 22520000
20150710 12980 13090 12400 13090 24333.00 31270000
20150709 10330 11900 10330 11900 92316.00 106770000
20150708 9720 11490 9720 10820 285521.00 287440000
20150707 11150 11480 10800 10800 30057.00 32740000
20150706 14650 14650 11990 12000 100156.00 133210000
20150703 13850 15380 13040 13320 108612.00 150460000
20150702 15450 15960 14370 14370 83993.00 124360000
20150701 17700 18870 15950 15970 102737.00 184210000
20150630 17600 18780 16200 17720 128016.00 220280000
20150629 19500 19730 17320 18000 124357.00 220340000
20150626 20100 20380 19240 19240 51521.00 100390000
20150625 23750 24100 21380 21380 58339.00 131020000
20150624 23580 24410 23000 23750 50242.00 119720000
20150623 23010 23800 21190 23580 54006.00 120930000
20150619 25000 25520 23540 23540 44752.00 108790000
20150618 27930 28170 25810 26160 41819.00 113260000
20150617 25390 27880 25010 27780 49940.00 132010000
20150616 26520 27300 24700 25650 66408.00 170720000
20150615 29690 29970 27150 27350 77520.00 218310000
20150612 30100 30680 29410 30010 44076.00 131830000
20150611 30440 31290 29000 30660 76322.00 228230000
20150610 28900 30490 27900 30450 66428.00 197480000
20150609 27480 30000 27000 28960 83724.00 241380000
20150608 29400 29400 26750 27530 127903.00 351230000
20150605 31400 31490 29290 29650 84766.00 255920000
20150604 32180 34000 29700 30910 119844.00 375260000
20150603 33680 33730 28980 33000 186381.00 582410000
20150602 30390 30890 29880 30890 58016.00 177210000
20150601 26810 28080 26400 28080 81533.00 225540000
20150529 23850 25530 23850 25530 138380.00 348260000
20150528 24300 26600 23000 23210 142270.00 361650000
20150527 22200 24560 21490 24200 146399.00 340220000
20150526 20900 22900 20900 22330 119243.00 263030000
20150525 20600 21400 20320 21130 78186.00 162810000
20150522 22000 22250 21020 21400 90273.00 193270000
20150521 21560 22150 20710 21970 99585.00 215330000
20150520 22320 23000 21500 21550 125086.00 276500000
20150519 21600 22700 20910 22110 95080.00 206360000
20150518 21310 22400 20690 21700 128684.00 276220000
20150515 19000 20820 18390 20820 181938.00 365190000
20150514 18930 19500 18550 18930 79458.00 151120000
20150513 19200 19480 18300 18990 102791.00 194190000
20150512 18610 20470 18610 19620 129180.00 255530000
20150511 17100 18860 17100 18610 113135.00 206890000
20150508 16870 17480 16570 17410 87244.00 148460000
20150507 16240 17250 16240 16450 88503.00 148810000
20150506 16950 18220 16300 16400 150424.00 259230000
20150505 17700 18090 16880 17410 131085.00 227950000
20150504 17970 18870 17750 18240 233926.00 432800000
20150430 15940 17150 15800 17150 95686.00 160120000
20150429 15000 15870 14610 15590 124129.00 191430000
20150428 15270 15280 14400 14710 91465.00 135290000
20150427 15180 15900 15030 15120 106452.00 163910000
20150424 14790 15550 14730 15130 112013.00 170040000
20150423 16200 16830 15140 15200 196736.00 311590000
20150422 14140 15540 14140 15540 91571.00 137120000
20150421 13400 14200 13400 14130 153953.00 213810000
20150420 14390 14950 13000 13600 257843.00 359080000
20150417 14010 14010 13800 14010 88023.00 123200000
20150416 12740 12740 12740 12740 67170.00 85570000
20150415 11580 11580 11580 11580 1643.00 1900000
20150414 10530 10530 10530 10530 761.00 800000
20150413 9570 9570 9570 9570 28103.00 26890000
20150213 8420 8760 8410 8700 86709.00 74970000
20150212 8290 8410 8270 8400 25476.00 21270000
20150211 8230 8320 8230 8270 15362.00 12690000
20150210 8150 8270 8110 8260 22994.00 18820000
20150209 8180 8260 8100 8110 19385.00 15860000
20150206 8400 8480 8190 8200 25686.00 21440000
20150205 8450 8580 8320 8440 44314.00 37580000
20150204 8530 8600 8410 8410 27542.00 23380000
20150203 8440 8560 8420 8530 29058.00 24740000
20150202 8350 8480 8230 8440 22224.00 18640000
20150130 8560 8590 8380 8380 27243.00 23080000
20150129 8520 8600 8490 8550 30401.00 25970000
20150128 8550 8650 8480 8590 40847.00 35110000
20150127 8610 8690 8430 8570 43135.00 36860000
20150126 8360 8610 8310 8610 36936.00 31280000
20150123 8500 8540 8280 8360 44847.00 37650000
20150122 8310 8490 8280 8460 51036.00 42880000
20150121 8180 8370 8140 8310 52278.00 43170000
20150120 7860 8160 7850 8160 42193.00 33980000
20150119 7900 8190 7700 7850 42328.00 33850000
20150116 7900 8030 7850 7990 20453.00 16290000
20150115 7840 8080 7760 7880 28275.00 22250000
20150114 7920 7920 7720 7790 15792.00 12300000
20150113 7700 7900 7700 7850 19224.00 15010000
20150112 8050 8090 7600 7770 31403.00 24470000
20150109 8220 8340 8050 8090 41403.00 33890000
20150108 7780 8380 7770 8220 76860.00 62350000
20150107 7880 7940 7750 7810 27533.00 21550000
20150106 7570 7940 7500 7900 38735.00 30160000
20150105 7590 7650 7390 7610 32069.00 24090000
20141231 7480 7640 7430 7590 13243.00 9990000
20141230 7610 7620 7420 7490 20496.00 15360000
20141229 7810 7810 7580 7630 26274.00 20100000
20141226 7830 7870 7760 7810 18931.00 14770000
20141225 7760 7860 7700 7840 23075.00 17970000
20141224 7510 7770 7510 7750 31047.00 23830000
20141223 7430 7600 7380 7500 27783.00 20800000
20141222 7940 7960 7360 7420 40727.00 30660000
20141219 8220 8250 7850 7950 42237.00 33720000
20141218 8330 8380 8230 8260 28049.00 23270000
20141217 8610 8660 8300 8370 35081.00 29460000
20141216 8690 8690 8550 8620 29931.00 25810000
20141215 8520 8720 8490 8690 37906.00 32650000
20141212 8580 8640 8450 8600 27994.00 23900000
20141211 8220 8650 8180 8560 56460.00 47980000
20141210 7860 8340 7860 8230 51285.00 41870000
20141209 8410 8450 7850 7870 61971.00 50660000
20141208 8510 8540 8380 8400 66019.00 55780000
20141205 9150 9230 8500 8650 97627.00 86380000
20141204 9280 9350 9150 9210 92570.00 85540000
20141203 9110 9360 9000 9260 119667.00 109820000
20141202 9170 9220 9040 9090 75245.00 68740000
20141201 9400 9430 9010 9090 98869.00 90370000
20141128 9120 9680 9080 9470 155349.00 146140000
20141127 9020 9200 9020 9150 88752.00 80900000
20141126 9100 9180 8940 8990 106305.00 96160000
20141125 9120 9350 9040 9100 122623.00 112680000
20141124 9000 9270 8950 9230 198748.00 180700000
20141121 8800 9490 8650 9250 316295.00 292180000
20141120 9370 9370 8580 8630 240326.00 212780000
20141119 8500 8930 8500 8930 124522.00 108560000
20141118 8120 8120 8120 8120 20097.00 16310000
20140804 7200 7380 7180 7380 45398.00 33170000
20140801 7330 7360 7200 7220 43595.00 31760000
20140731 7160 7330 7140 7290 54322.00 39450000
20140730 7120 7180 7070 7160 34183.00 24360000
20140729 7050 7180 7000 7130 31179.00 22140000
20140728 6880 7050 6850 7020 32217.00 22400000
20140725 6780 6880 6750 6840 18589.00 12710000
20140724 6790 6850 6650 6750 28804.00 19420000
20140723 7080 7080 6730 6750 37681.00 25940000
20140722 6950 7090 6950 7060 25517.00 17990000
20140721 14350 14390 13810 14050 15523.00 21750000
20140718 14280 14450 14200 14240 13787.00 19750000
20140717 14780 14860 14180 14270 28796.00 41440000
20140716 15250 15380 14800 14800 22822.00 34350000
20140715 15330 15330 14890 15060 16976.00 25560000
20140714 14820 15430 14810 15390 31677.00 47920000
20140711 14830 15060 14760 14820 16817.00 25010000
20140710 14980 14990 14750 14830 15755.00 23400000
20140709 15360 15600 14920 14980 24241.00 36960000
20140708 14770 15550 14740 15460 34060.00 51820000
20140707 14950 15030 14670 14900 19297.00 28540000
20140704 14900 15090 14840 15010 18000.00 26990000
20140703 15000 15100 14820 14900 17729.00 26470000
20140702 15080 15130 14850 15040 17932.00 26880000
20140701 15200 15200 14900 15080 15884.00 23800000
20140630 15100 15240 14970 15090 24970.00 37690000
20140627 15330 15370 15000 15100 28136.00 42630000
20140626 15080 15330 15000 15330 29216.00 44440000
20140625 15160 15300 15000 15050 17788.00 26920000
20140624 15150 15290 14900 15160 20282.00 30580000
20140623 14770 15240 14580 15180 24108.00 36250000
20140620 14130 14930 14130 14740 19272.00 28310000
20140619 14540 14930 13920 14210 19073.00 27710000
20140618 14990 15100 14470 14660 23432.00 34620000
20140617 14840 15330 14670 15130 35611.00 53600000
20140616 14500 15040 14430 14830 32589.00 48280000
20140613 14300 14750 14170 14530 33637.00 48950000
20140612 14610 14800 14230 14250 25703.00 37370000
20140611 14380 14720 14320 14630 23877.00 34630000
20140610 14210 14570 14120 14470 19203.00 27710000
20140609 14330 14500 14150 14190 14673.00 20980000
20140606 14550 14700 14220 14290 20271.00 29230000
20140605 13800 14680 13720 14670 41656.00 59760000
20140604 14150 14200 13460 13950 30809.00 42360000
20140603 14220 14250 13970 14130 22585.00 31880000
20140530 14030 14410 13950 14160 38197.00 53960000
20140529 15550 15670 14010 14210 66598.00 98570000
20140528 15440 16000 15250 15550 48971.00 76560000
20140527 16360 16360 15410 15570 40788.00 64450000
20140526 15700 16170 15410 16060 48103.00 75750000
20140523 15460 15750 15180 15640 39416.00 61020000
20140522 16030 16250 15350 15520 62639.00 98480000
20140521 15800 16390 15710 16000 51154.00 81780000
20140520 15970 16460 15830 15990 65378.00 105050000
20140519 14940 16320 14930 16280 85213.00 134350000
20140516 14330 15800 14330 15300 57648.00 88330000
20140515 15230 15230 14400 14460 37386.00 55260000
20140514 15160 15620 14810 15250 41649.00 63390000
20140513 14260 15280 14260 15210 45739.00 68000000
20140512 14360 14900 14120 14420 31262.00 45460000
20140509 14700 15000 14230 14250 38041.00 55420000
20140508 14200 15650 14120 15080 68478.00 103670000
20140507 14650 15000 14200 14320 47331.00 69070000
20140506 15300 15460 14750 14860 64142.00 96940000
20140505 14550 15580 14350 15420 82282.00 123230000
20140430 15090 15260 14480 14800 92155.00 136400000
20140429 13240 14620 12860 14620 86291.00 121730000
20140428 14120 14180 13200 13290 56937.00 78140000
20140425 13750 14770 13680 14110 106679.00 151030000
20140424 12520 13480 12520 13480 61474.00 81070000
20140423 12140 12300 12050 12250 15011.00 18280000
20140422 13150 13150 11840 12140 50821.00 62090000
20140421 13050 13380 12860 13150 23061.00 30330000
20140418 13270 13400 13020 13160 19748.00 26110000
20140417 13150 13430 13010 13280 29645.00 39270000
20140416 13490 13490 12850 13130 38513.00 50590000
20140415 13650 13930 13360 13560 41393.00 56010000
20140414 13900 14000 13530 13890 66742.00 91880000
20140411 13000 14100 12800 13850 89018.00 120830000
20140410 12320 13700 12320 12930 56142.00 73270000
20140409 12170 12720 12150 12460 28924.00 35780000
20140408 12070 12350 11850 12300 21101.00 25630000
20140404 11750 12200 11710 12130 22822.00 27450000
20140403 11480 11990 11300 11880 27451.00 32360000
20140402 11250 11620 11080 11500 13025.00 14780000
20140401 11110 11450 11060 11400 8655.00 9770000
20140331 11180 11420 11010 11110 10054.00 11210000
20140328 11620 11940 11230 11280 23315.00 27090000
20140327 11640 12000 11590 11780 28867.00 34200000
20140326 11650 11900 11570 11720 13992.00 16410000
20140325 11320 11650 11280 11650 18058.00 20660000
20140324 11650 11650 11390 11470 11023.00 12670000
20140321 11380 11580 11020 11580 17181.00 19430000
20140320 12170 12170 11420 11420 19707.00 23140000
20140319 11730 12250 11700 12100 24003.00 28900000
20140318 11900 12000 11710 11770 20850.00 24680000
20140317 11650 12050 11610 11940 24873.00 29670000
20140314 11250 11730 11220 11680 24495.00 28320000
20140313 11020 11340 11000 11330 16021.00 17960000
20140312 10990 11210 10780 11020 12166.00 13400000
20140311 11000 11190 10780 10980 12141.00 13330000
20140310 11010 11800 10880 11210 44829.00 50870000
20140307 11080 11240 10970 11030 12293.00 13630000
20140306 11150 11200 10840 11070 14622.00 16110000
20140305 11220 11350 11160 11190 10634.00 11960000
20140304 11240 11310 11080 11220 11397.00 12750000
20140303 10950 11310 10950 11310 13119.00 14620000
20140228 10770 11060 10600 11050 14658.00 15850000
20140227 10980 11300 10730 10770 18865.00 20770000
20140226 11080 11090 10710 11030 19471.00 21250000
20140225 12080 12340 10910 11070 44435.00 51740000
20140224 12000 12150 11780 12120 20241.00 24290000
20140221 11820 12150 11670 11970 26019.00 31060000
20140220 12430 12660 11850 11860 32056.00 38950000
20140219 12600 12740 12250 12500 42012.00 52390000
20140218 11950 12980 11820 12650 70067.00 88110000
20140217 11860 12000 11640 11860 36837.00 43640000
20140214 11230 11780 11200 11700 40792.00 47140000
20140213 11440 11670 11230 11240 35574.00 40690000
20140212 11140 11560 11030 11470 29312.00 33170000
20140211 11270 11320 11010 11140 27519.00 30690000
20140210 10890 11270 10890 11250 35001.00 39130000
20140207 10590 10950 10460 10940 21030.00 22600000
20140130 10910 10930 10610 10630 14041.00 15090000
20140129 10850 10960 10720 10920 16563.00 17970000
20140128 10860 10990 10550 10800 22653.00 24410000
20140127 10910 11350 10820 10900 36924.00 40830000
20140124 10950 11210 10820 11090 33404.00 36930000
20140123 10780 11240 10780 10970 40925.00 45110000
20140122 10820 10970 10640 10840 31975.00 34520000
20140121 10330 10830 10330 10820 29089.00 31050000
20140120 10570 10790 10250 10370 18330.00 19310000
20140117 10580 10780 10470 10630 23176.00 24650000
20140116 10800 10850 10520 10680 38314.00 40920000
20140115 10510 10870 10380 10860 52827.00 55830000
20140114 10130 10580 10130 10510 29723.00 30940000
20140113 9990 10200 9990 10180 11960.00 12120000
20140110 10180 10260 9900 10060 19854.00 19970000
20140109 10510 10640 10150 10180 34287.00 35780000
20140108 10260 10620 10200 10550 41792.00 43740000
20140107 9930 10260 9830 10260 27053.00 27280000
20140106 10570 10570 9900 9980 40467.00 41420000
20140103 10340 10760 10280 10630 53399.00 56350000
20140102 10010 10460 10000 10370 29802.00 30640000
20131231 10350 10350 9980 10000 30473.00 30770000
20131230 10350 10450 10170 10390 31502.00 32540000
20131227 9800 10500 9790 10270 40129.00 41180000
20131226 10160 10340 9760 9790 28607.00 28750000
20131225 9610 10040 9580 10010 23813.00 23550000
20131224 9340 9670 9300 9610 11454.00 10870000
20131223 9500 9570 9120 9350 12590.00 11710000
20131220 9680 9790 9450 9520 12318.00 11810000
20131219 9820 9880 9680 9690 14394.00 14060000
20131218 9600 9850 9550 9750 13093.00 12720000
20131217 9780 9850 9400 9600 19714.00 18990000
20131216 9970 10270 9790 9820 27756.00 27730000
20131213 9890 10110 9840 9990 22257.00 22250000
20131212 9750 10050 9730 9950 20236.00 20090000
20131211 9810 10010 9720 9780 18376.00 18150000
20131210 9910 10090 9700 9890 27944.00 27720000
20131209 9620 10000 9570 9870 29625.00 29200000
20131206 9540 9640 9430 9590 20910.00 19980000
20131205 9420 9700 9420 9500 27431.00 26200000
20131204 9500 9950 9480 9500 41049.00 39940000
20131203 9500 9850 9070 9710 59335.00 55670000
20131202 10180 10480 10080 10080 41211.00 42020000
20131129 11000 11350 10890 11200 78674.00 88000000
20131128 10850 11190 10580 11040 77854.00 85170000
20131127 10690 10930 10650 10890 53789.00 58090000
20131126 10460 10850 10420 10800 62081.00 66490000
20131125 10550 10860 10480 10520 50008.00 53320000
20131122 10580 10820 10520 10750 45731.00 48920000
20131121 10940 10940 10420 10610 74750.00 79620000
20131120 11060 11230 10910 11090 72218.00 79820000
20131119 11230 11300 10850 11190 114397.00 126830000
20131118 10700 11790 10450 11640 184459.00 202330000
20131115 10260 10910 10200 10910 187441.00 200620000
20131114 9020 9920 9000 9920 88212.00 86630000
20131113 9130 9260 9000 9020 12402.00 11280000
20131112 8780 9300 8780 9240 23829.00 21750000
20131111 8570 8900 8450 8880 7037.00 6140000
20131108 8670 8820 8540 8620 4785.00 4140000
20131107 8920 8950 8610 8640 8674.00 7620000
20131106 9000 9090 8920 8980 6970.00 6290000
20131105 8930 9090 8930 9050 9801.00 8830000
20131104 8820 9000 8820 8980 8023.00 7170000
20131101 8780 8910 8720 8780 6727.00 5910000
20131031 8780 8950 8640 8900 9013.00 7980000
20131030 8360 8720 8360 8690 4754.00 4080000
20131029 8900 9070 8270 8540 10860.00 9430000
20131028 8840 8950 8760 8870 4463.00 3960000
20131025 9070 9070 8750 8820 8547.00 7620000
20131024 9130 9130 8970 9000 9465.00 8550000
20131023 9400 9460 9040 9090 13235.00 12190000
20131022 9310 9480 9290 9410 15953.00 14980000
20131021 9150 9360 9060 9340 13150.00 12150000
20131018 9150 9160 9020 9140 7903.00 7190000
20131017 9010 9180 8980 9050 11203.00 10160000
20131016 9430 9480 8900 8980 14103.00 12860000
20131015 9780 9780 9380 9490 13867.00 13160000
20131014 9320 9530 9320 9460 13630.00 12850000
20131011 9350 9400 9250 9310 9707.00 9040000
20131010 9340 9570 9250 9260 14166.00 13310000
20131009 9250 9400 9200 9390 13012.00 12100000
20131008 9170 9350 9170 9280 13234.00 12250000
20130930 9100 9170 9040 9150 5563.00 5070000
20130927 9080 9100 8970 9070 8023.00 7250000
20130926 9180 9180 9030 9110 8394.00 7630000
20130925 9220 9230 9090 9200 12846.00 11730000
20130924 9240 9270 9080 9220 12079.00 11040000
20130923 9070 9300 9050 9260 18690.00 17180000
20130918 9000 9070 8950 9050 6192.00 5580000
20130917 9050 9140 8940 9050 10528.00 9540000
20130916 9030 9110 9000 9030 4558.00 4120000
20130913 8920 9070 8890 9030 6393.00 5740000
20130912 9020 9090 8900 8970 9749.00 8770000
20130911 9110 9160 8930 9120 13166.00 11860000
20130910 9090 9170 8960 9140 13745.00 12480000
20130909 9180 9240 9040 9150 14312.00 13060000
20130906 9030 9200 9030 9180 15774.00 14390000
20130905 8980 9400 8970 9160 37567.00 34570000
20130904 8950 8980 8830 8920 8583.00 7640000
20130903 8680 8990 8660 8950 17384.00 15430000
20130902 8790 8800 8510 8790 14568.00 12600000
20130830 8830 8850 8620 8790 18461.00 16150000
20130829 8730 8870 8710 8850 11140.00 9790000
20130828 8850 8940 8730 8800 16146.00 14240000
20130827 8860 8970 8780 8910 13604.00 12060000
20130826 8730 8920 8680 8920 15791.00 13950000
20130823 8850 8920 8510 8770 14231.00 12450000
20130822 8710 8870 8700 8850 13721.00 12040000
20130821 8610 8760 8600 8730 9678.00 8400000
20130820 8520 8680 8510 8650 11769.00 10140000
20130819 8330 8600 8320 8550 11020.00 9360000
20130816 8680 8760 8320 8430 16780.00 14360000
20130815 8820 8940 8660 8760 11444.00 10050000
20130814 8840 9000 8680 8870 28430.00 25190000
20130813 8830 8900 8730 8860 14051.00 12380000
20130812 8720 8820 8600 8810 14723.00 12840000
20130809 8830 8890 8460 8740 18676.00 16210000
20130808 8420 8880 8420 8810 28868.00 25130000
20130807 8690 8750 8450 8470 11659.00 10000000
20130806 8690 8820 8500 8700 14294.00 12400000
20130805 8400 8710 8400 8690 18571.00 16010000
20130802 8330 8540 8300 8430 18406.00 15570000
20130801 8140 8360 8110 8330 14764.00 12190000
20130731 8080 8180 8020 8130 8346.00 6780000
20130730 8020 8170 7820 8090 8419.00 6750000
20130729 8210 8210 7970 8070 9213.00 7430000
20130726 8230 8270 8010 8210 8484.00 6900000
20130725 8550 8600 8010 8240 18144.00 15030000
20130724 8410 8660 8410 8530 15353.00 13080000
20130723 8260 8520 8260 8490 16545.00 13880000
20130722 8100 8340 8000 8320 12768.00 10440000
20130719 8360 8620 8150 8190 15112.00 12750000
20130718 8230 8420 8230 8400 13104.00 10940000
20130717 8500 8560 8230 8300 16873.00 14110000
20130716 8180 8320 8140 8290 9864.00 8130000
20130715 8060 8200 8010 8200 9671.00 7860000
20130712 8110 8390 8030 8130 11287.00 9230000
20130711 7960 8140 7910 8110 12728.00 10250000
20130710 7700 8030 7670 7960 18033.00 14240000
20130709 7430 8110 7370 8110 7921.00 6030000
20130708 7600 7680 7330 7530 8091.00 6030000
20130705 7780 7830 7670 7690 8438.00 6520000
20130704 7610 7800 7440 7760 13300.00 10170000
20130703 7580 7650 7400 7630 9172.00 6880000
20130702 7560 7690 7460 7600 7727.00 5820000
20130701 7470 7560 7300 7560 5729.00 4260000
20130628 7410 7590 7260 7460 4098.00 3030000
20130627 9270 9460 9000 9080 8047.00 7410000
20130626 8970 9280 8910 9280 9024.00 8200000
20130625 9050 9230 8330 9120 9682.00 8480000
20130624 9650 9690 9060 9250 5720.00 5330000
20130621 9340 9750 9340 9640 5665.00 5420000
20130620 9790 10090 9600 9680 7969.00 7800000
20130619 9830 10120 9740 10060 7495.00 7420000
20130618 9950 10190 9770 9930 5678.00 5630000
20130617 9700 10090 9640 9950 7359.00 7230000
20130614 9620 9750 9430 9730 7435.00 7150000
20130613 9830 10000 9330 9450 6278.00 5980000
20130607 10270 10420 9820 9970 10004.00 10070000
20130606 10530 10530 10200 10280 7157.00 7410000
20130605 10480 10550 10370 10520 4269.00 4460000
20130604 10560 10760 10310 10400 8000.00 8390000
20130603 10850 10940 10500 10570 12196.00 13050000
20130531 11170 11230 10870 10870 11831.00 13080000
20130530 11360 11360 11000 11180 20650.00 23000000
20130529 11010 11380 11010 11380 26284.00 29570000
20130528 10800 11200 10520 11120 23829.00 25970000
20130527 10850 10950 10740 10840 9951.00 10760000
20130524 10550 10850 10550 10840 12983.00 13900000
20130523 10500 10760 10450 10500 9836.00 10460000
20130522 10810 10840 10500 10590 13996.00 14890000
20130521 10680 10900 10520 10870 18333.00 19600000
20130520 10430 10750 10430 10660 19405.00 20630000
20130517 10120 10410 10000 10400 21284.00 21870000
20130516 10080 10330 10020 10060 13922.00 14150000
20130515 9750 10180 9750 10070 9933.00 9910000
20130514 10010 10040 9710 9750 8531.00 8360000
20130513 10050 10180 9960 10060 9111.00 9130000
20130510 9720 10150 9690 10100 16463.00 16330000
20130509 9860 9890 9630 9730 8116.00 7910000
20130508 9740 9880 9670 9870 7885.00 7720000
20130507 9710 9800 9650 9700 4881.00 4730000
20130506 9600 9820 9560 9740 7992.00 7770000
20130503 9260 9640 9250 9570 10759.00 10240000
20130502 9050 9320 8830 9280 17189.00 15560000
20130426 9270 9310 9020 9030 4664.00 4270000
20130425 9420 9530 9270 9270 5457.00 5140000
20130424 9240 9480 9170 9430 5811.00 5430000
20130423 9730 9750 9200 9210 7434.00 6990000
20130422 9580 9690 9580 9620 5862.00 5640000
20130419 9580 9720 9500 9700 10322.00 9950000
20130418 9340 9630 9310 9590 9039.00 8580000
20130417 9300 9390 9190 9380 5329.00 4950000
20130416 9080 9290 8960 9280 5634.00 5140000
20130415 9390 9390 9070 9100 6667.00 6110000
20130412 9650 9690 9360 9380 4412.00 4190000
20130411 9730 9730 9620 9620 3072.00 2970000
20130410 9690 9750 9550 9650 6131.00 5910000
20130409 9520 9720 9520 9710 7617.00 7330000
20130408 9670 9670 9180 9480 8486.00 7960000
20130403 10150 10150 9630 9730 9725.00 9490000
20130402 10400 10480 10000 10030 9466.00 9700000
20130401 10300 10450 10230 10400 10472.00 10830000
20130329 10780 10890 10590 10600 6361.00 6820000
20130328 11220 11220 10760 10800 16102.00 17650000
20130327 11110 11350 11020 11300 15628.00 17540000
20130326 11350 11350 10930 11080 12253.00 13570000
20130325 11500 11500 11260 11330 9204.00 10440000
20130322 11500 11600 11350 11470 11294.00 12960000
20130321 11330 11780 11330 11570 25035.00 28890000
20130320 11080 11390 10950 11390 22899.00 25580000
20130319 10930 11090 10770 11080 6916.00 7560000
20130318 11140 11260 10830 10930 9564.00 10490000
20130315 11100 11490 10970 11260 14475.00 16300000
20130314 11010 11230 10820 11190 11736.00 13050000
20130313 11020 11060 10750 11010 12033.00 13090000
20130312 11570 11590 10900 11020 17990.00 20110000
20130311 11360 11630 11330 11500 9518.00 10960000
20130308 11780 11870 11510 11510 14999.00 17500000
20130307 12120 12130 11560 11670 39497.00 46690000
20130306 12130 12470 12020 12170 36535.00 44530000
20130305 12050 12280 11710 12080 44236.00 53130000
20130304 12500 12940 12000 12080 95807.00 120150000
20130301 11500 12620 11260 12620 91112.00 112290000
20130228 11210 11570 11060 11470 43004.00 48630000
20130227 10890 11840 10840 11260 65931.00 74830000
20130226 10500 10960 10450 10800 35429.00 38220000
20130225 10350 10530 10350 10500 9034.00 9460000
20130222 10390 10470 10330 10390 6242.00 6480000
20130221 10510 10550 10220 10370 9969.00 10350000
20130220 10280 10580 10280 10570 8017.00 8360000
20130219 10680 10680 10280 10300 10768.00 11210000
20130218 10650 10720 10540 10660 10227.00 10880000
20130208 10450 10700 10400 10650 7948.00 8420000
20130207 10270 10470 10270 10440 5890.00 6110000
20130206 10250 10370 10180 10310 7727.00 7930000
20130205 10100 10250 10030 10200 7035.00 7130000
20130204 10220 10220 10010 10140 6739.00 6810000
20130201 10070 10200 10000 10150 9358.00 9470000
20130131 10380 10380 10040 10090 14877.00 15050000
20130130 10540 10610 10370 10450 6507.00 6810000
20130129 10560 10670 10500 10570 9638.00 10200000
20130128 10110 10590 10110 10560 7819.00 8120000
20130125 10250 10310 10150 10220 5808.00 5930000
20130124 10510 10750 10010 10200 15201.00 15860000
20130123 10600 10600 10310 10490 9907.00 10360000
20130122 11020 11060 10500 10620 17476.00 18830000
20130121 11060 11150 10940 11080 11357.00 12520000
20130118 10900 11120 10880 11060 13062.00 14390000
20130117 10980 11180 10850 11010 13989.00 15390000
20130116 11300 11330 10880 11040 22203.00 24660000
20130115 11060 11370 10970 11280 26900.00 29940000
20130114 10500 10980 10480 10980 25561.00 27530000
20130111 10620 11100 10520 10520 27948.00 30240000
20130110 10790 10840 10430 10620 14805.00 15770000
20130109 10800 11000 10660 10770 20461.00 22140000
20130108 10560 10950 10480 10930 23502.00 25290000
20130107 10300 10570 10300 10550 11265.00 11780000
20130104 10550 10650 10190 10320 14270.00 14830000
20121231 10300 10780 10290 10520 19790.00 20820000
20121228 10060 10570 9860 10430 23155.00 23710000
20121227 10390 11000 10090 10130 32498.00 34250000
20121226 9950 10330 9850 10300 19121.00 19430000
20121225 9600 9950 9600 9850 14633.00 14380000
20121224 9620 9680 9520 9660 11163.00 10720000
20121221 9320 9770 9320 9590 16917.00 16070000
20121220 9300 9510 9180 9380 9579.00 8970000
20121219 9140 9310 9140 9250 6862.00 6330000
20121218 9230 9330 9110 9210 9745.00 8990000
20121217 9190 9350 9050 9250 13021.00 11970000
20121214 8780 9200 8750 9170 17687.00 16040000
20121213 8800 9090 8750 8780 10119.00 9010000
20121212 8950 9000 8720 8890 8840.00 7810000
20121211 9100 9100 8860 8940 8466.00 7590000
20121210 8770 9050 8740 9020 11370.00 10090000
20121207 8520 8800 8470 8770 9684.00 8410000
20121206 8500 8630 8430 8500 6505.00 5530000
20121205 8290 8660 8210 8540 11483.00 9790000
20121204 8030 8280 7950 8240 6248.00 5040000
20121203 8410 8780 8080 8120 4955.00 4120000
20121130 8430 8530 8220 8450 5902.00 4980000
20121129 8600 8680 8350 8390 4518.00 3860000
20121128 8780 8780 8510 8550 4746.00 4080000
20121127 9300 9300 8780 8780 9542.00 8530000
20121126 9500 9530 9270 9310 6059.00 5670000
20121123 9430 9620 9350 9570 9444.00 9000000
20121122 9480 9480 9300 9390 2873.00 2690000
20121121 9480 9490 9200 9480 6160.00 5770000
20121120 9380 9490 9300 9440 4740.00 4460000
20121119 9170 9340 9170 9340 2565.00 2370000
20121116 9180 9260 9160 9240 2749.00 2530000
20121115 9350 9350 9200 9200 5717.00 5300000
20121114 9480 9540 9300 9460 4547.00 4270000
20121113 9880 9880 9460 9520 5346.00 5140000
20121112 9560 9880 9550 9880 3789.00 3700000
20121109 9670 9740 9510 9690 3198.00 3080000
20121108 9810 9850 9600 9640 5995.00 5820000
20121107 9900 9970 9820 9910 5067.00 5010000
20121106 9940 10000 9720 9860 6668.00 6550000
20121105 10000 10100 9920 9990 3915.00 3910000
20121102 10070 10110 9900 10000 5735.00 5720000
20121101 9830 10110 9810 10070 9383.00 9390000
20121031 9800 9860 9680 9850 2962.00 2880000
20121030 9770 9800 9620 9760 3155.00 3060000
20121029 9660 9830 9620 9700 2731.00 2650000
20121026 9900 9950 9640 9700 4966.00 4840000
20121025 10100 10190 9900 9900 7381.00 7410000
20121024 10120 10280 10100 10130 7874.00 7990000
20121023 10500 10500 10200 10210 7187.00 7430000
20121022 10300 10480 10200 10470 7839.00 8110000
20121019 10320 10380 10230 10350 6855.00 7060000
20121018 10190 10400 10060 10300 12098.00 12390000
20121017 10110 10140 9870 10120 7052.00 7070000
20121016 9980 10140 9870 10010 7397.00 7400000
20121015 10190 10230 9800 9910 8239.00 8210000
20121012 10350 10450 10050 10170 10369.00 10600000
20121011 10690 10690 10150 10230 13875.00 14420000
20121010 10530 10750 10460 10730 13471.00 14240000
20121009 10100 10630 10100 10530 13872.00 14550000
20121008 10220 10270 10040 10100 6679.00 6770000
20120928 9850 10300 9760 10220 12335.00 12400000
20120927 9500 9930 9480 9850 9795.00 9550000
20120926 9790 10040 9450 9540 8495.00 8210000
20120925 9820 10150 9780 9900 10533.00 10500000
20120924 9630 9890 9590 9780 7320.00 7140000
20120921 9820 10020 9710 9780 9263.00 9140000
20120920 10590 10600 9880 9880 15206.00 15420000
20120919 10600 10620 10420 10600 6324.00 6650000
20120918 10340 10600 10330 10510 8421.00 8820000
20120917 11360 11500 10350 10450 18167.00 19740000
20120914 11400 11580 11180 11440 12371.00 14100000
20120913 11550 11800 11270 11270 16964.00 19680000
20120912 11600 11660 11350 11620 14453.00 16630000
20120911 11810 11830 11390 11550 22252.00 25730000
20120910 11900 11990 11700 11890 27283.00 32280000
20120907 11900 12370 11670 12000 40030.00 47940000
20120906 11510 11900 11480 11830 26115.00 30530000
20120905 11490 11830 11400 11510 25126.00 29130000
20120904 11640 11890 11420 11620 40102.00 46610000
20120903 10900 12000 10770 11750 47490.00 54100000
20120831 10500 11500 10450 11020 37102.00 41290000
20120830 10700 10960 10270 10510 26672.00 28370000
20120829 10930 11370 10650 10930 40770.00 45030000
20120828 10370 11000 10250 10920 35721.00 38110000
20120827 10850 10950 10300 10350 31347.00 32910000
20120824 10680 11460 10550 11050 73278.00 80680000
20120823 9840 10730 9750 10730 45054.00 47440000
20120822 9750 9870 9650 9750 4754.00 4640000
20120821 9370 9950 9370 9760 9031.00 8810000
20120820 9280 9490 9130 9440 2430.00 2260000
20120817 9300 9430 9260 9360 1991.00 1850000
20120816 9520 9540 9280 9300 2916.00 2740000
20120815 9660 9790 9330 9520 3655.00 3480000
20120814 9560 9670 9320 9650 5173.00 4910000
20120813 9730 10090 9600 9610 8610.00 8450000
20120810 9700 9830 9660 9720 7578.00 7380000
20120809 9500 9760 9430 9700 6708.00 6440000
20120808 9420 9580 9330 9460 6184.00 5840000
20120807 9440 9840 9360 9510 9956.00 9520000
20120806 9010 9450 8980 9410 6726.00 6240000
20120803 8990 9190 8900 9170 4652.00 4220000
20120802 9000 9050 8900 8950 3764.00 3370000
20120801 8940 9120 8930 9040 5815.00 5250000
20120731 9200 9200 8800 8920 5477.00 4900000
20120730 9580 9650 9120 9220 5993.00 5620000
20120727 9800 9800 9590 9650 4670.00 4510000
20120726 9770 9910 9670 9690 4768.00 4660000
20120725 10000 10000 9790 9800 5072.00 5010000
20120724 9980 10090 9760 9940 5677.00 5630000
20120723 9730 10200 9730 10020 3875.00 3860000
20120720 10180 10300 9960 10000 6936.00 6980000
20120719 9700 10450 9630 10290 15853.00 16060000
20120718 9750 9870 9380 9730 6514.00 6250000
20120717 9690 9980 9520 9850 4991.00 4880000
20120716 10570 10580 9760 9760 7917.00 7960000
20120713 18050 18100 16980 17070 9863.00 17190000
20120712 17770 18490 17770 18290 4340.00 7910000
20120711 17720 18100 17550 17770 4412.00 7870000
20120710 19000 19000 17740 17740 10919.00 20000000
20120709 20500 20530 19410 19500 18206.00 36380000
20120706 19500 21300 19110 20900 24915.00 51250000
20120705 20060 20060 19180 19540 6333.00 12330000
20120704 20200 20480 19900 19990 6459.00 13020000
20120703 20180 20520 19900 20300 9693.00 19620000
20120702 20030 20200 19630 20200 7994.00 15930000
20120629 19390 19850 19100 19830 6712.00 13140000
20120628 19700 19800 19290 19350 6026.00 11760000
20120627 19480 19980 19200 19700 6810.00 13380000
20120626 19380 19600 18660 19340 6797.00 13010000
20120625 19930 19930 19410 19450 6354.00 12510000
20120621 19760 20220 19400 20000 11189.00 22250000
20120620 19300 20280 19300 19800 13932.00 27690000
20120619 19520 19520 19200 19240 4137.00 8000000
20120618 19530 19760 19350 19520 5617.00 10990000
20120615 19250 19580 19080 19510 3935.00 7620000
20120614 19280 19380 19050 19200 4753.00 9130000
20120613 18810 19480 18600 19390 6354.00 12230000
20120612 18680 19170 18510 18850 4286.00 8110000
20120611 18080 18990 18080 18890 5585.00 10460000
20120608 18360 18400 18110 18180 2075.00 3780000
20120607 18620 18630 18040 18110 3013.00 5520000
20120606 18500 18650 18320 18400 2457.00 4540000
20120605 18390 18680 18300 18500 3217.00 5940000
20120604 19000 19000 18400 18400 7189.00 13480000
20120601 19480 19570 19180 19250 11974.00 23180000
20120531 18450 20420 18380 19810 24885.00 49870000
20120530 18520 18700 18440 18560 2186.00 4050000
20120529 18150 18780 18050 18560 4723.00 8720000
20120528 17750 18250 17530 18110 2837.00 5040000
20120525 18530 18530 17820 17900 3235.00 5870000
20120524 18400 18580 18300 18420 2712.00 4990000
20120523 18670 18740 18300 18400 3898.00 7210000
20120522 18720 18800 18500 18780 3476.00 6480000
20120521 19000 19170 18430 18540 3981.00 7430000
20120518 19380 19520 19010 19030 5278.00 10160000
20120517 19400 19710 19130 19590 4006.00 7780000
20120516 19310 19880 19310 19470 4137.00 8110000
20120515 19480 19480 19130 19330 3218.00 6190000
20120514 19740 19890 19460 19550 4306.00 8460000
20120511 20000 20280 19570 19570 7856.00 15580000
20120510 20010 20700 19960 20280 8826.00 18000000
20120509 19650 20630 19530 20200 15246.00 30840000
20120508 20120 20170 19740 19850 7231.00 14370000
20120507 19000 20290 18970 20120 12136.00 23950000
20120504 18850 19370 18650 19180 6128.00 11700000
20120503 18610 18800 18500 18800 4030.00 7510000
20120502 18550 18860 18480 18600 4341.00 8090000
20120427 18300 18600 18200 18400 3479.00 6390000
20120426 18750 18750 18190 18240 4140.00 7610000
20120425 18990 18990 18300 18740 7067.00 13120000
20120424 18380 19200 17850 19150 7095.00 13090000
20120423 19880 19880 18200 18600 9275.00 17370000
20120420 19450 19800 19250 19760 5659.00 11110000
20120419 19280 19480 19110 19450 4892.00 9420000
20120418 18510 19350 18510 19290 6126.00 11690000
20120417 18900 18900 18400 18510 4325.00 8040000
20120416 19040 19120 18780 18890 4106.00 7770000
20120413 19040 19270 18860 19170 4885.00 9320000
20120412 18600 19110 18310 18970 6656.00 12440000
20120411 18320 18550 18010 18480 4891.00 8960000
20120410 18130 18340 17500 18340 5043.00 9020000
20120409 18700 18700 18080 18180 4333.00 7920000
20120406 18480 18950 18480 18680 5425.00 10150000
20120405 18140 18600 17860 18540 6963.00 12700000
20120330 18560 18780 17650 17840 7256.00 13110000
20120329 19380 19380 18520 18590 4874.00 9200000
20120328 20860 20860 19280 19380 5892.00 11750000
20120327 21400 21400 20850 21000 2772.00 5850000
20120326 21010 21300 20600 21080 3204.00 6720000
20120323 21690 21690 21010 21010 4948.00 10530000
20120322 21750 21930 21220 21690 5140.00 11090000
20120321 22300 22380 21100 21750 7003.00 15180000
20120320 22940 23080 22110 22150 6821.00 15310000
20120319 22700 23300 22700 23200 6782.00 15600000
20120316 21810 22890 21800 22890 10245.00 22990000
20120315 22050 22590 21300 21800 9879.00 21590000
20120314 23730 24300 22030 22180 21691.00 50670000
20120313 23190 23540 23190 23530 12259.00 28650000
20120312 23280 23370 22850 23250 10636.00 24580000
20120309 22900 23370 22740 23310 17078.00 39450000
20120308 22380 22790 22380 22790 10140.00 22930000
20120307 21770 22780 21680 22380 9041.00 20190000
20120306 22480 22570 21900 21920 8047.00 17790000
20120305 22890 22970 22520 22570 10603.00 24140000
20120302 22160 22810 22080 22810 10662.00 24010000
20120301 21830 22280 21680 22030 5787.00 12780000
20120229 22320 22550 21600 21970 7279.00 16140000
20120228 22780 22800 22210 22540 12103.00 27160000
20120227 23230 23470 22800 22940 13613.00 31420000
20120224 23000 23280 22620 23190 11996.00 27470000
20120223 22630 23910 22600 23000 21234.00 49310000
20120222 22180 22820 22180 22620 16779.00 37750000
20120221 21300 22220 21010 22180 14623.00 31780000
20120220 21430 21840 21290 21300 8399.00 18070000
20120217 21390 21500 20900 21250 5299.00 11250000
20120216 21610 21870 21140 21360 9710.00 20850000
20120215 21320 21710 21150 21700 9523.00 20490000
20120214 21780 21790 21360 21480 8111.00 17460000
20120213 21190 22080 21030 21780 13649.00 29490000
20120210 20800 21500 20700 21500 12663.00 26700000
20120209 20900 21800 20510 20880 16123.00 34130000
20120208 19420 21030 19420 20920 14180.00 28910000
20120207 20290 20290 19500 19610 8523.00 16870000
20120206 20300 20560 20010 20360 10228.00 20780000
20120203 19810 20550 19790 20400 13901.00 28140000
20120202 19300 19880 19300 19880 7365.00 14410000
20120201 19330 19850 19060 19400 8153.00 15940000
20120131 19790 20050 19250 19520 8763.00 17140000
20120130 19650 20370 19330 19900 15139.00 30150000
20120120 19900 20090 19010 19800 20828.00 40890000
20120119 18880 20540 18600 20540 16211.00 32780000
20120118 20290 20480 18600 18670 7285.00 14240000
20120117 18970 20350 18970 20290 5907.00 11670000
20120116 19080 19700 18950 18970 5846.00 11260000
20120113 21600 21790 19790 19920 9277.00 18950000
20120112 22100 22500 21500 21620 6685.00 14650000
20120111 22000 22790 21700 22120 9438.00 20910000
20120110 21200 22350 21040 22020 10714.00 23250000
20120109 19970 21300 19780 21200 9286.00 19210000
20120106 19610 20470 19420 20300 5784.00 11470000
20120105 20390 20700 19470 19600 8509.00 16940000
20120104 23170 23380 20720 20720 7778.00 17090000
20111230 22700 23220 22600 23020 4540.00 10400000
20111229 22200 22640 22070 22440 3574.00 8020000
20111228 22800 22850 21830 22400 6404.00 14190000
20111227 24560 24800 22550 22890 8087.00 19040000
20111226 24970 25350 24500 24860 4689.00 11670000
20111223 24500 25380 24500 24800 5560.00 13850000
20111222 24400 25060 23410 24700 8946.00 21560000
20111221 25800 25890 24550 24600 7458.00 18960000
20111220 25990 26120 25380 25450 10541.00 27140000
20111219 25100 26280 24900 26080 11260.00 28740000
20111216 24360 25400 24160 25400 8860.00 21980000
20111215 23900 24870 23700 24270 8579.00 20860000
20111214 24640 25180 23980 24010 5806.00 14300000
20111213 25550 25780 24610 24700 8270.00 20590000
20111212 25880 26240 25700 25710 4732.00 12270000
20111209 25660 26250 25650 25980 6881 17829000
20111208 25510 26660 24890 26090 12210 31596000
20111207 25150 25980 25150 25680 9670 24809000
20111206 24750 25520 24650 25400 10403 26152000
20111205 26360 26390 24600 24630 11726 29601000
20111202 26930 27450 26210 26360 9219 24707000
20111201 27900 28480 27100 27170 17281 48077000
20111130 28850 29600 26180 26700 19900 55368000
20111129 29640 29850 28340 29010 16653 48479000
20111128 30200 30470 28890 29360 15206 44834000
20111125 30880 31480 30010 30150 18730 57597000
20111124 29700 31450 29660 30950 20443 62396000
20111123 30990 32400 30500 30580 31460 98817000
20111122 29170 30990 28600 30990 21600 64410000
20111121 30510 30770 28130 29450 24658 71918000
20111118 30110 31380 30000 30620 33169 101653000
20111117 28780 31860 28780 30950 50783 156348000
20111116 29750 30500 28710 28960 25619 75794000
20111115 31250 31250 29760 30060 34363 104498000
20111114 28040 30340 28030 30340 30438 89516000
20111111 27200 27590 26500 27580 15817 42836000
20111110 26580 27790 26300 27300 19123 52002000
20111109 26140 26980 25800 26890 12708 33492000
20111108 27200 27600 26000 26090 15448 41342000
20111107 27080 27670 27000 27430 13779 37740000
20111104 27320 27720 26890 27380 16233 44249000
20111103 27900 28740 27210 27220 27440 76552000
20111102 26500 28400 26220 27990 27261 74465000
20111101 25500 27750 25400 27270 31910 85154000
20111031 25700 26310 25430 25890 16279 42209000
20111028 25170 25880 24900 25790 20233 51403000
20111027 25000 25690 24800 24850 15707 39617000
20111026 24800 25780 24500 25060 23633 59424000
20111025 24410 25550 23900 25260 26817 66653000
20111024 23800 24800 22850 24540 22372 53270000
20111021 25870 26440 24300 24300 24824 61272000
20111020 28000 28000 26400 27000 19167 51619000
20111019 27920 29350 27700 28320 18914 53890000
20111018 29310 29770 27710 27720 23162 66984000
20111017 28360 30460 28050 29990 29825 87699000
20111014 28200 28900 27680 28400 18028 50797000
20111013 28190 29260 27980 28800 28868 82955000
20111012 25900 28790 25600 28670 24595 67356000
20111011 27580 27800 26060 26500 10585 28907000
20111010 26200 27170 26110 26670 6174 16444000
20110930 26700 27000 26170 26350 4597 12152000
20110929 27300 27650 26610 26950 6950 18892000
20110928 28380 28650 27520 27800 8323 23417000
20110927 28490 28540 27410 28180 7863 22123000
20110926 28400 28610 27850 28150 5894 16611000
20110923 27750 28640 27580 28420 9609 26998000
20110922 30010 30280 28130 28280 14763 42901000
20110921 29580 30960 29330 30390 14612 44273000
20110920 29710 30270 29000 29600 8093 23927000
20110919 30010 30500 29700 30000 9224 27648000
20110916 31800 32290 30160 30590 14628 45758000
20110915 33190 33280 31680 31800 13681 44340000
20110914 32299 33290 31800 33220 11445 37469000
20110913 32000 32850 31140 32119 9396 29979000
20110909 32659 33290 31890 32650 13113 42557000
20110908 34000 34960 32680 32800 18807 63523000
20110907 33700 34780 33110 34420 20234 68764000
20110906 36600 37000 33560 33690 28588 99284000
20110905 35030 37300 34900 37290 29501 107734000
20110902 34830 36180 34380 35380 19297 68345000
20110901 35990 36390 34300 35100 19689 69565000
20110831 34150 36480 33910 36100 27745 97807000
20110830 35320 35380 33720 34550 22441 77582000
20110829 33900 37480 33800 35150 31926 114407000
20110826 33670 35000 33610 34260 22258 76498000
20110825 34300 34660 33120 33930 30033 101152000
20110824 34300 35090 33890 34300 31920 109819000
20110823 32200 35000 32180 34800 48429 161012000
20110822 29830 32790 29600 32790 45940 146734000
20110819 29020 30500 28400 29810 34556 101712000
20110818 28000 30600 28000 29580 42567 125410000
20110817 27710 28870 27560 28200 41090 115761000
20110816 27380 28290 27100 28180 58039 161340000
20110815 25310 25720 25310 25720 9676 24818000
20110812 23040 23880 23040 23380 12326 28878000
20110811 21600 22980 21310 22900 15339 34322000
20110810 22110 22850 22100 22250 13766 30967000
20110809 21400 22300 20210 21820 14420 30712000
20110808 24070 24500 22220 22250 22288 51228000
20110805 24900 25400 24690 24690 13002 32566000
20110804 26500 26790 25150 25960 22412 58111000
20110803 27500 28100 26670 26710 25978 70592000
20110802 26800 27820 26600 27820 35695 96999000
20110801 25300 27830 25200 27280 42178 113611000
20110729 25850 25900 25130 25300 15143 38591000
20110728 24900 26150 24730 25960 25248 64895000
20110727 24000 25490 23780 25290 20947 52465000
20110726 24600 24820 23320 24280 12753 30467000
20110725 24500 25450 24500 24600 17348 43256000
20110722 24640 25010 24460 24650 10604 26229000
20110721 24400 24800 24300 24430 9633 23696000
20110720 24450 24570 24220 24430 11876 28990000
20110719 25000 25000 24010 24250 22062 54009000
20110718 26580 26740 25550 25590 32771 85091000
20110715 26550 27060 26420 26590 32470 86788000
20110714 26480 27000 26120 26730 42498 112654000
20110713 26410 27980 26410 26900 52781 142787000
20110712 28000 28980 26000 26530 97180 265600000
