20180223 6210 6210 6150 6160 5085 3139112 0.96 0.37 -1.12 3861 1224 3.15 0.27
20180222 6250 6250 6140 6230 5975 3701947 1.77 0.41 0.16 3456 2519 1.37 0.32
20180214 6100 6370 6020 6220 22825 14271445 5.75 1.80 2.13 6937 15888 0.44 1.23
20180213 6100 6190 6070 6090 17834 10917060 1.95 1.54 -0.98 3136 14697 0.21 0.96
20180212 5970 6150 5900 6150 6974 4228806 4.22 0.64 3.89 3980 2994 1.33 0.38
20180209 6100 6100 5750 5920 14988 8898445 5.69 1.61 -3.74 10786 4202 2.57 0.81
20180208 6070 6330 6000 6150 9420 5816540 5.46 0.91 1.82 5972 3449 1.73 0.51
20180207 6010 6600 5800 6040 14111 8564056 13.33 1.51 0.67 10112 3998 2.53 0.76
20180206 6280 6410 5770 6000 12416 7617635 10.05 1.52 -5.81 8176 4239 1.93 0.67
20180205 6390 6450 6270 6370 3844 2449317 2.77 0.39 -2.00 2095 1749 1.20 0.21
20180202 6500 6500 6250 6500 6811 4345856 3.81 0.57 -1.07 3150 3661 0.86 0.37
20180201 6630 6720 6320 6570 14499 9398114 6.03 0.89 -0.90 9984 4515 2.21 0.78
20180131 6840 6840 6610 6630 9286 6182368 3.35 0.55 -3.35 6621 2665 2.48 0.50
20180130 6950 6950 6810 6860 6532 4474427 2.03 0.39 -0.29 3714 2817 1.32 0.35
20180129 7030 7040 6740 6880 12467 8586513 4.27 0.78 -2.13 8975 3492 2.57 0.67
20180126 7010 7080 6970 7030 17391 12214947 1.55 1.25 -0.85 11103 6287 1.77 0.94
20180125 6840 7250 6820 7090 35715 25182299 6.27 4.50 3.35 15752 19963 0.79 1.92
20180124 6840 6870 6740 6860 13066 8896386 1.91 1.83 0.73 5019 8047 0.62 0.70
20180123 6860 6990 6760 6810 6149 4197808 3.37 0.86 -0.29 3414 2735 1.25 0.33
20180122 6850 6870 6700 6830 7978 5425776 2.50 1.00 0.59 3966 4012 0.99 0.43
20180119 6810 6860 6770 6790 6558 4465362 1.32 0.84 -0.73 4060 2498 1.63 0.35
20180118 6880 6880 6770 6840 5969 4063355 1.62 0.73 0.74 2958 3011 0.98 0.32
20180117 6860 6860 6700 6790 9130 6174507 2.33 1.01 -1.02 4846 4284 1.13 0.49
20180116 6880 6890 6810 6860 6011 4116948 1.17 0.68 0.59 3188 2824 1.13 0.32
20180115 7020 7020 6780 6820 12169 8324377 3.41 1.62 -2.99 7225 4944 1.46 0.66
20180112 7090 7090 6980 7030 5901 4143315 1.56 0.75 0.00 3353 2547 1.32 0.32
20180111 6920 7060 6860 7030 7666 5346859 2.88 0.95 1.30 2843 4823 0.59 0.41
20180110 7060 7150 6830 6940 13496 9347904 4.53 1.53 -1.70 8697 4799 1.81 0.73
20180109 7190 7190 7060 7060 4906 3487515 1.82 0.51 -1.40 3548 1358 2.61 0.26
20180108 7200 7290 7100 7160 5487 3929094 2.65 0.49 -0.14 2666 2821 0.95 0.30
20180105 7180 7250 7130 7170 7915 5665014 1.68 1.14 0.14 4964 2951 1.68 0.43
20180104 7150 7180 7120 7160 8722 6235605 0.84 0.85 0.00 3877 4845 0.80 0.47
20180103 7130 7180 7010 7160 17024 12066941 2.39 2.19 0.70 7580 9444 0.80 0.92
20180102 7230 7230 7040 7110 8922 6337774 2.68 1.20 0.42 6184 2738 2.26 0.48
20171229 6950 7100 6900 7080 13673 9609477 2.89 2.57 2.46 4112 9560 0.43 0.74
20171228 6930 7090 6870 6910 6259 4349116 3.18 1.11 0.00 2408 3851 0.63 0.34
20171227 7020 7080 6800 6910 5585 3861847 4.03 0.97 -0.43 3133 2453 1.28 0.30
20171226 7020 7020 6870 6940 4432 3074557 2.18 0.69 0.73 1465 2967 0.49 0.24
20171225 7120 7120 6870 6890 7231 5018708 3.53 1.15 -2.82 4534 2697 1.68 0.39
20171222 7230 7230 7040 7090 3065 2169394 2.68 0.40 0.14 1923 1143 1.68 0.17
20171221 7050 7150 6930 7080 7809 5496020 3.09 0.98 -0.56 4869 2940 1.66 0.42
20171220 7240 7240 7090 7120 6347 4536810 2.08 0.62 -1.39 4801 1546 3.11 0.34
20171219 7200 7230 7100 7220 7832 5630296 1.82 0.76 0.98 3558 4274 0.83 0.42
20171218 7150 7370 7080 7150 6507 4658104 4.02 0.57 -0.97 4081 2426 1.68 0.35
20171215 7160 7220 7120 7220 9541 6843583 1.39 0.82 0.70 4243 5298 0.80 0.51
20171214 7200 7200 7030 7170 9623 6851974 2.39 0.88 0.70 4675 4948 0.94 0.52
20171213 7020 7390 6990 7120 17540 12560047 5.72 1.70 1.86 6630 10910 0.61 0.94
20171212 7120 7130 6950 6990 8170 5749137 2.52 0.68 -2.10 4768 3402 1.40 0.44
20171211 6930 7160 6880 7140 12217 8661489 3.99 1.06 1.85 4416 7801 0.57 0.66
20171208 6940 7050 6780 7010 10876 7601262 3.91 0.98 1.59 4739 6137 0.77 0.59
20171207 6900 6960 6840 6900 6085 4204241 1.73 0.52 -0.72 3917 2168 1.81 0.33
20171206 6870 6950 6710 6950 14295 9734045 3.48 1.32 0.72 7240 7056 1.03 0.77
20171205 7040 7080 6650 6900 16725 11534640 6.12 1.82 -1.85 11378 5347 2.13 0.90
20171204 7210 7210 7020 7030 9604 6832868 2.65 1.16 -2.09 5873 3731 1.57 0.52
20171201 7070 7230 7060 7180 8631 6183830 2.40 1.14 1.41 3577 5054 0.71 0.46
20171130 7160 7180 7050 7080 9004 6392115 1.81 1.30 -1.26 6422 2582 2.49 0.48
20171129 7290 7290 7030 7170 10150 7244223 3.58 1.47 -1.38 7364 2786 2.64 0.55
20171128 7220 7310 7140 7270 8573 6198762 2.37 1.18 1.25 3183 5390 0.59 0.46
20171127 7240 7260 7130 7180 5011 3606621 1.80 0.53 -0.69 2570 2441 1.05 0.27
20171124 7200 7280 7030 7230 5037 3626920 3.46 0.40 0.00 2732 2304 1.19 0.27
20171123 7360 7360 7200 7230 5884 4282924 2.19 0.42 -0.82 3553 2331 1.52 0.32
20171122 7320 7410 7260 7290 9974 7303467 2.05 0.68 -0.41 5063 4911 1.03 0.54
20171121 7330 7450 7210 7320 10475 7650816 3.27 0.68 -0.14 5574 4901 1.14 0.56
20171120 7350 7380 7050 7330 16071 11596484 4.47 1.06 -0.81 6171 9900 0.62 0.87
20171117 7910 8020 7200 7390 21125 16140018 10.30 1.66 -7.16 15783 5342 2.95 1.14
20171116 7960 8100 7810 7960 12411 9865276 3.64 0.97 0.00 6936 5476 1.27 0.67
20171115 7970 8010 7880 7960 13749 10904345 1.63 1.12 -0.13 6878 6871 1.00 0.74
20171114 8150 8170 7950 7970 13814 11105365 2.70 1.19 -2.21 8804 5010 1.76 0.74
20171113 8140 8200 8100 8150 14559 11851067 1.23 1.41 0.12 8491 6068 1.40 0.78
20171110 8130 8200 8040 8140 9238 7499633 1.97 0.92 0.12 4850 4388 1.11 0.50
20171109 7960 8140 7960 8130 12334 9935084 2.26 1.20 1.88 4534 7801 0.58 0.66
20171108 7960 8040 7930 7980 11259 9009000 1.39 1.13 0.63 6715 4543 1.48 0.61
20171107 8020 8020 7830 7930 10691 8448923 2.39 1.07 -0.38 7008 3683 1.90 0.58
20171106 7860 8060 7810 7960 7971 6344057 3.18 0.68 1.27 3225 4746 0.68 0.43
20171103 7880 7900 7780 7860 7835 6142839 1.53 0.62 0.26 3574 4261 0.84 0.42
20171102 8060 8070 7810 7840 13520 10676161 3.23 1.05 -2.73 8664 4856 1.78 0.73
20171101 8100 8150 8030 8060 9698 7834505 1.48 0.67 -0.49 5785 3913 1.48 0.52
20171031 8060 8100 7990 8100 11141 8963807 1.36 0.77 0.50 4588 6553 0.70 0.60
20171030 8250 8250 8050 8060 16757 13604766 2.41 1.28 -2.77 9679 7078 1.37 0.90
20171027 8330 8370 8230 8290 12155 10093175 1.68 0.94 -0.48 6909 5246 1.32 0.65
20171026 8310 8390 8200 8330 14463 12081400 2.29 0.96 0.24 10184 4280 2.38 0.78
20171025 8170 8420 8170 8310 18096 15059045 3.05 1.17 1.47 10647 7449 1.43 0.97
20171024 8330 8370 8150 8190 10623 8769257 2.64 0.68 -1.68 7258 3365 2.16 0.57
20171023 8290 8350 8210 8330 9952 8249662 1.69 0.48 0.73 3588 6364 0.56 0.54
20171020 8110 8300 8000 8270 11706 9618415 3.70 0.47 1.97 4383 7324 0.60 0.63
20171019 8280 8280 7990 8110 25002 20286162 3.51 0.93 -1.93 15758 9244 1.70 1.35
20171018 8450 8540 8250 8270 19974 16735024 3.43 0.68 -2.13 11461 8513 1.35 1.08
20171017 8420 8500 8360 8450 11930 10066172 1.66 0.33 0.24 7300 4629 1.58 0.64
20171016 8810 8810 8370 8430 35528 30446309 4.99 0.76 -4.31 22098 13429 1.65 1.91
20171013 8880 8920 8770 8810 31397 27667989 1.68 0.50 -1.12 20191 11206 1.80 1.69
20171012 9000 9040 8760 8910 35649 31698130 3.11 0.60 -1.00 22426 13222 1.70 1.92
20171011 8990 9080 8940 9000 31372 28270103 1.55 0.54 -0.33 19194 12178 1.58 1.69
20171010 9100 9120 8890 9030 48156 43444556 2.52 0.90 -1.10 27446 20711 1.33 2.59
20171009 9150 9290 8990 9130 86856 79401709 3.29 2.10 0.11 48127 38729 1.24 4.68
20170929 8470 9300 8430 9120 112280 101043975 10.30 4.53 7.93 45499 66781 0.68 6.05
20170928 8510 8660 8420 8450 16307 13875367 2.82 0.58 -0.82 9635 6672 1.44 0.88
20170927 8330 8550 8270 8520 24416 20626876 3.35 0.71 1.91 8684 15732 0.55 1.31
20170926 8510 8510 8050 8360 27527 22920057 5.40 0.84 -1.88 17975 9553 1.88 1.48
20170925 8590 8690 8390 8520 25965 22196624 3.50 0.85 -0.70 14957 11008 1.36 1.40
20170922 8570 8590 8380 8580 29589 25146691 2.45 1.04 0.12 16305 13284 1.23 1.59
20170921 8730 8760 8480 8570 33232 28617826 3.21 1.31 -1.83 22281 10951 2.03 1.79
20170920 8600 8830 8530 8730 56786 49550363 3.50 2.96 1.75 25430 31356 0.81 3.06
20170919 8580 8650 8500 8580 19008 16294820 1.76 0.90 0.70 8503 10505 0.81 1.02
20170918 8460 8560 8410 8520 13631 11570846 1.77 0.58 0.71 6440 7191 0.90 0.73
20170915 8550 8620 8460 8460 19375 16531199 1.86 0.81 -1.51 14052 5323 2.64 1.04
20170914 8600 8670 8490 8590 18378 15759144 2.09 0.74 -0.12 11748 6630 1.77 0.99
20170913 8540 8640 8450 8600 25375 21691601 2.22 1.07 0.35 13994 11381 1.23 1.37
20170912 8650 8690 8510 8570 29007 25008101 2.08 1.32 -0.81 17412 11596 1.50 1.56
20170911 8460 8640 8420 8640 26329 22544802 2.59 1.11 1.89 12005 14325 0.84 1.42
20170908 8460 8510 8360 8480 19893 16785986 1.78 0.73 0.71 9161 10733 0.85 1.07
20170907 8470 8530 8360 8420 23630 20017908 2.01 0.85 -0.59 11516 12114 0.95 1.27
20170906 8400 8490 8310 8470 20087 16884940 2.14 0.73 0.59 10823 9265 1.17 1.08
20170905 8410 8520 8320 8420 20278 17046203 2.37 0.71 -0.12 11130 9148 1.22 1.09
20170904 8480 8480 8300 8430 35198 29483804 2.13 1.19 -0.47 19664 15534 1.27 1.90
20170901 8420 8530 8320 8470 37678 31859145 2.50 1.32 0.71 16876 20802 0.81 2.03
20170831 8280 8420 8240 8410 25649 21371563 2.17 0.90 1.45 9713 15936 0.61 1.38
20170830 8340 8390 8240 8290 17926 14869949 1.80 0.65 -0.60 11727 6199 1.89 0.97
20170829 8500 8500 8280 8340 26938 22491372 2.59 0.98 -1.77 15595 11343 1.37 1.45
20170828 8380 8520 8230 8490 39803 33360294 3.49 1.75 2.17 17757 22046 0.81 2.14
20170825 8180 8350 8090 8310 32356 26728597 3.19 1.56 1.84 14782 17573 0.84 1.74
20170824 8150 8240 8070 8160 25118 20523500 2.09 1.17 0.12 12397 12721 0.97 1.35
20170823 8200 8200 8110 8150 14595 11915015 1.10 0.64 -0.12 7662 6933 1.11 0.79
20170822 8180 8220 8080 8160 25518 20812175 1.71 1.25 -0.12 14987 10531 1.42 1.37
20170821 8110 8190 8070 8170 15848 12891393 1.48 0.80 0.74 7491 8357 0.90 0.85
20170818 8170 8170 8030 8110 22603 18275318 1.71 1.23 -0.98 13636 8967 1.52 1.22
20170817 8050 8240 8000 8190 29000 23633893 2.98 1.67 1.61 11538 17462 0.66 1.59
20170816 7970 8090 7920 8060 20380 16376633 2.14 1.05 1.51 8202 12178 0.67 1.12
20170815 8020 8040 7920 7940 13925 11085304 1.51 0.70 -0.25 8514 5410 1.57 0.76
20170814 7850 7990 7800 7960 13584 10773735 2.45 0.70 2.45 5042 8542 0.59 0.75
20170811 7820 7920 7680 7770 14860 11578964 3.03 0.79 -2.02 8449 6411 1.32 0.82
20170810 8200 8230 7640 7930 23977 19132727 7.26 1.35 -2.46 14823 9154 1.62 1.32
20170809 8000 8250 7960 8130 30431 24710265 3.61 2.06 1.25 13390 17041 0.79 1.67
20170808 7970 8050 7780 8030 16234 12866127 3.40 1.12 1.01 6899 9334 0.74 0.89
20170807 7870 7970 7830 7950 11254 8913844 1.78 0.71 1.15 5043 6211 0.81 0.62
20170804 7950 7950 7810 7860 12327 9671356 1.77 0.66 -0.88 8596 3731 2.30 0.68
20170803 7770 8030 7750 7930 18642 14758485 3.59 0.85 1.80 7000 11642 0.60 1.02
20170802 8000 8000 7780 7790 15407 12158696 2.76 0.76 -2.14 9192 6215 1.48 0.85
20170801 8050 8050 7940 7960 14644 11687550 1.38 0.71 -0.50 6947 7696 0.90 0.80
20170731 8050 8060 7900 8000 18440 14709436 1.99 0.94 -0.50 9178 9262 0.99 1.01
20170728 8100 8380 8030 8040 26159 21167418 4.31 1.44 -1.11 14725 11434 1.29 1.43
20170727 7860 8130 7760 8130 35564 28404548 4.71 2.42 3.57 13362 22201 0.60 1.95
20170726 7920 7980 7780 7850 6437 5050475 2.53 0.39 -0.63 3505 2933 1.20 0.35
20170725 7940 7950 7810 7900 16711 13177956 1.78 0.89 0.25 8531 8181 1.04 0.92
20170724 7820 7900 7750 7880 13251 10396161 1.91 0.64 0.38 5336 7915 0.67 0.73
20170721 7870 7980 7780 7850 18692 14697781 2.52 0.93 -1.01 9475 9217 1.03 1.03
20170720 7900 8130 7850 7930 18506 14749083 3.54 1.01 0.38 8663 9843 0.88 1.02
20170719 7920 7950 7720 7900 15687 12333901 2.90 0.81 -0.25 7843 7844 1.00 0.86
20170718 7770 7990 7630 7920 28023 22047075 4.63 1.72 1.80 8630 19394 0.44 1.54
20170717 8550 8590 7780 7780 22622 18128668 9.37 1.45 -9.95 13815 8807 1.57 1.24
20170714 8720 8730 8510 8640 15656 13480591 2.51 1.00 -1.48 10070 5586 1.80 0.86
20170713 8830 8830 8710 8770 10046 8799525 1.36 0.61 -0.34 5835 4211 1.39 0.55
20170712 8990 9020 8680 8800 21009 18441462 3.77 1.34 -2.33 12434 8575 1.45 1.15
20170711 9060 9070 8950 9010 11998 10803027 1.32 0.80 -0.77 5785 6213 0.93 0.66
20170710 9120 9140 8950 9080 19524 17619970 2.08 1.42 -0.66 12266 7258 1.69 1.07
20170707 9130 9150 9040 9140 15791 14342946 1.21 1.22 0.22 8149 7642 1.07 0.87
20170706 9100 9150 9030 9120 14034 12765773 1.32 1.14 0.00 6927 7107 0.97 0.77
20170705 9080 9130 9020 9120 16785 15246783 1.22 1.56 1.00 6669 10116 0.66 0.92
20170704 9050 9100 8990 9030 8801 7948080 1.21 0.72 -0.33 5038 3763 1.34 0.48
20170703 9020 9070 8900 9060 13439 12139497 1.89 1.08 0.67 5235 8204 0.64 0.74
20170630 9000 9000 8860 9000 11539 10314130 1.56 0.91 0.00 5103 6435 0.79 0.63
20170629 9010 9030 8900 9000 10726 9624014 1.45 0.77 0.11 5007 5718 0.88 0.59
20170628 9030 9080 8810 8990 9132 8140797 2.97 0.61 -0.99 5484 3648 1.50 0.50
20170627 9040 9160 8920 9080 15986 14420600 2.65 1.08 0.33 8122 7864 1.03 0.88
20170626 8840 9070 8760 9050 14903 13301104 3.48 1.03 1.69 5540 9363 0.59 0.82
20170623 8950 8980 8700 8900 12368 10928508 3.16 0.78 0.34 6795 5573 1.22 0.68
20170622 9120 9190 8850 8870 17059 15408310 3.71 0.97 -3.27 12583 4476 2.81 0.94
20170621 9220 9220 9040 9170 14191 12958958 1.97 0.84 0.11 7083 7108 1.00 0.78
20170620 9200 9290 9160 9160 15554 14359811 1.41 0.92 -0.43 8234 7321 1.12 0.85
20170619 9150 9230 9090 9200 13276 12156836 1.53 0.80 0.33 5703 7572 0.75 0.73
20170616 9180 9250 9050 9170 18876 17225604 2.17 1.25 -0.33 10519 8358 1.26 1.04
20170615 8970 9230 8930 9200 25593 23422080 3.33 1.88 2.22 10493 15100 0.69 1.40
20170614 8930 9090 8880 9000 11531 10344198 2.35 0.73 0.67 6299 5232 1.20 0.63
20170613 8760 9000 8660 8950 15652 13901768 3.91 1.04 2.87 6057 9595 0.63 0.86
20170612 8900 8900 8650 8700 10967 9611764 2.79 0.72 -2.79 7363 3604 2.04 0.60
20170609 9000 9000 8820 8950 11635 10373427 2.00 0.73 -0.78 7613 4022 1.89 0.64
20170608 9160 9220 8950 9020 18181 16546132 2.96 1.18 -0.99 10688 7493 1.43 1.00
20170607 8800 9150 8780 9110 22357 20161303 4.20 1.60 3.41 7769 14588 0.53 1.23
20170606 8830 8860 8630 8810 12424 10880304 2.61 0.87 0.00 7505 4919 1.53 0.68
20170605 8750 8870 8750 8810 11177 9848210 1.38 0.68 1.03 5181 5996 0.86 0.61
20170602 8500 8800 8410 8720 15435 13327192 4.58 0.88 2.35 8044 7391 1.09 0.85
20170601 8920 8950 8520 8520 15466 13463277 4.78 0.86 -5.23 11597 3869 3.00 0.85
20170531 9030 9150 8910 8990 15288 13832554 2.69 0.78 0.90 8204 7084 1.16 0.84
20170526 8960 9180 8850 8910 13962 12468072 3.70 0.71 -0.11 7273 6689 1.09 0.77
20170525 8880 8970 8550 8920 21845 19198669 4.73 1.08 0.45 13459 8386 1.60 1.20
20170524 8590 9460 8330 8880 21260 18660052 13.14 1.05 3.26 9161 12099 0.76 1.17
20170523 8850 8890 8580 8600 17108 14942140 3.48 0.80 -3.37 10865 6243 1.74 0.94
20170522 9300 9350 8830 8900 23744 21594371 5.56 1.26 -4.81 16541 7203 2.30 1.30
20170519 9390 9510 9330 9350 14376 13503032 1.92 0.81 -0.32 8906 5470 1.63 0.79
20170518 9260 9560 9210 9380 24545 23090856 3.74 1.45 0.32 11226 13319 0.84 1.35
20170517 9320 9470 9260 9350 21785 20396220 2.26 1.35 0.43 13414 8371 1.60 1.19
20170516 8880 9330 8770 9310 22305 20253116 6.29 1.51 4.49 7825 14480 0.54 1.22
20170515 8850 9000 8850 8910 10919 9763643 1.70 0.72 0.79 4886 6033 0.81 0.60
20170512 8830 8930 8680 8840 8977 7907269 2.81 0.50 -0.79 5206 3772 1.38 0.49
20170511 9050 9050 8550 8910 20519 18057883 5.52 1.16 -1.55 11522 8997 1.28 1.13
20170510 9250 9400 8970 9050 18089 16642601 4.64 0.97 -2.27 10588 7501 1.41 0.99
20170509 9160 9300 9020 9260 15120 13874077 3.07 0.83 1.42 7690 7430 1.03 0.83
20170508 9120 9390 8880 9130 13482 12297563 5.59 0.71 0.00 6549 6934 0.94 0.74
20170505 9470 9540 9090 9130 21750 20265015 4.75 1.07 -3.59 13603 8146 1.67 1.19
20170504 9360 9660 9320 9470 20136 19196263 3.63 1.07 1.18 8052 12084 0.67 1.10
20170503 9550 9630 9300 9360 22332 21106327 3.47 1.18 -1.58 14182 8150 1.74 1.22
20170502 9450 9570 9320 9510 13671 12973330 2.65 0.67 0.74 6915 6756 1.02 0.75
20170428 9320 9530 9320 9440 16821 15864522 2.23 0.80 0.21 9885 6935 1.43 0.92
20170427 9050 9500 8710 9420 28214 25708359 8.74 1.44 4.20 13623 14591 0.93 1.55
20170426 9030 9080 8930 9040 13203 11911146 1.66 0.56 0.22 8191 5012 1.63 0.72
20170425 8860 9100 8800 9020 22822 20483910 3.41 1.03 2.50 12507 10315 1.21 1.25
20170424 9320 9360 8680 8800 21142 18906354 7.26 0.94 -5.98 12381 8761 1.41 1.16
20170421 9480 9610 9340 9360 19341 18326951 2.86 0.89 -0.74 10819 8522 1.27 1.06
20170420 9640 9740 9350 9430 21210 20222936 4.02 1.06 -2.68 14649 6561 2.23 1.16
20170419 9950 10170 9430 9690 33034 31878972 7.40 1.93 -3.10 18518 14516 1.28 1.81
20170418 10080 10500 10000 10000 15951 16305795 4.95 0.86 -0.99 7692 8259 0.93 0.87
20170417 10680 10680 10000 10100 23220 23816678 6.37 1.22 -5.43 14274 8946 1.60 1.34
20170414 10880 10880 10610 10680 14757 15780057 2.47 0.80 -2.20 8021 6736 1.19 0.85
20170413 10910 11000 10760 10920 13011 14199691 2.21 0.58 0.55 7168 5843 1.23 0.75
20170412 11060 11080 10830 10860 18515 20290285 2.25 0.80 -2.34 10757 7758 1.39 1.07
20170411 11040 11140 10710 11120 23089 25271446 3.90 1.04 0.82 12040 11049 1.09 1.33
20170410 11500 11500 10310 11030 26145 28876393 10.38 1.14 -3.75 16094 10051 1.60 1.51
20170407 11400 11500 11370 11460 11578 13244752 1.13 0.45 -0.26 5222 6356 0.82 0.67
20170406 11240 11530 11240 11490 32909 37628977 2.57 1.47 1.86 12021 20888 0.58 1.90
20170405 10780 11280 10780 11280 22181 24628929 4.60 0.90 3.87 9903 12278 0.81 1.28
20170331 10810 10940 10730 10860 18446 19992461 1.96 0.77 1.40 10424 8023 1.30 1.06
20170330 11250 11250 10610 10710 29808 32434137 5.71 1.35 -4.37 18300 11508 1.59 1.72
20170329 11630 11640 11200 11200 24419 27775373 3.79 1.09 -3.53 17252 7167 2.41 1.41
20170328 11600 11750 11530 11610 17395 20182752 1.90 0.71 0.09 7439 9956 0.75 1.00
20170327 11730 12340 11600 11600 33588 39594592 6.31 1.44 -1.02 16276 17313 0.94 1.94
20170324 11740 11780 11620 11720 14399 16851473 1.36 0.57 -0.17 7562 6836 1.11 0.83
20170323 11910 11930 11590 11740 20358 23987376 2.85 0.79 -1.68 12268 8090 1.52 1.17
20170322 11950 12000 11700 11940 26630 31523041 2.51 1.13 -0.25 15642 10988 1.42 1.53
20170321 11950 12150 11910 11970 26683 32134290 2.01 1.15 0.25 26597 86 309.27 1.54
20170320 12070 12070 11820 11940 28786 34264253 2.08 1.30 -0.50 19143 9643 1.99 1.66
20170317 11990 12150 11910 12000 24896 29955467 2.01 1.25 0.42 12754 12142 1.05 1.43
20170316 11810 11950 11800 11950 21270 25255840 1.27 1.12 1.36 9906 11365 0.87 1.23
20170315 11950 11950 11770 11790 16692 19738046 1.50 0.86 -1.59 10405 6287 1.65 0.96
20170314 12070 12130 11890 11980 24239 29094275 2.00 1.29 -0.25 10673 13566 0.79 1.40
20170313 12160 12160 11810 12010 23673 28331316 2.90 1.17 -0.50 12184 11489 1.06 1.36
20170310 12030 12220 12030 12070 13761 16694865 1.57 0.58 -0.25 6991 6770 1.03 0.79
20170309 12230 12230 12050 12100 16912 20580238 1.47 0.68 -0.90 7229 9684 0.75 0.97
20170308 12210 12250 12140 12210 18163 22163111 0.90 0.64 -0.08 10431 7732 1.35 1.05
20170307 12240 12310 12080 12220 21497 26174898 1.88 0.78 -0.16 11751 9746 1.21 1.24
20170306 12190 12330 12020 12240 30829 37740181 2.54 1.16 0.41 14742 16087 0.92 1.78
20170303 12010 12250 11910 12190 31805 38453426 2.84 1.28 1.75 11765 20041 0.59 1.83
20170302 12120 12310 11980 11980 22085 26707174 2.72 0.87 -1.24 11217 10868 1.03 1.27
20170301 11870 12150 11830 12130 36708 44291242 2.69 1.58 2.02 9877 26832 0.37 2.11
20170228 11860 11970 11800 11890 16205 19254223 1.43 0.67 -0.25 8892 7313 1.22 0.93
20170227 12080 12200 11890 11920 25973 31354502 2.57 0.93 -1.00 15318 10655 1.44 1.50
20170224 11820 12080 11680 12040 23038 27465983 3.39 0.85 1.95 9124 13915 0.66 1.33
20170223 11900 11970 11650 11810 24278 28607861 2.68 0.96 -1.25 13324 10954 1.22 1.40
20170222 11800 12170 11800 11960 26723 32033969 3.13 1.09 1.18 14333 12390 1.16 1.54
20170221 11680 11850 11550 11820 20928 24569403 2.58 0.91 1.46 10114 10813 0.94 1.21
20170220 11850 12190 11400 11650 44998 52240194 6.64 - -2.10 30730 14268 2.15 2.59
20170217 12100 12190 11840 11900 18838 22600036 2.91 0.96 -1.08 10051 8787 1.14 1.09
20170216 11820 12080 11810 12030 14964 17913948 2.27 0.65 1.18 6543 8421 0.78 0.86
20170215 12010 12300 11850 11890 22644 27490514 3.75 1.01 -1.00 13107 9537 1.37 1.30
20170214 12190 12190 11960 12010 13000 15674895 1.89 0.55 -1.23 6055 6945 0.87 0.75
20170213 12010 12210 11960 12160 24624 29869325 2.08 1.03 1.25 8449 16174 0.52 1.42
20170210 11920 12100 11920 12010 22414 26951365 1.50 1.02 0.08 8886 13529 0.66 1.29
20170209 11740 12030 11740 12000 32229 38489436 2.47 1.82 2.21 11039 21190 0.52 1.86
20170208 11670 11780 11460 11740 19869 23112943 2.76 1.19 1.29 9093 10776 0.84 1.14
20170207 11580 11750 11520 11590 19076 22168339 1.98 1.07 -0.34 9750 9325 1.05 1.10
20170206 11460 11640 11380 11630 25521 29457924 2.26 1.30 0.95 16446 9075 1.81 1.47
20170203 11760 11930 11500 11520 13056 15184297 3.67 0.61 -1.62 8942 4115 2.17 0.75
20170126 11430 11760 11430 11710 11167 13038142 2.87 0.45 1.83 3901 7266 0.54 0.64
20170125 11480 11520 11240 11500 14824 16963660 2.46 0.59 0.97 5613 9210 0.61 0.85
20170124 11280 11620 11260 11390 24168 27706125 3.18 0.92 0.71 9373 14795 0.63 1.39
20170123 11140 11480 11140 11310 34663 39319238 3.05 1.19 1.53 14950 19714 0.76 2.00
20170120 10710 11190 10710 11140 22712 25156563 4.46 0.76 3.44 8463 14250 0.59 1.31
20170119 10880 10980 10710 10770 28068 30404246 2.46 0.98 -2.00 16418 11651 1.41 1.62
20170118 10990 11260 10810 10990 16236 17798976 4.08 0.53 -0.27 9872 6364 1.55 0.94
20170117 10830 11150 10360 11020 29707 32317647 7.27 1.02 1.38 16432 13275 1.24 1.71
20170116 11940 11940 10720 10870 48833 55201637 10.24 2.06 -8.73 25609 23224 1.10 2.81
20170113 12330 12380 11910 11910 26003 31628853 3.81 1.05 -3.33 14214 11789 1.21 1.50
20170112 12440 12560 12300 12320 22795 28391237 2.09 0.84 -0.88 9406 13388 0.70 1.31
20170111 12530 12580 12370 12430 26595 33210546 1.68 0.88 -0.48 10600 15995 0.66 1.53
20170110 12480 12940 12430 12490 21403 26908682 4.09 0.61 0.08 11271 10132 1.11 1.23
20170109 12350 12500 12350 12480 21778 27080653 1.21 0.58 0.65 11019 10758 1.02 1.25
20170106 12600 12680 12350 12400 31169 38970631 2.62 0.73 -1.59 15945 15223 1.05 1.80
20170105 12490 12750 12400 12600 35288 44484066 2.80 0.73 0.80 19951 15337 1.30 2.03
20170104 12400 12570 12300 12500 42213 52454943 2.18 0.83 0.89 24612 17601 1.40 2.43
20170103 12400 12580 12340 12390 45941 57285456 1.94 0.98 -0.08 21992 23949 0.92 2.65
20161230 12600 12650 12350 12400 34029 42522231 2.36 0.78 -2.52 20645 13384 1.54 1.96
20161229 12610 13080 11500 12720 55857 70665596 12.52 1.52 0.79 34391 21466 1.60 3.22
20161228 12800 13350 12600 12620 64983 84639074 5.85 2.28 -1.56 29859 35124 0.85 3.74
20161227 12310 12880 12210 12820 53214 67116489 5.43 2.23 3.97 20004 33210 0.60 3.07
20161226 11970 12350 11700 12330 26245 31733697 5.38 1.10 1.99 12501 13744 0.91 1.51
20161223 12210 12250 11980 12090 16570.87 20108541.620
20161222 12400 12420 12120 12210 22190.11 27151650.670
20161221 12150 12460 12150 12400 24549.31 30323296.810
20161220 12140 12320 12030 12160 29607.99 35967662.230
20161219 12020 12210 11930 12130 26665.05 32272192.050
20161216 11580 12120 11580 12030 43542.72 51870313.090
20161215 11550 11790 11480 11630 62577.12 72699914.320
20161214 12020 12060 11500 11500 60056.65 70626975.220
20161213 12270 12330 11810 12010 60580.04 72862406.410
20161212 13560 13700 12330 12330 48943.06 62866262.290
20161209 13390 14000 13360 13700 33585.22 45807316.360
20161208 13680 14350 13460 13500 30532.86 42173499.950
20161207 13270 13700 13240 13680 25407.00 34305138.430
20161206 13250 13390 13180 13240 19441.30 25829201.590
20161205 13280 13400 13120 13200 28651.86 37963375.110
20161202 14100 14110 13250 13290 53270.21 72875823.480
20161201 14200 14370 14000 14010 40550.94 57400187.290
20161130 14460 14580 14080 14200 55541.91 79624547.550
20161129 14420 14850 14300 14500 110089.68 159764981.980
20161128 14000 14600 13920 14530 115952.26 166901965.850
20161125 14300 14300 13520 13980 49663.23 68842600.740
20161124 14040 14360 13920 14200 71034.62 100759911.810
20161123 14010 14380 13900 14040 82674.51 117017013.840
20161122 13930 14060 13770 14020 52524.89 73174504.760
20161121 13710 13980 13620 13940 50963.22 70421526.060
20161118 13760 13860 13700 13700 24299.90 33484508.360
20161117 13830 13900 13550 13800 41281.02 56526243.750
20161116 13980 14180 13790 13870 63246.44 88149019.510
20161115 13500 14100 13400 13980 132049.31 183279479.010
20161114 13360 13630 13360 13500 53414.97 72055806.200
20161111 13340 13490 13220 13440 60633.05 81089426.750
20161110 13100 13330 13100 13300 43764.07 57907775.020
20161109 13170 13290 12720 13030 47331.31 61782161.660
20161108 13340 13500 13180 13250 54731.97 72957069.160
20161107 13230 13470 13160 13270 54143.93 72178700.970
20161104 13370 13370 13050 13260 58910.76 77704963.000
20161103 12770 13240 12770 13240 82008.26 107176924.570
20161102 12700 12910 12700 12800 32939.64 42263628.910
20161101 12600 12800 12600 12800 31661.37 40225809.180
20161031 12550 12760 12500 12650 34048.27 43128081.970
20161028 12840 12900 12600 12600 31754.81 40468744.780
20161027 13100 13150 12520 12890 56756.12 72468759.720
20161017 13020 13200 12960 13020 22235.24 29071848.190
20161014 12930 13040 12720 13010 27311.50 35269673.820
20161013 12920 13050 12900 12970 25502.99 33067083.920
20161012 12850 13090 12740 13020 43726.23 56828644.090
20161011 12750 12980 12660 12890 43331.99 55654286.480
20161010 12500 12760 12450 12750 35431.12 44828666.740
20160930 12430 12480 12380 12420 14879.92 18483581.800
20160929 12290 12460 12290 12390 20710.77 25680219.450
20160928 12280 12450 12260 12280 17571.93 21684372.870
20160927 12150 12380 12060 12380 26731.35 32648374.160
20160926 12340 12490 12080 12110 22368.24 27614994.870
20160923 12420 12530 12330 12430 28181.79 35076230.600
20160922 12450 12570 12380 12390 26820.79 33470063.650
20160921 12210 12430 12210 12420 25163.50 31115643.020
20160920 12350 12420 12200 12290 26315.25 32389882.860
20160919 12160 12420 12160 12330 24770.06 30462549.620
20160914 12200 12270 12040 12140 21842.04 26606537.760
20160913 12310 12350 12100 12220 35022.38 42740023.780
20160912 12590 12590 12200 12200 41843.65 51857692.580
20160909 13050 13190 12790 12850 41497.86 53757741.490
20160908 12850 13220 12850 13120 53858.44 70528524.150
20160907 12880 13060 12830 12870 47040.00 60974263.420
20160906 12740 12950 12460 12900 51819.08 65833181.860
20160905 12830 12860 12660 12740 28688.44 36608248.290
20160902 12710 12810 12580 12710 26511.74 33673507.900
20160901 12790 13000 12730 12760 41121.00 52851233.570
20160831 12960 13020 12640 12790 46583.00 59420330.760
20160830 13120 13120 12890 12960 30542.03 39616524.890
20160829 13220 13300 12870 13040 56570.27 74131068.220
20160826 12940 13400 12850 13190 78937.10 103741082.700
20160825 13340 13340 12770 12840 99871.07 129155469.130
20160824 12970 13800 12920 13510 110818.63 149155625.330
20160823 12870 13070 12760 12880 28133.39 36361975.500
20160822 12930 13050 12800 12850 37959.87 49061523.080
20160819 12970 12990 12850 12920 24611.95 31773485.180
20160818 12850 13100 12790 12910 44847.88 57949700.140
20160817 12820 12950 12750 12850 31222.31 40183119.300
20160816 12810 13100 12750 12810 33974.64 43729947.330
20160815 12510 12900 12470 12810 45510.66 57949082.720
20160812 12170 12500 12160 12470 25964.37 32108062.440
20160811 12630 12750 12250 12260 28708.49 35845055.850
20160810 12860 12980 12620 12680 23068.63 29543097.590
20160809 12890 12970 12750 12930 31727.27 40808701.770
20160808 12600 12990 12430 12890 46717.04 59689939.430
20160805 12480 12870 12450 12540 32278.28 40905518.190
20160804 12360 12590 12360 12470 20427.92 25472187.620
20160803 12350 12600 12230 12450 42316.13 52539367.620
20160802 12210 12400 12140 12310 23329.80 28676385.940
20160801 12100 12470 11570 12310 55831.04 66539720.350
20160729 12450 12540 12020 12070 42707.85 52088349.620
20160728 12750 12930 12070 12480 49926.80 62420813.130
20160727 13800 13870 12510 12760 85228.18 112232077.190
20160726 13610 13850 13600 13830 41597.52 57221285.330
20160725 13510 13830 13490 13600 46375.96 63356471.410
20160722 13800 14090 13560 13630 58232.51 80564256.310
20160721 13950 14150 13740 13760 59381.50 82604140.400
20160720 14150 14300 13960 13970 53846.89 76237628.230
20160719 14110 14170 13880 14100 49978.56 69931616.600
20160718 13900 14360 13800 14140 54181.43 76204616.060
20160715 14410 14470 14030 14150 71417.43 101456575.730
20160714 13870 14910 13800 14510 118733.46 170739802.720
20160713 13900 14150 13710 13960 72105.01 100465561.090
20160712 13610 13960 13500 13950 87959.74 121405819.150
20160711 13450 13910 13300 13600 103872.40 142797077.260
20160708 13030 13560 13000 13510 77825.97 103887529.940
20160707 13550 13600 12910 13180 110778.92 146077839.480
20160706 13500 13790 13480 13550 48091.13 65574533.630
20160705 13940 13950 13500 13700 76160.13 104418814.510
20160704 13790 14220 13610 13950 91818.09 128296067.090
20160701 13800 14280 13800 13940 123341.59 172269483.210
20160630 13270 13760 13100 13730 108723.03 146070665.580
20160629 13350 13600 13250 13330 71789.55 96048717.670
20160628 13240 13510 12980 13310 101754.86 134804481.040
20160627 12380 13320 12380 13310 109835.82 142793701.520
20160624 12960 12970 11860 12550 77715.21 97995374.720
20160623 13300 13500 12780 12930 73427.05 96167884.170
20160622 12800 13260 12610 13260 77701.51 100923658.280
20160621 13000 13200 12710 12880 77146.84 99781502.310
20160620 12760 12880 12310 12800 52660.20 66557251.920
20160617 13000 13380 12550 12790 82941.12 107905402.530
20160616 12750 13090 12550 12930 79781.96 102362875.540
20160615 11900 12980 11710 12680 78345.54 98808789.020
20160614 11690 12300 11660 12130 70642.31 85242631.090
20160613 12400 13100 11610 11690 79905.21 99564857.630
20160608 13100 13150 12510 12650 69969.50 89508049.050
20160607 24700 25480 24240 25250 38052.45 94516901.470
20160606 24200 25190 24120 24700 36563.32 89969632.940
20160603 24980 24980 24000 24100 38695.55 94025541.400
20160602 24200 25000 23900 24550 47635.20 116422452.060
20160601 23250 24200 23050 23830 50343.28 119793606.310
20160531 21000 23250 20920 23250 47234.54 105372701.790
20160530 21090 21610 20340 21140 17690.02 37320537.630
20160527 21750 22000 21470 21480 19185.33 41717302.000
20160526 21750 21980 20750 21860 28370.97 60700693.730
20160525 21600 22150 21350 21810 30464.44 66382671.530
20160524 22180 22180 21110 21390 33261.10 71493564.710
20160523 20800 22300 20800 22240 46914.87 102072209.070
20160520 20190 20630 19550 20580 22424.79 45397794.090
20160519 19600 20660 19300 20200 35408.50 71364094.060
20160518 20800 20800 19100 19300 33768.40 67163217.710
20160517 21550 21550 20650 21160 32418.02 68405476.600
20160516 20460 21250 20200 21220 32089.69 67434396.600
20160513 20400 21470 20280 20460 35635.00 74510000
20160512 20400 20810 19630 20490 29423.00 59480000
20160511 22440 22440 20000 20890 56756.00 119750000
20160510 23000 23000 21720 21900 61260.00 136230000
20160509 25290 25890 23880 23880 41671.00 100900000
20160506 27600 29160 26200 26530 68125.00 189370000
20160505 25010 26570 24790 26510 40507.00 104880000
20160504 24210 25880 24200 25050 36547.00 92600000
20160503 24010 24890 23880 24590 29391.00 71700000
20160429 23760 24150 23470 24000 22358.00 53390000
20160428 22950 24010 22510 24010 43173.00 100340000
20160427 22680 23300 22370 22700 21024.00 47880000
20160426 22450 22780 21930 22670 18628.00 41670000
20160425 22700 22960 21460 22140 22888.00 50610000
20160422 22520 23480 22510 22900 24010.00 55100000
20160421 24010 24880 22840 22840 37657.00 89960000
20160420 23990 25130 22200 24300 91306.00 221190000
20160419 23000 23780 22880 23590 29875.00 69930000
20160418 24800 24800 23250 23250 32159.00 76660000
20160415 25050 25190 24500 24950 19747.00 49010000
20160414 25190 25440 24530 25280 30347.00 75640000
20160413 24450 25600 24400 25400 42044.00 105850000
20160412 25000 25900 24010 24680 61615.00 154370000
20160411 24300 24820 23820 24270 44789.00 108500000
20160408 23700 25200 23400 24280 72448.00 176520000
20160407 22520 24500 21600 24190 86710.00 200500000
20160406 22990 23200 21860 22330 58480.00 131230000
20160405 22800 23250 22280 22980 52605.00 119720000
20160401 22940 23650 22660 22910 65981.00 152050000
20160331 21810 24060 21480 23250 102435.00 230060000
20160330 20100 22390 19950 21980 105967.00 220440000
20160329 19200 20500 18710 20350 100776.00 200060000
20160328 19280 20260 18600 19020 61279.00 119890000
20160325 18100 19260 17920 19150 52670.00 98140000
20160324 18690 18730 18030 18060 44686.00 82270000
20160323 18560 18970 18340 18800 34903.00 65300000
20160322 18010 18900 18010 18580 43111.00 79620000
20160321 18100 18790 18000 18480 53936.00 99130000
20160318 17160 18270 17000 17960 58116.00 103270000
20160317 16080 17340 16020 17100 51776.00 87100000
20160316 16550 16700 15810 15960 34428.00 55840000
20160315 16120 16350 15920 15920 25823.00 41590000
20160314 15800 16510 15700 16240 34514.00 55970000
20160311 14800 15770 14800 15430 23870.00 36440000
20160310 15660 15900 15150 15320 30366.00 47090000
20160309 15600 16300 15420 15650 29964.00 47430000
20160308 15400 16200 14510 16100 35333.00 54490000
20160307 14900 15700 14900 15510 32427.00 50070000
20160304 15760 15930 14630 14740 41496.00 63470000
20160303 16030 16580 15820 15900 33559.00 54510000
20160302 15200 16110 15080 16030 40833.00 63690000
20160301 14650 15500 14400 15190 38120.00 56920000
20160229 16060 16300 14700 14700 46891.00 69710000
20160226 17060 17080 15510 16330 48719.00 80030000
20160225 18830 18950 17150 17150 51799.00 92070000
20160224 18900 19330 18180 19050 40928.00 77230000
20160223 19500 19580 18600 19030 50228.00 95360000
20160222 19910 20370 19110 19680 54488.00 107490000
20160219 19390 19980 19120 19680 35488.00 69520000
20160218 20100 20200 19150 19370 53188.00 104180000
20160217 19000 20070 18450 20070 60422.00 116790000
20160216 17350 18910 17100 18910 50902.00 93320000
20160215 16550 17270 16160 17190 25684.00 42850000
20160205 17550 18060 17120 17190 29019.00 50580000
20160204 17280 17990 17120 17660 38069.00 67170000
20160203 16700 17400 16500 17300 33118.00 56140000
20160202 15720 17280 15720 17000 38017.00 64100000
20160201 16200 16440 15660 16000 32203.00 51920000
20160129 15660 16760 15250 16390 48926.00 78280000
20160128 15910 16480 15180 15680 45485.00 72630000
20160127 16800 17180 15480 16150 49436.00 79710000
20160126 18880 18880 17190 17190 44078.00 78130000
20160125 19300 19400 18800 19100 38409.00 73440000
20160122 18600 19260 17560 19100 48544.00 90440000
20160121 19480 20690 18690 18690 54502.00 107340000
20160120 18980 20500 18810 20090 62720.00 124140000
20160119 18350 19700 17510 19360 60714.00 113280000
20160118 16900 19100 16380 18360 51217.00 91410000
20160115 18750 18750 17190 17360 57959.00 105770000
20160114 17090 19910 16520 19100 72758.00 130200000
20160113 20600 20900 18360 18360 48903.00 94870000
20160112 20050 21450 19500 20400 37192.00 76060000
20160111 22390 22980 21020 21020 41356.00 88800000
20160108 24850 25000 21830 23350 49307.00 115250000
20160107 26200 26200 24260 24260 10504.00 25980000
20160106 25990 27480 25300 26960 47073.00 124370000
20160105 23600 26180 23580 25300 68243.00 169280000
20160104 28500 29000 26200 26200 43617.00 119150000
20151231 33600 33700 28980 29110 152236.00 471520000
20151230 29800 32200 29500 32200 27389.00 86610000
20151229 28200 29700 28180 29270 41832.00 121580000
20151228 30370 31880 29770 29990 99375.00 305310000
20151225 30730 32900 29000 29450 120054.00 373170000
20151224 27760 30550 27160 30550 104142.00 306340000
20151223 28890 29660 27010 27770 67914.00 193070000
20151222 28420 30480 28150 29810 83271.00 244600000
20151221 28730 28960 27560 28410 80836.00 227780000
20151218 29500 30890 29180 29180 137233.00 410790000
20151217 29500 30280 29020 29980 179424.00 536360000
20151216 25450 27530 25450 27530 71837.00 193500000
20151215 22610 25030 22610 25030 78142.00 191040000
20151214 21570 22750 21130 22750 25428.00 55750000
20151211 22610 22770 21760 21900 30574.00 67650000
20151210 22650 23800 22380 22910 56494.00 130200000
20151209 21550 22850 21120 22480 37024.00 82000000
20151208 22550 22550 21730 21820 25899.00 56930000
20151207 22050 22400 21560 22340 26060.00 57470000
20151204 21920 22490 21530 22000 30916.00 68280000
20151203 20850 21800 20850 21780 29544.00 63430000
20151202 21880 22180 19970 20840 46897.00 97070000
20151201 23170 23200 21900 22190 39701.00 89210000
20151130 22700 23210 20820 22990 43032.00 96860000
20151127 24500 24750 22300 22310 42412.00 100650000
20151126 25800 25800 24560 24640 55433.00 139350000
20151125 23490 25690 22870 25690 79933.00 194260000
20151124 22010 23350 21500 23350 41031.00 91530000
20151123 23970 24870 22100 22500 70320.00 166210000
20151120 22100 23000 21450 22920 63693.00 142330000
20151119 20640 22080 20510 21930 43470.00 92590000
20151118 21870 21870 20580 20650 43892.00 92630000
20151117 23470 23470 21410 21800 77318.00 173670000
20151116 20890 23460 20850 23260 43701.00 98530000
20151113 22900 23550 21420 21660 48898.00 110260000
20151112 24300 24460 22590 23800 107390.00 253110000
20151111 20320 22400 20320 22400 32427.00 71120000
20151110 19740 20380 19500 20360 42054.00 84060000
20151109 19650 20350 19010 20060 42926.00 84580000
20151106 18860 19930 18760 19750 51252.00 99810000
20151105 19170 19680 18510 18840 44087.00 83890000
20151104 17870 19170 17870 19120 50894.00 94990000
20151103 17500 18120 17350 17880 40230.00 71680000
20151102 17180 18500 16820 17690 56668.00 100730000
20151030 17780 18340 17180 17860 42893.00 76190000
20151029 18500 18500 17020 17910 44528.00 78790000
20151028 18500 18860 17520 17700 46290.00 83840000
20151027 18830 19200 17300 18710 46208.00 84440000
20151026 19300 19580 18020 18940 54387.00 102370000
20151023 17270 19220 17230 19220 75079.00 138160000
20151022 16430 17730 16310 17470 55707.00 95350000
20151021 17950 18880 16010 16430 78655.00 138910000
20151020 16580 18230 16500 17740 51327.00 89110000
20151019 16650 17700 16100 16800 56487.00 95740000
20151016 16000 16800 15820 16700 62715.00 102550000
20151015 14800 15960 14720 15890 45673.00 70300000
20151014 15300 15660 14600 14830 45154.00 68550000
20151013 15200 15730 15050 15650 42894.00 66280000
20151012 14780 15450 14580 15330 52209.00 78910000
20151009 14030 14620 13930 14560 31751.00 45490000
20151008 13800 14300 13630 14040 26999.00 37780000
20150930 13270 13600 13120 13320 19239.00 25720000
20150929 13200 13500 13020 13270 18623.00 24650000
20150928 12900 13660 12000 13550 26024.00 34370000
20150925 13530 13950 12500 12850 29666.00 39250000
20150924 13580 13970 13500 13700 24607.00 33810000
20150923 13230 13880 12980 13500 31887.00 42780000
20150922 13390 13770 13070 13440 33679.00 45130000
20150921 12120 13310 12120 13290 30486.00 39110000
20150918 12200 12640 12000 12410 25778.00 31580000
20150917 12230 12990 12000 12100 33258.00 41720000
20150916 11210 12250 11210 12250 33165.00 38690000
20150915 11510 12280 11140 11140 24432.00 28070000
20150914 13810 13950 12380 12380 36012.00 45960000
20150911 13700 13970 13280 13760 20546.00 28100000
20150910 13400 14290 13330 13560 22502.00 31020000
20150909 13450 14000 13200 13900 28185.00 38690000
20150908 11940 13130 11700 13130 28035.00 34630000
20150907 11600 12420 11600 11940 22100.00 26470000
20150902 11330 12640 11000 11300 21440.00 25280000
20150901 13200 13500 12200 12200 21992.00 27860000
20150831 14250 14350 13500 13550 23864.00 33210000
20150828 13650 14600 13400 14480 40560.00 56630000
20150827 13090 13940 12290 13620 28252.00 37300000
20150826 13000 14610 12470 12960 43102.00 57490000
20150825 13850 14400 13850 13850 24256.00 33700000
20150824 16300 16300 15390 15390 18343.00 28450000
20150821 17490 18400 16900 17100 31584.00 55260000
20150820 18780 19490 18020 18200 36498.00 68440000
20150819 17020 19500 16400 19310 43895.00 77550000
20150818 20120 20400 18090 18090 42743.00 82170000
20150817 19000 20480 18700 20100 53724.00 105570000
20150814 19120 19950 18890 19140 44063.00 85180000
20150813 18210 19300 18160 19130 48704.00 91220000
20150812 18280 18800 18080 18150 32601.00 60190000
20150811 18780 19050 18350 18750 47156.00 88470000
20150810 18450 19280 17800 19000 62131.00 114100000
20150807 16500 17970 16500 17970 60661.00 107650000
20150806 15190 16370 15190 16340 31682.00 50700000
20150805 15830 16480 15760 15820 35814.00 57770000
20150804 14280 15710 14280 15710 33783.00 51520000
20150803 15100 15750 14280 14280 23218.00 34370000
20150731 15630 16700 15550 15870 23717.00 37880000
20150730 16800 17500 16190 16200 33314.00 56510000
20150729 16000 17310 14580 17000 42017.00 67460000
20150728 15460 17000 15420 15900 39885.00 64370000
20150727 18500 19600 17130 17130 47766.00 88130000
20150724 20500 20770 18460 19030 55850.00 110990000
20150723 18970 20500 18800 20120 53105.00 103690000
20150722 19580 19580 18280 18990 49203.00 92980000
20150721 17820 19510 17200 19290 61450.00 115380000
20150720 18000 18940 17500 18300 57194.00 103810000
20150717 16900 18350 16510 18000 46396.00 82390000
20150716 15460 17990 15420 16920 49430.00 82910000
20150715 18010 18390 17130 17130 42926.00 74840000
20150714 18100 19530 17520 19030 114720.00 213740000
20150713 17750 17750 17040 17750 64769.00 114060000
20150710 15660 16140 15660 16140 16004.00 25720000
20150709 13200 14670 12400 14670 49136.00 69360000
20150708 11300 13740 11300 13340 152579.00 180830000
20150707 12550 12550 12550 12550 7854.00 9850000
20150706 17040 17040 13940 13940 52325.00 78630000
20150703 16100 18000 15390 15490 40897.00 66190000
20150702 19500 19500 17100 17100 32260.00 57660000
20150701 20010 22230 18710 19000 39425.00 83170000
20150630 18520 21100 17990 20680 34561.00 66760000
20150629 22210 22490 19990 19990 20558.00 41920000
20150626 23410 24700 22210 22210 30227.00 67750000
20150625 27380 27500 24520 24680 22596.00 59230000
20150624 26780 27300 25940 27080 23626.00 63310000
20150623 27000 27790 24870 26610 26344.00 69100000
20150619 30000 30000 27630 27630 21596.00 61480000
20150618 32390 33120 30030 30700 30598.00 98010000
20150617 31100 33000 28400 32500 30971.00 94740000
20150616 33790 33790 31100 31100 31884.00 101820000
20150615 34400 36150 34310 34490 46914.00 164510000
20150612 33700 34800 33490 34280 44101.00 150380000
20150611 32510 33550 32480 33480 29268.00 96360000
20150610 32790 33200 32120 32800 27617.00 90260000
20150609 32500 33480 31710 32210 27854.00 90330000
20150608 34600 34780 32960 33070 38376.00 128680000
20150605 34200 35710 34000 34470 47682.00 166080000
20150604 35500 35620 32270 34000 49741.00 168380000
20150603 36750 36800 34250 35850 56442.00 202260000
20150602 34550 37000 33500 36930 91996.00 320680000
20150601 34000 36300 33950 34950 61470.00 215170000
20150529 33200 35300 31250 34050 66815.00 225760000
20150528 34680 37800 34000 34700 94414.00 340510000
20150527 32510 35290 31490 35290 85982.00 279620000
20150526 31100 33870 30500 32930 60158.00 195150000
20150525 30780 31600 29110 31220 67345.00 204670000
20150522 36400 36800 31000 32310 96439.00 325240000
20150521 59000 65080 58100 65080 31952.00 200290000
20150520 51060 59160 51030 59160 39314.00 220120000
20150519 58000 58000 52000 53780 37914.00 207930000
20150518 49990 52970 49250 52970 29987.00 156500000
20150515 43970 48150 43050 48150 40428.00 187620000
20150514 39950 43770 39420 43770 30076.00 128180000
20150513 38010 40490 38000 39790 19037.00 74470000
20150512 39080 39880 37910 39400 18755.00 72810000
20150511 37080 40230 36120 39000 30722.00 117730000
20150508 34500 36950 33920 36620 28029.00 99510000
20150507 34870 35300 32900 33900 17346.00 59300000
20150506 34270 36000 33780 34700 18544.00 64760000
20150505 35500 35500 33330 34130 16829.00 57410000
20150504 33000 35480 32110 35400 22397.00 76130000
20150430 33260 33590 32280 32900 11089.00 36850000
20150429 31730 33140 31500 32920 10344.00 33650000
20150428 33000 33170 31300 31880 16024.00 51170000
20150427 33830 34420 32640 32890 12752.00 42400000
20150424 34000 34000 32510 33860 11999.00 40010000
20150423 34570 34570 33700 34350 11578.00 39460000
20150422 34440 34820 33950 34440 14725.00 50700000
20150421 32200 33970 32200 33920 18446.00 61540000
20150420 32410 33780 31880 32500 20937.00 68790000
20150417 32070 32490 31340 32410 12661.00 40400000
20150416 31400 32510 30580 31560 12958.00 41130000
20150415 33970 34300 31600 31910 15511.00 50970000
20150414 34080 34900 33650 34210 16007.00 54840000
20150413 34650 35290 33250 34500 24018.00 82670000
20150410 34900 37000 33600 34480 35828.00 126310000
20150409 33000 34500 31000 34500 32693.00 107910000
20150408 32280 33350 30720 33320 37374.00 121070000
20150407 30950 32160 30090 32070 26905.00 84130000
20150403 28790 31120 28400 30870 24962.00 74680000
20150402 28880 29200 28200 28870 14994.00 43000000
20150401 27830 28560 27600 28380 20844.00 58600000
20150331 27080 28290 27020 27930 24409.00 67470000
20150330 27700 27800 26600 27080 16768.00 45600000
20150327 27750 27750 26920 27540 18580.00 50830000
20150326 28160 28350 26800 27650 26808.00 74270000
20150325 27600 28870 26860 28780 39241.00 109730000
20150324 28300 28300 26300 27780 37485.00 103060000
20150323 26630 28050 26630 27940 25443.00 70130000
20150320 25660 27110 25460 26810 30487.00 80670000
20150319 25700 26010 25300 25760 16710.00 42870000
20150318 24980 25690 24620 25650 18955.00 47940000
20150317 24920 25490 24530 25000 18477.00 46240000
20150316 24590 25210 24300 24940 19425.00 48330000
20150313 24000 24670 24000 24400 17018.00 41450000
20150312 24500 25620 24000 24250 16770.00 41510000
20150311 24050 24890 23900 24500 12558.00 30650000
20150310 23690 24500 23460 24180 14231.00 34380000
20150309 23350 23780 22840 23620 9870.00 23040000
20150306 24300 24550 23270 23360 18070.00 42840000
20150305 23290 25500 23060 24630 28763.00 69190000
20150304 22660 23500 22660 23280 7942.00 18410000
20150303 23440 23450 22730 22820 11340.00 26100000
20150302 23280 23640 22980 23520 12763.00 29830000
20150227 22850 23250 22650 23100 8594.00 19700000
20150226 22750 23010 22550 22860 6084.00 13850000
20150225 23200 23440 22750 22770 8335.00 19210000
20150217 23560 23560 23140 23180 7896.00 18360000
20150216 23150 23650 22910 23540 17284.00 40300000
20150213 22890 23450 22820 23150 12734.00 29430000
20150212 22910 23100 22700 22920 7406.00 16990000
20150211 22700 23290 22580 22910 11615.00 26650000
20150210 21710 22940 21210 22930 14028.00 30910000
20150209 22270 23140 21610 21910 19288.00 43500000
20150206 21420 22330 21420 22320 15604.00 34280000
20150205 21260 22200 21220 21600 12769.00 27730000
20150204 21140 21700 20920 21450 9195.00 19620000
20150203 21070 21400 20850 21140 9881.00 20800000
20150202 19960 21200 19880 21090 9157.00 18850000
20150130 20810 20980 20070 20150 5790.00 11850000
20150129 21000 21280 20700 20870 10274.00 21550000
20150128 21380 22150 21170 21660 11056.00 23970000
20150127 20730 21690 20730 21380 7659.00 16220000
20150126 20830 21480 20720 21440 7652.00 16230000
20150123 21400 21490 20700 20880 8144.00 17110000
20150122 20710 21570 20640 21440 12647.00 26710000
20150121 20570 20860 20430 20710 10335.00 21350000
20150120 19790 20520 19780 20440 9808.00 19870000
20150119 19460 20420 19100 19620 11896.00 23700000
20150116 19420 19970 19420 19790 6651.00 13120000
20150115 19410 19860 19390 19410 3951.00 7740000
20150114 19480 19550 19080 19390 3781.00 7290000
20150113 18920 19740 18920 19500 5524.00 10670000
20150112 19000 19130 18710 18920 5645.00 10670000
20150109 19510 19910 19300 19300 5274.00 10340000
20150108 19480 19770 19300 19450 6206.00 12130000
20150107 19700 19920 19330 19500 5249.00 10270000
20150106 18850 19960 18710 19960 7886.00 15210000
20150105 19600 19600 18480 19050 8564.00 16060000
20141231 19000 19540 19000 19500 5286.00 10210000
20141230 19170 19380 18770 18940 5684.00 10790000
20141229 20000 20150 18950 19200 11960.00 23290000
20141226 20820 20820 20250 20370 5596.00 11460000
20141225 20700 21280 20530 20670 7885.00 16390000
20141224 19790 20940 19790 20670 7525.00 15400000
20141223 19580 20200 19400 19780 6662.00 13230000
20141222 22080 22080 19790 19790 14213.00 28550000
20141219 23200 23390 21700 21990 9838.00 21840000
20141218 23450 23860 23190 23250 5408.00 12680000
20141217 23680 23760 22950 23450 5254.00 12300000
20141216 24220 24220 23350 23590 5135.00 12170000
20141215 23820 24480 23730 24040 6772.00 16430000
20141212 23400 23960 23190 23850 6077.00 14330000
20141211 22600 23750 22600 23520 9614.00 22250000
20141210 21850 23090 21820 22600 11025.00 24740000
20141209 23810 23830 21550 21710 18446.00 41430000
20141208 24010 24380 23750 23840 11136.00 26740000
20141205 25810 25840 23500 24450 19704.00 48510000
20141204 26000 26340 25590 25800 14059.00 36330000
20141203 25760 26490 25610 26000 19133.00 50030000
20141202 24380 26730 24220 26010 29835.00 76770000
20141201 23500 24600 23410 24300 18808.00 45330000
20141128 24070 24390 23500 23570 17230.00 41230000
20141127 24000 24140 23830 24050 11738.00 28150000
20141126 23170 24480 23170 24000 16510.00 39420000
20141125 22820 23270 22630 23190 14069.00 32460000
20141124 22650 23000 22610 22820 8803.00 20040000
20141121 21750 23300 21750 22650 15158.00 34430000
20141120 21700 21980 21550 21910 5846.00 12730000
20141119 21500 21970 21360 21850 7213.00 15670000
20141118 21280 21870 21150 21610 7838.00 16820000
20141117 20840 21440 20680 21260 9224.00 19440000
20141114 21250 21590 20700 20800 10141.00 21310000
20141113 22200 22200 21200 21250 14080.00 30330000
20141112 21700 22310 21550 22260 6912.00 15190000
20141111 22780 22920 21200 21700 13145.00 28980000
20141110 23080 23160 22540 22690 10309.00 23530000
20141107 23430 23830 23020 23050 11517.00 26980000
20141106 22940 23550 22900 23500 12713.00 29540000
20141105 22800 23100 22670 22940 6110.00 14010000
20141104 23030 23220 22820 22880 8090.00 18580000
20141103 23060 23250 22810 23100 15029.00 34610000
20141031 23180 23490 22950 23160 10500.00 24380000
20141030 23560 23560 23060 23100 14034.00 32690000
20141029 23700 23890 23360 23460 17875.00 42010000
20141028 22680 23650 22630 23520 23087.00 53820000
20141027 22370 22950 22240 22680 11555.00 26270000
20141024 22220 22800 22010 22610 15330.00 34560000
20141023 21900 22870 21800 22260 20594.00 46040000
20141022 21880 22250 21700 21920 7399.00 16280000
20141021 21960 22450 21900 21950 9843.00 21840000
20141020 21600 22100 21500 22080 17111.00 37440000
20141017 22100 22150 21150 21580 14163.00 30640000
20141016 22020 22680 22020 22110 15442.00 34480000
20141015 22010 22400 21660 22390 20578.00 45170000
20141014 22200 22320 21830 22250 19394.00 42890000
20141013 22150 22400 21490 22260 19018.00 41830000
20141010 21900 22470 21700 22090 21446.00 47570000
20141009 22610 22770 21480 21900 36618.00 80340000
20141008 22810 23450 22450 22500 33469.00 76110000
20140930 22490 22730 22160 22620 17321.00 38890000
20140929 23500 23500 22180 22710 36059.00 81370000
20140901 21030 22490 20910 22280 9798.00 21360000
20140829 20560 21200 20210 21190 10619.00 22040000
20140828 20580 21210 20390 20800 12846.00 26810000
20140827 20060 20850 20060 20580 8392.00 17210000
20140826 20190 20580 19810 20000 8046.00 16220000
20140825 20310 21000 19890 20270 14926.00 30390000
20140822 19330 20950 19320 20550 25272.00 50840000
20140821 19500 19500 19000 19330 6561.00 12600000
20140820 18990 19600 18970 19310 12121.00 23430000
20140819 19170 19340 18940 19080 9222.00 17590000
20140818 18700 19260 18700 19170 13926.00 26540000
20140815 18760 18880 18610 18700 10837.00 20290000
20140814 18680 18930 18680 18750 6204.00 11650000
20140813 18750 18820 18460 18700 6303.00 11760000
20140812 18880 18990 18690 18750 8229.00 15490000
20140811 18660 18890 18600 18780 5783.00 10850000
20140808 18460 18650 18450 18600 4791.00 8910000
20140807 18750 18800 18500 18510 7013.00 13090000
20140806 18660 18970 18600 18750 7819.00 14690000
20140805 18270 18850 18170 18660 8127.00 15080000
20140804 18300 18450 18220 18270 5517.00 10100000
20140801 18620 18620 18170 18270 8479.00 15590000
20140731 18430 18660 18370 18620 5550.00 10290000
20140730 18380 18510 18240 18400 5677.00 10450000
20140729 18400 18550 18310 18400 6558.00 12090000
20140728 18300 18440 18140 18390 6050.00 11090000
20140725 17720 18350 17720 18180 8380.00 15190000
20140724 17680 17800 17450 17640 6328.00 11160000
20140723 17920 18060 17560 17760 7780.00 13850000
20140722 17770 18150 17730 18050 6434.00 11600000
20140721 17550 17860 17460 17830 7100.00 12550000
20140718 17760 17880 17490 17550 6870.00 12150000
20140717 17830 17880 17520 17760 8369.00 14830000
20140716 18510 18640 17780 17920 15173.00 27490000
20140715 18700 18700 18060 18310 12585.00 23010000
20140714 18660 18800 18450 18710 11005.00 20500000
20140711 18450 18700 18380 18640 10389.00 19220000
20140710 18620 18660 18240 18470 13452.00 24830000
20140709 18520 18850 18340 18620 27450.00 51100000
20140708 17440 18740 17350 18620 46926.00 85500000
20140707 17480 17560 17250 17400 10045.00 17490000
20140704 17500 17660 17390 17550 12470.00 21840000
20140703 17350 17630 17170 17520 21003.00 36650000
20140702 17230 17380 16800 17290 15947.00 27450000
20140701 17470 17470 17100 17270 16135.00 27800000
20140630 17280 17400 17030 17210 16619.00 28610000
20140627 16880 17300 16830 17240 22379.00 38400000
20140626 16530 17200 16510 16950 20966.00 35530000
20140625 16540 16550 16330 16490 8254.00 13580000
20140624 16500 16500 16290 16420 11125.00 18240000
20140623 15880 16500 15880 16390 11681.00 19070000
20140620 15710 15930 15590 15850 7293.00 11480000
20140619 16300 16440 15480 15530 12558.00 20070000
20140618 16690 16890 16350 16360 12266.00 20440000
20140617 16490 16750 16490 16630 12856.00 21360000
20140616 16500 16600 16290 16570 15373.00 25340000
20140613 16440 16880 16400 16530 14909.00 24710000
20140612 16040 16380 16000 16230 7916.00 12840000
20140611 16060 16180 15830 16100 8896.00 14280000
20140610 20430 20950 20400 20890 7271.00 15050000
20140609 20780 20780 20400 20490 8384.00 17240000
20140606 21090 21120 20660 20790 7447.00 15560000
20140605 20660 21090 20500 21090 5817.00 12110000
20140604 20830 21130 20400 20600 8077.00 16670000
20140603 21300 21340 21120 21140 5757.00 12220000
20140530 20800 21670 20740 21200 9709.00 20670000
20140529 21060 21120 20580 20740 4736.00 9860000
20140528 20740 21150 20380 21010 9945.00 20670000
20140527 20750 20850 20500 20640 5434.00 11210000
20140526 20510 20800 20490 20750 8568.00 17700000
20140523 20310 20560 20000 20500 8141.00 16480000
20140522 20270 20530 20130 20360 5989.00 12190000
20140521 20000 20230 19870 20220 3564.00 7150000
20140520 19920 20340 19900 20040 3257.00 6560000
20140519 19770 19890 19600 19800 1607.00 3170000
20140516 19910 19920 19530 19670 2359.00 4650000
20140515 20120 20330 19910 19910 2648.00 5320000
20140514 20080 20290 20020 20260 3480.00 7020000
20140513 20200 20310 20010 20170 3752.00 7580000
20140512 20170 20300 19900 20190 5504.00 11080000
20140509 19850 20100 19600 19930 7663.00 15190000
20140508 19720 20180 19720 19940 3149.00 6280000
20140507 20570 20570 19780 19800 4498.00 9040000
20140506 20180 20750 20160 20580 4981.00 10170000
20140505 20200 20300 19960 20270 5015.00 10090000
20140430 20090 20330 20000 20250 2301.00 4650000
20140429 20030 20180 19850 19950 2694.00 5390000
20140428 20860 20860 19860 19880 3527.00 7110000
20140425 21690 21690 20900 20990 2745.00 5850000
20140424 21370 21800 20870 21690 8025.00 17110000
20140423 21400 21470 21000 21370 2578.00 5470000
20140422 22100 22180 21120 21500 4701.00 10070000
20140421 22050 22550 21980 22200 2637.00 5870000
20140418 22330 22540 22000 22340 1756.00 3930000
20140417 22350 22620 22210 22400 2808.00 6310000
20140416 22020 22460 22020 22310 3313.00 7370000
20140415 22050 22660 21860 22200 3969.00 8840000
20140414 21570 22210 21420 22180 6149.00 13420000
20140411 21300 21760 21300 21510 4447.00 9550000
20140410 22370 22470 21930 22000 4549.00 10080000
20140409 21080 22150 21010 22100 7059.00 15420000
20140408 20840 21270 20670 21160 3130.00 6550000
20140404 20760 21000 20530 21000 1895.00 3950000
20140403 20600 20840 20500 20770 2808.00 5800000
20140402 20840 20840 20490 20520 2829.00 5840000
20140401 20370 20860 20190 20740 3033.00 6270000
20140331 20600 20890 20210 20300 2880.00 5900000
20140328 22200 22250 20450 20450 8247.00 17320000
20140327 23080 23120 22100 22140 5788.00 12960000
20140326 23230 23380 22900 23170 4336.00 10030000
20140325 22810 23100 22600 23000 3607.00 8260000
20140324 23000 23000 22680 22810 5252.00 11960000
20140321 22490 23160 21850 23040 7257.00 16310000
20140320 23480 23680 22660 22750 9258.00 21490000
20140319 22850 25150 22700 23840 17107.00 41240000
20140318 22680 23190 22630 22870 6723.00 15450000
20140317 21790 22950 21790 22740 6740.00 15130000
20140314 21610 21970 21610 21800 3680.00 8020000
20140313 21600 21980 21500 21770 3941.00 8560000
20140312 21650 22000 21120 21580 4015.00 8650000
20140311 21700 21950 21500 21750 3282.00 7130000
20140310 22510 22690 21520 21700 4218.00 9310000
20140307 22880 23130 22660 22700 4837.00 11050000
20140306 22900 23000 22220 22730 6243.00 14120000
20140305 22990 23100 22610 22890 6133.00 13980000
20140304 23080 23130 22280 22900 5403.00 12290000
20140303 22900 23500 22500 23240 8967.00 20680000
20140228 21660 22250 21250 22250 7330.00 16000000
20140227 23200 23650 21500 21500 11296.00 25650000
20140226 22820 23170 22020 22930 8270.00 18730000
20140225 25460 25890 23000 23300 12179.00 30150000
20140224 24680 25250 24440 25200 7034.00 17440000
20140221 24520 24880 24220 24650 8090.00 19910000
20140220 25770 25980 24580 24660 12056.00 30100000
20140219 26060 26460 25580 25840 14304.00 37160000
20140218 25870 26180 25500 26080 15380.00 39780000
20140217 24890 25960 24890 25870 18596.00 47630000
20140214 24550 25200 24500 25010 12157.00 30130000
20140213 25680 25720 24370 24410 17410.00 43540000
20140212 27500 27500 25200 25840 18822.00 48380000
20140211 26400 26690 25060 25120 33680.00 86540000
20140210 25730 28300 25730 26900 41643.00 114110000
20140207 25090 25730 24800 25730 12847.00 32560000
20140130 25600 25650 24960 25090 8877.00 22450000
20140129 24650 25680 24530 25600 13571.00 34400000
20140128 24860 25200 24080 24550 11591.00 28430000
20140127 25380 25600 24840 24900 14904.00 37550000
20140124 24800 25400 24580 25180 23122.00 57970000
20140123 23330 25700 23150 25230 44929.00 113320000
20140122 22900 23950 22880 23360 12867.00 30200000
20140121 22180 22970 22180 22890 8542.00 19370000
20140120 23100 23450 22110 22320 10327.00 23350000
20140117 22880 23660 22600 23370 9375.00 21770000
20140116 23650 24300 23230 23260 11983.00 28380000
20140115 23350 24280 23350 23850 15611.00 37310000
20140114 22380 23450 22380 23350 13332.00 30750000
20140113 22350 23020 22310 22490 7983.00 18100000
20140110 21800 23480 21610 22620 12315.00 28060000
20140109 23150 23370 21900 21960 10899.00 24710000
20140108 21920 23690 21920 23140 15396.00 35350000
20140107 21300 22000 21300 21850 5540.00 12060000
20140106 23120 23120 21300 21300 11991.00 26620000
20140103 23130 23600 22620 23400 9872.00 23010000
20140102 22400 23300 22400 23100 8224.00 18960000
20131231 23150 23390 22000 22680 16989.00 38320000
20131230 24180 24180 23280 23500 15967.00 37860000
20131227 22900 24020 22570 23640 23805.00 55900000
20131226 23300 24300 22720 22790 33002.00 77410000
20131225 20780 22480 20780 22480 11198.00 24720000
20131224 19850 20460 19400 20440 8272.00 16680000
20131223 20290 20360 19250 19500 7036.00 13820000
20131220 20010 20450 20010 20280 3563.00 7200000
20131219 20100 20680 20100 20150 6616.00 13480000
20131218 20620 20800 19880 20100 8926.00 18010000
20131217 21210 21520 20500 20620 7973.00 16570000
20131216 21610 22090 21320 21350 11383.00 24620000
20131213 21480 22380 21280 21880 16544.00 36310000
20131212 20890 21650 20750 21420 13032.00 27840000
20131211 20510 20980 20510 20870 8586.00 17830000
20131210 21450 21470 20510 20760 11366.00 23700000
20131209 20850 21680 20850 21320 15137.00 32260000
20131206 20710 20980 20550 20730 12102.00 25140000
20131205 20950 21000 20200 20730 19257.00 39680000
20131204 21790 22590 20820 20900 32370.00 70760000
20131203 21940 22770 21940 21980 39993.00 88310000
20131202 24380 24380 24380 24380 6027.00 14690000
20131129 26260 28420 26250 27090 43192.00 117280000
20131128 24980 27030 24510 26580 36986.00 95880000
20131127 24780 25650 24380 24570 25967.00 64660000
20131126 24050 26280 23820 24840 35122.00 88420000
20131125 24270 24630 23610 24250 21059.00 51270000
20131122 24070 24500 23900 24100 22318.00 54110000
20131121 24770 24770 23380 24200 36041.00 87080000
20131120 25350 25880 25120 25190 31826.00 80950000
20131119 26350 26440 25010 25530 50086.00 128580000
20131118 27000 27390 26110 26850 87823.00 237990000
20131115 24310 24900 24300 24900 17685.00 43680000
20131114 21000 22640 20700 22640 28281.00 63010000
20131113 20300 20950 20050 20580 13361.00 27380000
20131112 21030 21400 20300 20630 14660.00 30510000
20131111 19720 20990 19610 20780 14883.00 30440000
20131108 20280 20820 19710 19900 10074.00 20430000
20131107 20300 21060 20200 20530 12039.00 24740000
20131106 20310 21400 20190 20580 27551.00 57030000
20131105 18700 20800 18660 20580 25350.00 51110000
20131104 17830 19200 17750 18910 8533.00 15860000
20131101 18000 18140 17370 17950 7942.00 14120000
20131031 18020 19400 17890 18300 16402.00 30810000
20131030 16900 18200 16820 18010 9935.00 17520000
20131029 17530 17970 16610 16890 7438.00 12790000
20131028 17350 17730 17180 17640 4675.00 8200000
20131025 17850 17880 17200 17240 4150.00 7260000
20131024 17700 17980 17580 17700 4510.00 7980000
20131023 18170 18370 17570 17700 5287.00 9460000
20131022 18750 19250 18130 18230 8683.00 16170000
20131021 18310 19000 18060 18870 5457.00 10240000
20131018 17900 18310 17880 18120 3001.00 5430000
20131017 18050 18280 17690 17870 4318.00 7780000
20131016 18710 18710 17700 18010 8172.00 14780000
20131015 19060 19690 18720 18830 8482.00 16230000
20131014 18790 19280 18610 19240 8777.00 16700000
20131011 18190 19190 18000 18820 7596.00 14160000
20131010 18520 18860 18000 18000 8175.00 14970000
20131009 18400 19000 18400 18660 8984.00 16840000
20131008 18190 18990 17800 18690 11861.00 21670000
20130930 17260 18350 17260 18240 15429.00 27540000
20130927 17220 17350 17000 17280 3953.00 6790000
20130926 17350 17670 17110 17200 6530.00 11320000
20130925 17500 17500 17020 17420 7114.00 12320000
20130924 17590 17600 17200 17400 7010.00 12190000
20130923 16920 17780 16920 17590 11323.00 19670000
20130918 16520 16990 16450 16920 3806.00 6390000
20130917 17000 17060 16520 16520 3599.00 6030000
20130916 17030 17150 16760 16980 4792.00 8140000
20130913 16400 16920 16350 16900 3185.00 5310000
20130912 16800 16870 16350 16560 4602.00 7630000
20130911 17280 17440 16560 16620 7406.00 12460000
20130910 16890 17480 16810 17350 7139.00 12190000
20130909 16900 17090 16710 16890 5770.00 9720000
20130906 16880 17130 16850 16950 4517.00 7660000
20130905 16550 17290 16510 16890 7152.00 12160000
20130904 16680 16840 16250 16680 6691.00 11100000
20130903 16370 16650 16310 16560 3139.00 5180000
20130902 15890 16350 15890 16350 3960.00 6410000
20130830 16880 16890 15880 15940 10959.00 17860000
20130829 16800 17070 16610 16860 6014.00 10140000
20130828 17510 17530 16200 16800 13410.00 22940000
20130827 17380 17770 17230 17700 8532.00 14930000
20130826 17200 17600 17190 17430 10004.00 17420000
20130823 17260 17700 17100 17300 11960.00 20800000
20130822 17600 17750 17310 17330 13785.00 24190000
20130821 16610 17900 16600 17830 24405.00 42780000
20130820 16390 16800 16330 16690 10158.00 16860000
20130819 15680 16480 15650 16470 7226.00 11690000
20130816 15990 16460 15660 15780 8828.00 14200000
20130815 16600 16800 16060 16120 9155.00 14920000
20130814 16680 16770 16400 16600 8540.00 14170000
20130813 16350 16550 16160 16530 5857.00 9600000
20130812 16680 16860 16030 16250 11516.00 18810000
20130809 16380 17380 16360 16690 20526.00 34600000
20130808 15680 16400 15610 16390 10519.00 16980000
20130807 16430 16430 15690 15800 8020.00 12780000
20130806 16430 16640 16280 16440 8765.00 14400000
20130805 16000 16490 15840 16400 9405.00 15300000
20130802 15910 16300 15830 15900 9683.00 15600000
20130801 15250 15860 15170 15820 8402.00 13130000
20130731 15100 15380 14930 15160 4585.00 6970000
20130730 15250 15430 14700 15030 6029.00 9050000
20130729 15790 16050 15340 15360 7522.00 11820000
20130726 15410 15760 15270 15740 7450.00 11570000
20130725 16520 16590 15450 15530 13530.00 21580000
20130724 16750 16750 16170 16600 12186.00 20030000
20130723 16440 16550 15900 16520 14355.00 23370000
20130722 15610 16440 15590 16440 11178.00 17950000
20130719 16520 16750 15800 15800 12302.00 20110000
20130718 16200 16730 16100 16520 15858.00 26080000
20130717 15680 16960 15550 16410 22269.00 36490000
20130716 15680 15980 15420 15680 14418.00 22550000
20130715 15590 16290 15550 15800 21033.00 33230000
20130712 15080 15840 14960 15060 19927.00 30700000
20130711 14980 15210 14550 14950 17436.00 25890000
20130710 14780 15040 14610 14980 18765.00 27880000
20130709 14150 15300 14120 15150 21625.00 32420000
20130708 14220 14700 14110 14310 10249.00 14730000
20130705 14950 15190 14560 14650 17541.00 25910000
20130704 14900 15380 14730 14920 32071.00 48300000
20130703 13380 14890 13290 14890 32241.00 46660000
20130702 13150 13620 13150 13540 6168.00 8280000
20130701 12800 13200 12600 13150 3319.00 4290000
20130628 13080 13360 12550 12740 6365.00 8200000
20130627 13660 13960 13220 13290 7184.00 9780000
20130626 13020 13970 12890 13660 8272.00 11140000
20130625 12650 13070 12020 13020 4196.00 5280000
20130624 13400 13460 12580 12800 3217.00 4160000
20130621 13300 13610 12520 13460 7071.00 9190000
20130620 14200 14600 13000 13650 9342.00 13310000
20130619 14200 14250 13970 14100 4569.00 6430000
20130618 14130 14360 13670 14280 8592.00 12040000
20130617 14010 14280 13850 14130 11278.00 15860000
20130614 13640 14150 13510 14100 9575.00 13370000
20130613 13180 13880 12250 13650 9153.00 12250000
20130607 13200 13430 12880 13220 3351.00 4410000
20130606 13310 13430 13160 13210 2698.00 3580000
20130605 13370 13510 13320 13410 2549.00 3410000
20130604 13900 13900 13270 13420 6043.00 8140000
20130603 17220 17230 16660 16740 5909.00 9970000
20130531 16940 17250 16860 16920 5728.00 9770000
20130530 16970 17190 16830 17000 5295.00 9010000
20130529 16610 17160 16610 17120 8129.00 13720000
20130528 17370 17370 16500 16630 8417.00 14140000
20130527 17060 17190 16810 17050 6875.00 11660000
20130524 16260 17220 16260 17080 11516.00 19360000
20130523 15970 16620 15930 16270 8080.00 13200000
20130522 16600 16600 16000 16050 8270.00 13420000
20130521 16440 16800 16310 16660 9069.00 14960000
20130520 15870 16350 15850 16330 8591.00 13900000
20130517 15850 16010 15720 15850 5364.00 8500000
20130516 15920 16240 15660 15900 7740.00 12340000
20130515 15480 15980 15410 15940 5707.00 9020000
20130514 15680 15680 15280 15460 2656.00 4090000
20130513 15700 15760 15510 15720 2600.00 4070000
20130510 15550 15770 15380 15670 3332.00 5190000
20130509 15380 15740 15290 15500 4919.00 7620000
20130508 15050 15450 15050 15380 4227.00 6470000
20130507 14990 15100 14860 15080 2931.00 4390000
20130506 14680 15200 14670 15090 3287.00 4930000
20130503 14330 14870 14330 14660 2437.00 3580000
20130502 14310 14430 14200 14370 1118.00 1600000
20130426 14560 14580 14220 14220 2410.00 3460000
20130425 14610 14930 14550 14570 2386.00 3520000
20130424 14320 14840 14320 14770 2456.00 3600000
20130423 14800 14800 14310 14380 3470.00 5020000
20130422 14820 14860 14670 14800 3234.00 4770000
20130419 14880 14960 14600 14860 3073.00 4560000
20130418 14390 14850 14390 14710 4809.00 7060000
20130417 14330 14490 14220 14490 2317.00 3320000
20130416 14030 14390 13940 14300 2790.00 3960000
20130415 14490 14490 14060 14090 3783.00 5350000
20130412 14570 14700 14490 14490 1869.00 2720000
20130411 14680 14770 14530 14570 2748.00 4020000
20130410 14800 14850 14600 14680 3194.00 4690000
20130409 14700 14940 14680 14800 6015.00 8910000
20130408 14730 14920 14380 14840 5260.00 7670000
20130403 15310 15600 14800 14850 10644.00 15960000
20130402 16600 16740 15710 15750 12621.00 20420000
20130401 16450 16740 16300 16600 8966.00 14860000
20130329 15840 17270 15840 16630 19533.00 32550000
20130328 16300 16300 15650 15710 5398.00 8580000
20130327 15950 16390 15950 16300 9368.00 15180000
20130326 15910 15940 15650 15850 1670.00 2640000
20130325 15890 16080 15850 16000 2863.00 4570000
20130322 15870 16040 15790 15880 3536.00 5620000
20130321 15800 16160 15800 15870 7246.00 11570000
20130320 15180 15570 15150 15550 2007.00 3090000
20130319 15320 15320 14880 15100 1602.00 2420000
20130318 15500 15500 15200 15220 2897.00 4440000
20130315 15520 15740 15320 15490 2829.00 4400000
20130314 15600 15640 15350 15410 2130.00 3290000
20130313 15580 15580 15110 15410 3490.00 5360000
20130312 16200 16300 15330 15580 5250.00 8260000
20130311 16130 16390 16060 16240 3349.00 5440000
20130308 16180 16360 16120 16150 4156.00 6730000
20130307 16300 16410 15960 16140 5531.00 8950000
20130306 16290 16430 16050 16380 8077.00 13150000
20130305 15840 16170 15740 16170 4906.00 7870000
20130304 16250 16250 15610 15760 7302.00 11670000
20130301 15850 16370 15850 16330 10971.00 17730000
20130228 15570 15880 15570 15850 4286.00 6740000
20130227 15750 15810 15510 15530 3091.00 4830000
20130226 15780 15940 15670 15680 4408.00 6970000
20130225 15700 15900 15600 15880 3847.00 6060000
20130222 15600 15710 15520 15670 2439.00 3820000
20130221 15700 15850 15450 15530 5914.00 9250000
20130220 15660 15920 15570 15900 2932.00 4610000
20130219 16080 16100 15620 15650 4473.00 7050000
20130218 16090 16190 15980 16080 4667.00 7510000
20130208 15810 16100 15810 16000 4042.00 6460000
20130207 16000 16000 15700 15830 4949.00 7810000
20130206 15900 16290 15820 15920 6756.00 10850000
20130205 15230 15820 15120 15810 4916.00 7690000
20130204 15580 15660 15340 15410 3381.00 5220000
20130201 15330 15560 15230 15530 3234.00 4990000
20130131 15510 15630 15300 15370 4276.00 6570000
20130130 15730 15830 15490 15610 4709.00 7350000
20130129 15750 15940 15610 15740 8772.00 13840000
20130128 15380 15750 15380 15700 4796.00 7480000
20130125 15480 15600 15280 15410 3198.00 4920000
20130124 15850 16020 15400 15480 8489.00 13360000
20130123 15630 15830 15450 15820 4737.00 7430000
20130122 16210 16260 15490 15640 11599.00 18410000
20130121 16210 16310 16080 16270 9977.00 16140000
20130118 16050 16200 15870 16160 8673.00 13920000
20130117 16680 16680 16000 16010 16008.00 25950000
20130116 16980 17350 16720 16910 9800.00 16630000
20130115 17550 17580 17120 17290 12965.00 22400000
20130114 16370 17400 16360 17300 18063.00 30870000
20130111 16010 17080 16010 16380 19674.00 32560000
20130110 15920 16270 15780 15900 5975.00 9550000
20130109 16080 16240 15710 15920 7886.00 12620000
20130108 15950 16470 15810 16160 11059.00 17970000
20130107 15810 16020 15730 15950 8915.00 14140000
20130104 16020 16140 15580 15940 8195.00 12950000
20121231 15800 16180 15710 15990 9802.00 15620000
20121228 15550 15900 15270 15700 11290.00 17650000
20121227 16100 16300 15520 15550 12123.00 19190000
20121226 15600 16070 15370 16010 16377.00 25790000
20121225 15120 15590 14800 15490 12925.00 19760000
20121224 14840 15090 14700 14960 6051.00 9040000
20121221 14460 14990 14150 14840 8423.00 12390000
20121220 14050 14880 14050 14420 7312.00 10600000
20121219 14000 14220 14000 14160 2911.00 4110000
20121218 14350 14350 14100 14170 2693.00 3810000
20121217 14270 14470 14110 14240 3387.00 4820000
20121214 13850 14370 13690 14260 4864.00 6880000
20121213 13760 14200 13690 13860 4284.00 5980000
20121212 13400 13840 13400 13840 1770.00 2420000
20121211 13770 13800 13640 13640 1134.00 1550000
20121210 13420 13830 13330 13770 2818.00 3870000
20121207 13350 13610 13220 13560 2044.00 2750000
20121206 13330 13490 13230 13370 1208.00 1610000
20121205 12710 13550 12630 13350 2546.00 3370000
20121204 12620 12990 12530 12940 1278.00 1620000
20121203 13030 13220 12580 12830 1075.00 1380000
20121130 13000 13240 12890 13200 1032.00 1350000
20121129 13150 13260 12840 13050 1830.00 2390000
20121128 13320 13340 13100 13130 964.00 1270000
20121127 13750 13750 13310 13320 3822.00 5140000
20121126 14180 14180 13730 13810 2606.00 3630000
20121123 14040 14280 14040 14130 2041.00 2880000
20121122 14100 14250 13960 14130 2552.00 3590000
20121121 13950 14160 13690 14130 2739.00 3810000
20121120 13990 14000 13760 13860 1773.00 2460000
20121119 13690 13840 13540 13820 1601.00 2190000
20121116 13900 13920 13500 13700 3109.00 4230000
20121115 14300 14440 13940 13940 2791.00 3950000
20121114 14600 14600 14150 14470 3197.00 4610000
20121113 14350 14350 14040 14190 2342.00 3320000
20121112 14030 14340 14030 14340 2351.00 3340000
20121109 14080 14220 14020 14150 1794.00 2530000
20121108 14560 14560 14110 14110 5115.00 7290000
20121107 14740 14800 14610 14610 3614.00 5300000
20121106 14850 14890 14500 14830 3146.00 4610000
20121105 14680 15040 14650 14850 4276.00 6350000
20121102 14800 14860 14580 14750 2964.00 4350000
20121101 14420 14950 14410 14770 4354.00 6410000
20121031 14230 14850 14200 14580 6142.00 8960000
20121030 14200 14490 14080 14250 1263.00 1800000
20121029 13810 14230 13810 14100 2056.00 2900000
20121026 14370 14450 14010 14130 3876.00 5490000
20121025 14540 14660 14310 14350 3737.00 5400000
20121024 14390 14670 14260 14600 5476.00 7920000
20121023 14490 14780 14220 14260 8042.00 11660000
20121022 14400 14640 14310 14530 7255.00 10480000
20121019 14460 15690 14450 14720 18415.00 27860000
20121018 14150 14320 14080 14260 2136.00 3030000
20121017 13830 14160 13760 14090 2145.00 3000000
20121016 13770 13950 13620 13800 1467.00 2030000
20121015 13870 14080 13560 13770 2105.00 2890000
20121012 14090 14210 13810 13870 1629.00 2260000
20121011 14300 14300 13920 13980 2072.00 2920000
20121010 14230 14330 14200 14300 1969.00 2800000
20121009 13800 14380 13800 14250 3032.00 4290000
20121008 13860 14100 13310 13800 1610.00 2200000
20120928 13510 13860 13500 13860 6098.00 8360000
20120927 13440 13690 13200 13570 2856.00 3860000
20120926 13420 13700 13180 13300 2558.00 3430000
20120925 13500 13710 13470 13490 3279.00 4460000
20120924 13450 13640 13300 13520 1807.00 2430000
20120921 13850 13910 13450 13480 3813.00 5210000
20120920 14490 14490 13820 13830 5429.00 7630000
20120919 14240 14510 14240 14480 4408.00 6340000
20120918 14040 14380 14040 14210 4282.00 6090000
20120917 14780 14970 14190 14200 13577.00 19640000
20120914 14550 15600 14510 14920 25380.00 38520000
20120913 14630 14770 14400 14410 5017.00 7320000
20120912 14780 14780 14530 14720 4631.00 6780000
20120911 14710 14760 14530 14660 4461.00 6530000
20120910 14800 14940 14650 14830 7852.00 11610000
20120907 14680 15070 14600 14800 9735.00 14410000
20120906 14450 14600 14340 14600 6037.00 8730000
20120905 14090 14740 14050 14560 11571.00 16850000
20120904 14030 14430 14010 14050 5912.00 8400000
20120903 13520 14060 13480 13920 2824.00 3920000
20120831 13550 13750 13490 13660 1451.00 1980000
20120830 13830 14040 13400 13600 3218.00 4400000
20120829 13530 14120 13530 13820 2595.00 3610000
20120828 13540 13790 13500 13670 1665.00 2270000
20120827 13970 13970 13500 13550 1607.00 2190000
20120824 14390 14450 13980 13980 2486.00 3530000
20120823 14200 14480 14120 14380 4298.00 6150000
20120822 14170 14390 14150 14180 3764.00 5350000
20120821 13930 14350 13810 14160 3695.00 5220000
20120820 13530 13920 13520 13830 796.00 1090000
20120817 13870 13870 13650 13790 785.00 1070000
20120816 13720 14180 13720 13800 1215.00 1680000
20120815 13900 13900 13600 13700 1754.00 2400000
20120814 13620 13970 13330 13970 1642.00 2240000
20120813 14030 14030 13640 13640 1363.00 1880000
20120810 13910 14090 13900 14040 1699.00 2380000
20120809 13540 14090 13540 14030 3115.00 4330000
20120808 13750 13990 13500 13770 1721.00 2370000
20120807 13740 13800 13600 13750 2108.00 2880000
20120806 13250 13720 13120 13720 3301.00 4450000
20120803 12880 13290 12880 13280 1352.00 1760000
20120802 13080 13150 12840 12850 1011.00 1300000
20120801 13070 13200 12720 13100 1236.00 1610000
20120731 12920 13050 12700 12850 1573.00 2020000
20120730 13580 13580 13010 13050 1964.00 2600000
20120727 13390 13500 13330 13430 1457.00 1950000
20120726 13500 13570 13350 13390 1123.00 1500000
20120725 13470 13640 13350 13500 1803.00 2440000
20120724 13200 13560 13130 13480 2144.00 2860000
20120723 13310 13380 13050 13280 2470.00 3250000
20120720 13380 13520 13330 13400 1242.00 1660000
20120719 13300 13560 13220 13420 2646.00 3550000
20120718 13120 13280 12900 13270 2339.00 3060000
20120717 13120 13290 13120 13250 1731.00 2280000
20120716 13970 14000 13080 13120 5396.00 7240000
20120713 14600 14600 13940 13970 7364.00 10470000
20120712 14520 14670 14360 14630 3611.00 5260000
20120711 14510 14650 14410 14530 3111.00 4520000
20120710 14500 14590 14350 14520 3191.00 4620000
20120709 14950 15000 14520 14530 4732.00 7000000
20120706 14860 15070 14560 15000 5414.00 8020000
20120705 15200 15210 14710 14760 6110.00 9080000
20120704 15200 15530 15170 15240 8026.00 12310000
20120703 15120 15300 14900 15200 8120.00 12310000
20120702 15030 15180 14960 15090 7022.00 10570000
20120629 14530 14960 14410 14950 5916.00 8720000
20120628 14850 14980 14600 14620 4935.00 7330000
20120627 14620 14940 14500 14820 8368.00 12370000
20120626 14400 14710 14200 14630 6562.00 9490000
20120625 14700 14760 14380 14410 6265.00 9150000
20120621 15290 15350 14800 14820 15106.00 22670000
20120620 15120 15720 15090 15520 17008.00 26400000
20120619 15450 15480 15080 15110 8645.00 13150000
20120618 14910 15100 14860 15080 6140.00 9220000
20120615 14990 15040 14700 14940 3833.00 5700000
20120614 14950 15040 14820 14860 4045.00 6040000
20120613 14720 15080 14720 15030 5206.00 7770000
20120612 16200 16540 16200 16340 3973.00 6500000
20120611 15990 16680 15930 16590 8041.00 13180000
20120608 15980 16130 15830 15980 2285.00 3650000
20120607 15980 16050 15780 15830 1624.00 2580000
20120606 15820 16000 15720 15840 2163.00 3420000
20120605 15800 15950 15730 15820 1704.00 2690000
20120604 16140 16240 15800 15800 3865.00 6190000
20120601 16550 16630 16370 16410 3757.00 6190000
20120531 16250 16710 16060 16550 6486.00 10700000
20120530 16200 16380 16180 16280 3920.00 6390000
20120529 16000 16310 15960 16220 3646.00 5890000
20120528 15860 16050 15580 16040 2744.00 4330000
20120525 16300 16300 15820 15910 3431.00 5500000
20120524 16250 16460 16190 16250 3009.00 4910000
20120523 16710 16740 16210 16300 5795.00 9530000
20120522 16700 16850 16620 16800 3610.00 6040000
20120521 16600 16860 16510 16540 3540.00 5900000
20120518 16660 16920 16500 16510 7525.00 12590000
20120517 16580 16810 16420 16780 4971.00 8270000
20120516 17000 17090 16500 16510 6109.00 10240000
20120515 16680 17070 16370 17070 8498.00 14250000
20120514 17280 17340 16760 16870 15218.00 25800000
20120511 17860 17900 17180 17240 21936.00 38250000
20120510 16510 18050 16500 18050 10335.00 18450000
20120509 16900 16900 16410 16410 2476.00 4110000
20120508 16800 17130 16780 16990 3095.00 5230000
20120507 16600 16880 16460 16870 2807.00 4680000
20120504 16220 17000 16220 16620 2420.00 4000000
20120503 16320 16380 16100 16340 1284.00 2080000
20120502 16480 16480 16050 16350 1902.00 3100000
20120427 15880 16640 15880 16290 2207.00 3580000
20120426 16120 16230 15930 16000 2734.00 4390000
20120425 15940 16170 15680 16140 2116.00 3380000
20120424 16450 16520 15560 16020 4042.00 6500000
20120423 17620 17620 16270 16380 6670.00 11230000
20120420 17490 17790 17200 17620 7274 12701000
20120419 17780 18370 17740 17960 3717 6710000
20120418 17260 17780 17020 17780 2817 4949000
20120417 17540 17570 17250 17260 1541 2674000
20120416 17680 17700 17440 17580 1772 3114000
20120413 17500 17730 17430 17700 2485 4370000
20120412 17130 17600 17010 17490 2769 4779000
20120411 17010 17180 16620 17040 1871 3180000
20120410 16850 17220 16420 17160 1736 2926000
20120409 17340 17340 16930 17060 1950 3349000
20120406 17010 17260 16960 17260 3717 6368000
20120405 16840 17190 16550 17180 5578 9425000
20120330 17780 17780 16630 16830 8363 14230000
20120329 18870 19090 18240 18260 2264 4211000
20120328 19610 19730 18430 18780 4494 8449000
20120327 20110 20120 19850 19900 1804 3596000
20120326 19910 20010 19740 19890 1463 2908000
20120323 20500 20500 19710 20000 4473 8969000
20120322 20880 20880 20380 20500 3195 6571000
20120321 21200 21790 20530 20850 3440 7244000
20120320 21790 22020 21150 21160 2790 5986000
20120319 21480 21780 21320 21780 3171 6840000
20120316 21400 21900 21180 21650 5411 11674000
20120315 20550 21600 20290 21520 7553 15962000
20120314 21100 21870 20140 20740 9220 19591000
20120313 21050 21150 20770 21120 2926 6132000
20120312 21060 21200 20710 21100 4371 9135000
20120309 20410 21220 20280 20920 8075 16741000
20120308 19740 20300 19720 20230 4597 9238000
20120307 19610 19920 19530 19760 2338 4620000
20120306 19810 20000 19600 19730 3011 5945000
20120305 19970 20120 19850 20010 3580 7156000
20120302 19690 19990 19600 19970 4024 7965000
20120301 19600 19930 19390 19680 2886 5665000
20120229 19930 19990 19600 19620 2550 5052000
20120228 20030 20180 19600 19930 4120 8197000
20120227 20390 20400 20000 20090 4560 9211000
20120224 19910 20550 19910 20150 5431 10944000
20120223 20150 20450 19800 19990 8120 16338000
20120222 19550 20180 19350 20000 9334 18488000
20120221 18740 19700 18640 19600 8436 16256000
20120220 18560 19150 18560 18820 4734 8932000
20120217 18720 18900 18380 18570 2294 4266000
20120216 18780 19170 18600 18750 3119 5880000
20120215 18740 19000 18640 18930 3189 6014000
20120214 18780 18780 18540 18740 3073 5724000
20120213 18580 19080 18350 18730 5998 11230000
20120210 18410 18740 18320 18500 2183 4034000
20120209 18230 18880 18000 18440 2818 5224000
20120208 17610 18160 17500 18160 2833 5071000
20120207 17670 17900 17520 17650 2823 4994000
20120206 18000 18170 17650 17820 3734 6663000
20120203 17290 17950 17180 17750 4141 7277000
20120202 16870 17250 16840 17190 2310 3930000
20120201 16650 17070 16650 16820 2325 3931000
20120131 17000 17010 16610 16810 2308 3878000
20120130 17010 17380 16850 17000 2842 4865000
20120120 16800 17140 16790 16980 2935 4980000
20120119 16300 16900 16280 16830 5010 8321000
20120118 17720 17980 16910 17000 2157 3768000
20120117 17200 17880 16910 17780 1605 2799000
20120116 17320 17500 16910 16910 1269 2181000
20120113 18900 18950 17420 17650 2890 5164000
20120112 18760 19170 18530 18660 1579 2970000
20120111 18800 19250 18620 19000 2416 4561000
20120110 18240 18910 18240 18810 2689 5007000
20120109 17680 18290 17380 18250 2094 3768000
20120106 17510 17710 16980 17600 1695 2953000
20120105 18620 19090 17420 17420 3066 5533000
20120104 19730 19730 18850 19000 1772 3418000
20111230 19440 19630 19280 19560 1726 3366000
20111229 19090 19450 19090 19220 1074 2076000
20111228 19500 19800 18800 19300 1822 3475000
20111227 20220 20380 19480 19570 2755 5487000
20111226 20750 20950 20450 20490 1039 2155000
20111223 20350 21070 20350 20710 2116 4383000
20111222 20700 20970 19900 20700 3103 6322000
20111221 21550 21550 20990 21000 2702 5762000
20111220 21530 21950 21290 21300 3076 6642000
20111219 21030 21780 20900 21690 3978 8463000
20111216 20680 21210 20410 21160 2975 6199000
20111215 20800 21080 20400 20550 2295 4760000
20111214 21200 21580 20790 21000 2445 5156000
20111213 21860 21880 21000 21230 6008 12764000
20111212 22500 22500 22050 22170 1178 2623000
20111209 22380 22770 22280 22360 1802 4052000
20111208 22170 22980 21710 22650 4545 10189000
20111207 21700 22230 21700 22170 2365 5209000
20111206 21620 22170 21600 22030 2138 4667000
20111205 22980 22990 21790 21820 3665 8113000
20111202 23600 23990 22910 22960 3973 9241000
20111201 24160 24600 23900 23930 6134 14869000
20111130 24950 25140 22900 23400 9147 21861000
20111129 25340 25390 24590 24970 9038 22491000
20111128 25150 26150 25020 25130 9130 23283000
20111125 24830 26370 24830 25430 23779 61117000
20111124 23900 24780 23620 24550 8617 21092000
20111123 23330 24730 23330 24130 7946 19273000
20111122 23030 23380 22800 23370 2146 4979000
20111121 23230 23660 22970 23280 2539 5890000
20111118 23990 24000 23380 23480 4711 11172000
20111117 23850 24400 23400 24060 6445 15459000
20111116 24350 24560 23560 23580 5163 12404000
20111115 24600 24680 24240 24450 3788 9248000
20111114 24500 24770 24160 24550 5844 14344000
20111111 23750 24410 23670 23900 5690 13670000
20111110 23330 24300 23220 23770 9178 21885000
20111109 23220 23450 22900 23450 3874 8987000
20111108 23700 23700 22990 23060 3678 8550000
20111107 23320 23630 23060 23510 3879 9098000
20111104 23440 23460 23120 23280 4198 9774000
20111103 23640 24160 23090 23090 8918 21129000
20111102 22060 23560 21920 23470 8527 19415000
20111101 22010 22600 22010 22450 4274 9532000
20111031 22080 22550 21910 22400 5426 12092000
20111028 21710 22150 21650 22060 7381 16175000
20111027 21800 21990 21450 21580 6151 13313000
20111026 21340 22120 21330 21830 6780 14800000
20111025 20640 21870 20630 21670 8548 18208000
20111024 20780 20940 19610 20590 4885 9884000
20111021 21400 21400 20760 20790 1897 3985000
20111020 22020 22020 21220 21340 1996 4298000
20111019 22380 22490 22000 22010 2058 4577000
20111018 22880 22880 22300 22300 2301 5199000
20111017 22900 23150 22700 23070 3788 8677000
20111014 22860 22860 22410 22740 2326 5256000
20111013 22350 23080 22310 22840 4323 9873000
20111012 22150 22670 21420 22670 4550 10163000
20111011 22600 22660 21890 22010 2370 5248000
20111010 22300 22500 22020 22060 2940 6514000
20110930 22800 22800 22020 22250 2757 6157000
20110928 23530 23620 23000 23080 1667 3892000
20110927 23370 23600 23200 23420 1491 3490000
20110926 23410 23630 23200 23290 1350 3158000
20110923 23490 23650 23100 23410 2425 5664000
20110922 24010 24150 23610 23610 3739 8924000
20110921 23690 24420 23500 24150 3471 8380000
20110920 23520 23820 23500 23680 1559 3685000
20110919 24220 24230 23530 23610 2998 7129000
20110916 24480 24650 24320 24330 2163 5296000
20110915 24470 24590 24350 24350 2140 5239000
20110914 24300 24480 23830 24480 2393 5792000
20110913 24130 24570 23920 24010 3009 7232000
20110909 24630 25070 24450 24650 2434 6007000
20110908 25100 25250 24640 24650 3054 7627000
20110907 24550 25130 24510 25070 2922 7255000
20110906 24690 24960 24240 24460 3747 9213000
20110905 25280 25450 24800 24800 3890 9741000
20110902 25850 25950 25300 25660 4154 10638000
20110901 25700 26240 25500 25760 5918 15310000
20110831 26210 26420 25280 25700 10165 26122000
20110830 27150 27350 26310 26320 15356 41127000
20110829 27170 27480 27000 27110 14868 40468000
20110826 26440 27570 26200 27380 29312 78788000
20110825 26020 27170 26020 26900 43392 115005000
20110824 28740 29370 28200 28350 11166 32169000
20110823 27800 28880 27200 28800 14699 41510000
20110822 26340 28380 26170 27730 15304 41923000
20110819 25770 26110 25530 26110 7129 18375000
20110818 26400 26430 26070 26070 7605 19916000
20110817 26260 26440 26110 26350 5101 13401000
20110816 26600 26600 26160 26390 6722 17677000
20110815 26000 26380 25810 26380 7919 20694000
20110812 25790 26060 25550 25760 8457 21804000
20110811 24600 25610 24530 25590 9160 22984000
20110810 25570 25780 25060 25290 11703 29753000
20110809 24700 25430 24450 25250 7788 19427000
20110808 26150 26420 24680 25080 10222 26121000
20110805 26450 27130 26360 26610 7743 20772000
20110804 27750 27850 27370 27450 4971 13731000
20110803 27650 28270 27500 27710 8039 22429000
20110802 28010 28210 27350 27950 5503 15310000
20110801 27150 28360 27150 28260 5431 15189000
20110729 28020 28150 27230 27490 5592 15475000
20110728 27270 28150 27160 28110 7003 19408000
20110727 27000 27500 26320 27490 6513 17682000
20110726 26260 26550 26010 26550 4821 12689000
20110722 27320 27870 27220 27520 4153 11423000
20110721 27300 27580 27100 27280 3192 8717000
20110720 27470 27650 27020 27440 3436 9399000
20110719 27710 27810 27000 27250 5062 13830000
20110718 28250 28690 27710 27860 5746 16130000
20110715 28000 29100 27950 28250 8065 23033000
20110714 27680 28070 27100 28000 5964 16594000
20110713 26810 27690 26790 27660 5666 15474000
20110712 26910 27250 26800 26810 5214 14074000
20110711 26680 27290 26680 27180 3863 10459000
20110708 26800 27300 26530 26900 3992 10732000
20110707 26490 27630 26420 26860 7759 21037000
20110706 26020 26700 25950 26490 3522 9297000
20110705 26330 26330 25880 26090 3246 8463000
20110704 25990 26330 25700 26290 2865 7494000
20110701 25880 26160 25650 25840 3376 8763000
20110630 25210 25990 25210 25860 5384 13766000
20110629 25210 25630 25170 25190 3208 8157000
20110628 25310 25550 25100 25300 2457 6217000
20110627 25000 25580 24880 25300 6119 15470000
20110623 23580 24530 23350 24460 3803 9160000
20110622 24190 24190 23610 23730 2447 5840000
20110621 23990 24220 23910 24220 1007 2426000
20110620 24100 24490 23810 23990 2309 5547000
20110617 24780 24920 24250 24270 1742 4294000
20110616 25210 25270 24740 24780 3083 7698000
20110615 25610 25820 25280 25340 3632 9278000
20110614 25510 25990 25150 25800 2765 7117000
20110613 25220 25740 25050 25640 2803 7121000
20110610 25110 25500 25030 25380 2490 6286000
20110609 25650 25710 25200 25200 2507 6370000
20110608 25590 25770 25290 25740 3170 8096000
20110607 25880 25930 25390 25670 3826 9816000
20110603 25100 25650 25100 25450 3340 8506000
20110602 25660 25660 24880 25300 6089 15382000
20110601 25980 26160 25610 25980 3462 8972000
20110531 25700 26060 25200 25980 5230 13449000
20110530 25770 26190 25520 25730 3629 9406000
20110527 25710 26370 25300 25630 4027 10394000
20110526 26650 26990 25700 25700 6238 16342000
20110525 27190 27490 26550 26640 6669 18007000
20110524 26880 27990 26720 27500 8712 23845000
20110523 28070 28340 26880 27070 9879 27130000
20110520 28720 28960 27850 28370 7511 21278000
20110519 28550 28980 28160 28830 10433 29852000
20110518 29100 29280 28080 28500 14160 40434000
20110517 28850 30210 28710 29430 14190 41728000
20110516 28870 29580 28610 28830 12246 35471000
20110513 27600 29600 27500 29220 20825 59482000
20110512 27310 28400 27260 27600 12410 34521000
20110511 27530 27800 27380 27640 13042 35980000
20110510 27600 28150 27100 27490 16832 46343000
20110509 26780 28700 26600 27720 27691 76645000
20110506 27130 28240 26530 26550 49466 134215000
20110505 28660 31800 28600 29440 85312 255739000
