20180619 9390 9450 8730 8750 31136 28101947 7.42 1.70 -9.79 18275 12861 1.42 2.00
20180615 9960 10060 9550 9700 24970 24273444 5.15 1.44 -2.12 12505 12465 1.00 1.61
20180614 9780 9970 9730 9910 15257 15067703 2.44 0.76 0.71 8015 7243 1.11 0.98
20180613 10250 10300 9840 9840 18359 18385591 4.51 0.82 -3.62 11686 6673 1.75 1.18
20180612 10190 10230 9930 10210 16805 16995336 2.96 0.57 0.89 8563 8242 1.04 1.08
20180611 10150 10230 10000 10120 15927 16089106 2.27 0.49 -0.30 10609 5318 1.99 1.02
20180608 10160 10270 10030 10150 20200 20511123 2.34 0.53 -0.98 12342 7858 1.57 1.30
20180607 10560 10630 10240 10250 29252 30436218 3.69 0.70 -3.03 18668 10584 1.76 1.88
20180606 10550 10670 10380 10570 29291 30764090 2.74 0.60 0.00 17548 11743 1.49 1.88
20180605 10270 10630 10240 10570 52267 54800303 3.81 0.91 3.22 19132 33136 0.58 3.36
20180604 10190 10380 9880 10240 31642 32113429 4.91 0.45 0.59 18201 13441 1.35 2.03
20180601 10030 10460 9930 10180 49926 51069540 5.23 0.62 0.39 21588 28338 0.76 3.21
20180531 9560 10150 9560 10140 47263 46988730 6.13 0.58 5.30 20143 27120 0.74 3.04
20180530 10000 10060 9500 9630 62690 61632053 5.44 0.81 -6.50 39339 23351 1.68 4.03
20180529 10800 11140 10250 10300 96844 104753029 8.14 1.47 -5.76 58522 38322 1.53 6.23
20180528 10710 11130 10650 10930 97186 105415425 4.44 1.83 1.11 49564 47623 1.04 6.25
20180525 10380 10840 10150 10810 98380 103309083 6.66 2.46 4.34 47812 50568 0.95 6.33
20180524 10100 10400 10010 10360 50278 51629426 3.86 1.34 2.47 20553 29725 0.69 3.23
20180523 10240 10460 10070 10110 45510 46625944 3.77 1.05 -2.32 29528 15983 1.85 2.93
20180522 10370 10480 10210 10350 38627 39993401 2.62 0.89 0.29 20210 18417 1.10 2.48
20180521 10210 10360 10180 10320 32838 33758748 1.77 0.71 1.38 15867 16971 0.93 2.11
20180518 10160 10230 9900 10180 32527 32830219 3.25 0.59 0.20 17709 14818 1.20 2.09
20180517 10280 10400 10080 10160 38531 39334886 3.07 0.54 -2.59 25512 13019 1.96 2.48
20180516 10280 10840 10230 10430 73780 77832567 5.90 0.74 0.87 36671 37109 0.99 4.74
20180515 10150 10440 10100 10340 39074 40070973 3.35 0.37 1.87 19330 19744 0.98 2.51
20180514 10220 10320 10040 10150 47381 48127562 2.69 0.46 -2.31 29281 18100 1.62 3.05
20180511 10440 10900 10360 10390 78894 83693766 5.14 0.84 -1.05 43636 35258 1.24 5.07
20180510 10420 10670 10320 10500 117877 123447893 3.24 1.55 -2.78 72326 45551 1.59 7.58
20180509 11850 11850 10800 10800 218319 248471837 9.75 5.88 0.28 145961 72358 2.02 14.04
20180508 9770 10770 9720 10770 71622 75644320 10.73 2.71 10.01 52392 19230 2.72 4.61
20180507 9680 9860 9680 9790 28387 27755812 1.86 1.19 1.14 14113 14274 0.99 1.83
20180504 9470 9750 9370 9680 35219 33818803 4.01 1.65 2.22 15300 19920 0.77 2.26
20180503 9400 9510 9120 9470 26536 24742234 4.13 1.42 0.32 15073 11463 1.31 1.71
20180502 9240 9480 9240 9440 23916 22479535 2.58 1.49 1.61 11108 12808 0.87 1.54
20180427 9180 9460 9180 9290 18138 16911351 3.06 1.11 1.42 9933 8205 1.21 1.17
20180426 9380 9450 9160 9160 15545 14464307 3.08 0.95 -2.86 9360 6185 1.51 1.00
20180425 9150 9450 9110 9430 22593 20998161 3.70 1.29 2.61 10006 12586 0.80 1.50
20180424 8960 9200 8920 9190 13557 12331193 3.14 0.64 3.14 5354 8203 0.65 0.90
20180423 8920 9060 8780 8910 10321 9214130 3.14 0.42 0.00 6142 4178 1.47 0.68
20180420 9320 9370 8890 8910 19852 18021407 5.14 0.72 -4.60 12621 7231 1.75 1.31
20180419 9270 9470 9220 9340 15825 14799913 2.69 0.47 0.54 8216 7610 1.08 1.05
20180418 9180 9330 8880 9290 28311 25849062 4.92 0.80 1.53 15136 13175 1.15 1.87
20180417 9610 9740 9110 9150 32336 30335291 6.56 0.79 -4.79 20330 12006 1.69 2.14
20180416 9840 9860 9550 9610 27660 26902226 3.17 0.55 -1.74 14874 12786 1.16 1.83
20180413 9960 10140 9750 9780 33963 33743501 3.93 0.49 -1.51 20034 13929 1.44 2.25
20180412 9880 10230 9860 9930 45864 45982107 3.74 0.70 0.30 23227 22638 1.03 3.04
20180411 9970 10080 9840 9900 37740 37442328 2.42 0.58 -0.20 22073 15667 1.41 2.50
20180410 9980 10090 9680 9920 58174 57295428 4.09 0.91 -1.10 34417 23757 1.45 3.85
20180409 9800 10030 9600 10030 77354 75902487 4.26 1.20 -0.59 41472 35882 1.16 5.12
20180404 9940 10780 9940 10090 129882 136215809 8.57 1.88 2.96 80509 49373 1.63 8.60
20180403 9660 9800 9520 9800 23571 22758299 2.87 0.34 0.31 13120 10451 1.26 1.56
20180402 9880 9920 9740 9770 37717 37019702 1.81 0.58 -1.71 23454 14263 1.64 2.50
20180330 9840 10050 9790 9940 51565 51207081 2.65 0.83 1.22 24851 26714 0.93 3.41
20180329 10000 10150 9670 9820 80290 79101919 4.71 1.60 -3.73 47986 32304 1.49 5.32
20180328 9700 10730 9600 10200 152641 159703309 11.59 6.11 4.62 88509 64132 1.38 10.10
20180327 9740 9830 9540 9750 24674 23936301 3.06 0.89 2.74 13213 11461 1.15 1.63
20180326 9140 9520 8730 9490 17055 15751912 8.64 0.60 3.83 6986 10070 0.69 1.13
20180323 9510 9760 8870 9140 35226 33008471 9.04 1.37 -7.11 19902 15324 1.30 2.33
20180322 9660 9850 9450 9840 21794 21051812 4.18 0.88 2.82 10112 11682 0.87 1.44
20180321 9800 9940 9550 9570 26180 25557943 3.95 1.07 -3.04 16471 9710 1.70 1.73
20180320 9450 9940 9450 9870 38588 37626039 5.13 1.76 3.35 17249 21340 0.81 2.55
20180319 9410 9620 9210 9550 20630 19572478 4.40 0.91 2.58 7998 12632 0.63 1.37
20180316 9040 9490 9040 9310 20941 19496178 4.93 0.92 2.08 7649 13292 0.58 1.39
20180315 9180 9240 8840 9120 17925 16219920 4.36 0.80 -0.65 9331 8594 1.09 1.19
20180314 9400 9480 9130 9180 24698 22900061 3.70 1.26 -2.86 13808 10890 1.27 1.63
20180313 9390 9740 9350 9450 25731 24545323 4.14 1.41 0.32 12514 13217 0.95 1.70
20180312 9250 9510 9180 9420 24631 23157274 3.59 1.66 2.39 8253 16378 0.50 1.63
20180309 9040 9260 8940 9200 20855 19036693 3.56 1.49 2.22 9897 10958 0.90 1.38
20180308 8730 9050 8730 9000 16433 14669163 3.64 1.10 2.27 7706 8728 0.88 1.09
20180307 8900 8950 8760 8800 10689 9464850 2.13 0.71 -1.12 6997 3692 1.90 0.71
20180306 8820 9070 8790 8900 18391 16451838 3.18 1.29 1.02 10375 8016 1.29 1.22
20180305 8840 8840 8710 8810 7808 6843824 1.48 0.50 0.11 4323 3485 1.24 0.52
20180302 8790 8950 8680 8800 16627 14675705 3.04 1.15 -0.90 9306 7321 1.27 1.10
20180301 8580 8940 8510 8880 21250 18672225 5.01 1.77 3.38 9411 11839 0.79 1.41
20180228 8510 8640 8420 8590 11387 9736940 2.58 0.98 0.70 5844 5542 1.05 0.75
20180227 8470 8640 8470 8530 14407 12326079 1.99 1.35 0.00 7201 7206 1.00 0.95
20180226 8250 8580 8250 8530 15123 12736116 4.00 1.54 3.39 6572 8551 0.77 1.00
20180223 8150 8270 8140 8250 10002 8233178 1.58 0.95 0.12 4140 5862 0.71 0.66
20180222 8190 8240 8100 8240 9033 7405062 1.73 0.77 1.73 3892 5142 0.76 0.60
20180214 8090 8170 7980 8100 9656 7793649 2.35 0.59 0.12 3962 5693 0.70 0.64
20180213 8280 8280 8090 8090 9598 7860673 2.33 0.55 -0.98 6247 3352 1.86 0.64
20180212 8000 8260 8000 8170 10653 8667633 3.24 0.62 1.87 5554 5099 1.09 0.71
20180209 7900 8090 7760 8020 13452 10669343 4.05 0.76 -1.60 6498 6954 0.93 0.89
20180208 7920 8200 7910 8150 15152 12293958 3.63 0.83 1.87 6516 8636 0.75 1.00
20180207 8390 8420 7660 8000 32658 26316635 9.28 2.07 -2.32 18783 13874 1.35 2.16
20180206 8960 9070 8170 8190 15177 13192711 9.92 1.03 -9.70 9456 5721 1.65 1.00
20180205 8850 9110 8740 9070 10112 9092863 4.12 0.61 1.00 3997 6116 0.65 0.67
20180202 8990 9100 8720 8980 15503 13892734 4.22 0.74 -0.22 7232 8271 0.87 1.03
20180201 9480 9560 9000 9000 18187 16761498 5.89 0.83 -5.26 11642 6545 1.78 1.20
20180131 9890 9970 9480 9500 19899 19244788 4.90 0.91 -5.09 14584 5315 2.74 1.32
20180130 10060 10060 9950 10010 9969 9963917 1.10 0.46 -0.30 5773 4196 1.38 0.66
20180129 10260 10320 10030 10040 19669 19958600 2.80 0.93 -2.90 13729 5940 2.31 1.30
20180126 10210 10590 10140 10340 37484 38835103 4.42 2.28 1.67 18710 18774 1.00 2.48
20180125 10120 10330 10100 10170 22441 22983782 2.26 1.57 -0.10 12435 10006 1.24 1.49
20180124 9980 10220 9890 10180 19379 19567599 3.30 1.46 1.70 6284 13095 0.48 1.28
20180123 10000 10070 9940 10010 9420 9422281 1.30 0.60 0.10 5295 4125 1.28 0.62
20180122 9950 10080 9750 10000 16766 16602763 3.31 0.95 0.30 7895 8871 0.89 1.11
20180119 10050 10140 9940 9970 14185 14212105 1.99 0.84 -0.70 9209 4976 1.85 0.94
20180118 10040 10140 9990 10040 11635 11698321 1.49 0.65 0.00 6442 5193 1.24 0.77
20180117 9970 10060 9810 10040 14383 14289098 2.51 0.77 0.70 8446 5936 1.42 0.95
20180116 10000 10150 9900 9970 21156 21172750 2.47 1.00 -1.48 11794 9362 1.26 1.40
20180115 10250 10450 10080 10120 27032 27884180 3.59 1.52 -1.75 16682 10350 1.61 1.79
20180112 10400 10410 10220 10300 10411 10748984 1.83 0.57 -0.77 6251 4161 1.50 0.69
20180111 10220 10420 10130 10380 16671 17210633 2.84 0.98 1.57 6903 9768 0.71 1.10
20180110 10430 10430 10180 10220 17739 18212031 2.40 1.03 -1.83 12567 5172 2.43 1.17
20180109 10280 10780 10240 10410 33944 35736443 5.24 2.67 1.07 18159 15786 1.15 2.25
20180108 10390 10390 10250 10300 10225 10522997 1.35 0.82 -0.87 7608 2617 2.91 0.68
20180105 10350 10410 10300 10390 11959 12373878 1.06 1.44 0.39 7467 4491 1.66 0.79
20180104 10440 10440 10300 10350 11228 11624950 1.34 0.96 -0.86 7085 4142 1.71 0.74
20180103 10280 10530 10230 10440 19106 19811590 2.92 1.70 1.56 9688 9418 1.03 1.26
20180102 10380 10390 10170 10280 11066 11363031 2.13 0.84 -0.29 6369 4697 1.36 0.73
20171229 10180 10360 10150 10310 8781 8999335 2.05 0.67 0.88 3678 5103 0.72 0.58
20171228 10070 10260 10060 10220 10090 10287325 1.97 0.71 0.69 5011 5079 0.99 0.67
20171227 10280 10290 10120 10150 9468 9654859 1.66 0.62 -1.17 5984 3484 1.72 0.63
20171226 10130 10290 10020 10270 16701 16951226 2.65 1.02 0.69 7904 8797 0.90 1.11
20171225 9960 10250 9840 10200 21151 21267422 4.11 1.35 2.20 8887 12264 0.72 1.40
20171222 9950 10090 9880 9980 8073 8061141 2.11 0.41 0.30 4855 3218 1.51 0.53
20171221 10060 10060 9710 9950 15753 15625267 3.49 0.85 -0.70 8479 7274 1.17 1.04
20171220 10250 10260 10010 10020 14974 15180593 2.43 0.84 -2.43 10155 4820 2.11 0.99
20171219 10220 10410 10190 10270 22203 22819784 2.14 1.38 0.00 12770 9433 1.35 1.47
20171218 10440 10560 10200 10270 17307 17819502 3.41 1.15 -2.84 12615 4692 2.69 1.15
20171215 10290 10840 10210 10570 27647 29115798 6.13 2.22 2.82 13228 14419 0.92 1.83
20171214 10230 10280 10140 10280 10241 10449735 1.37 0.74 0.29 5241 5000 1.05 0.68
20171213 10160 10270 10140 10250 11351 11571796 1.28 0.54 0.89 5957 5395 1.10 0.75
20171212 10350 10380 10160 10160 13742 14106098 2.12 0.62 -2.12 9260 4482 2.07 0.91
20171211 10300 10400 10240 10380 12254 12662323 1.56 0.56 0.97 4613 7641 0.60 0.81
20171208 10120 10350 10110 10280 14621 15013648 2.37 0.64 1.68 5822 8798 0.66 0.97
20171207 10200 10240 10010 10110 17425 17624736 2.25 0.83 -1.17 10238 7187 1.42 1.15
20171206 10380 10470 9980 10230 46940 47555076 4.70 3.49 -1.82 29702 17238 1.72 3.11
20171205 10770 10860 10360 10420 19310 20523433 4.63 1.61 -3.43 10889 8420 1.29 1.28
20171204 11190 11200 10760 10790 11886 13067172 3.93 1.03 -3.66 8221 3665 2.24 0.79
20171201 10910 11330 10910 11200 17962 20149225 3.84 1.94 2.47 8602 9360 0.92 1.19
20171130 10850 10970 10820 10930 8534 9314613 1.38 0.81 0.74 4126 4409 0.94 0.56
20171129 10970 10970 10730 10850 9500 10289152 2.20 0.76 -0.73 5307 4193 1.27 0.63
20171128 10720 10930 10720 10930 12087 13113916 1.96 0.91 1.96 5237 6850 0.76 0.80
20171127 10870 10920 10710 10720 9564 10325396 1.93 0.66 -1.29 5828 3736 1.56 0.63
20171124 10790 10910 10750 10860 6603 7155236 1.48 0.39 0.37 4174 2429 1.72 0.44
20171123 10970 11040 10800 10820 15012 16374710 2.19 0.97 -1.37 8013 6999 1.14 0.99
20171122 11040 11080 10880 10970 18882 20684308 1.81 1.37 -0.45 13318 5565 2.39 1.25
20171121 11180 11230 10880 11020 16469 18153647 3.13 1.31 -1.43 9850 6619 1.49 1.09
20171120 11350 11350 10930 11180 15583 17264543 3.70 1.29 -1.50 7884 7699 1.02 1.03
20171117 12110 12250 11300 11350 19080 22364599 7.81 1.70 -6.66 13799 5281 2.61 1.26
20171116 12220 12320 12160 12160 7691 9403379 1.31 0.62 -0.33 4245 3446 1.23 0.51
20171115 12300 12370 12110 12200 10071 12318405 2.11 0.76 -0.97 7616 2455 3.10 0.67
20171114 12480 12550 12230 12320 10571 13098938 2.56 0.83 -1.36 6696 3875 1.73 0.70
20171113 12680 12730 12400 12490 12847 16065919 2.60 1.06 -1.50 8919 3928 2.27 0.85
20171110 12530 12830 12520 12680 14857 18887597 2.47 1.25 0.88 6912 7945 0.87 0.98
20171109 12450 12680 12360 12570 13968 17488317 2.57 1.13 1.13 7156 6813 1.05 0.92
20171108 12450 12490 12330 12430 13594 16886890 1.29 1.10 0.24 6782 6811 1.00 0.90
20171107 12310 12440 12240 12400 8179 10091816 1.62 0.64 0.40 5159 3020 1.71 0.54
20171106 12110 12350 12110 12350 10016 12271779 1.98 0.69 1.98 4351 5664 0.77 0.66
20171103 12120 12360 12070 12110 13800 16857746 2.37 0.87 -1.06 8164 5636 1.45 0.91
20171102 12500 12500 12180 12240 16002 19617942 2.56 0.78 -2.08 10423 5578 1.87 1.06
20171101 12440 12600 12330 12500 13942 17391595 2.17 0.70 0.48 6165 7778 0.79 0.92
20171031 12310 12490 12120 12440 10032 12399990 3.01 0.48 1.06 4798 5234 0.92 0.66
20171030 12690 12750 12070 12310 18956 23435012 5.34 0.99 -3.38 12223 6733 1.82 1.25
20171027 12690 12860 12640 12740 20660 26386760 1.72 1.19 -0.16 9572 11087 0.86 1.37
20171026 13130 13240 12530 12760 39249 50514203 5.39 2.70 -3.19 28385 10864 2.61 2.60
20171025 12960 13260 12830 13180 11225 14726385 3.32 0.67 1.70 4391 6834 0.64 0.74
20171024 13030 13090 12850 12960 13679 17733545 1.84 0.85 -0.54 8037 5642 1.42 0.91
20171023 12900 13120 12850 13030 11248 14618473 2.10 0.54 1.40 6213 5035 1.23 0.74
20171020 12760 12900 12660 12850 11070 14175286 1.89 0.48 1.26 5244 5825 0.90 0.73
20171019 13070 13100 11780 12690 25357 32314988 10.10 1.13 -2.91 14967 10389 1.44 1.68
20171018 13390 13490 13050 13070 21856 29027797 3.28 0.86 -2.68 13670 8186 1.67 1.45
20171017 13490 13570 13370 13430 11401 15342336 1.49 0.34 -0.07 7601 3800 2.00 0.75
20171016 14160 14160 13400 13440 34829 47646928 5.32 1.15 -5.95 21893 12936 1.69 2.31
20171013 14230 14340 14060 14290 22466 31975485 1.98 0.75 0.92 9368 13098 0.72 1.49
20171012 13980 14230 13920 14160 21782 30704978 2.20 0.62 0.50 14314 7469 1.92 1.44
20171011 14410 14550 14080 14090 37062 53057671 3.26 1.18 -2.22 24003 13059 1.84 2.45
20171010 13690 14450 13680 14410 52172 74062639 5.63 2.12 5.41 20794 31378 0.66 3.45
20171009 13660 13800 13600 13670 17707 24238642 1.47 0.69 0.66 10159 7548 1.35 1.17
20170929 13460 13690 13430 13580 21119 28641372 1.93 0.79 0.89 10927 10192 1.07 1.40
20170928 13910 13910 13420 13460 46207 62839064 3.47 1.73 -4.61 29084 17123 1.70 3.06
20170927 14120 14270 14010 14110 19318 27294860 1.84 0.55 -0.07 10388 8929 1.16 1.28
20170926 13950 14120 13870 14120 18470 25808699 1.79 0.40 1.22 10712 7759 1.38 1.22
20170925 14030 14200 13950 13950 23630 33305686 1.78 0.36 -0.57 11479 12150 0.94 1.56
20170922 14180 14350 13980 14030 25449 35832462 2.61 0.35 -0.99 15662 9787 1.60 1.68
20170921 14460 14660 14140 14170 46367 66768289 3.57 0.55 -2.61 28293 18074 1.57 3.07
20170920 14820 14870 14240 14550 61871 89723945 4.21 0.70 -2.74 40531 21340 1.90 4.10
20170919 15350 15600 14900 14960 76479 115312472 4.59 0.94 -1.90 47259 29220 1.62 5.06
20170918 14540 16140 14410 15250 117254 175451264 11.79 1.90 3.95 68588 48667 1.41 7.76
20170915 14800 14990 14440 14670 65535 95882852 3.67 1.16 -2.20 36234 29300 1.24 4.34
20170914 13980 15430 13770 15000 102240 148023849 11.82 2.45 6.84 52244 49995 1.04 6.77
20170913 13580 14050 13510 14040 78783 108759468 3.98 2.55 3.54 33417 45366 0.74 5.22
20170912 13350 13620 13200 13560 40878 54894551 3.14 1.40 1.42 18351 22527 0.81 2.71
20170911 13250 13400 13200 13370 20702 27541121 1.50 0.58 0.53 11646 9056 1.29 1.37
20170908 13140 13660 13140 13300 39283 52638143 3.95 1.06 0.91 18116 21166 0.86 2.60
20170907 13290 13380 13170 13180 29174 38797078 1.58 0.83 -0.75 14765 14409 1.02 1.93
20170906 13070 13280 13030 13280 24548 32259835 1.90 0.72 1.14 10009 14539 0.69 1.63
20170905 13280 13290 13050 13130 32441 42609141 1.80 1.02 -1.28 21755 10686 2.04 2.15
20170904 13150 13330 13050 13300 53618 70804614 2.12 2.17 0.61 26064 27554 0.95 3.55
20170901 12900 13300 12810 13220 45214 59159726 3.80 2.43 2.56 17861 27353 0.65 2.99
20170831 12800 12930 12720 12890 19603 25176972 1.65 1.11 1.26 9860 9744 1.01 1.30
20170830 12870 12920 12700 12730 20022 25669766 1.71 1.21 -1.09 12384 7638 1.62 1.33
20170829 12900 12950 12760 12870 20420 26217799 1.47 1.40 -0.39 12550 7870 1.59 1.35
20170828 12670 12950 12640 12920 18407 23612941 2.44 1.33 1.89 7648 10758 0.71 1.22
20170825 12510 12770 12510 12680 14424 18217902 2.08 1.01 1.28 6992 7432 0.94 0.95
20170824 12710 12720 12440 12520 14735 18543408 2.20 0.87 -1.49 8985 5750 1.56 0.98
20170823 12790 12790 12580 12710 14692 18655357 1.64 0.64 -0.47 7436 7256 1.02 0.97
20170822 12960 12960 12720 12770 10891 13965023 1.85 0.40 -1.31 6891 4000 1.72 0.72
20170821 12950 12950 12870 12940 14493 18721860 0.62 0.54 0.15 7564 6929 1.09 0.96
20170818 12940 13100 12870 12920 16517 21424174 1.75 0.63 -1.45 8620 7897 1.09 1.09
20170817 12980 13130 12890 13110 28452 37040994 1.84 1.21 0.31 13741 14711 0.93 1.88
20170816 12610 13190 12470 13070 45133 57986279 5.62 2.52 2.03 20389 24743 0.82 2.99
20170815 12940 13120 12550 12810 32172 41146389 4.40 1.77 -1.00 15716 16456 0.96 2.13
20170814 12800 13000 12680 12940 12240 15723492 2.53 0.64 2.37 5607 6633 0.85 0.81
20170811 12510 12730 12500 12640 12102 15314573 1.82 0.63 -0.16 5930 6173 0.96 0.80
20170810 12910 13040 12480 12660 15515 19706026 4.34 0.84 -1.94 9689 5826 1.66 1.02
20170809 13130 13190 12870 12910 17382 22602811 2.44 0.97 -1.60 11261 6122 1.84 1.15
20170808 12610 13170 12430 13120 33553 43147454 5.88 2.44 4.21 15624 17928 0.87 2.21
20170807 12380 12610 12380 12590 16781 21044414 1.87 1.31 2.19 7625 9157 0.83 1.11
20170804 12540 12540 12310 12320 12575 15583804 1.84 0.81 -1.20 7092 5483 1.29 0.83
20170803 12210 12590 12210 12470 12555 15650952 3.11 0.52 1.96 5834 6722 0.87 0.83
20170802 12630 12630 12200 12230 14259 17667822 3.42 0.60 -2.70 9563 4695 2.04 0.94
20170801 12580 12660 12450 12570 12504 15671435 1.68 0.51 0.64 7546 4958 1.52 0.82
20170731 12450 12560 12390 12490 12165 15193203 1.37 0.48 0.48 7540 4625 1.63 0.80
20170728 12750 12930 12400 12430 26238 33008973 4.12 1.15 -3.27 18443 7795 2.37 1.73
20170727 12000 12870 11980 12850 55983 69590801 7.39 3.90 6.64 23397 32586 0.72 3.69
20170726 12180 12270 11910 12050 12903 15611821 2.96 0.86 -1.07 7234 5669 1.28 0.85
20170725 12210 12250 12040 12180 15311 18584316 1.72 1.04 -0.33 10129 5182 1.95 1.01
20170724 12330 12330 12000 12220 17211 20847021 2.68 1.02 -0.89 10307 6903 1.49 1.13
20170721 12380 12600 12250 12330 12390 15376339 2.81 0.73 -1.04 9127 3264 2.80 0.82
20170720 12570 12780 12460 12460 13917 17593342 2.54 0.79 -1.03 7316 6601 1.11 0.92
20170719 12580 12620 12350 12590 15805 19783845 2.15 0.97 0.08 8496 7310 1.16 1.04
20170718 12600 12740 12410 12580 14360 18056793 2.62 0.91 -0.16 8010 6350 1.26 0.95
20170717 14000 14000 12600 12600 28295 37052320 10.00 2.30 -10.00 18357 9938 1.85 1.86
20170714 14400 14420 13900 14000 12685 17915331 3.61 1.03 -2.91 8706 3979 2.19 0.84
20170713 14060 14480 13900 14420 17196 24505068 4.15 1.53 3.22 7183 10013 0.72 1.13
20170712 14050 14050 13870 13970 8989 12541960 1.29 0.77 -0.14 5471 3517 1.56 0.59
20170711 14300 14410 13980 13990 11703 16640931 3.02 1.04 -1.89 7512 4191 1.79 0.77
20170710 14360 14440 14250 14260 10972 15729845 1.31 0.99 -1.59 6757 4215 1.60 0.72
20170707 14320 14510 14280 14490 12572 18152125 1.59 1.20 0.28 6997 5574 1.26 0.83
20170706 14400 14450 14260 14450 11851 17025238 1.31 1.22 0.00 6726 5125 1.31 0.78
20170705 14360 14480 14300 14450 11259 16209094 1.25 1.19 0.21 5812 5447 1.07 0.74
20170704 14230 14420 14190 14420 9628 13758517 1.61 0.84 0.63 4222 5406 0.78 0.63
20170703 14180 14330 14180 14330 10196 14548647 1.06 0.83 0.84 5454 4742 1.15 0.67
20170630 14070 14230 14000 14210 9231 13041104 1.63 0.70 0.64 4859 4372 1.11 0.61
20170629 14030 14240 14030 14120 8125 11481942 1.49 0.54 0.14 4243 3882 1.09 0.54
20170628 14200 14230 14020 14100 9951 14023624 1.47 0.65 -1.19 6401 3550 1.80 0.66
20170627 14140 14550 14030 14270 20100 28801864 3.68 1.43 0.99 9617 10483 0.92 1.32
20170626 13940 14150 13840 14130 14207 19934651 2.24 1.03 2.24 6842 7365 0.93 0.94
20170623 13790 13960 13600 13820 13142 18100326 2.62 0.97 0.66 7337 5805 1.26 0.87
20170622 14320 14390 13770 13780 17599 24821719 4.33 1.20 -3.70 13281 4318 3.08 1.16
20170621 14300 14370 14030 14310 11831 16800009 2.40 0.79 1.20 6023 5809 1.04 0.78
20170620 14360 14450 14140 14140 13267 18980606 2.16 0.88 -1.26 8155 5112 1.60 0.87
20170619 14160 14390 14020 14320 13215 18773824 2.61 0.81 0.99 5317 7898 0.67 0.87
20170616 14200 14230 14010 14180 11866 16761387 1.55 0.68 -0.07 7786 4080 1.91 0.78
20170615 13870 14250 13710 14190 22890 32293448 3.89 1.20 2.23 9768 13122 0.74 1.51
20170614 13850 13940 13720 13880 13370 18498218 1.60 0.60 0.95 6378 6992 0.91 0.88
20170613 13500 13840 13460 13750 13925 19098564 2.81 0.60 1.70 6042 7883 0.77 0.92
20170612 13780 13910 13480 13520 19334 26338491 3.08 0.90 -3.15 12387 6948 1.78 1.27
20170609 14010 14010 13650 13960 17970 24799715 2.57 0.91 -0.43 10711 7259 1.48 1.18
20170608 14330 14460 13950 14020 30946 43707737 3.55 1.93 -2.30 18671 12275 1.52 2.04
20170607 13950 14420 13930 14350 28574 40608463 3.49 2.44 2.28 14348 14226 1.01 1.88
20170606 13810 14150 13610 14030 18458 25751550 3.84 1.90 -0.14 11010 7449 1.48 1.22
20170605 13990 14140 13870 14050 11043 15478809 1.94 1.19 0.93 4823 6220 0.78 0.73
20170602 13710 13990 13460 13920 10058 13778002 3.89 1.06 2.28 4293 5766 0.74 0.66
20170601 14200 14250 13610 13610 11944 16537383 4.50 1.24 -4.29 8462 3482 2.43 0.79
20170531 14210 14530 14210 14220 7061 10149787 2.24 0.67 -0.49 3536 3525 1.00 0.47
20170526 14290 14370 14000 14290 8400 11882478 2.60 0.84 0.28 4319 4081 1.06 0.55
20170525 14190 14380 13810 14250 9121 12868645 4.01 0.95 0.28 5128 3993 1.28 0.60
20170524 14200 14450 13160 14210 10868 15073250 9.12 1.10 0.42 5607 5261 1.07 0.72
20170523 15040 15220 14150 14150 12657 18441872 7.12 1.34 -5.79 8821 3836 2.30 0.83
20170522 15610 15750 15010 15020 11930 18430580 4.81 1.41 -2.34 7032 4899 1.44 0.79
20170519 15700 15700 15310 15380 5689 8807870 2.50 0.62 -1.22 4245 1445 2.94 0.37
20170518 15430 15790 15430 15570 6926 10796161 2.30 0.71 -0.64 4192 2734 1.53 0.46
20170517 15800 15900 15500 15670 11975 18798698 2.54 1.22 -0.63 7280 4696 1.55 0.79
20170516 15290 15800 15000 15770 10694 16470912 5.25 1.13 3.48 3409 7285 0.47 0.70
20170515 15170 15310 15130 15240 7005 10663289 1.18 0.58 0.07 3795 3210 1.18 0.46
20170512 15260 15270 14860 15230 9140 13785360 2.68 0.75 -0.46 4734 4406 1.07 0.60
20170511 15700 15850 15040 15300 10174 15648400 5.15 0.71 -2.73 5933 4241 1.40 0.67
20170510 16250 16380 15730 15730 12018 19264982 3.97 0.94 -3.97 9076 2941 3.09 0.79
20170509 16180 16460 16000 16380 9013 14591703 2.85 0.76 1.55 4740 4273 1.11 0.59
20170508 17010 17080 15990 16130 20262 33027331 6.34 2.01 -6.22 14777 5485 2.69 1.34
20170505 17160 17380 16850 17200 9706 16608897 3.05 0.88 -1.04 6136 3569 1.72 0.64
20170504 16750 18260 16690 17380 21012 36781760 9.36 2.43 3.64 11539 9473 1.22 1.38
20170503 16700 16850 16550 16770 3710 6203636 1.80 0.41 0.72 1385 2325 0.60 0.24
20170502 16730 16890 16620 16650 4896 8187657 1.60 0.49 -1.19 2348 2548 0.92 0.32
20170428 16680 16900 16540 16850 11059 18470095 2.16 1.15 1.02 7063 3996 1.77 0.73
20170427 17000 17000 15400 16680 14473 23737428 9.41 1.83 -1.94 9177 5296 1.73 0.95
20170426 17350 17350 16880 17010 9141 15572289 2.72 1.13 -1.39 7414 1727 4.29 0.60
20170425 17380 17470 17120 17250 5165 8934362 2.03 0.59 0.06 3307 1858 1.78 0.34
20170424 17670 17670 16980 17240 9786 16894430 3.91 1.06 -2.21 5472 4314 1.27 0.64
20170421 17410 17740 17310 17630 9321 16344301 2.48 1.00 1.79 3399 5922 0.57 0.61
20170420 17320 17450 17200 17320 6052 10468210 1.44 0.62 0.00 4584 1469 3.12 0.40
20170419 17570 17710 17200 17320 10158 17635646 2.90 1.10 -1.42 8168 1990 4.10 0.67
20170418 17670 17850 17520 17570 8159 14421743 1.87 0.82 -0.57 4566 3593 1.27 0.54
20170417 17820 17850 17460 17670 12551 22170831 2.18 0.99 -1.17 8518 4033 2.11 0.83
20170414 18180 18190 17800 17880 9847 17696382 2.14 0.75 -1.70 6581 3266 2.02 0.65
20170413 18310 18380 18120 18190 8325 15172118 1.43 0.54 -0.11 4544 3782 1.20 0.55
20170412 18400 18440 18200 18210 7417 13573122 1.31 0.44 -0.92 4243 3174 1.34 0.49
20170411 18300 18560 18120 18380 11775 21608929 2.40 0.68 0.44 7122 4654 1.53 0.78
20170410 19030 19170 18150 18300 25953 48135318 5.31 1.66 -4.69 18204 7749 2.35 1.71
20170407 19300 19380 19010 19200 11810 22602854 1.93 0.73 -0.10 6393 5418 1.18 0.78
20170406 19000 19470 19000 19220 20299 39134925 2.46 1.27 0.63 10416 9882 1.05 1.34
20170405 18840 19250 18710 19100 14751 28063805 2.88 0.86 2.03 6320 8431 0.75 1.07
20170331 18720 18910 18510 18720 13726 25640640 2.14 0.74 0.11 9288 4438 2.09 1.00
20170330 19300 19310 18700 18700 17555 33391208 3.16 0.74 -3.06 11835 5720 2.07 1.28
20170329 19430 19550 19280 19290 14203 27530303 1.39 0.60 -0.57 9988 4215 2.37 1.03
20170328 19500 19730 19250 19400 19586 38086523 2.47 0.90 -0.15 13640 5947 2.29 1.43
20170327 19610 19710 19330 19430 20465 39817845 1.94 1.02 -0.92 13862 6603 2.10 1.49
20170324 19730 19790 19500 19610 20746 40588419 1.47 1.09 -0.66 15657 5089 3.08 1.51
20170323 19150 19890 19150 19740 43642 85591969 3.88 3.16 3.57 19673 23968 0.82 3.18
20170322 19090 19200 18960 19060 14577 27732972 1.26 1.02 -0.31 9424 5153 1.83 1.06
20170321 19130 19190 19050 19120 9782 18688054 0.73 0.49 -0.05 9704 78 124.41 0.71
20170320 19100 19230 19010 19130 11990 22917039 1.15 0.58 -0.05 6123 5867 1.04 0.87
20170317 19410 19410 19110 19140 15558 29975980 1.55 0.77 -1.39 10104 5455 1.85 1.13
20170316 19390 19460 19200 19410 17129 33121595 1.34 0.84 0.15 8558 8571 1.00 1.25
20170315 19380 19840 19300 19380 16940 33032441 2.78 0.83 -0.15 9782 7158 1.37 1.23
20170314 19330 19520 19110 19410 38494 74164646 2.12 2.37 0.31 20849 17645 1.18 2.80
20170313 19190 19350 19000 19350 14848 28555784 1.83 0.87 0.94 5883 8965 0.66 1.08
20170310 19120 19310 18930 19170 13907 26600004 1.98 0.85 -0.16 7267 6640 1.09 1.01
20170309 19170 19380 19090 19200 18226 35135775 1.51 1.22 0.10 7416 10809 0.69 1.33
20170308 19180 19320 19010 19180 16864 32427859 1.62 1.02 0.00 6932 9933 0.70 1.23
20170307 19030 19300 18960 19180 17323 33190846 1.79 1.02 0.74 7811 9513 0.82 1.26
20170306 18680 19120 18680 19040 18832 35782574 2.34 1.21 1.38 6830 12002 0.57 1.37
20170303 18560 18800 18470 18780 10819 20215404 1.77 0.66 0.86 3066 7753 0.40 0.79
20170302 18900 18900 18550 18620 10749 20036188 1.87 0.59 -0.69 6558 4191 1.56 0.78
20170301 18750 19020 18680 18750 24889 46951612 1.81 1.53 0.00 9516 15373 0.62 1.81
20170228 18460 18800 18460 18750 19911 37287336 1.84 1.33 1.46 5250 14661 0.36 1.45
20170227 18690 18920 18450 18480 11216 20917770 2.51 0.77 -1.49 7432 3784 1.96 0.82
20170224 18520 18800 18520 18760 15017 28094553 1.50 1.08 0.32 6070 8947 0.68 1.09
20170223 18490 18750 18230 18700 19918 36881910 2.80 1.66 0.70 9546 10372 0.92 1.45
20170222 18550 18750 18450 18570 15346 28511850 1.62 1.40 0.32 7293 8052 0.91 1.12
20170221 18470 18590 18330 18510 13224 24447315 1.42 1.23 0.76 6663 6561 1.02 0.96
20170220 18030 18450 18030 18370 9211 16884797 2.31 - 1.10 2220 6991 0.32 0.67
20170217 18360 18600 18120 18170 11705 21441079 2.62 1.03 -0.71 6902 4804 1.44 0.85
20170216 18290 18450 18110 18300 10372 18998379 1.87 0.91 0.49 4319 6053 0.71 0.76
20170215 18510 18650 18130 18210 10113 18690568 2.81 0.90 -1.62 3472 6641 0.52 0.74
20170214 18680 18780 18470 18510 12457 23109485 1.66 1.18 -0.91 9585 2872 3.34 0.91
20170213 18650 18810 18500 18680 9872 18435678 1.66 0.78 0.16 4246 5626 0.75 0.72
20170210 18730 18780 18520 18650 14190 26442008 1.39 1.16 -0.43 7207 6983 1.03 1.03
20170209 18470 18780 18470 18730 10205 19045994 1.67 0.79 0.64 3883 6322 0.61 0.74
20170208 18670 18670 18320 18610 9190 16987331 1.89 0.69 0.49 3423 5767 0.59 0.67
20170207 18710 18850 18460 18520 9294 17266887 2.08 0.56 -1.02 5567 3727 1.49 0.68
20170206 18350 18870 18330 18710 20428 38273381 2.94 1.30 1.85 7698 12731 0.60 1.49
20170203 18290 18590 18280 18370 12096 22306721 1.69 0.75 0.27 4326 7770 0.56 0.88
20170126 18060 18450 18020 18320 13281 24300457 2.36 0.81 0.71 5785 7495 0.77 0.97
20170125 18010 18380 17930 18190 11977 21840973 2.47 0.68 -0.05 2683 9294 0.29 0.87
20170124 18190 18370 17590 18200 25068 45076934 4.29 1.61 0.11 13586 11481 1.18 1.83
20170123 17790 18330 17790 18180 16303 29624456 3.04 0.97 2.19 4046 12257 0.33 1.19
20170120 17380 17900 17250 17790 14034 24791248 3.76 0.87 2.83 5742 8292 0.69 1.02
20170119 17590 17590 17230 17300 14185 24630493 2.04 0.94 -1.82 9454 4731 2.00 1.03
20170118 18180 18180 17500 17620 18249 32355706 3.73 1.40 -3.24 13967 4283 3.26 1.33
20170117 18000 18360 17540 18210 14863 26662947 4.56 1.19 1.17 7546 7317 1.03 1.08
20170116 19130 19350 17280 18000 22969 42024386 10.78 2.30 -6.25 14471 8498 1.70 1.67
20170113 19180 19480 19140 19200 10330 19907463 1.77 1.02 0.10 5118 5212 0.98 0.75
20170112 19560 19750 19180 19180 9226 18002793 2.90 0.81 -2.34 5711 3514 1.63 0.67
20170111 19750 19820 19620 19640 7868 15497237 1.01 0.61 -0.56 3307 4561 0.73 0.57
20170110 19950 19990 19690 19750 11878 23463519 1.50 0.84 -1.25 8289 3590 2.31 0.86
20170109 19940 20050 19730 20000 10621 21160407 1.62 0.79 1.37 2778 7844 0.35 0.77
20170106 19800 20190 19700 19730 11232 22333046 2.46 0.89 -0.80 5152 6080 0.85 0.82
20170105 19870 20070 19750 19890 15400 30718971 1.61 1.44 0.00 4685 10715 0.44 1.12
20170104 19680 19910 19540 19890 15146 29962891 1.89 1.61 1.58 4229 10918 0.39 1.10
20170103 19230 19670 19230 19580 18429 36093833 2.28 2.13 1.50 6334 12095 0.52 1.34
20161230 19310 19480 19210 19290 6801 13126637 1.39 0.76 -0.46 4647 2154 2.16 0.50
20161229 19350 19490 19230 19380 7000 13588164 1.34 0.72 0.05 3720 3280 1.13 0.51
20161228 19520 19560 19350 19370 6114 11872105 1.08 0.59 -0.46 4224 1890 2.23 0.45
20161227 19480 19570 19400 19460 8736 17012539 0.87 0.81 -0.36 5730 3006 1.91 0.64
20161226 19260 19570 18880 19530 14638 28206717 3.61 1.37 2.25 7608 7030 1.08 1.07
20161223 19340 19470 19060 19100 8461.20 16234508.480
20161222 19320 19450 19160 19340 10390.32 20088766.030
20161221 19270 19440 19200 19340 9519.60 18390513.740
20161220 19160 19300 19130 19250 11125.84 21379838.360
20161219 19160 19260 19080 19160 13909.28 26642518.250
20161216 19100 19380 19050 19150 19475.92 37312547.240
20161215 18880 19260 18880 19100 12170.61 23218778.210
20161214 19480 19600 18730 18860 20687.69 39592016.900
20161213 19150 19630 18710 19410 23057.78 44412354.410
20161212 20410 20450 19100 19150 37688.74 73532237.790
20161209 20430 20480 20120 20220 13172.64 26720198.480
20161208 20460 20680 20370 20430 20141.16 41349521.060
20161207 20150 20480 20150 20410 17387.61 35375645.170
20161206 20200 20380 20140 20150 11792.72 23851422.950
20161205 20000 20440 20000 20200 15260.30 30967013.670
20161202 20780 20990 20250 20250 22875.53 46961135.330
20161201 20730 20940 20480 20780 28564.57 59115093.550
20161130 20450 21250 20350 20720 40282.86 83807428.200
20161129 21000 21000 20450 20550 31765.21 65962943.770
20161128 21090 21280 20920 21040 23608.49 49858117.950
20161125 20940 21060 20400 21000 27210.44 56560923.220
20161124 20970 21120 20890 20950 23218.82 48772315.580
20161123 21250 21360 20960 21080 24800.55 52535569.570
20161122 20950 21240 20910 21210 32255.53 68107990.470
20161121 21230 21400 20880 20950 38475.51 81024387.780
20161118 21600 21600 21300 21330 23528.81 50440339.690
20161117 21810 21860 21300 21460 37838.78 81366516.560
20161116 21970 22080 21810 21860 43684.72 95849519.000
20161115 21790 22100 21600 21970 51608.24 112925778.230
20161114 21420 21960 21420 21790 43629.82 94911026.670
20161111 21710 21880 21360 21520 46183.94 99695108.950
20161110 21360 22000 21360 21710 44271.15 96163395.770
20161109 21800 22170 21200 21330 56521.05 122716961.090
20161108 21590 21690 21390 21430 31793.31 68378380.420
20161107 21710 21850 21330 21460 36728.59 78766765.000
20161104 22110 22190 21550 21710 41355.98 90319509.700
20161103 21660 22300 21350 22060 78565.85 172408775.810
20161102 22080 22500 21380 21580 71011.10 155961196.850
20161101 21950 22500 21740 22080 77590.86 171341601.610
20161031 21500 22990 21500 21920 81217.70 178370380.910
20161028 21490 22000 21250 21700 41683.47 90175022.390
20161027 20910 21780 20900 21380 47514.42 101860852.980
20161026 20900 21100 20690 20970 27684.49 57691613.370
20161025 21080 21160 20830 20900 17587.17 36840163.300
20161024 21100 21260 20870 21090 26377.57 55546922.220
20161021 20900 21110 20550 21070 28767.09 60211056.390
20161020 21020 21150 20810 21000 20715.67 43439153.940
20161019 21120 21120 20750 20850 30723.31 64367385.400
20161018 20300 21000 20300 21000 42379.79 88251387.420
20161017 20710 21010 20380 20380 37750.36 78259946.770
20161014 20700 20740 20320 20640 25808.28 53157189.420
20161013 20520 20780 20400 20700 31233.72 64332064.550
20161012 20400 20680 20280 20500 27002.73 55288840.690
20161011 20550 20550 20230 20390 27602.32 56213857.940
20161010 20020 20540 20020 20450 26418.72 53567659.180
20160930 19760 20040 19760 19980 9301.13 18551909.780
20160929 19790 19980 19750 19870 10288.86 20445285.940
20160928 19900 20080 19700 19740 10420.66 20656436.130
20160927 19760 20020 19690 20000 13524.84 26846097.210
20160926 20260 20260 19760 19760 19019.49 38043436.630
20160923 20630 20640 20200 20220 15762.63 32226662.470
20160922 20380 20540 20350 20420 16409.51 33523558.930
20160921 20120 20370 20120 20260 9590.65 19460403.390
20160920 20280 20440 20000 20260 18636.16 37717097.800
20160919 19930 20430 19930 20400 23774.26 48101673.120
20160914 19850 20070 19780 19910 16525.38 32924438.330
20160913 19950 20150 19780 19930 17598.93 35094614.700
20160912 20120 20470 19750 19780 33633.94 67630022.020
20160909 21040 21180 20670 20670 37713.40 78829663.540
20160908 21000 21160 20800 21080 38758.87 81408586.680
20160907 20700 21140 20650 21050 60143.70 125875470.160
20160906 20570 20900 20260 20700 42528.10 87640733.350
20160905 20500 21380 20400 20680 46439.44 96637273.480
20160902 20190 20690 20000 20500 30419.68 61771812.170
20160901 20210 20420 20180 20290 24404.67 49480112.190
20160831 20550 20580 20050 20320 23503.67 47612748.150
20160830 20670 20930 20450 20550 17587.97 36206424.350
20160829 20330 20900 20330 20670 35842.28 74200024.160
20160826 20280 20700 20130 20470 45708.46 93649039.760
20160825 20110 20260 19600 20200 29490.96 58894419.580
20160824 20100 20710 20100 20140 30070.06 60981263.670
20160823 20180 20440 19930 20100 21701.25 43780275.520
20160822 20320 20320 20050 20070 26841.13 54092140.690
20160819 20300 20380 20070 20190 21473.34 43424434.950
20160818 20180 20390 20090 20300 30345.06 61379341.680
20160817 20160 20330 20120 20190 25260.69 51059992.340
20160816 20430 20490 20050 20310 30758.86 62283194.630
20160815 20000 20480 19750 20310 37595.21 75949472.860
20160812 19800 20020 19680 20000 24217.82 47991208.430
20160811 19900 20140 19780 19810 21563.92 42953226.920
20160810 20100 20330 19850 19980 45650.30 91362525.280
20160809 19490 20300 19450 20210 52430.11 104162163.030
20160808 19280 19450 18880 19450 19955.11 38405582.220
20160805 19750 20140 19260 19290 32595.64 64029439.400
20160804 19750 20230 19600 19730 27671.75 54623592.300
20160803 19770 19970 19410 19750 26610.67 52360832.080
20160802 19590 19860 19480 19690 19627.70 38578769.940
20160801 19010 20140 18500 19700 43787.04 84543798.370
20160729 19270 19690 19000 19320 44213.96 85695427.080
20160728 19800 19980 18370 19080 65752.88 125600732.510
20160727 21510 21660 19350 19780 66543.01 135995725.390
20160726 21580 21670 21280 21500 27477.23 59091429.210
20160725 21450 21640 21180 21460 28641.30 61263742.320
20160722 21480 21690 21210 21400 31811.75 68403316.570
20160721 21860 22180 21440 21500 52741.16 114310150.490
20160720 22000 22490 21800 21960 59015.82 130766903.820
20160719 21660 22280 21200 22090 73149.78 159763677.790
20160718 21000 21800 20810 21700 60004.19 128707605.160
20160715 21280 21280 20880 21000 27868.97 58594400.390
20160714 21180 21290 20810 21190 37763.56 79534496.420
20160713 20890 21290 20790 21150 52147.93 109812299.280
20160712 20520 20940 19900 20940 52624.97 107356124.260
20160711 21230 21410 20510 20510 54329.76 113224210.390
20160708 21060 21390 20800 21090 60304.82 127366466.370
20160707 25100 25790 25030 25320 55637.95 141142403.190
20160706 24920 25250 24660 25050 37664.16 93975712.980
20160705 25290 25290 24600 25000 43638.78 108860116.240
20160704 24860 25190 24660 25170 42908.94 107582044.760
20160701 25380 25580 24850 24860 31624.07 79469803.820
20160630 25060 25570 24200 25460 67348.48 168962599.350
20160629 25310 25660 25010 25200 81150.31 204679833.770
20160628 24090 26690 23910 25790 142454.42 365041332.190
20160627 24000 24360 23710 24260 73249.61 176857215.490
20160624 25210 25250 22970 24480 117954.32 287109844.350
20160623 25280 25280 24200 25280 176183.74 439146716.370
20160622 22980 22980 22980 22980 4805.82 11043774.360
20160520 20250 20930 20200 20890 16082.43 33338944.060
20160519 20450 21120 20450 20560 21206.00 44119544.600
20160518 20900 21180 20150 20480 26061.75 53843577.040
20160517 21170 21770 20720 21270 34554.27 73514066.860
20160516 20610 21180 20480 21180 18863.00 39306162.160
20160513 20800 21160 20450 20690 17993.00 37480000
20160512 20530 20920 20200 20900 23820.00 49050000
20160511 21300 21550 20830 21100 27998.00 59570000
20160510 20850 21250 20700 21100 27313.00 57460000
20160509 22050 22100 20650 20860 41152.00 88730000
20160506 24100 24190 22520 22520 60947.00 141270000
20160505 23840 24300 23610 24130 46878.00 112140000
20160504 24310 24560 23850 24040 54519.00 132090000
20160503 23520 24560 22860 24480 70511.00 168920000
20160429 23490 24330 23360 23890 63073.00 150520000
20160428 22750 23830 22360 23650 54530.00 125580000
20160427 23250 23550 22600 22720 43636.00 101000000
20160426 22810 23190 22500 23060 49148.00 112250000
20160425 22130 23260 21610 23130 56022.00 124810000
20160422 21610 22490 21600 22150 51645.00 114220000
20160421 22220 22790 21660 21800 38178.00 85480000
20160420 23940 24280 21870 22460 66696.00 154160000
20160419 24000 24380 23500 23790 42062.00 100450000
20160418 23990 24050 23510 23880 36360.00 86290000
20160415 24800 24880 24010 24420 50349.00 122710000
20160414 24810 24850 24320 24700 63690.00 156530000
20160413 24850 25450 24180 24880 117056.00 289550000
20160412 23580 24860 23420 24680 130783.00 313500000
20160411 22680 24360 22500 23750 115413.00 269430000
20160408 22280 22280 21720 22150 32276.00 70990000
20160407 22910 23150 22230 22280 47722.00 108020000
20160406 22490 23180 22310 22790 49544.00 112640000
20160405 21410 22790 21300 22540 48251.00 107160000
20160401 21700 21870 20870 21410 38025.00 80940000
20160331 22080 22350 21700 21700 37605.00 82920000
20160330 21150 21810 21000 21800 34185.00 73280000
20160329 21500 21700 20420 20740 37408.00 78370000
20160328 22300 22840 21360 21500 42577.00 94460000
20160325 21700 22240 21700 22100 27728.00 60970000
20160324 22330 22530 21820 21820 41770.00 92720000
20160323 22240 22750 22220 22620 40247.00 90540000
20160322 22450 22900 22280 22460 42236.00 95310000
20160321 22400 22850 22010 22800 73910.00 166040000
20160318 20850 22370 20750 21930 78376.00 169170000
20160317 19900 20990 19870 20820 61071.00 125330000
20160316 20540 20760 19810 19960 38357.00 77600000
20160315 20860 21200 20000 20260 44043.00 91200000
20160314 21000 21530 20530 20700 74613.00 157640000
20160311 20000 20560 19800 20330 20174.00 40690000
20160310 20400 20760 19820 20360 30391.00 61370000
20160309 20000 21380 19580 20400 42003.00 86680000
20160308 20590 20590 18760 20330 44006.00 87330000
20160307 20060 20960 20060 20300 34968.00 71470000
20160304 21350 21600 19640 19910 48184.00 98860000
20160303 21510 22180 21260 21590 51103.00 110950000
20160302 20470 21510 20000 21510 54980.00 114300000
20160301 20020 20450 19480 20370 51371.00 102990000
20160229 22300 22300 19980 19980 35714.00 72940000
20160226 21860 22600 21110 22200 39246.00 86670000
20160225 24410 24600 22210 22210 49442.00 114990000
20160224 25510 25680 24320 24680 80086.00 200030000
20160223 24110 25600 23610 25500 93669.00 230990000
20160222 24430 24560 23710 24110 46153.00 110830000
20160219 23210 23980 23210 23780 47141.00 110990000
20160218 24130 24420 23350 23570 44243.00 105210000
20160217 23400 24260 23110 24060 41844.00 98940000
20160216 22670 23680 22220 23490 30098.00 69920000
20160215 21410 22880 21320 22270 22034.00 48620000
20160205 23010 23220 22140 22200 19935.00 44900000
20160204 22600 23280 22220 22800 31714.00 72330000
20160203 21740 22490 21500 22310 27913.00 61170000
20160202 20800 22550 20800 22140 35080.00 76390000
20160201 21000 21260 20500 20800 32205.00 67330000
20160129 20350 21690 20000 21460 29781.00 62510000
20160128 21020 21580 20260 20280 29448.00 61650000
20160127 21840 22900 20180 21550 42565.00 90460000
20160126 23040 24500 21690 21810 49793.00 114770000
20160125 23150 23700 23050 23550 39063.00 91260000
20160122 22580 22950 21660 22800 37166.00 83170000
20160121 22980 24170 22340 22340 46285.00 107860000
20160120 23990 24430 23200 23400 45991.00 109420000
20160119 22990 24180 22700 24070 43718.00 102730000
20160118 21900 23500 21720 22970 41159.00 93890000
20160115 23200 23840 22000 22270 44014.00 101560000
20160114 20600 23450 20600 23150 47526.00 105880000
20160113 23920 24250 21720 21730 42854.00 98930000
20160112 22800 24160 22000 23500 49953.00 116580000
20160111 25000 25520 23240 23240 48016.00 115450000
20160108 26750 27150 24010 25820 58033.00 150060000
20160107 28510 28850 26500 26500 12752.00 34650000
20160106 29500 29640 27780 29440 57362.00 165900000
20160105 28900 31000 28530 28890 65926.00 194870000
20160104 34850 34900 31700 31700 62577.00 205870000
20151231 36330 36770 34660 35220 134291.00 477690000
20151230 33040 35600 33000 35600 65132.00 226510000
20151229 32550 32800 31450 32360 38289.00 122730000
20151228 33000 33870 32400 32510 79044.00 262170000
20151225 31800 33140 31800 32610 42522.00 138750000
20151224 31500 32500 31050 31950 37622.00 119080000
20151223 33490 33990 32300 32400 52057.00 172990000
20151222 33740 34000 32890 33720 62343.00 208580000
20151221 33700 34600 33000 33990 97282.00 329270000
20151218 32000 34300 31800 33100 96352.00 317700000
20151217 31150 32310 31000 32170 59864.00 190240000
20151216 31100 31510 30800 31060 35789.00 111410000
20151215 30900 31800 30810 31040 36090.00 112870000
20151214 29600 30860 29220 30830 29328.00 88340000
20151211 30680 31190 30000 30080 37622.00 115010000
20151210 31000 32100 30910 30920 55969.00 176310000
20151209 30700 31490 30700 30980 29141.00 90630000
20151208 32190 32460 30820 31030 38791.00 121690000
20151207 31600 32720 31600 32350 44886.00 144770000
20151204 31490 32700 31250 31940 61358.00 197760000
20151203 30550 31520 30410 31500 39365.00 122580000
20151202 31120 31600 29510 30370 47725.00 144230000
20151201 31880 33000 30700 31550 55151.00 176990000
20151130 31990 32600 29600 31510 74237.00 231650000
20151127 36030 36030 32400 32400 88352.00 299000000
20151126 36200 37280 35200 36000 97608.00 351900000
20151125 34750 36790 34540 36140 107199.00 385340000
20151124 33220 34900 33040 34740 51382.00 175090000
20151123 35000 36060 33100 33550 73425.00 255510000
20151120 34450 35850 34230 35260 86325.00 303040000
20151119 32810 34970 32810 34500 70272.00 239030000
20151118 33790 34390 32610 32800 58870.00 197500000
20151117 35700 36670 33850 33990 123451.00 430620000
20151116 32800 35900 32580 35690 66228.00 229370000
20151113 35690 36190 33400 34000 100643.00 349230000
20151112 37800 38030 36000 36720 112605.00 414520000
20151111 35310 38500 35080 37490 138428.00 514010000
20151110 35100 36500 34720 35700 87678.00 312770000
20151109 34100 36680 32000 35600 97646.00 342200000
20151106 34900 35670 34530 35090 84050.00 295070000
20151105 33800 35790 33100 35000 124762.00 426650000
20151104 31450 33860 31440 33670 105618.00 346760000
20151103 32590 32990 30510 31440 88134.00 279140000
20151102 33000 34990 32720 32720 116675.00 392440000
20151030 37700 38830 36300 36360 140396.00 530600000
20151029 36870 38680 35500 37130 128738.00 476370000
20151028 37770 39900 36710 37100 218849.00 835560000
20151027 33610 37850 32400 37850 199319.00 701740000
20151026 38480 38480 34120 34410 262085.00 955630000
20151023 36800 36800 36800 36800 32206.00 118520000
20151022 30520 33450 30520 33450 187293.00 613670000
20151021 30000 33190 29600 30410 203692.00 649640000
20151020 30030 30710 29130 30170 98313.00 293920000
20151019 29710 31300 28280 30510 150204.00 447420000
20151016 29410 29760 28000 29260 96553.00 279200000
20151015 28300 29650 28100 29430 80592.00 233890000
20151014 29410 30100 28410 28670 77597.00 226970000
20151013 28540 30480 28400 29800 95533.00 282130000
20151012 28090 29860 27510 29300 105375.00 304210000
20151009 27270 28430 26300 27800 95789.00 260290000
20151008 27260 27960 26500 27100 101424.00 276920000
20150930 27300 27600 25510 25710 85656.00 225560000
20150929 27300 29370 27240 27320 120957.00 338540000
20150928 27550 29400 24750 28590 151683.00 416650000
20150925 25810 27000 24960 26800 152047.00 400060000
20150924 26000 27280 25610 26200 120751.00 317780000
20150923 26000 27420 25180 26260 175907.00 463660000
20150922 24930 24930 24930 24930 12156.00 30300000
20150921 20030 22660 19800 22660 52347.00 113240000
20150918 19880 20700 19480 20600 56245.00 113050000
20150917 19740 21170 19160 19400 68533.00 138980000
20150916 18060 19570 17840 19570 54102.00 101140000
20150915 18600 19190 17660 17790 55350.00 100350000
20150914 21830 22190 19620 19620 46385.00 94900000
20150911 21110 22220 21090 21800 52039.00 112500000
20150910 20990 22280 20600 21270 80787.00 173860000
20150909 20260 21520 19910 21520 110788.00 232670000
20150908 17430 19560 17250 19560 57103.00 106110000
20150907 17590 18320 17200 17780 45738.00 81840000
20150902 16800 19260 16770 16980 57728.00 101880000
20150901 20340 20400 18260 18260 46815.00 87850000
20150831 22400 22400 20290 20290 57551.00 121730000
20150828 20960 22600 20230 22540 66862.00 142490000
20150827 20500 21300 18220 20550 67098.00 135000000
20150826 21580 23240 20210 20210 84056.00 178630000
20150825 22460 23460 22460 22460 44718.00 100760000
20150824 25510 26290 24950 24950 22324.00 56010000
20150821 28000 29340 27720 27720 115624.00 326850000
20150820 30800 30800 30030 30800 137893.00 424080000
20150819 25980 29110 24910 28000 70381.00 186310000
20150818 30400 31600 27620 27620 73151.00 216300000
20150817 30450 30900 29100 30690 60013.00 179690000
20150814 31300 32300 30650 30950 72491.00 227090000
20150813 28800 31800 28580 31360 72009.00 213880000
20150812 29300 30970 29030 29500 68980.00 208390000
20150811 30410 30990 29660 30050 82190.00 248650000
20150810 27800 30140 27480 30140 71526.00 206920000
20150807 26640 27660 26120 27400 73133.00 198360000
20150806 25290 26590 24800 25910 43703.00 112830000
20150805 26700 27510 25410 26300 86103.00 230240000
20150804 23780 26140 23780 26140 65348.00 165370000
20150803 25570 25880 23760 23760 43082.00 106240000
20150731 27000 28260 25600 26400 59459.00 160390000
20150730 30000 30740 27700 27900 74971.00 222370000
20150729 29000 30960 25680 30600 89000.00 250570000
20150728 28500 31680 28190 28190 111252.00 320640000
20150727 33000 36010 31320 31320 96839.00 329360000
20150724 34000 36500 33810 34800 151443.00 539860000
20150723 31080 33650 30750 33180 91739.00 293350000
20150722 30880 31500 29500 30650 83015.00 254180000
20150721 30900 32900 30340 31130 97015.00 308470000
20150720 29370 31890 28510 31890 107444.00 324090000
20150717 26350 28990 26010 28990 80844.00 224670000
20150716 22900 27140 22870 26350 100171.00 254960000
20150715 30000 30000 25270 25270 116369.00 310180000
20150714 28080 28080 28080 28080 4016.00 11270000
20150713 25530 25530 25530 25530 5491.00 14020000
20150710 23170 23210 22150 23210 37812.00 87410000
20150709 18000 21100 18000 21100 81699.00 167290000
20150708 18360 19890 18360 19180 185595.00 345450000
20150707 20710 21200 20400 20400 42876.00 87940000
20150706 27710 27710 22670 22670 74669.00 183130000
20150703 26100 29200 25050 25190 83905.00 220620000
20150702 28600 30460 27830 27830 50789.00 145320000
20150701 33600 35900 30920 30920 70999.00 238780000
20150630 30260 35200 29930 34350 79778.00 257060000
20150629 36600 36950 33260 33260 51935.00 175110000
20150626 38000 39040 36950 36950 42043.00 157440000
20150625 44830 45170 40830 41060 49613.00 213640000
20150624 46700 48670 43560 45370 59458.00 272560000
20150623 46500 47500 42120 47090 59718.00 261670000
20150619 47960 51250 46120 46800 30286.00 147990000
20150618 56130 56700 50500 50910 29407.00 155480000
20150617 58000 58570 52760 55650 39789.00 219080000
20150616 62990 63000 57000 58620 25474.00 151730000
20150615 61880 65480 56000 61870 23993.00 150380000
20150612 72990 74300 70000 72550 13815.00 100280000
20150611 66890 73660 66110 71990 28912.00 203980000
20150610 63250 69000 63000 67430 44604.00 290720000
20150609 63000 66490 62510 64500 20516.00 131360000
20150608 66580 66800 61000 65000 35247.00 225980000
20150605 66890 68000 63000 65780 56209.00 367180000
20150604 67600 68950 59000 65000 65908.00 435700000
20150603 62750 65500 59600 64550 52402.00 330070000
20150602 59120 63780 59120 61860 62173.00 387670000
20150601 52900 57980 52900 57980 95019.00 533260000
20150529 53300 53360 47920 52710 73390.00 374200000
20150528 58860 58860 53240 53240 52285.00 287410000
20150527 61600 61600 58610 59150 31632.00 188360000
20150526 61000 62690 59660 61700 29865.00 183000000
20150525 56900 63890 54880 61000 50953.00 305750000
20150522 54750 58410 54150 58350 96937.00 550090000
20150521 52200 54000 51000 53100 66259.00 349150000
20150520 51030 55600 50580 54000 41408.00 221560000
20150519 51490 53180 48000 51560 41260.00 211340000
20150518 48900 54000 48500 52460 64366.00 335590000
20150515 44820 49290 43380 49290 97470.00 455980000
20150514 45400 46580 43580 44810 78569.00 353500000
20150513 40180 45170 39990 45170 115073.00 498910000
20150512 40200 41550 39080 41060 72740.00 292470000
20150511 38400 40840 37360 40250 53028.00 207890000
20150508 35990 38300 35920 38180 48895.00 182580000
20150507 36100 36880 35280 35450 24797.00 88870000
20150506 35990 36930 35680 35980 30031.00 109050000
20150505 37060 37350 35350 35990 35842.00 130500000
20150504 38700 38700 36190 37400 36304.00 134580000
20150430 39650 39860 38230 38410 36984.00 143870000
20150429 37960 39890 37810 39500 28127.00 110130000
20150428 40210 40900 37500 37850 39977.00 154590000
20150427 39950 42400 39620 40210 52317.00 213070000
20150424 39100 40700 38710 40080 69888.00 276850000
20150423 38800 41800 38280 40000 89500.00 357270000
20150422 36570 39500 36550 38700 100814.00 382250000
20150421 33510 36600 33510 36570 60411.00 214910000
20150420 34500 34580 33350 33390 33921.00 115160000
20150417 35680 35920 34500 34700 49628.00 172890000
20150416 35000 37690 34010 35620 40258.00 145440000
20150415 38060 38490 35720 35720 62656.00 230260000
20150414 36800 40190 36090 38590 91263.00 347860000
20150413 35000 37700 34810 36840 77275.00 282760000
20150410 33500 35820 33000 35220 51366.00 179490000
20150409 34780 34780 32300 33600 60206.00 200050000
20150408 37080 37190 34000 34850 67604.00 239460000
20150407 36200 37900 36100 36990 81231.00 300610000
20150403 36100 36380 35400 36180 53054.00 190390000
20150402 36860 36980 35820 36350 58359.00 211640000
20150401 35480 37060 35180 36700 79191.00 287260000
20150331 34500 35800 34090 35530 54127.00 189910000
20150330 35550 35690 33720 34500 67151.00 230690000
20150327 35040 35780 34910 35480 26620.00 94370000
20150326 35450 36340 34560 35080 47077.00 166500000
20150325 36580 36580 35300 35740 79051.00 282410000
20150324 38500 38550 35200 36590 126348.00 464490000
20150323 38600 38870 37300 38550 43791.00 166460000
20150320 37000 38370 36710 37780 41257.00 155450000
20150319 37240 37520 36120 36940 40151.00 147370000
20150318 36000 38370 35880 37240 44089.00 164520000
20150317 36940 37700 35720 36300 58816.00 214640000
20150316 36000 37700 35510 36750 75179.00 277060000
20150313 33960 35430 32920 35000 46268.00 159640000
20150312 34460 34940 32100 34320 50997.00 171950000
20150311 35400 36200 34430 34460 40685.00 142190000
20150310 34330 36200 33540 35800 76365.00 269260000
20150309 32800 35270 32580 34300 66264.00 226630000
20150306 34500 34990 32800 32800 71942.00 243510000
20150305 37770 37770 35100 35250 154110.00 560030000
20150304 31800 35160 31800 35160 64108.00 220570000
20150303 31300 33820 30900 31960 83678.00 271880000
20150302 30000 31650 29800 31350 50699.00 156510000
20150227 30000 30600 29900 30240 30216.00 91770000
20150226 30530 31000 29010 29940 46587.00 139620000
20150225 31530 31800 30680 30890 36862.00 114720000
20150217 30320 32520 30320 31690 66580.00 209570000
20150216 30000 30500 29300 30300 57664.00 173270000
20150213 27800 30560 27800 30100 71702.00 212820000
20150212 27800 28100 27470 27780 24098.00 66860000
20150211 27300 28140 27010 27860 24422.00 67240000
20150210 26860 27410 26530 27320 24559.00 66380000
20150209 25980 27260 25970 26700 35748.00 95930000
20150206 27230 27470 25890 25970 49270.00 130230000
20150205 28110 28780 27030 27180 49996.00 139950000
20150204 28300 28300 27720 28110 26912.00 75580000
20150203 27760 28320 27530 28000 50395.00 141260000
20150202 29500 29500 27420 27760 54312.00 154360000
20150130 31430 31770 29800 29810 23070.00 70120000
20150129 31590 31970 31200 31310 19701.00 62080000
20150128 31700 32760 31180 31600 26161.00 84190000
20150127 32400 32900 30500 31800 33013.00 105050000
20150126 32300 33000 31990 32600 34622.00 112500000
20150123 33500 34760 31960 32400 94093.00 311880000
20150122 29800 32580 29800 32580 72748.00 228440000
20150121 30100 30580 29450 29620 40896.00 121850000
20150120 29000 30450 28460 30000 48787.00 144950000
20150119 28090 30940 27540 29050 49611.00 146930000
20150116 29030 29860 28540 29170 30159.00 87950000
20150115 29490 29600 28460 29030 47352.00 137480000
20150114 28500 30370 28060 29930 103574.00 302810000
20150113 25680 28440 25000 28440 84380.00 231530000
20150112 26950 26950 24480 25850 26723.00 69000000
20150109 26970 28480 26970 27200 37760.00 105310000
20150108 26550 28310 26200 27360 55806.00 153310000
20150107 26690 27000 26010 26560 26116.00 68910000
20150106 25000 27270 24880 26840 45124.00 118650000
20150105 25580 25770 24510 25000 18608.00 46680000
20141231 24480 25550 24480 25540 23779.00 60020000
20141230 25200 25440 24410 24590 16235.00 40430000
20141229 26510 26510 24910 25000 27954.00 70750000
20141226 26900 27220 26600 26720 16222.00 43520000
20141225 27320 27770 26300 26990 23850.00 63930000
20141224 26770 27440 26560 27250 31690.00 85850000
20141223 25800 26760 25500 26470 39426.00 104010000
20141222 26580 26580 24760 25910 57622.00 147310000
20141219 28450 28450 25690 26920 82292.00 219900000
20141218 28860 29250 27910 28530 69475.00 197720000
20141217 31500 31500 28680 29200 69712.00 207630000
20141216 33000 33420 31200 31750 53748.00 171420000
20141215 31790 34200 31660 33200 49254.00 161000000
20141212 30290 31990 30140 31960 46578.00 145730000
20141211 31100 31600 29000 30850 63236.00 190900000
20141210 30670 32780 29380 31850 42501.00 131560000
20141209 33970 33970 31710 31710 46442.00 149180000
20141208 38020 38860 35230 35230 33127.00 120860000
20141205 42000 42000 38220 39140 30277.00 119840000
20141204 38210 42480 38210 41310 18563.00 75700000
20141203 39000 39990 36000 39390 62433.00 234490000
20141202 41380 41970 40000 40000 23740.00 97780000
20141201 42110 42510 39110 41190 33664.00 137370000
20141128 42030 44300 41010 43000 23839.00 101960000
20141127 38880 43190 38880 42030 27799.00 113830000
20141126 39450 40120 38630 39260 17270.00 68190000
20141125 37340 40370 37340 39400 38019.00 150810000
20141124 35850 38270 35040 37780 21959.00 81620000
20141121 34500 36660 34230 35740 18125.00 64410000
20141120 32740 34930 32740 34880 23234.00 80150000
20141119 33400 33850 30440 33370 11061.00 36730000
20141118 33300 33850 33000 33100 14302.00 47800000
20141117 31550 33270 30960 33040 14971.00 48010000
20141114 31000 31710 30300 31710 12680.00 39240000
20141113 32880 32880 31400 31410 11739.00 37380000
20141112 33440 33790 31200 32750 27082.00 86790000
20141111 34130 34130 31530 32600 34429.00 113270000
20141110 33310 34580 33050 34130 12709.00 43070000
20141107 33650 34020 33210 33490 17082.00 57280000
20141106 33370 34820 33030 33480 24288.00 82300000
20141105 30700 34200 30680 33580 29155.00 95160000
20141104 31200 31830 30640 31230 27422.00 85530000
20141103 31650 32270 31020 31770 16759.00 52840000
20141031 31550 32850 31550 31850 25295.00 81540000
20141030 31000 32440 30710 32000 20181.00 64120000
20141029 30990 31950 30680 31000 11283.00 35100000
20141028 30770 31380 30000 31260 32727.00 101500000
20141027 27700 30650 27560 30600 41575.00 121750000
20141024 28170 28170 27300 27990 28021.00 77500000
20141023 28500 28900 27820 28000 11383.00 32100000
20141022 29530 29700 28200 28500 18900.00 54560000
20141021 29280 30050 28910 29550 15740.00 46530000
20141020 29800 30130 29400 29430 22143.00 66130000
20141017 29960 30790 28210 30010 38237.00 113700000
20141016 31250 32000 30520 31000 19987.00 62750000
20141015 30010 31750 29410 31450 30589.00 93890000
20141014 29880 31660 29510 30590 29102.00 89830000
20141013 30190 30880 28880 30180 38016.00 112570000
20141010 28600 30500 28300 30130 62425.00 185020000
20141009 28780 29600 28400 28600 43142.00 124470000
20141008 28190 29880 27010 28810 61456.00 173120000
20140930 27060 28370 27020 27790 58080.00 161110000
20140929 27370 27770 26210 27500 78499.00 211880000
20140926 27600 27690 26430 27500 98622.00 269230000
20140925 25170 25170 25170 25170 833.00 2090000
20140825 21400 23550 21400 22880 42561.00 96760000
20140822 21200 21570 21110 21410 17816.00 37900000
20140821 21000 21450 20670 21160 14293.00 30110000
20140820 20780 21300 20610 20990 12872.00 27120000
20140819 20600 20890 20480 20780 13915.00 28800000
20140818 20220 20890 20120 20620 17669.00 36320000
20140815 20300 20360 20040 20240 7556.00 15220000
20140814 19930 20590 19890 20220 12814.00 25970000
20140813 20070 20100 19760 19930 7791.00 15510000
20140812 19930 20080 19770 20080 8867.00 17690000
20140811 19650 20100 19530 19930 7484.00 14870000
20140808 19540 19720 19370 19650 6591.00 12880000
20140807 19910 20170 19500 19530 7992.00 15890000
20140806 19820 20110 19750 19910 5857.00 11700000
20140805 19580 19990 19550 19920 9670.00 19150000
20140804 19500 19950 19210 19720 8085.00 15790000
20140801 19620 20110 19460 19690 8702.00 17250000
20140731 19600 19680 19420 19630 5388.00 10530000
20140730 19100 19660 19000 19650 6944.00 13430000
20140729 19050 19340 19050 19200 5157.00 9910000
20140728 18710 19180 18710 19020 4236.00 8050000
20140725 18610 19030 18200 18760 3550.00 6630000
20140724 19120 19390 18510 18550 3871.00 7290000
20140723 19890 19980 19060 19170 4048.00 7920000
20140722 19520 19980 19440 19890 3498.00 6900000
20140721 19350 19690 19350 19520 2940.00 5740000
20140718 19640 19930 19360 19450 4077.00 8030000
20140717 19940 20060 19530 19690 4749.00 9410000
20140716 20610 20720 19970 20030 8124.00 16470000
20140715 20930 21350 20560 20700 11151.00 23410000
20140714 20370 21000 20370 20930 7537.00 15660000
20140711 20220 20560 19890 20370 5722.00 11620000
20140710 20630 20690 20190 20220 8696.00 17770000
20140709 21470 21480 20000 20340 8883.00 18460000
20140708 21160 21300 21000 21300 10530.00 22280000
20140707 21080 21500 21050 21160 6752.00 14290000
20140704 21090 21300 20880 21140 5568.00 11730000
20140703 20780 21430 20660 21000 7765.00 16460000
20140702 21150 21500 20680 20900 12468.00 26290000
20140701 21490 21800 20750 21150 12299.00 26080000
20140630 20250 21650 20250 21340 13762.00 29160000
20140627 20300 20500 20250 20390 7711.00 15690000
20140626 20100 20600 19920 20330 10654.00 21700000
20140625 19300 20780 19030 20100 12413.00 24710000
20140624 18970 19600 18730 19430 11266.00 21800000
20140623 17990 18980 17840 18900 6616.00 12290000
20140620 17800 17990 17660 17950 3862.00 6880000
20140619 18840 18900 17510 17790 6509.00 11870000
20140618 18810 19300 18780 18830 7038.00 13400000
20140617 19300 19350 18760 18760 4453.00 8440000
20140616 18800 19590 18800 19150 11266.00 21780000
20140613 18230 18750 18230 18740 7026.00 13050000
20140612 18360 18520 18230 18250 4766.00 8740000
20140611 18210 18490 18120 18360 5118.00 9360000
20140610 17410 18400 17410 18280 7001.00 12580000
20140609 17650 17930 17500 17540 4297.00 7610000
20140606 17990 18080 17600 17720 4501.00 8020000
20140605 17700 17990 17600 17990 4665.00 8330000
20140604 18450 18450 17760 17810 4445.00 8000000
20140603 18280 18650 18250 18450 3601.00 6630000
20140530 18420 18580 18220 18280 4512.00 8290000
20140529 18660 19040 18350 18520 6500.00 12180000
20140528 18230 18780 18150 18730 6114.00 11300000
20140527 18900 18900 18210 18210 5608.00 10330000
20140526 18440 18790 18440 18730 6108.00 11400000
20140523 18250 18400 17910 18340 3334.00 6050000
20140522 17900 18350 17760 18200 5658.00 10260000
20140521 17500 17870 17500 17800 2546.00 4500000
20140520 17500 17950 17500 17600 3222.00 5700000
20140519 17250 17460 17040 17360 2631.00 4550000
20140516 17510 17660 16940 17190 4508.00 7750000
20140515 18530 18720 17540 17550 7077.00 12780000
20140514 18510 18800 18500 18760 3162.00 5910000
20140513 18350 18800 18350 18500 3191.00 5910000
20140512 18020 18550 17900 18440 3320.00 6060000
20140509 18060 18240 17490 18020 5125.00 9150000
20140508 18300 18630 17820 18000 5496.00 10040000
20140507 19040 19180 18380 18380 5775.00 10800000
20140506 18450 19200 18230 19200 7781.00 14660000
20140505 18350 18440 18000 18390 5128.00 9360000
20140430 17600 18450 17600 18210 7315.00 13260000
20140429 17650 17800 16810 17670 10968.00 19070000
20140428 19850 19850 17810 17810 11832.00 21620000
20140425 20280 20510 19790 19790 8800.00 17690000
20140424 19950 20860 19700 20280 17803.00 35730000
20140423 20200 20380 19820 19900 5938.00 11930000
20140422 21130 21450 19510 20150 13403.00 27320000
20140421 20810 21670 20810 21290 7479.00 16020000
20140418 21540 21610 21120 21310 5986.00 12760000
20140417 21810 21950 21300 21530 10150.00 21920000
20140416 23200 23200 21750 21810 10385.00 23160000
20140415 24150 24170 22800 22990 13788.00 32040000
20140414 23960 24300 23580 23940 8866.00 21220000
20140411 23680 24060 23000 23830 11287.00 26680000
20140410 24300 24300 23520 23680 13828.00 32970000
20140409 22700 24350 22560 23880 18268.00 43030000
20140408 23100 23100 22120 22560 10203.00 23090000
20140404 22750 23110 22350 23110 13717.00 31250000
20140403 22000 22450 21750 22410 13619.00 30200000
20140402 22630 23210 21000 21950 18994.00 42900000
20140401 21690 22230 21400 22230 14379.00 31540000
20140331 20980 22330 20700 21690 14896.00 32090000
20140328 21800 22410 20360 20990 17075.00 36170000
20140327 22050 23320 21700 22000 22985.00 51460000
20140326 20880 22200 20880 22000 17204.00 37560000
20140325 20150 20950 19930 20880 18449.00 37900000
20140324 20990 20990 19810 20130 11825.00 24070000
20140321 20800 21150 19900 20830 13327.00 27240000
20140320 21560 22150 21010 21090 17302.00 37470000
20140319 21460 21610 21010 21560 10845.00 23150000
20140318 20450 21470 20150 21460 17381.00 36560000
20140317 19410 20500 19410 20490 11311.00 22700000
20140314 19570 19820 19200 19400 6991.00 13640000
20140313 19480 19800 19010 19770 9101.00 17760000
20140312 19670 19970 18750 19310 9950.00 19310000
20140311 20160 20160 19270 19560 11437.00 22480000
20140310 21860 21950 20040 20040 21854.00 45140000
20140307 21670 22390 20890 22270 22139.00 48170000
20140306 22250 22270 21610 21850 11350.00 24800000
20140305 22080 22500 21620 22270 13436.00 29670000
20140304 22330 22640 21550 22060 17381.00 38250000
20140303 21890 22550 21200 22370 16319.00 35880000
20140228 23360 23360 21420 22130 30930.00 68020000
20140227 26030 26970 23800 23800 26129.00 65450000
20140226 25100 26970 23800 26440 36807.00 93010000
20140225 26700 28480 24320 26160 55305.00 147420000
20140224 23800 25890 23680 25890 25580.00 64510000
20140221 22020 23680 22010 23540 31413.00 72670000
20140220 22600 22700 21600 22200 19837.00 43770000
20140219 21510 22760 21400 22490 21513.00 47970000
20140218 21000 22480 20970 21650 22731.00 49230000
20140217 20030 21600 19710 21290 21139.00 43260000
20140214 19300 19850 19040 19720 19784.00 38350000
20140213 19360 19930 19100 19100 19590.00 38250000
20140212 19210 20190 19190 19700 30103.00 59580000
20140211 19600 20000 18900 19000 41192.00 80260000
20140210 17340 18560 17340 18560 16853.00 31050000
20140207 16160 16890 16160 16870 16454.00 27230000
20140130 16420 16760 16320 16360 10302.00 16990000
20140129 16530 16870 16190 16520 14667.00 24150000
20140128 16700 16950 16300 16400 22109.00 36750000
20140127 15900 16940 15900 16550 37702.00 62570000
20140124 15350 16200 15000 15980 41044.00 63940000
20140123 15150 15580 15030 15300 22237.00 34020000
20140122 15070 15300 14920 15240 20433.00 30850000
20140121 15000 15080 14810 15000 11202.00 16740000
20140120 15000 15170 14610 14990 18931.00 28120000
20140117 14140 15260 14050 15200 36225.00 53910000
20140116 14880 14880 13920 14270 42034.00 59950000
20131031 13560 13730 13310 13530 6368.00 8600000
20131030 13550 13970 13230 13740 6222.00 8550000
20131029 14050 14240 12700 13630 16353.00 21890000
20131028 14000 14260 13900 14020 5672.00 7980000
20131025 14380 14480 14000 14120 8550.00 12130000
20131024 14200 14470 14080 14390 9763.00 13960000
20131023 14790 14970 13910 14130 20199.00 28940000
20131022 15480 15500 14680 14800 30774.00 46290000
20131021 15680 15680 15210 15480 28434.00 43950000
20131018 14700 15450 14570 15400 33581.00 50460000
20131017 15060 15780 14870 14870 45738.00 70110000
20131016 14480 15500 14170 15170 62165.00 92810000
20131015 13890 14800 13880 14540 37256.00 54080000
20131014 13850 14050 13700 13980 16276.00 22580000
20131011 13920 14180 13720 13890 15160.00 21110000
20131010 14430 14430 13880 13920 22606.00 31890000
20131009 13660 14350 13600 14310 33409.00 47110000
20131008 13810 13910 13470 13660 18615.00 25410000
20130930 13800 13990 13540 13800 21736.00 29870000
20130927 13040 13790 13000 13710 30856.00 41650000
20130926 12860 13340 12730 13040 20845.00 27420000
20130925 13330 13330 12830 12930 16993.00 22200000
20130924 13290 13390 13100 13340 18804.00 24940000
20130923 12900 13190 12850 13150 20460.00 26780000
20130918 12850 12970 12730 12930 15677.00 20170000
20130917 13720 13850 12820 12850 26120.00 34670000
20130916 13660 13840 13470 13730 25589.00 34970000
20130913 13550 14030 13400 13680 32908.00 45100000
20130912 13550 13960 13230 13620 43809.00 59750000
20130911 14250 14270 13200 13550 51637.00 70510000
20130910 14410 14500 13990 14210 34316.00 48650000
20130909 14520 14680 13880 14390 34768.00 49180000
20130906 15200 15300 14400 14540 59834.00 87620000
20130905 15360 15870 15150 15380 76386.00 118510000
20130904 15280 15410 15000 15140 24258.00 36730000
20130903 14700 15380 14520 15150 38284.00 57550000
20130902 14440 14750 13940 14660 26901.00 38570000
20130830 14800 15060 14080 14350 45695.00 66480000
20130829 15370 15560 14600 14800 44587.00 67050000
20130828 15390 15850 14750 15350 72446.00 111740000
20130827 15010 15630 14920 15420 73301.00 112690000
20130826 15010 15470 14820 15010 66767.00 100400000
20130823 16200 16900 15000 15250 137710.00 216910000
20130822 14500 15530 14430 15530 36563.00 55650000
20130821 14190 14870 13860 14120 73610.00 105900000
20130820 13730 14250 13600 14130 55852.00 78540000
20130819 13150 13850 12900 13730 57122.00 77270000
20130816 12790 13460 12630 13150 40805.00 53360000
20130815 13010 13010 12500 12970 34092.00 43530000
20130814 12300 13230 12250 12910 55204.00 71050000
20130813 12040 12530 11970 12340 30922.00 38120000
20130812 12060 12130 11830 11970 16612.00 19900000
20130809 11770 12010 11650 12010 20687.00 24510000
20130808 11720 11940 11610 11770 14774.00 17410000
20130807 11950 12010 11630 11670 25507.00 29990000
20130806 12110 12290 11860 11950 31547.00 37770000
20130805 12080 12420 11950 12190 36753.00 44960000
20130802 12090 12300 11830 12100 37888.00 45720000
20130801 11770 12280 11510 12090 39468.00 46910000
20130731 12560 12850 11740 11810 61914.00 75600000
20130730 12200 13080 12060 12560 75579.00 94570000
20130729 12140 12500 11990 12190 42425.00 52030000
20130726 11850 12450 11350 12150 65073.00 79310000
20130725 12000 12700 11850 11980 81066.00 99330000
20130724 11680 11970 11420 11700 40978.00 47830000
20130723 11380 11750 11150 11650 39158.00 44930000
20130722 10990 11490 10820 11380 46153.00 51830000
20130719 11030 11210 10770 10920 22568.00 24780000
20130718 11050 11330 10830 11120 25760.00 28550000
20130717 10710 11190 10700 11110 40804.00 44690000
20130716 10540 10780 10460 10770 22769.00 24160000
20130715 10150 10550 10150 10550 21321.00 22240000
20130712 10200 10370 10080 10140 9719.00 9930000
20130711 10000 10270 9900 10160 10045.00 10140000
20130710 9660 10020 9600 9960 9605.00 9380000
20130709 9510 9780 9510 9710 6852.00 6620000
20130708 9900 9900 9400 9540 11202.00 10830000
20130705 10470 10600 10050 10080 10784.00 11120000
20130704 10530 10810 10300 10450 15416.00 16380000
20130703 10360 10660 10240 10530 16412.00 17160000
20130702 10050 10400 10050 10340 15213.00 15590000
20130701 9780 10150 9670 10110 8733.00 8650000
20130628 9780 10150 9530 9780 11839.00 11650000
20130627 10230 10380 9780 9810 17821.00 18040000
20130626 9800 10250 9650 10190 16565.00 16510000
20130625 9950 10100 9050 9840 24580.00 23710000
20130624 10590 10790 9910 10030 18005.00 18590000
20130621 10810 11100 10450 10760 15157.00 16320000
20130620 11460 11670 11000 11000 17334.00 19680000
20130619 11310 11650 11080 11640 19686.00 22170000
20130618 11660 11790 11200 11380 23950.00 27330000
20130617 11700 11840 11530 11660 27627.00 32240000
20130614 11050 11850 11050 11790 38490.00 44680000
20130613 10790 11300 10300 11200 33432.00 36520000
20130607 10500 10880 10390 10880 16536.00 17660000
20130606 10800 11180 10410 10530 22552.00 24450000
20130605 10380 10860 10250 10850 16436.00 17430000
20130604 10560 10770 10130 10380 18495.00 19220000
20130603 10810 11350 10660 10660 29107.00 32100000
20130531 10670 11050 10610 10780 26279.00 28550000
20130530 10320 10980 10320 10690 33972.00 36350000
20130529 10300 10380 10220 10330 10828.00 11150000
20130528 10400 10450 10140 10320 18520.00 19060000
20130527 10150 10590 10120 10380 20798.00 21640000
20130524 9810 10220 9810 10160 13882.00 13940000
20130523 9860 10040 9850 9890 10917.00 10840000
20130522 10180 10180 9900 9930 19443.00 19470000
20130521 9940 10200 9900 10180 20095.00 20300000
20130520 9930 10060 9750 9930 19845.00 19670000
20130517 9890 9920 9750 9910 11527.00 11370000
20130516 9890 10010 9740 9830 19884.00 19670000
20130515 9550 9990 9540 9950 23509.00 23070000
20130514 9630 9650 9440 9560 12582.00 11960000
20130513 9700 9720 9480 9630 15316.00 14670000
20130510 9630 9740 9500 9700 19042.00 18350000
20130509 9580 9730 9460 9620 16724.00 16060000
20130508 9480 9670 9360 9670 17090.00 16220000
20130507 9450 9490 9290 9400 9601.00 9000000
20130506 9180 9440 9180 9440 13650.00 12760000
20130503 9120 9240 9040 9190 8094.00 7410000
20130502 8890 9050 8880 9030 5040.00 4530000
20130426 9110 9240 8930 8940 12320.00 11150000
20130425 9210 9410 9130 9230 19050.00 17710000
20130424 9060 9250 9000 9220 10840.00 9910000
20130423 9380 9380 8950 9030 16352.00 14910000
20130422 9300 9580 9260 9400 25503.00 24000000
20130419 9190 9390 9120 9200 20542.00 19010000
20130418 9170 9330 9120 9170 9524.00 8760000
20130417 8900 9370 8840 9270 28146.00 25580000
20130416 8980 8980 8710 8890 22357.00 19730000
20130415 9310 9520 9130 9140 14970.00 14000000
20130412 9640 9720 9220 9260 21994.00 20820000
20130411 9730 9780 9600 9710 26136.00 25230000
20130410 9740 10060 9690 9810 37301.00 36790000
20130409 10230 10330 9730 9780 73887.00 73810000
20130408 10370 10370 9930 10370 105543.00 108710000
20130403 9190 9610 9190 9430 21123.00 19870000
20130402 9320 9420 9100 9130 6969.00 6440000
20130401 9260 9500 9220 9330 8724.00 8140000
20130329 9200 9300 9100 9190 5999.00 5520000
20130328 9490 9490 9140 9140 9701.00 8980000
20130327 9340 9820 9300 9490 14653.00 13920000
20130326 9320 9460 9180 9300 9255.00 8590000
20130325 9420 9500 9350 9360 5179.00 4860000
20130322 9380 9400 9280 9380 6331.00 5910000
20130321 9350 9470 9260 9360 9966.00 9350000
20130320 9050 9360 9000 9320 9871.00 9100000
20130319 9120 9190 8800 9050 10240.00 9210000
20130318 9250 9390 9100 9130 11329.00 10490000
20130315 9300 9430 9210 9330 17200.00 16010000
20130314 9410 9510 9280 9290 8974.00 8410000
20130313 9550 9550 9250 9410 8394.00 7860000
20130312 9900 10080 9350 9520 16795.00 16150000
20130311 10180 10230 9860 9940 8420.00 8360000
20130308 10150 10300 9960 9970 10101.00 10190000
20130307 10320 10340 10000 10100 19822.00 20130000
20130306 9930 10500 9930 10310 35210.00 36180000
20130305 9710 10000 9580 9910 17178.00 16900000
20130304 9750 10100 9640 9710 33336.00 33050000
20130301 9640 9850 9520 9820 22916.00 22210000
20130228 9470 9580 9320 9580 10802.00 10240000
20130227 9670 9670 9300 9450 14696.00 13870000
20130226 9470 9860 9370 9600 25530.00 24740000
20130225 9370 9580 9300 9520 12159.00 11450000
20130222 9410 9600 9300 9340 13550.00 12780000
20130221 9700 9870 9410 9550 30481.00 29450000
20130220 9290 9890 9280 9780 35402.00 33910000
20130219 9310 9630 9280 9320 23548.00 22140000
20130218 9270 9330 9150 9300 9803.00 9040000
20130208 9190 9300 9100 9240 9521.00 8760000
20130207 9040 9220 9000 9160 13053.00 11900000
20130206 8880 9170 8880 8990 8939.00 8050000
20130205 8770 8950 8760 8930 5348.00 4740000
20130204 8880 8930 8730 8840 9362.00 8260000
20130201 8750 9100 8730 8910 10030.00 8950000
20130131 8990 8990 8780 8800 7823.00 6920000
20130130 9000 9250 8740 9040 18135.00 16140000
20130129 8970 9090 8930 9050 7008.00 6320000
20130128 8780 9000 8780 8970 5106.00 4550000
20130125 8740 8810 8690 8780 4997.00 4370000
20130124 8910 9040 8600 8680 11323.00 10010000
20130123 9030 9080 8760 8950 10782.00 9600000
20130122 9400 9400 9050 9060 10183.00 9360000
20130121 9300 9500 9300 9330 10962.00 10260000
20130118 9180 9340 9180 9300 10520.00 9760000
20130117 9320 9400 9140 9180 9395.00 8690000
20130116 9290 9480 9100 9320 20275.00 18860000
20130115 9110 9630 9060 9290 23138.00 21480000
20130114 8690 9280 8650 9110 19588.00 17650000
20130111 8960 9040 8670 8690 13153.00 11680000
20130110 8800 9010 8800 8950 7410.00 6600000
20130109 8970 9050 8820 8870 13312.00 11870000
20130108 9000 9300 8960 8990 25443.00 23180000
20130107 8650 8920 8590 8910 15957.00 14050000
20130104 8690 8750 8500 8580 6932.00 5950000
20121231 8730 8760 8600 8660 7383.00 6400000
20121228 8560 8750 8530 8690 10440.00 9020000
20121227 8900 8980 8530 8550 15443.00 13530000
20121226 8500 8880 8400 8770 18029.00 15670000
20121225 8370 8530 8310 8490 11639.00 9840000
20121224 8130 8400 8120 8350 10590.00 8780000
20121221 8100 8280 8100 8180 8853.00 7250000
20121220 8200 8230 8050 8160 7083.00 5770000
20121219 8060 8160 8060 8160 6594.00 5350000
20121218 8120 8270 8060 8100 11708.00 9550000
20121217 8050 8140 8000 8110 7184.00 5790000
20121214 7880 8100 7750 8080 8517.00 6790000
20121213 7840 7920 7730 7780 3871.00 3030000
20121212 7850 7940 7740 7830 4159.00 3250000
20121211 7960 8020 7860 7870 5150.00 4070000
20121210 7890 8030 7820 8010 5978.00 4760000
20121207 7700 7900 7700 7890 5293.00 4150000
20121206 7700 7870 7700 7730 3743.00 2910000
20121205 7530 7830 7450 7750 7129.00 5510000
20121204 7440 7590 7360 7530 2860.00 2120000
20121203 7340 7680 7330 7420 5823.00 4390000
20121130 7460 7630 7440 7550 3094.00 2330000
20121129 7650 7710 7500 7520 2444.00 1850000
20121128 7730 7790 7510 7600 3378.00 2560000
20121127 8080 8080 7750 7750 4726.00 3720000
20121126 8180 8270 8060 8080 2636.00 2140000
20121123 8230 8310 8200 8230 1728.00 1420000
20121122 8260 8350 8250 8260 2548.00 2110000
20121121 8200 8350 8170 8340 3505.00 2890000
20121120 8300 8330 8150 8230 2932.00 2400000
20121119 8130 8160 8010 8150 3411.00 2760000
20121116 8160 8310 8090 8130 4229.00 3440000
20121115 8150 8820 8080 8190 7335.00 6090000
20121114 8210 8250 8030 8190 6145.00 4990000
20121113 8420 8420 8210 8210 2810.00 2330000
20121112 8340 8480 8340 8440 4530.00 3800000
20121109 8430 8480 8330 8340 4229.00 3550000
20121108 8580 8630 8400 8430 4972.00 4230000
20121107 8610 8750 8600 8700 3918.00 3400000
20121106 8790 8790 8520 8680 3663.00 3140000
20121105 8770 8770 8630 8700 3919.00 3400000
20121102 8580 8780 8570 8770 6635.00 5760000
20121101 8470 8630 8470 8600 4293.00 3680000
20121031 8440 8470 8380 8450 2371.00 1990000
20121030 8360 8590 8320 8470 2386.00 2010000
20121029 8330 8480 8300 8360 2095.00 1750000
20121026 8880 8880 8400 8410 7167.00 6140000
20121025 8700 8790 8520 8540 4215.00 3650000
20121024 8700 8770 8670 8700 4729.00 4110000
20121023 8900 8920 8730 8740 5487.00 4840000
20121022 8850 8930 8760 8890 4904.00 4340000
20121019 8880 8930 8790 8850 3933.00 3470000
20121018 8670 8950 8670 8860 10642.00 9440000
20121017 8600 8770 8580 8750 4902.00 4250000
20121016 8490 8750 8490 8600 5324.00 4600000
20121015 8710 8760 8420 8550 8460.00 7250000
20121012 8750 9170 8710 8820 13976.00 12420000
20121011 8810 8950 8660 8710 7352.00 6460000
20121010 8670 8980 8660 8870 9656.00 8530000
20121009 8570 8970 8490 8790 11489.00 10010000
20121008 8610 8610 8410 8470 3788.00 3200000
20120928 8250 8610 8250 8460 5774.00 4860000
20120927 8130 8480 8100 8340 6324.00 5240000
20120926 8270 8360 8070 8080 2731.00 2240000
20120925 8360 8380 8240 8290 3114.00 2580000
20120924 8220 8450 8220 8360 4301.00 3590000
20120921 8440 8560 8340 8360 5491.00 4630000
20120920 8920 8980 8500 8500 9730.00 8480000
20120919 8950 9040 8830 9000 9112.00 8140000
20120918 8960 8960 8740 8800 4833.00 4270000
20120917 9090 9100 8790 8820 11381.00 10120000
20120914 9300 9300 8980 9090 13701.00 12440000
20120913 9170 9240 9070 9140 12048.00 11050000
20120912 9190 9240 9030 9140 9926.00 9030000
20120911 9340 9340 9110 9150 11318.00 10380000
20120910 9180 9310 9080 9280 15134.00 13890000
20120907 9080 9270 8960 9140 19441.00 17770000
20120906 9000 9090 8850 8960 11687.00 10450000
20120905 8690 9050 8560 9000 18475.00 16400000
20120904 8750 8810 8630 8690 9117.00 7970000
20120903 8540 8790 8480 8740 11220.00 9760000
20120831 8480 8500 8330 8450 6507.00 5480000
20120830 8700 8780 8270 8380 10735.00 9130000
20120829 8750 8920 8660 8700 13534.00 11910000
20120828 8800 8880 8600 8800 12170.00 10670000
20120827 8780 8780 8470 8570 7556.00 6480000
20120824 8850 8930 8640 8740 14627.00 12830000
20120823 8530 8840 8500 8830 11317.00 9900000
20120822 8550 8870 8520 8590 14917.00 12940000
20120821 8330 8590 8220 8520 9830.00 8350000
20120820 8300 8350 8160 8330 5513.00 4550000
20120817 8320 8380 8240 8350 8092.00 6710000
20120816 8420 8540 8340 8380 6964.00 5850000
20120815 8660 8670 8490 8500 10524.00 9010000
20120814 8880 9370 8550 8810 21948.00 19460000
20120813 8570 8690 8420 8620 13129.00 11290000
20120810 8720 8720 8530 8630 9380.00 8070000
20120809 8380 8750 8350 8700 14353.00 12280000
20120808 8520 8580 8380 8480 6672.00 5640000
20120807 8500 8580 8430 8510 8138.00 6910000
20120806 8180 8480 8110 8470 8815.00 7350000
20120803 8010 8220 8010 8220 7912.00 6410000
20120802 8010 8160 7980 8050 6977.00 5630000
20120801 7950 8130 7890 8060 5152.00 4150000
20120731 8230 8230 7830 7950 10832.00 8620000
20120730 8830 8860 8150 8230 14625.00 12300000
20120727 8850 8940 8790 8830 5738.00 5070000
20120726 8900 8980 8770 8830 7613.00 6750000
20120725 8900 9080 8860 8940 7423.00 6660000
20120724 8760 9000 8760 8920 8056.00 7160000
20120723 8990 8990 8750 8870 6985.00 6180000
20120720 9050 9150 8980 9080 7655.00 6940000
20120719 8930 9150 8830 9060 11247.00 10170000
20120718 8800 8940 8650 8940 8497.00 7490000
20120717 8850 8930 8650 8890 9767.00 8590000
20120716 9780 9780 8800 8870 24716.00 22610000
20120713 9960 10040 9760 9780 15838.00 15610000
20120712 10060 10140 9600 10020 28504.00 28170000
20120711 10160 10290 10000 10290 10283.00 10450000
20120710 10690 10750 10120 10120 23434.00 24210000
20120709 10910 11280 10730 10780 25863.00 28650000
20120706 10790 11070 10440 11020 23852.00 25680000
20120705 11070 11130 10630 10770 21508.00 23320000
20120704 11400 11420 10900 11130 22296.00 24990000
20120703 11420 11640 11230 11400 33484.00 38270000
20120702 11690 11970 11400 11440 47490.00 55400000
20120629 11130 11580 10870 11570 37907.00 42790000
20120628 11090 11380 10920 11140 26066.00 29090000
20120627 10840 11400 10800 11080 28750.00 31990000
20120626 10750 11060 10500 10890 21583.00 23080000
20120625 10990 11280 10820 10840 24537.00 27210000
20120621 11000 11240 10800 11120 26390.00 29060000
20120620 11500 11650 11060 11080 42753.00 48060000
20120619 11380 12260 11300 11640 74703.00 88290000
20120618 11150 11680 10710 11500 53922.00 60220000
20120615 10940 11380 10930 11020 31603.00 35120000
20120614 10970 11340 10830 11000 41266.00 45760000
20120613 10430 11450 10430 11050 57357.00 63060000
20120612 10430 10590 10360 10430 27697.00 28990000
20120611 9990 10750 9910 10600 41462.00 43150000
20120608 10160 10190 9880 9910 11170.00 11170000
20120607 10000 10230 10000 10100 19296.00 19520000
20120606 9850 10220 9810 10060 21004.00 21140000
20120605 9640 9810 9620 9750 8748.00 8510000
20120604 9900 9920 9610 9620 10178.00 9930000
20120601 10100 10160 10000 10050 7758.00 7810000
20120531 9940 10240 9850 10080 12324.00 12410000
20120530 9890 10040 9840 9980 10066.00 10030000
20120529 9630 9960 9630 9900 11081.00 10920000
20120528 9700 9800 9540 9780 13343.00 12870000
20120525 10340 10340 9820 9850 15251.00 15350000
20120524 10200 10450 10200 10360 17219.00 17830000
20120523 10210 10340 10090 10280 11349.00 11590000
20120522 10220 10390 10160 10350 18141.00 18690000
20120521 9980 10560 9960 10230 18487.00 18970000
20120518 10010 10150 9960 9980 9904.00 9940000
20120517 9960 10220 9890 10140 12063.00 12140000
20120516 10260 10260 10010 10010 10910.00 11000000
20120515 10300 10350 10100 10260 12367.00 12610000
20120514 10370 10660 10250 10390 21590.00 22590000
20120511 10250 10470 10190 10360 18136.00 18690000
20120510 9990 10800 9990 10350 28373.00 29610000
20120509 10230 10240 9990 10030 14487.00 14620000
20120508 10250 10450 10070 10330 21608.00 22110000
20120507 10100 10250 10070 10240 13010.00 13230000
20120504 10000 10190 10000 10170 10978.00 11100000
20120503 9840 10110 9800 10050 11721.00 11680000
20120502 9780 9930 9780 9870 10376.00 10230000
20120427 9700 9860 9600 9730 9512.00 9260000
20120426 9880 9880 9650 9700 8353.00 8140000
20120425 9780 9810 9600 9750 9897.00 9620000
20120424 9880 9950 9510 9700 16952.00 16460000
20120423 10630 10630 9810 9870 27823.00 28000000
20120420 10700 10860 10510 10710 16523.00 17650000
20120419 10470 11190 10470 10780 26704.00 28910000
20120418 10340 10600 10300 10550 14100.00 14790000
20120417 10330 10610 10190 10340 13185.00 13720000
20120416 10450 10550 10000 10420 13444.00 13900000
20120413 10480 10930 10320 10620 23365.00 24770000
20120412 10050 10450 9960 10390 17086.00 17460000
20120411 9980 10110 9870 10050 9043.00 9030000
20120410 9900 10100 9600 10100 11401.00 11210000
20120409 10100 10100 9910 9930 7206.00 7210000
20120406 10070 10240 9900 10180 12851.00 12970000
20120405 9780 10080 9700 10060 12737.00 12610000
20120330 9910 9990 9580 9710 10868.00 10600000
20120329 10170 10170 9700 9920 17264.00 17160000
20120328 10900 10950 10080 10160 19576.00 20450000
20120326 11280 11330 10900 10990 11363.00 12630000
20120323 11580 11720 11250 11280 11938.00 13660000
20120322 11690 11790 11590 11700 9043.00 10560000
20120321 11980 12040 11500 11690 18727.00 21940000
20120320 12380 12380 11860 11880 22331.00 26870000
20120319 12030 12380 11950 12380 24389.00 29840000
20120316 11780 12070 11770 12040 25672.00 30670000
20120315 12330 12530 11510 11850 38975.00 46610000
20120314 12550 13240 12130 12360 80515.00 103040000
20120313 12460 12670 12360 12520 28884.00 36100000
20120312 12440 12450 12180 12450 30254.00 37320000
20120309 12120 12570 12100 12450 37187.00 45900000
20120308 11990 12160 11960 12090 22767.00 27510000
20120307 11980 12270 11850 11970 27561.00 33180000
20120306 12310 12470 12130 12150 56816.00 69650000
20120305 12590 13270 12430 12970 53724.00 69000000
20120302 12500 12610 12350 12590 31719.00 39570000
20120301 12200 12540 12150 12390 27223.00 33640000
20120229 12170 12370 12000 12200 23517.00 28700000
20120228 12340 12400 11930 12200 31028.00 37600000
20120227 12440 12690 12300 12330 39337.00 49080000
20120224 12400 12500 12240 12430 34165.00 42200000
20120223 12700 12790 12250 12480 73969.00 92660000
20120222 11420 12580 11410 12580 73615.00 88310000
20120221 11200 11470 11030 11440 23239.00 26190000
20120220 11480 11480 11200 11210 17615.00 19950000
20120217 11420 11510 11180 11250 14803.00 16740000
20120216 11420 11620 11220 11450 24134.00 27590000
20120215 11300 11470 11120 11440 23356.00 26510000
20120214 11400 11400 11110 11250 18657.00 20950000
20120213 11110 11480 10960 11370 34400.00 38880000
20120210 11140 11250 11030 11130 25600.00 28520000
20120209 10980 11370 10890 11140 35557.00 39750000
20120208 10580 10980 10500 10980 22722.00 24520000
20120207 10860 10860 10450 10580 17782.00 18870000
20120206 10850 10970 10710 10900 23797.00 25730000
20120203 10480 10880 10400 10850 30502.00 32560000
20120202 10290 10450 10160 10420 14533.00 14990000
20120201 10300 10450 10160 10250 14303.00 14710000
20120131 10450 10500 10020 10300 19677.00 20120000
20120130 10400 10940 10150 10600 31699.00 33400000
20120120 10410 10900 10410 10800 22616 24177000
20120119 10040 10600 9900 10400 16871 17433000
20120118 10450 10670 9970 10040 17187 17838000
20120117 9790 10500 9790 10450 15509 15945000
20120116 10060 10220 9860 9860 12660 12725000
20120113 11100 11100 10250 10260 24033 25415000
20120112 11100 11350 10960 11050 15917 17729000
20120111 11010 11390 11010 11160 21534 24137000
20120110 10740 11220 10680 11180 26349 29039000
20120109 10230 10720 10060 10720 16904 17694000
20120106 10050 10190 9910 10190 10190 10269000
20120105 10400 10400 9850 9890 13482 13600000
20120104 11000 11110 10410 10440 12962 13983000
20111230 10790 11000 10730 10900 12835 13973000
20111229 10640 10860 10580 10680 12520 13448000
20111228 10900 10900 10430 10700 14769 15747000
20111227 11550 11570 10900 10950 13483 15102000
20111226 11520 11820 11520 11580 7093 8288000
20111223 11550 11880 11440 11660 12610 14744000
20111222 11820 11930 11200 11540 21488 24807000
20111221 12580 12690 11980 12000 17722 22049000
20111220 12580 12780 12390 12420 19538 24620000
20111219 12000 12660 12000 12610 21623 26637000
20111216 12100 12440 11920 12400 14507 17716000
20111215 12200 12410 11960 12000 15662 19097000
20111214 12500 12750 12350 12380 12303 15413000
20111213 13000 13660 12550 12600 16609 21160000
20111212 13230 13390 13100 13150 9878 13105000
20111209 13180 13520 13080 13280 12172 16195000
20111208 13350 13640 12890 13380 21103 28107000
20111207 13260 13440 13170 13340 14895 19866000
20111206 13000 13430 12920 13250 13686 18057000
20111205 13980 14040 12900 12980 22140 29739000
20111202 14450 14590 14040 14100 18416 26218000
20111201 14650 14970 14180 14590 32555 47658000
20111130 15160 15240 13880 14050 33851 49584000
20111129 15000 15260 14960 15200 30807 46573000
20111128 14820 14940 14650 14830 15241 22530000
20111125 15000 15280 14710 14760 20469 30663000
20111124 14750 15240 14500 15000 23475 35099000
20111123 14960 15250 14850 14970 26430 39789000
20111122 14850 15060 14620 15040 35706 52972000
20111121 15660 15670 14560 15150 51225 77120000
20111118 16600 16630 15880 15960 27454 44622000
20111117 16340 17110 16300 16810 37386 62547000
20111116 17310 17340 16300 16390 37355 62428000
20111115 17480 17500 17010 17260 43285 74589000
20111114 17350 17910 16920 17600 64057 111526000
20111111 16550 17500 16410 17100 69530 118334000
20111110 15800 17330 15600 16650 58657 96811000
20111109 15680 16079 15350 16040 21056 33104000
20111108 16260 16260 15510 15590 27759 44218000
20111107 16149 16500 16100 16170 20184 32822000
20111104 16490 16720 16090 16200 32750 53354000
20111103 16850 17450 16420 16440 51588 87257000
20111102 15950 16950 15830 16750 47864 78457000
20111101 15590 16500 15440 16320 47962 76971000
20111031 15610 15940 15500 15800 29724 46701000
20111028 15480 15670 15150 15590 27999 43218000
20111027 15370 15960 15120 15250 31618 49201000
20111026 15130 15500 15020 15360 34562 52793000
20111025 14750 15380 14550 15180 33151 49738000
20111024 14250 14820 13720 14760 25643 36727000
20111021 15180 15180 14280 14320 22060 32491000
20111020 15800 15810 14850 15130 25844 39312000
20111019 15910 16329 15600 15900 23979 38373000
20111018 16550 16900 15860 15860 41194 67931000
20111017 15930 16990 15860 16870 53845 88973000
20111014 16180 16180 15700 15910 28123 44695000
20111013 15970 16490 15800 16230 42415 68810000
20111012 14950 16180 14770 15990 42131 66062000
20111011 15760 15800 14930 15240 24432 37910000
20111010 15150 15500 14980 15260 18800 28720000
20110930 14960 15130 14750 15070 16912 25293000
20110929 15400 15530 14780 14820 25094 37920000
20110928 16360 16460 15600 15600 27807 44559000
20110927 16250 16430 15810 16280 25329 41018000
20110926 16170 16550 15860 16050 23990 38926000
20110923 15790 16300 15580 16250 33277 52996000
20110922 17200 17440 16250 16309 45754 77123000
20110921 16780 17770 16520 17470 49763 85973000
20110920 16470 17090 16420 16900 36605 61372000
20110919 17650 17680 16420 16470 50178 85299000
20110916 18800 18940 17900 17920 51307 93706000
20110915 18650 19380 18510 18850 60032 113675000
20110914 18390 18800 17830 18730 51420 94312000
20110913 19500 19700 18140 18180 59161 110359000
20110909 20350 21000 19930 20150 55467 113517000
20110908 20880 21370 20400 20630 68207 142674000
20110907 19990 21080 19610 20910 71648 146225000
20110906 21880 22140 20140 20140 93345 193682000
20110905 20990 23250 20850 22380 109947 243202000
20110902 20850 21810 20770 21450 75715 161902000
20110901 22000 22190 20820 20950 68566 147044000
20110831 21580 22500 21150 22200 87551 190656000
20110830 23000 23500 21690 21690 102012 228913000
20110829 22820 23580 22580 23100 95252 220316000
20110826 22220 23800 21680 23150 145040 327594000
20110825 19890 22170 19810 22170 136270 281466000
20110824 19700 20880 19450 20150 168885 339211000
20110823 17030 19030 16720 19030 151874 271778000
20110822 16990 17300 16210 17300 130876 220696000
20110819 18000 18380 16590 16820 210259 359147000
