20180619 29750 29920 26850 26850 60231 169150387 10.29 1.97 -9.99 30469 29762 1.02 1.97
20180615 30600 30750 29620 29830 37683 112902619 3.70 1.26 -2.23 24735 12948 1.91 1.24
20180614 30390 30990 29910 30510 30803 94162314 3.56 0.95 0.56 14333 16471 0.87 1.01
20180613 30800 30950 30300 30340 27363 83679737 2.10 0.64 -1.91 17309 10054 1.72 0.90
20180612 30460 30960 30010 30930 30115 92333828 3.13 0.62 2.01 13203 16913 0.78 0.99
20180611 30290 30870 30200 30320 26584 80867706 2.19 0.53 -0.75 13070 13513 0.97 0.87
20180608 30860 31230 30250 30550 34605 106078232 3.16 0.63 -1.36 20117 14488 1.39 1.13
20180607 31640 31940 30720 30970 43877 137036588 3.86 0.84 -1.90 25247 18630 1.36 1.44
20180606 31850 32880 31310 31570 80152 257461144 5.03 1.80 1.19 44622 35529 1.26 2.63
20180605 29840 31320 29810 31200 57284 175797183 5.07 1.39 4.66 20312 36971 0.55 1.88
20180604 29410 30140 29410 29810 33081 98544472 2.50 0.75 2.05 14728 18352 0.80 1.08
20180601 30350 30350 28910 29210 59825 177100589 4.72 1.20 -4.23 36286 23540 1.54 1.96
20180531 30660 30900 30170 30500 32323 98522828 2.42 0.65 1.09 17026 15297 1.11 1.06
20180530 30440 31240 30000 30170 39947 122219233 4.03 0.79 -2.05 19730 20216 0.98 1.31
20180529 31650 32040 30500 30800 41457 129512393 4.86 0.83 -2.75 19706 21750 0.91 1.36
20180528 30880 32090 30880 31670 48015 151759742 3.92 0.97 2.56 21756 26259 0.83 1.57
20180525 32850 33290 30800 30880 88479 281942560 7.52 2.13 -6.68 57278 31201 1.84 2.90
20180524 33840 33900 33050 33090 30039 100516699 2.52 0.67 -1.72 19559 10480 1.87 0.98
20180523 33640 34140 33350 33670 43530 147093649 2.35 0.96 0.06 21986 21545 1.02 1.43
20180522 33580 33900 33160 33650 40124 134012180 2.20 0.84 -0.15 23217 16906 1.37 1.32
20180521 32800 33850 32800 33700 46401 155623316 3.21 0.87 2.93 22828 23574 0.97 1.52
20180518 33000 33130 32210 32740 47423 154902217 2.82 0.86 0.21 26643 20781 1.28 1.55
20180517 33240 33520 32530 32670 47637 156880908 3.00 0.85 -1.00 30980 16657 1.86 1.56
20180516 33880 33880 32980 33000 45585 152136570 2.64 0.72 -3.03 30466 15119 2.02 1.49
20180515 33510 34150 32930 34030 51231 171508448 3.67 0.82 2.25 22704 28527 0.80 1.68
20180514 34700 34820 33000 33280 75925 255013718 5.28 1.27 -3.48 49299 26626 1.85 2.49
20180511 35990 36080 34390 34480 55578 195013384 4.73 0.91 -3.42 38990 16588 2.35 1.82
20180510 35630 35930 35200 35700 51356 182770804 2.04 0.76 -0.14 26246 25110 1.05 1.68
20180509 34700 35980 34690 35750 84562 299602912 3.74 1.34 3.53 34879 49682 0.70 2.77
20180508 34680 34750 34130 34530 43468 149523497 1.80 0.65 0.00 25005 18463 1.35 1.43
20180507 33510 34660 33500 34530 65079 222398016 3.46 0.96 3.07 25451 39628 0.64 2.13
20180504 34450 34590 33460 33500 61985 209998722 3.26 0.88 -3.35 37647 24338 1.55 2.03
20180503 33600 34870 32850 34660 83407 281835280 5.95 1.24 2.12 38317 45090 0.85 2.73
20180502 33850 34590 32880 33940 61526 207014344 5.06 0.80 0.47 35166 26360 1.33 2.02
20180427 34620 35200 33780 33780 64913 223723629 4.11 0.74 -2.12 39964 24949 1.60 2.13
20180426 34780 35530 34440 34510 68103 238478772 3.16 0.70 0.00 32633 35470 0.92 2.23
20180425 34510 35580 34400 34510 74213 259889880 3.39 0.67 -0.72 36735 37477 0.98 2.43
20180424 33220 35180 33220 34760 67429 232671228 5.81 0.55 3.02 30788 36642 0.84 2.21
20180423 35030 35150 33000 33740 109601 371496000 6.23 0.82 -2.20 63147 46453 1.36 3.59
20180420 37000 37000 34150 34500 119597 426646976 7.66 0.91 -7.23 71535 48062 1.49 3.92
20180419 37220 37990 36910 37190 115552 431657200 2.87 0.91 -1.09 60755 54798 1.11 3.79
20180418 36300 38000 35080 37600 139683 507017424 8.15 1.21 5.00 65147 74536 0.87 4.58
20180417 37500 37950 35660 35810 124154 454741920 6.07 1.07 -5.01 70877 53277 1.33 4.07
20180416 35470 38160 35470 37700 168994 625869472 7.59 1.58 6.32 76443 92551 0.83 5.54
20180413 34320 35700 34160 35460 111232 390604384 4.49 1.01 3.35 50454 60778 0.83 3.65
20180412 34400 34780 33850 34310 87926 301864720 2.75 0.68 1.39 40015 47911 0.84 2.88
20180411 34500 34920 33720 33840 83815 288109808 3.53 0.52 -0.53 40747 43068 0.95 2.75
20180410 35150 35790 33270 34020 127690 440513840 7.21 0.75 -2.66 68758 58933 1.17 4.19
20180409 34220 35510 33600 34950 125646 434575504 5.49 0.80 0.37 67448 58198 1.16 4.12
20180404 35100 35310 33820 34820 127551 441893472 4.29 0.88 0.35 70615 56935 1.24 4.18
20180403 33600 35390 33600 34700 181218 627637856 5.25 1.45 1.73 88131 93086 0.95 5.94
20180402 33340 35270 32510 34110 244550 823928880 8.57 2.72 5.96 112527 132023 0.85 8.02
20180330 30420 32490 30420 32190 168657 529394672 6.86 2.19 6.62 68179 100477 0.68 5.53
20180329 30100 30770 29910 30190 63003 191093106 2.88 0.86 1.04 28793 34210 0.84 2.07
20180328 29960 30180 29560 29880 67449 201644289 2.05 0.92 -1.06 34731 32718 1.06 2.21
20180327 29580 30510 29580 30200 79221 238420559 3.16 1.18 2.55 39850 39371 1.01 2.60
20180326 27670 29480 27660 29450 71490 205797537 6.44 1.03 4.25 31076 40414 0.77 2.34
20180323 29150 29870 27870 28250 103423 298711568 6.64 1.59 -6.15 60468 42954 1.41 3.39
20180322 29960 30540 29950 30100 42990 129834824 1.97 0.62 0.40 24075 18915 1.27 1.41
20180321 30900 31430 29950 29980 68376 209749219 4.81 0.93 -2.60 41285 27091 1.52 2.24
20180320 30450 31070 30300 30780 48959 150197414 2.49 0.60 -0.55 28610 20349 1.41 1.61
20180319 30250 31110 29900 30950 81907 250141936 3.91 0.84 0.03 42758 39149 1.09 2.69
20180316 32200 32420 30930 30940 82869 261071894 4.65 0.74 -3.34 52838 30031 1.76 2.72
20180315 31750 32230 31300 32010 66630 211701163 2.92 0.58 0.66 35781 30849 1.16 2.18
20180314 32360 32820 31800 31800 85808 276900400 3.14 0.74 -2.15 53287 32522 1.64 2.81
20180313 33180 33330 32480 32500 91846 301892384 2.56 0.73 -2.26 54776 37069 1.48 3.01
20180312 33300 34180 33050 33250 162536 545284384 3.42 1.45 0.51 82240 80296 1.02 5.33
20180309 31550 33270 31440 33080 156091 509705152 5.77 1.44 4.35 65220 90871 0.72 5.12
20180308 31880 32270 31200 31700 81259 257911436 3.36 0.67 -0.41 46196 35063 1.32 2.66
20180307 32100 32380 31690 31830 87003 278349440 2.13 0.67 -1.52 53247 33757 1.58 2.85
20180306 31920 32860 31680 32320 142022 458579792 3.70 1.08 1.25 70542 71479 0.99 4.66
20180305 31360 31970 30710 31920 93993 293967920 4.05 0.66 2.64 44390 49603 0.89 3.08
20180302 32000 32780 30900 31100 137018 435114656 5.85 1.01 -3.15 77307 59712 1.29 4.49
20180301 30400 32190 30320 32110 144889 457952656 6.05 1.11 3.85 62639 82250 0.76 4.75
20180228 30420 31450 29870 30920 130014 401108784 5.16 1.08 0.91 59983 70031 0.86 4.26
20180227 32090 32290 30450 30640 153479 481565024 5.69 1.30 -5.32 91437 62042 1.47 5.03
20180226 31680 32450 30960 32360 149113 474151504 4.74 1.25 2.86 76145 72968 1.04 4.89
20180223 32300 32640 31450 31460 98999 315863696 3.71 0.73 -1.81 54091 44907 1.20 3.25
20180222 31000 32420 30800 32040 123140 390644880 5.29 0.86 4.71 56486 66654 0.85 4.04
20180214 30830 31190 30100 30600 76871 234639863 3.50 0.44 -1.86 48449 28422 1.70 2.52
20180213 31500 32000 30930 31180 140507 439583024 3.39 0.76 -1.33 77199 63308 1.22 4.61
20180212 29400 31960 29390 31600 155987 479466160 8.74 0.93 7.48 59957 96030 0.62 5.11
20180209 29540 30970 28450 29400 180446 538348032 8.36 1.17 -2.49 91233 89212 1.02 5.92
20180208 30610 31080 29960 30150 163832 499711936 3.61 1.12 -2.87 93365 70467 1.32 5.37
20180207 29180 31280 28300 31040 236369 703116816 10.42 2.11 8.53 110404 125966 0.88 7.75
20180206 27310 29850 27290 28600 181734 521202912 9.21 2.15 2.88 73022 108712 0.67 5.96
20180205 27910 28800 27600 27800 78427 222416210 4.20 0.97 -2.80 41995 36432 1.15 2.57
20180202 27150 29220 26650 28600 112395 317393312 9.25 1.63 2.95 52288 60107 0.87 3.68
20180201 27690 29570 27600 27780 123770 353632960 7.16 1.96 1.02 59138 64632 0.92 4.06
20180131 28600 28670 27350 27500 63345 176177515 4.62 0.95 -3.85 40035 23310 1.72 2.08
20180130 28540 28980 28400 28600 44970 128725586 2.02 0.71 -0.31 25457 19514 1.30 1.47
20180129 28400 28900 28190 28690 60648 173470803 2.50 1.02 1.02 28589 32059 0.89 1.99
20180126 28360 28750 28130 28400 52481 149389866 2.19 0.97 0.42 25450 27032 0.94 1.72
20180125 27980 29190 27950 28280 93927 269040192 4.40 2.27 0.39 41974 51954 0.81 3.08
20180124 26510 28170 26360 28170 82898 227662668 6.83 2.39 6.34 27076 55822 0.49 2.72
20180123 26550 26970 26380 26490 28960 76999075 2.21 0.78 -0.71 17341 11618 1.49 0.95
20180122 26370 26940 26050 26680 38123 101384417 3.43 0.94 2.97 18036 20087 0.90 1.25
20180119 25690 26060 25600 25910 26252 68017578 1.80 0.60 1.29 15832 10420 1.52 0.86
20180118 25930 26200 25580 25580 30962 79940047 2.39 0.65 -1.24 18422 12540 1.47 1.02
20180117 26450 26450 25720 25900 49252 127874744 2.76 1.06 -2.08 30534 18718 1.63 1.61
20180116 26990 27220 26080 26450 40076 106854521 4.22 0.89 -2.11 26443 13633 1.94 1.31
20180115 28080 28080 26800 27020 55255 151194723 4.54 1.34 -4.18 38152 17103 2.23 1.81
20180112 27960 28250 27510 28200 44496 124364363 2.65 1.08 0.86 23467 21028 1.12 1.46
20180111 27290 28050 26940 27960 48997 135122058 4.05 1.23 2.08 23045 25952 0.89 1.61
20180110 27790 28070 27300 27390 43121 119190536 2.78 1.00 -1.19 23613 19508 1.21 1.41
20180109 27970 28280 27680 27720 32127 89608549 2.13 0.67 -1.49 19102 13025 1.47 1.05
20180108 28080 28230 27520 28140 37020 102981713 2.53 0.82 0.21 19022 17998 1.06 1.21
20180105 28050 28630 27810 28080 44933 126911244 2.93 1.43 0.18 25090 19843 1.26 1.47
20180104 28340 28470 27880 28030 42747 120192835 2.07 0.89 -1.89 28227 14520 1.94 1.40
20180103 28000 28920 27810 28570 59763 170398644 3.95 1.40 1.78 26821 32942 0.81 1.96
20180102 27530 28090 27410 28070 54369 151618798 2.51 1.42 3.58 24535 29834 0.82 1.78
20171229 27070 27280 27010 27100 25159 68293946 0.99 0.60 -0.29 13165 11994 1.10 0.82
20171228 26910 27260 26500 27180 48863 131671626 2.83 1.16 1.04 26689 22174 1.20 1.60
20171227 27650 28350 26810 26900 51059 140831085 5.65 1.32 -1.25 30159 20900 1.44 1.67
20171226 27300 27700 26910 27240 34063 92799302 2.89 0.71 -0.51 22685 11377 1.99 1.12
20171225 27750 27770 27050 27380 31734 86792896 2.61 0.57 -0.87 18054 13680 1.32 1.04
20171222 28070 28200 27480 27620 44182 122709645 2.56 0.70 -1.99 26664 17518 1.52 1.45
20171221 27950 28480 27560 28180 49778 139457054 3.27 0.85 0.11 26871 22907 1.17 1.63
20171220 28070 28350 27820 28150 33826 95015403 1.89 0.59 0.18 17914 15912 1.13 1.11
20171219 27060 28880 26800 28100 81626 229497865 7.74 1.66 4.58 35251 46375 0.76 2.68
20171218 27530 27780 26840 26870 70025 191265640 3.46 1.39 -1.07 38787 31238 1.24 2.30
20171215 26220 27470 26190 27160 79107 212589178 4.93 1.98 4.66 28077 51031 0.55 2.59
20171214 26150 26350 25900 25950 27641 72181517 1.72 0.69 -0.84 16018 11623 1.38 0.91
20171213 25760 26400 25710 26170 28887 75238071 2.67 0.72 1.32 11664 17224 0.68 0.95
20171212 26040 26290 25820 25830 39918 103768918 1.80 1.03 -1.26 22280 17638 1.26 1.31
20171211 26620 26980 26070 26160 76834 204086009 3.59 2.58 3.24 39682 37151 1.07 2.52
20171208 24920 25500 24920 25340 26741 67732093 2.33 0.82 1.81 13443 13298 1.01 0.88
20171207 24810 25350 24600 24890 29346 73768234 3.02 0.77 0.24 13795 15551 0.89 0.96
20171206 23900 24850 23900 24830 28480 69496476 3.95 0.70 3.24 10656 17824 0.60 0.93
20171205 25000 25050 23880 24050 32770 79737834 4.70 0.80 -3.41 21329 11441 1.86 1.07
20171204 25150 25400 24850 24900 31785 79756522 2.19 0.80 -0.95 18839 12946 1.46 1.04
20171201 24800 25330 24710 25140 41205 103341847 2.48 1.07 0.52 21675 19530 1.11 1.35
20171130 24300 25490 23660 25010 57513 141439721 7.56 1.76 3.35 26438 31075 0.85 1.89
20171129 24510 24570 23790 24200 38841 93642797 3.17 1.18 -1.79 24495 14347 1.71 1.27
20171128 24490 24870 24100 24640 34955 85533185 3.18 1.08 1.69 18469 16486 1.12 1.15
20171127 24300 24800 23820 24230 25495 62283926 4.02 0.74 -0.62 14215 11280 1.26 0.84
20171124 25250 25250 24310 24380 36061 88920740 3.74 0.93 -3.10 22060 14001 1.58 1.18
20171123 25500 25820 25070 25160 28434 72527118 2.94 0.71 -1.29 15504 12930 1.20 0.93
20171122 25400 25760 25180 25490 39876 101593375 2.29 1.05 0.79 17225 22651 0.76 1.31
20171121 25510 25870 25080 25290 31345 79897699 3.10 0.80 -0.82 16846 14499 1.16 1.03
20171120 25380 25500 24870 25500 36196 91121031 2.47 0.92 0.08 20470 15727 1.30 1.19
20171117 27010 27190 25450 25480 57982 151614120 6.44 1.57 -5.63 35474 22507 1.58 1.90
20171116 26730 27290 26580 27000 36086 97478509 2.67 0.96 1.47 18647 17439 1.07 1.18
20171115 27000 27100 26560 26610 27934 74801719 2.00 0.56 -1.66 16677 11257 1.48 0.92
20171114 26950 27420 26800 27060 36990 100430177 2.29 0.76 0.00 18533 18457 1.00 1.21
20171113 27110 27260 26800 27060 38017 102709616 1.69 0.81 -0.37 20874 17143 1.22 1.25
20171110 26990 27360 26830 27160 45368 123109617 1.96 0.99 0.44 23532 21837 1.08 1.49
20171109 26800 27080 26700 27040 40114 107870531 1.41 0.86 0.67 17870 22244 0.80 1.32
20171108 25790 27300 25790 26860 88041 235633755 5.87 2.30 4.39 41615 46425 0.90 2.89
20171107 25860 25990 25440 25730 31719 81234074 2.12 0.84 -0.73 16764 14955 1.12 1.04
20171106 25500 26040 25450 25920 30282 78152259 2.33 0.66 2.17 13320 16962 0.79 0.99
20171103 26030 26200 25160 25370 38704 99053318 4.00 0.85 -2.42 24600 14103 1.74 1.27
20171102 25730 26360 25620 26000 45707 119270109 2.87 1.05 0.78 20801 24906 0.84 1.50
20171101 25400 26150 25400 25800 44596 115444724 2.96 1.11 1.65 21783 22813 0.95 1.46
20171031 25000 25470 25000 25380 30476 77249946 1.88 0.71 1.32 14352 16123 0.89 1.00
20171030 26730 26790 24760 25050 71112 181973564 7.59 1.82 -6.29 42060 29052 1.45 2.33
20171027 26780 27200 26650 26730 35763 96049958 2.04 0.95 -0.74 20873 14891 1.40 1.17
20171026 27150 27390 26900 26930 35410 96200070 1.80 0.90 -1.17 23034 12376 1.86 1.16
20171025 27120 27400 26850 27250 28379 77114355 2.03 0.63 0.63 15319 13061 1.17 0.93
20171024 27450 27550 26570 27080 43750 118204631 3.55 0.90 -1.78 25759 17991 1.43 1.43
20171023 26970 28060 26850 27570 51939 142697356 4.47 0.87 1.85 25411 26527 0.96 1.70
20171020 26530 27160 26470 27070 28950 77689231 2.59 0.47 1.42 14797 14153 1.05 0.95
20171019 26770 26890 25970 26690 44618 118331936 3.45 0.66 0.15 23554 21064 1.12 1.46
20171018 27280 27570 26580 26650 55868 151493086 3.63 0.77 -2.27 35310 20558 1.72 1.83
20171017 27380 27640 27000 27270 61335 167421989 2.34 0.74 -0.33 32922 28414 1.16 2.01
20171016 29840 29850 27360 27360 106361 303476048 8.42 1.22 -7.44 68789 37572 1.83 3.49
20171013 29480 29740 29260 29560 36969 109289430 1.63 0.38 0.58 21373 15596 1.37 1.21
20171012 29950 30280 29220 29390 74961 222235225 3.54 0.73 -1.87 49193 25769 1.91 2.46
20171011 30690 30690 29880 29950 84847 255675896 2.64 0.91 -2.47 58905 25942 2.27 2.78
20171010 29950 31150 29950 30710 113531 347780672 3.99 1.36 2.20 50039 63492 0.79 3.72
20171009 31100 31200 29940 30050 125788 382178304 4.23 1.72 0.84 67588 58200 1.16 4.12
20170929 29250 29830 28900 29800 86844 255233781 3.19 1.19 2.12 39895 46949 0.85 2.85
20170928 28730 30120 28600 29180 100205 294229808 5.31 1.07 1.89 45760 54446 0.84 3.29
20170927 28830 28980 28490 28640 41109 117776665 1.69 0.43 -1.07 27042 14067 1.92 1.35
20170926 28420 29120 28420 28950 62341 179797321 2.47 0.66 1.97 26639 35701 0.75 2.04
20170925 28950 29130 28260 28390 74796 214076297 2.99 0.82 -2.37 47229 27567 1.71 2.45
20170922 29260 29800 28760 29080 86583 253121980 3.54 1.05 -1.05 47515 39068 1.22 2.84
20170921 28400 30140 28350 29390 203512 600667856 6.30 3.57 3.49 90355 113157 0.80 6.67
20170920 27760 28460 27700 28400 50653 142651457 2.72 0.89 1.68 26745 23908 1.12 1.66
20170919 28750 28750 27800 27930 56153 158597303 3.31 0.90 -2.58 37605 18548 2.03 1.84
20170918 27930 28730 27740 28670 58079 164856858 3.54 0.93 2.58 23872 34208 0.70 1.90
20170915 28030 28250 27780 27950 42632 119129083 1.68 0.62 -0.14 25553 17080 1.50 1.40
20170914 28680 28880 27950 27990 77159 218779519 3.23 1.03 -2.88 47013 30147 1.56 2.53
20170913 28830 29170 28600 28820 50022 144220554 1.98 0.57 0.35 27602 22420 1.23 1.64
20170912 29000 29490 28700 28720 83065 240933405 2.71 0.71 -1.31 50366 32698 1.54 2.72
20170911 28900 29130 28460 29100 59447 171541365 2.32 0.47 0.69 30437 29009 1.05 1.95
20170908 28600 29150 28330 28900 72828 209272769 2.86 0.54 0.77 38485 34343 1.12 2.39
20170907 29240 29960 28660 28680 110633 324198112 4.45 0.83 -1.75 66371 44262 1.50 3.63
20170906 29400 29400 28800 29190 115964 336790384 2.03 0.92 -1.22 72808 43156 1.69 3.80
20170905 28030 30160 27720 29550 222540 647366096 8.73 2.26 5.69 86126 136414 0.63 7.30
20170904 27520 28320 27400 27960 106588 297337472 3.30 1.02 0.36 50600 55987 0.90 3.49
20170901 27270 28420 26800 27860 114782 316173216 5.99 1.11 2.96 55321 59462 0.93 3.76
20170831 27190 27250 26500 27060 109926 295210672 2.76 1.03 -0.48 66256 43670 1.52 3.60
20170830 27510 27750 27190 27190 75734 208217817 2.03 0.64 -1.31 40608 35126 1.16 2.48
20170829 27480 27820 27200 27550 86043 236592359 2.25 0.71 -0.07 50484 35559 1.42 2.82
20170828 27860 28660 27510 27570 136211 382750624 4.12 1.10 -1.32 78993 57218 1.38 4.47
20170825 27550 28150 27350 27940 108623 302144400 2.90 0.86 1.16 51379 57244 0.90 3.56
20170824 27080 27970 26800 27620 124854 343752432 4.28 0.97 1.10 59479 65375 0.91 4.09
20170823 27000 28290 26200 27320 131369 359494640 7.80 0.95 1.94 65250 66119 0.99 4.31
20170822 27360 27360 26460 26800 102539 275454480 3.28 0.74 -2.44 61872 40666 1.52 3.36
20170821 26040 27490 26040 27470 149417 403798160 5.60 1.16 6.14 62403 87015 0.72 4.90
20170818 26880 26980 25730 25880 119836 315678448 4.64 1.01 -3.93 70951 48885 1.45 3.93
20170817 26040 27440 26040 26940 138258 371629120 5.28 1.35 1.55 71760 66498 1.08 4.53
20170816 28010 28040 26500 26530 181917 495170976 5.89 2.37 1.45 90806 91111 1.00 5.96
20170815 25320 26150 25320 26150 106834 274535968 3.29 1.51 3.61 49870 56964 0.88 3.50
20170814 24190 25240 24190 25240 99272 246925968 4.36 1.72 4.86 43670 55602 0.79 3.25
20170811 23800 24490 23580 24070 69487 168167977 3.81 1.35 0.88 29961 39526 0.76 2.28
20170810 23910 24370 23690 23860 54998 132099784 2.83 1.05 -0.58 30395 24603 1.24 1.80
20170809 24140 24480 23960 24000 53644 129568104 2.14 1.06 -1.23 32217 21427 1.50 1.76
20170808 23710 24460 23560 24300 76865 184956947 3.82 1.66 3.27 32933 43932 0.75 2.52
20170807 23350 23800 23300 23530 33673 79509392 2.14 0.68 0.56 17553 16120 1.09 1.10
20170804 23690 23690 23360 23400 38414 90372940 1.39 0.71 -1.27 25239 13175 1.92 1.26
20170803 23260 23970 23260 23700 58756 138973134 3.05 0.93 1.80 27518 31238 0.88 1.93
20170802 23700 23770 23250 23280 45346 106273414 2.20 0.73 -1.73 26432 18914 1.40 1.49
20170801 23400 23750 23230 23690 55368 130543778 2.23 0.88 1.37 25109 30259 0.83 1.82
20170731 23160 23590 22960 23370 51541 120717741 2.72 0.79 0.91 26987 24554 1.10 1.69
20170728 23470 23750 23160 23160 61323 143390249 2.50 0.98 -1.82 33808 27515 1.23 2.01
20170727 22230 23670 22230 23590 101071 234345119 6.41 1.86 5.08 44564 56507 0.79 3.31
20170726 22380 22580 22140 22450 41332 92445228 1.97 0.69 0.40 21810 19522 1.12 1.36
20170725 23000 23000 22200 22360 58768 132612276 3.48 0.87 -2.82 35363 23406 1.51 1.93
20170724 22690 23150 22130 23010 61708 139411833 4.48 0.78 1.01 29224 32483 0.90 2.02
20170721 22690 23140 22600 22780 49678 113718607 2.38 0.63 0.35 25688 23989 1.07 1.63
20170720 22940 23380 22700 22700 60940 140741354 2.97 0.81 -0.96 32903 28037 1.17 2.00
20170719 23060 23060 22360 22920 68878 156842963 3.02 0.90 -1.04 38139 30739 1.24 2.26
20170718 23020 23540 22260 23160 95981 220550883 5.44 1.34 -1.61 56484 39497 1.43 3.15
20170717 25850 25850 23540 23540 120603 292174336 8.83 1.88 -10.02 66593 54010 1.23 3.95
20170714 26160 26550 25900 26160 46123 120629392 2.47 0.62 -0.61 24131 21992 1.10 1.51
20170713 26580 26740 26100 26320 45970 121459789 2.41 0.53 -0.72 24619 21351 1.15 1.51
20170712 26700 26880 25860 26510 72802 191240018 3.83 0.64 -0.41 43493 29309 1.48 2.39
20170711 26330 26990 26330 26620 72565 193554688 2.51 0.62 1.10 38258 34307 1.12 2.38
20170710 26680 26830 26160 26330 82633 218846588 2.49 0.74 -2.05 53027 29606 1.79 2.71
20170707 27360 27580 26800 26880 98956 267674872 2.83 0.98 -2.57 60010 38947 1.54 3.24
20170706 27400 27970 27220 27590 110234 303808688 2.73 1.25 0.58 61481 48753 1.26 3.61
20170705 27300 28890 27100 27430 200694 556537456 6.79 3.53 4.10 98929 101765 0.97 6.58
20170704 25740 26470 25530 26350 95445 249853144 3.64 2.03 2.13 43500 51945 0.84 3.13
20170703 25360 25870 25150 25800 53643 137284793 2.85 1.19 2.26 24145 29498 0.82 1.76
20170630 25000 25430 24830 25230 45674 114912947 2.39 0.94 0.40 21293 24381 0.87 1.50
20170629 24880 25290 24790 25130 45929 115474533 2.02 0.87 1.37 21494 24435 0.88 1.51
20170628 25200 25500 24700 24790 43300 108168433 3.16 0.79 -1.98 27210 16090 1.69 1.42
20170627 25120 25760 25070 25290 46706 118761144 2.75 0.79 0.64 23715 22992 1.03 1.53
20170626 24750 25260 24650 25130 43381 108691809 2.47 0.71 1.91 21533 21848 0.99 1.42
20170623 24820 25000 24230 24660 64574 158927896 3.10 0.97 -0.80 39706 24868 1.60 2.12
20170622 25940 26040 24900 24980 65420 166525910 4.39 0.96 -3.70 41018 24402 1.68 2.14
20170621 26180 26330 25560 25940 54788 141758137 2.94 0.82 -0.84 34085 20703 1.65 1.80
20170620 26440 26550 26110 26160 68790 180975536 1.69 1.07 0.27 36808 31983 1.15 2.26
20170619 25800 26150 25620 26090 53765 139482957 2.05 0.79 1.08 28642 25123 1.14 1.76
20170616 26200 26630 25800 25810 89192 233865233 3.22 1.30 0.04 49034 40158 1.22 2.92
20170615 25260 26050 25250 25800 75226 193310133 3.17 1.10 2.34 33065 42161 0.78 2.47
20170614 25230 25490 24920 25210 47475 119682190 2.25 0.64 -0.28 25229 22246 1.13 1.56
20170613 24680 25560 24540 25280 55432 139696335 4.12 0.75 2.02 24576 30855 0.80 1.82
20170612 25540 25680 24700 24780 73541 184959315 3.79 1.04 -4.10 49116 24424 2.01 2.41
20170609 25180 26090 24620 25840 91823 232739326 5.86 1.38 2.95 38948 52875 0.74 3.01
20170608 25420 25880 25020 25100 74202 188527959 3.37 0.93 -1.57 41715 32487 1.28 2.43
20170607 24700 25670 24670 25500 77610 196296940 4.04 0.95 2.99 33407 44203 0.76 2.54
20170606 24250 24980 24100 24760 51305 126618170 3.60 0.57 1.27 23657 27647 0.86 1.68
20170605 24520 25080 24450 24450 57535 142524481 2.58 0.57 0.08 30764 26772 1.15 1.89
20170602 23580 24680 23480 24430 72120 173832808 5.04 0.73 2.69 36596 35523 1.03 2.36
20170601 25960 26150 23710 23790 139202 347391280 9.30 1.61 -9.37 85494 53708 1.59 4.56
20170531 27280 27610 26250 26250 89043 241127262 5.04 1.12 -2.67 50468 38575 1.31 2.92
20170526 26600 27490 26430 26970 90433 244242296 3.96 1.19 0.78 45338 45095 1.01 2.96
20170525 26470 27370 26000 26760 110916 296619904 5.24 1.66 2.37 53474 57443 0.93 3.64
20170524 25200 26250 24380 26140 63530 161669190 7.29 0.82 1.95 32070 31459 1.02 2.08
20170523 27510 27950 25200 25640 78495 210052282 9.93 0.96 -7.37 47157 31338 1.50 2.57
20170522 28800 28950 27670 27680 55295 156277375 4.42 0.64 -4.45 36612 18684 1.96 1.81
20170519 28670 29150 27950 28970 71329 204287475 4.15 0.79 0.28 39723 31606 1.26 2.34
20170518 28880 29570 28540 28890 65563 190316695 3.52 0.58 -1.37 36007 29556 1.22 2.15
20170517 29200 30180 28420 29290 114932 335693616 6.12 1.05 1.88 57009 57923 0.98 3.77
20170516 27260 28750 26850 28750 103576 290846160 6.90 0.99 4.36 46708 56868 0.82 3.40
20170515 27950 28500 27520 27550 75367 210860326 3.55 0.69 -0.29 41142 34225 1.20 2.47
20170512 27000 27870 27000 27630 92579 253975841 3.17 0.84 0.73 56311 36267 1.55 3.04
20170511 29700 30170 27290 27430 173944 487145536 9.50 1.55 -9.53 79536 94408 0.84 5.70
20170510 31400 32440 30280 30320 101876 320298272 6.99 0.85 -1.94 54316 47559 1.14 3.34
20170509 29460 31190 29270 30920 79516 241234487 6.38 0.55 2.72 33966 45550 0.75 2.61
20170508 30810 31250 29460 30100 102116 310799104 5.86 0.77 -1.41 56926 45190 1.26 3.35
20170505 30500 31500 30350 30530 95174 294253312 3.68 0.84 -2.43 54559 40615 1.34 3.12
20170504 31150 32690 30050 31290 182918 574653392 8.86 2.40 4.96 88428 94490 0.94 6.00
20170503 32050 32500 29810 29810 142708 443931648 8.79 2.99 -2.58 80319 62389 1.29 4.68
20170502 28990 30820 28990 30600 200340 601742944 5.98 26.12 0.00 85882 114458 0.75 6.57
20170428 34000 34000 30600 30600 38348 122501289 10.00 0.73 -10.00 16515 21833 0.76 1.26
20161129 34550 34550 33800 34000 43247.37 147473369.780
20161128 34750 34840 34320 34340 44756.15 154236705.240
20161125 34150 34700 33600 34660 54608.66 187368693.580
20161124 34000 34810 33850 34150 64170.81 220800403.510
20161123 34260 34480 33840 34220 55471.54 189189279.940
20161122 33380 34180 33270 34150 45815.52 154086506.080
20161121 33940 33940 33210 33400 44891.31 150144928.680
20161118 34350 34450 33850 33920 31004.30 105855726.870
20161117 34390 34480 33850 34350 25271.64 86281420.940
20161116 34700 35040 34350 34460 48016.85 166915950.190
20161115 34220 34660 33850 34510 37421.21 128052893.550
20161114 34010 34850 34000 34100 44094.11 151608789.400
20161111 33650 34140 33400 34100 46986.59 158755390.040
20161110 33610 33930 33200 33650 46225.55 154996017.930
20161109 34590 34740 32900 33300 74061.61 249415771.470
20161108 34510 34880 34250 34660 34198.90 118553499.840
20161107 34500 34730 34090 34250 23436.06 80449495.370
20161104 34600 34930 34350 34500 30083.89 104180086.010
20161103 34830 34930 33880 34500 65932.47 226923956.900
20161102 36080 36080 34720 34830 65920.16 232265220.810
20161101 35880 36280 35520 36200 36147.16 129834440.000
20161031 35040 36000 35000 35730 29701.10 105586108.790
20161028 35560 35950 35300 35310 33551.08 119192376.850
20161027 35590 35990 35500 35690 28509.69 102008684.960
20161026 36600 36760 35250 35710 68266.96 244174887.690
20161025 36900 37190 36420 36690 41137.32 150877132.890
20161024 36580 37090 36300 36720 38612.68 141834038.320
20161021 37740 38100 36410 36570 81300.85 301301753.720
20161020 37800 38170 37390 37760 39775.80 149857946.860
20161019 38490 38510 37650 37870 52760.15 200212812.640
20161018 37000 38430 36900 38330 80804.14 306005986.370
20161017 37490 37560 36580 36850 62111.84 230453064.040
20161014 38180 39100 37600 37700 98615.99 378813279.140
20161013 37840 38660 37550 37970 99973.45 381129755.960
20161012 37210 37900 36840 37410 48675.42 181842545.540
20161011 37600 37940 37120 37500 51919.58 194193220.250
20161010 35700 37810 35700 37600 85170.66 315044669.340
20160930 35770 35990 35220 35370 40222.68 142798463.510
20160929 35710 36180 35560 35790 32977.23 118370705.020
20160928 36300 36430 35350 35710 43984.16 157679823.100
20160927 35440 36360 35330 36300 57359.35 205875357.410
20160926 37450 37570 35100 35830 103894.09 378856548.000
20160923 37600 38250 36400 37860 104488.63 390185746.220
20160922 38000 38180 37290 37600 74582.59 281244073.040
20160921 37380 38260 36800 37750 99071.93 371142281.530
20160920 36000 38240 35810 37480 128293.17 480137445.110
20160919 36350 36740 35200 36180 74952.74 268733974.010
20160914 35880 36880 35500 35730 85534.17 307946559.710
20160913 34090 36410 34050 36410 158633.78 564065006.090
20160912 33800 34700 33160 33880 80615.16 274254342.230
20160909 35430 35700 34340 34490 87805.12 305920218.090
20160908 35080 36060 35000 35750 111640.22 396414058.520
20160907 34370 35970 34020 35230 169411.04 596158578.960
20160906 32860 34370 32510 34230 86720.48 291333631.120
20160905 32550 33330 32300 32710 48335.26 159058275.130
20160902 32780 32970 32070 32370 42890.59 139604293.260
20160901 33520 33590 32830 32830 41264.70 136677592.470
20160831 33300 33600 32820 33520 67694.74 224814271.210
20160830 33860 34270 33280 33430 82913.10 280057239.880
20160829 33000 34880 32860 34120 142207.41 482244360.460
20160826 31800 33610 31710 33100 122597.63 403322553.720
20160825 32240 32240 31210 31770 68184.42 215774657.930
20160824 31420 32800 31300 32440 81136.51 262008761.840
20160823 31310 31870 31250 31470 40516.49 127888806.630
20160822 31400 31800 31300 31330 35825.35 112880345.860
20160819 31880 31880 31100 31420 61977.11 194489907.640
20160818 32980 33200 31820 31860 104658.88 340373343.180
20160817 33100 33420 32780 33120 71834.86 237329077.630
20160816 33300 33680 33000 33060 57140.78 189680159.110
20160815 32900 33630 32170 33360 87605.82 289893231.170
20160812 32200 32900 31960 32800 65726.71 213636164.140
20160811 32500 33320 32180 32200 72298.34 236952630.230
20160810 32400 33080 32120 32590 56722.38 184877133.940
20160809 32160 32840 31950 32590 74967.20 242708595.630
20160808 30840 32780 30800 32520 107769.45 345620157.270
20160805 30880 30950 30320 30590 39305.73 120299057.850
20160804 30810 31170 30390 30850 48494.93 149245120.660
20160803 30500 31200 30500 31090 47655.56 147530261.940
20160802 30430 31150 30400 30800 48350.76 148816772.060
20160801 30500 30820 29900 30430 58773.22 178347647.370
20160729 30470 31130 29790 31060 84469.85 257138986.600
20160728 31650 31860 29510 30460 134215.00 410796768.730
20160727 34200 34660 31180 31650 146379.08 481387473.200
20160726 32840 34460 32840 34350 95232.54 323526411.930
20160725 33160 33420 32600 32920 59313.42 195273424.660
20160722 33330 33600 32150 33300 65312.62 216416987.820
20160721 33870 34150 33170 33290 89953.65 301774081.180
20160720 33910 35180 33400 33460 154773.09 533578991.000
20160719 32900 33950 32410 33900 122584.65 407715826.190
20160718 31600 33750 31460 33190 177142.61 579191282.310
20160715 31120 31990 30500 31690 116164.94 363457719.280
20160714 31340 31630 30930 31120 74200.14 231533480.140
20160713 30420 31490 30240 31350 152192.33 472064641.220
20160712 29900 30350 29370 30260 87548.45 261919798.950
20160711 30180 30400 29610 29680 90756.57 272171237.410
20160708 30040 30710 29620 30200 78191.25 236380875.380
20160707 30350 30510 29500 30030 87087.69 260906536.860
20160706 30530 31100 30040 30260 78218.35 238083989.470
20160705 31010 31370 30360 30500 102133.24 314840770.940
20160704 29690 30880 29520 30790 111143.96 337454951.920
20160701 29980 30180 29410 29800 73057.26 217369667.110
20160630 30400 30530 29510 29770 81126.06 241870541.210
20160629 30500 30600 29920 30150 107976.77 325956929.240
20160628 29800 30990 29410 30540 161642.41 488564294.400
20160627 29260 30250 29230 30080 124238.78 370911876.540
20160624 29300 29890 27650 29260 150035.81 437869521.950
20160623 29100 30540 29060 29410 214519.98 639349301.420
20160622 27180 29230 26970 28990 140973.19 398640361.880
20160621 27720 28340 27030 27060 70215.89 195198448.490
20160620 27500 27800 27000 27590 50637.57 139001254.910
20160617 27250 27890 27070 27410 65329.81 179795528.490
20160616 27200 27680 26870 26960 63066.32 172196166.550
20160615 25410 28270 25390 27160 64836.63 175706995.350
20160614 25520 25950 25470 25810 45077.61 115924273.520
20160613 27480 27570 25800 25800 84951.09 228685397.090
20160608 27610 28440 27510 28090 86857.22 243116411.590
20160607 27780 27820 27450 27650 51560.63 142376401.170
20160606 28050 28150 27540 27740 63306.56 175911900.260
20160603 28100 28480 27660 28030 88602.38 247919770.020
20160602 28010 28500 27500 28070 102656.21 287290426.820
20160601 27500 27880 27300 27590 96218.98 265589418.020
20160531 25500 27960 25500 27680 144461.52 388532349.920
20160530 25000 25780 24910 25420 44754.49 113912843.230
20160527 25490 25660 25250 25350 45146.61 114771425.880
20160526 25160 25700 24520 25630 55108.89 138186498.900
20160525 25610 26100 25270 25290 45768.98 117105948.390
20160524 25670 25670 25100 25240 39911.29 100983574.370
20160523 25600 26100 25500 25680 60935.09 157127163.970
20160520 24850 25480 24600 25480 44615.73 112589793.780
20160519 24610 25620 24510 25070 79381.76 200115453.750
20160518 25210 25300 24300 24470 59031.49 145902830.350
20160517 25350 25970 25080 25610 76452.25 195304061.660
20160516 24800 25390 24640 25350 41026.54 102964332.650
20160513 25130 25550 24810 24990 38157.00 96080000
20160512 25010 25480 24300 25200 48836.00 121810000
20160511 25880 25980 25300 25300 45986.00 117710000
20160510 25600 25990 25360 25640 45618.00 117430000
20160509 26370 26450 25320 25520 73275.00 189700000
20160506 28690 29000 26900 26900 98485.00 275800000
20160505 28580 28710 28260 28610 53303.00 151890000
20160504 28350 28940 28210 28630 86894.00 247990000
20160503 27800 28630 27600 28560 75927.00 214750000
20160429 28000 28070 27520 27600 47971.00 133130000
20160428 28050 28170 27310 28060 47499.00 131660000
20160427 28090 28290 28000 28000 51841.00 145770000
20160426 27750 28250 27680 28250 49180.00 137640000
20160425 27960 28000 27120 27760 62262.00 171750000
20160422 27780 28650 27600 28250 70525.00 198420000
20160421 28880 29450 28000 28100 89283.00 257000000
20160420 31780 31850 28500 29000 160519.00 479900000
20160419 31210 31560 30610 31500 99549.00 310000000
20160418 31200 31500 30680 30950 111229.00 344570000
20160415 31010 32160 30420 32000 196977.00 618760000
20160414 30700 31260 30320 31000 124287.00 382550000
20160413 29230 31200 29230 30320 167292.00 506550000
20160412 29360 29360 28300 28970 88484.00 253940000
20160411 29100 29740 28980 29370 106428.00 312630000
20160408 29360 29380 28190 28710 174759.00 503160000
20160407 32010 32290 30450 30470 131847.00 411700000
20160406 31490 31780 31110 31680 115437.00 362790000
20160405 29650 31540 29560 31460 123710.00 380080000
20160401 30030 30550 29110 29660 88033.00 259970000
20160331 30850 31190 30330 30390 81946.00 252080000
20160330 29450 30680 29320 30680 85736.00 256460000
20160329 29770 29960 28600 29070 67598.00 197030000
20160328 31000 31380 29710 29770 80788.00 247860000
20160325 30540 30770 29980 30600 57543.00 174710000
20160324 31580 31600 30580 30580 84372.00 262950000
20160323 30930 32020 30880 31720 78736.00 247430000
20160322 31100 31550 30700 30930 80357.00 250280000
20160321 31050 31580 30420 31500 113807.00 352580000
20160318 29030 31000 29030 30470 113105.00 340900000
20160317 27530 29300 27360 28960 93784.00 267250000
20160316 28280 28300 26830 27300 51740.00 142490000
20160315 28180 28180 27600 27660 49597.00 138260000
20160314 27350 28870 27320 28280 79582.00 225280000
20160311 26600 26960 25950 26800 48572.00 128650000
20160310 27140 27990 26700 26940 82881.00 227920000
20160309 26690 27540 26110 27140 54191.00 145680000
20160308 26800 27480 25200 27350 72822.00 192920000
20160307 26450 27380 26380 26800 63962.00 172130000
20160304 27660 27840 25400 25790 87680.00 232820000
20160303 28150 29050 27770 27770 89236.00 254380000
20160302 26630 28210 26230 28020 96987.00 263830000
20160301 26190 27490 24620 26740 124702.00 322780000
20160229 28520 29050 26400 26400 84690.00 227270000
20160226 30600 31070 28800 29330 81767.00 243510000
20160225 33660 33920 30560 30560 85000.00 271290000
20160224 34780 35100 32950 33950 93835.00 318990000
20160223 33080 35500 32610 34970 126959.00 430870000
20160222 33010 33490 32600 33230 96539.00 318580000
20160219 31510 32870 31200 32030 71186.00 227960000
20160218 32350 32880 31520 31630 60451.00 193700000
20160217 31800 32350 31080 32200 75401.00 239030000
20160216 30200 32150 30200 31760 68590.00 216410000
20160215 28810 30490 28600 30180 46237.00 136460000
20160205 31390 31400 30010 30100 51181.00 156130000
20160204 30760 31670 30540 31130 67424.00 209730000
20160203 29700 31120 29200 30830 73139.00 221840000
20160202 28700 30500 28460 29790 66973.00 199410000
20160201 28650 28910 27810 28400 53183.00 151030000
20160129 27010 29330 27010 28930 64880.00 183850000
20160128 27800 28310 26800 27000 81003.00 224100000
20160127 27700 28280 25580 27800 86106.00 232440000
20160126 30170 30790 27980 27980 80091.00 234640000
20160125 31120 31710 30400 31090 63024.00 196830000
20160122 30730 30870 28860 30680 79456.00 239130000
20160121 31100 32560 29860 29900 85868.00 268530000
20160120 31900 32620 31180 31500 75886.00 242110000
20160119 30500 32500 29970 32440 108794.00 338840000
20160118 27800 31460 27800 30940 110828.00 334740000
20160115 30200 30870 28100 28600 88988.00 263410000
20160114 27300 31550 27300 31100 111496.00 327100000
20160113 31490 31930 29310 29700 77041.00 237330000
20160112 30300 32300 29310 31180 94642.00 293310000
20160111 32940 33250 30320 30320 84612.00 267700000
20160108 35000 36090 31550 33690 114647.00 389260000
20160107 37900 37980 34820 34820 20400.00 73290000
20160106 38510 39000 36800 38690 84429.00 321540000
20160105 37690 40310 37400 38150 100106.00 386540000
20160104 46100 46200 41550 41550 56765.00 245740000
20151231 47860 48190 46100 46170 49922.00 234310000
20151230 46880 47980 46860 47800 59066.00 280400000
20151229 47280 47400 45800 46800 70525.00 328380000
20151228 49400 49960 47580 47580 103882.00 508060000
20151225 47900 48570 46580 47800 52040.00 247980000
20151224 48600 48700 46470 47920 70556.00 332870000
20151223 50520 50970 48500 48500 101117.00 504850000
20151222 49250 49860 48530 49550 65032.00 319890000
20151221 49250 49940 48010 48910 75734.00 370040000
20151218 52100 52720 49590 49700 99403.00 506460000
20151217 49950 50880 49740 50880 111585.00 561340000
20151216 49010 49700 48500 49070 81675.00 401310000
20151215 47600 49380 47490 48500 70448.00 341370000
20151214 47000 47930 44900 47490 109474.00 507110000
20151211 47250 48720 47010 47940 57057.00 273250000
20151210 46750 48620 46750 47430 65813.00 314300000
20151209 48050 48800 46710 47010 64139.00 304820000
20151208 49970 50300 48040 48570 74923.00 367080000
20151207 48200 51000 48010 50300 104255.00 518620000
20151204 48060 50500 47500 48350 127557.00 624960000
20151203 45910 47500 45690 47200 77267.00 361080000
20151202 47220 47690 43180 45800 100581.00 452860000
20151201 47000 49250 46500 47720 110544.00 528400000
20151130 47500 48230 43100 46790 151768.00 694650000
20151127 53100 53400 47790 47790 116256.00 582780000
20151126 55910 56440 52980 53100 99483.00 536620000
20151125 55200 56880 55000 55660 107751.00 602980000
20151124 55900 56000 53000 55650 107003.00 583960000
20151123 54050 57480 52740 56080 129319.00 709760000
20151120 52760 55000 51610 53710 161300.00 859300000
20151119 47700 52690 47000 52690 171862.00 866360000
20151118 47710 49500 46760 47900 127432.00 615970000
20151117 49500 51600 47600 48080 173973.00 867180000
20151116 44610 49200 44500 48680 134045.00 633140000
20151113 47200 48000 45330 45840 115835.00 541180000
20151112 49800 50300 47550 48660 152093.00 741190000
20151111 47500 49120 46650 48490 144942.00 694360000
20151110 47190 49800 46450 48020 192196.00 922780000
20151109 42540 47200 41730 47200 201820.00 907360000
20151106 40900 43450 40800 42910 136720.00 580970000
20151105 41650 42250 40420 40710 116912.00 482330000
20151104 39360 41720 39360 41630 121098.00 492500000
20151103 39800 40500 38380 38800 92941.00 366050000
20151102 40190 42380 39600 39700 105646.00 433240000
20151030 40400 42980 40000 41600 136863.00 570250000
20151029 41100 41780 39030 40260 91503.00 370290000
20151028 41800 43180 40020 40300 113482.00 474630000
20151027 41240 42600 38880 42230 131253.00 534680000
20151026 43300 43420 40390 41980 143176.00 599480000
20151023 40330 42220 40330 41880 170696.00 708440000
20151022 37650 40480 37650 40290 178705.00 700520000
20151021 39970 43930 37400 37830 258941.00 1038200000
20151020 38400 40580 38120 39960 132538.00 522600000
20151019 39330 39330 37710 38290 120048.00 460340000
20151016 39600 40580 38190 39510 141643.00 556580000
20151015 36950 40200 36600 40050 158769.00 607970000
20151014 38800 39380 36950 37070 121195.00 459180000
20151013 38350 39800 37900 39050 113210.00 442040000
20151012 37140 39490 36900 38720 140796.00 539950000
20151009 36200 37680 36010 36900 102313.00 378540000
20151008 36030 37180 35010 36310 132132.00 478010000
20150930 35000 35470 33110 34100 83141.00 283710000
20150929 34340 35280 33510 34880 108569.00 373880000
20150928 32300 35280 31800 35280 106640.00 359930000
20150925 34900 34900 31680 32070 92928.00 308700000
20150924 35500 36750 33660 35150 144790.00 513090000
20150923 33400 35030 33110 34980 122102.00 417600000
20150922 35850 35900 33600 34400 155998.00 542030000
20150921 32800 35950 32380 35550 129956.00 447410000
20150918 32900 34380 31180 33680 136763.00 445210000
20150917 31690 33890 31690 32200 182315.00 600350000
20150916 28150 30810 28150 30810 122688.00 363850000
20150915 27220 29450 26950 28010 136225.00 384790000
20150914 33450 33980 29320 29320 105597.00 324410000
20150911 31900 33200 31310 32580 124814.00 405270000
20150910 31760 32450 31400 31480 127600.00 406700000
20150909 30620 32770 30610 32770 246585.00 797370000
20150908 26000 29790 25210 29790 162336.00 445620000
20150907 25380 27080 25250 27080 155128.00 417010000
20150902 24510 28000 23800 24620 138353.00 348150000
20150901 28150 28780 25930 25930 104849.00 279520000
20150831 31900 31900 28800 28810 92297.00 279010000
20150828 30580 32000 30010 32000 144489.00 445540000
20150827 29150 30380 27300 29440 113596.00 330530000
20150826 32140 32490 28820 28820 177822.00 529690000
20150825 32020 33090 32020 32020 83093.00 266940000
20150824 36150 37460 35580 35580 48877.00 174900000
20150821 42770 43800 39530 39530 88353.00 364390000
20150820 44970 47020 43400 43920 115327.00 522090000
20150819 42010 45550 40600 45300 124957.00 539930000
20150818 44700 47880 42000 42800 166177.00 763700000
20150817 46180 46290 43870 45250 140201.00 634370000
20150814 46180 46180 45180 46180 108563.00 500770000
20150813 41980 41980 41980 41980 2534.00 10640000
20150812 38160 38160 38160 38160 1846.00 7040000
20150803 37340 38010 34480 34690 128735.00 456020000
20150731 39980 42630 37950 38310 92817.00 376700000
20150730 45740 46980 41580 41580 90870.00 407270000
20150729 45000 47280 40910 46200 120138.00 524020000
20150728 45450 50500 45360 45360 132640.00 611280000
20150727 55000 55500 50400 50400 93760.00 499600000
20150724 60010 61470 55320 56000 97463.00 577030000
20150723 59500 61500 57010 60000 110439.00 657270000
20150722 55500 60020 54500 59450 141694.00 816700000
20150721 53070 54960 51110 54560 97453.00 521120000
20150720 54300 55590 52800 54000 94209.00 511000000
20150717 50030 53550 50000 52620 99806.00 516690000
20150716 49320 53600 49320 49900 154637.00 776830000
20150715 58310 59000 54800 54800 83525.00 464570000
20150714 63150 69720 59600 60890 188217.00 1217220000
20150713 54000 65930 54000 65930 214264.00 1320300000
20150629 67900 68000 59940 59940 29883.00 181860000
20150626 72960 72960 66600 66600 41656.00 280160000
20150625 78140 78500 70320 74000 48205.00 363670000
20150624 73900 76590 73900 76110 53425.00 401530000
20150623 70000 73960 66190 73700 72267.00 516790000
20150619 68280 72830 64810 68900 52951.00 364730000
20150618 80980 81490 72010 72010 64578.00 488950000
20150617 77990 80980 74680 80010 47352.00 371590000
20150616 83600 85990 77400 77800 84853.00 669840000
20150615 85100 89980 84300 86000 50518.00 439250000
20150612 87980 90800 85200 86380 46053.00 405420000
20150611 82470 90000 81500 89800 71551.00 617220000
20150610 80800 84920 78120 82040 71277.00 581190000
20150609 77540 79550 75400 77300 53803.00 417150000
20150608 80000 80000 75280 77540 67891.00 525940000
20150605 83000 86000 78200 80980 75100.00 612690000
20150604 83980 84450 76200 83000 55279.00 446990000
20150603 86000 87000 80130 84000 61312.00 515830000
20150602 80410 86570 78900 85110 80161.00 655100000
20150601 72750 79500 72750 78700 72297.00 551950000
20150529 70070 75560 67160 72510 71936.00 518300000
20150528 76230 78500 70080 70080 77904.00 584600000
20150527 80150 81660 75500 75810 79870.00 615710000
20150526 75350 81200 75350 80000 59992.00 475480000
20150525 76000 77700 74060 76180 85554.00 646860000
20150522 83260 87500 78000 79110 93093.00 757700000
20150521 76440 84100 75010 83140 77587.00 611020000
20150520 75950 79860 75060 76450 63948.00 494120000
20150519 75780 77700 72510 75850 95357.00 721110000
20150518 69000 75350 69000 75350 98167.00 730590000
20150515 68000 71000 64600 68500 78557.00 532740000
20150514 71860 74440 68140 68240 136251.00 969930000
20150513 60210 68930 59180 68930 141176.00 941480000
20150512 66310 66310 60500 62660 169890.00 1084780000
20150511 58880 61000 58500 60280 134711.00 806610000
20150508 51530 56320 51530 56320 80362.00 445980000
20150507 52290 52900 50900 51200 41512.00 214990000
20150506 52140 54710 50990 52100 62034.00 328180000
20150505 53650 53790 50240 52130 79111.00 407720000
20150504 54030 54490 52000 53550 51489.00 272950000
20150430 53280 55930 53280 54000 85547.00 466970000
20150429 52490 54400 51070 53500 61037.00 325700000
20150428 56700 57500 51100 52800 102449.00 554160000
20150427 56700 58900 56300 56700 90659.00 519530000
20150424 55050 57500 53650 56700 92550.00 515470000
20150423 54300 58190 54000 55720 118259.00 665750000
20150422 52000 54920 51900 53830 78315.00 423170000
20150421 50290 53000 50290 52950 60112.00 311980000
20150420 52000 52700 50000 50120 104031.00 532030000
20150417 55000 55500 52020 52200 85921.00 453510000
20150416 53800 58000 51500 54070 94434.00 512450000
20150415 59990 59990 55200 55500 94351.00 539450000
20150414 55000 59880 54030 59880 144019.00 819740000
20150413 56010 57780 53400 54440 146414.00 809310000
20150410 54550 58520 53000 55740 99773.00 567850000
20150409 57000 57630 51860 54980 108767.00 587570000
20150408 59850 60850 53910 56910 110278.00 631520000
20150407 59000 60580 56900 59850 130270.00 774550000
20150403 57000 60380 54890 59310 130262.00 755860000
20150402 52620 56880 52110 56880 167386.00 930960000
20150401 49980 51730 49190 51710 116117.00 582710000
20150331 47930 50080 47560 49200 115693.00 569110000
20150330 51900 53400 46910 48000 149096.00 736560000
20150327 49710 52700 47980 52080 108508.00 544440000
20150326 56200 56280 50600 50600 126790.00 658830000
20150325 56790 58000 55050 56220 86611.00 490870000
20150324 56890 58500 54000 57700 102562.00 580460000
20150323 53600 56700 51800 56600 103526.00 566080000
20150320 53290 55500 52200 52890 72444.00 388710000
20150319 54140 55090 52260 53260 74180.00 396030000
20150318 49410 55030 49200 54600 117454.00 628430000
20150317 50350 52080 48500 50030 88962.00 442820000
20150316 49780 51350 49050 49900 125780.00 631460000
20150313 46580 48860 45810 48650 84827.00 404510000
20150312 45910 47520 44920 46190 92895.00 432960000
20150311 45300 46550 44350 45800 63268.00 289930000
20150310 45510 46990 45010 45410 124721.00 572060000
20150309 44500 46900 43700 45500 109904.00 499480000
20150306 48300 48300 43630 44900 119643.00 539910000
20150305 48550 49800 46910 48450 89441.00 430820000
20150304 45010 48960 45000 48940 131369.00 624570000
20150303 47700 47790 44930 45000 94410.00 438710000
20150302 46000 49000 44580 47500 138412.00 649180000
20150227 42490 46450 42400 46150 134203.00 602330000
20150226 41310 42960 40600 42500 71451.00 298420000
20150225 42800 43850 41000 41170 83148.00 349210000
20150217 43840 44370 41960 42870 74558.00 318920000
20150216 42100 44540 41660 43600 110438.00 480870000
20150213 41500 44160 41190 42100 181012.00 770840000
20150212 37810 41470 37400 41200 228097.00 911710000
20150211 36120 38300 36120 37700 140242.00 523720000
20150210 34150 36260 33100 35990 86937.00 298310000
20150209 34710 36500 33700 34120 69943.00 244430000
20150206 36030 36990 34490 34800 99687.00 353910000
20150205 35580 37500 34830 36030 147768.00 539170000
20150204 34000 36270 33610 35770 148260.00 518730000
20150203 31500 34280 31220 34040 142945.00 474300000
20150202 30570 32000 29720 31270 50819.00 158520000
20150130 32050 32550 30400 30700 75000.00 235890000
20150129 32450 32970 32110 32150 41382.00 134260000
20150128 32700 33320 32350 32750 65357.00 214040000
20150127 33250 33500 31890 32980 121589.00 397450000
20150126 32690 33550 32670 33030 88095.00 290940000
20150123 32550 33690 31780 32500 95886.00 314800000
20150122 32880 33900 32300 32500 86751.00 286500000
20150121 30950 32840 30950 32340 122019.00 393200000
20150120 29000 30960 29000 30740 76313.00 231160000
20150119 28980 30800 28610 29300 62751.00 187130000
20150116 29060 30130 29060 29940 64868.00 191730000
20150115 29370 29680 28950 29010 30449.00 88930000
20150114 30200 30200 29000 29100 40114.00 118180000
20150113 29480 30300 28900 30280 66638.00 198440000
20150112 28200 29500 27910 29150 53466.00 155480000
20150109 27900 29340 27900 28370 67769.00 195100000
20150108 27740 28740 27500 28300 66572.00 187950000
20150107 28180 28480 27000 27550 54775.00 150850000
20150106 25700 28100 25500 28070 76044.00 206190000
20150105 27700 27700 24820 26180 120718.00 313440000
20141231 28050 28400 26700 27540 59826.00 164360000
20141230 29010 29440 27840 28050 53771.00 153490000
20141229 29900 30240 28930 29100 59556.00 174710000
20141226 30750 30750 29880 30150 53062.00 159990000
20141225 30570 30960 30330 30730 34174.00 104800000
20141224 30460 30680 29700 30680 39491.00 119550000
20141223 29200 30660 29120 30200 65602.00 196930000
20141222 30140 30280 28880 29220 90746.00 266300000
20141219 32200 32220 29800 30420 141175.00 432280000
20141218 32890 33810 32070 32400 69841.00 228740000
20141217 33500 33500 32220 32800 79181.00 258760000
20141216 34250 34940 33340 33700 78803.00 267950000
20141215 33350 34660 32820 33680 109420.00 370690000
20141212 31270 33270 30600 32710 74600.00 236050000
20141211 30940 32100 30200 31270 70435.00 219100000
20141210 29040 31580 28850 31400 99489.00 302460000
20141209 32000 32000 29160 29160 169976.00 511450000
20141208 35200 35480 31700 32400 156407.00 515780000
20141205 35800 36370 33030 35100 132409.00 457810000
20141204 34530 37700 34500 36450 159458.00 575270000
20141203 34990 36400 32010 34470 288712.00 989820000
20141202 33960 33980 31500 33980 154569.00 524090000
20141117 29300 30900 29120 30890 62258.00 189370000
20141114 29000 29370 28800 29300 46064.00 134130000
20141113 29690 29700 28700 29000 54790.00 159360000
20141112 29400 29900 29000 29700 44344.00 130800000
20141111 31300 31300 29000 29490 91286.00 274390000
20141110 32300 32450 31300 31440 56185.00 177460000
20141107 34460 34530 32200 32440 90410.00 300450000
20141106 34200 34350 33500 34160 35721.00 120980000
20141105 33500 34650 33500 34200 53244.00 182360000
20141104 33500 34210 33230 33720 42925.00 144800000
20141103 33290 34000 33120 33340 34200.00 114380000
20141031 34300 34690 32610 33580 66381.00 221930000
20141030 34500 34950 34220 34700 39791.00 137420000
20141029 34830 35650 34500 34730 63796.00 224040000
20141028 34200 34970 33950 34660 69263.00 240000000
20141027 32580 34470 32250 34120 60336.00 202240000
20141024 32070 32740 32000 32600 42088.00 136480000
20141023 34720 35190 31920 32070 102290.00 338980000
20141022 38000 38740 34500 34620 188104.00 685550000
20140903 34840 35910 34480 35220 66399.00 234120000
20140902 34160 34790 33940 34750 73221.00 251190000
20140901 32820 34380 32680 33920 62677.00 212140000
20140829 31370 33100 31320 32910 45191.00 145790000
20140828 32490 32490 31300 31370 47311.00 150140000
20140827 32250 33110 32060 32500 38490.00 125770000
20140826 33090 33570 32020 32250 50571.00 164400000
20140825 34000 35090 33490 33500 59118.00 201820000
20140822 33390 34700 32610 34290 65117.00 218740000
20140821 33320 33680 32700 33400 36613.00 120950000
20140820 33170 33400 32630 33260 58156.00 191820000
20140819 32050 33990 32020 33170 110979.00 368920000
20140818 29700 32600 29700 31940 113078.00 355260000
20140815 29320 29700 29160 29700 20728.00 61090000
20140814 29590 29950 29300 29340 34322.00 101390000
20140813 30310 30450 29480 29590 42228.00 125770000
20140812 30280 30600 29890 30310 35847.00 108200000
20140811 29310 30360 29310 30280 82688.00 247920000
20140808 28620 29100 28250 28830 33692.00 97060000
20140807 28400 29200 28400 28610 42537.00 122750000
20140806 28720 28930 28360 28490 39268.00 112200000
20140805 27660 29100 27030 28840 60979.00 172050000
20140804 27540 27730 27220 27660 24423.00 67160000
20140801 27950 27950 27190 27650 32656.00 90060000
20140731 28460 28480 27800 28050 29515.00 82630000
20140730 27780 28790 27650 28490 48637.00 138850000
20140729 27680 28250 27260 27890 45254.00 125810000
20140728 26710 27730 26500 27680 42935.00 116880000
20140725 25620 26660 25130 26660 39963.00 104340000
20140724 27920 27920 25650 25680 86441.00 226730000
20140723 29000 29000 27280 27700 44601.00 125070000
20140722 29000 29200 28470 29010 27733.00 79960000
20140721 28500 29280 28490 28990 29880.00 86580000
20140718 28270 29020 28160 28690 31801.00 91400000
20140717 28120 28780 27970 28290 33198.00 94430000
20140716 27500 28500 27200 28260 43279.00 120490000
20140715 28800 28800 27500 27580 56112.00 156510000
20140714 29730 29850 27780 28870 53531.00 153030000
20140711 29450 29820 29200 29590 28033.00 82820000
20140710 30070 30240 29110 29450 34365.00 101620000
20140709 30000 30690 28700 29660 73392.00 217560000
20140708 30060 30390 29030 29780 61938.00 182670000
20140707 31720 31770 29950 30060 51990.00 158190000
20140704 32650 32980 31200 31650 41883.00 133430000
20140703 32520 33000 32300 32410 34039.00 110990000
20140702 33300 33500 32380 32500 49880.00 163360000
20140701 31700 33300 31490 33300 67736.00 219540000
20140630 31100 31470 30670 31320 44337.00 137200000
20140627 32220 32230 31150 31250 45345.00 143070000
20140626 32280 33580 31650 32060 42786.00 137640000
20140625 33220 33400 31550 32010 32325.00 103720000
20140624 33660 33990 33220 33310 15163.00 50880000
20140623 33030 34490 32870 33600 30298.00 102190000
20140620 32700 33250 31550 33200 33082.00 106730000
20140619 34900 36130 32310 32690 40737.00 138490000
20140618 34820 35470 33410 33500 25544.00 86750000
20140617 35150 35510 34740 34800 11795.00 41220000
20140616 36200 37070 34950 35200 37758.00 135150000
20140613 34930 35600 34680 35600 17264.00 60840000
20140612 34900 35780 34650 34930 21811.00 76700000
20140611 33860 35850 33770 34890 25095.00 87970000
20140610 33890 34550 33170 34000 24262.00 82540000
20140609 35600 35890 33300 33380 28030.00 96520000
20140606 35000 35800 34580 35250 23851.00 83540000
20140605 33610 35800 33430 35000 43044.00 149690000
20140604 33020 33680 32710 33660 23046.00 76760000
20140603 32300 34300 32280 33260 32989.00 110840000
20140530 32580 32900 31330 32280 21960.00 70430000
20140529 33300 33770 32580 32580 18863.00 62280000
20140528 32340 34120 32340 33450 35101.00 116150000
20140527 33000 33000 32310 32380 18929.00 61620000
20140526 33950 33970 32060 33380 29782.00 98260000
20140523 32450 32830 31810 32830 15307.00 49410000
20140522 30460 33250 30460 32190 35706.00 114820000
20140521 30000 30650 29510 30650 16167.00 49090000
20140520 29700 31000 29360 30070 30360.00 91520000
20140519 28590 29540 28410 28900 11915.00 34540000
20140516 28700 28820 26510 28780 25020.00 69200000
20140515 29220 29480 28720 28800 10128.00 29250000
20140514 28980 29300 28650 29100 8079.00 23470000
20140513 28930 29890 28620 28950 12486.00 36580000
20140512 28330 28780 27920 28560 14922.00 42430000
20140509 29390 29390 27680 28090 14998.00 42370000
20140508 29820 29950 29200 29390 12699.00 37660000
20140507 30590 30590 29300 29620 17210.00 51060000
20140506 30140 31390 30060 30590 23284.00 71720000
20140505 29020 30200 28800 30140 18639.00 55310000
20140430 31610 32110 28710 29600 45151.00 134090000
20140429 32580 33440 31450 31900 18592.00 59980000
20140428 32490 33580 31700 32780 17347.00 57070000
20140425 32300 32800 31550 32610 10625.00 34130000
20140424 33000 33000 31690 32290 10285.00 33160000
20140423 40000 40680 38480 39500 22470.00 88870000
20140422 43160 43200 39000 40780 37717.00 152140000
20140421 43350 43680 42600 43160 16699.00 72030000
20140418 42780 43530 42510 43300 11006.00 47480000
20140417 42050 43690 41980 42730 16809.00 71870000
20140416 42090 42510 41590 42020 19760.00 82830000
20140415 41420 42200 41200 42090 14080.00 58660000
20140414 43660 43680 40710 41600 43281.00 181650000
20140411 44510 44510 42800 43510 25920.00 112980000
20140410 45720 46360 44620 45310 28583.00 130080000
20140409 45780 46680 44650 45200 20769.00 94610000
20140408 47000 47000 44140 45780 18638.00 84330000
20140404 44500 47130 43520 47130 24122.00 111280000
20140403 45850 46800 44210 44670 16377.00 73930000
20140402 48580 49280 45000 45860 18458.00 85460000
20140401 46800 50210 46800 48970 19243.00 93740000
20140331 44440 47000 44440 47000 19761.00 91650000
20140328 43550 44970 42000 44650 20129.00 87950000
20140327 46420 46760 42680 43870 29228.00 128180000
20140326 45240 46700 45240 46310 22634.00 104110000
20140325 47790 49480 44200 45200 44079.00 203240000
20140324 51370 51370 47000 47880 27895.00 135900000
20140321 52850 54990 51320 51500 24827.00 131830000
20140320 50540 55100 50250 52860 35864.00 192340000
20140319 49990 52800 49600 50740 14366.00 73690000
20140318 51500 51900 50000 50310 16180.00 82280000
20140317 47090 51500 46250 51000 24323.00 118950000
20140314 47500 49170 46280 47090 20492.00 98260000
20140313 45190 47000 43330 46990 32857.00 147560000
20140312 47300 48580 44500 45000 19296.00 90050000
20140311 46020 47950 45550 47300 19825.00 92790000
20140310 49500 49500 45550 46010 29978.00 141670000
20140307 51100 51800 49500 50140 16393.00 82570000
20140306 49000 52230 47660 51800 31599.00 158110000
20140305 45500 49280 45500 48860 32542.00 155180000
20140304 43560 45620 43130 45360 20730.00 92510000
20140303 42800 45890 42630 44000 16814.00 74420000
20140228 43000 43750 41620 43000 35322.00 150390000
20140227 46800 46800 42040 43000 48493.00 215210000
20140226 45600 49280 43970 46710 43420.00 204460000
20140225 49550 53290 44100 44800 55302.00 267550000
20140224 44000 48950 43620 48950 37861.00 178420000
20140221 46460 46460 43900 44500 21065.00 94290000
20140220 48100 50000 44580 45690 33832.00 157900000
20140219 47480 48400 46060 47100 19749.00 93130000
20140218 46350 49990 45500 47170 26462.00 125740000
20140217 42980 46310 42880 46310 33561.00 152970000
20140214 41900 42260 40500 42100 21907.00 91130000
20140213 38410 42410 38050 41450 34544.00 140600000
20140212 37600 38550 36250 38550 39473.00 147000000
20140211 38980 39000 37000 37200 32562.00 124130000
20140210 39460 40350 38300 39570 30010.00 117350000
20140207 39000 40880 38200 39460 17942.00 71860000
20140130 40100 40300 38880 39290 16045.00 63050000
20140129 38920 40500 38920 40260 20686.00 82650000
20140128 38630 39000 37780 38920 21928.00 83900000
20140127 38940 39950 38360 38750 23082.00 90500000
20140124 39200 39900 38100 39240 22092.00 86440000
20140123 37200 40200 36860 39500 35035.00 137220000
20140122 35580 37010 35260 36790 31509.00 115030000
20140121 33030 35790 32890 35550 39051.00 134370000
20140120 34310 36850 33660 34170 37972.00 133020000
20140117 34100 35370 33600 34200 17489.00 60300000
20140116 34990 35500 33550 34000 29725.00 102140000
20140115 35840 37400 35380 35500 28490.00 103830000
20140114 33500 35940 33110 35870 17492.00 60620000
20140113 34280 34500 32570 33700 31912.00 106580000
20140110 35090 35980 33710 34030 30659.00 107270000
20140109 35240 35600 34500 35320 28447.00 100080000
20140108 32100 35240 32100 35240 57127.00 196710000
20140107 32580 32710 31680 32040 19462.00 62610000
20140106 31450 33000 30960 32680 57619.00 185550000
20140103 31000 32200 30700 31700 82607.00 260480000
20140102 28220 31040 28000 30980 68694.00 207750000
20131231 27900 28230 27110 28220 18223.00 50420000
20131230 27630 28490 27500 28210 19516.00 54630000
20131227 28450 29300 28000 28030 37759.00 107840000
20131226 26980 27950 26860 27550 21798.00 59870000
20131225 26750 27330 26750 26980 10454.00 28230000
20131224 25660 26870 25560 26810 10298.00 27200000
20131223 26000 26030 25500 25600 9112.00 23450000
20131220 26800 27100 25790 26050 10545.00 27690000
20131219 27500 27950 26720 26750 11789.00 32440000
20131218 27510 27900 27510 27600 5022.00 13900000
20131217 27990 28100 27320 27780 14684.00 40670000
20131216 27590 28380 27590 27900 34850.00 97880000
20131213 27200 28400 26700 27570 31416.00 86830000
20131212 24650 27500 24650 27050 41411.00 111600000
20131211 24500 25190 24500 25000 14595.00 36360000
20131210 24500 24730 24300 24500 10223.00 25010000
20131209 24000 25130 23900 24680 28123.00 69240000
20131206 24330 24490 23430 23980 26944.00 64190000
20131205 26580 26620 23750 24400 20292.00 50970000
20131204 25220 26540 25220 26260 15992.00 41990000
20131203 25010 25900 24330 25660 16623.00 41810000
20131202 27260 27500 25530 25550 35850.00 93530000
20131129 27870 28530 27800 28370 17033.00 48190000
20131128 28130 28570 27810 27850 21575.00 60550000
20131127 27350 28500 27110 28130 21641.00 60680000
20131126 27400 27700 27100 27240 8778.00 23990000
20131125 26950 27750 26700 27410 16246.00 44650000
20131122 26780 27030 26400 26980 8494.00 22630000
20131121 26220 26730 26220 26430 9544.00 25290000
20131120 26470 26880 26110 26410 13124.00 34840000
20131119 27100 27290 26550 26560 13734.00 36850000
20131118 26820 27380 26710 26990 15404.00 41680000
20131115 26300 27340 26280 26820 13878.00 37310000
20131114 25650 26320 25620 26260 12070.00 31460000
20131113 25600 26480 25600 25910 11189.00 29270000
20131112 24910 25800 24590 25730 13291.00 33940000
20131111 25680 25680 24300 24950 17483.00 43720000
20131108 25690 25890 25180 25240 17936.00 45740000
20131107 27200 27350 24950 25950 45874.00 119280000
20131106 28150 28150 27180 27200 17457.00 48140000
20131105 27600 28290 27060 28140 10607.00 29370000
20131104 27710 28560 27650 27820 8734.00 24360000
20131101 29300 29330 27510 28130 23684.00 67170000
20131031 29720 29890 27510 28680 23733.00 67430000
20131030 29900 30100 29540 29910 10948.00 32560000
20131029 29300 30150 27850 30110 19691.00 56830000
20131028 28880 29600 28780 29290 14951.00 43730000
20131025 30050 30490 28700 28870 20702.00 60780000
20131024 30350 30870 29920 30030 12409.00 37680000
20131023 31970 31970 29780 31000 40342.00 123260000
20131022 32340 32770 31050 31970 35210.00 112170000
20131021 31510 32840 31170 32340 44622.00 144060000
20131018 30200 31980 29920 31560 37030.00 115850000
20131017 29090 30790 28950 30100 58940.00 177970000
20131016 29660 29660 28220 28900 30946.00 89000000
20131015 29200 30100 29030 29710 50922.00 151030000
20131014 28200 29600 28190 29400 47522.00 137910000
20131011 27700 28160 27660 28150 17636.00 49170000
20131010 28200 28500 27600 27660 21336.00 59940000
20131009 27800 28780 27490 28200 41046.00 115650000
20131008 27000 28000 26500 27850 32029.00 86850000
20130930 26180 27250 26180 27150 14814.00 39870000
20130927 26050 26600 25950 26210 14203.00 37230000
20130926 27500 27500 26270 26280 17690.00 47430000
20130925 27530 28200 27100 27300 20581.00 57140000
20130924 27230 27770 27100 27530 21781.00 59870000
20130923 27000 27370 26470 27240 23547.00 63420000
20130918 27600 27600 26660 26920 15969.00 43040000
20130917 27850 27850 27120 27670 15966.00 43800000
20130916 26120 27840 26030 27800 36188.00 98330000
20130913 25050 26140 25050 26060 49301.00 127190000
20130912 26000 26490 24990 25200 34979.00 89430000
20130911 27200 27280 25850 26340 25045.00 66200000
20130910 27460 27850 26980 27230 26799.00 72870000
20130909 28200 28370 27400 27530 23851.00 65900000
20130906 28200 28380 27510 28070 28654.00 79650000
20130905 27700 28540 27120 28260 27469.00 76780000
20130904 28450 28740 27660 27770 25560.00 71250000
20130903 28460 28950 28000 28520 16992.00 48690000
20130902 27900 28710 27000 28560 28007.00 78200000
20130830 28400 29390 27880 27920 20010.00 56940000
20130829 29550 29550 28550 28890 22045.00 63720000
20130828 28800 30120 28460 29670 39634.00 116960000
20130827 30010 30270 28700 29000 41344.00 120570000
20130826 30500 30760 29880 29990 44193.00 133540000
20130823 30670 31360 29810 30900 32357.00 99680000
20130822 30400 30980 30200 30740 29980.00 92120000
20130821 30510 30840 29780 30280 26101.00 78760000
20130820 30350 31780 30000 30860 66835.00 207310000
20130819 28800 30500 28500 30390 78210.00 232860000
20130815 28540 28650 27550 27800 36820.00 103180000
20130814 27950 28680 27300 28600 29307.00 82550000
20130813 27220 28200 27210 27820 24571.00 68240000
20130812 28770 28900 26970 27350 47035.00 129840000
20130809 29520 29790 28070 28680 37161.00 106550000
20130808 29110 29500 28680 29480 19962.00 58240000
20130807 30890 31300 28800 29250 52554.00 155250000
20130806 30800 31900 30790 31100 25086.00 78580000
20130805 30880 31390 30150 30970 32711.00 100120000
20130802 31810 33000 30990 31070 32302.00 103010000
20130801 30520 31780 30010 31560 41230.00 127810000
20130731 30200 31260 29600 30320 24026.00 73180000
20130730 30320 30880 28510 30770 39540.00 117050000
20130729 33300 33300 30100 30440 49554.00 156070000
20130726 31900 33350 31300 33300 49862.00 163500000
20130725 31300 33190 29850 32310 52345.00 165480000
20130724 32180 33500 31180 31500 61356.00 198020000
20130723 31000 32580 30310 32250 90240.00 285310000
20130722 28590 30920 28500 30800 57497.00 173180000
20130719 27700 29200 27550 28650 58039.00 166830000
20130718 28020 28300 27010 27660 43211.00 119470000
20130717 29920 30190 28470 28470 50910.00 150030000
20130716 29820 30370 29300 29900 42713.00 127730000
20130715 28000 30000 27850 30000 80619.00 235020000
20130712 27660 28700 27390 27980 52307.00 147350000
20130711 27760 28150 27240 27650 48166.00 132890000
20130710 27950 28090 27320 27880 25392.00 70250000
20130709 28150 28620 27450 27520 27938.00 77550000
20130708 26980 28840 25800 28300 56901.00 157670000
20130705 28310 28820 27410 27660 37283.00 104640000
20130704 28600 29240 27000 28420 81816.00 230440000
20130703 30340 30490 27310 29170 106196.00 304120000
20130702 30900 31400 29950 30330 71710.00 218710000
20130701 30080 31480 29800 31320 33851.00 103770000
20130628 32300 32400 29600 30000 40744.00 125920000
20130627 32790 33000 31800 32280 30995.00 100420000
20130626 30510 33560 30110 32700 87052.00 283320000
20130625 26980 30510 25600 30510 41434.00 117190000
20130624 28780 28790 26670 27740 32339.00 89890000
20130621 28000 28790 27210 28580 21757.00 61280000
20130620 28000 29140 27250 28580 23049.00 65480000
20130619 27160 28800 26530 28100 14651.00 41010000
20130618 27350 27900 26720 27460 11590.00 31560000
20130617 27920 28870 27260 27560 25955.00 73340000
20130614 27210 28400 27010 27920 21061.00 58310000
20130613 25610 27260 25300 27220 22608.00 59820000
20130607 25300 26970 25280 26610 18586.00 48870000
20130606 26200 26200 25200 25430 9715.00 24950000
20130605 25400 26400 25400 26200 10913.00 28420000
20130604 27770 27770 25200 25900 25280.00 67070000
20130603 29400 29480 27000 27560 33662.00 94910000
20130531 28850 29870 28780 29400 25023.00 73400000
20130530 28010 28710 27720 28600 19726.00 56000000
20130529 28270 28690 27300 28100 34762.00 96980000
20130528 29500 30130 28130 28280 38107.00 111270000
20130527 29580 30190 28800 29500 30395.00 89030000
20130524 28100 29900 28100 29300 30322.00 88440000
20130523 27260 28700 27070 28550 33022.00 93080000
20130522 28110 29190 27350 27800 35142.00 98350000
20130521 26780 29290 26150 28680 39086.00 107230000
20130520 25650 27300 25480 26660 40791.00 109000000
20130517 25000 25990 24300 25660 29233.00 74040000
20130516 24520 26470 24380 25040 37381.00 94480000
20130515 23720 24780 23300 24600 23948.00 58050000
20130514 48800 48880 47000 47360 7964.00 37980000
20130513 48130 49180 47510 48520 8250.00 39790000
20130510 50110 51350 47880 48980 14296.00 70660000
20130509 48600 50000 47410 49850 17294.00 84210000
20130508 46800 48600 45850 48600 13614.00 64180000
20130507 47110 47450 46300 46750 9486.00 44320000
20130506 46150 47100 45560 47100 15092.00 70200000
20130503 45720 47240 45000 45800 11063.00 50920000
20130502 43900 45790 43610 45700 8973.00 40500000
20130426 43060 44570 42520 44420 15275.00 66260000
20130425 49000 49000 43970 44060 20267.00 94380000
20130424 48000 50150 47000 48850 18797.00 91800000
20130423 49000 50400 46500 47180 19138.00 92060000
20130422 44990 48810 44500 48810 20505.00 95830000
20130419 43580 44800 43500 44370 5917.00 26250000
20130418 42510 44270 42510 43480 9056.00 39560000
20130417 40990 43100 40680 43080 8365.00 34950000
20130416 42100 42100 40500 40960 8938.00 36540000
20130415 43090 43320 41910 42200 7179.00 30240000
20130412 43250 43800 42550 43090 2643.00 11460000
20130411 44440 44890 43030 43120 3563.00 15570000
20130410 44000 45000 43000 43980 8382.00 36690000
20130409 44000 45500 43560 44500 7611.00 34120000
20130408 41980 44190 41510 43850 7178.00 30930000
20130403 43150 43400 41500 42700 9152.00 38520000
20130402 44580 45220 42000 43490 12717.00 55200000
20130401 42280 45070 42210 44880 7345.00 32600000
20130329 43550 44390 42110 43270 8663.00 37200000
20130328 42500 44600 41800 44060 12496.00 54100000
20130327 45020 46320 44830 45250 5274.00 23960000
20130326 44900 45210 43660 45020 7279.00 32220000
20130325 45500 45730 43660 45200 7311.00 32590000
20130322 44400 45500 44010 45300 7279.00 32850000
20130321 42980 44490 42980 44400 11364.00 50050000
20130320 42000 43400 42000 43000 10940.00 46960000
20130319 42820 43290 41120 42500 7157.00 30280000
20130318 41010 43750 40740 43000 12704.00 53900000
20130315 41170 43000 41100 41650 17951.00 75670000
20130314 39850 41750 39810 40200 11793.00 48000000
20130313 40900 41080 39200 39850 12797.00 51420000
20130312 43180 43400 40500 41160 10963.00 45760000
20130311 43420 43900 42500 42920 8513.00 36730000
20130308 44920 45450 42600 43420 11800.00 51470000
20130307 45540 47500 43880 44800 10796.00 49220000
20130306 46310 46660 45100 45890 15088.00 69280000
20130305 44870 47200 44150 46530 9293.00 42320000
20130304 45330 45790 44000 45010 7578.00 34120000
20130301 41500 45490 41080 45400 14859.00 65060000
20130228 41010 41920 40630 41500 5697.00 23610000
20130227 42630 42810 40510 41400 7010.00 29140000
20130226 43030 43680 42120 42630 4368.00 18670000
20130225 41990 43190 41630 42880 5360.00 22920000
20130222 40350 42480 40000 42000 11698.00 48980000
20130221 42000 42100 40300 40410 8593.00 35370000
20130220 40980 42800 40830 42000 11871.00 49780000
20130219 41800 41960 40130 40980 16031.00 65390000
20130218 41950 42800 41070 42030 6621.00 27870000
20130208 41100 43200 40810 42100 11818.00 49320000
20130207 39020 41100 38560 41100 13365.00 53660000
20130206 38330 40310 38010 39520 18346.00 72350000
20130205 35300 38400 35010 38400 19098.00 70730000
20130204 37950 38190 34570 35900 16091.00 58780000
20130201 38270 38400 37400 37560 4343.00 16390000
20130131 38800 38800 36810 38270 11715.00 44100000
20130130 39880 39880 38650 39180 7403.00 28950000
20130129 38750 40950 38560 39100 8677.00 34510000
20130128 37890 39780 37560 38710 7210.00 27980000
20130125 35950 38200 35600 37890 9429.00 35230000
20130124 37840 38440 35130 35950 17454.00 64770000
20130123 38650 38850 36880 37860 9290.00 34950000
20130122 39500 40200 38040 38500 10089.00 39410000
20130121 40500 41190 36690 40490 17647.00 70360000
20130118 38600 40990 38200 40550 16684.00 67020000
20130117 39400 39620 38110 38600 6984.00 27110000
20130116 38630 39480 37700 39420 14553.00 56330000
20130115 36530 39390 36040 38630 17584.00 67360000
20130114 34350 36900 34040 36530 21881.00 78940000
20130111 35010 35840 34500 34800 15655.00 55040000
20130110 36000 36960 35100 35300 17413.00 62610000
20130109 33330 36400 33320 36080 29998.00 105970000
20130108 34430 35350 33780 33910 38250.00 132400000
20130107 32330 34280 31700 34240 32224.00 108020000
20130104 30800 32000 30440 32000 19184.00 59810000
20121231 29310 30570 29310 30420 14199.00 42770000
20121228 28680 29290 28100 29200 17540.00 50030000
20121227 29600 30200 28700 28720 14486.00 42820000
20121226 28650 29600 28540 29420 14305.00 41770000
20121225 28000 29310 28000 28610 18958.00 54660000
20121224 27980 28580 27720 28020 6591.00 18570000
20121221 27100 28700 26830 28000 12000.00 33440000
20121220 26850 27300 26800 27000 8692.00 23530000
20121219 27020 27500 26200 27000 21915.00 59250000
20121218 28800 28800 27150 27280 9930.00 27740000
20121217 29570 30660 28250 29000 10803.00 31720000
20121214 28100 29180 28100 29130 9357.00 26990000
20121213 28430 28690 28130 28230 2864.00 8120000
20121212 28450 28780 28170 28710 2534.00 7190000
20121211 28880 28880 28400 28400 2821.00 8050000
20121210 28600 29220 28400 28960 5157.00 14850000
20121207 28240 29150 28050 28900 4667.00 13420000
20121206 28350 28830 27680 28380 4531.00 12860000
20121205 26300 28100 26010 28100 7225.00 19820000
20121204 25540 26340 24900 26300 5471.00 13990000
20121203 25200 25760 25010 25400 4422.00 11230000
20121130 24590 25370 24000 25280 6589.00 16380000
20121129 25000 25300 24650 24710 8872.00 22170000
20121128 24900 25400 24600 25000 9201.00 22930000
20121127 26190 26260 25020 25100 8230.00 21030000
20121126 27330 27530 25980 26020 10081.00 26550000
20121123 27650 27650 26160 27330 4318.00 11790000
20121122 28180 28210 27510 27540 2595.00 7180000
20121121 28190 28400 26800 28180 7685.00 21190000
20121120 28990 29100 28110 28150 4644.00 13250000
20121119 29150 29760 28720 29020 2869.00 8370000
20121116 28380 29590 28110 29470 5540.00 16060000
20121115 28600 29140 28000 28410 7024.00 20180000
20121114 29720 29980 28100 28600 12226.00 35210000
20121113 30800 31070 29500 29770 9516.00 28610000
20121112 30650 31090 29740 30810 8497.00 25860000
20121109 32230 32510 30500 31050 7631.00 24040000
20121108 32030 32880 31700 32200 7834.00 25410000
20121107 31730 32690 31460 32360 4978.00 16050000
20121106 32010 32030 31230 31700 2607.00 8230000
20121105 32680 32720 31500 32200 8958.00 28640000
20121102 32550 32890 32130 32700 5616.00 18250000
20121101 32700 32910 32020 32730 6850.00 22340000
20121031 32050 32730 31610 32500 8900.00 28850000
20121030 31420 32620 31180 31740 11815.00 37940000
20121029 30100 31440 30010 31350 6350.00 19700000
20121026 30980 31000 29700 30350 8746.00 26390000
20121025 30490 31400 30490 30900 11128.00 34420000
20121024 31500 31700 30680 30810 12000.00 37270000
20121023 32580 33860 31750 31910 9119.00 29670000
20121022 33010 33180 32420 32800 6062.00 19860000
20121019 33400 33500 32780 32880 13103.00 43390000
20121018 30700 33410 30500 33070 15777.00 51040000
20121017 30130 30940 30130 30700 5875.00 18000000
20121016 31300 31670 30030 30340 11686.00 36240000
20121015 30150 31300 30000 31300 10072.00 30810000
20121012 31700 32100 30560 31130 9671.00 30120000
20121011 31950 33200 31210 31700 25848.00 84270000
20121010 31000 32200 30800 32080 20130.00 63680000
20121009 29950 31130 29640 31080 16466.00 49930000
20121008 29010 30480 29010 29750 11115.00 33310000
20120928 27500 29560 27310 29040 11160.00 32040000
20120927 26800 28150 26510 27530 11879.00 32540000
20120926 28960 29990 26500 26950 16454.00 47000000
20120925 29190 29230 28110 28630 8918.00 25550000
20120924 29180 30500 29000 29300 11545.00 34230000
20120921 29000 29750 28200 29750 13326.00 38360000
20120920 30070 30750 29060 29100 12129.00 36170000
20120919 30490 30550 29810 30190 10460.00 31550000
20120918 31300 31790 29800 30150 27266.00 83030000
20120917 31590 33000 31210 31680 25674.00 81820000
20120914 30040 32000 29800 31660 37847.00 117090000
20120913 29080 30800 28500 30000 41141.00 123090000
20120912 29360 29800 28500 29090 28736.00 83110000
20120911 28310 29570 28000 29460 38871.00 113010000
20120910 28200 28800 27800 28440 25476.00 72160000
20120907 27900 28600 27500 28290 37342.00 104770000
20120906 28780 29620 27710 28030 37807.00 107690000
20120905 28350 28900 28000 28790 32154.00 91720000
20120904 26790 29320 26710 29000 55880.00 157790000
20120903 26300 27010 25780 26700 12029.00 31800000
20120831 26150 27050 25900 26350 9640.00 25470000
20120830 27400 27950 25050 26180 17829.00 47270000
20120829 27110 27700 26900 27590 12238.00 33440000
20120828 26880 27980 26600 27400 12917.00 35360000
20120827 28100 28400 26600 26840 22859.00 63010000
20120824 27800 28750 27080 28400 23870.00 66690000
20120823 27000 29150 26950 28200 40336.00 113590000
20120822 26400 26980 26000 26950 26999.00 71720000
20120821 25050 26640 25050 26390 28379.00 73590000
20120820 23890 25170 23480 25110 20726.00 51090000
20120817 24400 24790 22880 24000 23327.00 55410000
20120816 25600 26290 24800 24800 18376.00 46480000
20120815 25110 26360 24750 25790 27567.00 70940000
20120814 26300 27120 24600 25610 30345.00 79130000
20120813 25890 26290 25260 26000 19970.00 51730000
20120810 25860 26890 25720 25950 22111.00 57900000
20120809 25660 26790 25110 26400 32246.00 83870000
20120808 27780 28300 25900 26180 45901.00 122130000
20120807 27460 28300 27120 27810 40596.00 112100000
20120806 26290 29200 25900 27850 69553.00 193880000
20120803 26300 26570 25520 26550 35027.00 91350000
20120802 25000 26300 24810 26240 41503.00 106520000
20120801 24820 26300 24610 25300 42481.00 108180000
20120731 24800 25300 24370 25000 33514.00 83420000
20120730 25500 25890 24230 25040 44990.00 111910000
20120727 27780 27790 25300 25580 85821.00 226240000
20120726 25270 25270 25270 25270 8121.00 20520000
20120725 22970 22970 22970 22970 1186.00 2720000
20120724 20880 20880 20880 20880 717.00 1490000
20120608 18340 19210 18340 18980 13785.00 25950000
20120607 17500 18460 17490 18400 7908.00 14160000
20120606 17810 18090 17400 17450 3540.00 6290000
20120605 17880 18200 17770 17790 6359.00 11450000
20120604 18380 18630 18030 18090 10206.00 18620000
20120601 18090 18800 17830 18500 16041.00 29620000
20120531 17970 18250 17650 18040 7513.00 13540000
20120530 18130 18320 17820 17970 7543.00 13660000
20120529 17330 18810 17330 17910 10236.00 18510000
20120528 16900 17300 16730 17250 1655.00 2820000
20120525 17100 17350 16820 17170 4596.00 7850000
20120524 16560 17050 16450 17020 3751.00 6270000
20120523 16840 17090 16530 16730 3051.00 5120000
20120522 16820 16850 16560 16760 2393.00 3990000
20120521 16660 16940 16440 16550 2688.00 4470000
20120518 17000 17260 16500 16850 3122.00 5240000
20120517 17260 17400 16800 17200 2821.00 4810000
20120516 35670 35880 34860 34940 1757.00 6180000
20120515 35250 35750 34810 35690 1443.00 5090000
20120514 35400 35510 34830 35360 1690.00 5940000
20120511 35810 36470 35250 35300 2673.00 9520000
20120510 36880 37480 36010 36490 4305.00 15870000
20120509 35800 36000 34900 36000 3024.00 10770000
20120508 36290 36760 35600 35960 3992.00 14360000
20120507 35260 36780 34760 36490 5685.00 20440000
20120504 34340 34790 34060 34760 3258.00 11260000
20120503 33380 34350 32890 34300 2793.00 9390000
20120502 32300 33400 32300 33380 2294.00 7560000
20120427 32600 32650 31980 32600 1370.00 4420000
20120426 33500 33500 32200 32850 2626.00 8580000
20120425 33260 33600 32810 33500 1527.00 5070000
20120424 33280 34380 32300 33640 3853.00 12860000
20120420 35200 35700 34880 35560 1877.00 6640000
20120419 34760 35760 34760 35410 3148.00 11150000
20120418 33980 34800 33980 34760 3826.00 13190000
20120417 33990 34580 33980 33980 2725.00 9320000
20120416 34370 34930 34060 34600 1595.00 5510000
20120413 34430 34440 34080 34420 2266.00 7770000
20120412 34280 34290 33330 34230 2173.00 7360000
20120411 33620 34300 33320 33830 1609.00 5460000
20120410 34000 34350 32400 33990 2910.00 9700000
20120409 34380 34700 34060 34060 3257.00 11210000
20120406 34760 35130 34300 34360 3095.00 10730000
20120405 33880 34930 33260 34740 4425.00 15210000
20120330 32900 34600 32850 34070 9574.00 32300000
20120329 31220 33380 31010 31950 2639.00 8450000
20120328 33100 33500 31380 31680 3380.00 10870000
20120327 33380 33980 33070 33390 2347.00 7850000
20120326 33010 33100 32400 33070 916.00 3000000
20120323 33700 33890 32700 33000 3014.00 10020000
20120322 33370 34330 33170 33960 3401.00 11530000
20120321 33310 33990 32200 33360 4873.00 16110000
20120320 34700 34750 32710 33240 4522.00 15270000
20120319 34940 34940 34230 34770 4637.00 16010000
20120316 34290 35010 34150 34990 8047.00 27830000
20120315 35210 35220 33120 34310 14563.00 50050000
20120314 36860 37400 34080 35610 9018.00 32700000
20120313 37280 37280 35810 36700 7500.00 27240000
20120312 37600 37910 36800 37090 4503.00 16750000
20120309 37000 37610 36850 37560 6593.00 24510000
20120308 35910 36990 35910 36900 6358.00 23300000
20120307 35750 36420 35750 35900 6442.00 23170000
20120306 36410 36680 35710 36160 5828.00 21040000
20120305 36270 37190 35800 36570 10085.00 36720000
20120302 35690 36150 35690 36060 3002.00 10800000
20120301 35890 36250 35400 35650 4525.00 16150000
20120229 35600 36440 35600 35910 4949.00 17820000
20120228 36000 36480 35660 36240 8040.00 29020000
20120227 35100 37300 34410 36580 16911.00 60840000
20120224 34060 35280 34060 35100 10170.00 35370000
20120223 35880 36380 34610 34610 14723.00 52040000
20120222 33150 34800 32900 34450 6588.00 22680000
20120221 33180 33650 32330 33230 4763.00 15640000
20120220 32250 33200 32200 33000 5481.00 17970000
20120217 32100 32400 31630 32110 3683.00 11800000
20120216 31700 32150 31220 32100 4738.00 15040000
20120215 31860 32350 31160 31980 4220.00 13460000
20120214 31510 32180 30920 31950 5766.00 18150000
20120213 29900 31580 29550 31500 8932.00 27790000
20120210 30310 30680 29750 30150 5855.00 17600000
20120209 29480 31000 29390 30310 8028.00 24530000
20120208 29080 29750 28730 29750 7159.00 20960000
20120207 29850 29850 28300 29060 5946.00 17190000
20120206 30250 30330 29660 29850 3770.00 11290000
20120203 29980 30360 29520 30220 6458.00 19300000
20120202 29380 30020 29200 29990 6475.00 19250000
20120201 28630 30900 28520 29620 11575.00 34610000
20120131 29200 29200 28210 28700 6124.00 17510000
20120130 27500 29210 27490 29210 9168.00 26390000
20120120 26160 26800 26040 26550 2217.00 5860000
20120119 25000 26600 24000 26500 5460.00 13950000
20120118 27200 27420 24900 25530 3913.00 10320000
20120117 26160 27200 25450 26920 2860.00 7580000
20120116 26600 27250 25800 25820 3960.00 10480000
20120113 29000 29030 26520 27110 4363.00 11910000
20120112 29020 29820 28910 29250 1368.00 4000000
20120111 28380 30190 28380 29430 4394.00 12930000
20120110 27480 29930 27010 28600 4570.00 13090000
20120109 26450 27880 25580 27510 3409.00 9180000
20120106 26560 27160 25340 26450 3640 9450000
20120105 28200 28760 25940 27000 4566 12246000
20120104 29790 30880 28820 28820 1140 3405000
20111230 29100 29580 28900 29520 1170 3441000
20111229 28950 29300 28710 29100 778 2254000
20111228 29300 29440 28060 29390 1528 4380000
20111227 31200 31300 29150 29500 718 2158000
20111226 29900 31150 29900 30950 1181 3638000
20111223 29250 30800 29060 30500 2319 6991000
20111222 30000 30180 28100 29520 2757 8023000
20111221 31980 31980 30450 30450 1287 4048000
20111220 31150 32189 31150 31510 1717 5455000
20111219 32600 32689 30100 31660 3224 10104000
20111216 33740 33750 31840 32600 3933 12892000
20111215 33900 34590 33080 33100 2216 7507000
20111214 34500 35280 33720 34320 1803 6250000
20111213 34580 35300 34320 34740 1534 5326000
20111212 36160 36160 35050 35110 1257 4457000
20111209 35500 36320 35060 35550 1284 4607000
20111208 35570 36190 35100 35780 1304 4660000
20111207 35260 35980 35260 35570 932 3324000
20111206 34510 35740 34510 35690 1137 3993000
20111205 34230 35800 34230 34980 1998 7011000
20111202 35510 36320 34810 34880 2028 7131000
20111201 36890 37360 35500 35950 2951 10773000
20111130 37430 37700 34800 35750 2966 10791000
20111129 37310 37490 36810 37430 1470 5474000
20111128 37150 37560 36700 36990 1439 5326000
20111125 38000 38330 37000 37010 2123 7952000
20111124 37100 38400 37060 38100 1484 5638000
20111123 37300 38690 37030 37750 4602 17431000
20111122 37000 37420 36250 37350 3530 12980000
20111121 38580 38580 37240 37630 2479 9309000
20111118 39960 40000 37900 38600 5659 21856000
20111117 39000 41100 39000 39950 6084 24307000
20111116 41000 41080 38670 39050 3652 14556000
20111115 39760 41060 39620 41000 4894 19950000
20111114 38280 40000 38280 39760 4358 17195000
20111111 38100 38500 37580 38100 2377 9039000
20111110 38700 39360 38000 38190 9210 35671000
20111108 39130 40060 38050 38070 2887 11247000
20111107 40010 40680 39450 39540 1897 7534000
20111104 39990 40700 39620 40090 3993 15980000
20111103 41200 42370 39900 40000 8383 34578000
20111102 39060 41180 38700 41080 6471 26023000
20111101 38000 39980 37720 39720 7202 28271000
20111031 38680 38680 37640 38320 3025 11533000
20111028 37310 38250 37070 38130 3503 13237000
20111027 37200 38100 36800 37070 2158 8078000
20111026 37520 38270 37100 37120 3897 14710000
20111025 36400 37880 36350 37520 3131 11664000
20111024 35350 36700 34000 36400 2836 10086000
20111021 36400 37200 35380 35380 2384 8555000
20111020 35770 37360 34920 37200 6358 23087000
20111019 37400 37770 35770 36000 6183 22563000
20111018 38530 38550 37010 37110 4857 18265000
20111017 39010 39400 38200 38840 5619 21765000
20111014 38300 38880 37520 38700 4209 16119000
20111013 36900 39300 36750 38690 8592 32696000
20111012 35160 37390 35160 36910 7928 28906000
20111011 36080 37500 35280 35640 3772 13557000
20111010 36300 36300 35000 35700 1815 6496000
20110930 34350 35880 34010 35880 1568 5488000
20110929 34830 34840 34030 34270 1226 4201000
20110928 34310 34990 33980 34960 2187 7522000
20110927 35330 35450 33730 34300 2626 9060000
20110926 34860 35360 34750 34900 2777 9749000
20110923 34550 35000 34300 34700 3168 10946000
20110922 36440 36720 35000 35000 3969 14170000
20110921 35460 36940 35360 36770 3462 12595000
20110920 35450 36000 34860 35530 3639 12870000
20110919 36890 37140 35500 35510 3523 12675000
20110916 37800 37890 36820 36900 2145 8015000
20110915 37900 38060 37350 37850 3333 12612000
20110914 37000 37600 36580 37550 2698 9992000
20110913 35660 37260 35000 37080 4137 15104000
20110909 38220 38700 36660 36720 8800 32854000
20110908 38210 39550 38000 38400 11672 45379000
20110907 38180 38450 37400 38400 6896 26198000
20110906 38050 38880 37200 37430 7335 27756000
20110905 38520 39000 37890 38750 7708 29527000
20110902 39880 39880 38600 39150 8656 33949000
20110901 40500 40880 39630 39920 9782 39155000
20110831 39940 40900 39500 40430 12627 50752000
20110830 41830 41850 39880 40000 15664 63413000
20110829 41300 42500 40770 41900 13202 55207000
20110826 40990 42180 40610 41260 10008 41404000
20110825 43700 43700 40550 41700 25342 105667000
20110824 43010 44800 42840 43970 15894 69545000
20110823 43410 43990 42180 43600 19694 84445000
20110822 44350 45820 42650 43800 20867 91834000
20110819 39110 43880 39020 43500 13231 54420000
20110818 39910 40260 38980 40000 9973 39502000
20110817 39760 41110 39500 40150 12626 50626000
20110816 38800 41870 38500 40060 23067 92488000
20110815 36460 39700 35880 39220 18464 70631000
20110812 35240 36620 35180 36140 14503 52125000
20110811 34870 36000 34380 34950 15781 55358000
20110810 34700 36240 34700 35890 15934 56647000
20110809 34400 35000 32049 34440 15383 52214000
20110808 33880 36460 33830 35310 19228 68273000
20110805 32800 35460 32549 34720 23660 81236000
20110804 32900 33650 32720 33460 5112 16957000
20110803 33300 33970 32900 33000 6240 20868000
20110802 33700 33860 32530 33850 7508 24939000
20110801 33380 34100 32880 33690 10255 34259000
20110729 33050 34400 32850 34050 13366 45214000
20110728 32490 33990 32110 33510 15680 52050000
20110727 31450 34210 31360 33170 26688 88925000
20110726 30000 31300 30000 31100 7902 24314000
20110725 30460 31110 29600 30240 8237 25096000
20110722 30480 31300 30460 30850 9267 28590000
20110721 30120 31500 30120 30820 20159 62425000
20110720 29220 30330 29220 30320 9109 27144000
20110719 29420 29570 28650 29220 6337 18394000
20110718 30040 30350 29620 29620 6041 18107000
20110715 30000 30480 29800 29900 11199 33653000
20110714 30330 30480 29800 30000 6253 18792000
20110713 29480 30100 29170 30070 12275 36398000
20110712 29010 29740 29000 29220 7475 22001000
20110711 28850 29600 28760 29500 7685 22539000
20110708 29220 29420 28500 28750 7486 21633000
20110707 28400 29760 28170 29220 9905 28770000
20110706 28480 28480 28000 28260 10163 28722000
20110704 26750 27720 26750 27660 5327 14630000
20110701 26800 26940 26500 26690 1684 4510000
20110630 26300 26800 26200 26740 1652 4409000
20110629 26200 26800 26200 26380 2312 6120000
20110628 26400 26580 26120 26320 1073 2824000
20110627 25810 26660 25650 26540 2661 7038000
20110624 25600 26200 25600 26050 1743 4519000
20110623 24850 25930 24840 25700 2142 5469000
20110622 25340 25340 24820 25010 979 2446000
20110621 25360 25360 25000 25220 882 2216000
20110620 25600 25600 25000 25140 1132 2853000
20110617 25590 25630 25420 25560 976 2490000
20110616 25980 26130 25570 25580 1460 3764000
20110615 26380 26490 25890 26000 1356 3548000
20110614 26290 26500 26080 26470 1318 3473000
20110613 25990 26320 25410 26270 1047 2728000
20110610 26000 26270 25750 26150 1634 4239000
20110609 26380 26480 25900 25930 1462 3832000
20110608 26340 26550 26000 26390 2029 5320000
20110607 26300 26570 26300 26550 1482 3924000
20110603 26210 26490 26210 26340 1679 4430000
20110602 26020 26360 25690 26300 3160 8224000
20110601 26000 26400 25830 26300 2100 5491000
20110531 25800 26070 25520 26000 1913 4944000
20110530 25690 26100 25380 25690 2566 6601000
20110527 25940 26380 25580 25780 2040 5307000
20110526 26300 26660 25900 25980 1878 4911000
20110525 26910 27150 26120 26150 4311 11408000
20110524 26200 27540 25880 27210 6345 16976000
20110523 27160 27490 26520 26520 5197 14005000
20110520 27310 27490 27210 27310 2857 7802000
20110519 27700 27840 27270 27380 5148 14169000
20110518 28150 28420 27500 27700 7963 22162000
20110517 28400 29170 28000 28440 9322 26591000
20110516 27880 29180 27780 28420 12742 36464000
20110513 27390 28000 27290 27900 8697 24015000
20110512 27300 28140 27300 27400 10500 29174000
20110511 27500 27620 27280 27370 4378 12013000
20110510 27670 27700 27260 27510 5270 14466000
20110509 27080 27750 27080 27740 8711 23924000
20110506 27000 27680 26780 27110 15582 42322000
20110505 28010 28880 27200 27700 37919 105875000
