20180302 4870 4890 4790 4830 17647 8536858 2.04 1.03 -1.23 12256 5390 2.27 0.85
20180301 4760 4890 4750 4890 24034 11666858 2.93 1.51 2.30 8704 15331 0.57 1.16
20180228 4780 4830 4700 4780 17586 8380068 2.71 0.97 -0.21 10970 6616 1.66 0.85
20180227 4760 4880 4730 4790 13625 6538193 3.16 0.43 0.84 7926 5699 1.39 0.66
20180226 4660 4790 4650 4750 17549 8312683 3.02 0.54 2.37 7322 10227 0.72 0.84
20180223 4630 4690 4620 4640 12560 5840427 1.51 0.38 0.22 8557 4003 2.14 0.60
20180222 4610 4710 4600 4630 18440 8582335 2.39 0.57 0.65 8983 9457 0.95 0.89
20180214 4620 4670 4570 4600 28591 13182767 2.11 0.99 -2.75 18581 10010 1.86 1.38
20180213 4970 5100 4710 4730 81471 40275383 8.07 4.92 -2.07 40068 41404 0.97 3.92
20180212 4420 4830 4350 4830 20103 9520625 10.93 1.42 10.02 14621 5482 2.67 0.97
20180209 4370 4470 4320 4390 15348 6739072 3.35 1.06 -2.01 9457 5891 1.61 0.74
20180208 4350 4530 4310 4480 15164 6763452 5.08 0.91 3.46 6480 8684 0.75 0.73
20180207 4390 4470 4240 4330 12147 5276918 5.36 0.70 0.93 6976 5171 1.35 0.58
20180206 4600 4600 4210 4290 19980 8837089 8.44 1.36 -7.14 13114 6866 1.91 0.96
20180205 4640 4690 4550 4620 8290 3836435 3.00 0.49 -0.86 4051 4239 0.96 0.40
20180202 4780 4830 4630 4660 16488 7790605 4.17 0.95 -2.92 9195 7293 1.26 0.79
20180201 5180 5360 4780 4800 26274 13174630 11.15 1.36 -7.69 14997 11278 1.33 1.26
20180131 5330 5330 5160 5200 16181 8459846 3.18 0.79 -2.80 10984 5197 2.11 0.78
20180130 5320 5360 5280 5350 6365 3384866 1.51 0.28 0.94 3104 3261 0.95 0.31
20180129 5460 5460 5270 5300 19180 10275577 3.47 0.83 -3.11 14904 4276 3.49 0.92
20180126 5460 5540 5440 5470 18864 10343597 1.81 0.84 -0.91 13797 5066 2.72 0.91
20180125 5450 5680 5420 5520 35818 20002428 4.78 2.03 1.47 16310 19507 0.84 1.72
20180124 5420 5480 5330 5440 21999 11914848 2.77 1.32 0.55 10856 11143 0.97 1.06
20180123 5370 5420 5290 5410 18054 9730018 2.41 1.18 0.19 8637 9417 0.92 0.87
20180122 5360 5420 5150 5400 20964 11085086 5.04 1.32 0.75 10069 10895 0.92 1.01
20180119 5400 5480 5360 5360 15469 8374405 2.22 0.94 -0.92 10339 5131 2.02 0.74
20180118 5400 5440 5380 5410 11760 6359336 1.11 0.66 0.00 5994 5766 1.04 0.57
20180117 5440 5440 5330 5410 17243 9286018 2.02 0.99 -0.55 9742 7500 1.30 0.83
20180116 5390 5480 5390 5440 10861 5899491 1.66 0.62 0.18 6530 4331 1.51 0.52
20180115 5610 5610 5390 5430 23891 13067286 3.93 1.38 -3.04 17047 6844 2.49 1.15
20180112 5600 5690 5540 5600 18361 10276544 2.67 1.12 -0.36 11821 6540 1.81 0.88
20180111 5580 5640 5500 5620 19051 10617484 2.51 1.28 0.90 9384 9668 0.97 0.92
20180110 5650 5650 5500 5570 14778 8233772 2.65 0.96 -1.42 9276 5502 1.69 0.71
20180109 5660 5710 5640 5650 10927 6191242 1.24 0.67 -0.18 6880 4048 1.70 0.53
20180108 5790 5790 5620 5660 23713 13461787 2.96 1.83 -1.57 15652 8061 1.94 1.14
20180105 5750 5790 5720 5750 13731 7910342 1.22 1.57 0.17 6486 7246 0.90 0.66
20180104 5770 5770 5710 5740 11146 6390045 1.04 0.80 -0.52 6700 4446 1.51 0.54
20180103 5690 5790 5660 5770 17318 9925653 2.28 1.36 1.05 7996 9322 0.86 0.83
20180102 5690 5730 5610 5710 15295 8688080 2.11 1.20 0.35 8017 7278 1.10 0.74
20171229 5690 5690 5610 5690 7448 4206723 1.42 0.51 0.89 3803 3645 1.04 0.36
20171228 5620 5710 5590 5640 10460 5924278 2.13 0.71 0.18 4698 5762 0.82 0.50
20171227 5570 5790 5550 5630 18931 10637261 4.29 1.33 0.54 10637 8294 1.28 0.91
20171226 5520 5630 5440 5600 11736 6513953 3.44 0.77 1.45 4476 7260 0.62 0.56
20171225 5670 5670 5490 5520 14892 8281229 3.17 1.01 -2.82 9712 5180 1.88 0.72
20171222 5550 5700 5550 5680 16877 9517809 2.68 1.17 1.61 5258 11619 0.45 0.81
20171221 5570 5630 5480 5590 11651 6476120 2.68 0.84 0.00 6599 5052 1.31 0.56
20171220 5700 5710 5510 5590 15950 8980091 3.50 1.22 -2.10 11796 4154 2.84 0.77
20171219 5600 5730 5600 5710 16990 9698134 2.31 1.35 1.60 6451 10539 0.61 0.82
20171218 5710 5720 5580 5620 12236 6907922 2.45 1.01 -1.58 8410 3826 2.20 0.59
20171215 5740 5790 5660 5710 15432 8791749 2.28 1.33 0.18 8340 7092 1.18 0.74
20171214 5690 5730 5660 5700 9057 5149227 1.23 0.66 -0.18 5430 3627 1.50 0.44
20171213 5640 5720 5630 5710 11748 6671416 1.59 0.67 1.06 4942 6806 0.73 0.57
20171212 5770 5770 5620 5650 14392 8177792 2.61 0.74 -1.74 10564 3828 2.76 0.69
20171211 5710 5770 5710 5750 9853 5657229 1.05 0.50 1.05 4068 5785 0.70 0.47
20171208 5610 5740 5600 5690 12869 7318712 2.49 0.64 1.07 4108 8761 0.47 0.62
20171207 5650 5670 5580 5630 20166 11341093 1.59 1.09 -0.53 12862 7304 1.76 0.97
20171206 5570 5660 5520 5660 29834 16639080 2.51 2.08 1.62 17539 12295 1.43 1.44
20171205 5780 5890 5500 5570 24870 14032154 6.71 2.20 -4.13 17450 7420 2.35 1.20
20171204 5950 5970 5790 5810 11679 6852965 3.03 1.07 -2.35 9204 2475 3.72 0.56
20171201 5860 5970 5860 5950 13953 8279626 1.87 1.28 1.19 5639 8314 0.68 0.67
20171130 5890 5940 5850 5880 12095 7130305 1.52 1.02 -0.51 6712 5383 1.25 0.58
20171129 5930 5960 5850 5910 9197 5416119 1.86 0.66 0.17 6606 2591 2.55 0.44
20171128 5820 5950 5810 5900 9657 5674216 2.41 0.61 1.37 4241 5416 0.78 0.46
20171127 5880 5910 5780 5820 9880 5768199 2.22 0.54 -0.68 5291 4589 1.15 0.48
20171124 5830 5910 5790 5860 13850 8128333 2.05 0.60 0.00 7530 6321 1.19 0.67
20171123 5950 5950 5830 5860 16437 9694578 2.02 0.71 -1.51 8259 8179 1.01 0.79
20171122 6000 6050 5890 5950 19711 11760099 2.67 0.87 -0.83 12980 6731 1.93 0.95
20171121 5960 6050 5940 6000 19319 11581687 1.85 0.87 0.67 10322 8997 1.15 0.93
20171120 6000 6000 5790 5960 22864 13473746 3.51 1.07 -0.50 11721 11143 1.05 1.10
20171117 6400 6450 5770 5990 36927 22743271 10.61 2.10 -6.55 27447 9480 2.90 1.78
20171116 6380 6440 6320 6410 16733 10708741 1.88 0.98 0.63 8212 8522 0.96 0.81
20171115 6360 6440 6320 6370 17113 10905905 1.87 0.90 -0.47 11448 5665 2.02 0.82
20171114 6460 6510 6370 6400 17283 11125113 2.17 0.88 -0.78 11495 5788 1.99 0.83
20171113 6450 6480 6360 6450 18816 12090121 1.86 0.91 0.00 14176 4640 3.06 0.91
20171110 6440 6480 6400 6450 17967 11565953 1.24 0.78 -0.15 12415 5552 2.24 0.86
20171109 6430 6510 6420 6460 14175 9161080 1.40 0.53 0.16 8301 5874 1.41 0.68
20171108 6370 6500 6340 6450 27089 17478682 2.51 1.06 1.10 14005 13084 1.07 1.30
20171107 6380 6390 6280 6380 20378 12900131 1.73 0.77 0.16 12861 7517 1.71 0.98
20171106 6260 6410 6200 6370 24050 15168655 3.37 0.85 2.08 11174 12876 0.87 1.16
20171103 6320 6380 6160 6240 29979 18749411 3.45 1.04 -2.04 19097 10882 1.75 1.44
20171102 6540 6540 6310 6370 31114 19879552 3.53 0.99 -2.30 22673 8441 2.69 1.50
20171101 6570 6620 6500 6520 21885 14343357 1.83 0.64 -0.76 14390 7496 1.92 1.05
20171031 6550 6600 6500 6570 24759 16229281 1.54 0.56 0.92 15784 8975 1.76 1.19
20171030 6860 6870 6510 6510 34520 22989904 5.23 0.66 -5.38 24285 10235 2.37 1.66
20171027 6910 6960 6850 6880 31957 22028561 1.59 0.45 -0.72 20688 11269 1.84 1.54
20171026 7010 7040 6910 6930 44633 31082364 1.84 0.41 -1.70 27947 16686 1.67 2.15
20171025 7010 7070 6970 7050 34716 24390384 1.42 0.28 0.14 20462 14254 1.44 1.67
20171024 7250 7260 6960 7040 73594 52169028 4.12 0.62 -3.43 48576 25018 1.94 3.54
20171023 7580 7580 7210 7290 77352 56517714 4.96 0.68 -2.28 48513 28839 1.68 3.72
20171020 7550 7680 7360 7460 128527 96024273 4.16 1.30 -3.12 88645 39883 2.22 6.18
20171019 7260 8130 7180 7700 234940 177340073 12.86 4.19 4.19 128160 106780 1.20 11.30
20171018 6990 7700 6990 7390 112428 82473158 10.10 2.92 5.12 59319 53109 1.12 5.41
20171017 6850 7040 6810 7030 41404 28764038 3.35 1.11 2.33 16674 24731 0.67 1.99
20171016 7180 7220 6810 6870 49032 34185745 5.69 1.52 -4.58 34012 15020 2.26 2.36
20171013 7070 7230 7060 7200 56712 40614499 2.39 2.27 1.27 27472 29240 0.94 2.73
20171012 7160 7160 7040 7110 20638 14659876 1.68 0.82 -0.42 12722 7916 1.61 0.99
20171011 7170 7200 7100 7140 24652 17613741 1.39 1.09 -0.70 13760 10892 1.26 1.19
20171010 7020 7230 7020 7190 35365 25209522 2.97 1.91 1.84 12188 23177 0.53 1.70
20171009 7150 7170 6990 7060 24406 17274392 2.57 1.43 0.86 13757 10649 1.29 1.17
20170929 6900 7040 6870 7000 19922 13881534 2.47 1.21 1.89 8803 11119 0.79 0.96
20170928 6840 6990 6820 6870 21656 14958147 2.49 1.20 0.73 10118 11538 0.88 1.04
20170927 6770 6880 6750 6820 11786 8046164 1.91 0.57 0.44 4997 6789 0.74 0.57
20170926 6820 6860 6720 6790 14774 10026225 2.05 0.68 -0.59 9248 5526 1.67 0.71
20170925 7010 7030 6820 6830 17297 12008036 3.00 0.80 -2.57 9913 7385 1.34 0.83
20170922 6990 7050 6930 7010 16866 11759523 1.72 0.81 0.29 8373 8493 0.99 0.81
20170921 7140 7140 6990 6990 29836 21077070 2.10 1.59 -1.96 20785 9051 2.30 1.44
20170920 7100 7150 7050 7130 24034 17085888 1.41 1.36 0.85 14133 9902 1.43 1.16
20170919 7100 7160 7050 7070 20086 14264801 1.55 0.96 -0.42 13289 6797 1.96 0.97
20170918 7070 7130 7000 7100 17334 12227588 1.84 0.70 0.42 11004 6330 1.74 0.83
20170915 7180 7180 7050 7070 13284 9447993 1.81 0.50 -1.53 9786 3498 2.80 0.64
20170914 7130 7200 7110 7180 18841 13480011 1.26 0.70 0.42 8580 10261 0.84 0.91
20170913 7110 7180 7080 7150 18500 13184356 1.40 0.70 0.14 10345 8155 1.27 0.89
20170912 7140 7240 7090 7140 36218 25970412 2.09 1.52 -0.28 18136 18083 1.00 1.74
20170911 7090 7240 7070 7160 37157 26635286 2.40 1.78 0.99 11251 25906 0.43 1.79
20170908 7050 7100 7040 7090 22813 16141982 0.85 0.99 0.42 11287 11526 0.98 1.10
20170907 7090 7130 7030 7060 19158 13588576 1.41 0.83 -0.56 11016 8142 1.35 0.92
20170906 7070 7100 7010 7100 17155 12106452 1.27 0.71 0.14 8742 8413 1.04 0.83
20170905 7100 7160 7070 7090 22529 16011884 1.27 0.97 0.00 10982 11547 0.95 1.08
20170904 7040 7120 7020 7090 22868 16161714 1.42 0.88 0.42 10365 12502 0.83 1.10
20170901 6990 7100 6950 7060 33040 23184588 2.15 1.24 1.29 15989 17051 0.94 1.59
20170831 6910 6990 6890 6970 19130 13275327 1.45 0.74 0.72 9544 9586 1.00 0.92
20170830 6980 7010 6880 6920 23450 16290032 1.86 0.98 -1.14 16321 7129 2.29 1.13
20170829 7020 7030 6920 7000 18158 12658822 1.57 0.79 -0.14 9950 8208 1.21 0.87
20170828 6890 7030 6880 7010 36155 25244703 2.17 1.79 1.59 16727 19429 0.86 1.74
20170825 6770 6930 6750 6900 35968 24677707 2.65 2.06 1.47 14631 21337 0.69 1.73
20170824 6790 6890 6750 6800 14925 10168202 2.06 0.66 -0.15 8447 6478 1.30 0.73
20170823 6800 6840 6760 6810 14704 10008284 1.17 0.49 0.00 6825 7879 0.87 0.72
20170822 6900 6900 6800 6810 13823 9446258 1.45 0.42 -1.30 8650 5174 1.67 0.68
20170821 6790 6920 6780 6900 21722 14848122 2.06 0.64 1.47 9337 12385 0.75 1.07
20170818 6840 6860 6780 6800 21952 14944805 1.16 0.61 -1.31 12476 9476 1.32 1.08
20170817 6900 6900 6800 6890 40816 27984972 1.47 1.25 1.17 18976 21840 0.87 2.01
20170816 6670 6830 6640 6810 53149 35856433 2.85 1.92 2.10 23317 29831 0.78 2.62
20170815 6590 6750 6580 6670 28374 18863079 2.57 1.08 0.91 16277 12097 1.35 1.40
20170814 6430 6630 6410 6610 25069 16428907 3.42 0.94 2.80 9960 15108 0.66 1.23
20170811 6620 6640 6410 6430 32903 21511011 3.46 1.32 -3.31 22739 10164 2.24 1.62
20170810 6750 6760 6600 6650 24252 16192127 2.37 0.88 -1.48 17099 7153 2.39 1.19
20170809 6710 6760 6670 6750 27874 18764416 1.34 1.02 0.60 15466 12408 1.25 1.37
20170808 6710 6740 6650 6710 21303 14258935 1.35 0.74 0.30 10900 10403 1.05 1.05
20170807 6660 6770 6660 6690 27354 18346831 1.64 0.97 -0.30 16228 11126 1.46 1.35
20170804 6800 6800 6690 6710 23574 15851949 1.63 0.79 -0.59 14808 8767 1.69 1.16
20170803 6680 6820 6660 6750 37589 25387042 2.38 1.16 0.30 21217 16372 1.30 1.85
20170802 6800 6830 6640 6730 26612 17907228 2.79 0.82 -1.32 18601 8011 2.32 1.31
20170801 6700 6860 6680 6820 28627 19395672 2.68 0.91 1.49 13066 15562 0.84 1.41
20170731 6700 6780 6650 6720 25205 16892954 1.94 0.75 0.15 13964 11241 1.24 1.24
20170728 6840 6850 6710 6710 31227 21122916 2.04 0.80 -2.04 20606 10621 1.94 1.54
20170727 6630 6940 6560 6850 50870 34373345 5.75 1.28 3.63 21041 29829 0.71 2.50
20170726 6680 6720 6560 6610 25647 16991344 2.39 0.47 -1.34 18281 7366 2.48 1.26
20170725 6700 6770 6620 6700 24921 16656758 2.23 0.37 -0.45 15264 9658 1.58 1.23
20170724 6770 6770 6660 6730 35414 23757910 1.60 0.56 -1.90 21106 14309 1.47 1.74
20170721 6950 7010 6720 6860 57688 39551247 4.12 1.06 -2.56 36984 20703 1.79 2.84
20170720 7110 7260 7010 7040 55811 39839909 3.43 1.20 -3.43 32764 23048 1.42 2.75
20170719 6910 7320 6830 7290 99888 70313376 6.53 3.42 -2.80 53452 46436 1.15 4.92
20170706 7400 7790 7380 7500 87505 66269109 5.59 6.19 2.32 41555 45951 0.90 4.31
20170705 7300 7330 7260 7330 15574 11360967 0.96 1.15 0.41 8715 6859 1.27 0.77
20170704 7290 7320 7230 7300 12588 9155828 1.24 0.80 0.41 6925 5663 1.22 0.62
20170703 7250 7280 7160 7270 16895 12211204 1.66 1.10 0.69 9629 7266 1.33 0.83
20170630 7120 7230 7070 7220 13358 9571544 2.23 0.75 0.84 5499 7860 0.70 0.66
20170629 7130 7210 7100 7160 12309 8815144 1.55 0.63 0.99 5342 6967 0.77 0.61
20170628 7220 7250 7060 7090 12741 9074282 2.62 0.59 -2.21 8372 4368 1.92 0.63
20170627 7240 7320 7180 7250 23020 16688201 1.93 1.05 0.00 15363 7658 2.01 1.13
20170626 7190 7270 7070 7250 15225 10942579 2.78 0.67 0.83 7199 8026 0.90 0.75
20170623 7260 7290 7030 7190 25227 18085507 3.60 1.21 -0.42 12887 12340 1.04 1.24
20170622 7360 7400 7100 7220 21923 15951752 4.08 0.93 -1.90 15598 6325 2.47 1.08
20170621 7410 7480 7270 7360 22233 16359734 2.85 1.01 -0.14 12007 10226 1.17 1.09
20170620 7290 7510 7290 7370 25256 18755203 2.99 1.14 0.00 11540 13716 0.84 1.24
20170619 7300 7430 7290 7370 19573 14394504 1.92 0.88 0.96 8963 10610 0.84 0.96
20170616 7340 7350 7220 7300 15122 11023656 1.77 0.64 -0.54 9814 5308 1.85 0.74
20170615 7160 7450 7160 7340 35700 26184009 4.02 1.75 1.66 14304 21395 0.67 1.76
20170614 7240 7280 7140 7220 14369 10343232 1.94 0.57 0.28 7170 7198 1.00 0.71
20170613 7030 7280 6990 7210 25919 18573144 4.13 1.04 2.56 8922 16997 0.52 1.28
20170612 7330 7330 6960 7030 20317 14428064 5.03 0.77 -4.35 15140 5177 2.92 1.00
20170609 7310 7400 7110 7350 22209 16107163 3.93 0.84 -0.41 13870 8340 1.66 1.09
20170608 7430 7470 7260 7380 19043 14014426 2.83 0.73 -0.54 11979 7064 1.70 0.94
20170607 7090 7780 7090 7420 38074 27924735 9.73 1.78 4.65 12575 25499 0.49 1.87
20170606 6960 7170 6960 7090 24870 17632886 2.99 1.32 1.00 9389 15481 0.61 1.22
20170605 6930 7060 6870 7020 27343 19033195 2.77 1.60 2.48 11555 15787 0.73 1.35
20170602 6720 6950 6640 6850 23169 15777759 4.59 1.20 1.48 9586 13584 0.71 1.14
20170601 6980 7030 6710 6750 17360 11879633 4.56 0.86 -3.85 10552 6808 1.55 0.85
20170531 7130 7230 7020 7020 13943 9947542 2.99 0.64 -0.14 9417 4526 2.08 0.69
20170526 7080 7110 6980 7030 12166 8553987 1.84 0.57 -0.71 8735 3431 2.55 0.60
20170525 6900 7160 6780 7080 18999 13204789 5.43 0.88 1.14 10482 8517 1.23 0.94
20170524 6880 7090 6650 7000 34172 23252129 6.37 1.76 1.30 21185 12987 1.63 1.68
20170523 7300 7300 6880 6910 21562 15303634 5.74 1.08 -5.60 13851 7711 1.80 1.06
20170522 7650 7700 7200 7320 21289 15846950 6.50 1.20 -4.81 13455 7834 1.72 1.05
20170519 7670 7730 7620 7690 11454 8803528 1.43 0.63 0.00 7557 3897 1.94 0.56
20170518 7730 7770 7600 7690 19229 14792159 2.19 1.10 -0.77 13176 6053 2.18 0.95
20170517 7750 7820 7680 7750 23595 18287505 1.80 1.39 -0.13 14175 9420 1.50 1.16
20170516 7410 7780 7320 7760 23940 18060704 6.20 1.54 4.58 9788 14152 0.69 1.18
20170515 7460 7460 7350 7420 10219 7564545 1.49 0.61 0.27 5545 4674 1.19 0.50
20170512 7410 7500 7280 7400 13300 9799993 2.95 0.80 -0.67 9032 4268 2.12 0.65
20170511 7420 7450 7180 7450 16739 12274872 3.62 0.97 0.00 8520 8219 1.04 0.82
20170510 7680 7810 7450 7450 20923 15979489 4.72 1.19 -2.23 10715 10207 1.05 1.03
20170509 7520 7650 7410 7620 16761 12620816 3.22 0.91 2.14 7034 9727 0.72 0.82
20170508 7640 7640 7410 7460 16335 12305686 2.98 0.65 -3.37 9518 6817 1.40 0.80
20170505 7840 7880 7720 7720 12330 9602632 2.04 0.41 -1.66 8761 3570 2.45 0.61
20170504 7860 7980 7760 7850 19918 15666570 2.80 0.65 -0.13 10642 9275 1.15 0.98
20170503 7920 8080 7770 7860 22844 18038767 3.91 0.77 -0.88 14080 8764 1.61 1.12
20170502 7860 8050 7860 7930 20341 16254006 2.38 0.66 -0.75 10081 10260 0.98 1.00
20170428 8340 8340 7950 7990 49792 40314759 5.00 2.04 2.44 31216 18576 1.68 2.45
20170427 7540 7860 7300 7800 39243 29759534 7.41 1.71 3.17 17849 21395 0.83 1.93
20170426 7460 7560 7370 7560 19940 14918048 2.54 0.73 1.07 9457 10483 0.90 0.98
20170425 7440 7580 7020 7480 18524 13907929 7.53 0.66 0.54 9497 9027 1.05 0.91
20170424 7850 7880 7430 7440 25706 19479917 5.73 0.77 -5.22 19184 6522 2.94 1.27
20170421 7740 7870 7740 7850 18578 14535366 1.67 0.51 0.77 11304 7274 1.55 0.91
20170420 7900 7980 7600 7790 31914 24893662 4.77 0.93 -2.26 21767 10147 2.15 1.57
20170419 8050 8080 7700 7970 42505 33288364 4.69 1.34 -1.60 28014 14492 1.93 2.09
20170418 8180 8290 8030 8100 22243 18158863 3.17 0.67 -1.22 13275 8968 1.48 1.09
20170417 8620 8630 7950 8200 51268 42150696 7.89 1.73 -4.87 33759 17509 1.93 2.52
20170414 8950 8950 8560 8620 35865 31257344 4.35 1.32 -3.79 23279 12586 1.85 1.77
20170413 8950 9040 8870 8960 19949 17879338 1.91 0.66 0.45 10236 9714 1.05 0.98
20170412 9190 9190 8910 8920 29723 26718626 3.09 0.94 -1.44 21144 8578 2.46 1.46
20170411 8690 9080 8680 9050 29373 25956682 4.58 0.88 3.67 12068 17305 0.70 1.45
20170410 8950 8950 8720 8730 33099 29218192 2.58 0.92 -2.24 21826 11273 1.94 1.63
20170407 9060 9070 8900 8930 23924 21406999 1.88 0.64 -1.33 17165 6759 2.54 1.18
20170406 8970 9140 8950 9050 34035 30860055 2.11 0.98 0.67 17815 16220 1.10 1.68
20170405 8770 9030 8770 8990 37927 33891216 2.95 1.10 2.04 16449 21478 0.77 1.87
20170331 8900 8960 8660 8810 38741 34116728 3.36 1.22 -1.23 23041 15700 1.47 1.91
20170330 9230 9230 8760 8920 44750 40126229 5.09 1.60 -3.36 29373 15377 1.91 2.20
20170329 9420 9490 9220 9230 31514 29300033 2.87 1.11 -2.02 23230 8284 2.80 1.55
20170328 9370 9460 9320 9420 19931 18750535 1.49 0.64 0.53 8471 11460 0.74 0.98
20170327 9490 9550 9330 9370 37038 34930886 2.32 1.30 -1.16 24227 12811 1.89 1.82
20170324 9390 9510 9270 9480 25947 24333136 2.56 0.88 0.96 12352 13595 0.91 1.28
20170323 9440 9500 9220 9390 25813 24233393 2.98 0.87 -0.11 13999 11814 1.18 1.27
20170322 9610 9660 9320 9400 33099 31374637 3.52 1.23 -2.69 24651 8448 2.92 1.63
20170321 9640 9750 9580 9660 34123 32932602 1.75 1.42 -0.41 33879 244 138.85 1.68
20170320 9580 9720 9550 9700 23025 22126532 1.77 0.91 0.94 11495 11530 1.00 1.13
20170317 9700 9780 9590 9610 30879 29962935 1.96 1.33 -0.83 15000 15879 0.94 1.52
20170316 9640 9730 9610 9690 27779 26823739 1.25 1.23 0.73 16498 11281 1.46 1.37
20170315 9700 9720 9520 9620 18688 17919408 2.06 0.80 -0.72 11220 7468 1.50 0.92
20170314 9720 9790 9650 9690 19545 19009242 1.44 0.79 0.00 7941 11605 0.68 0.96
20170313 9710 9740 9460 9690 29475 28303534 2.88 1.15 -0.21 12275 17200 0.71 1.45
20170310 9840 9900 9710 9710 20831 20425713 1.93 0.79 -1.52 13153 7678 1.71 1.03
20170309 9800 9900 9750 9860 23930 23486530 1.53 0.86 0.61 10157 13773 0.74 1.18
20170308 9890 9980 9750 9800 23311 22974619 2.31 0.69 -1.41 16046 7265 2.21 1.15
20170307 9890 9940 9850 9940 26624 26366683 0.91 0.81 0.51 15528 11096 1.40 1.31
20170306 9890 9980 9820 9890 33062 32726045 1.62 1.01 0.41 20225 12837 1.58 1.63
20170303 9670 9850 9620 9850 24167 23570455 2.38 0.71 1.86 9274 14894 0.62 1.19
20170302 9850 9910 9650 9670 31265 30526626 2.63 0.93 -2.03 18706 12559 1.49 1.54
20170301 9660 9950 9520 9870 53982 53066061 4.45 1.77 2.17 21626 32356 0.67 2.66
20170228 9680 9770 9600 9660 21607 20878886 1.75 0.70 -0.41 11537 10071 1.15 1.06
20170227 9710 9860 9700 9700 32764 32066791 1.64 1.12 -0.51 14539 18225 0.80 1.61
20170224 9690 9790 9600 9750 30801 29991180 1.96 1.12 0.62 14506 16295 0.89 1.52
20170223 9660 9750 9490 9690 28603 27539847 2.68 1.16 -0.21 17800 10803 1.65 1.41
20170222 9740 9870 9640 9710 38374 37352449 2.37 1.80 -0.10 24724 13650 1.81 1.89
20170221 9750 9840 9620 9720 23479 22856453 2.28 1.20 0.52 11628 11850 0.98 1.16
20170220 9570 9670 9450 9670 24392 23303357 2.30 - 1.04 13571 10821 1.25 1.20
20170217 9800 9880 9520 9570 22301 21557145 3.68 1.21 -2.05 14601 7700 1.90 1.10
20170216 9660 9840 9650 9770 15112 14752927 1.95 0.77 0.41 7450 7663 0.97 0.74
20170215 9840 10040 9670 9730 21574 21387835 3.77 1.09 -0.82 11763 9811 1.20 1.06
20170214 9870 9870 9800 9810 14484 14246597 0.71 0.66 -0.41 7327 7156 1.02 0.71
20170213 9800 9940 9750 9850 20931 20640174 1.93 0.86 0.00 11623 9308 1.25 1.03
20170210 9860 9950 9700 9850 20383 20102098 2.54 0.86 -0.10 10026 10357 0.97 1.00
20170209 9740 9930 9710 9860 20860 20566902 2.25 0.93 0.92 8180 12680 0.65 1.03
20170208 9620 9780 9610 9770 22050 21425057 1.75 1.01 0.83 9803 12247 0.80 1.09
20170207 9580 9690 9530 9690 24891 23960037 1.67 1.05 0.94 11829 13061 0.91 1.23
20170206 9600 9630 9430 9600 33669 32041979 2.10 1.54 0.63 21564 12104 1.78 1.66
20170203 9750 9800 9490 9540 16674 15960883 3.16 0.70 -2.65 13396 3278 4.09 0.82
20170126 9730 9870 9650 9800 14439 14077254 2.25 0.57 0.20 8750 5689 1.54 0.71
20170125 9610 9850 9460 9780 19236 18671215 4.02 0.78 0.72 7666 11569 0.66 0.95
20170124 9900 9910 9560 9710 33981 33055930 3.64 1.43 0.94 16356 17625 0.93 1.67
20170123 9210 9700 9210 9620 24809 23772673 5.24 0.94 2.89 8851 15959 0.55 1.22
20170120 8950 9400 8950 9350 27179 25190199 4.98 1.06 3.43 7648 19531 0.39 1.34
20170119 9100 9140 8920 9040 20956 18903242 2.40 0.80 -1.20 14426 6530 2.21 1.03
20170118 9340 9550 9120 9150 16830 15527368 4.59 0.66 -2.24 10416 6415 1.62 0.83
20170117 9240 9380 8900 9360 28862 26519248 5.17 1.27 0.75 16271 12591 1.29 1.42
20170116 9850 10120 8900 9290 38404 36568102 12.36 2.03 -5.88 22692 15712 1.44 1.89
20170113 10120 10120 9720 9870 22651 22338233 3.95 1.23 -2.47 15354 7297 2.10 1.11
20170112 10180 10360 10080 10120 24400 24891718 2.76 1.12 -0.39 11318 13082 0.87 1.20
20170111 10230 10310 10020 10160 13952 14161775 2.83 0.56 -0.88 7492 6460 1.16 0.69
20170110 10360 10360 10210 10250 14060 14482501 1.46 0.47 -0.39 5463 8597 0.64 0.69
20170109 10040 10410 10020 10290 19455 20006463 3.86 0.62 1.78 7001 12454 0.56 0.96
20170106 10320 10320 10090 10110 20432 20808518 2.24 0.65 -1.56 12021 8411 1.43 1.01
20170105 10100 10570 10080 10270 40674 41969923 4.84 1.37 1.38 14466 26208 0.55 2.00
20170104 10010 10220 9950 10130 29016 29338505 2.69 0.97 1.00 13898 15118 0.92 1.43
20170103 9920 10050 9810 10030 39999 39796189 2.44 1.48 2.14 17997 22002 0.82 1.97
20161230 9740 9860 9720 9820 26775 26248595 1.44 0.96 0.92 11925 14851 0.80 1.32
20161229 9710 9840 9690 9730 21840 21357701 1.54 0.72 0.21 10060 11780 0.85 1.07
20161228 9700 9820 9550 9710 30861 30055290 2.78 1.00 0.10 17314 13546 1.28 1.52
20161227 9750 9870 9610 9700 29610 28923486 2.68 0.98 0.00 15851 13758 1.15 1.46
20161226 9680 9790 9380 9700 26093 24940370 4.23 0.87 0.10 10518 15575 0.68 1.28
20161223 9780 9840 9470 9690 31107.27 30038469.130
20161222 9950 10000 9670 9840 34489.21 33671556.990
20161221 9780 9970 9740 9950 33520.09 33184704.750
20161220 9810 9810 9650 9730 26047.26 25334723.010
20161219 9870 9880 9660 9850 24374.04 23753484.160
20161216 9490 9950 9410 9940 32259.57 31491173.570
20161215 9370 9650 9260 9490 20786.88 19715649.600
20161214 9350 9500 9250 9340 28248.35 26434651.320
20161213 9400 9400 9110 9350 32352.79 30017534.710
20161212 10360 10360 9140 9220 38749.80 37565031.630
20161209 10180 10380 10130 10130 38276.66 39327709.980
20161208 10340 10450 10150 10170 25232.40 25946818.630
20161207 10300 10350 10140 10330 34971.11 35930158.200
20161206 10440 10580 10140 10310 35106.32 36160712.630
20161205 10100 10660 10100 10440 34779.24 36471805.060
20161202 10660 10750 10280 10350 30015.77 31456360.230
20161201 10490 10680 10470 10670 38562.35 40851896.800
20161130 10700 10760 10390 10480 40168.71 42491578.100
20161129 10900 11030 10710 10720 38611.33 42066561.610
20161128 10950 11100 10800 10910 22999.75 25177392.480
20161125 11120 11140 10660 11040 37042.67 40254398.260
20161124 11130 11250 10960 11010 29563.08 32863011.540
20161123 11440 11450 11080 11150 50173.75 56311805.380
20161122 11420 11700 11160 11430 56831.34 64679200.990
20161121 10820 11500 10820 11400 74691.12 84295622.980
20161118 11100 11170 10870 10890 27440.62 30228197.030
20161117 11130 11180 10910 11020 23426.56 25808019.120
20161116 11080 11290 11000 11130 41575.59 46506763.080
20161115 11050 11140 10860 11040 28375.39 31062583.600
20161114 11000 11300 10890 11040 45468.28 50373067.510
20161111 11310 11310 10960 11040 38274.95 42294259.260
20161110 10700 11140 10700 11140 55293.94 60478039.580
20161109 10850 11000 10490 10660 42828.32 45835967.100
20161108 10680 11110 10680 10810 43473.75 47519410.790
20161107 10680 10790 10580 10730 36107.54 38501909.400
20161104 10530 10970 10500 10710 66603.84 71754634.760
20161103 10470 10870 10310 10570 78326.97 83392201.530
20161102 10350 10420 10250 10370 41291.18 42741681.530
20161101 10160 10410 10140 10370 50033.83 51615787.180
20161031 10000 10220 9920 10160 41703.31 42061653.470
20161028 10200 10260 10050 10070 34683.74 35125745.810
20161027 10180 10260 10070 10250 29892.81 30436564.340
20161026 10200 10240 10070 10190 27739.17 28174492.000
20161025 10250 10260 10150 10170 26076.70 26565340.460
20161024 10150 10300 10040 10220 34824.22 35479631.320
20161021 10370 10440 10000 10140 44965.17 45667880.300
20161020 10230 10390 10200 10370 44130.08 45503275.400
20161019 10220 10340 10160 10180 36125.81 36948599.420
20161018 10010 10270 10010 10260 40771.92 41455807.030
20161017 10210 10340 9990 10020 55799.82 56819895.330
20161014 10250 10250 10000 10160 47151.54 47644360.280
20161013 10390 10390 10190 10240 53375.58 54715058.740
20161012 10360 10480 10250 10410 66835.57 69265439.570
20161011 10490 10530 10290 10360 85814.02 89105451.170
20161010 10120 10600 10030 10490 107830.85 112212332.030
20160930 9830 10060 9800 9900 45807.59 45359918.420
20160929 9780 10060 9710 9820 61867.27 61280677.560
20160928 9720 9900 9640 9770 52487.90 51202729.270
20160927 9270 9760 9250 9750 41337.61 39157750.660
20160926 9750 9830 9370 9370 61987.80 59896270.680
20160923 9510 9960 9460 9780 89088.38 86669715.890
20160922 9600 9680 9460 9510 36318.14 34725834.960
20160921 9380 9630 9360 9600 41355.59 39357667.440
20160920 9420 9510 9320 9440 35566.80 33515235.720
20160919 9330 9540 9320 9400 44500.08 41881570.890
20160914 9180 9380 9120 9330 33583.83 31130590.730
20160913 9290 9370 9130 9250 45321.37 41947481.790
20160912 9500 9540 9280 9290 52771.40 49613126.350
20160909 9760 9920 9690 9730 51329.82 50227346.900
20160908 9670 9850 9520 9760 53608.89 52255868.040
20160907 9580 9770 9520 9580 60834.40 58748855.010
20160906 9400 9640 9280 9580 70928.60 67277200.670
20160905 9220 9430 9220 9330 39866.16 37288217.270
20160902 9330 9380 9180 9250 33017.55 30592086.890
20160901 9340 9450 9250 9330 39968.97 37497710.940
20160831 9350 9380 9220 9340 32551.68 30215294.760
20160830 9400 9490 9310 9340 30162.03 28349911.670
20160829 9370 9380 9230 9370 34787.11 32427234.110
20160826 9190 9420 9190 9280 39977.88 37284118.140
20160825 9270 9320 9030 9220 43459.61 39842053.620
20160824 9240 9470 9180 9320 61660.27 57799831.200
20160823 9090 9250 9020 9200 33783.32 30881175.270
20160822 9250 9280 9010 9020 37712.26 34520305.620
20160819 9240 9310 9170 9230 32995.05 30536146.250
20160818 9310 9360 9170 9200 45226.34 41817393.600
20160817 9050 9310 9050 9200 53397.31 49093084.530
20160816 9030 9190 9010 9070 40860.13 37257738.510
20160815 8770 9130 8750 9030 53861.47 48370503.700
20160812 8710 8770 8600 8750 27466.12 23841500.650
20160811 8880 8880 8650 8660 35365.88 30919941.200
20160810 9020 9020 8870 8880 25595.16 22872181.210
20160809 8890 9080 8870 9020 29018.90 26053636.570
20160808 8750 8940 8580 8920 25768.84 22678637.990
20160805 8870 8880 8730 8780 22853.50 20116618.130
20160804 8690 8890 8650 8880 35120.26 30919915.710
20160803 8670 8760 8600 8700 34048.92 29598301.920
20160802 8580 8670 8510 8670 35718.47 30693989.180
20160801 9020 9020 8370 8600 80104.94 68280453.850
20160729 9210 9270 8950 9040 29745.85 27055726.480
20160728 9180 9320 8950 9240 48421.25 44417789.170
20160727 9960 9980 9060 9150 91110.91 86226566.890
20160726 9500 9920 9470 9920 64748.08 62981716.700
20160725 9460 9650 9320 9510 50566.45 47886998.170
20160722 9790 9900 9440 9460 87256.50 83819521.410
20160721 10150 10190 9770 9790 88093.48 87440644.900
20160720 9780 10170 9700 10100 116024.03 116186374.600
20160719 9450 9810 9430 9770 89273.16 86510279.770
20160718 9520 9590 9330 9440 40488.15 38228882.790
20160715 9650 9720 9480 9610 46372.89 44550814.130
20160714 9460 9750 9430 9710 62641.00 60166646.900
20160713 9410 9660 9400 9520 68079.83 65082913.440
20160712 9370 9500 9120 9400 76677.88 71611362.040
20160711 9350 9740 9280 9500 94793.40 90121591.640
20160708 9390 9990 9380 9430 148906.02 143572179.960
20160707 9350 9350 9020 9210 47757.02 43895127.020
20160706 9320 9440 9130 9360 56739.94 52666184.910
20160705 9300 9380 9170 9350 63929.96 59478155.100
20160704 9040 9390 9040 9240 61091.08 56507302.010
20160701 9310 9420 9000 9170 66320.61 61143940.830
20160630 9080 9470 8980 9380 72075.48 66452026.750
20160629 9160 9190 8960 9080 59301.91 53761837.670
20160628 8690 9460 8650 9180 114190.37 103347367.300
20160627 8340 8800 8330 8720 63533.58 54974402.480
20160624 8560 8650 8220 8430 56265.86 47688206.600
20160623 8650 8700 8460 8560 54759.55 47092210.820
20160622 8430 8680 8280 8600 56534.93 47875099.100
20160621 8560 8730 8340 8380 62848.99 53858970.880
20160620 8450 8570 8260 8550 39075.01 32928495.190
20160617 8370 8660 8350 8450 51973.03 44235114.490
20160616 8380 8450 8260 8370 49516.53 41378896.090
20160615 7880 8470 7850 8450 51011.44 42297629.900
20160614 7930 8030 7830 7980 30056.05 23900217.520
20160613 8610 8650 7860 7930 56994.58 47540337.950
20160608 8590 8760 8500 8730 63575.17 55200974.910
20160607 8500 8620 8330 8590 45264.03 38483410.300
20160606 8650 8780 8380 8480 51351.18 43758152.760
20160603 8470 8690 8430 8650 66678.94 57315865.280
20160602 8360 8530 8360 8470 53249.22 44956831.470
20160601 8330 8550 8320 8410 63821.84 53968238.130
20160531 7950 8400 7950 8390 66566.43 54838786.780
20160530 7950 8010 7780 7950 32508.58 25741398.140
20160527 7910 8030 7860 7940 31327.28 24909930.040
20160526 7900 7970 7630 7970 34545.35 27000391.870
20160525 7970 8050 7840 7890 36112.51 28727304.170
20160524 7960 8000 7830 7910 31078.08 24601829.730
20160523 7870 8050 7850 8010 42953.63 34204340.410
20160520 7600 7880 7540 7850 33464.82 25921216.630
20160519 7700 7960 7610 7760 38299.28 30011575.360
20160518 8050 8120 7600 7700 50126.98 39102792.760
20160517 8280 8350 8080 8160 45973.82 37723344.350
20160516 7940 8290 7940 8280 45438.46 36951250.180
20160513 7860 8140 7800 7990 41221.00 33090000
20160512 7760 7920 7460 7850 44015.00 34020000
20160511 8290 8390 7940 8050 54767.00 44390000
20160510 8000 8330 7970 8280 50241.00 41300000
20160509 8470 8470 7880 8100 61114.00 49520000
20160506 8890 8960 8310 8450 102181.00 88740000
20160505 8710 9100 8620 8960 118349.00 105000000
20160504 8140 9040 8130 8880 158638.00 139070000
20160503 7950 8270 7820 8220 97119.00 78500000
20160429 8280 8280 7860 7970 127915.00 102790000
20160428 8540 8540 8000 8270 196754.00 162820000
20160427 7760 7760 7760 7760 5054.00 3920000
20160315 10680 10810 10490 10580 22345.00 23780000
20160314 10460 10870 10350 10680 30262.00 32350000
20160311 10110 10380 10020 10240 14417.00 14680000
20160310 10400 10490 10200 10210 21185.00 21860000
20160309 10320 10640 10120 10390 20108.00 20910000
20160308 10400 10680 9910 10580 37597.00 38820000
20160307 10570 10960 10040 10520 86077.00 90620000
20160304 11040 11040 10250 10390 83684.00 90820000
20160303 9960 10500 9880 10040 24422.00 24960000
20160302 9550 10100 9410 9980 23354.00 22600000
20160301 9130 9540 9000 9480 17718.00 16420000
20160229 9900 10020 9050 9060 24453.00 22580000
20160226 10230 10380 9800 10060 18041.00 18230000
20160225 11350 11410 10220 10230 26445.00 28140000
20160224 10920 11390 10820 11350 28149.00 31180000
20160223 11110 11170 10810 10920 19088.00 20980000
20160222 11020 11170 10900 11140 21644.00 23930000
20160219 11030 11040 10730 10900 16536.00 18030000
20160218 11060 11080 10820 10940 16591.00 18170000
20160217 11030 11190 10720 10960 23300.00 25450000
20160216 10680 11090 10680 11020 30023.00 32760000
20160215 9900 11090 9840 10680 23552.00 24360000
20160205 10180 10600 10180 10370 27995.00 29240000
20160204 9930 10290 9930 10160 19597.00 19930000
20160203 9750 9940 9540 9900 19442.00 18860000
20160202 9200 9910 9120 9850 20109.00 19510000
20160201 9330 9550 8990 9250 12513.00 11630000
20160129 8890 9700 8880 9330 22728.00 21250000
20160128 9670 9830 8900 8900 25585.00 23860000
20160127 10150 10300 9350 9890 22907.00 22330000
20160126 11200 11200 10150 10150 26367.00 27890000
20160125 11390 11640 11130 11280 17040.00 19430000
20160122 11180 11500 11030 11300 21466.00 24160000
20160121 11760 12150 11060 11180 40600.00 47370000
20160120 11520 12340 11520 12120 54126.00 64850000
20160119 11290 11680 11020 11650 31366.00 35800000
20160118 11370 11700 11000 11290 31331.00 35620000
20160115 11650 11980 10960 11260 27800.00 31970000
20160114 10680 11810 10420 11780 31462.00 35530000
20160113 11230 11590 10900 10910 20033.00 22520000
20160112 10900 11620 10460 11210 35993.00 40060000
20160111 11980 12080 10870 10870 38742.00 44750000
20160108 12240 12690 11180 12080 54928.00 67050000
20160107 12920 13000 11880 11900 13744.00 16960000
20160106 12600 13240 12600 13200 47255.00 61320000
20160105 12020 13250 12020 12600 43537.00 54660000
20160104 14300 14440 12960 12970 33541.00 45920000
20151231 14800 15230 14350 14400 42827.00 63840000
20151230 14320 14970 14320 14850 38834.00 57260000
20151229 14030 14450 13810 14410 41483.00 58390000
20151228 14830 15380 14200 14200 66862.00 98700000
20151225 14390 14970 14240 14790 53683.00 78950000
20151224 13850 14300 13650 14230 58947.00 82220000
20151223 14180 14280 13800 13850 30596.00 42930000
20151222 14430 14480 13880 14280 44001.00 62340000
20151221 13920 14340 13740 14280 38601.00 54630000
20151218 14260 14260 13820 13900 49820.00 69800000
20151217 13680 14470 13680 14160 85466.00 121010000
20151216 13350 13780 13250 13590 66610.00 90130000
20151215 12860 13920 12820 13570 60772.00 80860000
20151214 12080 12910 12080 12880 25051.00 31580000
20151211 12530 12580 12150 12380 23005.00 28370000
20151210 12710 12850 12500 12590 26221.00 33260000
20151209 13020 13070 12610 12690 28687.00 36700000
20151208 13340 13380 12910 13020 45668.00 59940000
20151207 13020 13580 12960 13500 56486.00 75010000
20151204 12900 13390 12760 12990 48875.00 63670000
20151203 12360 12930 12360 12930 45904.00 58390000
20151202 12680 12690 12020 12400 28647.00 35370000
20151201 12400 12900 12310 12630 35190.00 44350000
20151130 12420 12960 11240 12550 67628.00 82190000
20151127 13700 13700 12420 12420 87937.00 114240000
20151126 13850 14230 13600 13800 81717.00 113200000
20151125 13300 13880 13270 13760 68116.00 93130000
20151124 13050 13480 12890 13410 49534.00 65330000
20151123 13100 13560 12910 13000 64139.00 85270000
20151120 13120 13290 12800 13180 73613.00 96000000
20151119 12970 13190 12640 13090 73566.00 94670000
20151118 13340 13610 12800 12880 83789.00 111170000
20151117 13700 13990 13230 13340 63630.00 86350000
20151116 12820 13790 12580 13660 44471.00 58660000
20151113 13700 13700 12920 13050 53161.00 70570000
20151112 13130 14250 13030 13780 91970.00 124890000
20151111 12970 13200 12710 13130 51495.00 66770000
20151110 13150 13220 12850 12900 50588.00 65790000
20151109 12890 13350 12700 13110 67628.00 88400000
20151106 12300 13060 12300 12880 88873.00 112420000
20151105 12300 12510 12000 12380 68772.00 84500000
20151104 11730 12380 11730 12300 69648.00 84470000
20151103 11910 11910 11540 11750 41197.00 48400000
20151102 11200 11900 11100 11880 68964.00 80450000
20151030 11560 11750 11160 11440 40816.00 46870000
20151029 11730 11790 11360 11630 38165.00 44250000
20151028 11520 11950 11200 11390 43515.00 51080000
20151027 11700 11850 11010 11700 51897.00 59620000
20151026 11800 12150 11500 11820 52725.00 62110000
20151023 11450 11780 11150 11620 54926.00 62940000
20151022 10760 11300 10580 11220 44030.00 48680000
20151021 12040 12050 10860 10860 59377.00 68260000
20151020 12010 12180 11590 12070 70013.00 83320000
20151019 12700 12700 11930 12010 53800.00 65720000
20151016 11840 12490 11600 12460 84989.00 102330000
20151015 11310 11800 11260 11800 71987.00 83700000
20151014 11430 11580 11030 11570 60310.00 68010000
20151013 10990 11500 10900 11480 71844.00 80540000
20151012 10750 11350 10640 11260 140183.00 154380000
20151009 10590 10910 10480 10770 25132.00 27020000
20151008 10720 10890 10420 10530 35741.00 38360000
20150930 10160 10590 10000 10350 21600.00 22130000
20150929 10080 10380 10000 10110 16178.00 16490000
20150928 9880 10470 9800 10460 26625.00 27070000
20150925 10350 10800 9400 9870 32743.00 33590000
20150924 10600 10770 10320 10390 36312.00 38340000
20150923 9710 10550 9630 10420 50950.00 51810000
20150922 9880 10080 9610 9980 32122.00 31730000
20150921 9310 10040 9300 9950 30767.00 30090000
20150918 9420 9550 9140 9550 24457.00 22900000
20150917 9310 9750 9260 9330 38590.00 36680000
20150916 8570 9570 8550 9520 36414.00 32990000
20150915 8600 8700 7800 8700 26514.00 22130000
20150914 9610 9690 8600 8600 43401.00 39600000
20150911 9180 9650 9150 9550 30726.00 28770000
20150910 9200 9450 9040 9190 31261.00 28990000
20150909 9350 9800 9220 9600 39975.00 38100000
20150908 8520 9410 8520 9300 27049.00 23960000
20150907 8320 8880 8320 8690 22181.00 19130000
20150902 7920 8810 7760 8230 33619.00 27900000
20150901 9080 9350 8310 8360 43188.00 38780000
20150831 9380 9450 9060 9120 43404.00 40020000
20150828 8690 9470 8690 9460 53513.00 48240000
20150827 8320 8700 8090 8610 34046.00 28570000
20150826 8420 8770 7800 8120 42949.00 35780000
20150825 8140 8700 8130 8130 39855.00 33030000
20150824 9510 9800 9030 9030 39252.00 35890000
20150821 10600 10770 9950 10030 34675.00 35980000
20150820 11030 11510 10870 10880 37128.00 41440000
20150819 10400 11440 9900 11340 57557.00 61320000
20150818 12040 12470 10840 10840 79192.00 93330000
20150817 11750 12100 11430 12040 52393.00 61800000
20150814 12030 12250 11670 11900 70826.00 85380000
20150813 11550 12140 11300 12040 63526.00 74520000
20150812 11680 12000 11500 11500 58192.00 68300000
20150811 11990 12190 11750 11880 71741.00 85930000
20150810 10900 11880 10900 11880 60587.00 70180000
20150807 10360 10850 10360 10800 44920.00 48000000
20150806 10030 10540 9910 10270 29117.00 29970000
20150805 10420 10680 10120 10400 57624.00 60200000
20150804 9670 10470 9610 10430 48726.00 49620000
20150803 9910 10390 9430 9520 33424.00 32990000
20150731 10400 10900 10210 10460 35322.00 37160000
20150730 10600 11400 10580 10630 61685.00 68180000
20150729 10410 10930 9640 10930 65016.00 66840000
20150728 9970 10790 9740 9940 67099.00 67420000
20150727 11950 12180 10820 10820 64546.00 74520000
20150724 12220 12780 11820 12020 70767.00 87730000
20150723 11640 12380 11410 12310 71219.00 85260000
20150722 11680 11880 11200 11640 51615.00 59750000
20150721 11290 11870 11020 11620 59325.00 68800000
20150720 11450 12130 11050 11490 82055.00 95450000
20150717 10500 11550 10500 11430 66861.00 74130000
20150716 10130 10950 9120 10500 87803.00 89940000
20150715 11000 11000 10130 10130 76397.00 78980000
20150714 11000 11250 10470 11250 133151.00 147920000
20150713 10230 10230 9990 10230 60030.00 61190000
20150710 9250 9300 8680 9300 31420.00 28830000
20150709 7300 8450 7300 8450 93023.00 76300000
20150708 7370 8220 7370 7680 158873.00 118790000
20150707 8310 8490 8190 8190 17102.00 14050000
20150706 11120 11120 9100 9100 77894.00 76800000
20150703 10500 11400 10110 10110 55207.00 57390000
20150702 12000 12630 11230 11230 67465.00 79060000
20150701 13270 14360 12480 12480 75468.00 102060000
20150630 12300 14100 11930 13870 90284.00 115550000
20150629 15200 15200 13250 13250 72646.00 98280000
20150626 15800 15800 14720 14720 55590.00 83200000
20150625 18000 18000 16200 16350 96162.00 165690000
20150624 16810 18340 16800 18000 105658.00 185300000
20150623 17110 17960 16280 16670 75701.00 127520000
20150619 19100 19500 18090 18090 68932.00 127940000
20150618 20140 21500 19730 20100 115676.00 238300000
20150617 20500 21000 18900 20310 107988.00 215510000
20150616 20150 21800 19430 21000 134016.00 274440000
20150615 20300 21700 19560 20790 146181.00 300790000
20150612 20260 20820 19700 20500 157994.00 321730000
20150611 17910 19790 17890 19790 162635.00 310820000
20150610 17520 18490 17350 17990 114444.00 206450000
20150609 17660 18470 17210 17970 94891.00 169550000
20150608 19100 19470 17760 18080 178314.00 328250000
20150605 17430 18980 17430 18980 196596.00 366200000
20150604 17710 17990 16200 17250 135773.00 232900000
20150603 17280 18140 16700 18000 158702.00 279690000
20150602 16450 17210 16260 17190 117744.00 197540000
20150601 15400 16450 15320 16380 117955.00 186730000
20150529 15490 15870 14480 15410 113042.00 173990000
20150528 17230 18000 15470 15500 109180.00 185490000
20150527 16920 17550 16200 17190 97345.00 164580000
20150526 15970 16890 15940 16860 96333.00 159130000
20150525 15900 16180 15500 15900 93451.00 147700000
20150522 16910 17090 16030 16300 97891.00 160440000
20150521 16210 17290 16000 16800 105949.00 175560000
20150520 16250 17500 15700 16210 143805.00 239590000
20150519 14990 16080 14220 16080 169066.00 254450000
20150518 13320 14620 13320 14620 122117.00 173910000
20150515 13830 13850 13160 13290 56760.00 76400000
20150514 13520 13990 13250 13830 77045.00 105640000
20150513 13650 13790 13110 13520 87478.00 117630000
20150512 13700 14550 13620 14000 128413.00 180430000
20150511 12500 13620 12330 13620 118271.00 154200000
20150508 11920 12870 11900 12380 71383.00 87550000
20150507 12250 12540 11600 11700 37460.00 45150000
20150506 12300 12670 12030 12320 46234.00 56960000
20150505 12700 12820 12050 12140 41842.00 51960000
20150504 12950 13080 12500 12800 44647.00 56840000
20150430 13550 14200 12780 13070 82645.00 110520000
20150429 27000 27660 26600 27130 36043.00 98010000
20150428 27800 27800 26400 26980 35744.00 96590000
20150427 27700 27700 26700 27350 28507.00 77200000
20150424 27000 27240 26100 26700 28663.00 76540000
20150423 27000 27800 26500 27260 46646.00 126910000
20150422 25450 26350 25210 25970 23451.00 60420000
20150421 24580 25180 24120 25100 20914.00 51670000
20150420 25200 25200 24000 24130 16095.00 39670000
20150417 25000 25270 24510 25200 20461.00 50850000
20150416 24300 25140 23860 24800 14443.00 35730000
20150415 26100 26500 24320 24400 24413.00 61100000
20150414 26790 26790 26030 26090 25003.00 65980000
20150413 26830 27350 26160 27060 33112.00 88410000
20150410 25650 26950 25510 26570 25421.00 67460000
20150409 26300 26390 24180 25790 31203.00 79030000
20150408 27550 27880 25610 26400 49212.00 131800000
20150407 27400 28270 27010 27880 53987.00 149460000
20150403 26490 28000 25850 27580 66979.00 180670000
20150402 26300 27260 25830 26600 54981.00 146340000
20150401 24800 27000 24600 26260 53894.00 139560000
20150331 24580 25100 24200 24760 34674.00 85710000
20150330 25100 25750 24310 24570 37579.00 93080000
20150327 25010 25850 24120 24880 44958.00 111640000
20150326 27480 27480 24480 24880 80784.00 205870000
20150325 26800 28780 26550 27200 98553.00 271570000
20150324 25500 26530 24700 26530 92765.00 240420000
20150323 22500 24120 22500 24120 51423.00 122020000
20150320 21320 21970 21210 21930 37200.00 80080000
20150319 21360 21660 20550 21320 34415.00 72870000
20150318 20490 20960 20080 20950 32855.00 67250000
20150317 19780 20700 19620 20270 36856.00 74160000
20150316 19470 19970 19290 19630 34668.00 68090000
20150313 19200 19380 18890 19300 15724.00 30040000
20150312 19150 19480 18600 19090 26603.00 50830000
20150311 18940 19220 18730 19000 16633.00 31480000
20150310 18450 19300 18380 18860 23841.00 44920000
20150309 18560 18560 17800 18450 23870.00 43410000
20150306 18890 19650 18650 18660 33932.00 64890000
20150305 18790 19550 18620 18890 25844.00 48840000
20150304 18460 18880 18220 18690 17477.00 32610000
20150303 18230 18950 18110 18430 31807.00 59160000
20150302 18440 18440 17990 18300 22101.00 40130000
20150227 18010 18240 17850 18210 16768.00 30300000
20150226 18000 18180 17800 18020 17122.00 30750000
20150225 18440 18440 17900 17970 22679.00 41100000
20150217 17950 18180 17710 17940 16929.00 30280000
20150216 17650 18090 17450 17940 24075.00 42820000
20150213 17260 17650 17250 17520 19312.00 33720000
20150212 17300 17300 17090 17190 10293.00 17700000
20150211 17000 17380 16960 17170 13524.00 23220000
20150210 16850 17080 16690 16980 9207.00 15510000
20150209 16700 17700 16580 16750 15611.00 26460000
20150206 17110 17280 16500 16660 12663.00 21350000
20150205 17100 17280 16980 17110 20128.00 34450000
20150204 17200 17240 16870 17000 15951.00 27130000
20150203 16850 17290 16700 17140 25705.00 43710000
20150202 16590 16950 16330 16750 16722.00 27870000
20150130 17090 17290 16600 16760 19608.00 33140000
20150129 17400 17460 17000 17010 30289.00 52010000
20150128 18000 18520 17560 17570 71744.00 129710000
20150127 17700 17750 17380 17750 29821.00 52680000
20150126 15800 16250 15800 16140 24111.00 38680000
20150123 16080 16080 15660 15800 19013.00 29980000
20150122 15940 16220 15780 16090 18594.00 29840000
20150121 15990 15990 15620 15870 23744.00 37550000
20150120 15410 15760 15130 15720 28441.00 43990000
20150119 14700 15560 14550 15190 36923.00 55640000
20150116 14310 14780 14310 14720 12062.00 17640000
20150115 14380 14600 14300 14370 8668.00 12490000
20150114 14530 14650 14160 14300 9012.00 12950000
20150113 14120 14500 14020 14490 11672.00 16640000
20150112 14540 14610 14030 14120 10933.00 15580000
20150109 14540 14850 14390 14550 17009.00 24780000
20150108 14550 14770 14380 14550 19481.00 28320000
20150107 15180 15200 14680 14700 14475.00 21450000
20150106 14760 15240 14530 15200 15291.00 22960000
20150105 15010 15390 14290 14800 15691.00 23010000
20141231 15500 15500 14720 15000 10594.00 15850000
20141230 15280 15500 14650 14680 8531.00 12670000
20141229 15780 15910 15050 15190 8420.00 12900000
20141226 16200 16270 15410 15800 18758.00 29640000
20141225 16070 16450 15770 16160 20633.00 33260000
20141224 15500 15880 15350 15880 14780.00 23040000
20141223 15040 16100 14970 15400 17494.00 26890000
20141222 16030 16310 14560 15010 13554.00 20400000
20141219 16970 16970 15630 15950 16516.00 26600000
20141218 17220 17270 16820 16960 11810.00 20110000
20141217 18150 18150 16940 17200 16709.00 29130000
20141216 18000 18290 17860 18050 22684.00 40930000
20141215 18000 18050 17680 17950 11457.00 20470000
20141212 18060 18120 17650 17900 14840.00 26570000
20141211 17600 18500 17360 17830 18764.00 33470000
20141210 16580 17920 16350 17790 27458.00 47130000
20141209 18020 18290 16250 16350 27545.00 47590000
20141208 18550 18740 17790 18060 18818.00 34220000
20141205 19120 19120 18250 18580 26553.00 49770000
20141204 19150 19280 18960 19080 23884.00 45590000
20141203 19300 19300 18710 19110 36870.00 70240000
20141202 19200 19360 18900 19220 33776.00 64650000
20141201 19300 19800 18930 19320 45817.00 87910000
20141128 19000 19450 18770 19300 48211.00 92060000
20141127 17910 18840 17580 18830 32269.00 59120000
20141126 17980 18250 17740 17910 9688.00 17430000
20141125 17710 18070 17600 17910 12047.00 21520000
20141124 17750 18180 17630 17760 13721.00 24420000
20141121 17980 17990 17610 17890 15752.00 28120000
20141120 17350 17920 17000 17920 15135.00 26390000
20141119 16850 17470 16800 17340 11538.00 19940000
20141118 16650 17270 16530 16930 12733.00 21560000
20141117 16360 16900 15820 16670 11927.00 19860000
20141114 16670 16670 15560 16230 13369.00 21640000
20141113 17300 17350 16500 16680 11845.00 19970000
20141112 16420 17450 16420 17390 20380.00 34470000
20141111 17470 17470 16360 16480 34093.00 56900000
20141110 18390 18420 17420 17690 20538.00 36590000
20141107 17880 18900 17810 18250 26429.00 48610000
20141106 17560 18150 17530 17880 12577.00 22400000
20141105 18000 18280 17510 17560 11660.00 20740000
20141104 17660 18440 17510 17980 21645.00 39030000
20141103 17100 18060 17100 17650 20316.00 36120000
20141031 17180 17340 16850 17210 19284.00 33000000
20141030 17350 17850 17000 17180 27525.00 47800000
20141029 16920 17490 16800 17270 32287.00 55530000
20141028 15920 16900 15920 16800 26900.00 44480000
20141027 15200 16300 15070 15930 24290.00 38600000
20141024 15080 15080 14710 15030 11453.00 17100000
20141023 15590 15970 14630 14910 17302.00 26750000
20141022 16480 16480 15500 15630 17935.00 28780000
20141015 16300 16600 15870 16460 14823.00 24030000
20141014 16860 16920 16320 16410 18985.00 31440000
20141013 16960 16990 16210 16910 18531.00 30670000
20141010 16550 17550 16390 16960 34594.00 58660000
20141009 16160 16650 16130 16600 33426.00 54770000
20141008 15950 16230 15920 16190 19748.00 31820000
20140930 15890 15980 15680 15920 17067.00 27080000
20140929 15710 15990 15670 15820 18458.00 29250000
20140926 15500 15860 15500 15700 20548.00 32300000
20140925 16200 16200 15600 15670 45577.00 72140000
20140924 16880 16900 16000 16240 64196.00 104530000
20140923 14590 16060 14500 16060 42282.00 65540000
20140922 14680 14680 14250 14600 14472.00 20890000
20140919 14440 14860 14390 14680 11186.00 16280000
20140918 14400 14470 14250 14440 9438.00 13570000
20140917 14200 14450 14080 14400 13074.00 18640000
20140916 14960 14960 14150 14160 26595.00 38700000
20140915 14630 15000 14550 14990 17593.00 25940000
20140912 14390 14630 14290 14610 14273.00 20660000
20140911 14230 14670 14200 14400 21550.00 31120000
20140910 14200 14260 14000 14250 14444.00 20400000
20140909 14180 14300 14000 14230 16766.00 23730000
20140905 14310 14380 13960 14130 19706.00 27770000
20140904 14110 14320 13970 14310 21317.00 30160000
20140903 14000 14160 13930 14030 13775.00 19340000
20140902 14010 14070 13800 14030 15346.00 21440000
20140901 13660 14020 13660 14000 11224.00 15600000
20140829 13360 13680 13270 13680 7144.00 9620000
20140828 13500 13520 13200 13220 8696.00 11630000
20140827 13400 13590 13400 13430 7980.00 10760000
20140826 13780 13850 13290 13380 11944.00 16230000
20140825 14100 14180 13700 13730 18661.00 25890000
20140822 13580 13920 13500 13850 22258.00 30670000
20140821 13580 13620 13280 13500 10680.00 14350000
20140820 13360 13590 13310 13550 17290.00 23290000
20140819 13380 13500 13250 13400 16650.00 22300000
20140818 13240 13410 13160 13400 15638.00 20800000
20140815 13060 13200 13030 13160 10302.00 13530000
20140814 13170 13290 13030 13070 15407.00 20300000
20140813 13420 13420 12880 13200 40585.00 53220000
20140812 13440 13540 13350 13520 14537.00 19550000
20140811 13340 13460 13220 13380 10567.00 14090000
20140808 13180 13400 13160 13240 14112.00 18660000
20140807 13600 13690 13160 13180 16798.00 22460000
20140806 13330 13860 13220 13490 24767.00 33540000
20140805 12980 13360 12980 13360 31071.00 41050000
20140804 12800 12990 12710 12970 11132.00 14370000
20140801 12860 13050 12710 12730 18997.00 24510000
20140731 12880 12880 12700 12860 10529.00 13460000
20140730 12860 12910 12640 12850 13234.00 16910000
20140729 12700 13000 12610 12840 21368.00 27430000
20140728 12280 12880 12280 12700 24489.00 30880000
20140725 11930 12350 11930 12240 8339.00 10150000
20140724 12070 12390 11700 12090 26340.00 31470000
20140723 12510 12730 12000 12070 19681.00 24490000
20140722 12370 12540 12250 12500 12662.00 15720000
20140721 12310 12440 12140 12300 11058.00 13550000
20140718 12550 12830 12430 12440 25612.00 32350000
20140717 12000 12450 12000 12380 13288.00 16270000
20140716 12620 12680 12160 12180 15501.00 19250000
20140715 12950 12950 12440 12560 21583.00 27260000
20140714 12730 12980 12520 12950 28776.00 36820000
20140711 12450 12720 12400 12690 24432.00 30670000
20140710 12470 12700 12250 12500 21336.00 26640000
20140709 12830 12880 12330 12390 34341.00 43270000
20140708 12680 12980 12630 12890 30362.00 38900000
20140707 12700 12840 12550 12700 34476.00 43730000
20140704 13200 13220 12700 12790 62300.00 80340000
20140703 12880 13690 12760 13320 129919.00 171510000
20140702 12000 12760 11880 12760 80046.00 100210000
20140701 11720 11720 11460 11600 23106.00 26710000
20140630 11390 11770 11360 11720 20221.00 23330000
20140627 11350 11550 11220 11420 24229.00 27690000
20140626 11000 11440 11000 11280 30986.00 34930000
20140625 10910 11090 10830 11040 14963.00 16400000
20140624 10820 11000 10780 10930 19641.00 21430000
20140623 10810 11100 10760 10830 33594.00 36620000
20140620 10690 10830 10590 10750 15379.00 16480000
20140619 11320 11430 10450 10610 24732.00 27100000
20140618 11710 11830 11290 11290 24449.00 28280000
20140617 11510 12140 11440 11820 42218.00 49860000
20140616 11470 11610 11430 11500 20879.00 24030000
20140613 11600 11790 11490 11500 25562.00 29720000
20140612 11760 11820 11520 11590 28659.00 33400000
20140611 11590 11830 11520 11820 30807.00 36150000
20140610 11620 11850 11450 11660 30677.00 35690000
20140609 10880 11980 10850 11690 44298.00 50810000
20140606 11000 11170 10730 10970 12741.00 13960000
20140605 10630 11080 10400 11010 15130.00 16390000
20140604 10790 10900 10460 10710 16640.00 17760000
20140603 11150 11500 10880 10880 25577.00 28660000
20140530 11000 11150 10820 11060 21849.00 24060000
20140529 10550 11500 10490 10990 43364.00 48360000
20140528 10500 10760 10320 10610 15563.00 16480000
20140527 16090 16120 15750 15820 6292.00 9990000
20140526 15800 16150 15750 15990 10620.00 16950000
20140523 15680 15830 15520 15800 6448.00 10110000
20140522 15580 15810 15430 15680 8730.00 13660000
20140521 15280 15570 15020 15570 6060.00 9280000
20140520 14990 15370 14990 15240 5799.00 8810000
20140519 15060 15200 14840 14930 3813.00 5710000
20140516 15190 15330 14700 14980 5909.00 8870000
20140515 15490 15740 15190 15220 8617.00 13340000
20140514 15510 15650 15330 15570 6265.00 9710000
20140513 15830 15830 15360 15500 11017.00 17150000
20140512 15670 15930 15280 15850 11605.00 18120000
20140509 15690 16160 15480 15610 14145.00 22400000
20140508 15040 15870 15030 15760 14516.00 22550000
20140507 15640 15700 15120 15140 11749.00 18060000
20140506 15410 15850 15260 15760 15765.00 24540000
20140505 15180 15640 15080 15350 8941.00 13730000
20140430 15080 15280 14910 15220 11896.00 18000000
20140429 14430 15140 14400 15140 10867.00 16210000
20140428 14650 14860 14020 14680 7624.00 11030000
20140425 14530 15130 14530 14750 8209.00 12240000
20140424 14520 14810 14430 14750 5073.00 7430000
20140423 14260 14780 14260 14650 7317.00 10690000
20140422 14490 14500 13820 14100 4593.00 6490000
20140421 14650 14860 14500 14500 3460.00 5070000
20140418 14800 15030 14730 14770 3129.00 4640000
20140417 15190 15190 14730 14890 5291.00 7870000
20140416 14510 15550 14510 15080 10546.00 15830000
20140415 14410 14870 14390 14640 8141.00 11870000
20140414 14260 14490 14260 14480 6337.00 9120000
20140411 14000 14470 13900 14380 5994.00 8440000
20140410 14330 14600 14100 14120 5308.00 7600000
20140409 13850 14320 13850 14320 6041.00 8530000
20140408 13690 13850 13610 13850 4073.00 5600000
20140404 13670 13750 13530 13740 3927.00 5360000
20140403 13520 13740 13450 13660 3253.00 4420000
20140402 13820 13900 13460 13470 4466.00 6080000
20140401 13730 13820 13500 13820 4125.00 5650000
20140331 13610 13800 13420 13580 6073.00 8260000
20140328 14420 14630 13250 13560 11843.00 16220000
20140327 15600 15610 14380 14450 19728.00 29140000
20140326 15470 15990 15230 15550 25746.00 40070000
20140325 15230 15580 15010 15290 4682.00 7190000
20140324 15350 15580 15030 15210 5531.00 8470000
20140321 14770 15160 14520 15140 5049.00 7490000
20140320 15320 15570 14800 14800 7485.00 11450000
20140319 15250 15550 15130 15540 7801.00 12030000
20140318 15180 15660 15180 15320 6303.00 9720000
20140317 14770 15260 14600 15260 5043.00 7560000
20140314 14810 15010 14690 14760 4042.00 6000000
20140313 14720 14950 14640 14930 6989.00 10350000
20140312 15970 16260 14420 14840 18412.00 27790000
20140311 15520 16190 15520 16020 8484.00 13490000
20140310 15690 16390 15050 15520 10990.00 17540000
20140307 15770 15950 15510 15900 7464.00 11760000
20140306 16050 16150 15300 15600 8556.00 13390000
20140305 15800 17470 15630 16040 20291.00 33200000
20140304 15250 15960 15250 15880 12867.00 20210000
20140303 15060 15480 15060 15430 6331.00 9680000
20140228 14700 15120 14440 14940 9241.00 13760000
20140227 15080 15550 14600 14700 9635.00 14610000
20140226 14640 15350 14330 15180 16111.00 24150000
20140225 16220 16800 14720 14780 20880.00 32880000
20140224 16400 16410 15900 16350 9842.00 15930000
20140221 16730 16750 16350 16500 9480.00 15660000
20140220 16350 16880 15800 16750 26309.00 43310000
20140219 16620 16680 16070 16400 18939.00 30880000
20140218 17100 17170 16580 16610 24565.00 41170000
20140217 16970 17500 16550 17000 32513.00 55100000
20140214 16340 17350 16110 17050 59820.00 100390000
20140213 15600 17010 15270 16600 71089.00 118550000
20140212 15390 15540 15080 15460 16592.00 25440000
20140211 15390 15750 15010 15400 25036.00 38360000
20140210 14990 15530 14800 15390 31350.00 47470000
20140207 14750 15300 14730 15070 24575.00 36770000
20140130 14490 15350 14300 14750 48174.00 71760000
20140129 14680 14710 14240 14240 22977.00 33370000
20140128 14950 15030 14550 14600 14103.00 20680000
20140127 14800 15240 14490 14930 24746.00 36930000
20140124 14500 14960 14450 14820 24537.00 36210000
20140123 14600 15160 14310 14700 41831.00 61630000
20140122 14600 15150 14160 14860 56616.00 82290000
20140121 13830 14630 13800 14630 85699.00 123660000
20140120 13680 14040 13300 13300 9324.00 12790000
20140117 13560 13770 13450 13560 11901.00 16270000
20140116 13680 13740 13360 13540 7797.00 10590000
20140115 13090 13550 12950 13510 11121.00 14910000
20140114 12680 13170 12510 13120 5985.00 7760000
20140113 12590 12840 12300 12550 5042.00 6360000
20140110 13040 13120 12400 12550 8070.00 10340000
20140109 13580 13650 12700 13100 7474.00 9980000
20140108 13270 13580 13270 13580 9965.00 13410000
20140107 12900 13330 12810 13320 11834.00 15520000
20140106 13630 13630 12950 13020 12284.00 16300000
20140103 13980 14010 13700 13700 10387.00 14340000
20140102 13770 14140 13600 13970 8999.00 12520000
20131231 13880 14250 13300 13760 17983.00 24910000
20131230 13500 14060 13320 13940 20873.00 28730000
20131227 12850 13480 12850 13430 15466.00 20530000
20131226 13130 13220 12730 12780 7954.00 10320000
20131225 12550 13070 12550 13010 10622.00 13650000
20131224 12250 12730 12250 12620 7079.00 8880000
20131223 12030 12300 12010 12210 5021.00 6110000
20131220 12600 12770 11940 12210 9159.00 11210000
20131219 12850 12950 12560 12560 6946.00 8890000
20131218 12760 12950 12650 12850 5313.00 6780000
20131217 13180 13390 12760 12800 8671.00 11190000
20131216 13300 13500 13020 13070 11843.00 15710000
20131213 13290 13640 13120 13300 13663.00 18280000
20131212 13140 13370 13010 13210 10762.00 14230000
20131211 13230 13370 12710 13140 13772.00 18070000
20131210 12890 13640 12890 13220 22716.00 30330000
20131209 12930 13060 12780 12870 14776.00 19060000
20131206 12780 12980 12580 12860 16044.00 20510000
20131205 13050 13050 12480 12830 16394.00 20890000
20131204 13080 13570 12860 12900 23985.00 31920000
20131203 12730 13580 12360 13190 22490.00 29280000
20131202 14390 14650 13650 13650 43218.00 60540000
20131129 14460 15980 14390 15170 52673.00 80470000
20131128 13760 14860 13720 14550 38778.00 55360000
20131127 13600 14200 13580 13900 30845.00 43050000
20131126 13500 13960 13100 13750 25656.00 34880000
20131125 13300 13580 13030 13420 15676.00 20820000
20131122 13360 13600 13180 13330 17973.00 23970000
20131121 13800 14200 13390 13540 23373.00 31990000
20131120 13500 14310 13410 13670 28180.00 38920000
20131119 13290 13700 13180 13480 22226.00 29850000
20131118 12650 13580 12650 13470 29712.00 39430000
20131115 12830 13270 12830 12980 28833.00 37590000
20131114 12660 12940 12200 12820 22419.00 28490000
20131113 12850 12990 12410 12580 20578.00 26180000
20131112 12880 13600 12760 13110 33610.00 44410000
20131111 12390 12970 12160 12900 19775.00 25120000
20131108 12810 12980 12310 12420 21414.00 27030000
20131107 12390 13190 12130 12960 37934.00 48530000
20131106 12630 13100 12350 12350 26306.00 33470000
20131105 12380 12960 12080 12710 25217.00 31500000
20131104 12030 12470 11900 12450 17203.00 21000000
20131101 12610 12660 11870 12050 29282.00 35620000
20131031 13520 13740 12640 12680 37862.00 49530000
20131030 13640 14300 13270 13800 41735.00 57080000
20131029 14410 14900 13460 13900 54739.00 77540000
20131028 13700 14980 13200 14950 69500.00 98640000
20131025 13400 14230 12880 13860 51313.00 69440000
20131024 13220 14600 13140 13640 63211.00 88640000
20131023 13540 13720 12940 13310 53047.00 70520000
20131022 12990 13860 12700 13860 97985.00 133890000
20131021 11500 12600 11500 12600 36554.00 45500000
20131018 11420 11460 11270 11450 7573.00 8620000
20131017 11440 11480 10580 11450 10658.00 12050000
20131016 11400 11640 11020 11320 8414.00 9560000
20131015 11360 11520 11160 11470 9803.00 11150000
20131014 11330 11470 11290 11360 8508.00 9670000
20131011 11270 11400 11180 11350 9471.00 10710000
20131010 11450 11510 11200 11250 9498.00 10760000
20131009 11270 11480 11220 11430 14435.00 16310000
20131008 10920 11240 10920 11200 8740.00 9690000
20130930 11030 11060 10840 10950 4336.00 4740000
20130927 10930 11050 10810 10880 5668.00 6190000
20130926 11020 11220 10940 10940 7755.00 8590000
20130925 11130 11260 11010 11010 5314.00 5900000
20130924 11240 11400 11130 11180 8484.00 9530000
20130923 11090 11290 10940 11230 8346.00 9300000
20130918 10710 11110 10600 11100 9657.00 10460000
20130917 11090 11130 10700 10720 5790.00 6320000
20130916 11020 11200 11010 11090 5592.00 6210000
20130913 11150 11150 10900 11100 5342.00 5910000
20130912 10910 11340 10880 11050 5176.00 5750000
20130911 11290 11290 10920 10970 11782.00 13010000
20130910 11580 11590 11180 11270 14361.00 16330000
20130909 11470 11700 11340 11550 7744.00 8940000
20130906 11520 11650 11430 11480 7777.00 8940000
20130905 11400 11850 11260 11650 13959.00 16070000
20130904 11380 11580 11240 11260 6151.00 6970000
20130903 11100 11480 11100 11350 8343.00 9450000
20130902 11040 11340 10820 11220 8111.00 9050000
20130830 11220 11370 10820 10960 9094.00 10050000
20130829 11500 11620 11220 11330 7555.00 8630000
20130828 11780 11780 11480 11500 10463.00 12120000
20130827 12100 12300 11770 11850 14199.00 16970000
20130826 11820 11930 11610 11900 14544.00 17150000
20130823 11370 12410 11350 11730 29725.00 35380000
20130822 11400 11530 11320 11460 10321.00 11780000
20130821 11460 11650 11340 11550 12117.00 13890000
20130820 11060 11630 11050 11550 20208.00 23040000
20130819 10830 11150 10630 11100 9087.00 10000000
20130816 11570 11660 10610 10920 17062.00 19330000
20130815 11380 12000 11160 11580 23748.00 27660000
20130814 11360 11500 11270 11300 10687.00 12120000
20130813 11180 11440 11110 11410 8231.00 9290000
20130812 11080 11240 11010 11170 7242.00 8040000
20130809 11300 11360 10840 11030 8944.00 9890000
20130808 11220 11260 11020 11220 6246.00 6960000
20130807 11550 11620 11110 11130 13960.00 15720000
20130806 11510 11670 11330 11580 12767.00 14710000
20130805 11850 12340 11400 11560 25535.00 30040000
20130802 11280 11690 11180 11620 25734.00 29430000
20130801 10720 11430 10700 11280 22650.00 25340000
20130731 11050 11100 10680 10800 12511.00 13630000
20130730 10630 11150 10200 11050 20741.00 22370000
20130729 10250 11180 10210 10720 15345.00 16550000
20130726 10180 10490 10180 10470 6138.00 6350000
20130725 10670 10750 10170 10260 10421.00 10880000
20130724 10750 10750 10480 10670 9924.00 10540000
20130723 10420 10730 10360 10690 10849.00 11500000
20130722 10150 10500 10010 10440 8932.00 9180000
20130719 10680 10790 10210 10280 14379.00 15110000
20130718 10650 10930 10500 10690 12244.00 13120000
20130717 11000 11070 10680 10710 18852.00 20450000
20130716 10380 11150 10380 11080 26490.00 28660000
20130715 10400 10760 10220 10490 19446.00 20490000
20130712 10150 10800 10110 10500 24775.00 25920000
20130711 10100 10650 9830 10420 35274.00 36410000
20130710 8860 9790 8850 9790 11289.00 10750000
20130709 8870 9050 8700 8900 5942.00 5300000
20130708 9500 9500 8830 8860 10689.00 9810000
20130705 9950 10040 9650 9670 8258.00 8170000
20130704 9950 10090 9660 9930 13885.00 13720000
20130703 10180 10230 9810 10230 7777.00 7810000
20130702 9950 10240 9790 10180 7959.00 7980000
20130701 9470 10180 9400 9990 6516.00 6350000
20130628 9550 9800 9370 9470 6511.00 6240000
20130627 10110 10350 9510 9600 9156.00 9210000
20130626 9910 10160 9750 10110 7713.00 7700000
20130625 10060 10190 9270 9920 8390.00 8160000
20130624 10700 10840 10030 10030 4942.00 5100000
20130621 10680 10820 10300 10750 6210.00 6580000
20130620 11020 11290 10850 10850 6655.00 7380000
20130619 11060 11150 10850 11090 5173.00 5690000
20130618 11250 11260 10930 11160 6451.00 7140000
20130617 11310 11500 11170 11180 5358.00 6090000
20130614 11050 11350 11050 11240 5723.00 6410000
20130613 11490 11490 10720 11000 4399.00 4850000
20130607 11500 11640 11310 11530 4559.00 5240000
20130606 11960 12070 11270 11480 5979.00 6940000
20130605 11820 12010 11800 12000 6900.00 8210000
20130604 12090 12300 11780 11870 8130.00 9760000
20130603 12630 12630 12140 12260 11259.00 13880000
20130531 12720 12880 12600 12630 9661.00 12330000
20130530 12760 12810 12600 12700 8200.00 10420000
20130529 12730 12860 12570 12790 8824.00 11210000
20130528 12950 12950 12480 12580 13001.00 16430000
20130527 12950 13200 12650 13000 16421.00 21120000
20130524 12360 13100 12360 12930 27713.00 35660000
20130523 12230 12630 12100 12410 12443.00 15460000
20130522 12590 12680 12200 12320 14000.00 17360000
20130521 12480 12600 12220 12580 14670.00 18260000
20130520 16140 16400 15730 16330 12411.00 19970000
20130517 15680 16150 15580 15990 10437.00 16610000
20130516 15550 15860 15500 15650 9196.00 14440000
20130515 15280 15690 15150 15670 8008.00 12360000
20130514 15590 15590 15030 15180 8024.00 12200000
20130513 15300 15690 15300 15680 8561.00 13270000
20130510 15240 15600 15240 15390 13582.00 20880000
20130509 15670 15900 15550 15740 5653.00 8880000
20130508 15690 15940 15540 15830 6328.00 9970000
20130507 15730 15740 15510 15680 4510.00 7040000
20130506 15370 15740 15350 15690 6342.00 9890000
20130503 15190 15550 15190 15370 8716.00 13430000
20130502 15250 15580 15030 15240 5208.00 7940000
20130426 16300 16300 15160 15200 13374.00 20760000
20130425 14920 15230 14820 14930 6508.00 9820000
20130424 14630 15090 14600 14980 4444.00 6590000
20130423 15220 15310 14610 14660 4476.00 6670000
20130422 15190 15300 15030 15280 5212.00 7920000
20130419 14970 15260 14910 15200 7645.00 11590000
20130418 14990 15170 14850 14960 3879.00 5820000
20130417 14900 15070 14850 14990 2857.00 4280000
20130416 14530 14930 14520 14930 2627.00 3870000
20130415 14700 14820 14600 14700 2810.00 4130000
20130412 14850 15030 14620 14660 2474.00 3660000
20130411 15200 15210 14860 14890 2229.00 3340000
20130410 15150 15210 14870 14970 2964.00 4450000
20130409 14940 15350 14940 15190 3346.00 5070000
20130408 14840 14940 14400 14940 3467.00 5070000
20130403 15030 15160 14620 14850 4503.00 6700000
20130402 15500 15680 14850 14910 6777.00 10310000
20130401 15460 15620 15330 15400 4047.00 6260000
20130329 15520 15790 15380 15400 5589.00 8690000
20130328 16700 16700 15690 15750 13851.00 22270000
20130327 17040 17500 16900 17100 8579.00 14750000
20130326 17010 17160 16650 17120 7056.00 11960000
20130325 16960 17220 16750 17100 4004.00 6790000
20130322 17050 17290 16850 16950 5014.00 8540000
20130321 16800 17190 16740 16910 5291.00 8940000
20130320 16230 16950 16230 16920 6575.00 10960000
20130319 16190 16390 15910 16390 3246.00 5240000
20130318 16280 16390 16060 16150 4048.00 6560000
20130315 16380 16650 16090 16270 6193.00 10140000
20130314 16580 16790 16270 16270 5905.00 9740000
20130313 16790 16970 16470 16530 7212.00 12000000
20130312 17790 17840 16730 16920 11635.00 20010000
20130311 17730 17950 17330 17800 13356.00 23530000
20130308 16840 18470 16840 17730 28268.00 50390000
20130307 17190 17500 16760 16870 9199.00 15780000
20130306 16850 17420 16850 17200 10237.00 17630000
20130305 16410 16870 16400 16870 5543.00 9240000
20130304 17070 17130 16350 16400 8742.00 14600000
20130301 17000 17250 16850 17200 10638.00 18140000
20130228 16470 17070 16470 17050 12168.00 20510000
20130227 16500 16670 16280 16450 6244.00 10280000
20130226 16390 16640 16230 16260 5502.00 9040000
20130225 16410 16630 16400 16570 3526.00 5820000
20130222 16510 16670 16360 16400 4639.00 7660000
20130221 16880 16940 16320 16580 8422.00 14040000
20130220 16620 17150 16600 17010 8668.00 14660000
20130219 17580 17580 16600 16650 12221.00 20770000
20130218 16700 16980 16600 16950 11102.00 18670000
20130208 16490 16780 16490 16650 10427.00 17370000
20130207 16330 16640 16310 16570 5780.00 9540000
20130206 16370 16570 16370 16470 4281.00 7050000
20130205 16230 16490 16160 16360 5477.00 8920000
20130204 16460 16900 16380 16400 8269.00 13720000
20130201 16370 16690 16280 16520 6343.00 10490000
20130131 16960 16990 16370 16470 9753.00 16120000
20130130 17080 17180 16740 16920 13111.00 22180000
20130129 16600 17400 16510 17270 23245.00 39610000
20130128 16250 16620 16220 16610 6694.00 11030000
20130125 16420 16550 16120 16180 7134.00 11630000
20130124 17180 17380 16210 16310 19916.00 33590000
20130123 16400 17880 16060 17400 25409.00 42980000
20130122 17160 17460 16520 16520 14166.00 24160000
20130121 17300 17500 17090 17150 10732.00 18450000
20130118 17340 17600 16760 17370 21154.00 36240000
20130117 16970 17960 16960 17590 32452.00 56970000
20130116 17450 17730 16900 16970 16285.00 28010000
20130115 17400 17490 17090 17440 21361.00 37000000
20130114 16900 17470 16530 17310 21867.00 37570000
20130111 16390 17500 16320 16650 24656.00 41700000
20130110 16650 16720 16100 16390 12539.00 20610000
20130109 16350 16900 16280 16570 14648.00 24260000
20130108 16400 16950 16240 16420 12057.00 19930000
20130107 16060 16400 15920 16400 9272.00 15040000
20130104 16250 16490 15900 16040 8129.00 13150000
20121231 16180 16430 16000 16140 9734.00 15740000
20121228 16180 16540 16000 16190 13959.00 22730000
20121227 16800 17170 16120 16150 20216.00 33530000
20121226 16110 17200 16110 16880 23161.00 38680000
20121225 15800 16390 15700 16210 19929.00 32270000
20121224 15890 15980 15600 15850 15355.00 24250000
20121221 15700 16550 15280 15980 24501.00 38980000
20121220 15130 15750 15000 15550 14600.00 22550000
20121219 15280 15490 15060 15240 11514.00 17550000
20121218 14980 15370 14800 15300 16956.00 25640000
20121217 14580 16090 14500 15220 30342.00 46940000
20121214 13900 14820 13800 14630 19440.00 28120000
20121213 14300 14450 13900 13900 8174.00 11600000
20121212 14100 14500 13900 14440 14773.00 20950000
20121211 14400 15200 14210 14280 19709.00 28930000
20121210 14110 14680 14060 14500 16334.00 23490000
20121207 13990 14230 13650 14140 11989.00 16810000
20121206 13790 14290 13630 13920 10651.00 14810000
20121205 13150 13900 13050 13790 12699.00 17330000
20121204 13000 13460 12580 13210 12261.00 15880000
20121203 14530 14620 13290 13290 15263.00 21350000
20121130 14500 14820 14300 14670 8470.00 12380000
20121129 14950 15190 14420 14680 9720.00 14460000
20121128 14800 15040 14360 14780 9798.00 14400000
20121127 14940 15590 14310 15100 20296.00 30310000
20121126 15690 15800 14850 14950 15070.00 22970000
20121123 15760 16950 15760 16040 26325.00 43150000
20121122 15900 16100 15110 16000 18079.00 28300000
20121121 15320 15790 15100 15750 14978.00 23320000
20121120 15100 15880 14900 15290 18280.00 28280000
20121119 14650 15380 14510 15150 15611.00 23400000
20121116 15000 15000 14300 14590 15147.00 22230000
20121115 16300 16320 15090 15120 20225.00 31670000
20121114 16080 16510 15950 16420 14672.00 23840000
20121113 16810 16960 16000 16190 24642.00 40450000
20121112 16430 17200 16230 17030 22814.00 38290000
20121109 16550 17280 16410 16430 22994.00 38560000
20121108 17300 18450 16700 16920 49520.00 86070000
20121107 16810 18170 16300 17850 57662.00 99690000
20121106 17700 17700 16700 16950 45300.00 77070000
20121105 16120 17740 16050 17740 60188.00 102680000
20121102 16520 17180 15900 16130 55658.00 90890000
20121101 14270 15700 14270 15700 15260.00 23300000
20121031 14180 14380 13970 14270 10263.00 14560000
20121030 14300 14530 14120 14270 12570.00 17990000
20121029 14040 15000 14040 14560 22728.00 32570000
20121026 16170 16980 15300 15410 47257.00 77050000
20121025 14530 15880 14520 15880 19111.00 29850000
20121024 14600 14860 14340 14440 4409.00 6440000
20121023 14890 14930 14650 14700 3166.00 4670000
20121022 14640 14920 14600 14810 2846.00 4200000
20121019 14780 14920 14630 14780 6380.00 9430000
20121018 14650 15160 14510 14900 9256.00 13770000
20121017 14220 14770 14120 14710 6805.00 9860000
20121016 14200 14480 14140 14210 3845.00 5500000
20121015 14450 14700 14030 14210 4276.00 6090000
20121012 14650 14770 14430 14630 4096.00 5980000
20121011 14820 14930 14520 14580 7415.00 10910000
20121010 14870 15090 14690 14990 6614.00 9860000
20121009 14460 14960 14460 14870 7564.00 11180000
20121008 14250 14530 14240 14470 3254.00 4690000
20120928 14000 14370 13880 14330 4309.00 6140000
20120927 13880 14320 13830 14090 6292.00 8850000
20120926 14450 14660 13700 13800 6917.00 9700000
20120925 14630 14770 14450 14500 5464.00 7980000
20120924 14320 14830 14320 14650 3469.00 5090000
20120921 14890 15030 14570 14580 5837.00 8600000
20120920 15770 15810 14890 14920 11104.00 16860000
20120919 15750 15850 15600 15820 6496.00 10220000
20120918 16160 16280 15380 15740 13648.00 21470000
20120917 16960 17310 16300 16380 21438.00 36370000
20120914 16850 16890 16310 16780 9576.00 15940000
20120913 16900 17080 16510 16550 10041.00 16890000
20120912 16950 17120 16510 16810 12354.00 20700000
20120911 17030 17150 16760 16890 11280.00 19070000
20120910 17060 17420 16630 17200 24354.00 41420000
20120907 16610 17650 16490 17070 36166.00 61270000
20120906 16270 16730 16000 16480 19137.00 31350000
20120905 15750 16490 15360 16250 20067.00 32290000
20120904 15780 16300 15700 15850 16676.00 26640000
20120903 15360 15840 15200 15760 9304.00 14550000
20120831 15200 15540 15200 15470 8827.00 13590000
20120830 16000 16100 15220 15330 19751.00 30850000
20120829 15670 16670 15580 16260 24705.00 40340000
20120828 15310 15890 15180 15870 11019.00 17190000
20120827 15970 15970 15390 15400 8122.00 12660000
20120824 16380 16490 15840 16000 11564.00 18680000
20120823 16200 16640 16160 16400 21817.00 35760000
20120822 15500 16940 15480 16600 40105.00 66130000
20120821 15150 15720 14870 15560 13751.00 21280000
20120820 15260 15290 14800 15130 4829.00 7280000
20120817 15160 15360 15000 15290 5290.00 8040000
20120816 15000 15200 14800 15080 4504.00 6780000
20120815 15320 15420 15010 15110 6835.00 10370000
20120814 15530 15670 14800 15480 10050.00 15300000
20120813 16130 16130 15550 15570 10928.00 17200000
20120810 16320 16400 16000 16140 15215.00 24600000
20120809 15590 16980 15550 16390 30370.00 49700000
20120808 15800 15930 15480 15530 10446.00 16390000
20120807 15530 16160 15510 15890 16554.00 26190000
20120806 14850 16500 14850 15760 23569.00 37390000
20120803 14680 15140 14480 15000 11106.00 16540000
20120802 14810 14940 14320 14560 7400.00 10800000
20120801 14600 15270 14600 14890 10458.00 15590000
20120731 14200 15030 14120 14730 10530.00 15370000
20120730 14960 15290 14300 14400 8282.00 12070000
20120727 15010 15380 14920 14950 7875.00 11920000
20120726 15670 15880 14300 15010 13048.00 20040000
20120725 16200 16350 15700 15760 11846.00 18930000
20120724 15500 16500 15310 16400 23594.00 37940000
20120723 16400 16580 15610 15760 23329.00 37400000
20120720 16500 17590 16310 16960 40970.00 69980000
20120719 14380 15990 14380 15990 9359.00 14520000
20120718 14410 14590 14150 14540 6358.00 9100000
20120717 14270 14460 14050 14410 5820.00 8290000
20120716 15980 15980 14420 14420 13147.00 19430000
20120713 16280 16300 15920 16020 6151.00 9920000
20120712 16750 16750 16000 16230 7424.00 12030000
20120711 15900 16460 15810 16200 6092.00 9760000
20120710 16240 16330 15900 15900 5675.00 9110000
20120709 16980 16980 16330 16330 7524.00 12540000
20120706 17130 17220 16550 17130 10294.00 17460000
20120705 18010 18010 16800 17000 11740.00 20240000
20120704 18000 18150 17800 17910 8566.00 15360000
20120703 17920 18170 17810 17850 12315.00 22150000
20120702 17630 17970 17570 17960 10982.00 19560000
20120629 17500 17720 17010 17600 11824.00 20490000
20120628 17850 18640 17740 17790 14807.00 26930000
20120627 17850 18360 17530 17870 13462.00 24220000
20120626 17530 18080 17200 17800 12556.00 22230000
20120625 18450 18620 17560 17670 15715.00 28340000
20120621 18600 18900 18400 18660 18590.00 34660000
20120620 19500 19500 18760 18870 32633.00 61810000
20120619 19940 20400 19600 20010 22290.00 44780000
20120618 19680 20000 19370 19930 14563.00 28840000
20120615 19900 19980 19150 19520 18983.00 37100000
20120614 19850 20490 19660 20000 22473.00 45140000
20120613 19510 19920 19510 19810 12993.00 25620000
20120612 19880 19900 19450 19450 15759.00 30970000
20120611 19040 20180 18760 20130 21475.00 42060000
20120608 19780 19810 18910 18970 18933.00 36370000
20120607 20340 20640 19410 19610 27466.00 55410000
20120606 19380 21300 19380 20460 48190.00 98650000
20120605 19800 19800 19290 19380 15597.00 30320000
20120604 20910 21170 19500 19660 28729.00 58270000
20120601 21210 21850 21030 21430 22732.00 48750000
20120531 21990 22080 21360 21360 26109.00 56770000
20120530 21730 22390 21200 22180 38289.00 83910000
20120529 21470 21940 21180 21740 27637.00 59930000
20120528 21560 21860 20330 21560 30938.00 65690000
20120525 21840 22180 21400 21670 31460.00 68380000
20120524 21860 22150 21360 22000 38740.00 84390000
20120523 21850 22350 21600 22240 55251.00 121710000
20120522 22460 22460 21550 22020 46234.00 101020000
20120521 24050 24500 22300 22890 55271.00 127140000
20120518 25500 26010 24500 24750 76700.00 193540000
20120517 22670 24330 22180 24330 49466.00 115550000
20120516 20500 22120 20390 22120 89461.00 191320000
20120515 18200 20110 18200 20110 28203.00 55620000
20120514 18800 18820 18200 18280 7554.00 13930000
20120511 18820 19000 18560 18600 6708.00 12560000
20120510 18490 19050 18490 18900 9515.00 17960000
20120509 19090 19140 18500 18590 11492.00 21490000
20120508 19230 19360 19100 19240 14349.00 27570000
20120507 19100 19390 19000 19260 12251.00 23520000
20120504 18850 19320 18700 19290 15619.00 29760000
20120503 18600 18870 18510 18850 10836.00 20310000
20120502 19030 19060 18500 18600 15125.00 28290000
20120427 18600 19060 18250 18760 18538.00 34680000
20120426 18410 18650 18310 18530 10612.00 19600000
20120425 18390 18710 18040 18460 17147.00 31510000
20120424 19020 19280 17800 18480 27041.00 50130000
20120423 21520 21520 19620 19620 37134.00 74890000
20120420 21770 21930 21610 21800 18446.00 40200000
20120419 21640 21980 21480 21700 18930.00 41180000
20120418 21480 21840 21000 21650 22086.00 47380000
20120417 21690 21790 21380 21450 20975.00 45200000
20120416 22500 22670 21430 21960 37231.00 81920000
20120413 22790 23150 22560 23150 27469.00 62620000
20120412 22680 22970 22240 22750 31505.00 71360000
20120411 21650 24000 21530 22780 36613.00 82860000
20120410 21490 22090 20950 22090 23500.00 50410000
20120409 21890 22060 21380 21500 17910.00 38740000
20120406 21800 22300 21610 22190 26204.00 57690000
20120405 21670 22800 21670 22590 38316.00 84410000
20120330 24880 25310 23600 24080 13747.00 33550000
20120329 25010 25650 24620 25170 13494.00 34010000
20120328 25830 26040 24680 24790 12452.00 31230000
20120327 26210 26430 25900 26070 7390.00 19350000
20120326 26100 26300 25730 25950 6790.00 17640000
20120323 26890 26970 25870 26160 7390.00 19490000
20120322 26740 27300 25970 27010 8374.00 22470000
20120321 27990 28100 25710 26740 18925.00 50720000
20120320 28900 29040 27670 27790 13732.00 38760000
20120319 28150 29150 27960 29000 10966.00 31370000
20120316 27810 28500 27500 28350 12671.00 35670000
20120315 28100 28540 27580 27800 15831.00 44390000
20120314 30330 30590 27720 27930 24616.00 71950000
20120313 29980 30650 29210 30190 14382.00 43000000
20120312 29630 30330 29120 29650 17060.00 50610000
20120309 29400 29830 28960 29800 12748.00 37440000
20120308 29180 29490 28940 29220 11225.00 32770000
20120307 28410 29990 28310 29100 17196.00 50400000
20120306 29480 29480 28410 28860 13740.00 39780000
20120305 29490 30290 28800 29570 18592.00 54790000
20120302 28670 29660 28550 29380 17598.00 51140000
20120301 27450 29180 27360 28700 20852.00 59270000
20120229 28980 29190 27650 27650 19710.00 55810000
20120228 28180 29660 28180 29200 28029.00 81050000
20120227 27600 29000 27380 28310 25820.00 72630000
20120224 27460 28490 27310 27700 23817.00 66260000
20120222 26880 27420 26610 27270 27762.00 75200000
20120221 26060 27280 26060 27040 35804.00 96010000
20120220 26300 26390 25680 25740 18806.00 48930000
20120217 26160 26330 25680 26050 12993.00 33680000
20120216 26400 26800 25710 26120 21572.00 56560000
20120215 26450 26960 26280 26650 19248.00 51190000
20120214 26380 26700 26100 26450 16260.00 42820000
20120213 25380 27090 25120 26570 29298.00 77610000
20120210 25030 26120 24850 25530 27050.00 69250000
20120209 24910 25370 24800 25000 20703.00 51890000
20120208 24100 25090 23960 25050 21868.00 53680000
20120207 24900 24900 23930 24210 26176.00 63670000
20120206 25060 25380 24620 25120 25812.00 64610000
20120203 24700 25490 24560 25010 31849.00 79660000
20120202 24450 24790 24070 24770 21570.00 52720000
20120201 23970 25250 23850 24570 29819.00 73470000
20120131 24060 24340 23510 24170 22633.00 54200000
20120130 23300 25140 23170 24250 39892.00 97040000
20120120 22520 24640 22520 23400 32013.00 75940000
20120119 21380 22760 21110 22400 30643.00 67650000
20120118 24020 24170 21780 21780 44915.00 102620000
20120117 22880 24580 22880 24200 38618.00 91940000
20120116 23360 23730 22880 23050 31370.00 72880000
20120113 25020 25770 24010 24200 47795.00 118840000
20120112 26550 26560 24840 25010 68685.00 176070000
20120111 28070 29160 27060 27140 88792.00 247920000
20120110 26110 28600 25830 28110 128022.00 343040000
