20180302 19000 19490 18800 19020 22982 43865281 3.62 0.77 -0.26 13351 9631 1.39 1.69
20180301 18590 19270 18530 19070 30147 57211269 3.95 1.11 1.71 12810 17337 0.74 2.22
20180228 18750 18970 18510 18750 27115 50874959 2.43 1.15 -0.85 16996 10120 1.68 2.00
20180227 18550 19350 18460 18910 44732 84169006 4.80 2.47 2.00 21827 22905 0.95 3.29
20180226 18180 18600 18020 18540 34167 62648518 3.20 2.16 2.43 16769 17398 0.96 2.51
20180223 18150 18320 17910 18100 13955 25185697 2.25 0.89 -0.77 8462 5493 1.54 1.03
20180222 18180 18450 18020 18240 15652 28468866 2.37 1.01 0.33 9771 5882 1.66 1.15
20180213 17860 18370 17680 18050 17334 31345712 3.86 0.90 1.06 9694 7640 1.27 1.28
20180212 17600 17980 17310 17860 22746 40201375 3.87 1.32 3.24 10948 11798 0.93 1.67
20180209 17400 17400 16360 17300 13464 23021644 5.90 0.68 -1.93 7456 6008 1.24 0.99
20180208 17060 17770 17060 17640 14355 25151603 4.09 0.59 1.61 7990 6365 1.26 1.06
20180207 17280 17950 16500 17360 24327 41654569 8.40 1.12 0.58 12170 12157 1.00 1.79
20180206 19000 19180 17260 17260 21425 39150352 10.01 1.06 -10.01 13189 8236 1.60 1.58
20180205 18870 19270 18680 19180 12718 24136734 3.08 0.57 0.00 6737 5981 1.13 0.94
20180202 19040 19650 18580 19180 26279 50051772 5.46 1.15 -2.14 13571 12708 1.07 1.93
20180201 21480 21900 19600 19600 36035 73040974 10.56 1.86 -10.01 17228 18808 0.92 2.65
20180131 22000 22160 21600 21780 12142 26498724 2.54 0.58 -1.36 6914 5228 1.32 0.89
20180130 22260 22260 21910 22080 13888 30567666 1.57 0.64 -0.90 8860 5028 1.76 1.02
20180129 22660 22670 21950 22280 23558 52256578 3.19 1.13 -1.28 12680 10878 1.17 1.73
20180126 22810 22870 22320 22570 29106 65889054 2.48 1.62 1.58 13768 15337 0.90 2.14
20180125 22100 22630 22060 22220 18262 40842624 2.56 0.92 -0.13 10498 7763 1.35 1.34
20180124 21890 22290 21660 22250 19520 43053391 2.87 0.82 1.51 7894 11626 0.68 1.44
20180123 22000 22100 21630 21920 18481 40421182 2.14 0.78 0.00 7392 11089 0.67 1.36
20180122 21800 22200 21450 21920 19170 41826354 3.44 0.79 0.55 10219 8951 1.14 1.41
20180119 21780 21980 21600 21800 14390 31403480 1.74 0.56 -0.37 7331 7059 1.04 1.06
20180118 22090 22090 21570 21880 27514 59816719 2.35 1.07 -1.13 17701 9813 1.80 2.03
20180117 20950 22200 20270 22130 38830 83176627 9.21 1.85 5.63 16169 22661 0.71 2.86
20180116 21020 21350 20700 20950 18329 38424436 3.06 0.87 -1.32 11051 7278 1.52 1.35
20180115 21250 21460 20900 21230 22761 48102478 2.62 1.15 -0.79 11822 10939 1.08 1.68
20180112 21630 21680 21180 21400 21478 45812609 2.31 1.20 -1.02 12401 9077 1.37 1.58
20180111 21580 21730 21150 21620 27548 59203162 2.68 1.74 -0.05 14020 13528 1.04 2.03
20180110 21520 21760 21370 21630 14903 32191944 1.81 0.90 0.28 7596 7307 1.04 1.10
20180109 21420 21640 21000 21570 18065 38638240 2.98 1.15 0.56 9722 8344 1.17 1.33
20180108 21900 21900 21260 21450 17364 37256730 2.94 1.12 -1.38 11699 5665 2.07 1.28
20180105 21730 21850 21550 21750 11781 25565890 1.38 1.19 0.09 6679 5102 1.31 0.87
20180104 21900 21900 21480 21730 16909 36632401 1.92 0.92 -0.55 9595 7314 1.31 1.24
20180103 21710 21900 21510 21850 18732 40709730 1.81 1.02 1.25 7789 10943 0.71 1.38
20180102 21230 21680 21070 21580 14035 30126121 2.88 0.66 1.94 6137 7898 0.78 1.03
20171229 20860 21310 20850 21170 16123 34013152 2.20 0.68 1.24 8439 7684 1.10 1.19
20171228 21360 21660 20720 20910 28340 59964120 4.36 1.26 -2.97 17020 11320 1.50 2.09
20171227 21880 21880 21410 21550 14178 30555208 2.15 0.61 -1.60 9719 4459 2.18 1.04
20171226 21710 22060 21460 21900 19403 42235205 2.76 0.85 0.78 9725 9678 1.00 1.43
20171225 22250 22490 21580 21730 28310 62244397 4.00 1.33 -4.44 17760 10550 1.68 2.08
20171222 23000 23290 22600 22740 27817 63864084 3.05 1.22 0.57 14433 13384 1.08 2.05
20171221 22350 22880 21920 22610 23124 51808248 4.28 0.88 0.80 13902 9222 1.51 1.70
20171220 22900 23120 22430 22430 17779 40349088 2.99 0.68 -2.90 11855 5924 2.00 1.31
20171219 22800 23370 22610 23100 17525 40455715 3.36 0.67 2.26 9952 7573 1.31 1.29
20171218 23430 23430 22490 22590 19852 45215820 4.04 0.76 -2.84 12350 7501 1.65 1.46
20171215 23000 24300 22800 23250 35847 83906223 6.44 1.56 -0.21 18017 17830 1.01 2.64
20171214 22520 23490 22520 23300 40862 94576464 4.36 2.08 4.77 17029 23834 0.71 3.01
20171213 22020 22300 21820 22240 16404 36200014 2.17 0.74 0.54 6476 9929 0.65 1.21
20171212 22630 22750 22070 22120 17710 39730594 3.00 0.73 -2.38 11010 6700 1.64 1.30
20171211 22370 22880 22150 22660 20059 45274587 3.26 0.79 1.30 10109 9950 1.02 1.48
20171208 22330 22850 22230 22370 20182 45648069 2.78 0.82 0.13 9759 10423 0.94 1.49
20171207 22490 22810 22300 22340 23793 53819556 2.25 0.95 -1.33 12517 11276 1.11 1.75
20171206 21330 22690 21200 22640 29139 63887006 7.00 0.99 6.29 11278 17861 0.63 2.14
20171205 22230 22370 21290 21300 27962 60835416 4.85 0.89 -4.44 15554 12409 1.25 2.06
20171204 22900 22900 21700 22290 25355 56326486 5.22 0.79 -3.00 15158 10197 1.49 1.87
20171201 23160 23360 22700 22980 17409 40114168 2.86 0.46 -0.35 9900 7509 1.32 1.28
20171130 22860 23640 22730 23060 24866 57553311 3.96 0.62 0.44 12676 12190 1.04 1.83
20171129 22240 23770 22240 22960 52293 120940021 6.82 1.54 2.32 23049 29244 0.79 3.85
20171128 21320 22840 21320 22440 37674 83479375 7.17 1.13 5.90 15074 22600 0.67 2.77
20171127 21490 21990 21020 21190 28924 62258258 4.49 0.83 -1.90 17125 11799 1.45 2.13
20171124 22400 22400 21380 21600 44530 96674150 4.57 1.10 -3.14 26567 17963 1.48 3.28
20171123 23850 23970 22130 22300 37126 84981473 7.65 0.79 -7.28 23739 13387 1.77 2.73
20171122 23920 24440 23600 24050 21525 51722024 3.50 0.35 0.17 13587 7938 1.71 1.58
20171121 24370 25020 23500 24010 34777 84603370 6.23 0.50 -1.52 20640 14137 1.46 2.56
20171120 24000 24840 23000 24380 36889 88469089 7.47 0.46 -0.97 19276 17612 1.09 2.72
20171117 27350 27520 24620 24620 72333 186098601 10.60 1.03 -9.98 43375 28958 1.50 5.32
20171116 28170 28540 27240 27350 69066 192287717 4.58 1.16 -3.70 36156 32910 1.10 5.08
20171115 29360 30080 28010 28400 91391 264345200 6.98 1.95 -4.22 50325 41066 1.23 6.73
20171114 30240 30780 29350 29650 80255 240464126 4.79 2.18 -0.74 39375 40880 0.96 5.91
20171113 27200 29870 26680 29870 87195 251714510 11.75 3.35 10.02 35154 52041 0.68 6.42
20171110 27550 27890 27000 27150 23019 63052402 3.21 0.81 -2.16 14485 8534 1.70 1.69
20171109 27120 27760 26880 27750 16473 45096159 3.22 0.51 1.57 9368 7105 1.32 1.21
20171108 27800 28000 27050 27320 27446 75396605 3.42 0.86 -1.73 15906 11540 1.38 2.02
20171107 27980 28300 27590 27800 29531 82496210 2.53 1.05 -0.75 17608 11923 1.48 2.17
20171106 27600 28080 27110 28010 33663 93168982 3.51 1.40 1.27 16872 16791 1.00 2.48
20171103 27390 27760 26880 27660 35510 96742658 3.21 1.73 1.02 20233 15277 1.32 2.61
20171102 26290 27680 25710 27380 36096 96762828 7.49 2.33 4.15 15158 20937 0.72 2.66
20171101 25660 26630 25660 26290 25050 65634639 3.75 1.90 1.74 9886 15164 0.65 1.84
20171031 26290 26290 25550 25840 10261 26452023 2.86 0.64 -0.19 6245 4016 1.55 0.76
20171030 25700 25980 25030 25890 13712 35341325 3.69 0.77 0.62 5845 7867 0.74 1.01
20171027 26650 26650 25400 25730 17798 46067019 4.74 1.10 -2.35 11043 6755 1.63 1.31
20171026 26300 26780 26210 26350 10546 27965884 2.15 0.62 -0.60 5180 5366 0.97 0.78
20171025 26500 26620 26000 26510 13668 36025020 2.34 0.77 0.08 7428 6240 1.19 1.01
20171024 25410 26550 25410 26490 24964 64775440 4.42 1.19 2.75 14094 10870 1.30 1.84
20171023 25120 25780 25120 25780 22276 56966711 2.61 1.15 1.98 13820 8456 1.63 1.64
20171020 25330 25330 24860 25280 9606 24098730 1.87 0.44 0.80 5042 4564 1.10 0.71
20171019 25260 25550 24600 25080 14784 37263361 3.78 0.68 -0.20 8982 5802 1.55 1.09
20171018 25400 25710 25030 25130 16866 42728533 2.68 0.78 -1.06 8618 8248 1.04 1.24
20171017 27000 27150 25030 25400 40997 105893237 7.88 2.51 -5.58 21223 19773 1.07 3.02
20171016 27000 27320 26510 26900 14643 39412605 2.99 0.83 -0.55 8722 5921 1.47 1.08
20171013 26850 27380 26850 27050 22628 61371422 1.98 1.15 0.93 14037 8591 1.63 1.67
20171012 26980 27150 26460 26800 13762 36757503 2.56 0.64 -0.74 7403 6360 1.16 1.01
20171011 27840 27970 26930 27000 16486 45212213 3.74 0.74 -2.98 11293 5193 2.17 1.21
20171010 28000 28000 27540 27830 14075 39040679 1.64 0.59 -0.54 8016 6058 1.32 1.04
20171009 28280 28650 27390 27980 21108 58804210 4.47 0.90 -0.82 12080 9029 1.34 1.55
20170929 26830 28880 26520 28210 33311 92484725 8.80 1.53 5.14 11901 21410 0.56 2.45
20170928 26800 27300 26450 26830 22242 60005442 3.20 0.85 0.86 9963 12279 0.81 1.64
20170927 26610 27000 26380 26600 20305 54017668 2.33 0.72 -0.08 10180 10125 1.01 1.49
20170926 26580 26900 25960 26620 22396 59096562 3.54 0.72 0.23 10419 11977 0.87 1.65
20170925 26840 27370 26400 26560 19379 52105768 3.58 0.56 -1.85 10232 9147 1.12 1.43
20170922 27000 27500 26770 27060 24257 65723017 2.68 0.62 -0.59 12601 11657 1.08 1.79
20170921 28100 28260 26960 27220 43919 120090730 4.63 1.20 -3.13 23644 20274 1.17 3.23
20170920 28300 28870 27500 28100 30624 86831307 4.82 0.87 -1.06 18299 12325 1.48 2.25
20170919 27700 28880 27700 28400 36713 104076725 4.26 0.97 2.56 18645 18068 1.03 2.70
20170918 27300 27960 27210 27690 37117 102623901 2.74 1.00 1.24 16941 20176 0.84 2.73
20170915 26780 27400 25620 27350 47059 125544009 6.62 1.28 1.75 24149 22910 1.05 3.46
20170914 26400 27100 26300 26880 31269 84168814 3.01 0.87 0.98 14453 16816 0.86 2.30
20170913 26630 27090 26200 26620 23207 61502377 3.32 0.59 -0.75 12202 11004 1.11 1.71
20170912 25810 27080 25660 26820 51351 135807025 5.53 1.32 4.36 20343 31008 0.66 3.78
20170911 25150 25700 24900 25700 31944 81046763 3.19 0.68 2.47 14360 17584 0.82 2.35
20170908 24250 25200 24180 25080 46157 114587918 4.21 0.83 3.42 20608 25549 0.81 3.40
20170907 24280 24650 24200 24250 27189 66457806 1.86 0.47 0.29 14428 12761 1.13 2.00
20170906 24180 24790 23880 24180 38576 93901959 3.76 0.74 -0.08 20064 18513 1.08 2.84
20170905 24120 24300 23410 24200 51334 122746850 3.73 1.08 1.30 20793 30540 0.68 3.78
20170904 23590 24370 23530 23890 72129 173365965 3.59 2.01 2.01 37014 35116 1.05 5.31
20170901 22000 24170 22000 23420 89870 211905993 9.88 4.54 6.60 43109 46761 0.92 6.61
20170831 21240 22200 21240 21970 35559 77544431 4.52 2.43 3.44 14110 21449 0.66 2.62
20170830 21230 21420 21090 21240 11848 25164083 1.55 0.80 -0.38 6262 5585 1.12 0.87
20170829 20890 21380 20890 21320 28172 59737362 2.35 2.32 2.11 13449 14723 0.91 2.07
20170828 20940 20950 20700 20880 14237 29660797 1.21 0.93 0.92 8619 5619 1.53 1.05
20170825 20500 20720 20360 20690 9102 18778727 1.77 0.56 1.52 3644 5458 0.67 0.67
20170824 20350 20580 20250 20380 9820 20066318 1.62 0.54 -0.20 4200 5620 0.75 0.72
20170823 20450 20740 20400 20420 12899 26512400 1.66 0.66 -0.49 6249 6651 0.94 0.95
20170822 20710 20720 20370 20520 14539 29806404 1.68 0.74 -1.72 7601 6938 1.10 1.07
20170821 20990 21600 20800 20880 30322 64054659 3.83 1.73 0.00 16071 14251 1.13 2.23
20170818 20980 20980 20630 20880 14344 29817715 1.67 0.78 -0.33 8663 5681 1.52 1.06
20170817 20530 20980 20310 20950 18522 38434517 3.26 1.05 2.00 8213 10309 0.80 1.36
20170816 20370 20690 20360 20540 20125 41277886 1.62 1.20 0.83 11595 8530 1.36 1.48
20170815 20370 20380 20080 20370 15265 30854413 1.48 0.86 0.25 8818 6448 1.37 1.12
20170814 19620 20430 19620 20320 19391 39213905 4.12 1.17 3.25 8312 11079 0.75 1.43
20170811 19490 19960 19480 19680 18750 37175832 2.45 1.23 0.36 9638 9111 1.06 1.38
20170810 19590 19700 19450 19610 14520 28378726 1.27 0.91 -0.05 8229 6291 1.31 1.07
20170809 19610 19720 19510 19620 15695 30783833 1.07 0.96 0.00 9396 6298 1.49 1.16
20170808 19440 19640 19200 19620 20394 39712326 2.26 1.31 0.93 9208 11186 0.82 1.50
20170807 19180 19530 19150 19440 13495 26084421 1.95 0.84 0.00 7859 5636 1.39 0.99
20170804 19430 19640 19350 19440 12095 23498441 1.48 0.67 -0.72 7658 4437 1.73 0.89
20170803 19210 19690 19210 19580 18350 35831140 2.47 0.88 0.72 8834 9516 0.93 1.35
20170802 19700 19760 19250 19440 17400 33857067 2.60 0.85 -0.92 11317 6084 1.86 1.28
20170801 19460 19670 19370 19620 16293 31797543 1.54 0.71 0.82 8404 7889 1.07 1.20
20170731 19290 19620 19210 19460 16580 32257167 2.11 0.68 0.10 9361 7219 1.30 1.22
20170728 19210 19550 19200 19440 21319 41262169 1.81 0.97 0.47 11712 9607 1.22 1.57
20170727 18810 19450 18700 19350 32701 62693740 3.99 1.72 2.93 15714 16988 0.92 2.41
20170726 18960 18960 18580 18800 15954 29831565 2.00 0.81 -1.16 8313 7641 1.09 1.17
20170725 19590 19600 18640 19020 27705 52588584 4.95 1.64 -2.01 16483 11222 1.47 2.04
20170724 19640 19880 19190 19410 24151 46772979 3.48 1.44 -1.97 12921 11230 1.15 1.78
20170721 19500 20120 19500 19800 9253 18356273 3.11 0.51 -0.65 5204 4049 1.29 0.68
20170720 19910 20330 19840 19930 18017 36194589 2.44 1.03 -0.75 10512 7505 1.40 1.33
20170719 20080 20140 19500 20080 18985 37639344 3.19 0.98 0.00 8655 10330 0.84 1.40
20170718 19810 20270 19590 20080 14173 28200932 3.39 0.50 0.15 6345 7828 0.81 1.04
20170717 21000 21030 19200 20050 23267 46584493 8.65 0.87 -5.25 11563 11704 0.99 1.71
20170714 21260 21260 20820 21160 15870 33373777 2.07 0.56 -0.61 7820 8050 0.97 1.17
20170713 21400 21420 21120 21290 15085 32007407 1.39 0.53 -1.21 8815 6270 1.41 1.11
20170712 21510 21680 21080 21550 28722 61310449 2.74 1.13 -1.60 17511 11211 1.56 2.11
20170711 22600 22800 21780 21900 59484 132031949 4.75 3.83 1.96 28673 30810 0.93 4.38
20170710 21700 21760 21370 21480 14092 30329826 1.79 0.95 -1.15 8507 5585 1.52 1.04
20170707 21770 21820 21500 21730 24293 52555059 1.47 2.06 -0.23 15142 9152 1.65 1.79
20170706 21880 21940 21600 21780 16283 35393033 1.55 1.70 -0.50 9656 6626 1.46 1.20
20170705 21920 21920 21670 21890 12568 27369670 1.14 1.33 -0.14 7448 5121 1.45 0.93
20170704 21950 22020 21800 21920 10510 23022777 1.01 1.12 0.14 6674 3836 1.74 0.77
20170703 21690 21950 21600 21890 10593 23082779 1.61 1.05 0.92 4035 6558 0.62 0.78
20170630 21660 21920 21530 21690 9030 19593432 1.79 0.83 -0.41 5470 3560 1.54 0.66
20170629 21700 22100 21520 21780 5133 11172701 2.66 0.41 -0.05 2459 2674 0.92 0.38
20170628 21620 21990 21480 21790 11857 25708487 2.34 1.02 0.00 5208 6649 0.78 0.87
20170627 21650 21800 21370 21790 10341 22319676 1.99 0.82 0.65 6661 3680 1.81 0.76
20170626 21700 21700 21300 21650 13919 30000525 1.85 1.10 0.23 5167 8753 0.59 1.02
20170623 21740 21740 21120 21600 13084 28061859 2.87 0.95 0.09 5532 7551 0.73 0.96
20170622 21960 22030 21380 21580 13355 29045390 2.96 1.01 -1.73 8740 4615 1.89 0.98
20170621 22100 22130 21710 21960 7480 16361861 1.91 0.50 0.00 3747 3733 1.00 0.55
20170620 22040 22320 21960 21960 15162 33492168 1.63 1.12 -0.72 6408 8754 0.73 1.12
20170619 22050 22290 21810 22120 14014 30968090 2.18 1.02 0.32 5407 8608 0.63 1.39
20170616 21750 22140 21450 22050 18651 40601890 3.19 1.51 2.08 6039 12612 0.48 1.85
20170615 21300 21670 21180 21600 10849 23391852 2.30 0.90 1.36 3798 7051 0.54 1.08
20170614 21480 21670 21260 21310 16404 35200009 1.92 1.34 -0.33 6426 9978 0.64 1.63
20170613 20830 21460 20820 21380 7836 16608684 3.07 0.61 2.64 3101 4735 0.65 0.78
20170612 21580 21580 20810 20830 15285 32486183 3.56 1.12 -3.70 12205 3081 3.96 1.52
20170609 21280 21630 21210 21630 11323 24249780 1.97 0.73 1.36 3737 7586 0.49 1.12
20170608 21470 21490 21100 21340 9184 19513914 1.83 0.53 0.19 5548 3636 1.53 0.91
20170607 20560 21450 20450 21300 17394 36683675 4.85 1.12 3.30 5254 12140 0.43 1.73
20170606 20230 20660 20110 20620 11268 22879826 2.72 0.77 1.88 4800 6468 0.74 1.12
20170605 20070 20300 19750 20240 18881 38058626 2.74 1.47 0.85 10266 8614 1.19 1.87
20170602 20350 20350 19780 20070 20658 41376554 2.76 1.88 -2.67 12221 8437 1.45 2.05
20170601 21200 21370 20600 20620 18143 38248375 3.59 1.64 -3.73 8901 9242 0.96 1.80
20170531 21450 21630 21310 21420 8962 19200098 1.50 0.71 0.19 3347 5615 0.60 0.89
20170526 21550 21650 21260 21380 6421 13726912 1.83 0.44 0.14 3207 3214 1.00 0.64
20170525 21100 21490 21100 21350 9980 21286664 1.83 0.57 0.38 4985 4995 1.00 0.99
20170524 21050 21320 20950 21270 11455 24266914 1.74 0.58 0.09 5958 5497 1.08 1.14
20170523 21370 21600 21100 21250 18532 39692638 2.32 0.93 -1.53 12770 5761 2.22 1.84
20170522 21630 21630 21040 21580 16761 35735054 2.73 0.90 -0.23 9146 7615 1.20 1.66
20170519 21300 21750 21300 21630 16026 34595822 2.10 0.86 0.79 9506 6521 1.46 1.59
20170518 21350 21950 21150 21460 25128 54295521 3.75 1.39 0.52 15105 10023 1.51 2.50
20170517 21080 21440 21020 21350 21940 46616621 1.99 1.28 0.99 9604 12336 0.78 2.18
20170516 20710 21180 20400 21140 19400 40220444 3.79 1.05 2.77 9123 10277 0.89 1.93
20170515 20890 20900 20510 20570 10844 22378668 1.88 0.52 -0.58 6410 4434 1.45 1.08
20170512 20680 20790 20460 20690 15452 31957569 1.60 0.75 0.44 7762 7691 1.01 1.53
20170511 20480 20600 19900 20600 22558 45885690 3.40 1.18 0.05 13823 8735 1.58 2.24
20170510 20740 20890 20510 20590 17759 36628970 1.83 0.94 -0.87 12311 5448 2.26 1.76
20170509 20060 20880 20020 20770 25503 52455254 4.30 1.55 3.85 10492 15012 0.70 2.53
20170508 19930 20370 19740 20000 22878 46118503 3.15 1.44 0.05 8686 14192 0.61 2.27
20170505 20200 20240 19820 19990 14050 28195632 2.08 0.69 -0.99 7822 6228 1.26 1.40
20170504 20010 20530 19940 20190 15592 31637576 2.93 0.53 0.25 6593 8999 0.73 1.55
20170503 20420 20540 19990 20140 16428 33196560 2.69 0.54 -1.52 9558 6870 1.39 1.63
20170502 20690 20720 20400 20450 13090 26861360 1.55 0.41 -1.26 7677 5413 1.42 1.30
20170428 20800 20950 20480 20710 20485 42391648 2.27 0.63 0.05 11948 8536 1.40 2.03
20170427 19980 20780 19810 20700 36626 74044748 4.83 1.21 2.99 16475 20151 0.82 3.64
20170426 20570 20570 19460 20100 60322 120279677 5.38 2.67 -2.66 44312 16009 2.77 5.99
20170425 20000 20650 19920 20650 21021 42590211 3.67 0.96 3.87 8352 12669 0.66 2.09
20170424 20520 20660 19700 19890 21034 42117276 4.64 0.93 -3.77 12623 8411 1.50 2.09
20170421 20740 20820 20060 20670 22794 46531250 3.67 1.09 -0.19 13427 9367 1.43 2.26
20170420 21070 21280 20200 20710 25911 53769751 5.09 1.45 -2.40 15622 10290 1.52 2.57
20170419 21600 21680 20630 21220 22400 47264913 4.82 1.33 -2.53 12909 9491 1.36 2.22
20170418 22110 22370 21580 21770 17648 38884526 3.55 1.00 -2.07 8828 8820 1.00 1.75
20170417 23250 23250 21610 22230 23852 53384112 7.06 1.29 -4.26 14407 9445 1.53 2.37
20170414 23260 23400 23060 23220 14769 34257154 1.46 0.76 0.00 9312 5456 1.71 1.47
20170413 23080 23480 23070 23220 10787 25118691 1.78 0.47 0.91 6048 4739 1.28 1.07
20170412 23530 23730 23010 23010 17012 39545012 3.03 0.70 -3.03 11753 5259 2.23 1.69
20170411 23510 23850 23060 23730 21883 51283445 3.34 0.88 0.42 11789 10094 1.17 2.17
20170410 24000 24080 23380 23630 27817 66037048 2.92 1.00 -1.54 16265 11552 1.41 2.76
20170407 23870 24010 23740 24000 19330 46156703 1.13 0.65 0.54 8478 10852 0.78 1.92
20170406 23440 24000 23350 23870 28739 68296184 2.77 0.94 1.79 15776 12964 1.22 2.85
20170405 22930 23480 22870 23450 24489 56843361 2.65 0.78 2.00 12240 12249 1.00 2.43
20170331 22950 23100 22710 22990 23306 53247753 1.70 0.75 0.17 14658 8648 1.69 2.31
20170330 23760 23800 22910 22950 43586 100801475 3.73 1.53 -3.77 26836 16750 1.60 4.33
20170329 24270 24290 23850 23850 27834 66990629 1.81 0.88 -1.85 17650 10184 1.73 2.76
20170328 23960 24350 23820 24300 33012 79757447 2.21 1.05 1.25 12708 20304 0.63 3.28
20170327 24200 24280 23980 24000 29881 71979097 1.24 0.88 -0.58 17978 11903 1.51 2.97
20170324 24050 24180 23940 24140 20759 49945252 1.00 0.51 0.46 10603 10156 1.04 2.06
20170323 23940 24090 23680 24030 31341 74950334 1.71 0.80 0.29 17337 14004 1.24 3.11
20170322 24210 24220 23610 23960 44048 105393971 2.51 1.28 -1.52 27519 16530 1.66 4.37
20170321 24470 24470 24150 24330 31174 75754418 1.31 0.91 -0.08 30993 181 171.23 3.10
20170320 24110 24430 24080 24350 42427 102978029 1.45 1.23 1.04 23945 18481 1.30 4.21
20170317 24090 24560 23970 24100 55289 134331602 2.46 2.00 0.42 26940 28349 0.95 5.49
20170316 23780 24060 23780 24000 23251 55653757 1.18 0.88 0.93 10091 13160 0.77 2.31
20170315 23840 23950 23650 23780 19655 46795817 1.26 0.71 -0.29 11151 8503 1.31 1.95
20170314 24020 24160 23830 23850 30042 71931664 1.37 1.01 -1.24 20394 9648 2.11 2.98
20170313 24250 24440 23840 24150 44805 108123978 2.51 1.51 1.22 24052 20753 1.16 4.45
20170310 24020 24020 23750 23860 20392 48697087 1.12 0.63 -0.71 12063 8328 1.45 2.03
20170309 23950 24180 23720 24030 17919 42917879 1.92 0.52 0.21 8753 9167 0.95 1.78
20170308 24290 24440 23900 23980 24638 59487884 2.22 0.72 -1.36 13515 11124 1.21 2.45
20170307 24100 24380 24010 24310 40353 97562310 1.54 1.34 0.87 20417 19936 1.02 4.01
20170306 23690 24150 23660 24100 45227 108494402 2.07 1.56 1.82 22109 23118 0.96 4.49
20170303 23700 23800 23500 23670 33710 79674941 1.26 1.08 -0.25 17394 16316 1.07 3.35
20170302 23980 24120 23510 23730 26997 64197211 2.55 0.82 -0.96 18978 8019 2.37 2.68
20170301 23930 24150 23800 23960 23738 56932434 1.46 0.71 -0.08 10818 12920 0.84 2.36
20170228 24160 24270 23860 23980 21346 51413682 1.70 0.61 -0.62 13109 8237 1.59 2.12
20170227 24290 24530 24000 24130 39319 95766459 2.18 1.25 -0.54 22289 17029 1.31 3.90
20170224 23870 24280 23830 24260 44907 108374260 1.87 1.63 0.96 21921 22986 0.95 4.46
20170223 23700 24160 23610 24030 34481 82574763 2.31 1.36 1.09 17846 16635 1.07 3.42
20170222 23780 24100 23560 23770 27458 65309726 2.27 1.10 -0.04 15225 12233 1.24 2.73
20170221 23490 23850 23320 23780 30181 71502104 2.26 1.41 1.41 15610 14570 1.07 3.00
20170220 23140 23660 23060 23450 20438 47801094 2.59 - 1.16 9058 11380 0.80 2.03
20170217 23300 23500 22990 23180 24915 57773918 2.18 1.15 -0.81 16907 8008 2.11 2.47
20170216 23610 23610 23180 23370 24240 56702277 1.82 1.11 -1.02 15603 8637 1.81 2.41
20170215 23680 24010 23520 23610 24996 59565677 2.07 1.18 -0.21 12791 12205 1.05 2.48
20170214 23860 23920 23630 23660 12146 28856225 1.21 0.55 -1.00 7816 4330 1.81 1.21
20170213 23620 23970 23500 23900 21211 50407460 1.98 0.92 0.46 11262 9949 1.13 2.11
20170210 24000 24130 23680 23790 25572 60794325 1.87 1.28 -0.87 15148 10425 1.45 2.54
20170209 23730 24000 23610 24000 25036 59656806 1.64 1.18 0.84 11287 13749 0.82 2.49
20170208 23390 23800 23100 23800 21796 51409162 3.00 1.16 1.88 9639 12158 0.79 2.16
20170207 23580 23590 23190 23360 17720 41488267 1.69 0.92 -1.14 11196 6524 1.72 1.76
20170206 23220 23680 22850 23630 25690 59879479 3.57 1.43 1.77 13249 12441 1.06 2.55
20170203 23410 23430 23100 23220 9425 21908804 1.40 0.46 -1.36 5689 3736 1.52 0.94
20170126 23160 23750 23060 23540 31553 73485214 2.98 1.83 1.68 15808 15745 1.00 3.13
20170125 23060 23300 23000 23150 9961 23045927 1.30 0.54 0.00 5637 4324 1.30 0.99
20170124 23540 23700 23050 23150 19176 44764113 2.75 1.00 -2.03 10504 8672 1.21 1.90
20170123 23650 24060 23570 23630 19632 46652145 2.07 0.74 -0.30 10638 8994 1.18 1.95
20170120 23200 23750 23030 23700 21539 50783113 3.09 0.76 1.59 10677 10862 0.98 2.14
20170119 23500 23500 22880 23330 15690 36180687 2.64 0.53 -0.72 9292 6398 1.45 1.56
20170118 23920 23920 23280 23500 16399 38464721 2.68 0.55 -1.76 11124 5275 2.11 1.63
20170117 23800 24080 23210 23920 22226 52801664 3.63 0.74 -0.33 14357 7868 1.82 2.21
20170116 23990 24130 22530 24000 56185 133451227 6.67 2.48 0.00 34249 21936 1.56 5.58
20170113 24230 24380 23850 24000 31573 75966046 2.19 1.48 -0.91 18331 13242 1.38 3.14
20170112 24630 24880 24120 24220 21509 52633382 3.09 0.98 -1.58 14694 6815 2.16 2.14
20170111 24630 24900 24590 24610 18010 44504116 1.26 0.75 -0.36 10394 7615 1.36 1.79
20170110 25010 25040 24630 24700 22174 55080776 1.64 0.92 -1.00 14417 7757 1.86 2.20
20170109 24650 25060 24630 24950 19866 49477283 1.73 0.82 0.52 10946 8921 1.23 1.97
20170106 25000 25270 24710 24820 25376 63158704 2.21 0.97 -1.90 15708 9668 1.62 2.52
20170105 25310 25460 25170 25300 24226 61327136 1.15 0.82 -0.04 12824 11402 1.12 2.41
20170104 25120 25430 24940 25310 27938 70567351 1.95 0.92 0.92 10904 17034 0.64 2.77
20170103 25040 25160 24780 25080 22730 56766811 1.53 0.71 0.72 10972 11757 0.93 2.26
20161230 25070 25200 24800 24900 21281 53156496 1.61 0.65 -0.08 12603 8678 1.45 2.11
20161229 24850 25260 24740 24920 34390 86070909 2.09 1.09 0.20 16379 18011 0.91 3.42
20161228 24760 25250 24610 24870 41133 102528165 2.59 1.43 0.81 16626 24507 0.68 4.08
20161227 24280 24880 24280 24670 31646 77971065 2.45 1.13 0.82 17159 14488 1.18 3.14
20161226 24000 24480 23600 24470 32257 77292198 3.66 1.06 1.87 16908 15348 1.10 3.20
20161223 24550 24550 23900 24020 24416.47 59010803.110
20161222 24670 24770 24100 24250 28340.64 68859813.420
20161221 24530 24970 24450 24770 26765.79 66050164.770
20161220 24200 25060 24200 24530 28165.26 69307831.720
20161219 25230 25230 24200 24420 44599.34 109435290.060
20161216 24300 25300 24300 25110 59919.57 148220772.470
20161215 23900 24280 23780 24020 33644.13 80835967.050
20161214 23350 24050 23200 24000 48095.64 114453073.220
20161213 23750 23840 22860 23380 41780.82 97894113.270
20161212 25700 26440 23820 23840 86273.90 212981051.380
20161209 24800 25900 24780 25260 52917.18 133998958.570
20161208 25520 25540 24000 24820 51754.18 129920249.240
20161207 25220 25590 24900 25510 31684.09 80177235.980
20161206 26300 26300 25050 25200 61417.71 156655886.200
20161124 27000 27220 26490 26590 39806.62 106904460.680
20161123 27980 28060 26900 27000 57125.29 156747168.440
20161122 27040 27830 27040 27830 72331.53 198592912.440
20161121 26880 27250 26700 27040 41025.54 110686589.800
20161118 27080 27360 26630 26900 53261.21 143216258.480
20161117 27700 27700 27050 27190 60500.34 164919546.360
20161116 27280 28120 26920 27690 121642.69 335378760.870
20161115 26980 27040 26390 27000 60114.42 160636284.070
20161114 26590 27150 26360 26940 82614.17 221663150.310
20161111 25700 26470 25700 26350 67692.68 177788258.900
20161110 25450 25870 25330 25700 43508.81 111434833.910
20161109 25580 25700 24820 25120 42242.47 106445675.860
20161108 25520 25740 25340 25570 28498.22 72764420.560
20161107 25970 26130 25330 25360 45420.00 116135110.520
20161104 26010 26380 25860 26000 43271.91 113048174.120
20161103 25770 26500 25710 25900 59149.73 154500253.130
20161102 25780 26380 25660 25770 40841.41 106304361.430
20161101 25420 26150 25250 25990 40596.39 104885510.110
20161031 24960 25680 24800 25420 27969.04 70790508.520
20161028 26290 26310 25260 25280 43743.85 112506264.540
20161027 25870 26400 25500 26240 47889.89 124471504.970
20161026 26920 26980 25700 25700 78574.64 206079706.100
20161025 26840 27090 26390 27020 72895.09 195138130.790
20161024 27100 27120 26510 26710 89344.50 239200792.730
20161021 26050 27270 26050 27170 173172.73 464401855.240
20161020 25200 27320 25130 26290 175957.98 463341224.700
20161019 25150 25450 24950 25210 67454.17 169692572.700
20161018 24760 25280 24700 25100 69430.37 173775282.420
20161017 25530 25650 24710 24760 83358.49 208881543.470
20161014 26380 26500 25630 25780 99809.41 259301483.870
20161013 26680 27320 25580 26970 210977.41 557895879.430
20161012 26170 26170 25280 26170 43874.80 114230777.900
20160617 23780 24200 23390 23790 52089.70 124283710.850
20160616 23000 23950 22810 23890 59060.01 138425730.580
20160615 21700 23300 21700 23010 58161.49 132820960.380
20160614 22070 22500 21810 22070 46515.54 102864969.710
20160613 24190 24440 22640 22640 76700.63 182458690.680
20160608 24800 25640 24610 25150 79072.27 199765717.450
20160607 24730 24950 24110 24950 62893.39 154139967.000
20160606 24740 25230 24420 24730 46990.10 116441468.040
20160603 24960 25280 24400 24850 72430.66 179491819.620
20160602 24950 26000 24770 25030 105695.29 267881951.730
20160601 24010 25400 24000 24880 87335.04 216339086.550
20160531 22990 24380 22980 24260 84289.84 200502715.490
20160530 23100 23960 22620 23150 82454.42 193158637.500
20160527 22950 23150 22380 23060 92226.00 209376468.590
20160526 21700 23170 21650 22880 113655.81 255610401.660
20160525 21670 21950 21410 21690 23672.27 51408142.460
20160524 22140 22140 21300 21460 30938.60 66835024.250
20160523 22050 22320 21750 22150 33586.22 74140031.100
20160520 21500 21980 21110 21970 25358.09 55079029.720
20160519 21240 22080 21240 21640 33594.96 73155792.910
20160518 21720 21970 20830 21230 33071.65 71331333.350
20160517 21750 22390 21580 22100 39518.42 87029803.480
20160516 20950 21780 20950 21700 24866.13 53307809.510
20160513 21380 21840 21030 21260 33287.00 71270000
20160512 20660 21300 20260 21120 27785.00 57670000
20160511 21640 21880 21020 21230 31385.00 67190000
20160510 21800 22180 21300 21430 34812.00 75260000
20160509 23750 23800 21900 21900 80324.00 181120000
20160506 24320 25060 23940 24330 121529.00 298300000
20160505 24330 24380 23870 24230 54979.00 132620000
20160504 23930 24640 23810 24320 76754.00 185920000
20160503 23210 24150 23050 24080 71975.00 171070000
20160429 23470 23620 23120 23130 41952.00 97930000
20160428 24040 24040 22920 23600 55760.00 130350000
20160427 23810 24300 23800 24030 57507.00 138090000
20160426 23700 24050 23430 23950 58329.00 138620000
20160425 24900 25050 23510 23800 99741.00 240360000
20160422 24200 25780 23610 25350 142779.00 352890000
20160421 24600 25400 23180 24400 141589.00 346210000
20160420 26700 26900 23810 24440 98225.00 248540000
20160419 26360 26670 25680 26400 86174.00 224970000
20160418 25400 27400 24970 26690 121260.00 315830000
20160415 25010 26200 24440 25800 122048.00 309360000
20160414 24350 24990 24110 24810 79720.00 195500000
20160413 23710 24570 23530 24080 86778.00 209560000
20160412 23900 24010 23000 23500 53670.00 125620000
20160411 23570 24400 23370 24050 66093.00 158650000
20160408 23020 23570 22760 23350 47389.00 109880000
20160407 24210 24450 23270 23330 61135.00 144610000
20160406 23600 24490 23500 24210 77173.00 185580000
20160405 22500 23770 22500 23740 72036.00 168060000
20160401 22980 22980 21850 22650 57961.00 129640000
20160331 23260 23680 22850 22900 70251.00 162950000
20160330 22000 22900 21900 22900 55631.00 124580000
20160329 22300 22440 21300 21710 51895.00 113180000
20160328 23270 23860 22240 22250 82072.00 189400000
20160325 22620 23270 22600 23180 49944.00 114830000
20160324 23030 23320 22720 22800 61074.00 140590000
20160323 22800 23500 22780 23400 55244.00 128230000
20160322 23110 23440 22900 22990 63859.00 147770000
20160321 23300 24000 22490 23550 110751.00 255390000
20160318 21290 23200 21250 22890 105325.00 233560000
20160317 20180 21340 20160 21160 80879.00 168930000
20160316 20790 21190 19950 20090 60043.00 123550000
20160315 20200 21360 20110 20400 67365.00 138850000
20160314 19390 20490 19390 20310 53574.00 107900000
20160311 18900 19330 18660 19140 33174.00 63010000
20160310 19960 20260 19310 19340 34045.00 67230000
20160309 19800 20560 19400 19760 38638.00 77360000
20160308 19700 20500 18300 20500 64691.00 125920000
20160307 19580 20300 19470 19740 44870.00 89220000
20160304 20950 20990 19070 19190 67675.00 135100000
20160303 21010 21870 20990 21090 76614.00 163600000
20160302 20150 21450 19970 21360 79447.00 164370000
20160301 19300 20180 18280 20060 70766.00 137560000
20160229 21700 21700 19650 19650 67211.00 133440000
20160226 22680 22830 21130 21830 67429.00 148990000
20160225 25210 25210 22680 22680 75219.00 177790000
20160224 25000 25380 24490 25200 69747.00 173900000
20160223 25750 25940 24710 25240 85663.00 216800000
20160222 25450 26270 25010 25920 122906.00 314460000
20160219 24700 25630 24520 25210 90107.00 226190000
20160218 25000 25490 24600 24810 90693.00 226290000
20160217 25340 25700 24680 25210 129655.00 326490000
20160216 22400 24630 22400 24630 84970.00 200330000
20160215 22200 22900 21500 22390 55580.00 123250000
20160205 23910 23930 22950 23060 49507.00 115480000
20160204 22810 24180 22810 23650 75279.00 176450000
20160203 22340 23090 21920 22770 57621.00 128940000
20160202 21390 22830 21210 22750 79798.00 177270000
20160201 22200 22220 20560 21250 76628.00 165400000
20160129 21030 23160 20590 22600 126770.00 273330000
20160128 23000 24300 21800 22230 74701.00 174970000
20160127 23850 24150 21980 23360 64981.00 149310000
20160126 24910 26580 23310 23790 92829.00 234790000
20160125 25010 25860 24800 25300 43776.00 110770000
20160122 24610 24950 23400 24790 45554.00 110860000
20160121 25420 26500 24030 24160 65038.00 166590000
20160120 26090 26600 25500 26020 64798.00 168910000
20160119 25180 26250 24410 26210 77509.00 197690000
20160118 23480 25790 23060 25300 68046.00 169980000
20160115 25040 25500 23880 24200 79987.00 199670000
20160114 22080 25160 21690 25160 87964.00 210480000
20160113 25840 26200 22870 22870 54364.00 136260000
20160112 25490 25990 24100 25410 59701.00 150800000
20160111 27100 27770 25350 25350 61132.00 159540000
20160108 28700 29150 26150 28170 61942.00 174620000
20160107 29800 30700 28240 28240 19456.00 56900000
20160106 31000 31640 30190 31380 54423.00 168770000
20160105 29910 32600 29570 30560 88596.00 273110000
20160104 36690 36690 32850 32850 46157.00 158760000
20151231 38500 38780 36400 36500 66594.00 249880000
20151230 37670 38680 37510 38680 59493.00 227190000
20151229 37600 37900 36850 37650 59934.00 223520000
20151228 40750 40800 37570 37840 94659.00 374760000
20151225 39260 40330 38510 40300 67393.00 266400000
20151224 38750 39280 38000 39240 54466.00 210130000
20151223 39500 40880 38920 39180 87254.00 349040000
20151222 39760 40000 38570 39550 82209.00 321780000
20151221 39710 41400 39510 39830 92453.00 373230000
20151218 40000 40420 38000 39710 122521.00 481090000
20151217 38880 40580 38880 40300 108779.00 434440000
20151216 38530 39250 38300 38690 84888.00 329100000
20151215 37800 38530 37690 38500 74195.00 282910000
20151214 36950 38000 36010 37750 62542.00 230620000
20151211 36970 37800 36650 37590 61177.00 228600000
20151210 37350 38600 36700 37300 114503.00 431180000
20151209 39200 39330 36940 37770 125841.00 479530000
20151208 40310 41480 39610 39610 152009.00 612350000
20151207 38390 41830 38380 40720 209860.00 854930000
20151204 38410 39320 37510 38030 126883.00 487030000
20151203 38200 40000 37350 39150 174992.00 678730000
20151202 36250 38770 34720 38100 160483.00 596050000
20151201 34680 37730 34140 36450 107996.00 392380000
20151130 35100 35640 32520 34740 83814.00 288240000
20151127 38180 39200 34610 35000 117634.00 433660000
20151126 38250 40530 37880 38460 161833.00 633970000
20151125 36700 37980 36180 37800 102128.00 379730000
20151124 35880 36800 35200 36700 84471.00 303930000
20151123 38200 39800 35900 36350 135372.00 512280000
20151120 35890 38800 35800 37950 154930.00 576330000
20151119 34210 35500 33700 35500 71576.00 247720000
20151118 35040 35500 33580 33800 72283.00 250480000
20151117 35950 36990 34520 34670 132244.00 475510000
20151116 31330 35920 31330 35680 107428.00 362710000
20151113 35270 35300 33330 33710 92646.00 318070000
20151112 35990 37500 35500 35900 119193.00 432650000
20151111 34700 36580 34310 36300 137987.00 494800000
20151110 34600 36400 34080 34900 137526.00 485780000
20151109 32960 34900 31900 34790 164634.00 554710000
20151106 31380 33110 31380 32920 129390.00 421680000
20151105 31850 32330 31000 31320 88890.00 280610000
20151104 30040 31800 29820 31760 87577.00 271990000
20151103 29500 29790 28860 29700 49834.00 146240000
20151102 29480 30600 29020 29210 55826.00 166180000
20151030 30910 31100 29510 30390 78343.00 238330000
20151029 31180 31580 30610 31120 69494.00 216690000
20151028 32000 32750 30300 30800 100174.00 319360000
20151027 32800 32840 30000 32350 113713.00 360950000
20151026 32020 33780 32020 32830 165804.00 543610000
20151023 30200 32500 30000 31990 135250.00 421320000
20151022 28500 29930 28030 29830 115521.00 338150000
20151021 32500 32560 29210 29210 137379.00 421760000
20151020 31720 32550 31500 32450 120150.00 385740000
20151019 32000 32900 31130 31300 110661.00 354290000
20151016 32850 32960 31440 32070 133558.00 428010000
20151015 30740 32900 30740 32490 134531.00 431320000
20151014 31740 32100 30850 30930 106272.00 332980000
20151013 31690 32190 31170 32120 158369.00 500700000
20151012 30000 32310 30000 31760 158857.00 498550000
20151009 28420 29760 28390 29380 111056.00 324700000
20151008 28200 28960 27600 28500 90395.00 256210000
20150930 27360 27680 26610 26980 46864.00 126970000
20150929 27600 28000 26550 27010 84745.00 231190000
20150928 27010 28790 26500 28480 94011.00 260840000
20150925 29200 30580 26680 26960 130542.00 372600000
20150924 27980 30560 27980 29640 152760.00 450570000
20150923 27680 28500 27240 27780 101169.00 281030000
20150922 29100 29780 28000 28550 124266.00 359160000
20150921 27000 29650 26200 29060 143423.00 403200000
20150918 30410 30990 28050 28050 204560.00 582700000
20150917 33650 34180 31170 31170 182041.00 600640000
20150916 32400 36200 31690 34630 194037.00 659360000
20150915 31500 33520 29630 33180 243897.00 753980000
20150914 36000 36360 32920 32920 100303.00 342280000
20150911 36800 37600 35480 36580 136743.00 498740000
20150910 37700 38500 35360 38360 234959.00 865270000
20150909 37500 40190 37040 39290 214300.00 833770000
20150908 38000 38900 35650 38280 134358.00 500900000
20150907 34170 39000 34170 38860 154937.00 574110000
20150902 32350 35500 30050 35500 138126.00 456260000
20150901 33500 33700 31570 33390 106582.00 343580000
20150831 35850 35990 34000 35080 163366.00 570890000
20150828 33160 35150 31260 35150 190114.00 646680000
20150827 31250 32440 29100 31950 145718.00 453990000
20150826 27600 30990 26640 30990 160918.00 466160000
20150825 29630 30980 29600 29600 73153.00 217520000
20150824 34330 37200 32890 32890 186364.00 644740000
20150821 37000 38400 34650 36540 188660.00 688680000
20150820 36000 38500 34680 38500 270766.00 1009440000
20150819 30150 35750 29790 35000 132612.00 434930000
20150818 33580 33890 29720 32500 105960.00 337570000
20150817 31000 33150 30440 33020 117965.00 376180000
20150814 32960 34000 31300 31910 178546.00 587820000
20150813 28400 31570 28400 31570 110220.00 329660000
20150812 30000 30510 28700 28700 89141.00 264030000
20150811 30160 31190 29800 30480 114079.00 347340000
20150810 28910 31050 28200 30620 156525.00 461650000
20150807 27400 29980 27400 28390 146081.00 416630000
20150806 26400 27880 26390 27290 97126.00 264840000
20150805 27420 28780 25000 27900 139941.00 383940000
20150804 24000 26210 23990 26210 61360.00 153440000
20150803 25840 25990 23830 23830 78081.00 190960000
20150731 26500 27500 25250 26480 101612.00 266930000
20150730 27880 29550 26660 26800 118987.00 337630000
20150729 27600 29000 24950 28500 116584.00 315220000
20150728 26650 28980 26650 27130 148533.00 400750000
20150727 30810 32350 29610 29610 161343.00 500470000
20150724 32850 32900 32330 32900 196066.00 643930000
20150723 29910 29910 29910 29910 27844.00 83280000
20150722 27190 27190 27190 27190 14489.00 39390000
20150721 24720 24720 24720 24720 808.00 1990000
20150720 22470 22470 22470 22470 187.00 420000
20150707 21210 21300 20430 20430 26138.00 53500000
20150706 27270 27300 22380 22700 80053.00 194210000
20150703 26580 28580 24870 24870 64397.00 164050000
20150702 29990 30970 27630 27630 70062.00 201580000
20150701 31300 33420 28760 30700 64499.00 203960000
20150630 28690 32300 27180 31950 73897.00 219300000
20150629 34190 36000 30200 30200 83143.00 262400000
20150626 36000 36140 33560 33560 87061.00 300910000
20150625 40800 40800 36870 37290 67371.00 261290000
20150624 40350 41980 39490 40970 77608.00 316860000
20150623 38200 40220 37130 40220 89526.00 345520000
20150619 38960 39630 36550 36560 42996.00 164140000
20150618 44000 44000 39780 39780 71434.00 296490000
20150617 42220 44830 40680 44200 70988.00 305940000
20150616 43870 44870 42020 42770 93932.00 404810000
20150615 52000 53500 46690 46690 62770.00 309440000
20150612 50000 52200 50000 51880 47398.00 243220000
20150611 49200 50190 48680 49140 46187.00 227400000
20150610 46680 50900 45900 49500 62253.00 302160000
20150609 45890 47460 45000 46610 54129.00 250940000
20150608 48010 49680 44040 46000 96692.00 445870000
20150605 49980 52270 46330 47850 73056.00 359570000
20150604 54440 55380 49000 49000 61558.00 311820000
20150603 58000 58030 54000 54440 54910.00 304590000
20150602 56170 59890 55900 58400 56946.00 329250000
20150601 55000 57530 54000 56020 57877.00 323780000
20150529 50200 53900 48100 52980 55434.00 286590000
20150528 51110 55600 48500 50180 84689.00 444700000
20150527 46100 51040 43900 51040 87750.00 425980000
20150526 42500 46920 42500 46400 96326.00 436120000
20150525 42080 44200 39420 42650 59071.00 250090000
20150522 46520 47320 42780 43800 77671.00 344440000
20150521 42200 46020 41500 45800 82261.00 360030000
20150520 40900 42800 39800 41850 79898.00 335880000
20150519 40430 40550 37800 39460 61682.00 242030000
20150518 38900 40680 38900 40370 45629.00 182380000
20150515 39500 40000 38330 38900 55368.00 216260000
20150514 40030 41000 39010 40450 56374.00 226720000
20150513 39200 42900 37800 40030 99799.00 406160000
20150512 41500 42680 39490 40900 148051.00 609460000
20150511 39370 42100 38000 41210 74034.00 302690000
20150508 36500 39500 36010 39370 81193.00 309100000
20150507 36030 39000 34600 36980 100169.00 371300000
20150506 34350 37500 33000 37140 140488.00 495080000
20150505 33500 35880 32040 34300 94349.00 320760000
20150504 31800 34980 31200 34100 106759.00 357970000
20150430 31880 33500 31180 31800 141258.00 457750000
20150429 28000 31130 27500 31130 104993.00 315920000
20150428 27100 29150 26380 28300 120472.00 333140000
20150427 27100 27900 26520 27000 66125.00 180400000
20150424 27280 27470 26380 27100 68564.00 184660000
20150423 27020 28100 27020 27700 82647.00 228330000
20150422 26640 27920 26610 27000 69779.00 190030000
20150421 25740 26780 25690 26780 61412.00 161690000
20150420 24900 26360 24710 25620 94653.00 242270000
20150417 25610 25950 24710 25010 76782.00 193050000
20150416 25390 26250 24870 25410 56504.00 144670000
20150415 27530 27970 25680 25700 61198.00 162120000
20150414 28450 28770 27030 27530 68769.00 191970000
20150413 28010 28850 27270 28490 66812.00 188080000
20150410 27100 28820 27000 28070 53368.00 150090000
20150409 28830 28930 26310 27770 93695.00 256690000
20150408 30200 30600 28000 29060 79680.00 231440000
20150407 30900 31670 29610 30280 88450.00 267880000
20150403 27150 30580 27150 30580 117417.00 340560000
20150402 27760 28200 27230 27800 67732.00 187370000
20150401 26200 28040 26020 27950 105406.00 286360000
20150331 26400 27150 25500 26500 106121.00 279750000
20150330 26520 27800 26000 26600 88456.00 238340000
20150327 26000 26650 25500 26500 68649.00 179240000
20150326 27990 28350 25420 26530 130698.00 352960000
20150325 25890 27540 25500 26750 142416.00 380630000
20150324 25100 26370 23370 26080 159500.00 398930000
20150323 24330 25520 24260 25290 101946.00 254960000
20150320 24050 24790 23680 24440 96013.00 232270000
20150319 23580 24990 23430 24110 107806.00 259720000
20150318 22500 23900 22320 23580 115512.00 268900000
20150317 22880 23250 22210 22560 102358.00 233150000
20150316 22500 22760 22200 22640 108958.00 245320000
20150313 21330 22170 21210 22110 73622.00 160830000
20150312 21400 21790 20750 21220 43522.00 92530000
20150311 21800 21820 21210 21480 44152.00 94750000
20150310 21590 21960 21400 21920 74295.00 161000000
20150309 20700 21990 20520 21490 72869.00 156210000
20150306 21760 21840 20500 20990 59820.00 126280000
20150305 22330 22330 21500 21800 47868.00 104360000
20150304 21640 22250 21600 22250 59555.00 130790000
20150303 21800 22580 21310 21760 86564.00 190560000
20150302 21230 22520 21170 22000 101952.00 224550000
20150227 20310 21220 20300 21080 67462.00 140510000
20150226 20210 20600 20000 20390 34573.00 70190000
20150225 20660 20900 20030 20200 35289.00 72160000
20150217 20660 20850 20110 20640 45526.00 93310000
20150216 20180 20780 20000 20660 47437.00 97380000
20150213 20000 20270 19820 20150 60484.00 121240000
20150212 19400 20280 19300 20030 54238.00 107640000
20150211 19210 19630 19000 19370 43979.00 85020000
20150210 18820 19200 18510 19200 35919.00 67790000
20150209 19000 19600 18750 18960 37448.00 71790000
20150206 20240 20550 18810 19220 63377.00 124440000
20150205 20400 21400 20000 20100 102001.00 210460000
20150204 19470 20880 19380 20600 104432.00 213120000
20150203 18510 19980 18470 19570 46417.00 90090000
20150202 18600 18800 18200 18470 15766.00 29260000
20150130 19310 19500 18570 18750 28916.00 54680000
20150129 19550 19950 19230 19300 38979.00 76420000
20150128 19230 19870 19120 19490 46725.00 91510000
20150127 19340 19380 18990 19260 28866.00 55330000
20150126 19030 19370 19030 19290 24322.00 46800000
20150123 19660 19660 18950 19130 36702.00 70610000
20150122 19390 19880 19060 19710 56726.00 110560000
20150121 19260 19600 18820 19410 87690.00 168930000
20150120 17950 19600 17900 19100 78217.00 147110000
20150119 17600 18600 17300 17930 44648.00 80960000
20150116 18090 18380 17860 18140 38725.00 70080000
20150115 17620 18200 17620 17880 26389.00 47320000
20150114 18270 18330 17520 17800 45611.00 81260000
20150113 17590 18480 17550 18240 32230.00 58410000
20150112 17840 18400 17510 17600 26971.00 48190000
20150109 18350 18780 18010 18060 40840.00 75000000
20150108 17710 18600 17510 18270 72921.00 132760000
20150107 18300 18460 17370 17840 47587.00 84970000
20150106 17460 18480 17410 18180 70344.00 127110000
20150105 18180 18180 16470 17900 39818.00 69330000
20141231 17990 18950 17550 18300 50916.00 92100000
20141230 17800 18050 16720 17730 51675.00 89580000
20141229 19650 19720 17690 17990 54892.00 100040000
20141226 19170 19820 19170 19650 19140.00 37440000
20141225 19740 19740 19110 19440 19848.00 38500000
20141224 19300 19900 18870 19520 34066.00 66680000
20141223 20500 20750 18800 19150 35463.00 69740000
20141222 21300 21480 19620 20870 76284.00 152850000
20141219 22630 22750 21680 21800 52729.00 117150000
20141218 22260 22740 22000 22400 57557.00 128660000
20141217 21780 22560 21600 22200 60044.00 133840000
20141216 22170 22850 21700 21960 70478.00 156550000
20141215 21010 22350 20960 22170 116441.00 254800000
20141212 20380 21200 20300 21200 72676.00 151880000
20141211 20010 20500 19700 20370 38224.00 77190000
20141210 19410 20100 19350 20060 39686.00 78690000
20141209 20070 20070 19150 19350 76018.00 148920000
20141208 20190 20660 20000 20080 43054.00 87490000
20141205 21200 21240 19910 20190 86253.00 175650000
20141204 21080 21540 21050 21150 75151.00 159680000
20141203 21890 21950 20600 21330 102754.00 217080000
20141202 21660 22190 21520 21890 59577.00 130690000
20141201 22730 22890 21500 21860 89952.00 198370000
20141128 22600 23730 22490 22990 145095.00 336110000
20141127 22300 22700 21750 22700 99923.00 220710000
20141126 22250 23100 22200 22410 120740.00 272960000
20141125 21030 23010 20720 22230 123383.00 273230000
20141124 21350 21520 20800 21050 45137.00 95050000
20141121 21180 21730 21060 21300 41228.00 88120000
20141120 21660 21660 21050 21180 34518.00 73280000
20141119 21250 21980 21030 21670 70143.00 151250000
20141118 20920 21420 20380 21080 50378.00 105580000
20141117 20240 21430 20100 21080 55297.00 115660000
20141114 20070 20340 19920 20240 21401.00 43080000
20141113 21060 21060 19900 20040 52488.00 106150000
20141112 20570 21180 20500 21080 30078.00 62830000
20141111 21500 21550 20310 20660 58650.00 122380000
20141110 21800 21900 21070 21560 36454.00 78090000
20141107 22450 22450 21400 21610 49737.00 109480000
20141106 21290 22440 21280 22050 51007.00 111800000
20141105 21590 21590 21110 21420 33911.00 72380000
20141104 22520 22820 21700 21700 66190.00 147210000
20141103 22000 22650 21900 22390 56184.00 124880000
20141031 22020 22200 21340 22140 62426.00 135220000
20141030 22290 22380 21910 22010 61734.00 136640000
20141029 22240 22950 22020 22530 93566.00 210260000
20141028 21630 22370 21610 22240 62931.00 138710000
20141027 21300 21660 21010 21560 36388.00 78030000
20141024 21200 21480 21010 21230 41235.00 87680000
20141023 21800 21850 20810 21200 91106.00 193750000
20141022 23250 23750 21810 21980 95994.00 217730000
20141021 23250 23840 23060 23290 60974.00 142870000
20141020 23190 23620 22850 23340 46529.00 108670000
20141017 23100 23330 22600 23090 54659.00 125410000
20141016 23520 23980 23110 23130 65570.00 154100000
20141015 23660 23950 23120 23870 60069.00 141590000
20141014 23970 24360 23420 23670 81852.00 195470000
20141013 23980 24770 23310 24150 107618.00 258840000
20141010 24900 24900 23810 24100 129396.00 313930000
20141009 25600 25940 24300 25070 127487.00 318560000
20141008 25780 26960 24620 26000 114733.00 291820000
20140930 25000 26660 24800 26010 120003.00 309880000
20140929 23580 25470 23160 25470 123936.00 305090000
20140926 22660 24440 22350 23150 101276.00 236350000
20140925 22290 23830 21500 23030 222938.00 504410000
20140924 19890 21670 19890 21670 184389.00 389940000
20140923 19530 19870 19110 19700 75092.00 146610000
20140922 18480 19660 18420 18880 86049.00 165200000
20140919 18200 18940 18150 18670 83332.00 153940000
20140918 19090 19240 18650 18890 36718.00 69350000
20140917 19010 19510 18420 19240 47110.00 89860000
20140916 19630 20200 18940 18980 88961.00 174370000
20140915 18880 19740 18800 19520 85761.00 166490000
20140912 18540 18970 18470 18840 40967.00 76900000
20140911 18940 19470 18450 18530 65923.00 124840000
20140910 18430 19250 18430 18730 63405.00 119590000
20140909 18300 18760 18200 18620 44789.00 82950000
20140905 18780 18800 18420 18480 45326.00 84090000
20140904 18650 18900 18420 18790 90513.00 168610000
20140903 17990 19800 17850 18900 164986.00 312170000
20140902 17840 18280 17750 18000 58896.00 106070000
20140901 17640 18000 17540 17810 42869.00 76400000
20140829 17180 17800 17110 17640 40010.00 70020000
20140828 16890 17400 16820 17200 26705.00 45610000
20140827 16820 17300 16820 16960 28987.00 49360000
20140826 17300 17450 16750 16820 41392.00 70400000
20140825 18000 18170 17410 17430 39985.00 70590000
20140822 17480 17960 17410 17890 48307.00 85740000
20140821 17480 17550 17180 17510 40218.00 69750000
20140820 17590 17660 17310 17400 34019.00 59460000
20140819 17480 17610 17280 17590 46560.00 81300000
20140818 17140 17540 17140 17460 41352.00 71830000
20140815 17100 17230 17010 17130 31452.00 53830000
20140814 17200 17500 17100 17110 48349.00 83650000
20140813 17150 17370 16920 17200 34651.00 59310000
20140812 17250 17350 16990 17150 38650.00 66270000
20140811 17150 17370 17080 17290 35843.00 61750000
20140808 16850 17250 16750 17160 36372.00 62080000
20140807 17100 17170 16660 16670 36760.00 62020000
20140806 17150 17160 16880 17010 33727.00 57320000
20140805 16880 17300 16620 17250 57529.00 98190000
20140804 16710 16910 16580 16820 30170.00 50660000
20140801 16780 16950 16450 16730 44160.00 73820000
20140731 16520 17150 16400 17000 50669.00 85490000
20140730 16430 16680 16340 16540 27682.00 45690000
20140729 16390 16770 16300 16560 34660.00 57250000
20140728 16130 16470 16030 16390 27228.00 44380000
20140725 15980 16250 15900 16100 29653.00 47640000
20140724 16810 16810 15780 16020 54057.00 87290000
20140723 17380 17450 16570 16750 62677.00 106450000
20140722 17420 17640 17120 17550 60578.00 105300000
20140721 17400 18080 17180 17670 107485.00 190950000
20140718 17190 17590 17090 17350 66947.00 115850000
20140717 16290 17910 16200 17200 121577.00 210710000
20140716 16890 16990 16120 16280 44459.00 73520000
20140715 16490 17360 16440 17000 82858.00 140070000
20140714 16240 16560 16220 16550 36766.00 60350000
20140711 15820 16670 15820 16220 46938.00 76660000
20140710 17020 17700 16230 16240 70497.00 118040000
20140709 16380 16650 16120 16120 46254.00 76070000
20140708 16250 16460 15980 16400 30864.00 50160000
20140707 16540 16660 16110 16340 33775.00 55130000
20140704 16310 16550 15950 16490 53822.00 87680000
20140703 16330 16490 16170 16240 42903.00 69980000
20140702 16220 16570 15950 16200 43540.00 70670000
20140701 16130 16490 15940 16030 40226.00 65100000
20140630 16020 16100 15760 16090 32801.00 52350000
20140627 16200 16200 15860 16030 41534.00 66570000
20140626 15620 16260 15550 16210 62916.00 100540000
20140625 15350 16110 15100 15830 57853.00 91040000
20140624 15290 15590 15180 15350 27916.00 42950000
20140623 15150 15560 15080 15260 38207.00 58690000
20140620 14750 15350 14560 15190 44965.00 67200000
20140619 16390 16390 14650 14700 67908.00 104950000
20140618 16300 16630 16190 16280 38480.00 62900000
20140617 16780 16890 16230 16290 59744.00 98880000
20140616 16880 16890 16350 16650 79668.00 131790000
20140613 16200 17600 16130 16840 139058.00 235690000
20140612 15740 16240 15600 16230 83374.00 133570000
20140611 15430 15830 15430 15640 32628.00 51000000
20140610 15300 15580 15050 15540 30661.00 47030000
20140609 15050 15650 14740 15410 48355.00 73490000
20140606 15150 15740 15070 15230 44778.00 69160000
20140605 14810 15150 14760 15140 24211.00 36380000
20140604 15140 15160 14800 14870 28581.00 42690000
20140603 15780 15780 15150 15210 52491.00 80590000
20140530 15980 16400 15850 15900 52173.00 83930000
20140529 15890 16190 15730 15840 43723.00 69760000
20140528 15590 15990 15350 15970 50792.00 80040000
20140527 15700 16050 15500 15550 32946.00 51830000
20140526 15250 16180 15250 15840 54461.00 86400000
20140523 15190 15560 14990 15500 33469.00 51260000
20140522 15480 15950 15380 15390 57766.00 90410000
20140521 15380 15680 15120 15620 59628.00 91840000
20140520 15600 16300 15160 15760 112736.00 177890000
20140519 15870 15870 14810 15100 81712.00 125240000
20140516 15080 15490 15000 15490 44673.00 69070000
20140515 14080 14430 14040 14080 10084.00 14360000
20140514 14210 14380 14070 14190 8489.00 12110000
20140513 14180 14510 14120 14180 12085.00 17290000
20140512 13880 14200 13870 14180 12901.00 18120000
20140509 14010 14160 13660 13690 11435.00 15800000
20140508 14070 14440 13930 14000 20914.00 29600000
20140507 14300 15040 14180 14360 42738.00 62460000
20140506 13750 14370 13710 14100 14201.00 19970000
20140505 13530 13850 13530 13750 7246.00 9910000
20140430 13330 13650 13260 13530 6645.00 8960000
20140429 12940 13320 12910 13300 6118.00 8050000
20140428 13400 13450 13000 13000 11274.00 14870000
20140425 14180 14240 13350 13510 19656.00 27250000
20140424 14200 14310 14060 14180 10074.00 14280000
20140423 14200 14340 14150 14220 6992.00 9930000
20140422 14500 14640 14070 14200 14627.00 20950000
20140421 14810 15070 14500 14540 14458.00 21380000
20140418 15130 15150 14880 15010 15840.00 23700000
20140417 14950 15330 14850 15080 24729.00 37510000
20140416 14870 15120 14860 14900 12975.00 19420000
20140415 15070 15270 14900 14950 14505.00 21800000
20140414 15080 15310 14960 15160 16654.00 25210000
20140411 14760 15350 14630 15070 28649.00 42990000
20140410 15030 15200 14830 14920 22934.00 34490000
20140409 14800 15070 14730 15020 18180.00 27110000
20140408 14500 14820 14480 14790 13352.00 19570000
20140404 14480 14730 14330 14670 14455.00 21080000
20140403 14120 14650 14120 14590 18379.00 26470000
20140402 14790 14800 14160 14250 22858.00 33080000
20140401 14090 14530 14000 14110 15131.00 21740000
20140331 14000 14590 13820 13980 13018.00 18390000
20140328 14680 14680 13900 14050 27941.00 39780000
20140327 15070 15080 14590 14590 24426.00 36160000
20140326 15000 15250 14900 15180 21113.00 31960000
20140325 14780 15080 14300 15000 17454.00 25760000
20140324 15170 15250 14800 14860 20453.00 30640000
20140321 14660 15200 14500 15170 25373.00 37680000
20140320 15310 15650 14800 14800 35541.00 54630000
20140319 15230 15490 14880 15450 29706.00 45320000
20140318 15200 15400 15150 15230 26621.00 40630000
20140317 14510 15300 14480 15270 39052.00 58610000
20140314 14640 14860 14360 14510 18270.00 26660000
20140313 14520 14800 14500 14750 18413.00 27020000
20140312 14520 14800 13830 14600 27683.00 40020000
20140311 14450 14790 14280 14510 20444.00 29750000
20140310 15500 15500 14350 14450 41584.00 61940000
20140307 16150 16340 15780 15860 23540.00 37820000
20140306 16430 16690 15860 16110 29472.00 47530000
20140305 16540 16670 16300 16450 40460.00 66640000
20140304 16020 16960 15900 16730 72713.00 120580000
20140303 15400 16550 15250 16300 52154.00 82920000
20140228 15390 15650 14610 15600 36806.00 56060000
20140227 16290 16900 15200 15240 62993.00 101340000
20140226 16970 17680 15580 16370 69092.00 112380000
20140225 18510 18990 16740 16900 129412.00 234540000
20140224 17800 18380 17700 18360 65665.00 118750000
20140221 17880 18280 17440 17880 56153.00 100290000
20140220 18510 18710 17880 17990 79455.00 144620000
20140219 18000 18880 17700 18710 143633.00 264390000
20140218 17840 18350 17570 17960 87719.00 157570000
20140217 17090 17820 17090 17700 67133.00 118080000
20140214 16950 17140 16510 17130 51545.00 87080000
20140213 18090 18090 16900 16950 74411.00 130980000
20140212 17420 18100 17150 18090 76938.00 136070000
20140211 17750 18180 17220 17480 83919.00 148270000
20140210 17110 17800 17050 17720 92409.00 161620000
20140207 16420 17160 16050 17140 54679.00 91470000
20140130 17290 17300 16580 16750 41951.00 70890000
20140129 16850 17300 16730 17260 53623.00 91920000
20140128 16520 16950 16400 16870 48672.00 81370000
20140127 17180 17180 16560 16630 69972.00 118400000
20140124 17310 17610 16960 17190 120417.00 207720000
20140123 17170 17940 17030 17650 117946.00 206900000
20140122 17150 17450 16690 17270 102295.00 174870000
20140121 16130 17190 16130 17190 83281.00 139420000
20140120 17170 17170 16070 16300 93724.00 155840000
20140117 16500 17200 16320 17140 132706.00 224150000
20140116 16510 17040 16170 16600 117558.00 194750000
20140115 16390 17250 16210 16750 150234.00 252840000
20140114 15080 16570 15080 16360 99967.00 160340000
20140113 15140 15440 14800 15260 36292.00 55100000
20140110 14910 15450 14610 15140 47684.00 72030000
20140109 16090 16090 15080 15100 79682.00 124980000
20140108 15600 16170 15260 16070 112917.00 178410000
20140107 15200 15570 14940 15440 83541.00 127640000
20140106 15920 16780 15680 15710 148440.00 241810000
20140103 16200 17140 16200 16260 187179.00 313500000
20140102 15000 15890 14850 15580 53777.00 83260000
20131231 15590 15590 14880 14990 48672.00 73620000
20131230 15260 15880 15080 15680 84812.00 131110000
20131227 13460 14850 13460 14850 42069.00 60700000
20131226 14030 14230 13430 13500 25198.00 35000000
20131225 13650 14000 13450 13980 19740.00 27240000
20131224 13160 13620 13160 13590 16154.00 21770000
20131223 13880 13900 13110 13210 20253.00 27110000
20131220 14450 14630 13800 13850 20088.00 28250000
20131219 14890 14990 14380 14430 24540.00 36040000
20131218 14550 15050 14280 14900 37981.00 55920000
20131217 14200 14710 14140 14620 27816.00 40150000
20131216 14320 14650 14180 14260 23372.00 33660000
20131213 14180 14520 14010 14380 24852.00 35440000
20131212 13910 14400 13910 14290 20575.00 29290000
20131211 13830 14180 13830 14000 13375.00 18750000
20131210 14300 14350 13940 13970 17386.00 24420000
20131209 13980 14370 13900 14270 20406.00 28900000
20131206 13700 13980 13660 13970 15628.00 21660000
20131205 14010 14100 13610 13800 26639.00 36920000
20131204 14400 14660 14180 14180 37708.00 54480000
20131203 13680 14570 13610 14450 50498.00 70940000
20131202 16170 16170 15120 15120 44095.00 67820000
20131129 16550 16930 16300 16800 37344.00 62420000
20131128 16490 17130 16490 16520 55149.00 92340000
20131127 16170 16540 16060 16490 43322.00 70830000
20131126 15750 16730 15700 16480 64700.00 105760000
20131125 15390 15960 15350 15710 42356.00 66680000
20131122 15310 15470 15210 15340 16552.00 25370000
20131121 15490 15490 15100 15290 22350.00 34210000
20131120 15360 15660 15210 15580 27733.00 42830000
20131119 15890 15960 15360 15450 42609.00 66810000
20131118 14920 15580 14900 15450 44464.00 68270000
20131115 14280 15210 14220 14840 38999.00 58130000
20131114 13800 14430 13610 14300 23387.00 33030000
20131113 14460 14530 13800 13800 22900.00 32420000
20131112 14260 14710 14160 14630 17672.00 25570000
20131111 13930 14390 13930 14250 16884.00 23970000
20131108 14750 14930 14060 14080 25074.00 35910000
20131107 15300 15520 14850 14890 22003.00 33410000
20131106 15310 15970 15270 15470 38501.00 60350000
20131105 14840 15450 14840 15400 28443.00 43450000
20131104 15200 15350 14970 14990 22958.00 34690000
20131101 15130 15350 14700 15250 22621.00 33910000
20131031 14870 15460 14630 15190 28394.00 42940000
20131030 14600 14980 14510 14880 23218.00 34260000
20131029 15650 15860 14140 14600 43096.00 63840000
20131028 15450 15660 15100 15570 23719.00 36540000
20131025 16190 16350 15080 15400 34760.00 54350000
20131024 16450 16780 16040 16200 28220.00 46390000
20131023 17500 17880 16510 16530 49170.00 83770000
20131022 18490 18490 17500 17570 48010.00 85950000
20131021 17860 18880 17450 18410 63385.00 115430000
20131018 17500 18510 17000 18060 62782.00 111040000
20131017 20610 21190 18550 18550 132493.00 261760000
20131016 20570 22630 19700 20610 105401.00 218130000
20131015 20850 20850 19750 20570 54053.00 109430000
20131014 20950 21210 20640 21120 65653.00 137950000
20131011 20980 21300 20200 20820 64483.00 134060000
20131010 20310 20650 19870 20480 51347.00 104350000
20131009 19200 20600 19180 20320 53930.00 108970000
20131008 19150 19600 18550 19540 33867.00 64920000
20130930 19100 19330 18910 19220 22032.00 42150000
20130927 19520 19550 18280 19300 50954.00 96170000
20130926 20360 20360 19010 19510 60934.00 118620000
20130925 20100 20860 20090 20450 67503.00 138440000
20130924 20030 20370 19710 20140 56747.00 113960000
20130923 20040 20440 19810 20200 51152.00 102710000
20130918 19850 20300 19610 20080 32626.00 65190000
20130917 20070 20290 19560 19790 36980.00 73330000
20130916 20170 20970 19520 20410 56020.00 113330000
20130913 20400 21140 19390 20150 63568.00 129140000
20130912 21800 22290 20110 20390 69911.00 147470000
20130911 21800 22270 19850 21420 64991.00 135460000
20130910 22000 22360 21560 21930 48932.00 107130000
20130909 22210 22570 21000 22150 93744.00 204820000
20130906 19950 21970 19800 21970 90814.00 193840000
20130905 19280 20200 19110 19970 51294.00 101490000
20130904 19230 20280 19150 19280 77373.00 151930000
20130903 19000 19480 18700 19300 74309.00 142340000
20130902 17620 19200 17620 19200 115176.00 217180000
20130830 17800 18890 17200 17450 85042.00 155700000
20130829 17730 18200 17600 17790 37572.00 67130000
20130828 17340 18500 17340 17820 93271.00 168170000
20130827 17300 17530 16680 17520 46210.00 79090000
20130826 17200 17850 17080 17320 41480.00 72520000
20130823 17670 17900 16810 17200 58162.00 101170000
20130822 17550 18070 17260 17800 74483.00 131510000
20130821 16630 17990 16330 17720 81043.00 139110000
20130820 16780 17090 16380 16650 38747.00 64670000
20130819 15850 16970 15820 16890 43400.00 72300000
20130816 16020 17070 16020 16230 51198.00 84790000
20130815 16250 16690 16200 16350 33258.00 54410000
20130814 16700 16950 16260 16500 43416.00 71810000
20130813 16580 17240 16410 16920 54500.00 91970000
20130812 17230 17280 16140 16710 74909.00 124540000
20130809 16760 17760 16700 17220 110169.00 190330000
20130808 17230 17250 16600 16940 97106.00 164270000
20130807 16250 17810 16230 17020 170634.00 295190000
20130806 16020 16450 15820 16190 69872.00 113030000
20130805 15800 16490 15610 16230 93016.00 150080000
20130802 15450 16800 15450 15920 128534.00 207520000
20130801 14620 15360 14620 15360 58606.00 88560000
20130731 14610 14970 14300 14610 40135.00 58830000
20130730 15150 15490 14230 14710 81799.00 120860000
20130729 14570 16250 14500 15600 125402.00 197750000
20130726 14700 15190 14010 14770 60836.00 88750000
20130725 16070 16560 14660 14900 94584.00 148140000
20130724 15820 16380 15410 16080 107222.00 171700000
20130723 15250 15840 14820 15800 86078.00 132660000
20130722 14500 15380 14220 15380 68641.00 103450000
20130719 15600 15960 14340 14580 100144.00 154480000
20130718 15270 16300 14810 15890 123881.00 195080000
20130717 15620 15970 14790 15290 158455.00 244540000
20130716 13860 15270 13850 15270 120830.00 176970000
20130715 13350 13930 13290 13880 62514.00 85540000
20130712 13320 13800 13120 13350 58627.00 79420000
20130711 13110 13550 12800 13320 71511.00 94390000
20130710 13140 13450 12560 13270 58925.00 77100000
20130709 12310 12860 12310 12850 36272.00 45900000
20130708 12960 13140 12300 12510 61231.00 77780000
20130705 14690 14880 13510 13590 80054.00 114820000
20130704 14090 15340 14020 14650 112749.00 167940000
20130703 13860 14400 13190 14400 89061.00 123820000
20130702 13900 14270 13700 14010 66492.00 92900000
20130701 13000 13660 12910 13650 46746.00 62410000
20130628 13350 13860 12930 13110 54350.00 72460000
20130627 14120 14870 13750 13860 97748.00 139620000
20130626 13160 14150 12910 13980 85989.00 116940000
20130625 12590 13590 11710 13320 82075.00 104070000
20130624 13980 14170 12830 12840 52052.00 69790000
20130621 13880 14840 13100 14260 69640.00 95310000
20130620 15300 15650 14500 14550 64923.00 98410000
20130619 14610 16100 14510 15730 105653.00 164570000
20130618 14990 15000 14430 14810 54936.00 80920000
20130617 15000 15880 14720 15190 96770.00 148280000
20130614 14350 15490 14140 15220 77904.00 116070000
20130613 15200 15200 13840 14220 69564.00 98730000
20130607 14950 15680 14770 15380 97941.00 149170000
20130606 15050 15200 14640 14790 59127.00 87620000
20130605 15290 15670 15060 15280 46524.00 71310000
20130604 15650 15970 14830 15280 64725.00 100100000
20130603 16020 16190 15720 15860 72361.00 115280000
20130531 16070 16950 15500 16530 122125.00 196310000
20130530 16590 17330 16480 16480 97229.00 164000000
20130529 16320 16750 16010 16530 80384.00 131960000
20130528 17660 17660 15890 16630 109269.00 180880000
20130527 18170 18330 17300 17650 95858.00 170250000
20130524 17980 18500 17100 18170 116118.00 204820000
20130523 17900 18970 17510 18000 115416.00 211220000
20130522 17580 18600 16830 18500 137658.00 246440000
20130521 16200 17740 16130 17740 110913.00 189240000
20130520 14660 16130 14550 16130 125308.00 194570000
20130517 14500 14980 14270 14660 115897.00 169280000
20130516 14220 15100 13930 15100 178559.00 261610000
20130515 24500 27560 24500 27560 43810.00 116730000
20130514 25200 25200 24390 25050 28602.00 70940000
20130513 25690 25770 24650 25490 33881.00 85250000
20130510 24980 26980 24450 26080 62278.00 159850000
20130509 22390 24560 22070 24560 48522.00 116130000
20130508 21650 22350 21260 22330 13996.00 30550000
20130507 21480 21690 20900 21650 9744.00 20660000
20130506 20710 21820 20570 21500 11534.00 24510000
20130503 20450 21160 20400 20630 7552.00 15700000
20130502 19650 20380 19650 20240 5474.00 11000000
20130426 21200 21300 19610 19650 11215.00 22550000
20130425 21800 22490 21000 21000 20909.00 45330000
20130424 20430 21790 20430 21620 17051.00 36490000
20130423 20930 21230 20250 20390 10446.00 21500000
20130422 20080 20930 20000 20930 11136.00 22980000
20130419 20010 20850 20010 20420 12141.00 24850000
20130418 19430 20280 19130 20140 9374.00 18590000
20130417 19160 19770 19150 19530 5836.00 11380000
20130416 18820 19360 18580 19170 4458.00 8440000
20130415 19600 19600 18850 19120 6912.00 13230000
20130412 19180 20370 19150 19850 14788.00 29390000
20130411 19150 19550 19130 19380 8206.00 15900000
20130410 19040 19430 18880 19250 7835.00 15040000
20130409 19060 19160 18900 19050 6583.00 12510000
20130408 18100 19110 17510 18970 8916.00 16650000
20130403 18200 18430 17880 18210 2955.00 5360000
20130402 18610 18850 18120 18180 5030.00 9290000
20130401 18220 19330 18200 18770 5790.00 10780000
20130329 17860 18750 17810 18410 5075.00 9300000
20130328 18930 18930 18000 18010 8929.00 16220000
20130327 19060 19420 18800 19060 4670.00 8940000
20130326 19210 19480 18580 19190 7201.00 13640000
20130325 19620 19950 19250 19500 6763.00 13160000
20130322 19710 19950 19530 19630 8922.00 17580000
20130321 19200 20140 19150 19890 13354.00 26340000
20130320 18460 19550 18290 19400 10886.00 20580000
20130319 18700 18880 18160 18200 6365.00 11740000
20130318 19390 19390 18400 18710 11823.00 22250000
20130315 19440 20300 19120 19700 9648.00 19150000
20130314 19650 19680 19360 19420 3946.00 7700000
20130313 19150 19750 18930 19500 5675.00 10960000
20130312 20400 20600 18900 19460 10763.00 21280000
20130311 20530 20890 20210 20430 7023.00 14390000
20130308 21580 21850 20750 20750 10586.00 22450000
20130307 22000 22290 21300 21850 13201.00 28640000
20130306 22200 22470 21700 22330 13796.00 30530000
20130305 20900 22230 20900 22220 13088.00 28350000
20130304 22400 23060 21140 21140 20812.00 46100000
20130301 22910 22910 22140 22620 19066.00 43070000
20130228 22340 23480 22310 22590 36286.00 82700000
20130227 20430 22550 20000 22350 37391.00 80620000
20130226 21070 21570 20500 20500 23372.00 49140000
20130225 20000 21530 20000 21370 29915.00 62350000
20130222 20400 20700 19890 19980 12425.00 25130000
20130221 20390 20560 19930 20400 13301.00 26940000
20130220 19780 20820 19700 20630 20126.00 41160000
20130219 19520 20580 19520 19950 23080.00 46690000
20130218 19590 19970 19500 19700 10329.00 20370000
20130208 19400 20200 19230 19950 15365.00 30410000
20130207 18950 19580 18730 19350 12298.00 23690000
20130206 18880 19240 18800 18950 7069.00 13440000
20130205 18450 18960 18450 18920 7804.00 14670000
20130204 18940 19030 18510 18600 10104.00 18880000
20130201 18980 19500 18610 19030 12870.00 24710000
20130131 19510 19700 18750 18980 15154.00 28740000
20130130 19350 20260 19200 19680 17496.00 34400000
20130129 19300 20460 19120 19680 27402.00 54710000
20130128 18620 19270 18620 19100 15463.00 29410000
20130125 18940 19060 18310 18550 15681.00 29350000
20130124 20330 20330 18600 19000 32281.00 62840000
20130123 19900 20920 19420 20500 39968.00 80410000
20130122 20870 22200 20500 20810 56442.00 119520000
20130121 21080 21280 19760 20190 54242.00 110100000
20130118 20820 21730 19750 21730 69704.00 146270000
20130117 18800 20200 18800 19750 34846.00 68230000
20130116 18900 19470 18190 19030 22837.00 43050000
20130115 19500 20400 18900 19090 42681.00 83050000
20130114 17150 19210 17150 18950 34203.00 63100000
20130111 16850 18470 16850 17460 39936.00 71110000
20130110 16810 17300 16510 16790 17033.00 28880000
20130109 16890 17380 16400 16960 30307.00 51100000
20130108 15910 17480 15910 16930 47691.00 79780000
20130107 15180 16380 14860 16150 31163.00 48980000
20130104 15210 15330 14930 15290 12940.00 19600000
20121231 15650 15650 15010 15180 14514.00 22150000
20121228 15240 15640 15150 15530 17029.00 26280000
20121227 15990 15990 15120 15150 25544.00 39470000
20121226 15420 15990 15320 15960 28294.00 44390000
20121225 15460 16000 15300 15610 28914.00 45180000
20121224 15110 15430 15060 15380 19134.00 29160000
20121221 15300 15600 15050 15310 30556.00 46600000
20121220 15110 15850 15000 15540 56887.00 88100000
20121219 14200 15200 14200 15200 28410.00 41890000
20121218 14100 14180 13740 13820 14039.00 19640000
20121217 14480 14800 14020 14200 21590.00 30780000
20121214 13560 14360 13560 14170 22960.00 32300000
20121213 13550 14200 13370 13760 20749.00 28610000
20121212 13600 13680 13250 13640 14147.00 19030000
20121211 13700 13970 13600 13600 22817.00 31430000
20121210 13310 14650 13310 14040 43032.00 60630000
20121207 13020 13400 12930 13320 15118.00 19970000
20121206 13030 13400 12870 13050 17896.00 23480000
20121205 12260 13090 12260 12950 15291.00 19590000
20121204 12000 12960 11680 12560 10547.00 13030000
20121203 12330 12560 11900 12000 6396.00 7830000
20121130 12290 12660 12100 12490 6626.00 8220000
20121129 12600 12700 12200 12230 4655.00 5810000
20121128 12490 12740 12420 12600 4441.00 5580000
20121127 13350 13350 12520 12590 11754.00 15120000
20121126 13750 13880 13500 13500 6047.00 8290000
20121123 13730 14090 13660 13780 7931.00 11050000
20121122 13990 14000 13630 13710 6292.00 8680000
20121121 13740 14110 13570 14050 9375.00 13010000
20121120 13910 14130 13730 13740 7347.00 10220000
20121119 13470 13950 13470 13900 6080.00 8330000
20121116 13660 13820 13240 13720 9346.00 12720000
20121115 14090 14240 13610 13660 6340.00 8790000
20121114 14020 14200 13940 14140 6242.00 8790000
20121113 14540 14540 13850 14000 8462.00 11940000
20121112 14410 14570 14250 14560 5682.00 8200000
20121109 14300 14500 14200 14410 5294.00 7580000
20121108 15040 15060 14300 14440 11487.00 16930000
20121107 14880 15290 14880 15240 12567.00 19000000
20121106 14850 15200 14470 15200 13705.00 20290000
20121105 15150 15190 14700 14850 9060.00 13400000
20121102 15320 15390 14910 15000 13715.00 20690000
20121101 15180 15540 15060 15380 14461.00 22140000
20121031 14910 15150 14840 15100 11340.00 17050000
20121030 15000 15120 14730 14980 9579.00 14280000
20121029 14850 15100 14750 14930 7080.00 10560000
20121026 15160 15180 14700 14850 14056.00 20870000
20121025 16280 16400 15010 15160 30223.00 46650000
20121024 16400 16660 16170 16370 14005.00 22970000
20121023 16800 17250 16690 16810 22311.00 37850000
20121022 16880 17060 16520 16890 16173.00 27150000
20121019 16890 17130 16760 16990 26000.00 44020000
20121018 16010 17500 15850 17240 45900.00 77300000
20121017 15840 16020 15550 15970 12018.00 19030000
20121016 16000 16180 15710 15900 13199.00 21000000
20121015 15950 16500 15920 16190 19103.00 30950000
20121012 15690 16250 15380 15920 23288.00 36880000
20121011 17910 17980 16390 16390 39969.00 68110000
20121010 17180 18660 17010 18210 52641.00 94520000
20121009 16520 17550 16520 17230 31436.00 53740000
20121008 16500 16650 16300 16590 12453.00 20550000
20120928 16330 16720 16220 16520 14625.00 24100000
20120927 16090 16730 16030 16550 16210.00 26580000
20120926 17900 18300 16280 16300 30468.00 51170000
20120925 17700 18130 17500 18090 16403.00 29390000
20120924 17120 17950 17120 17950 17704.00 31330000
20120921 17900 18200 17300 17390 19513.00 34630000
20120920 19170 19170 17770 18000 32953.00 60020000
20120919 19000 19480 18540 19380 23976.00 45560000
20120918 19300 19700 18610 18940 20460.00 39280000
20120917 19510 19960 19030 19200 20894.00 40710000
20120914 19550 20350 18910 19680 37957.00 73800000
20120913 20400 21240 19660 19660 39556.00 80710000
20120912 20980 21400 20110 20710 39575.00 81930000
20120911 20400 20980 20060 20950 47288.00 96870000
20120910 19830 22220 19800 21000 81228.00 168690000
20120907 19800 21820 19560 20440 97173.00 201550000
20120906 19700 20460 19400 19840 57020.00 113330000
20120905 20100 20830 19800 20000 66554.00 134490000
20120904 20120 20870 19260 20830 86326.00 172900000
20120903 18050 20120 17930 20120 96007.00 187750000
20120831 17450 18960 17390 18290 84999.00 153270000
20120830 17740 17740 17200 17740 98592.00 174600000
20120829 16130 16130 16130 16130 11055.00 17830000
20120828 13170 14660 13170 14660 13164.00 18800000
20120827 13540 13700 13270 13330 4822.00 6480000
20120824 14340 14340 13640 13640 9768.00 13660000
20120823 13890 14380 13850 14380 10721.00 15200000
20120822 14070 14260 13840 13920 8555.00 12030000
20120821 13950 14290 13880 14040 13758.00 19340000
20120820 13680 14010 13410 13980 7118.00 9780000
20120817 13320 13730 13300 13720 5610.00 7590000
20120816 13600 13600 13340 13350 6364.00 8540000
20120815 13870 14280 13620 13700 12352.00 17210000
20120814 13780 13980 13150 13930 12931.00 17610000
20120813 13400 14070 13400 13720 13861.00 19090000
20120810 13660 13920 13300 13520 5934.00 8110000
20120809 13580 13790 13340 13740 9666.00 13120000
20120808 13500 13980 13400 13580 9803.00 13410000
20120807 13500 13650 13320 13580 8963.00 12110000
20120806 12950 13740 12950 13690 16170.00 21600000
20120803 12750 13450 12680 13450 9756.00 12890000
20120802 12540 12840 12530 12740 2853.00 3620000
20120801 12400 12740 12400 12630 2573.00 3240000
20120731 12600 12600 12160 12350 3074.00 3790000
20120730 13200 13300 12400 12600 6220.00 8030000
20120727 13130 13440 12900 13270 7375.00 9740000
20120726 13100 13170 12930 12990 2832.00 3690000
20120725 13010 13310 12930 13030 4669.00 6130000
20120724 12620 13190 12620 13160 4783.00 6220000
20120723 12750 13350 12600 12880 6690.00 8690000
20120720 12850 12930 12680 12850 4156.00 5320000
20120719 12440 12810 12430 12810 5967.00 7560000
20120718 12120 12460 12110 12450 2157.00 2650000
20120717 12030 12380 12030 12310 2153.00 2620000
20120716 12650 12890 12180 12180 6745.00 8350000
20120713 12750 13490 12730 12880 9676.00 12680000
20120712 12580 12660 12220 12610 4551.00 5680000
20120711 12570 12700 12420 12540 2425.00 3030000
20120710 12760 12990 12220 12460 5947.00 7490000
20120709 13230 13440 12950 13000 5851.00 7700000
20120706 13380 13500 12910 13460 8299.00 10990000
20120705 13110 14280 13030 13380 15836.00 21230000
20120704 13170 13460 13070 13090 5370.00 7090000
20120703 13020 13240 13010 13240 7045.00 9260000
20120702 12660 13110 12660 13020 7153.00 9260000
20120629 12560 12660 12150 12660 5278.00 6570000
20120628 13130 13200 12390 12560 6793.00 8750000
20120627 12960 13390 12880 13060 5934.00 7810000
20120626 12770 12960 12550 12960 3591.00 4570000
20120625 13300 13300 12860 12870 3761.00 4920000
20120621 13580 13600 13030 13170 7270.00 9570000
20120620 13140 13560 13070 13480 10394.00 13900000
20120619 13070 13350 13000 13070 7684.00 10120000
20120618 12800 13200 12800 13020 5468.00 7130000
20120615 12900 12910 12710 12790 3112.00 3980000
20120614 13000 13210 12800 12830 6735.00 8710000
20120613 12500 13610 12500 13130 10358.00 13610000
20120612 12570 12760 12510 12570 2459.00 3100000
20120611 12300 12780 12280 12690 5474.00 6880000
20120608 12300 12500 12020 12220 3387.00 4140000
20120607 12540 12550 12110 12170 2993.00 3700000
20120606 12380 12500 12230 12350 2750.00 3400000
20120605 12350 12470 12270 12350 2740.00 3380000
20120604 12810 12810 12330 12370 5091.00 6370000
20120601 13000 13170 12870 12910 5007.00 6490000
20120531 12690 13380 12610 13000 11494.00 14960000
20120530 12610 12860 12550 12750 4785.00 6080000
20120529 12380 12780 12380 12680 6393.00 8070000
20120528 12290 12580 11930 12540 5923.00 7220000
20120525 12860 12890 12360 12450 8237.00 10330000
20120524 12770 13000 12600 12880 5868.00 7510000
20120523 12980 13130 12700 12840 8452.00 10880000
20120522 12990 13180 12940 13010 8790.00 11470000
20120521 13770 13770 12920 13020 17495.00 23080000
20120518 13770 14500 13660 13900 39615.00 55720000
20120517 12330 13560 12250 13560 16752.00 22180000
20120516 12390 12590 12270 12330 2333.00 2880000
20120515 12340 12580 12300 12500 2363.00 2930000
20120514 12600 12730 12410 12500 3047.00 3830000
20120511 12870 12870 12550 12590 2341.00 2970000
20120510 12500 12990 12480 12760 4860.00 6230000
20120509 12680 12680 12450 12500 3112.00 3900000
20120508 12730 12820 12500 12730 4930 6231000
20120507 12210 12770 12210 12730 6196 7799000
20120504 12190 12450 12190 12400 3977 4916000
20120503 12300 12300 11950 12190 3284 3978000
20120502 12300 12300 12050 12180 3237 3944000
20120427 11930 12220 11840 12100 3183 3851000
20120426 12110 12150 11900 12000 3077 3699000
20120425 11980 12180 11900 12180 4962 5948000
20120424 12360 12380 11660 11920 7903 9529000
20120423 13700 13700 12350 12360 14044 18041000
20120420 13740 13740 13620 13720 5113 7001000
20120419 13650 13700 13530 13700 4139 5637000
20120418 13380 13670 13360 13660 5784 7810000
20120417 13410 13560 13250 13260 3323 4454000
20120416 13540 13590 13430 13530 4527 6118000
20120413 13540 13740 13540 13550 6958 9480000
20120412 13260 13670 13170 13620 5756 7723000
20120411 13320 13410 13080 13260 3918 5193000
20120410 13330 13480 12820 13400 6719 8872000
20120409 13410 13890 13100 13600 11203 15099000
20120406 13320 13580 13320 13410 4386 5896000
20120405 13200 13480 13100 13400 3989 5322000
20120330 13230 13450 13110 13110 4303 5704000
20120329 13500 13560 13210 13310 3657 4905000
20120328 13800 13870 13300 13530 8123 10981000
20120327 14150 14280 13780 13850 10161 14201000
20120326 14700 14750 14150 14200 18853 26948000
20120323 16250 16350 15710 15720 4362 6941000
20120322 15800 16360 15700 16340 5303 8528000
20120321 16050 16149 15410 15750 4932 7793000
20120320 16680 16680 15900 16059 7451 12062000
20120319 16219 16780 16200 16690 7155 11849000
20120316 16090 16250 15700 16250 6957 11167000
20120315 16120 16200 15640 15910 5635 8945000
20120314 16960 17270 15620 16000 14110 23317000
20120313 16700 17100 16700 16940 10793 18260000
20120312 16770 16980 16590 16860 14901 24950000
20120309 16300 17490 16020 17150 26533 44779000
20120308 15730 16470 15730 16280 13660 22163000
20120307 16210 16450 15880 15890 12877 20843000
20120306 16000 16500 15610 16400 16862 27321000
20120305 16070 16129 15870 16000 4048 6464000
20120302 16140 16140 15920 16040 6277 10052000
20120301 15770 16050 15700 15980 4201 6681000
20120229 15700 16079 15540 15880 8010 12665000
20120228 16050 16239 15880 15990 8794 14077000
20120227 16250 16370 15920 16200 10712 17268000
20120224 15940 16300 15860 16250 14750 23668000
20120223 15300 16830 15300 16350 32914 54439000
20120222 14880 15420 14880 15300 6857 10436000
20120221 14660 14900 14430 14900 4266 6283000
20120220 14810 14890 14650 14660 3897 5739000
20120217 14990 14990 14600 14610 2861 4207000
20120216 14940 15150 14730 14830 4293 6410000
20120215 14600 14950 14400 14940 4771 7054000
20120214 14880 14880 14560 14660 1999 2933000
20120213 14490 14930 14490 14760 4114 6080000
20120210 14510 14980 14500 14610 3174 4663000
20120209 14700 14970 14600 14630 4683 6937000
20120208 14080 14670 13880 14670 5420 7806000
20120207 14210 14440 13960 14040 2868 4042000
20120206 14680 14680 14060 14400 3563 5110000
20120203 13710 14480 13710 14380 4768 6777000
20120202 13730 13830 13550 13790 1396 1913000
20120201 13380 13810 13380 13540 1675 2291000
20120131 13680 13700 13330 13570 2085 2804000
20120130 13690 13980 13550 13660 2410 3321000
20120120 13600 13730 13420 13690 2368 3227000
20120119 13250 13680 13200 13450 2756 3694000
20120118 13580 13820 13060 13150 2967 3985000
20120117 12980 13670 12890 13670 3870 5163000
20120116 12940 13280 12800 12850 2910 3792000
20120113 14490 14490 13010 13120 6315 8444000
20120112 14380 14800 14360 14450 2546 3700000
20120111 14550 14980 14270 14620 2909 4262000
20120110 14000 14780 13980 14560 4613 6669000
20120109 13220 14100 13160 14050 3326 4585000
20120106 13000 13470 13000 13410 2404 3186000
20120105 14450 14450 13100 13170 4607 6303000
20120104 15880 15890 14400 14550 3523 5401000
20111229 15230 15690 15230 15460 1853 2879000
20111228 15790 15980 15000 15590 2760 4287000
20111227 16550 16550 15800 15820 2539 4081000
20111226 16740 16820 16520 16610 2130 3552000
20111223 16500 16970 16309 16660 3188 5320000
20111222 16379 16780 15700 16550 4727 7660000
20111221 17050 17300 16400 16400 4484 7589000
20111220 17680 17980 16830 16830 9731 17078000
20111219 16690 17220 16510 17190 6434 10907000
20111216 16300 16790 16100 16790 3283 5389000
20111215 16020 16480 16020 16180 3543 5756000
20111214 16350 16490 16000 16100 2811 4569000
20111213 16700 16800 16090 16290 4215 6919000
20111212 16910 17090 16800 16880 2843 4809000
20111209 16820 17140 16700 16860 3109 5260000
20111208 16600 17240 16400 16900 5662 9564000
20111207 16570 16880 16510 16700 3452 5755000
20111206 16250 16770 16250 16620 3378 5582000
20111205 17320 17320 16410 16460 5893 9897000
20111202 17600 17600 17030 17340 10890 18804000
20111201 17970 18400 17510 17720 15162 27255000
20111130 18660 18660 16700 17430 18606 33030000
20111129 17510 18530 17350 18520 18379 32991000
20111128 17730 17950 17140 17330 17256 30211000
20111125 18750 18940 17900 17900 20733 38361000
20111124 18600 18970 18350 18900 35599 66503000
20111123 17740 19140 17690 19140 49823 94445000
20111122 17190 17500 16900 17400 6842 11757000
20111121 17710 17960 16980 17290 9057 15704000
20111118 18780 18860 17800 17930 12380 22514000
20111117 18570 19300 18560 18930 12038 22800000
20111116 19100 19390 18410 18630 11771 22368000
20111115 19300 19660 18980 19270 16884 32479000
20111114 18300 19900 18220 19680 26369 50642000
20111111 18250 18440 17900 18160 9621 17511000
20111110 17990 18700 17700 18250 15942 29193000
20111109 17760 18150 17620 18120 7049 12621000
20111108 17950 18000 17500 17650 7667 13612000
20111107 18120 18290 17970 18000 8705 15753000
20111104 17900 18300 17710 18120 11167 20167000
20111103 18000 18570 17720 17800 19086 34650000
20111102 17020 18190 17000 18030 14859 26362000
20111101 17300 17490 16960 17340 9284 15986000
20111031 17180 17630 17050 17480 10045 17459000
20111028 17000 17280 16830 17180 8126 13846000
20111027 16990 17120 16590 16680 6125 10317000
20111026 16860 17280 16800 16880 8545 14542000
20111025 16200 17020 16180 16960 8573 14361000
20111024 16280 16660 15310 16560 5997 9596000
20111021 16750 16750 16100 16100 5212 8507000
20111020 17020 17080 16340 16630 9290 15438000
20111019 17530 17870 17460 17490 5845 10309000
20111018 17980 18340 17410 17450 10255 18386000
20111017 17390 18200 17390 18120 11533 20555000
20111014 17390 17620 17160 17580 7341 12761000
20111013 17170 17760 17040 17300 9618 16797000
20111012 16350 17400 16030 17100 8414 14239000
20111011 16840 16940 16100 16379 6400 10610000
20111010 16600 16600 16370 16430 3080 5068000
20110930 17230 17690 16120 16430 9419 15632000
20110929 17700 17720 17300 17350 6815 11942000
20110928 17780 17940 17480 17790 9140 16180000
20110927 17890 17950 17200 17600 8965 15746000
20110926 17650 18120 17540 17660 7898 14034000
20110923 17600 17930 17410 17660 12679 22332000
20110922 19000 19470 18000 18060 19467 36546000
20110921 18610 19500 18540 19350 23245 44529000
20110920 18300 18920 18230 18750 19045 35556000
20110919 18280 18760 17500 18370 20513 37502000
20110916 18790 18940 18250 18300 14343 26587000
20110915 18680 18990 18550 18790 20704 38878000
20110914 18410 18720 17810 18720 23163 42345000
20110913 18050 18510 17770 18450 13819 25013000
20110909 18710 18890 18120 18260 21066 39032000
20110908 20300 20670 18500 18790 30951 61764000
20110907 20000 20560 19650 20470 20133 40538000
20110906 20160 20380 19260 19690 15686 30900000
20110905 20300 20720 19940 20160 16985 34460000
20110902 21690 21690 20630 20740 20869 44063000
20110901 22200 22570 21210 22000 30387 65883000
20110831 21630 23780 21550 22200 40080 89359000
20110830 22430 22430 21020 21620 27518 59400000
20110829 20980 22640 20600 21990 32342 69775000
20110826 19650 21300 19650 20780 29530 60670000
20110825 19250 20100 18710 20080 26530 51475000
20110824 19020 19270 18700 19040 16847 31982000
20110823 18300 18990 17950 18960 19767 36741000
20110822 17360 18280 17360 18060 14722 26485000
20110819 16800 17460 16730 17450 7798 13282000
20110818 17900 17920 17210 17280 5822 10231000
20110817 17840 18000 17660 17850 5917 10561000
20110816 17800 17940 17590 17900 7808 13872000
20110815 17810 17860 17520 17800 6907 12249000
20110812 17350 17630 17310 17600 8715 15273000
20110811 16470 17390 16300 17260 8297 14123000
20110810 17000 17260 16680 16850 9808 16665000
20110809 16190 16860 15830 16570 8007 13124000
20110808 17180 17500 15830 16590 10107 16928000
20110805 17200 17570 17110 17390 12902 22423000
20110804 18460 18650 17950 17950 13436 24511000
20110803 18700 19430 18240 18470 22548 42382000
20110802 18790 19200 18260 19020 19651 36755000
20110801 18020 19020 18000 18980 17429 32557000
20110729 18540 18770 18010 18100 13871 25417000
20110728 18400 19200 18300 18650 17849 33475000
20110727 17880 18780 17620 18610 18877 34757000
20110726 17600 17930 17400 17860 10342 18292000
20110725 18170 18170 17300 17600 15702 27810000
20110722 17900 18470 17830 18400 13598 24675000
20110721 18270 18270 17700 17740 13086 23473000
20110720 18490 18840 17800 18190 11849 21624000
20110719 18880 18880 17770 18340 16374 29961000
20110718 18870 19330 18590 18930 15021 28422000
20110715 18200 19870 18050 18830 28379 54025000
20110714 18000 18350 17840 18260 15533 28101000
20110713 17140 18100 17140 18000 15681 27873000
20110712 17780 17870 17180 17290 15520 27132000
20110711 17690 18190 17540 17960 12135 21681000
20110708 17690 18140 17510 17630 20653 36736000
20110707 16700 18470 16700 17790 37231 66812000
20110706 16270 17120 16200 16790 20729 34694000
20110705 16300 16400 16110 16260 11336 18436000
20110704 16190 16530 16120 16390 13918 22780000
20110701 15830 16320 15760 16100 12654 20414000
20110630 15700 15990 15660 15800 8821 13973000
20110629 16200 16280 15650 15660 12182 19402000
20110628 15950 16280 15830 16170 11474 18417000
20110627 15930 16270 15810 15950 18187 29142000
20110624 15410 16239 15410 15930 26760 42332000
20110623 14840 15660 14700 15540 18952 29029000
20110622 15120 15200 14800 14910 8808 13194000
20110621 14950 15300 14820 15250 14667 22182000
20110620 14790 14900 14550 14890 9733 14332000
20110617 15200 15210 14800 14820 11651 17467000
20110616 15050 15300 14980 15190 12456 18863000
20110615 15600 15650 15110 15190 22441 34507000
20110614 15590 15800 15530 15600 25905 40555000
20110613 15430 15860 15350 15640 25169 39229000
20110610 15390 15850 15200 15720 43712 67916000
20110609 16050 16680 15440 15570 69771 111978000
20110608 17300 17540 15800 16430 120925 201324000
