20180302 36300 37380 36120 37150 31517 116038359 3.45 1.08 1.67 14118 17399 0.81 1.69
20180301 35270 36800 35210 36540 27035 97848690 4.44 0.97 2.04 13585 13450 1.01 1.45
20180228 35500 35920 35270 35810 28936 103008278 1.81 1.15 -0.53 16063 12873 1.25 1.55
20180227 35580 36280 35210 36000 38526 137696652 3.03 1.70 1.90 18599 19927 0.93 2.06
20180226 34250 35590 33900 35330 28847 100457543 4.97 1.27 3.82 14098 14749 0.96 1.54
20180223 34480 34800 33550 34030 22753 77472799 3.63 0.95 -1.08 13685 9068 1.51 1.22
20180222 33790 34400 33300 34400 20037 67658500 3.31 0.78 3.61 10007 10030 1.00 1.07
20180214 33060 33470 32800 33200 15620 51624950 2.01 0.50 -0.51 9098 6522 1.39 0.84
20180213 33660 33910 33060 33370 26372 88352710 2.54 0.84 -0.24 15535 10837 1.43 1.41
20180212 32520 33580 32360 33450 28743 95356097 3.80 0.93 4.14 12203 16540 0.74 1.54
20180209 32850 33550 31710 32120 28386 92399541 5.47 0.88 -4.55 16900 11486 1.47 1.52
20180208 32790 33750 32000 33650 29242 97441226 5.34 0.88 2.72 12810 16432 0.78 1.56
20180207 33400 33580 31550 32760 42194 137601883 6.20 1.30 0.03 25112 17082 1.47 2.26
20180206 34510 35110 32680 32750 28216 96167448 6.94 0.93 -6.43 16550 11666 1.42 1.51
20180205 34810 35490 34490 35000 27278 95566689 2.84 0.89 -0.62 13178 14100 0.93 1.46
20180202 35700 36480 35020 35220 34182 122035689 4.05 1.19 -2.30 22484 11698 1.92 1.83
20180201 36390 37600 36000 36050 33803 124907533 4.40 1.19 -0.96 20620 13183 1.56 1.81
20180131 38030 38680 36150 36400 39380 146438295 6.62 1.51 -4.76 27774 11606 2.39 2.11
20180130 38080 38800 37880 38220 17691 68068605 2.41 0.65 0.31 7994 9697 0.82 0.95
20180129 37500 38700 37500 38100 27968 107003187 3.16 0.97 0.37 15424 12544 1.23 1.50
20180126 38700 39270 37800 37960 24598 94643372 3.79 0.89 -2.16 14344 10254 1.40 1.32
20180125 40270 40300 37380 38800 31828 124207918 7.30 1.24 -3.05 18337 13491 1.36 1.70
20180124 39000 40700 38780 40020 28482 113959023 4.88 0.96 1.78 12578 15904 0.79 1.53
20180123 38830 39750 38530 39320 22349 87273932 3.13 0.63 0.95 11007 11342 0.97 1.20
20180122 39800 39800 37240 38950 36454 140715048 6.42 1.09 -2.36 18192 18262 1.00 1.96
20180119 39350 40440 39200 39890 19690 78753551 3.14 0.58 0.99 9573 10118 0.95 1.06
20180118 39500 40300 39060 39500 21514 85326020 3.14 0.64 -0.05 11435 10080 1.13 1.16
20180117 42020 42020 38010 39520 48626 193750735 9.55 1.78 -5.90 26803 21822 1.23 2.62
20180116 39680 42780 39680 42000 50918 213669662 7.81 2.33 5.85 23808 27111 0.88 2.74
20180115 40400 41160 39680 39680 26723 108607535 3.69 1.18 -1.15 12373 14350 0.86 1.44
20180112 40800 40960 39720 40140 21504 86617727 3.06 0.89 -0.79 11474 10030 1.14 1.16
20180111 40880 41450 40450 40460 21566 88015014 2.44 0.70 -1.32 11858 9709 1.22 1.16
20180110 40820 41780 40700 41000 15918 65628659 2.62 0.41 -0.36 6872 9046 0.76 0.86
20180109 41420 41640 40530 41150 23750 97549036 2.66 0.55 -1.32 12847 10903 1.18 1.28
20180108 40720 42090 40100 41700 30845 127134448 4.87 0.66 2.06 11512 19333 0.60 1.66
20180105 41010 41400 40550 40860 29066 118714801 2.05 0.93 -1.47 15794 13272 1.19 1.56
20180104 39810 41480 39710 41470 54091 220560556 4.39 0.98 2.80 22447 31644 0.71 2.91
20180103 39660 40800 39320 40340 58285 234186657 3.74 0.89 2.00 25894 32391 0.80 3.14
20180102 39330 39770 38850 39550 43234 169799078 2.32 0.64 -0.13 24922 18312 1.36 2.33
20171229 37920 39900 37920 39600 49179 192588465 5.22 0.80 4.35 20137 29041 0.69 2.65
20171228 38650 39800 37900 37950 51633 200109731 4.87 0.94 -2.74 27721 23911 1.16 2.78
20171227 38660 40400 38180 39020 74246 292350928 5.74 1.68 0.83 37603 36643 1.03 4.00
20171226 39330 39400 37700 38700 109678 421009120 4.50 3.88 2.41 57278 52400 1.09 5.91
20171225 37790 37790 37010 37790 54640 206334854 2.27 2.78 10.01 50897 3743 13.60 2.94
20171222 34550 34650 33800 34350 15884 54340259 2.46 0.81 -0.52 8502 7382 1.15 1.01
20171221 34080 34680 33860 34530 19257 66152993 2.40 0.97 1.20 6523 12734 0.51 1.23
20171220 34400 34940 34120 34120 21765 75208123 2.37 1.20 -1.47 14821 6944 2.13 1.39
20171219 33140 34990 33140 34630 29799 102128129 5.58 1.87 4.43 9371 20428 0.46 1.90
20171218 33470 33690 33010 33160 11484 38190565 2.03 0.62 -0.87 7675 3808 2.02 0.73
20171215 33510 33510 32870 33450 15767 52272014 1.90 0.88 -0.45 8826 6941 1.27 1.01
20171214 33390 33800 33020 33600 20296 68010236 2.35 1.31 1.33 8403 11892 0.71 1.30
20171213 33570 33570 33100 33160 13328 44354530 1.41 0.91 -0.36 6511 6817 0.96 0.85
20171212 33000 33690 32820 33280 18889 63031382 2.63 1.36 0.76 8040 10849 0.74 1.21
20171211 32110 33500 31350 33030 24769 81210845 6.79 2.25 4.29 9168 15601 0.59 1.58
20171208 31070 31950 30800 31670 12565 39553787 3.73 1.16 2.79 4559 8006 0.57 0.80
20171207 30950 31170 30750 30810 8051 24901630 1.36 0.69 -0.29 4669 3382 1.38 0.51
20171206 30410 30970 30410 30900 9148 28105568 1.83 0.79 1.01 4513 4635 0.97 0.58
20171205 31960 31960 30310 30590 14703 45738816 5.23 1.30 -2.95 9151 5553 1.65 0.94
20171204 31950 32260 31500 31520 10529 33535274 2.37 0.89 -1.81 6438 4091 1.57 0.67
20171201 31530 32440 31500 32100 11868 38048440 2.98 0.97 1.71 4846 7022 0.69 0.76
20171130 31790 31790 31540 31560 12309 38991517 0.78 0.92 -1.00 8142 4167 1.95 0.79
20171129 32250 32260 31670 31880 8690 27671694 1.84 0.57 -0.41 4024 4666 0.86 0.55
20171128 31250 32100 31250 32010 12991 41437211 2.71 0.73 2.17 5965 7027 0.85 0.83
20171127 31010 31720 30610 31330 13551 42421557 3.58 0.70 1.06 6795 6757 1.01 0.86
20171124 31240 31400 30610 31000 13822 43050927 2.51 0.60 -1.49 6266 7555 0.83 0.93
20171123 32350 32350 31450 31470 17909 56850743 2.78 0.70 -2.87 11275 6634 1.70 1.20
20171122 32550 33090 31980 32400 18483 60085614 3.38 0.67 -1.34 11284 7199 1.57 1.24
20171121 32970 33470 32250 32840 25326 83147785 3.68 0.84 -0.99 13686 11641 1.18 1.70
20171120 32900 33400 31800 33170 21320 69729679 4.92 0.65 1.90 8680 12640 0.69 1.43
20171117 33900 34150 32300 32550 31317 104040834 5.47 0.88 -3.73 20131 11187 1.80 2.10
20171116 34360 34360 33320 33810 31467 106402979 3.03 0.94 -1.66 18805 12662 1.49 2.11
20171115 34780 35250 33880 34380 28474 98180154 3.92 0.83 -1.60 17629 10845 1.63 1.91
20171114 34690 35800 34390 34940 38956 136879857 4.06 1.32 0.69 19677 19279 1.02 2.62
20171113 35000 35500 34580 34700 34501 120207555 2.62 1.25 -1.14 19512 14989 1.30 2.32
20171110 34150 35360 33830 35100 44224 152994633 4.50 2.00 3.17 20045 24179 0.83 2.97
20171109 33900 34260 33540 34020 22009 74651756 2.12 0.99 0.32 11527 10482 1.10 1.48
20171108 33200 34300 32880 33910 32440 109266613 4.28 1.54 2.26 12523 19917 0.63 2.18
20171107 33000 33550 32820 33160 14274 47183650 2.21 0.65 0.18 7626 6648 1.15 0.96
20171106 33000 33430 32600 33100 25581 84509623 2.55 1.12 1.53 13232 12350 1.07 1.72
20171103 31900 32670 31610 32600 16520 53422431 3.31 0.66 1.72 7116 9404 0.76 1.11
20171102 33090 33150 32010 32050 22322 72792409 3.47 0.74 -2.49 13668 8654 1.58 1.50
20171101 32600 33280 32430 32870 26390 86672375 2.59 0.88 0.24 11968 14422 0.83 1.77
20171031 32300 32900 32170 32790 18933 61619197 2.26 0.59 1.52 8702 10232 0.85 1.27
20171030 33270 33500 32100 32300 30148 98531763 4.19 0.97 -3.41 14834 15314 0.97 2.02
20171027 34270 34390 33390 33440 28004 94698841 2.91 0.91 -2.76 17901 10103 1.77 1.88
20171026 33950 34730 33700 34390 47956 164101092 3.05 1.60 1.99 23070 24886 0.93 3.22
20171025 33440 33980 33330 33720 24435 82209150 1.94 0.65 0.66 12684 11751 1.08 1.64
20171024 34150 34170 32830 33500 29867 99875433 3.95 0.76 -1.15 17312 12555 1.38 2.01
20171023 33490 34250 33250 33890 25893 87495245 2.98 0.53 1.10 13902 11991 1.16 1.74
20171020 33100 33750 32950 33520 25300 84491445 2.40 0.41 0.66 13121 12179 1.08 1.70
20171019 33450 33860 32980 33300 44654 148934890 2.59 0.78 -1.91 26581 18073 1.47 3.00
20171018 33520 34800 33520 33950 62776 215246031 3.81 1.25 1.04 26697 36079 0.74 4.22
20171017 33750 34140 33390 33600 38529 129964416 2.22 0.79 -0.59 22115 16414 1.35 2.59
20171016 33410 34600 33330 33800 70965 240624662 3.78 1.82 0.60 35977 34989 1.03 4.77
20171013 33010 34500 32660 33600 91495 305554528 5.76 3.95 5.13 40699 50796 0.80 6.14
20171012 31610 32680 31380 31960 24056 76891343 4.12 1.13 1.17 11439 12617 0.91 1.62
20171011 32200 32200 31430 31590 25700 81596050 2.39 1.28 -2.05 19005 6695 2.84 1.73
20171010 31480 32250 31320 32250 31429 100179234 2.95 1.92 2.28 13826 17603 0.79 2.11
20171009 31500 31690 31160 31530 21754 68453273 1.71 1.35 1.71 11305 10449 1.08 1.46
20170929 30880 31270 30810 31000 12840 39843446 1.50 0.74 0.88 7608 5232 1.45 0.86
20170928 31250 31250 30710 30730 15072 46673170 1.73 0.84 -1.57 10475 4597 2.28 1.01
20170927 30610 31860 30390 31220 19284 59788579 4.80 0.87 1.99 8349 10934 0.76 1.30
20170926 30500 31160 30300 30610 13000 39886663 2.79 0.40 -0.68 7658 5342 1.43 0.87
20170925 31000 32190 30800 30820 20277 63855596 4.42 0.50 -2.03 12009 8268 1.45 1.36
20170922 31180 31550 30450 31460 19597 60908162 3.54 0.47 1.16 10000 9597 1.04 1.32
20170921 31280 31510 31090 31100 17752 55531518 1.34 0.41 -0.64 10884 6868 1.58 1.19
20170920 31660 31800 30770 31300 40646 126888578 3.23 1.04 -1.94 21309 19337 1.10 2.73
20170919 33100 33100 31630 31920 66010 213017930 4.45 2.14 -3.45 35886 30124 1.19 4.43
20170918 31110 33140 30700 33060 57061 182613741 7.86 1.95 6.44 17331 39731 0.44 3.83
20170915 30680 31270 30150 31060 26785 82424340 3.62 0.98 0.39 10530 16255 0.65 1.80
20170914 30300 31340 30100 30940 25587 78810767 4.08 0.96 1.84 11215 14372 0.78 1.72
20170913 30000 30490 29810 30380 20106 60887831 2.27 0.72 1.27 7980 12126 0.66 1.35
20170912 30160 30320 30000 30000 24488 73806850 1.06 0.84 -0.37 14402 10085 1.43 1.64
20170911 30860 30910 29980 30110 49575 149907553 2.93 2.04 -5.28 28445 21130 1.35 3.33
20170908 32000 32180 31560 31790 17328 55133511 1.94 0.73 -0.53 8807 8521 1.03 1.16
20170907 32500 32880 31960 31960 21214 68865106 2.83 0.96 -1.75 13124 8091 1.62 1.42
20170906 31880 32650 31880 32530 26125 84583223 2.40 1.27 1.18 12036 14089 0.85 1.75
20170905 32350 32920 31630 32150 31741 102383628 4.04 1.73 0.78 17144 14597 1.17 2.13
20170904 30850 31990 30640 31900 25175 79368471 4.36 1.42 3.04 9347 15828 0.59 1.69
20170901 30890 31000 30520 30960 14215 43786712 1.56 0.73 0.72 6178 8037 0.77 0.95
20170831 30650 30960 30360 30740 13034 40094412 1.96 0.52 0.46 7261 5773 1.26 0.88
20170830 31090 31120 30410 30600 18540 56891870 2.28 0.71 -1.73 11861 6679 1.78 1.25
20170829 31650 32370 30930 31140 21024 65766339 4.53 0.73 -2.14 12558 8466 1.48 1.41
20170828 31600 31960 31320 31820 21742 69073245 2.04 0.80 1.34 11572 10170 1.14 1.46
20170825 31450 31790 30830 31400 23173 72498231 3.05 0.87 -0.22 13880 9293 1.49 1.56
20170824 30780 33980 30350 31470 41967 132105368 11.67 1.92 1.16 20471 21496 0.95 2.82
20170823 30700 31190 30230 31110 22769 70062562 3.14 1.09 1.80 9695 13074 0.74 1.53
20170822 30360 31400 30260 30560 34662 106974492 3.76 1.97 0.73 19193 15469 1.24 2.32
20170821 30100 30550 30010 30340 13125 39667930 1.79 0.68 0.30 7034 6091 1.15 0.88
20170818 30020 31130 29910 30250 20140 61570722 4.03 1.06 -0.03 10830 9310 1.16 1.35
20170817 29890 30600 29710 30260 18861 56853228 2.96 0.95 0.67 10327 8535 1.21 1.26
20170816 29900 30280 29620 30060 17269 51873556 2.21 0.75 0.54 7999 9270 0.86 1.16
20170815 30280 30280 29430 29900 18360 54753766 2.81 0.67 -1.25 11185 7175 1.56 1.23
20170814 29920 30330 29610 30280 22054 66410289 2.43 0.87 2.06 10070 11984 0.84 1.48
20170811 29540 29990 29370 29670 18024 53636835 2.09 0.75 -0.13 8101 9923 0.82 1.21
20170810 29800 30170 29500 29710 23109 68917960 2.24 0.98 -0.80 14135 8974 1.58 1.55
20170809 29950 30460 29600 29950 34310 103034281 2.88 1.65 0.23 18909 15402 1.23 2.30
20170808 28980 29950 28880 29880 40038 118295145 3.72 2.35 3.82 15435 24603 0.63 2.68
20170807 28360 28870 28360 28780 10949 31422825 1.80 0.60 1.59 5312 5637 0.94 0.73
20170804 28750 28820 28310 28330 12127 34576800 1.78 0.60 -1.19 8016 4111 1.95 0.81
20170803 28270 29180 28100 28670 20117 57900083 3.82 0.88 1.38 10004 10112 0.99 1.35
20170802 28960 28960 28230 28280 20727 59271285 2.52 1.03 -2.21 13889 6837 2.03 1.39
20170801 28400 28920 28300 28920 21387 61287562 2.19 1.24 2.08 10046 11342 0.89 1.43
20170731 28410 28660 28080 28330 16279 46214046 2.04 0.98 -0.28 9159 7120 1.29 1.09
20170728 28700 29150 28360 28410 22123 63515318 2.77 1.58 -0.49 12387 9736 1.27 1.48
20170727 27490 28860 27250 28550 34234 96915055 5.86 3.71 3.86 15438 18796 0.82 2.29
20170726 27450 27640 27390 27490 6562 18035916 0.91 0.65 -0.07 3625 2937 1.23 0.44
20170725 27480 27740 27300 27510 7201 19814529 1.60 0.67 -0.11 4595 2607 1.76 0.48
20170724 27620 27830 27100 27540 13081 35874674 2.63 1.06 -0.65 7528 5553 1.36 0.88
20170721 28100 28110 27600 27720 9046 25153149 1.83 0.62 -0.32 5243 3803 1.38 0.61
20170720 27550 28100 27510 27810 10281 28633541 2.13 0.71 0.58 5383 4898 1.10 0.69
20170719 27730 27730 27400 27650 10507 28935525 1.20 0.69 0.33 5738 4769 1.20 0.70
20170718 27000 27640 26920 27560 11038 30165214 2.65 0.74 1.47 5982 5056 1.18 0.74
20170717 28390 28440 27130 27160 21117 58432137 4.60 1.59 -4.70 11823 9294 1.27 1.41
20170714 28360 28800 28030 28500 19896 56588934 2.73 1.50 1.21 8938 10958 0.82 1.33
20170713 28160 28340 27720 28160 9821 27486069 2.20 0.68 0.00 5630 4191 1.34 0.66
20170712 28220 28470 27490 28160 13900 38766606 3.46 0.97 -0.67 8488 5412 1.57 0.93
20170711 28600 28690 28330 28350 9519 27109213 1.26 0.57 -0.67 5489 4030 1.36 0.64
20170710 29080 29080 28500 28540 13260 37982871 2.00 0.67 -1.55 9457 3803 2.49 0.89
20170707 28400 29030 28400 28990 19881 57144040 2.20 1.10 1.29 9716 10165 0.96 1.33
20170706 28930 28980 28280 28620 15415 44202646 2.43 0.88 -0.52 9142 6274 1.46 1.03
20170705 28900 28900 28490 28770 13478 38648382 1.42 0.77 -0.28 7170 6309 1.14 0.90
20170704 28600 29300 28400 28850 21449 61762400 3.14 1.38 0.52 11672 9777 1.19 1.44
20170703 28000 29000 27930 28700 28278 80641909 3.83 2.16 2.79 10268 18011 0.57 1.89
20170630 27810 27960 27600 27920 11782 32767774 1.30 0.81 0.50 5471 6310 0.87 0.79
20170629 27430 28010 27330 27780 12239 33967609 2.48 0.76 1.20 5974 6265 0.95 0.82
20170628 27820 27830 27430 27450 13464 37085429 1.43 0.81 -1.75 8442 5022 1.68 0.90
20170627 28030 28180 27810 27940 12214 34172268 1.32 0.67 -0.36 6066 6148 0.99 0.82
20170626 27620 28050 27460 28040 15758 43821099 2.14 0.88 1.52 6697 9060 0.74 1.06
20170623 27990 27990 27170 27620 18953 52250157 2.98 1.00 0.25 10287 8666 1.19 1.27
20170622 28520 28600 27400 27550 20190 56806753 4.21 1.00 -3.40 12627 7563 1.67 1.35
20170621 28760 28920 28370 28520 16151 46105112 1.92 0.79 -0.49 9766 6386 1.53 1.08
20170620 28520 28760 28330 28660 19563 55876788 1.51 0.91 0.49 9450 10113 0.93 1.31
20170619 28400 28700 28230 28520 14424 41011659 1.64 0.59 -0.21 7322 7102 1.03 0.97
20170616 28860 29160 28370 28580 24594 70547149 2.76 1.08 0.00 13555 11039 1.23 1.65
20170615 28160 28760 28130 28580 26417 75167631 2.25 1.18 2.07 12853 13565 0.95 1.77
20170614 28370 28380 27800 28000 16651 46608981 2.04 0.73 -1.30 11424 5226 2.19 1.12
20170613 27970 28410 27640 28370 25469 71525848 2.73 1.34 0.42 10977 14492 0.76 1.71
20170612 28530 29100 28160 28250 29055 83058675 3.34 1.91 0.28 14533 14522 1.00 1.95
20170609 27820 28280 27530 28170 16164 45140516 2.70 1.07 1.26 9489 6675 1.42 1.08
20170608 28550 28550 27800 27820 24270 68403864 2.63 1.63 -2.56 16307 7964 2.05 1.63
20170607 27900 28720 27900 28550 18773 53294666 2.93 1.35 2.00 7482 11291 0.66 1.26
20170606 27850 28040 27800 27990 6448 17998998 0.86 0.43 -0.14 3313 3135 1.06 0.43
20170605 28000 28440 27760 28030 10522 29435255 2.44 0.66 0.43 6153 4370 1.41 0.70
20170602 27500 28180 26900 27910 15336 42323169 4.65 1.06 1.38 8270 7066 1.17 1.03
20170601 29330 29330 26970 27530 23560 66255607 8.02 1.97 -6.46 15551 8008 1.94 1.58
20170531 30400 30400 29410 29430 13560 40551425 3.31 1.04 -1.70 8725 4835 1.80 0.91
20170526 29880 30480 29630 29940 12523 37684650 2.84 1.01 0.20 6675 5848 1.14 0.84
20170525 29200 30380 28400 29880 14200 41738495 6.74 1.21 1.74 6929 7270 0.95 0.95
20170524 28810 29490 28710 29370 8247 24004324 2.69 0.55 1.28 3828 4419 0.87 0.55
20170523 30000 30000 28010 29000 11192 32613387 6.63 0.68 -3.40 7599 3593 2.12 0.75
20170522 29350 31110 29300 30020 19234 58297582 6.15 1.36 1.97 9513 9721 0.98 1.29
20170519 29340 29960 29340 29440 8955 26489739 2.11 0.63 0.20 4527 4429 1.02 0.60
20170518 29410 29980 29260 29380 10822 31956278 2.41 0.64 -1.64 5563 5259 1.06 0.72
20170517 29180 30720 29100 29970 24868 74972821 5.62 1.73 3.88 11898 12970 0.92 1.67
20170516 28200 28850 27100 28850 17907 50449288 6.22 1.39 2.56 9051 8857 1.02 1.20
20170515 28090 28450 27930 28130 8108 22917495 1.85 0.62 0.18 4513 3596 1.25 0.54
20170512 27890 28470 27800 28080 9193 25819438 2.36 0.67 -1.09 5745 3448 1.67 0.62
20170511 29000 29450 27020 28390 24549 68768821 8.29 2.24 -3.20 16315 8234 1.98 1.64
20170510 29940 30480 29050 29330 11946 35738907 4.73 1.10 -3.01 8482 3464 2.45 0.80
20170509 30400 30400 29690 30240 10694 32142199 2.38 0.91 1.20 5310 5385 0.99 0.72
20170508 29950 30310 29580 29880 9072 27134265 2.43 0.69 -0.40 4944 4128 1.20 0.61
20170505 29500 30850 29500 30000 11910 36041468 4.49 0.80 -0.13 4106 7804 0.53 0.80
20170504 30750 30850 30000 30040 11242 34249934 2.77 0.68 -2.18 5814 5428 1.07 0.75
20170503 30690 31480 30550 30710 11513 35662208 3.03 0.53 0.03 4484 7029 0.64 0.77
20170502 29710 30920 29710 30700 15282 46678640 4.04 0.67 2.40 5559 9723 0.57 1.02
20170428 29830 30150 29510 29980 15967 47704244 2.16 0.76 1.15 8366 7600 1.10 1.07
20170427 29060 29860 28510 29640 20886 61043824 4.65 1.12 2.00 10191 10696 0.95 1.40
20170426 28740 29390 28360 29060 18727 53840208 3.58 1.07 0.97 10633 8095 1.31 1.25
20170425 30300 30760 28250 28780 38041 111596539 8.30 3.17 -4.86 22646 15395 1.47 2.55
20170424 32300 32720 30130 30250 20470 63798445 7.94 1.93 -7.27 12544 7926 1.58 1.37
20170421 32340 32890 32200 32620 6495 21143584 2.12 0.48 0.06 3880 2615 1.48 0.44
20170420 32460 32940 32200 32600 9101 29590243 2.28 0.51 0.31 5071 4030 1.26 0.61
20170419 33100 33120 32000 32500 13043 42237775 3.39 0.58 -1.66 7415 5628 1.32 0.87
20170418 32630 33480 32580 33050 10811 35788301 2.75 0.35 1.07 4559 6252 0.73 0.72
20170417 33300 33300 32600 32700 13679 45003398 2.10 0.41 -1.95 8297 5382 1.54 0.92
20170414 33820 34200 33300 33350 20331 68503227 2.67 0.52 -1.01 12812 7519 1.70 1.36
20170413 34600 35150 33610 33690 32207 110400729 4.42 0.76 -3.36 20270 11937 1.70 2.16
20170412 35790 35800 34300 34860 34814 121650626 4.16 0.80 -3.22 23702 11112 2.13 2.33
20170411 34770 36200 34320 36020 51771 184687640 5.37 1.42 2.91 23087 28684 0.80 3.47
20170410 34850 35750 34200 35000 29285 102817856 4.45 0.81 0.57 14899 14386 1.04 1.96
20170407 34900 35980 34120 34800 46380 162536986 5.30 1.49 -0.83 23206 23174 1.00 3.11
20170406 33780 36000 33630 35090 50863 176366825 7.06 1.87 4.50 20906 29957 0.70 3.41
20170405 34940 34940 33130 33580 40504 137572516 5.59 1.45 3.67 19711 20793 0.95 2.71
20170331 32360 32590 31880 32390 14644 47225125 2.20 0.51 0.43 9362 5282 1.77 0.98
20170330 33450 33820 32050 32250 29423 95856975 5.29 1.02 -3.59 20185 9238 2.19 1.97
20170329 33920 34280 33380 33450 20451 68861616 2.64 0.65 -1.85 13029 7422 1.76 1.37
20170328 33400 34520 33400 34080 30812 104835707 3.32 0.78 1.16 13649 17163 0.80 2.06
20170327 32850 34560 32850 33690 44798 152039538 5.22 1.17 2.90 20587 24211 0.85 3.00
20170324 32760 33600 32500 32740 19137 63021884 3.35 0.45 -0.21 10300 8837 1.17 1.28
20170323 33180 33670 32740 32810 28983 95880658 2.77 0.69 -2.32 16691 12292 1.36 1.94
20170322 32910 33970 32700 33590 33707 112801825 3.79 0.88 0.27 18758 14949 1.25 2.26
20170321 33500 35000 32900 33500 70734 239920737 6.38 2.66 1.76 69814 920 75.89 4.74
20170320 31750 33120 31670 32920 38640 125150688 4.50 1.82 2.24 17846 20793 0.86 2.59
20170317 31520 33330 31370 32200 42574 138173775 6.19 2.48 1.74 22281 20294 1.10 2.85
20170316 31240 31850 31150 31650 23529 74081769 2.24 1.56 1.41 11548 11980 0.96 1.58
20170315 31390 31510 31000 31210 15217 47490951 1.64 1.02 0.26 7077 8140 0.87 1.02
20170314 31270 31310 30970 31130 13146 40910049 1.09 0.86 -0.48 7230 5916 1.22 0.88
20170313 30980 31290 30910 31280 11714 36530772 1.22 0.71 0.71 5320 6394 0.83 0.78
20170310 31600 31840 31020 31060 22152 69271298 2.57 1.46 -2.66 13749 8403 1.64 1.48
20170309 31970 31970 31600 31910 13347 42485932 1.16 0.84 0.44 5715 7632 0.75 0.89
20170308 32000 32180 31500 31770 13927 44481396 2.12 0.81 -0.75 8065 5862 1.38 0.93
20170307 31770 32150 31710 32010 14850 47404100 1.38 0.87 0.34 7218 7632 0.95 0.99
20170306 31500 31990 31400 31900 18024 57270936 1.89 1.06 1.95 8357 9668 0.86 1.21
20170303 31200 31470 30750 31290 15486 48077279 2.30 0.85 -0.03 8378 7108 1.18 1.04
20170302 32110 32390 31300 31300 17497 55478975 3.39 0.99 -2.67 11641 5857 1.99 1.17
20170301 31500 32400 31450 32160 20061 63998525 3.01 1.23 1.84 8772 11289 0.78 1.34
20170228 31940 31980 31330 31580 14267 44921552 2.04 0.79 -0.66 8148 6119 1.33 0.96
20170227 31760 32340 31650 31790 17688 56467198 2.17 0.90 0.09 10340 7347 1.41 1.18
20170224 31200 32500 31200 31760 21910 69751294 4.15 1.13 1.44 9390 12520 0.75 1.47
20170223 31580 31800 31160 31310 14053 43983737 2.03 0.78 -0.76 7409 6644 1.12 0.94
20170222 31410 31700 31150 31550 13741 43139005 1.74 0.79 -0.06 8611 5130 1.68 0.92
20170221 31460 32160 31000 31570 22617 71302948 3.67 1.51 -0.22 13373 9244 1.45 1.52
20170220 31280 32970 31280 31640 25503 81726370 5.43 - 1.74 14054 11449 1.23 1.71
20170217 30290 31790 30010 31100 20733 64203534 5.88 2.00 2.74 10785 9948 1.08 1.39
20170216 30490 30490 30060 30270 7727 23407219 1.42 0.72 -0.13 3992 3735 1.07 0.52
20170215 30830 31090 30210 30310 9932 30473483 2.85 0.92 -1.88 5954 3977 1.50 0.67
20170214 31400 31400 30730 30890 11001 34036628 2.15 1.03 -0.80 7272 3729 1.95 0.74
20170213 31060 31460 30910 31140 9809 30553534 1.78 0.92 0.58 3592 6217 0.58 0.66
20170210 31370 31960 30830 30960 13247 41270997 3.58 1.49 -1.96 8007 5241 1.53 0.89
20170209 31500 31800 31200 31580 9777 30810390 1.91 1.14 0.57 4676 5101 0.92 0.65
20170208 31000 31550 30620 31400 10256 31829584 2.99 1.30 1.09 4891 5364 0.91 0.69
20170207 31790 31790 31020 31060 10380 32429014 2.42 1.36 -2.30 6786 3594 1.89 0.70
20170206 30980 31980 30900 31790 9572 30149358 3.48 1.04 2.48 4496 5076 0.89 0.64
20170203 31500 31840 30900 31020 4537 14160292 2.98 0.38 -1.52 3358 1178 2.85 0.30
20170126 30930 31880 30920 31500 8229 25846040 3.11 0.61 1.94 4125 4103 1.01 0.55
20170125 30990 31200 30710 30900 6698 20714007 1.58 0.42 -0.29 3922 2776 1.41 0.45
20170124 30560 31390 30560 30990 9264 28706983 2.69 0.54 0.58 6149 3115 1.97 0.62
20170123 30100 31160 30100 30810 17494 54068875 3.52 0.92 2.22 8852 8643 1.02 1.17
20170120 29250 30390 29040 30140 18568 55602919 4.65 0.90 3.82 8489 10079 0.84 1.24
20170119 29540 29950 29010 29030 15262 45015100 3.15 0.73 -2.84 9627 5635 1.71 1.02
20170118 30950 30950 29690 29880 19632 59149565 4.06 0.89 -3.77 12634 6998 1.81 1.32
20170117 30690 31500 30030 31050 15541 47946237 4.80 0.65 1.47 9142 6399 1.43 1.04
20170116 32300 32400 29520 30600 26433 82329076 8.92 0.97 -5.26 18310 8123 2.25 1.77
20170113 32000 32990 31810 32300 26435 85904485 3.67 1.05 0.40 15142 11293 1.34 1.77
20170112 32810 33270 32050 32170 16781 54824008 3.72 0.63 -1.92 10990 5791 1.90 1.12
20170111 32720 33380 32500 32800 25341 83523381 2.68 0.91 -0.15 15144 10197 1.49 1.70
20170110 33800 33800 32810 32850 24826 82221321 2.91 0.91 -3.44 16099 8727 1.84 1.66
20170109 31550 34940 31550 34020 42274 140758022 10.59 1.45 6.31 19846 22428 0.88 2.83
20170106 32550 32860 32000 32000 16213 52333316 2.63 0.48 -2.08 10601 5612 1.89 1.09
20170105 32550 33110 32250 32680 25478 83334555 2.63 0.74 -0.03 14751 10727 1.38 1.71
20170104 32230 32950 31580 32690 30946 99859977 4.25 0.86 1.46 15294 15652 0.98 2.07
20170103 31700 32450 31510 32220 20923 67144739 2.95 0.55 1.23 11318 9605 1.18 1.40
20161230 32900 32900 31280 31830 52582 169235841 4.90 1.40 -3.66 34824 17758 1.96 3.52
20161229 34100 34100 33000 33040 40082 134013857 3.20 0.91 -3.84 25413 14669 1.73 2.69
20161228 34700 34900 34200 34360 27106 93621577 2.00 0.51 -1.83 17120 9986 1.71 1.82
20161227 33850 35300 33850 35000 39383 136207680 4.26 0.58 2.73 19092 20292 0.94 2.64
20161226 33200 34080 32940 34070 29360 98328707 3.35 0.35 -0.03 17488 11872 1.47 1.97
20161223 35700 35700 33800 34080 51426.09 177583249.460
20161222 35730 37280 35730 36100 72253.64 264135961.260
20161221 37000 37770 35400 35890 75447.15 273347326.810
20161220 39750 39750 37060 37380 112458.09 427492917.090
20161219 39810 39810 39420 39810 107439.33 427619933.140
20161216 36190 36190 36190 36190 15247.95 55182331.050
20161215 32020 33600 32010 32900 8522.12 28247975.020
20161214 32700 33580 32600 32900 14342.45 47293221.740
20161213 33380 33760 32300 33460 12268.67 40632951.450
20161212 35300 35300 32340 33200 28982.33 97876016.430
20161209 36000 36450 35570 35580 18702.00 67409072.000
20161208 36240 36870 35610 36230 31769.01 115510416.110
20161207 34550 36970 34400 36090 39680.93 142850675.010
20161206 35000 35390 34350 34500 15737.53 54675322.390
20161205 34000 35430 33000 35140 24691.06 85176682.630
20161202 36000 36500 34280 34500 40896.67 144397802.000
20161123 36420 37000 35400 35470 38298.29 138909573.250
20161122 37270 37270 36090 36690 47637.55 174069754.880
20161121 35990 39450 35990 37130 88711.97 336863174.260
20161118 35100 36020 35100 35860 55324.21 197228118.480
20161117 34340 35520 34050 35090 44909.11 157255771.330
20161116 34420 35150 34420 34610 37429.73 130473016.770
20161115 34650 34790 33720 34260 25203.93 85998613.700
20161114 32850 34440 32850 34350 45580.18 154367706.260
20161111 33200 33750 32850 32940 28974.80 96444534.800
20161110 32500 33290 32500 33200 23325.04 76819957.720
20161109 33280 33300 31410 32320 29680.78 96724374.450
20161108 33140 33350 32830 33250 25491.22 84473991.790
20161107 34110 34110 32780 33200 51703.07 172340602.840
20161104 35600 36750 34600 34680 108060.23 385323517.580
20161103 32880 33560 32680 33410 23105.92 76488905.260
20161102 32860 33330 32800 33080 17861.95 59011933.030
20161101 32300 33540 32300 33120 27571.83 91668984.790
20161031 32700 32700 32000 32410 8389.88 27037412.510
20161028 32900 32900 32300 32540 13427.90 43830052.660
20161027 32690 32970 32470 32770 13537.04 44235241.550
20161026 33290 33290 32600 32800 20007.40 65609341.320
20161025 32380 33880 32360 33320 36146.06 120454366.200
20161024 32150 32690 31870 32340 14250.30 45986698.820
20161021 32470 32720 31620 32130 14509.16 46685699.350
20161020 32170 32790 32110 32600 16918.22 55021734.590
20161019 32170 32920 31700 32400 21873.90 70775234.490
20161018 31390 32300 31390 32170 11135.50 35580747.000
20161017 32220 32440 31610 31620 14978.42 48079704.880
20161014 31700 32280 31700 32000 11737.08 37402553.910
20161013 32500 32500 31800 32000 15587.56 49923096.520
20161012 32300 33290 32010 32510 25499.11 83634799.350
20161011 32000 32390 31760 32180 11070.96 35419130.660
20161010 31580 32450 31560 31960 17274.76 55406820.400
20160930 30380 31380 30210 31280 16092.75 49939567.660
20160929 30850 30880 30350 30430 11655.50 35727810.330
20160928 31300 31350 30610 30650 11176.06 34469040.570
20160927 30200 31300 30200 31300 15780.35 48316084.950
20160926 32650 32650 30400 30460 27068.51 85222969.860
20160923 32900 33190 32550 32670 15699.28 51479598.050
20160922 33390 33470 32700 32900 17773.48 58788734.600
20160921 32900 33090 32640 33070 16357.53 53874987.760
20160920 33400 33400 32720 32860 15575.34 51185730.860
20160919 32920 33180 32630 33170 16315.14 53864519.970
20160914 32750 33150 32440 32700 15524.15 50868710.330
20160913 33380 33450 32410 33050 21341.67 69985604.200
20160912 33800 33870 32650 32800 38259.62 127701270.900
20160909 35300 36100 35010 35030 42557.26 151662090.230
20160908 36360 36840 35150 35560 62007.79 222177692.830
20160907 35190 38400 34850 36840 114788.71 422602732.530
20160906 34100 35200 33750 35070 62824.71 217556415.890
20160905 33410 34200 33410 33960 37293.01 125994953.340
20160902 33190 34190 33100 33400 49876.52 167689613.280
20160901 32600 35500 32500 33900 79037.15 271754340.690
20160831 32520 32930 31800 32740 25764.00 83513475.600
20160830 32220 32780 32220 32500 12538.84 40799280.220
20160829 32890 33160 32220 32380 20354.80 66291142.800
20160826 32590 33270 32510 32880 21077.10 69386791.420
20160825 33200 33210 32000 32650 24012.34 78181991.320
20160824 33010 33980 32860 33530 25883.82 86574399.450
20160823 32790 33500 32630 33010 18366.01 60706583.550
20160822 34000 34110 32550 32840 26587.75 88683238.140
20160819 34410 34690 33800 33900 29854.10 101517880.340
20160818 34730 35890 34270 34400 46730.12 162479840.970
20160817 33870 35990 33600 35000 67125.11 233606246.830
20160816 33900 34800 33600 34040 57623.83 197506361.100
20160815 33200 34120 32550 33720 49628.69 166736525.170
20160812 32200 33160 32000 32950 30927.97 101113674.060
20160811 33200 33200 32050 32200 31233.41 102210819.210
20160810 33200 34000 32900 33280 44405.13 148269309.660
20160809 32460 33200 32320 33180 37653.79 123882043.000
20160808 32420 32520 31320 32520 41124.60 131769924.840
20160805 33820 34430 32650 32850 57205.21 191851764.490
20160804 33070 34330 32800 33970 68981.05 231575243.140
20160803 32900 33480 31940 33280 60965.22 199218930.230
20160802 33320 33370 32830 33020 33119.52 109553440.320
20160801 33450 33450 32060 33120 35828.66 117352306.840
20160729 33370 33400 32600 33210 33985.51 112150632.780
20160728 33590 33940 32250 33390 66750.79 220942592.730
20160727 37010 37680 34160 34160 87182.43 310948598.490
20160719 37900 38280 37240 37960 53274.50 201423978.600
20160718 38690 38960 37060 37600 52720.30 199166947.610
20160715 40000 40000 38300 38650 68990.23 269186647.270
20160714 39510 40150 39210 40150 62808.48 249546245.590
20160713 40000 41200 39660 39660 71643.64 288919522.500
20160712 39920 41190 39250 40450 75254.12 303933272.340
20160711 40000 41500 39620 39920 74934.05 302899194.140
20160708 41550 42180 40000 40010 81642.51 335689646.120
20160707 41060 42260 39870 41710 105768.00 432248951.110
20160706 41610 43270 41120 41500 107557.97 452312265.530
20160705 41250 42550 40510 42000 120555.21 501145435.690
20160704 41250 42410 40200 41470 105238.43 435297809.590
20160701 43900 44000 40720 41680 158586.98 664583012.240
20160630 39120 43000 38750 43000 140388.12 575091247.870
20160629 38200 41830 37370 39090 171300.07 674752126.570
20160628 37700 39960 36810 38300 148312.72 564344315.050
20160627 36450 39100 35400 38400 186926.56 696136634.690
20160624 33380 36940 32750 36940 217797.49 753447568.050
20160623 33580 33580 33580 33580 45320.44 152186037.520
20160622 27710 30530 27650 30530 85388.68 254783534.370
20160621 28380 28480 27600 27750 24468.81 68666119.440
20160620 27970 28280 27430 28180 21931.06 61323076.110
20160617 27950 28250 27400 27720 22065.76 61491400.320
20160616 28600 28600 27700 27760 31393.59 88192635.690
20160615 27360 28940 27220 28670 39580.18 112563508.420
20160614 26760 29500 26580 27990 42034.40 118040466.540
20160613 27510 28190 26130 27020 27325.06 75534463.850
20160608 28290 28650 27600 28160 24849.70 69534228.090
20160607 28480 28580 28030 28390 16160.95 45705987.750
20160606 28000 28550 28000 28500 20353.68 57462711.310
20160603 27730 28280 27510 28080 22216.52 62238876.510
20160602 27100 27600 27100 27500 13869.17 38043300.920
20160601 27580 27700 27310 27350 21049.29 57847592.160
20160531 26170 27660 26090 27580 25086.32 67644790.940
20160530 26170 26470 25750 26170 10073.09 26355908.950
20160527 26280 26300 25910 26170 8822.55 23059288.960
20160526 26010 26300 25410 26270 10938.32 28288034.640
20160525 26440 26510 25900 26210 10543.20 27709142.920
20160524 26730 26730 25840 26260 12091.85 31603878.330
20160523 26140 26600 26050 26470 12475.47 32942625.370
20160520 25600 26000 25400 26000 9688.20 24952550.300
20160519 25380 26490 25380 25630 11774.06 30535349.590
20160518 26990 26990 25330 25620 14889.98 38701654.760
20160517 26550 27300 26360 26880 16997.03 45657248.780
20160516 26050 26690 25250 26550 17403.70 45482279.230
20160513 26300 26870 25900 26050 13763.00 36210000
20160512 28680 28680 26020 26510 22093.00 58950000
20160506 30290 30790 28300 28310 25470.00 74940000
20160505 29920 30300 29700 30130 17287.00 51770000
20160504 29220 30690 29150 30130 29513.00 89060000
20160503 29010 29590 28450 29500 20969.00 61280000
20160429 28460 29150 28330 28620 15546.00 44820000
20160428 28100 29050 27850 28480 20103.00 57280000
20160427 28550 28690 28000 28000 15278.00 43130000
20160426 27610 28490 27610 28450 14511.00 40770000
20160425 28250 28250 27100 27890 15224.00 42170000
20160422 27700 28550 27630 28280 23005.00 64700000
20160421 28800 29200 27600 27700 24237.00 69280000
20160420 31820 32050 28530 28810 50660.00 151790000
20160419 31900 32500 31510 31700 25818.00 82300000
20160418 32000 32600 31410 31900 32111.00 102250000
20160415 31780 33450 31780 32800 62837.00 205480000
20160414 31200 31570 31000 31570 28715.00 89890000
20160413 30800 31580 30600 31110 35855.00 112130000
20160412 31000 31010 30010 30530 25770.00 78150000
20160411 30600 31350 30600 30930 31876.00 98900000
20160408 31690 31690 29910 30350 48770.00 149010000
20160407 32950 33080 32010 32010 40798.00 132580000
20160406 32760 32760 31740 32520 51908.00 167200000
20160405 31730 33000 31720 32760 44458.00 144910000
20160401 33000 33000 31470 32170 55069.00 176700000
20160331 34800 34800 33300 33400 88224.00 299750000
20160330 33980 35800 33980 35100 94896.00 325710000
20151120 36000 38090 35000 37750 94327.00 344030000
20151119 31860 34640 31490 34640 94020.00 314460000
20151118 31310 31970 31200 31490 40018.00 126350000
20151117 32420 33150 31200 31290 44734.00 144400000
20151116 30300 32300 30000 32300 35332.00 110200000
20151113 32750 32770 30750 31100 48539.00 154250000
20151112 32480 33290 31800 32870 69816.00 227590000
20151111 31950 32790 31500 32240 53027.00 170820000
20151110 30740 32000 30600 31490 62276.00 196750000
20151109 30100 31450 29900 30950 54487.00 167410000
20151106 29460 30470 29450 30280 49766.00 149750000
20151105 30110 30300 29270 29440 43893.00 130370000
20151104 28230 30000 28230 30000 55204.00 160980000
20151103 28320 28740 27900 28230 31219.00 88100000
20151102 28690 29500 28010 28100 32943.00 94430000
20151030 29500 29970 28930 29300 28097.00 82960000
20151029 30300 30490 29350 29600 32849.00 98040000
20151028 29950 30750 29290 29800 47912.00 143870000
20151027 30090 30230 28500 29930 44549.00 131720000
20151026 31510 31880 30340 30650 52876.00 163920000
20151023 31280 31750 30310 31240 66618.00 206670000
20151022 30290 32120 29260 31570 86694.00 267280000
20151021 34990 35600 31370 31370 121281.00 407950000
20151020 31300 34850 31180 34850 134203.00 445310000
20151019 32910 32940 30500 31680 68078.00 217350000
20151016 31780 33000 31420 32880 86683.00 277220000
20151015 30440 31680 30410 31400 61621.00 192600000
20151014 32400 32830 31120 31180 40874.00 130620000
20151013 32000 33610 31780 32200 53817.00 175260000
20151012 32090 33400 31600 32710 66529.00 216790000
20151009 31050 32000 30020 31980 53790.00 165730000
20151008 31170 32100 30000 31640 62851.00 196390000
20150930 32800 33190 30580 30590 29373.00 91890000
20150929 33990 34310 32210 32590 25249.00 83890000
20150928 35150 36380 33900 35000 40910.00 141680000
20150925 37610 37980 34500 36400 39689.00 145300000
20150924 36500 38980 35510 38130 61259.00 227400000
20150923 31890 35590 31010 35590 53939.00 185540000
20150922 32930 34780 32320 32350 23037.00 77260000
20150921 32980 33920 32300 33250 26966.00 89580000
20150918 34000 34800 33250 34000 29749.00 100910000
20150917 33010 36310 31570 34900 75566.00 256030000
20150916 32220 34890 30370 34500 86070.00 279470000
20150915 29660 32490 28820 31900 59182.00 185000000
20150914 31090 31090 27980 31000 60213.00 176290000
20150911 28010 31890 28010 31090 81880.00 248610000
20150910 26010 29500 25800 29500 73187.00 200530000
20150909 26330 27500 25000 27290 96854.00 257890000
20150908 23580 26170 23200 26170 72460.00 180250000
20150907 23510 24790 23510 23790 59226.00 142500000
20150902 23100 26080 23040 23040 89216.00 213590000
20150901 26950 27930 25480 25600 89286.00 236540000
20150831 30440 30880 28310 28310 88677.00 263300000
20150828 29050 32160 28160 31460 120038.00 357530000
20150827 28600 30060 28600 29520 161798.00 468380000
20150826 31780 31780 31780 31780 13671.00 43440000
20150825 35310 35310 35310 35310 1800.00 6350000
20150824 39230 39230 39230 39230 140.00 540000
20150821 43590 43590 43590 43590 316.00 1370000
20150820 48430 48430 48430 48430 901.00 4360000
20150819 53810 53810 53810 53810 201.00 1080000
20150617 55010 60000 55010 59790 66061.00 383740000
20150616 54860 59500 49450 55490 82515.00 443140000
20150615 51900 56430 51620 54910 90027.00 494440000
20150612 50480 51370 48900 51300 49231.00 244580000
20150611 51560 52500 50100 50480 38684.00 196870000
20150610 50390 52250 49000 51300 30847.00 156070000
20150609 49450 51500 49450 50140 34998.00 177280000
20150608 53000 53460 48500 49410 28118.00 140390000
20150605 55400 57100 50000 52850 39729.00 212380000
20150604 56050 58200 51810 55290 29457.00 160570000
20150603 55920 59890 55920 57570 37237.00 215910000
20150602 52700 56460 52010 55800 39035.00 214060000
20150601 49040 52830 49040 52270 29461.00 151010000
20150529 48180 50000 44000 48300 28222.00 135910000
20150528 52880 53820 48000 48200 37600.00 192160000
20150527 54070 54070 51810 52810 31859.00 167690000
20150526 53690 55140 52800 54110 36107.00 194130000
20150525 54000 55140 53000 53670 35443.00 191150000
20150522 53000 57000 53000 55920 35645.00 195610000
20150521 51780 53500 50380 52910 32483.00 169270000
20150520 51000 54160 50900 51700 25283.00 132940000
20150519 53000 53000 49800 50890 25443.00 129710000
20150518 46810 52250 46810 52210 44370.00 223590000
20150515 48290 48780 45900 47500 38628.00 182530000
20150514 49680 51900 48000 48960 27138.00 134680000
20150513 49200 53300 45210 49880 41652.00 207660000
20150512 48710 51480 48710 50000 58661.00 292370000
20150511 45100 47700 45000 47700 56941.00 267400000
20150508 39930 43460 39930 43460 36106.00 150650000
20150507 41660 42580 39410 39510 27995.00 112670000
20150506 41870 43700 40940 41710 29723.00 126470000
20150505 43010 44280 40500 41870 38384.00 160170000
20150504 45400 47590 43410 43580 31008.00 140550000
20150430 45880 48600 45100 46260 30071.00 141690000
20150429 44000 47420 41700 46020 42923.00 191170000
20150428 43500 45000 42100 44580 54489.00 238680000
20150427 40380 44100 40360 43350 77323.00 332210000
20150424 39870 41350 37250 40090 64001.00 247930000
20150423 42510 42510 39580 39950 62964.00 258650000
20150422 38080 41530 37500 41530 65697.00 256550000
20150421 42360 42360 37200 37750 96211.00 376360000
20150325 37880 39400 37500 38510 63531.00 244460000
20150324 35900 39550 35430 38300 96995.00 366550000
20150323 33490 37280 32460 36060 103725.00 359080000
20150320 34000 34900 33590 34900 44462.00 152750000
20150319 32810 34280 32500 34230 37884.00 125670000
20150318 31880 34290 31800 33320 44203.00 145740000
20150317 32370 32370 31550 31850 32886.00 104580000
20150316 30800 32300 30800 31980 42917.00 136350000
20150313 30350 30680 30100 30530 23530.00 71540000
20150312 30990 31200 30050 30310 20617.00 62780000
20150311 31480 32000 31080 31270 23457.00 73830000
20150310 30350 31480 30300 31440 24868.00 77120000
20150309 30090 30790 29900 30250 23671.00 71920000
20150306 31320 31700 29980 30000 41056.00 124990000
20150305 31640 32040 31100 31410 31174.00 98380000
20150304 30900 32000 30700 31620 42345.00 133310000
20150303 32500 32500 30960 30980 58884.00 185710000
20150302 29600 32010 29600 32010 81147.00 254960000
20150227 28570 29170 28410 29100 16107.00 46480000
20150226 29000 29240 28080 28620 16680.00 47590000
20150225 28740 29800 28740 28990 20380.00 59590000
20150217 28870 29030 28310 28680 12452.00 35570000
20150216 28490 28970 28000 28870 19968.00 57120000
20150213 27700 28440 27680 28200 15707.00 44150000
20150212 27090 28000 27060 27600 16434.00 45600000
20150211 27700 27700 27010 27200 15619.00 42550000
20150210 26070 27790 26070 27730 24756.00 67010000
20150209 26660 26980 26000 26070 13959.00 36760000
20150206 28640 29000 26500 26650 27111.00 74270000
20150205 28760 29400 28710 28740 22844.00 66550000
20150204 28700 29490 28700 28870 18188.00 53060000
20150203 28350 28980 27980 28670 19320.00 55330000
20150202 28000 28650 27630 27970 12611.00 35500000
20150130 29380 29630 28270 28300 18155.00 52280000
20150129 29080 29810 28700 29430 18729.00 55100000
20150128 29210 29430 28520 29180 18026.00 52610000
20150127 29320 29980 28500 29020 23314.00 68160000
20150126 29120 29450 29060 29330 14014.00 41020000
20150123 30090 30290 29000 29120 25541.00 75550000
20150122 29300 30900 29010 30180 42115.00 126450000
20150121 29500 29700 28870 29420 44470.00 130070000
20150120 28690 29990 28430 29890 80806.00 235450000
20150119 25500 28350 25210 28350 75480.00 211680000
20150116 25250 25860 25250 25770 14638.00 37450000
20150115 25680 26100 25200 25210 12525.00 32030000
20150114 26040 26300 25420 25430 7977.00 20480000
20150113 25480 26270 25110 26040 10428.00 27020000
20150112 26320 26320 25270 25460 10780.00 27620000
20150109 27330 27630 26400 26400 11015.00 29910000
20150108 26500 27680 26500 27190 14555.00 39520000
20150107 26650 27090 26310 26700 11374.00 30360000
20150106 26280 27360 23820 27240 19467.00 51060000
20150105 25390 27800 25180 26470 15985.00 42260000
20141231 25320 25660 24700 25270 12336.00 31090000
20141230 26190 26250 25150 25300 12797.00 32830000
20141229 27740 27760 26010 26270 20988.00 55280000
20141226 27650 28060 27440 27680 22165.00 61580000
20141225 27970 28480 27370 27600 12464.00 34700000
20141224 26900 28350 26560 27880 16518.00 45530000
20141223 27460 27460 26420 26510 11497.00 31060000
20141222 28620 28620 27000 27080 13463.00 36880000
20141219 28420 28840 27820 28480 10893.00 30710000
20141218 29180 29230 28400 28490 13755.00 39490000
20141217 29920 29930 28800 29180 12646.00 36780000
20141216 30900 31010 30000 30050 14531.00 43960000
20141215 29520 30980 29520 30890 21874.00 66030000
20141212 29500 29680 29050 29490 11194.00 32790000
20141211 29440 29790 28800 29310 14325.00 41920000
20141210 28600 29960 28110 29440 16662.00 49180000
20141209 29790 30200 27820 28600 26238.00 75650000
20141208 31000 31000 29780 29880 15658.00 47250000
20141205 31710 31720 30080 30790 22530.00 68940000
20141204 32100 32490 31660 31710 15765.00 50510000
20141203 31630 31900 30750 31860 16210.00 50550000
20141202 30650 31980 30650 31850 14098.00 44650000
20141201 32060 32300 30450 31000 25775.00 80200000
20141128 33550 33550 32130 32180 25124.00 81490000
20141127 34350 34450 33530 33530 16974.00 57330000
20141126 33390 34310 33110 33990 17244.00 58340000
20141125 33800 34400 33120 33450 19270.00 64610000
20141124 33940 34100 32510 33640 13127.00 43580000
20141121 33140 33800 32810 33390 12884.00 43080000
20141120 33080 33350 32300 33110 13739.00 44960000
20141119 32550 33770 32550 33080 13543.00 45150000
20141118 33190 33200 31980 32800 18804.00 61050000
20141117 35390 35390 32700 33390 28665.00 97020000
20141114 34890 35730 33860 35010 22333.00 78100000
20141113 34180 35880 33130 34900 28068.00 96550000
20141112 32200 34520 31900 34430 32277.00 107230000
20141111 34800 35280 31600 32570 44658.00 145800000
20141110 34980 36330 34200 34730 30293.00 106120000
20141107 33770 37000 33770 34770 37930.00 133420000
20141106 33100 33890 33000 33780 19982.00 66880000
20141105 33600 34350 32340 33260 32562.00 108670000
20141104 31000 34090 30820 33640 58329.00 191850000
20141103 29650 31550 29400 30990 42216.00 130090000
20141031 29220 30080 28430 29430 36848.00 107340000
20141030 29480 30560 29210 29340 37802.00 113070000
20141029 29210 29550 28620 29480 34237.00 99610000
20141028 27980 29280 27980 29050 31305.00 90100000
20141027 27000 28300 26800 27900 18030.00 50090000
20141024 26850 27600 26850 27200 15510.00 42260000
20141023 27890 27900 26770 26890 18182.00 49550000
20141022 29130 29150 27830 28000 20563.00 58540000
20141021 28950 29490 28310 29130 41876.00 121560000
20141020 27080 29290 27080 28950 39657.00 112280000
20141017 28010 28360 26620 27060 32542.00 89180000
20141016 28900 29190 28240 28390 42222.00 120940000
20141015 28190 29730 27800 29120 93599.00 271420000
20141014 28230 28230 26940 28230 68207.00 192070000
20140905 26000 26000 25550 25660 22673.00 58300000
20140904 25680 25940 25450 25790 21049.00 54210000
20140903 25210 25770 25210 25600 30330.00 77350000
20140902 25000 25340 25000 25180 22415.00 56500000
20140901 24270 25020 24200 24960 16650.00 41110000
20140829 24020 24180 23870 24160 6643.00 15970000
20140828 23930 24160 23830 23990 8845.00 21220000
20140827 24120 24150 23900 24080 6039.00 14520000
20140826 24800 24880 23880 23970 15066.00 36540000
20140825 25080 25080 24580 24670 12317.00 30490000
20140822 25130 25380 24810 25100 19599.00 49020000
20140821 25010 25130 24680 25100 16543.00 41220000
20140820 25040 25370 24810 24970 18936.00 47460000
20140819 24900 25470 24750 25090 24233.00 60810000
20140818 24260 24990 24170 24950 21351.00 52320000
20140815 23900 24240 23860 24160 13165.00 31750000
20140814 24110 24180 23870 23900 8475.00 20300000
20140813 24100 24140 23720 23920 7733.00 18490000
20140812 24330 24330 23970 24100 10752.00 25890000
20140811 24100 24350 23900 24310 11711.00 28270000
20140808 23910 24100 23840 24040 8666.00 20780000
20140807 23960 24330 23900 23910 12819.00 30890000
20140806 23850 24150 23650 23980 16185.00 38830000
20140805 23540 23700 23200 23700 15513.00 36490000
20140804 23600 23760 23200 23380 11784.00 27640000
20140801 23620 23960 23430 23510 11612.00 27510000
20140731 23450 23770 23450 23510 11524.00 27220000
20140730 23110 23720 23100 23610 12317.00 28960000
20140729 22740 23390 22740 23120 10612.00 24580000
20140728 22330 22860 22230 22740 9984.00 22500000
20140725 22000 22440 21940 22280 6620.00 14720000
20140724 22590 22700 21830 22050 12405.00 27650000
20140723 23650 23860 22580 22700 11422.00 26300000
20140722 23290 23770 23270 23650 6167.00 14540000
20140721 23330 23500 23080 23400 4893.00 11400000
20140718 23200 23550 23030 23330 5213.00 12160000
20140717 23800 23830 23180 23330 10638.00 24850000
20140716 24210 24280 23400 23930 12985.00 30860000
20140715 24360 24410 24020 24170 8217.00 19850000
20140714 24090 24390 23900 24360 8929.00 21550000
20140711 24260 24470 23900 24020 11057.00 26730000
20140710 24160 24780 24100 24260 12419.00 30330000
20140709 24630 24960 23950 24080 17350.00 42320000
20140708 25000 25000 24320 24880 16417.00 40470000
20140707 25600 25900 24830 25100 18251.00 45840000
20140704 24490 25640 24490 25540 29767.00 75400000
20140703 24100 24480 23910 24430 12869.00 31190000
20140702 24520 24520 23800 24140 16078.00 38680000
20140701 24660 24830 24460 24500 16218.00 39870000
20140630 24500 24940 24390 24660 13089.00 32260000
20140627 24320 24750 24060 24500 16615.00 40570000
20140626 23470 24600 23260 24400 21739.00 52800000
20140625 23250 23550 23070 23480 6016.00 14020000
20140624 23380 23800 23150 23270 9305.00 21770000
20140623 22990 23980 22810 23470 9405.00 21990000
20140620 22860 23010 22210 22910 7553.00 17040000
20140619 23690 23700 22500 22500 6473.00 14900000
20140618 24200 24800 23400 23690 9458.00 22500000
20140617 24850 24850 24090 24090 9393.00 22840000
20140616 24370 24990 24370 24820 10009.00 24820000
20140613 23990 24510 23940 24350 7733.00 18760000
20140612 24150 24560 23950 24100 8404.00 20360000
20140611 23880 24800 23550 24380 14932.00 36080000
20140610 23000 23990 22860 23750 10087.00 23830000
20140609 23310 23320 22800 23100 6302.00 14540000
20140606 23400 23500 23170 23320 4802.00 11190000
20140605 23280 23470 23030 23400 5879.00 13700000
20140604 23500 23500 22690 23400 7445.00 17190000
20140603 23350 23590 23160 23430 5466.00 12760000
20140530 23330 23470 23020 23330 6077.00 14150000
20140529 23950 23990 23190 23390 10694.00 25080000
20140528 23120 23990 23100 23900 10820.00 25530000
20140527 23760 23840 23130 23130 7712.00 18100000
20140526 23680 23810 23410 23760 8710.00 20590000
20140523 23560 23650 22970 23510 8423.00 19600000
20140522 22850 24110 22850 23500 15553.00 36950000
20140521 22680 22850 22250 22810 5155.00 11670000
20140520 22260 23230 22260 22700 8640.00 19750000
20140519 22220 22300 21870 22260 7121.00 15690000
20140516 23450 23590 21700 22160 18448.00 41390000
20140515 24700 24880 23500 23530 14107.00 33950000
20140514 24200 25100 24200 24890 9557.00 23550000
20140513 25120 25500 24350 25100 9426.00 23440000
20140512 25010 25720 24450 25120 10303.00 25750000
20140509 25400 25400 24280 25250 8545.00 21030000
20140508 25800 25900 25260 25400 6020.00 15380000
20140507 26400 26500 25830 25850 6475.00 16960000
20140506 25690 27000 25680 26420 10439.00 27740000
20140505 25480 26000 25420 25850 4321.00 11120000
20140430 25000 25670 24880 25490 5343.00 13570000
20140429 24500 25180 24500 25150 4916.00 12250000
20140428 25300 25300 24000 24550 10726.00 26510000
20140425 26520 26620 25310 25310 8788.00 22820000
20140424 27700 27700 25680 26580 12551.00 33280000
20140423 28150 28550 27550 27600 7082.00 19690000
20140422 28340 29090 27550 28330 12090.00 34480000
20140421 27880 29100 27700 28500 13585.00 38810000
20140418 27500 28250 27210 28250 9162.00 25560000
20140417 27800 28310 27590 27600 9896.00 27610000
20140416 28500 28650 27610 27800 11016.00 30760000
20140415 29100 29100 28000 28560 12615.00 35930000
20140414 29260 29900 28500 29000 17040.00 49690000
20140411 28640 29760 27580 29580 27618.00 79780000
20140410 58500 59200 57640 58050 9158.00 53520000
20140409 58650 58650 57510 58300 7476.00 43400000
20140408 57600 59150 57000 58700 8784.00 51210000
20140404 53710 58420 53700 56710 6437.00 36290000
20140403 53290 54280 53010 53500 2502.00 13440000
20140402 54660 55200 53120 53290 3559.00 19110000
20140401 53170 54900 53170 54870 3477.00 18830000
20140331 51750 53970 51750 53200 4302.00 22830000
20140328 56870 57480 52000 53000 8865.00 48040000
20140327 58500 58800 56800 56870 6260.00 36060000
20140326 58100 59800 57660 58980 8300.00 49030000
20140325 58850 58880 56550 57780 8121.00 46500000
20140324 59020 60880 57900 58250 21732.00 128200000
20140321 56900 59100 55600 58750 15469.00 88910000
20140320 56420 59950 55520 57800 15780.00 92150000
20140319 56500 57900 55000 56800 14193.00 80260000
20140318 52900 57870 52600 57290 24994.00 141810000
20140317 51820 52960 51820 52610 5462.00 28660000
20140314 52630 53380 52000 52190 5380.00 28340000
20140313 52360 53450 50800 53110 6828.00 35650000
20140312 56500 56500 51160 52780 15413.00 82800000
20140311 54490 56980 54000 56500 13166.00 73920000
20140310 54280 55640 53530 53910 8140.00 44310000
20140307 52160 54750 52010 54300 8948.00 48440000
20140306 51300 52200 50900 52160 3279.00 16920000
20140305 51590 52120 51200 51240 3599.00 18570000
20140304 51480 51870 50800 51200 3287.00 16850000
20140303 51600 52500 51060 51870 4128.00 21440000
20140228 51010 51980 49080 51980 5479.00 27770000
20140227 51340 53000 50700 50960 5872.00 30290000
20140226 52380 52380 50220 51000 5925.00 30300000
20140225 54970 56010 50700 52380 13712.00 74520000
20140224 54550 55150 53700 54990 5926.00 32250000
20140221 55000 55370 54300 54850 4233.00 23140000
20140220 54800 55500 53660 54950 6915.00 37860000
20140219 55000 55820 54300 54880 5826.00 31950000
20140218 55870 56000 54400 55900 9319.00 51130000
20140217 54480 56220 54480 55900 12215.00 67810000
20140214 52250 54400 52250 54290 9003.00 48180000
20140213 54000 54550 52100 52180 8434.00 44560000
20140212 52810 54230 52520 54220 6566.00 35100000
20140211 54300 54730 51900 52990 13383.00 71130000
20140210 55970 56000 53520 54310 13717.00 74540000
20140207 54000 55550 54000 55300 7076.00 38980000
20140130 55000 55700 53630 54710 5765.00 31440000
20140129 53940 55470 53940 54800 9906.00 54300000
20140128 52900 53910 51710 53730 7178.00 37840000
20140127 52090 54250 51620 52840 9090.00 48150000
20140124 52030 53500 51980 52090 12128.00 63730000
20140123 50300 52980 50300 52550 13858.00 71900000
20140122 49860 50700 49450 50380 8793.00 44070000
20140121 49280 49990 49000 49810 5832.00 28900000
20140120 50250 50750 48400 49380 6811.00 33700000
20140117 50220 51180 49800 50250 5977.00 30210000
20140116 51580 51580 49880 50240 9236.00 46630000
20140115 49990 51640 49990 51270 16328.00 83490000
20140114 49890 50210 49100 49940 6909.00 34400000
20140113 48790 49650 47910 49490 8894.00 43680000
20140110 47000 48990 46800 48860 7440.00 35650000
20140109 48790 49490 47280 47300 8611.00 41950000
20140108 47150 49090 47150 48880 10964.00 53240000
20140107 46380 47300 45880 46950 5315.00 24830000
20140106 48520 48560 46700 46700 10625.00 50540000
20140103 49790 49790 48680 48870 8407.00 41330000
20140102 49230 50410 48000 49800 11601.00 57290000
20131231 48980 49490 47620 49420 12336.00 59940000
20131230 49590 51180 49100 49550 16404.00 81890000
20131227 49440 49880 48330 49430 27246.00 134010000
20131226 48000 49480 47510 49480 28479.00 140020000
20131213 45120 45780 44500 44980 5028.00 22730000
20131212 44240 45550 44110 45130 6062.00 27290000
20131211 44120 44740 44000 44270 6145.00 27230000
20131210 45470 45550 43900 44080 10151.00 45110000
20131209 43590 45460 43000 45450 7747.00 34590000
20131206 43000 43880 42840 43590 6480.00 28170000
20131205 44960 45430 43110 43250 13417.00 58700000
20131204 45030 47240 44610 44970 11148.00 51450000
20131203 45900 46490 43000 45660 14085.00 63300000
20131202 47900 49770 47040 47040 29800.00 142200000
20131129 51590 53500 51560 52270 24113.00 126550000
20131128 49130 51450 49050 51220 17071.00 86720000
20131127 48870 49490 48080 49030 11736.00 57470000
20131126 47700 50150 47360 48950 20601.00 100940000
20131125 45650 47870 45000 47710 12930.00 60480000
20131122 45350 45960 45110 45670 4480.00 20390000
20131121 45780 45850 44500 45380 5219.00 23540000
20131120 46330 46740 45500 45960 6283.00 28790000
20131119 46170 46960 46130 46690 7059.00 32870000
20131118 46000 46950 45890 46170 6951.00 32220000
20131115 45000 46680 45000 45830 12823.00 59010000
20131114 43400 45550 43210 45100 8664.00 38840000
20131113 43900 45190 43390 43410 5817.00 25810000
20131112 44510 44610 43250 43900 4647.00 20470000
20131111 42800 44350 42800 44100 2127.00 9300000
20131108 44800 45000 42500 43300 7930.00 34700000
20131107 46540 46880 45000 45000 5479.00 25240000
20131106 46380 48650 46210 46980 7707.00 36650000
20131105 45680 46680 45090 46460 4156.00 19220000
20131104 44720 46100 44720 45660 4284.00 19560000
20131101 44510 45790 44310 45000 3608.00 16240000
20131031 47600 47600 44800 44800 8528.00 39090000
20131030 46000 47430 45040 47180 6357.00 29480000
20131029 46420 47700 44510 45450 7267.00 33330000
20131028 44900 46580 44900 46420 7384.00 33870000
20131025 46340 46490 44660 44930 5500.00 24840000
20131024 46350 46980 45020 46120 5537.00 25490000
20131023 47980 47980 45900 46280 7487.00 35010000
20131022 49460 49460 46660 48500 9401.00 44910000
20131021 47690 49160 47250 48960 7444.00 36050000
20131018 46920 47980 46460 47200 5471.00 25600000
20131017 47240 48640 47080 47360 6459.00 30920000
20131016 48710 48960 46080 47080 9440.00 44650000
20131015 51220 51220 48460 48560 9163.00 45310000
20131014 50500 50500 49510 50200 6166.00 30800000
20131011 50010 51390 48910 50530 9888.00 49430000
20131010 51990 52700 50000 50290 18287.00 94330000
20131009 46100 50710 45810 50710 22059.00 106920000
20131008 45250 46290 44750 46100 10191.00 46480000
20130930 44010 44920 44000 44900 5044.00 22480000
20130927 44770 45000 43900 43960 9972.00 44080000
20130926 44900 45930 44300 44730 9952.00 44690000
20130925 47080 47200 44000 45110 19344.00 87490000
20130924 48000 48380 46300 47070 12046.00 56620000
20130923 47640 48500 47060 48000 11960.00 57110000
20130918 47640 47840 47290 47670 4215.00 20060000
20130917 48000 48180 47020 47380 4019.00 19120000
20130916 48320 49000 46600 48180 8659.00 41350000
20130913 47130 48500 46500 48000 4624.00 22060000
20130912 46800 48000 46600 47130 6070.00 28570000
20130911 48500 48980 46680 47190 6491.00 30580000
20130910 50030 50400 48600 48600 6802.00 33420000
20130909 50550 51490 49170 50210 7586.00 37900000
20130906 51890 51970 50700 50870 4732.00 24190000
20130905 51180 51990 50200 51970 7098.00 36480000
20130904 51000 51400 50000 50700 4892.00 24820000
20130903 49920 51750 49920 50980 4757.00 24350000
20130902 49800 50800 49020 50350 10072.00 50260000
20130830 52010 52010 49200 49200 6245.00 31660000
20130829 52700 53220 51610 52250 6443.00 33670000
20130828 53900 54380 52600 52700 7928.00 42190000
20130827 54820 54820 53600 54500 4059.00 22040000
20130826 54870 54950 53000 54820 8033.00 43460000
20130823 51400 54000 51100 53960 12000.00 63370000
20130822 51500 51910 51150 51410 6054.00 31210000
20130821 50250 52000 49300 51600 8257.00 41700000
20130820 49490 51480 49490 50560 9608.00 48880000
20130819 47000 49980 46990 49890 10557.00 51480000
20130816 47510 48600 47020 47040 5969.00 28510000
20130815 49690 49690 47600 47600 7140.00 34580000
20130814 47000 49080 46840 49080 16482.00 79390000
20130813 48000 48000 46380 46990 17264.00 81030000
20130812 51000 51030 47500 48150 9471.00 46110000
20130809 51200 52510 49590 50800 6834.00 34760000
20130808 50990 52360 50250 51240 5373.00 27470000
20130807 52680 52680 50500 50990 11743.00 60120000
20130806 49620 52800 49620 52700 16888.00 86360000
20130805 48500 48850 47000 48780 12249.00 58710000
20130802 51090 51800 48020 48680 17623.00 87830000
20130801 47880 51400 47680 51170 13202.00 65310000
20130731 48010 48990 47450 47850 8960.00 43120000
20130730 50910 50970 47260 47760 12523.00 60420000
20130729 51600 52800 50180 50220 5181.00 26570000
20130726 52600 53590 50390 51800 10997.00 56650000
20130725 57110 57380 52550 53300 12225.00 67340000
20130724 57600 57600 55890 57490 5731.00 32490000
20130723 56500 58000 55610 57500 6734.00 37990000
20130722 52000 57000 52000 56510 8808.00 48650000
20130719 50700 54900 50220 52000 12941.00 68040000
20130718 49600 50590 48900 50550 5577.00 27840000
20130717 49520 50660 49200 50000 8255.00 41190000
20130716 49800 50700 49220 49900 8974.00 44870000
20130715 46720 50150 46720 50060 11633.00 56210000
20130712 47260 48900 46600 46620 8784.00 41980000
20130711 46170 47260 45000 47260 6740.00 31220000
20130710 46180 47200 45710 46170 6418.00 29780000
20130709 45000 46100 44280 46050 4904.00 22280000
20130708 44950 47780 44470 45320 5555.00 25570000
20130705 46250 47570 45090 46300 6432.00 29730000
20130704 46800 47200 45280 46000 7075.00 32700000
20130703 46600 47740 46470 46920 8689.00 40800000
20130702 44890 48000 44340 46670 15371.00 71550000
20130701 40810 44890 40810 44890 17609.00 77280000
20130628 41000 42500 40590 40810 7041.00 29260000
20130627 42500 43780 41300 41600 13634.00 57870000
20130626 38980 42300 38080 42300 15766.00 63560000
20130625 37880 40330 36330 38980 22297.00 84990000
20130607 42000 42340 38880 40370 23891.00 97250000
20130606 41000 43300 40710 42340 9896.00 41570000
20130605 39800 42480 39800 41440 9886.00 40870000
20130604 39810 40170 38650 39800 13490.00 53030000
20130603 41000 41500 40010 40080 9188.00 37290000
20130531 41390 42580 40800 40800 10561.00 43970000
20130530 40000 42200 39610 41450 12919.00 53490000
20130529 38400 40080 38100 40080 12159.00 47890000
20130528 39200 39200 38000 38100 12692.00 49000000
20130527 39010 40200 38880 39650 13703.00 54080000
20130524 38800 39700 38000 39700 21419.00 83410000
20130523 35000 38870 34820 37800 30571.00 116320000
20130522 35910 36400 35290 35340 11395.00 40660000
20130521 35700 36290 35230 36180 15036.00 54080000
20130520 33840 35900 33840 35690 16072.00 56210000
20130517 33890 34460 33110 34090 14824.00 50110000
20130516 35850 36160 33710 34000 26137.00 90860000
20130515 50500 52970 50500 52510 9897.00 51400000
20130514 52600 52600 50500 50830 9823.00 50320000
20130513 52380 53500 51060 52600 8968.00 46890000
20130510 50100 52980 49750 52660 13908.00 72420000
20130509 50840 50900 49000 50500 11050.00 55410000
20130508 51100 51500 49960 50880 9104.00 45960000
20130507 49700 51370 49550 50930 13376.00 67850000
20130506 49020 51180 49000 49850 13882.00 69750000
20130503 47000 49690 46830 49050 15559.00 75960000
20130502 45540 47270 45100 47000 5416.00 25030000
20130426 46100 46510 45290 45410 7736.00 35510000
20130425 48210 49200 46060 46150 16424.00 78320000
20130424 47250 49240 46510 48700 16271.00 78310000
20130423 47200 47690 46800 47310 13099.00 61900000
20130422 46020 47580 46020 47390 11254.00 53070000
20130419 44480 46220 44480 45840 7831.00 35630000
20130418 43080 45100 43080 44430 5558.00 24690000
20130417 43220 43840 42810 43800 3290.00 14250000
20130416 41860 43260 41510 43220 2356.00 10020000
20130415 42910 43170 42500 42500 2751.00 11730000
20130412 43200 43650 43010 43050 2582.00 11180000
20130411 43360 43800 43140 43260 2878.00 12490000
20130410 44290 44460 42600 43360 6186.00 26760000
20130409 44100 45200 44100 44300 4469.00 19970000
20130408 42640 44500 42010 44240 4573.00 19800000
20130403 44220 44990 43000 43340 5519.00 24070000
20130402 45980 46330 44400 44610 4954.00 22400000
20130401 44340 46190 44340 45850 6548.00 29800000
20130329 44750 44780 44010 44280 5853.00 26000000
20130328 45820 45820 44220 44400 6918.00 30930000
20130327 47000 47030 45380 46000 13575.00 62960000
20130326 48800 48800 46000 47280 11014.00 51820000
20130325 49210 49730 47980 49030 9156.00 44560000
20130322 48000 49290 47700 48850 8503.00 41300000
20130321 47210 48700 47050 48250 7030.00 33900000
20130320 45620 47150 45410 47020 4405.00 20400000
20130319 45200 45620 44530 45620 2359.00 10660000
20130318 44830 45980 44590 45160 3892.00 17680000
20130315 43520 46190 43500 44950 6481.00 29110000
20130314 44470 44790 43610 43690 5077.00 22390000
20130313 44010 44730 43390 44600 5482.00 24160000
20130312 48220 48750 44050 44500 11491.00 52350000
20130311 47910 48700 47720 48200 3383.00 16320000
20130308 49160 50890 48130 48160 8748.00 43350000
20130307 50600 51190 48620 49000 10122.00 50530000
20130306 48480 50980 48390 50360 12015.00 60170000
20130305 47020 48480 47010 48360 5447.00 26120000
20130304 48680 48700 46690 47270 7480.00 35780000
20130301 47820 48900 47820 48570 10421.00 50500000
20130228 46080 47920 46080 47800 9185.00 43490000
20130227 46790 46790 45510 45900 5223.00 24080000
20130226 46590 47440 46550 46600 6725.00 31550000
20130225 46900 47190 46220 46940 3947.00 18490000
20130222 46200 47300 46130 46810 6120.00 28710000
20130221 46890 47330 46000 46200 7083.00 32870000
20130220 46600 47350 46150 47080 5491.00 25780000
20130219 48650 48830 46170 46300 8645.00 40740000
20130218 49390 49480 48550 48780 5615.00 27440000
20130208 49280 49750 48860 49220 8218.00 40530000
20130207 47500 49310 47450 49280 11808.00 57760000
20130206 47500 47850 47090 47710 4805.00 22820000
20130205 46370 47830 46010 47830 7028.00 33250000
20130204 47590 47700 45090 46400 7593.00 35020000
20130201 46490 47580 46210 47400 6176.00 29130000
20130131 46300 46740 45820 46600 5680.00 26300000
20130130 47880 48050 45880 46300 9757.00 45530000
20130129 48240 48650 47720 48050 8692.00 41880000
20130128 46830 48200 46460 48050 8585.00 40950000
20130125 46050 47300 45950 46830 6376.00 29910000
20130124 47000 47650 45190 46000 10109.00 47000000
20130123 45760 47200 45500 47130 8062.00 37290000
20130122 47610 47790 45600 46030 15335.00 71590000
20130121 47500 48780 46700 47990 11849.00 56790000
20130118 48520 49120 46110 47550 18028.00 85320000
20130117 48500 49280 48160 48680 9676.00 47220000
20130116 49590 49600 48010 48620 21742.00 105500000
20130115 51700 51700 48820 50060 34810.00 172860000
20130114 50880 52380 50400 52250 16127.00 83130000
20130111 50450 51900 50000 51280 15534.00 79170000
20130110 48510 50650 48510 49650 10839.00 53810000
20130109 50000 50500 48010 48850 17391.00 86010000
20130108 51220 53500 50500 51900 16298.00 84410000
20130107 51400 51900 50010 51650 12696.00 64660000
20130104 48050 52660 48050 51900 20529.00 102900000
20121231 48300 48930 47210 48300 11087.00 53140000
20121228 45460 50280 45460 48430 21022.00 101100000
20121227 48210 48490 45620 45780 16657.00 77580000
20121226 46410 49200 46100 48280 20880.00 99590000
20121225 47100 47670 45500 46960 28279.00 131790000
20121224 45620 47310 45010 47210 21346.00 98170000
20121221 45230 48000 45230 45800 24430.00 113310000
20121220 42850 47310 42600 45750 22812.00 104310000
20121219 43000 43200 42020 43010 7735.00 33080000
20121218 42660 43500 41310 43300 17296.00 73170000
20121217 43300 43770 42100 42530 11268.00 48210000
20121214 42330 43990 42310 43000 14531.00 62560000
20121213 41120 43870 40560 42800 18618.00 78170000
20121212 41080 43500 40800 41510 19878.00 83250000
20121211 38500 42500 38380 41020 20183.00 81140000
20121210 37830 38850 37620 38850 7214.00 27560000
20121207 36820 38500 36740 37980 7887.00 29670000
20121206 37000 37750 36610 36700 5503.00 20420000
20121205 34860 38000 34860 37100 12625.00 46430000
20121204 36100 36250 33580 35500 12293.00 42360000
20121203 36150 36570 35710 36250 5883.00 21250000
20121130 35500 36900 35030 36340 9749.00 35220000
20121129 35200 36900 34740 34740 17408.00 62180000
20121123 38880 39900 38580 38600 11899.00 46780000
20121122 38550 38980 38300 38580 8559.00 33050000
20121121 37330 38800 36800 38720 11250.00 42490000
20121120 37380 37950 37000 37300 5680.00 21280000
20121119 37280 37450 36370 37300 6469.00 23870000
20121116 36690 37380 36430 37280 7968.00 29530000
20121115 37270 37800 36800 36800 8244.00 30800000
20121114 38660 39380 37000 37850 17664.00 67130000
20121113 39380 39730 38520 38620 11476.00 44940000
20121112 37990 39180 37630 39120 12641.00 48810000
20121109 37500 38550 37310 37730 9921.00 37600000
20121108 37600 38460 37450 37450 8080.00 30630000
20121107 39100 39200 38010 38070 8999.00 34690000
20121106 38650 39210 37840 39210 12056.00 46370000
20121105 39430 39430 38420 38860 8950.00 34770000
20121102 39050 39700 38900 39440 11690.00 45850000
20121101 38340 40000 37910 39330 20707.00 80600000
20121031 38590 39160 37920 38380 11724.00 45000000
20121030 38360 38990 37910 38870 12636.00 48630000
20121029 36800 38850 36710 38460 17807.00 67460000
20121026 37460 38480 36660 36680 15402.00 57740000
20121025 37620 38370 37360 37610 14084.00 53260000
20121024 35750 38500 35750 37810 22289.00 83060000
20121023 36800 37150 35750 35810 11251.00 41040000
20121022 35770 36620 35770 36510 5859.00 21230000
20121019 36100 36700 35750 35920 6666.00 24170000
20121018 35880 36280 35540 35990 6383.00 22920000
20121017 35250 36200 35010 35880 7729.00 27620000
20121016 35380 35700 34810 35250 7064.00 24890000
20121015 34110 35850 34110 35360 10754.00 37800000
20121012 33980 34570 33700 34300 5954.00 20330000
20121011 35020 35160 34000 34000 9618.00 33120000
20121010 35200 35790 35000 35200 7665.00 27070000
20121009 34510 35380 34410 35200 8046.00 28180000
20121008 34210 35500 33650 34680 8660.00 29820000
20120928 33100 34270 32900 34180 8455.00 28450000
20120927 32360 33800 32360 33250 10582.00 35030000
20120926 33750 33820 32020 32330 12020.00 39360000
20120925 33500 34100 33220 33920 7517.00 25310000
20120924 33400 34160 33100 33510 8651.00 29140000
20120921 35550 35880 33330 33600 19230.00 66460000
20120920 37300 37350 35800 35800 14817.00 53830000
20120919 37570 38380 37170 37500 12213.00 46140000
20120918 36000 37460 35800 37460 13135.00 48100000
20120917 36800 38490 36600 36600 15688.00 58940000
20120914 36890 37790 36200 37110 15622.00 58220000
20120913 37130 37770 36510 36700 12140.00 45030000
20120912 37070 37290 36010 37220 17724.00 65050000
20120911 38700 38860 36540 37000 27384.00 102720000
20120910 37900 39730 37800 39000 25580.00 99590000
20120907 37790 38770 37200 37690 30072.00 113950000
20120906 37150 38330 37150 37530 22584.00 85040000
20120905 37410 38230 36810 37170 25595.00 95790000
20120904 38700 38940 37830 37830 32009.00 122410000
20120903 39200 39780 37800 38890 35403.00 137400000
20120831 35510 39180 35500 38830 47110.00 175690000
20120830 38600 39480 35720 36910 61433.00 231380000
20120829 34980 37700 34700 36700 51999.00 189830000
20120828 33600 35700 33330 34980 52278.00 182660000
20120827 31710 34200 31020 33890 46383.00 151500000
20120824 33300 35200 32900 32940 60953.00 206880000
20120823 32600 33270 32200 32700 60564.00 197870000
20120822 31900 33960 31880 33600 81813.00 271670000
20120821 30350 31300 30350 30870 42183.00 129580000
20120820 32500 32500 30000 30200 55827.00 173060000
20120817 32000 34200 31710 33200 106293.00 349040000
