20200203 6300 7600 6300 7170 453450 314731056 18.57 2.14 2.43 218524 234926 0.93 13.39
20200123 7120 7500 6890 7000 225315 162473132 8.40 1.10 -3.58 125790 99525 1.26 6.65
20200122 7020 7440 6500 7260 248684 176856258 13.26 1.30 2.40 123435 125249 0.99 7.34
20200121 6880 7270 6800 7090 208456 146496000
20200120 6860 7000 6790 6890 170615 117572830 3.07 0.62 0.88 96131 74484 1.29 5.04
20200117 7100 7170 6770 6830 207558 143931213 5.63 0.76 -3.80 129165 78393 1.65 6.13
20200116 7210 7280 7030 7100 185581 132684264 3.43 0.60 -2.61 113978 71602 1.59 5.48
20200115 7270 7440 7150 7290 184672 133911807 3.96 0.53 -0.55 109379 75294 1.45 5.45
20200114 7280 7840 7150 7330 429715 321534624 9.41 1.41 0.00 223083 206631 1.08 12.69
20200113 6820 7450 6800 7330 361619 259891228 9.54 1.20 7.64 139052 222567 0.62 10.68
20200110 6900 6940 6610 6810 206881 139675833 4.74 0.67 -2.16 124520 82361 1.51 6.11
20200109 6780 7250 6650 6960 359315 249912425 8.85 1.23 2.65 177299 182016 0.97 10.61
20200108 6430 7010 6390 6780 369296 248202146 9.55 1.41 4.47 167633 201663 0.83 10.90
20200107 6580 6630 6400 6490 223312 144842000
20200106 6300 6650 6130 6580 345231 220099832 7.94 1.19 0.46 175463 169768 1.03 10.19
20200103 6460 6690 6310 6550 253669 163396907 5.91 0.77 1.87 127383 126286 1.01 7.49
20200102 6330 6570 6250 6430 267841 171165167 5.10 0.66 2.55 135190 132652 1.02 7.91
20191231 6320 6420 6250 6270 221556 140269035 2.66 0.54 -2.03 128676 92880 1.39 6.54
20191230 6240 6470 6130 6400 295766 186929926 5.41 0.82 1.91 143410 152356 0.94 8.73
20191227 6310 6580 6240 6280 407487 260388199 5.40 1.35 -0.32 220392 187095 1.18 12.03
20191226 6310 6370 6110 6300 448373 279903712 4.06 2.00 -1.72 259644 188730 1.38 13.24
20191225 6170 6600 6080 6410 670523 426802704 8.65 5.98 6.66 283357 387166 0.73 20.57
20191224 5460 6010 5450 6010 217583 127268060 10.26 2.12 10.07 133051 84532 1.57 6.67
20191223 5570 5640 5460 5460 66101 36654942 3.21 0.63 -2.50 44502 21599 2.06 2.03
20191220 5860 5860 5570 5600 106376 60838179 4.97 1.13 -3.95 71536 34840 2.05 3.26
20191219 5800 5880 5780 5830 62390 36346137 1.72 0.66 0.00 36178 26213 1.38 1.91
20191218 5890 5940 5780 5830 108240 63317605 2.72 1.20 -1.02 57696 50544 1.14 3.32
20191217 5720 5950 5720 5890 170434 99861492 4.02 2.45 2.97 76117 94318 0.81 5.23
20191216 5780 5800 5650 5720 79981 45637397 2.65 1.13 1.06 39610 40371 0.98 2.45
20191213 5600 5670 5580 5660 50105 28194602 1.61 0.63 1.07 25546 24559 1.04 1.54
20191212 5590 5650 5570 5600 65764 36820476 1.43 0.72 0.18 34252 31512 1.09 2.02
20191211 5690 5730 5530 5590 83721 46992141 3.52 0.85 -1.58 47292 36428 1.30 2.57
20191210 5650 5720 5640 5680 68088 38543000
20191209 5740 5740 5620 5660 87676 49782404 2.10 0.76 -0.88 47867 39808 1.20 2.69
20191206 5750 5820 5670 5710 92806 53167821 2.60 0.84 -1.04 56174 36632 1.53 2.85
20191205 5690 5800 5640 5770 126689 72656450 2.80 1.25 0.87 59596 67094 0.89 3.89
20191204 5610 5740 5610 5720 116581 66254065 2.28 1.19 0.53 64844 51737 1.25 3.58
20191203 5480 5810 5410 5690 152924 86436750 7.25 1.75 3.08 68388 84536 0.81 4.69
20191202 5440 5580 5400 5520 89720 49436378 3.30 0.97 1.28 41619 48102 0.87 2.75
20191129 5380 5500 5360 5450 67413 36727810 2.59 0.52 0.74 31957 35456 0.90 2.07
20191128 5530 5580 5380 5410 79423 43306380 3.62 0.67 -2.17 46723 32700 1.43 2.44
20191127 5400 5590 5400 5530 98345 54316181 3.45 0.93 0.55 46282 52063 0.89 3.02
20191126 5410 5550 5390 5500 101584 55437582 2.92 1.10 0.36 53964 47620 1.13 3.12
20191125 5350 5520 5350 5480 116760 63417412 3.14 1.50 1.11 60932 55828 1.09 3.58
20191122 5310 5630 5260 5420 250201 137555084 7.13 6.87 4.43 121695 128506 0.95 7.67
20191121 5160 5200 5110 5190 26335 13605915 1.74 0.69 0.58 14430 11905 1.21 0.81
20191120 5220 5250 5150 5160 33664 17506789 1.92 0.88 -1.15 19217 14447 1.33 1.03
20191119 5120 5230 5120 5220 36145 18775025 2.13 0.91 1.16 15256 20888 0.73 1.11
20191118 5030 5190 5030 5160 44047 22615090 3.18 1.01 2.58 21418 22629 0.95 1.35
20191115 5060 5150 5030 5030 41945 21390313 2.38 0.94 -0.40 23550 18394 1.28 1.29
20191114 5020 5080 4950 5050 36057 18138029 2.59 0.72 0.60 19177 16880 1.14 1.11
20191113 5080 5080 5000 5020 34112 17151154 1.57 0.59 -1.18 20913 13199 1.58 1.05
20191112 5090 5120 5010 5080 43287 21835260 2.17 0.74 0.00 22359 20928 1.07 1.33
20191111 5280 5300 5050 5080 62234 32053666 4.79 1.11 -2.68 42401 19833 2.14 1.91
20191108 5290 5310 5210 5220 48088 25324363 1.89 0.91 -1.32 28077 20011 1.40 1.48
20191107 5270 5370 5240 5290 63167 33398330 2.42 1.22 -1.49 37349 25818 1.45 1.94
20191106 5380 5480 5300 5370 72977 39262743 3.38 1.55 0.75 34614 38363 0.90 2.24
20191105 5340 5390 5250 5330 47294 25184292 2.63 0.93 0.19 22350 24944 0.90 1.45
20191104 5260 5450 5260 5320 49660 26616083 3.63 0.88 1.53 24978 24682 1.01 1.52
20191101 5170 5270 5150 5240 32378 16929559 2.32 0.54 1.35 15792 16586 0.95 0.99
20191031 5340 5340 5150 5170 57268 29922447 3.59 0.98 -2.27 36898 20369 1.81 1.76
20191030 5330 5410 5270 5290 48152 25638152 2.63 0.77 -0.75 23737 24415 0.97 1.48
20191029 5460 5500 5320 5330 66984 36321956 3.27 1.17 -3.09 40952 26031 1.57 2.05
20191028 5440 5500 5370 5500 78482 42777636 2.43 1.59 2.80 38616 39866 0.97 2.41
20191025 5330 5370 5250 5350 50831 27030920 2.24 1.00 0.00 27723 23109 1.20 1.56
20191024 5340 5410 5270 5350 46565 24858433 2.62 0.92 0.19 22036 24529 0.90 1.43
20191023 5280 5390 5260 5340 69542 37180043 2.46 1.50 1.14 31252 38290 0.82 2.13
20191022 5190 5290 5180 5280 40863 21439849 2.12 0.83 1.54 18167 22696 0.80 1.25
20191021 5220 5250 5100 5200 39275 20276467 2.88 0.68 0.00 21400 17875 1.20 1.20
20191018 5360 5390 5180 5200 56698 29902654 3.92 0.94 -2.99 35295 21403 1.65 1.74
20191017 5330 5380 5290 5360 46595 24824691 1.68 0.70 -0.19 28374 18221 1.56 1.43
20191016 5360 5440 5320 5370 48981 26271019 2.25 0.73 0.75 27386 21595 1.27 1.50
20191015 5410 5410 5300 5330 54426 29059601 2.03 0.78 -1.48 35901 18524 1.94 1.67
20191014 5350 5470 5350 5410 80193 43477923 2.26 1.08 1.88 43231 36961 1.17 2.46
20191011 5300 5370 5230 5310 69940 37100328 2.65 0.80 0.57 37904 32036 1.18 2.15
20191010 5400 5400 5210 5280 80856 43045302 3.66 0.70 1.73 42877 37979 1.13 2.48
20191009 5080 5210 5080 5190 50629 26135000
20191008 5220 5280 5110 5130 69100 35961540 3.24 0.32 -2.29 40801 28299 1.44 2.12
20190930 5400 5530 5240 5250 101022 54109981 5.36 0.46 -2.96 66694 34328 1.94 3.10
20190927 5420 5530 5350 5410 133303 72595526 3.31 0.60 -0.37 71840 61464 1.17 4.09
20190926 5760 5760 5320 5430 222813 123841211 7.60 1.17 -6.22 133970 88843 1.51 6.83
20190925 6100 6120 5740 5790 352457 207500000
20190924 5470 6030 5470 6030 278555 162177425 10.22 3.10 10.04 136878 141677 0.97 8.54
20190923 5620 5650 5420 5480 101258 55581656 4.05 1.22 -3.52 62795 38463 1.63 3.11
20190920 5560 5840 5480 5680 158340 89338728 6.47 2.41 2.16 80292 78048 1.03 4.86
20190919 5510 5560 5440 5560 60933 33480295 2.19 0.87 1.65 31443 29490 1.07 1.87
20190918 5530 5580 5450 5470 49285 27076569 2.35 0.62 -1.08 29009 20276 1.43 1.51
20190917 5670 5670 5430 5530 79273 43846727 4.23 1.00 -2.47 42701 36573 1.17 2.43
20190916 5710 5740 5620 5670 68324 38816940 2.10 0.87 -0.70 41335 26989 1.53 2.10
20190912 5630 5740 5610 5710 70523 40064800 2.31 0.86 1.60 31124 39399 0.79 2.16
20190911 5720 5820 5590 5620 84397 47955000
20190910 5640 5790 5620 5710 95561 54411345 3.01 1.31 1.06 53390 42170 1.27 2.93
20190909 5570 5670 5500 5650 77660 43505426 3.10 1.04 2.91 33427 44233 0.76 2.38
20190906 5480 5560 5460 5490 66219 36489317 1.83 0.89 0.55 33992 32227 1.05 2.03
20190905 5420 5540 5400 5460 87312 47711462 2.59 1.32 1.11 39053 48259 0.81 2.68
20190904 5360 5430 5310 5400 63393 34038764 2.24 1.00 0.93 28875 34518 0.84 1.94
20190903 5400 5430 5310 5350 68772 36702000
20190902 5140 5410 5110 5370 88619 47053000
20190830 5300 5340 5060 5090 65275 33972652 5.33 1.14 -3.05 37281 27994 1.33 2.00
20190829 5340 5340 5230 5250 45476 24014846 2.08 0.80 -0.94 26088 19388 1.35 1.39
20190828 5340 5370 5280 5300 48337 25648641 1.68 0.81 -1.12 28402 19935 1.42 1.48
20190827 5420 5430 5290 5360 71003 38115161 2.65 1.20 1.52 36097 34906 1.03 2.18
20190826 5200 5350 5130 5280 55888 29421432 4.15 0.87 -0.38 24842 31046 0.80 1.71
20190823 5330 5440 5280 5300 64885 34649347 3.00 1.04 -0.56 38922 25963 1.50 1.99
20190822 5290 5370 5270 5330 43742 23270581 1.88 0.67 0.19 23564 20178 1.17 1.34
20190821 5300 5350 5250 5320 62480 33174870 1.90 1.03 0.95 27498 34982 0.79 1.92
20190820 5290 5350 5250 5270 69442 36798878 1.90 1.29 0.00 36509 32934 1.11 2.13
20190819 5150 5270 5120 5270 80754 42129637 2.95 1.65 3.54 33520 47235 0.71 2.48
20190816 5060 5180 5040 5090 54066 27654607 2.75 1.15 0.00 24591 29475 0.83 1.66
20190815 4930 5110 4810 5090 61665 30733539 5.94 1.46 0.79 25934 35731 0.73 1.89
20190814 5150 5150 5040 5050 37025 18842436 2.19 0.85 0.40 21401 15624 1.37 1.14
20190813 5040 5050 4990 5030 34644 17385200 1.18 0.63 -1.18 19354 15290 1.27 1.06
20190812 4980 5110 4950 5090 57176 28658000
20190809 5080 5110 4980 4980 44593 22448161 2.57 0.68 -1.39 25034 19559 1.28 1.37
20190808 5030 5100 5020 5050 38116 19273462 1.59 0.54 0.60 20561 17554 1.17 1.17
20190807 5110 5140 5010 5020 43884 22241802 2.56 0.55 -1.18 27285 16599 1.64 1.35
20190806 5160 5240 4930 5080 92214 46794530 5.78 0.92 -5.22 48387 43828 1.10 2.83
20190805 5500 5560 5360 5360 70835 38600846 3.59 0.77 -3.77 44886 25949 1.73 2.17
20190802 5600 5670 5500 5570 82271 45871056 2.96 0.99 -2.96 50387 31884 1.58 2.52
20190801 5760 5840 5690 5740 62812 36229299 2.61 0.79 0.00 31717 31095 1.02 1.93
20190731 5820 5890 5730 5740 91423 52913769 2.70 1.28 -3.04 64418 27005 2.39 2.80
20190730 6050 6180 5870 5920 194978 117241255 5.31 4.90 1.37 112302 82676 1.36 5.98
20190729 5820 5860 5780 5840 31111 18100245 1.38 0.68 0.69 18191 12920 1.41 0.95
20190726 5810 5820 5750 5800 36670 21204154 1.20 0.79 -0.34 22656 14013 1.62 1.12
20190725 5790 5880 5780 5820 42180 24618207 1.72 0.86 0.17 18600 23580 0.79 1.29
20190724 5760 5840 5730 5810 52513 30463702 1.92 0.96 1.40 23897 28615 0.84 1.61
20190723 5690 5750 5680 5730 36540 20870797 1.23 0.66 0.70 22887 13653 1.68 1.12
20190722 5840 5880 5610 5690 62151 35706667 4.63 1.18 -2.40 36081 26070 1.38 1.91
20190719 5860 5910 5800 5830 39903 23309053 1.89 0.76 0.17 25099 14804 1.70 1.22
20190718 5990 5990 5810 5820 52922 31072671 3.01 1.04 -2.68 40413 12509 3.23 1.62
20190717 5890 6040 5890 5980 80652 48292724 2.53 1.95 1.01 36756 43896 0.84 2.47
20190716 5840 5930 5820 5920 41892 24650993 1.87 1.01 0.68 16539 25354 0.65 1.29
20190715 5830 5930 5680 5880 48533 28249366 4.27 1.03 0.51 26385 22148 1.19 1.49
20190712 5880 5910 5820 5850 38423 22515266 1.54 0.62 -0.17 20130 18293 1.10 1.18
20190711 5910 5950 5820 5860 45959 27036155 2.22 0.70 0.00 28445 17515 1.62 1.41
20190710 5900 5940 5830 5860 32063 18820440 1.86 0.41 -0.85 18246 13817 1.32 0.98
20190709 5880 5950 5820 5910 41733 24564164 2.20 0.43 0.17 23078 18655 1.24 1.28
20190708 6040 6050 5870 5900 77919 46271490 2.97 0.78 -2.80 54177 23743 2.28 2.39
20190705 5930 6180 5890 6070 111209 67310947 4.89 1.09 2.36 52759 58451 0.90 3.41
20190704 5960 6030 5880 5930 64463 38226666 2.51 0.59 -0.67 39945 24518 1.63 1.98
20190703 6130 6130 5950 5970 93963 56410630 2.93 0.91 -2.77 68458 25504 2.68 2.88
20190702 6080 6250 6050 6140 136204 83949260 3.29 1.40 1.15 67500 68704 0.98 4.18
20190701 6070 6090 5980 6070 93497 56565582 1.86 0.91 2.53 50113 43384 1.16 2.87
20190628 6120 6130 5900 5920 120852 72198693 3.73 0.97 -3.90 88855 31996 2.78 3.71
20190627 6050 6200 6050 6160 99041 60670569 2.48 0.69 1.99 44610 54431 0.82 3.04
20190626 6050 6140 5970 6040 69097 41950760 2.81 0.46 -0.17 37262 31835 1.17 2.12
20190625 6190 6190 5950 6050 105654 63915892 3.88 0.69 -2.26 69019 36635 1.88 3.24
20190624 6230 6290 6110 6190 120362 74479529 2.86 0.81 -1.59 78349 42012 1.86 3.69
20190621 6300 6420 6170 6290 231697 146092221 4.03 1.61 1.45 111441 120256 0.93 7.11
20190620 6060 6300 5910 6200 188417 116010643 6.47 1.21 2.82 84750 103667 0.82 5.78
20190619 6110 6170 6020 6030 107345 65334655 2.51 0.49 1.01 55499 51846 1.07 3.29
20190618 6140 6160 5890 5970 120219 71958666 4.38 0.44 -3.08 80096 40123 2.00 3.69
20190617 6100 6210 6020 6160 97257 59728927 3.12 0.32 1.15 52772 44485 1.19 2.98
20190614 6400 6420 6050 6090 207114 128326915 5.82 0.63 -4.25 134927 72187 1.87 6.35
20190613 6440 6550 6350 6360 244808 157413868 3.06 0.78 -2.75 143806 101002 1.42 7.51
20190612 6360 6870 6290 6540 422088 273464304 9.03 1.47 1.87 218856 203232 1.08 12.95
20190611 6030 6580 6010 6420 404957 255789804 9.24 1.43 4.05 184973 219984 0.84 12.42
20190610 6180 6310 5830 6170 235232 141729249 7.83 0.86 0.65 126270 108961 1.16 7.22
20190606 6260 6400 5990 6130 335249 207132678 6.55 1.30 -2.08 187014 148235 1.26 10.28
20190605 5730 6260 5730 6260 169853 103543873 9.31 0.57 10.02 109301 60552 1.81 5.21
20190604 6140 6140 5600 5690 295092 174381089 8.70 0.92 -8.37 192929 102163 1.89 9.05
20190603 5920 6590 5830 6210 383817 239916069 12.67 1.47 3.50 156388 227429 0.69 11.77
20190531 6030 6200 5980 6000 178575 108878632 3.58 0.76 -2.28 98664 79911 1.23 5.48
20190530 6060 6180 5760 6140 266001 159978070 6.74 1.38 -1.44 149907 116094 1.29 8.16
20190529 5970 6430 5900 6230 353743 217123000
20190528 6470 6650 6100 6200 429975 272999712 8.79 6.55 -0.96 234250 195724 1.20 13.19
20190527 9350 10160 9260 10160 78380 77986503 9.74 1.23 9.96 54388 23992 2.27 4.31
20190524 9170 9480 9140 9240 50755 47071482 3.69 0.75 0.33 26530 24225 1.10 2.79
20190523 9480 9520 9150 9210 52655 49102911 3.90 0.75 -2.85 29621 23034 1.29 2.89
20190522 9570 9680 9330 9480 72037 68555703 3.64 0.97 -1.35 46931 25107 1.87 3.96
20190521 9550 9690 9450 9610 74451 71387830 2.50 1.05 0.10 38535 35916 1.07 4.09
20190520 9530 9690 9360 9600 69081 65793342 3.54 0.98 2.89 34723 34358 1.01 3.80
20190517 9660 9920 9280 9330 69171 66266096 6.62 0.90 -3.52 43933 25238 1.74 3.80
20190516 9740 9740 9540 9670 68353 65914944 2.05 0.86 -0.92 41040 27313 1.50 3.76
20190515 9470 9780 9330 9760 90841 87143409 4.82 1.21 4.61 34779 56062 0.62 4.99
20190514 9280 9560 9240 9330 56529 53118896 3.39 0.74 -1.17 29171 27358 1.07 3.11
20190513 9250 9480 9180 9440 68797 64607469 3.19 0.87 0.43 31223 37574 0.83 3.78
20190510 9160 9490 9000 9400 100443 93481273 5.41 1.48 3.87 42268 58175 0.73 5.52
20190509 8750 9280 8750 9050 79982 72782010 5.96 1.28 1.80 38942 41040 0.95 4.39
20190508 8710 9130 8510 8890 68659 61188273 6.97 1.13 0.00 32140 36519 0.88 3.77
20190507 8900 9020 8620 8890 64233 56876946 4.51 1.01 0.23 33462 30771 1.09 3.53
20190506 9520 9610 8870 8870 82487 74888773 7.51 1.45 -9.95 40505 41982 0.96 4.53
20190430 9510 9890 9500 9850 43131 42291126 4.07 0.68 2.82 21560 21571 1.00 2.37
20190429 9930 10060 9570 9580 54714 53409572 4.91 0.79 -3.91 33235 21479 1.55 3.01
20190426 9800 10120 9750 9970 59387 59112603 3.77 0.87 1.63 27582 31805 0.87 3.26
20190425 10230 10270 9800 9810 78428 78584640 4.59 1.23 -4.20 50477 27950 1.81 4.31
20190424 10190 10260 10020 10240 49265 49957864 2.36 0.71 0.79 23767 25498 0.93 2.71
20190423 10500 10530 10120 10160 77612 79819811 3.88 1.08 -3.97 44320 33292 1.33 4.26
20190422 10410 10650 10350 10580 80760 84740567 2.87 1.02 1.24 39872 40887 0.98 4.32
20190419 10300 10450 10220 10450 55528 57593439 2.25 0.68 2.05 25919 29609 0.88 2.97
20190418 10420 10490 10240 10240 54814 56891394 2.40 0.63 -1.82 32017 22797 1.40 2.93
20190417 10240 10480 10200 10430 78225 81360155 2.72 0.84 1.36 35670 42555 0.84 4.19
20190416 10000 10320 9800 10290 88547 88967262 5.14 0.80 1.68 44173 44374 1.00 4.74
20190415 10500 10530 10100 10120 120692 125211455 4.07 1.12 -4.17 74178 46514 1.59 6.46
20190412 10360 10640 10360 10560 63149 66364283 2.69 0.52 1.44 31017 32132 0.97 3.38
20190411 10700 10810 10380 10410 86490 91506510 4.01 0.69 -2.89 56031 30459 1.84 4.63
20190410 10870 10880 10550 10720 106772 114595131 3.01 0.80 -2.28 67277 39495 1.70 5.71
20190409 10720 11140 10690 10970 174075 190103517 4.27 1.34 3.98 76577 97498 0.79 9.31
20190408 10860 10890 10310 10550 107055 113864702 5.39 0.79 -2.04 63153 43902 1.44 5.73
20190404 10920 11050 10700 10770 128485 139643366 3.21 0.94 -1.37 80655 47831 1.69 6.87
20190403 10890 10930 10710 10920 106008 114885360 2.02 0.71 0.28 57601 48407 1.19 5.67
20190402 11100 11100 10760 10890 154544 168464285 3.10 1.01 -0.64 91609 62935 1.46 8.27
20190401 10580 11080 10580 10960 152842 165972303 4.74 0.90 3.98 70528 82315 0.86 8.18
20190329 10280 10580 10070 10540 138503 143373565 4.96 0.70 2.53 69159 69344 1.00 7.41
20190328 10610 10770 10270 10280 134978 141871079 4.62 0.51 -4.99 84944 50035 1.70 7.22
20190327 10800 10960 10370 10820 164714 175792561 5.50 0.47 0.93 85330 79384 1.07 8.81
20190326 11010 11130 10700 10720 171136 186264265 3.88 0.42 -3.34 100769 70367 1.43 9.16
20190325 10680 11450 10600 11090 235945 262202754 7.74 0.64 1.00 122639 113306 1.08 12.62
20190322 11240 11260 10850 10980 288781 318544480 3.56 0.85 -4.69 167791 120990 1.39 15.45
20190321 11230 12120 11230 11520 455399 531073120 7.84 1.62 1.50 221488 233910 0.95 24.36
20190320 11660 12500 11330 11350 613080 725897920 10.25 3.05 -0.53 314889 298191 1.06 32.80
20190319 10800 11410 10450 11410 432512 465914304 9.26 2.64 10.03 214528 217984 0.98 23.14
20190318 10370 10370 10370 10370 65605 68032862 0.00 0.35 9.97 65605 - - 3.51
20190315 9300 9620 9270 9430 123702 116517632 3.77 0.53 1.62 58622 65080 0.90 6.62
20190314 9880 9910 9170 9280 167574 158897457 7.43 0.68 -6.83 98045 69529 1.41 8.97
20190313 10300 10680 9930 9960 215888 223930581 7.27 0.89 -3.49 119289 96599 1.23 11.55
20190312 10350 10600 10020 10320 246345 253939019 5.59 1.04 -0.48 134014 112331 1.19 13.18
20190311 10100 10400 9820 10370 193872 197099776 5.86 0.86 4.75 100153 93719 1.07 10.37
20190308 9900 10720 9650 9900 344983 353450592 10.50 2.03 -2.85 171927 173056 0.99 18.46
20190307 9240 10190 9120 10190 239906 229150430 11.56 1.69 10.04 126902 113004 1.12 12.84
20190306 9210 9280 8960 9260 188713 172140223 3.49 1.47 0.87 97670 91043 1.07 10.10
20190305 8750 9390 8720 9180 218678 198439422 7.64 1.82 4.68 91715 126963 0.72 11.70
20190304 8850 8990 8720 8770 136184 120262050 3.10 1.00 0.80 69740 66444 1.05 7.29
20190301 8790 8850 8590 8700 66192 57443944 2.96 0.45 -0.91 38384 27808 1.38 3.54
20190228 8560 8920 8550 8780 101046 88441657 4.31 0.70 2.21 48297 52750 0.92 5.41
20190227 8730 8840 8450 8590 118198 102789692 4.45 0.86 -1.94 70773 47425 1.49 6.32
20190226 8870 9000 8620 8760 180497 158800003 4.21 1.43 -2.99 102295 78202 1.31 9.66
20190225 8750 9290 8600 9030 212213 188768697 8.01 1.98 4.88 109489 102724 1.07 11.35
20190222 8330 8650 8310 8610 118493 100988248 4.07 1.07 3.11 45855 72638 0.63 6.34
20190221 8300 8620 8300 8350 95540 80705315 3.80 0.87 -0.95 51251 44289 1.16 5.11
20190220 8400 8540 8260 8430 79413 66825745 3.32 0.70 0.00 40889 38525 1.06 4.25
20190219 8410 8620 8250 8430 125569 106106477 4.37 1.26 -0.35 69435 56134 1.24 6.72
20190218 8230 8470 8160 8460 115755 96364723 3.80 1.38 3.68 57815 57940 1.00 6.19
20190215 8250 8800 8110 8160 138377 116084040 8.48 2.19 0.25 74739 63638 1.17 7.40
20190214 8090 8300 8060 8140 91009 74212708 2.93 1.76 -0.49 48221 42788 1.13 4.87
20190213 7920 8210 7850 8180 97010 78266045 4.55 2.57 3.28 44423 52587 0.84 5.19
20190212 7670 7980 7660 7920 55445 43478658 4.17 1.44 3.13 27328 28117 0.97 2.97
20190211 7510 7690 7480 7680 36977 28201294 2.80 0.88 2.40 19218 17759 1.08 1.98
20190201 7310 7580 7310 7500 35484 26581199 3.72 0.77 3.31 20090 15394 1.31 1.90
20190131 7400 7510 7230 7260 33577 24723602 3.78 0.60 -1.89 21537 12040 1.79 1.80
20190130 7490 7560 7380 7400 27237 20283745 2.41 0.36 -1.07 17094 10143 1.69 1.46
20190129 7890 7900 7220 7480 58866 44014786 8.59 0.78 -5.56 34185 24681 1.39 3.15
20190128 8200 8280 7890 7920 54756 44141515 4.76 0.76 -3.30 38055 16700 2.28 2.93
20190125 8130 8240 8060 8190 55236 45000558 2.21 0.81 0.74 30744 24493 1.26 2.96
20190124 8200 8370 8100 8130 85711 70302314 3.26 1.40 -1.69 53902 31809 1.69 4.59
20190123 7880 8340 7800 8270 127262 104210135 6.79 2.69 4.03 57482 69781 0.82 6.81
20190122 7880 8100 7760 7950 56404 44897489 4.32 1.25 1.02 27003 29401 0.92 3.02
20190121 7930 7970 7790 7870 34798 27463992 2.32 0.78 1.29 17869 16929 1.06 1.86
20190118 7850 7880 7720 7770 38790 30168538 2.04 0.85 -1.02 22901 15889 1.44 2.08
20190117 7890 8090 7810 7850 49506 39282639 3.56 1.11 -0.25 25517 23989 1.06 2.65
20190116 7970 8150 7860 7870 56666 45362582 3.64 1.27 -1.25 31291 25375 1.23 3.03
20190115 7890 7960 7720 7750 31471 24561314 3.04 0.61 -1.77 20106 11365 1.77 1.68
20190114 7890 7960 7720 7750 31472 24562000
20190111 7830 7970 7700 7890 43413 33978000
20190110 7790 7980 7730 7800 44987 35488000
20190109 7930 8070 7830 7840 57319 45581964 3.05 0.87 -0.38 30636 26683 1.15 3.07
20190108 7840 7930 7770 7870 41501 32606552 2.02 0.67 -0.63 22965 18536 1.24 2.22
20190107 7980 8010 7730 7920 68992 54290545 3.56 1.28 0.76 36541 32451 1.13 3.69
20190104 7320 7970 7280 7860 80311 62240476 9.14 1.87 4.11 37908 42403 0.89 4.30
20190103 7730 7770 7540 7550 59956 45899985 2.99 1.47 -1.69 32752 27205 1.20 3.21
20190102 7350 8070 7210 7680 80440 62264011 11.72 2.67 4.63 37013 43427 0.85 4.30
20181228 7360 7400 7240 7340 20855 15278225 2.19 0.67 0.69 10035 10820 0.93 1.12
20181227 7600 7640 7280 7290 28307 21177256 4.80 0.92 -2.80 17458 10849 1.61 1.51
20181226 7560 7620 7440 7500 25691 19339828 2.37 0.82 -1.32 15197 10495 1.45 1.37
20181225 7680 7680 7210 7600 49178 36521452 6.05 1.91 -2.19 27850 21328 1.31 2.91
20181224 7600 7800 7600 7770 26570 20530431 2.61 1.07 1.44 11073 15497 0.71 1.57
20181221 7690 7730 7600 7660 26670 20455477 1.69 0.96 -0.39 16023 10647 1.50 1.58
20181220 7640 7740 7590 7690 26042 19980098 1.97 0.84 0.79 12071 13971 0.86 1.54
20181219 7860 7890 7620 7630 27303 21205021 3.45 0.82 -2.43 17369 9934 1.75 1.62
20181218 7880 7960 7750 7820 22310 17500000
20181217 7760 7940 7760 7880 21301 16772473 2.29 0.56 0.13 11564 9737 1.19 1.26
20181214 8220 8220 7800 7870 41266 33042072 5.12 1.06 -4.02 28759 12507 2.30 2.44
20181213 8190 8280 8070 8200 43470 35595609 2.55 1.06 -0.49 23444 20026 1.17 2.58
20181212 8150 8290 8090 8240 38696 31747848 2.47 0.91 1.85 16547 22148 0.75 2.29
20181211 8110 8140 8030 8090 27839 22493694 1.37 0.60 0.75 15815 12024 1.32 1.65
20181210 8190 8270 8010 8030 37644 30500401 3.14 0.74 -3.14 25898 11746 2.20 2.23
20181207 8290 8420 8150 8290 47633 39462979 3.23 0.91 -0.96 27338 20295 1.35 2.82
20181206 8410 8600 8310 8370 53063 44868244 3.47 0.98 0.24 26539 26524 1.00 3.14
20181205 8350 8490 8180 8350 47580 39828095 3.62 0.84 -2.57 27047 20533 1.32 2.82
20181204 8600 8600 8470 8570 45810 39135342 1.52 0.83 0.47 25362 20448 1.24 2.71
20181203 8520 8660 8430 8530 61777 52772800 2.77 1.23 2.65 30616 31161 0.98 3.66
20181130 8190 8350 8100 8310 52487 43188734 3.06 0.90 1.71 25286 27201 0.93 3.11
20181129 8640 8740 8150 8170 63649 54194787 6.85 1.04 -5.11 38978 24671 1.58 3.77
20181128 8540 8640 8320 8610 59999 51283610 3.76 0.97 1.06 27831 32168 0.87 3.55
20181127 8500 8550 8400 8520 37395 31739554 1.79 0.50 1.43 18829 18566 1.01 2.22
20181126 8360 8550 8320 8400 37860 31931079 2.74 0.41 0.00 20455 17405 1.18 2.24
20181123 8910 8990 8390 8400 92925 80065446 6.67 0.76 -6.67 62638 30287 2.07 5.51
20181122 9150 9180 8830 9000 77321 70081502 3.88 0.53 -0.22 40857 36465 1.12 4.58
20181121 8720 9070 8700 9020 65304 58488537 4.17 0.39 1.58 34027 31277 1.09 3.87
20181120 9180 9270 8880 8880 97317 88584000
20181119 9590 9590 9300 9370 128603 121040000
20181116 9300 9970 9100 9650 244612 232503000
20181115 9080 9680 9050 9380 199724 188472488 7.02 1.53 4.45 90657 109067 0.83 11.83
20181114 9660 9660 8970 8980 176267 162737576 7.74 1.12 0.79 94082 82185 1.14 10.44
20181113 8700 8950 8620 8910 118140 104178045 3.75 0.64 1.37 61815 56325 1.10 7.00
20181112 8610 8830 8510 8790 98546 85709727 3.72 0.51 2.09 48754 49792 0.98 5.84
20181109 8580 8680 8450 8610 90967 77929362 2.65 0.46 -0.69 52272 38695 1.35 5.39
20181108 8860 9080 8600 8670 167884 148318849 5.35 0.91 -3.34 106922 60962 1.75 9.95
20181107 9180 9740 8960 8970 312481 293559232 8.41 2.37 -3.34 164841 147640 1.12 18.51
20181106 8350 9280 8120 9280 252997 221907134 13.74 2.79 9.95 131872 121125 1.09 14.99
20181105 8150 8570 8060 8440 138952 115410381 6.24 2.00 3.30 58086 80866 0.72 8.23
20181102 7910 8200 7900 8170 114840 92802489 3.76 2.05 2.51 52318 62522 0.84 6.80
20181101 7870 8230 7860 7970 99419 80208680 4.75 1.99 2.31 48649 50770 0.96 5.89
20181031 7710 7910 7680 7790 51652 40346301 2.99 1.00 1.30 25201 26451 0.95 3.06
20181030 7580 7770 7420 7690 47832 36513882 4.61 0.83 1.18 22764 25068 0.91 2.83
20181029 7680 7750 7520 7600 34372 26343302 2.99 0.50 -1.04 16853 17519 0.96 2.04
20181026 7870 7890 7640 7680 47464 36802672 3.24 0.67 -0.39 26376 21088 1.25 2.81
20181025 7350 7790 7350 7710 68166 51647625 5.54 1.03 -2.90 37910 30256 1.25 4.04
20181024 7820 8150 7750 7940 61237 48953324 5.04 0.89 0.00 30358 30879 0.98 12.99
20181023 7920 8150 7830 7940 78591 62868098 3.97 1.10 -1.61 42385 36206 1.17 4.66
20181022 7830 8180 7500 8070 89090 71228168 8.87 1.27 5.22 40586 48504 0.84 5.28
20181019 7080 7720 7080 7670 56162 42450019 8.60 0.75 3.09 23073 33089 0.70 3.33
20181018 7750 7790 7430 7440 46111 35211683 4.59 0.58 -5.22 28865 17246 1.67 2.73
20181017 8190 8190 7500 7850 74116 58136307 8.62 1.04 -1.88 41388 32728 1.26 4.39
20181016 7760 8190 7600 8000 90811 71993547 7.56 1.52 2.56 47302 43509 1.09 5.38
20181015 7850 8250 7670 7800 84484 67476816 7.59 1.60 2.09 44818 39666 1.13 5.01
20181012 7700 7900 7150 7640 81299 61153600 9.46 1.80 -3.66 43619 37680 1.16 4.82
20181011 8050 8400 7930 7930 64397 52257411 5.33 1.30 -9.99 40928 23469 1.74 3.82
20181010 8740 8880 8680 8810 34402 30248784 2.29 0.59 1.03 16781 17621 0.95 2.04
20181009 8900 8900 8640 8720 34000 29758903 3.00 0.54 0.58 19624 14376 1.37 2.01
20181008 8800 8880 8610 8670 50509 44265543 2.99 0.71 -3.88 29527 20982 1.41 2.99
20180928 8910 9080 8910 9020 42878 38585245 1.92 0.56 1.69 21967 20911 1.05 2.54
20180927 9310 9320 8820 8870 85645 77654288 5.37 1.12 -4.73 55660 29986 1.86 5.07
20180926 9300 9450 9230 9310 76805 71680093 2.37 0.98 0.22 40663 36142 1.13 4.55
20180925 9210 9470 9210 9290 60219 56187677 2.78 0.68 -0.64 34093 26127 1.30 3.57
20180921 9180 9450 9140 9350 89416 83239133 3.38 0.86 1.85 38755 50660 0.77 5.30
20180920 9140 9330 9100 9180 68927 63499662 2.51 0.58 0.33 34854 34073 1.02 4.08
20180919 9100 9270 9060 9150 87012 79851337 2.30 0.60 0.11 46478 40534 1.15 5.16
20180918 8820 9200 8700 9140 84850 76435765 5.56 0.57 1.67 42323 42527 1.00 5.03
20180917 9210 9220 8930 8990 109628 99473882 3.02 0.75 -6.35 69269 40359 1.72 6.49
20180914 9900 10440 9570 9600 168885 169804303 8.88 1.30 -2.04 88736 80149 1.11 10.01
20180913 9740 9970 9580 9800 143672 140137855 3.93 1.27 -1.31 90257 53415 1.69 8.51
20180912 9300 10320 9210 9930 221548 217943514 11.83 2.51 5.86 99978 121570 0.82 13.13
20180911 9130 9520 9040 9380 96272 89935504 5.19 1.16 1.52 45289 50983 0.89 5.70
20180910 9180 9500 8950 9240 100152 92211737 5.94 1.20 -0.22 52834 47318 1.12 5.93
20180907 9100 9390 9090 9260 86314 79652961 3.31 0.99 2.32 40575 45739 0.89 5.11
20180906 8960 9160 8910 9050 62944 57041223 2.77 0.58 0.33 34199 28745 1.19 3.73
20180905 9300 9420 9010 9020 95497 87949627 4.35 0.76 -4.35 61372 34125 1.80 5.66
20180904 9360 9490 9320 9430 70998 66856043 1.81 0.47 0.32 38174 32824 1.16 4.21
20180903 9710 9780 9100 9400 102107 96296092 6.98 0.68 -3.49 61592 40516 1.52 6.05
20180831 9900 9970 9680 9740 103928 101815388 2.86 0.70 -3.85 63950 39979 1.60 6.16
20180830 10440 10790 10100 10130 169673 177934910 6.62 1.27 -2.78 91681 77992 1.18 10.05
20180829 10210 10540 10090 10420 182355 188308215 4.36 1.57 0.87 93079 89276 1.04 10.80
20180828 9960 10640 9800 10330 200467 204713661 8.52 2.06 4.77 93600 106867 0.88 11.88
20180827 9670 9950 9620 9860 96841 94834358 3.43 1.01 2.60 41581 55260 0.75 5.74
20180824 9880 9900 9600 9610 91524 89017906 3.03 0.91 -3.03 64437 27087 2.38 5.42
20180823 9760 10020 9660 9910 95391 93864687 3.68 0.90 1.33 44459 50932 0.87 5.65
20180822 10090 10240 9770 9780 97714 97600834 4.64 0.82 -3.36 61196 36518 1.68 5.79
20180821 9900 10210 9860 10120 104645 105248187 3.53 0.66 2.02 48844 55800 0.88 6.20
20180820 9850 10020 9630 9920 87836 86149848 3.93 0.46 0.00 48053 39783 1.21 5.20
20180817 10160 10280 9810 9920 117446 117552887 4.70 0.59 -0.80 67153 50293 1.34 6.96
20180816 10170 10360 9900 10000 125065 126629049 4.41 0.59 -4.21 71465 53600 1.33 7.41
20180815 10660 10820 10400 10440 160995 170306378 3.87 0.74 -3.78 98686 62309 1.58 9.54
20180814 10380 11270 10300 10850 296744 319844960 9.17 1.48 2.55 156654 140090 1.12 17.58
20180813 9960 10720 9670 10580 247374 252580767 10.45 1.28 5.27 110120 137254 0.80 14.66
20180810 10080 10180 9900 10050 157661 158303692 2.83 0.80 1.62 79620 78041 1.02 9.34
20180809 9620 10140 9500 9890 197549 195984555 6.67 0.99 3.02 88953 108596 0.82 11.70
20180808 10100 10170 9450 9600 192837 188999858 7.05 0.97 -6.07 116458 76379 1.52 11.42
20180807 10140 10420 10000 10220 205678 209489294 4.23 1.00 2.92 110933 94746 1.17 12.19
20180806 9910 10350 9830 9930 215854 217920077 5.35 1.01 2.16 103312 112542 0.92 12.79
20180803 10300 10390 9710 9720 179277 180558163 6.54 0.77 -6.54 105151 74126 1.42 10.62
20180802 10750 10960 10050 10400 209070 220891942 8.44 0.81 -3.53 105763 103307 1.02 12.39
20180801 11260 11290 10710 10780 185182 201963215 5.23 0.61 -2.80 105907 79275 1.34 10.97
20180731 11600 11600 10910 11090 240771 268178033 5.90 0.68 -5.13 143171 97601 1.47 14.26
20180730 11680 12050 11530 11690 252917 298659552 4.53 0.55 1.92 121145 131772 0.92 14.98
20180727 11990 12190 11450 11470 275835 324456000 6.13 0.50 -5.05 163502 112334 1.46 16.34
20180726 12220 12660 11850 12080 335769 409569504 6.61 0.54 -1.39 183927 151842 1.21 19.89
20180725 12610 12920 12010 12250 401830 499397488 7.14 0.61 -3.92 233561 168269 1.39 23.81
20180724 12860 13450 12630 12750 503648 649715408 6.16 0.76 -4.21 305867 197781 1.55 27.25
20180723 13740 14630 12910 13310 762456 1050697280 12.68 1.15 -1.84 407119 355337 1.15 41.25
20180720 11200 13560 11180 13560 743908 947770416 19.30 1.20 9.98 330920 412988 0.80 40.25
20180719 13000 14190 12130 12330 716921 952866448 15.90 1.21 -4.86 345775 371146 0.93 38.79
20180718 11630 12960 11590 12960 560739 678513216 11.63 1.01 10.02 248581 312158 0.80 30.34
20180717 11990 12250 11530 11780 524761 622949680 5.66 1.13 -7.46 316154 208606 1.52 28.39
20180716 14700 15080 12340 12730 774664 1061575808 19.99 2.13 -7.15 471238 303426 1.55 41.91
20180713 13490 13710 12550 13710 531057 713903232 9.31 2.02 10.03 320276 210781 1.52 28.73
20180712 11040 12460 10740 12460 561064 669710304 15.18 3.52 9.97 347928 213136 1.63 30.36
20180711 10370 11330 10370 11330 381408 425359424 9.32 4.18 10.00 254732 126676 2.01 20.64
20180710 9840 10300 9840 10300 75332 76263172 4.91 0.86 10.04 46114 29218 1.58 4.08
20180709 9000 9360 8800 9360 266351 244846887 6.58 4.98 9.99 135621 130730 1.04 14.41
20180706 8510 8510 8510 8510 31081 26449531 0.00 0.50 9.95 31081 - - 1.68
20180705 7950 8150 7680 7740 42216 33458978 5.85 0.65 -3.73 24288 17928 1.35 2.28
20180704 8310 8380 7920 8040 41637 33915558 5.48 0.62 -4.17 28433 13204 2.15 2.25
20180703 8300 8440 8030 8390 58859 48510928 4.99 0.88 2.07 29252 29607 0.99 3.18
20180702 8180 8550 8150 8220 93643 78018868 4.88 1.57 0.24 51587 42056 1.23 5.07
20180629 7880 8250 7820 8200 75916 61339231 5.51 1.34 5.13 28488 47428 0.60 4.11
20180628 7880 8170 7800 7800 54037 43223378 4.61 0.89 -2.74 32819 21217 1.55 2.92
20180627 8120 8250 7950 8020 50770 41054260 3.66 0.78 -2.20 31146 19624 1.59 2.75
20180626 7850 8290 7700 8200 61317 49807134 7.34 0.92 1.99 25718 35599 0.72 3.32
20180625 8210 8290 7920 8040 55702 45272767 4.61 0.77 0.12 29050 26652 1.09 3.01
20180622 7620 8080 7620 8030 61297 48648130 5.86 0.81 2.29 28497 32800 0.87 3.32
20180621 8200 8430 7830 7850 76105 62102364 7.32 0.91 -4.27 43480 32625 1.33 4.12
20180620 7960 8470 7820 8200 72937 60186792 7.98 0.74 0.61 36519 36418 1.00 3.95
20180619 8880 8890 8150 8150 68921 57913628 8.17 0.59 -10.04 38188 30734 1.24 3.73
20180615 9800 9840 8880 9060 84769 78795549 9.91 0.60 -6.50 48317 36452 1.33 4.59
20180614 9680 10090 9520 9690 75393 73669143 5.75 0.49 -2.22 43916 31477 1.40 4.08
20180613 10440 10440 9880 9910 118264 119994504 5.27 0.77 -6.77 70864 47400 1.50 6.40
20180612 10990 11160 10110 10630 145503 153656125 9.36 1.01 -5.26 87648 57855 1.51 7.87
20180611 11490 11700 11020 11220 165026 186557558 5.94 1.09 -1.92 90738 74287 1.22 8.93
20180608 10790 11630 10430 11440 206190 228478702 11.17 1.40 6.52 88784 117406 0.76 11.16
20180607 10500 11100 10500 10740 142257 153659963 5.76 0.85 3.07 66767 75490 0.88 7.70
20180606 10380 10680 10180 10420 105497 110871820 4.83 0.56 0.58 51058 54439 0.94 5.71
20180605 10170 10530 10010 10390 104731 108279756 5.03 0.51 0.58 53378 51353 1.04 5.67
20180604 11300 11460 10330 10330 200156 212810716 9.84 0.97 -10.02 119738 80418 1.49 10.83
20180601 11970 12060 11100 11480 181213 209923300 8.10 0.82 -3.12 105988 75226 1.41 9.80
20180531 11030 12090 11030 11850 250035 292909216 9.46 1.03 5.80 114371 135665 0.84 13.53
20180530 11100 12200 10780 11200 210441 241884805 12.14 0.80 -4.27 114531 95910 1.19 11.39
20180529 11200 11770 11150 11700 190405 218330618 5.45 0.72 2.81 95965 94440 1.02 10.30
20180528 11680 11970 11110 11380 204309 236985257 7.32 0.71 -3.15 108436 95872 1.13 11.05
20180525 11590 11860 11170 11750 245311 283134928 6.13 0.88 4.44 121524 123787 0.98 13.27
20180524 12170 12170 11180 11250 360579 421483296 8.56 1.43 -2.77 184616 175963 1.05 19.51
20180523 10410 11570 10330 11570 317385 356067456 11.79 1.41 9.98 142991 174394 0.82 17.17
20180522 10730 10750 10200 10520 189273 198309583 5.02 0.90 -4.01 104001 85272 1.22 10.24
20180521 11250 12180 10860 10960 324742 372886464 11.81 1.78 -1.97 197762 126981 1.56 17.57
20180518 11080 11180 10760 11180 205331 225874969 3.79 1.30 0.90 108110 97221 1.11 11.11
20180517 10680 11140 10580 11080 222189 242676512 5.24 1.62 3.75 98386 123803 0.79 12.02
20180516 10360 10970 10360 10680 187707 201265445 5.79 1.32 1.33 81673 106034 0.77 10.16
20180515 10490 10620 10270 10540 110586 115695462 3.30 0.61 -0.66 58620 51965 1.13 5.98
20180514 10190 10770 10110 10610 186959 195393367 6.46 1.13 3.92 83136 103824 0.80 10.12
20180511 10350 10390 10080 10210 84894 86440067 3.00 0.49 -1.07 50759 34135 1.49 4.59
20180510 10460 10530 10150 10320 115257 119243251 3.64 0.63 -1.24 68293 46964 1.45 6.24
20180509 10510 10790 10190 10450 214749 223493309 5.56 1.36 -3.15 135017 79731 1.69 11.62
20180508 10010 10960 9900 10790 308953 324561744 10.63 2.68 8.22 129793 179160 0.72 16.72
20180507 9630 10070 9630 9970 102548 101765408 4.52 0.84 2.47 47448 55100 0.86 5.55
20180504 10030 10200 9630 9730 132187 130779147 5.64 1.03 -3.76 79891 52296 1.53 7.15
20180503 9790 10110 9710 10110 156946 155991937 4.17 1.27 5.42 62527 94419 0.66 8.49
20180502 9700 9900 9400 9590 87851 85046883 5.30 0.67 1.59 43131 44721 0.96 4.75
20180427 9650 9780 9340 9440 96038 92121816 4.70 0.69 0.85 49833 46205 1.08 5.20
20180426 10000 10290 9300 9360 135620 133131653 9.78 0.91 -7.51 80398 55223 1.46 7.34
20180425 9820 10320 9820 10120 166773 168771215 5.08 1.18 2.74 78339 88435 0.89 9.02
20180424 9540 9850 9350 9850 131122 127098306 5.25 0.90 3.47 60511 70611 0.86 7.09
20180423 9790 10080 9310 9520 123841 119016829 7.78 0.77 -3.84 72526 51315 1.41 6.70
20180420 10100 10470 9890 9900 141433 143686986 5.61 0.83 -4.16 81659 59774 1.37 7.63
20180419 10300 10660 10070 10330 181135 189485295 5.76 1.09 0.78 87914 93221 0.94 9.77
20180418 10170 10300 9810 10250 130580 131726757 4.89 0.67 2.30 65570 65010 1.01 7.04
20180417 10400 10420 9930 10020 149856 152416356 4.72 0.62 -3.47 86868 62988 1.38 8.08
20180416 10110 10540 9910 10380 205580 210904761 6.16 0.77 1.47 103530 102050 1.01 11.09
20180413 10980 11050 10180 10230 187761 198409186 8.03 0.60 -5.63 107035 80725 1.33 10.13
20180412 10790 11020 10660 10840 158069 171377799 3.29 0.40 -0.91 87325 70744 1.23 8.53
20180411 10870 11300 10580 10940 277808 302055536 6.43 0.72 -2.32 160771 117036 1.37 14.99
20180410 10800 11500 10350 11200 374105 406238672 10.78 0.99 4.97 184223 189882 0.97 20.18
20180409 11110 11200 10560 10670 336736 363263776 5.50 0.90 -8.25 192188 144548 1.33 18.17
20180404 11880 12600 11580 11630 413509 490974720 8.28 1.02 -5.60 235949 177560 1.33 22.31
20180403 12450 13150 12300 12320 584664 742388208 7.10 1.63 2.84 288077 296588 0.97 31.54
20180402 11960 11980 11510 11980 215033 257292364 4.32 0.58 10.01 155623 59410 2.62 11.60
20180330 10710 11200 10520 10890 336166 365016032 6.26 0.90 0.18 173005 163161 1.06 18.14
20180329 10810 11280 10500 10870 322747 349841296 7.03 0.81 -1.98 178906 143841 1.24 17.41
20180328 10550 11730 10410 11090 576463 642484112 12.38 1.51 4.03 295497 280967 1.05 31.10
20180327 9830 10660 9590 10660 341163 343845152 11.04 0.88 10.01 172762 168400 1.03 18.41
20180326 9040 9740 8920 9690 267106 249887236 8.67 0.60 2.43 130396 136711 0.95 14.41
20180323 9580 10100 9460 9460 361188 347952848 6.09 0.84 -9.99 193839 167348 1.16 19.49
20180322 9930 10850 9920 10510 440325 458774512 9.15 1.01 3.44 205789 234535 0.88 23.76
20180321 10280 10970 10080 10160 493543 519917856 8.71 1.26 -0.59 241418 252125 0.96 26.63
20180320 9840 10360 9750 10220 370417 371704976 5.90 0.97 -1.16 192951 177466 1.09 19.98
20180319 11200 11470 10250 10340 557127 591664432 11.34 1.55 -3.90 304541 252587 1.21 30.06
20180316 10300 10760 10300 10760 287174 304724240 4.70 0.88 10.02 159846 127328 1.26 15.49
20180312 9450 9780 8960 9780 468120 445478256 9.22 1.92 10.01 256058 212062 1.21 25.25
20180309 7990 8890 7900 8890 271762 227684971 12.25 1.34 10.02 133082 138680 0.96 14.66
20180308 7850 8470 7720 8080 327494 262915129 9.23 2.27 -0.62 168896 158598 1.06 17.67
20180307 8100 8470 7810 8130 437727 353963744 8.43 7.20 3.83 206481 231245 0.89 23.62
20180306 7830 7830 7700 7830 130562 102130071 1.83 3.41 9.97 77726 52836 1.47 7.04
20180305 6990 7120 6990 7120 53282 37831751 2.01 1.74 10.05 44548 8734 5.10 2.87
20180302 6220 6900 6180 6470 66464 43226403 11.48 3.45 3.19 31283 35181 0.89 3.59
20180301 6050 6400 6050 6270 34472 21569855 5.76 2.40 3.13 15880 18593 0.85 1.86
20180228 5950 6140 5930 6080 19026 11544397 3.48 1.58 0.83 8503 10523 0.81 1.03
20180227 6020 6150 6010 6030 18403 11180264 2.33 1.62 0.33 10627 7776 1.37 0.99
20180226 5940 6050 5900 6010 15165 9091407 2.55 1.29 2.04 8120 7045 1.15 0.82
20180223 5910 5940 5870 5890 9350 5514624 1.18 0.66 -0.34 5714 3636 1.57 0.50
20180222 5840 5960 5840 5910 9900 5842199 2.06 0.60 1.55 4953 4947 1.00 0.53
20180214 5880 5880 5760 5820 7544 4389709 2.04 0.39 -0.85 4916 2628 1.87 0.41
20180213 5900 6040 5830 5870 14889 8848674 3.57 0.70 -0.17 8374 6515 1.29 0.80
20180212 5690 5930 5690 5880 17200 10039206 4.22 0.78 3.34 8637 8563 1.01 0.93
20180209 5700 5730 5550 5690 20817 11757450 3.11 0.90 -1.73 13020 7797 1.67 1.12
20180208 5560 5810 5510 5790 21618 12367422 5.40 0.80 4.14 9995 11623 0.86 1.17
20180207 5460 5650 5410 5560 21206 11750399 4.43 0.67 2.58 11847 9359 1.27 1.14
20180206 5810 5810 5420 5420 25160 14234405 6.62 0.66 -7.98 16576 8584 1.93 1.36
20180205 6000 6000 5890 5890 21168 12539281 1.82 0.55 -2.64 11453 9715 1.18 1.14
20180202 6070 6160 5950 6050 26852 16263752 3.38 0.64 -2.73 15914 10938 1.45 1.45
20180201 6530 6580 6180 6220 40068 25443644 6.13 1.01 -4.75 25289 14779 1.71 2.16
20180131 6810 6820 6510 6530 44460 29522001 4.49 1.21 -5.36 31945 12515 2.55 2.40
20180130 6740 6970 6680 6900 56911 39034856 4.36 1.85 3.76 24562 32349 0.76 3.07
20180129 6820 6890 6620 6650 25282 17052785 3.95 0.84 -2.78 15873 9409 1.69 1.36
20180126 6700 6930 6680 6840 42111 28711420 3.72 1.55 1.79 19640 22471 0.87 2.27
20180125 6760 6890 6710 6720 29700 20236878 2.65 1.21 -0.88 15653 14047 1.11 1.60
20180124 6650 6850 6650 6780 29013 19588514 2.99 1.23 1.50 12183 16830 0.72 1.57
20180123 6640 6710 6590 6680 27325 18227389 1.82 1.29 1.06 10686 16639 0.64 1.47
20180122 6560 6620 6440 6610 23052 15106865 2.73 1.06 0.30 12607 10444 1.21 1.24
20180119 6540 6610 6490 6590 26481 17365713 1.83 1.33 0.76 13532 12950 1.04 1.43
20180118 6530 6600 6510 6540 17122 11222824 1.38 0.77 0.00 10052 7070 1.42 0.92
20180117 6540 6590 6390 6540 23973 15562911 3.08 1.09 0.62 13141 10832 1.21 1.29
20180116 6500 6580 6460 6500 15329 9990959 1.85 0.67 0.00 8498 6831 1.24 0.83
20180115 6740 6780 6460 6500 26250 17287895 4.71 1.21 -4.27 18782 7468 2.51 1.42
20180112 6760 6820 6730 6790 17082 11581836 1.33 0.79 0.00 10265 6816 1.51 0.92
20180111 6710 6820 6670 6790 28303 19121092 2.23 1.41 0.89 15798 12505 1.26 1.53
20180110 6840 6880 6660 6730 22547 15248620 3.24 1.17 -1.03 13790 8757 1.57 1.22
20180109 6880 6880 6710 6800 20958 14251460 2.47 1.16 -1.31 11985 8973 1.34 1.13
20180108 6890 6930 6790 6890 19168 13147018 2.03 0.99 -0.14 10484 8685 1.21 1.03
20180105 6880 6930 6840 6900 17064 11753970 1.31 1.58 0.29 8061 9003 0.90 0.92
20180104 6870 6940 6820 6880 20383 14033167 1.75 0.86 0.15 10765 9618 1.12 1.10
20180103 6800 6910 6790 6870 18428 12644926 1.76 0.76 0.59 9168 9261 0.99 0.99
20180102 6830 6850 6760 6830 15106 10291153 1.32 0.49 0.29 7757 7349 1.06 0.81
20171229 6700 6830 6660 6810 26132 17617778 2.54 0.89 1.64 10923 15209 0.72 1.41
20171228 6640 6750 6610 6700 18274 12221722 2.10 0.63 0.60 9163 9111 1.01 0.99
20171227 6700 6860 6620 6660 40762 27348542 3.60 1.64 -0.15 14116 26645 0.53 2.20
20171226 6560 6710 6510 6670 21391 14145158 3.03 0.84 1.06 11560 9831 1.18 1.15
20171225 6970 7000 6540 6600 48922 32781844 6.43 2.33 -7.69 31158 17764 1.75 2.68
20171215 7130 7170 7080 7150 16670 11886057 1.26 0.64 0.28 9618 7052 1.36 1.04
20171214 7150 7150 7090 7130 17051 12137560 0.84 0.49 -0.56 9583 7468 1.28 1.06
20171213 7050 7180 7010 7170 20452 14495111 2.41 0.53 1.70 9342 11110 0.84 1.27
20171212 7180 7260 7030 7050 24497 17570158 3.21 0.60 -1.54 14278 10219 1.40 1.53
20171211 7130 7210 7100 7160 26335 18849477 1.54 0.60 0.42 12102 14233 0.85 1.64
20171208 7090 7230 6990 7130 42697 30403288 3.36 1.00 -0.28 26799 15898 1.69 2.66
20171207 6920 7270 6880 7150 59755 42670921 5.60 1.63 2.58 26684 33071 0.81 3.72
20171206 6750 7110 6730 6970 41163 28361243 5.63 1.13 3.26 20240 20923 0.97 2.56
20171205 7000 7070 6710 6750 34814 24025453 5.13 0.95 -3.85 23764 11050 2.15 2.17
20171204 7330 7330 7000 7020 39640 28333117 4.52 1.06 -3.84 27282 12358 2.21 2.47
20171201 7220 7380 7210 7300 37746 27540630 2.35 0.91 0.83 17090 20656 0.83 2.35
20171130 7250 7280 7180 7240 29767 21528422 1.38 0.64 0.00 16425 13342 1.23 1.85
20171129 7290 7330 7140 7240 39578 28595306 2.59 0.77 -1.23 22861 16718 1.37 2.47
20171128 7160 7330 7160 7330 35707 25908855 2.35 0.57 1.38 18924 16783 1.13 2.22
20171127 7210 7390 7180 7230 44420 32236735 2.92 0.59 0.42 26815 17604 1.52 2.77
20171124 7310 7360 7190 7200 56938 41380115 2.32 0.52 -1.91 32793 24145 1.36 3.55
20171123 7590 7670 7330 7340 56449 42587110 4.44 0.39 -4.18 34599 21850 1.58 3.52
20171122 7590 7730 7470 7660 64082 48636909 3.40 0.32 0.13 34171 29911 1.14 3.99
20171121 7730 7740 7410 7650 92759 70806516 4.27 0.42 -1.03 52837 39922 1.32 5.78
20171120 7880 7880 7530 7730 108395 83257258 4.39 0.52 -3.01 60823 47572 1.28 6.75
20171117 8520 8680 7970 7970 225068 186039532 8.02 1.36 -9.94 139595 85473 1.63 14.02
20171116 9190 9220 8670 8850 239630 214025824 5.88 2.00 -5.35 140693 98937 1.42 14.93
20171115 10190 10370 9300 9350 348532 344589264 10.93 6.54 -4.49 175296 173236 1.01 21.71
20171114 9490 9790 9410 9790 193094 187093428 4.27 10.81 10.00 129758 63336 2.05 12.03
20171113 8900 8900 8900 8900 28891 25713381 0.00 2.01 10.01 28891 - - 1.80
20171110 8060 8240 8030 8090 14804 12018358 2.62 1.00 0.75 7135 7669 0.93 0.92
20171109 7990 8070 7970 8030 13425 10769082 1.25 0.89 0.12 7311 6114 1.20 0.84
20171108 7940 8080 7920 8020 16421 13160374 2.02 1.15 1.01 6368 10053 0.63 1.02
20171107 7950 8000 7840 7940 15734 12430110 2.01 1.14 -0.38 11005 4729 2.33 0.98
20171106 7810 7980 7780 7970 11522 9107971 2.55 0.68 1.66 4317 7205 0.60 0.72
20171103 7880 7890 7760 7840 17024 13327910 1.66 1.03 0.00 11516 5508 2.09 1.06
20171102 8010 8010 7820 7840 15056 11914426 2.37 0.87 -2.24 10248 4808 2.13 0.94
20171101 8010 8070 7970 8020 12050 9675053 1.25 0.69 0.12 5768 6282 0.92 0.75
20171031 7930 8040 7900 8010 13205 10523836 1.76 0.72 0.88 7030 6175 1.14 0.82
20171030 8300 8330 7890 7940 27070 21748490 5.31 1.69 -4.22 16740 10330 1.62 1.69
20171027 8440 8440 8280 8290 14951 12481543 1.90 0.92 -1.43 9689 5263 1.84 0.93
20171026 8390 8550 8320 8410 18867 15884014 2.73 1.11 -0.36 10683 8183 1.31 1.18
20171025 8330 8460 8300 8440 13220 11086949 1.91 0.74 0.96 5806 7415 0.78 0.82
20171024 8470 8470 8270 8360 17867 14924653 2.35 1.05 -1.65 11941 5926 2.02 1.11
20171023 8380 8500 8360 8500 15304 12916039 1.67 0.75 1.43 5403 9902 0.55 0.95
20171020 8250 8420 8240 8380 16269 13565247 2.19 0.73 1.95 7853 8416 0.93 1.01
20171019 8430 8500 8200 8220 22442 18658768 3.54 0.98 -3.07 13750 8692 1.58 1.40
20171018 8650 8700 8410 8480 17658 15186358 3.36 0.57 -1.62 11309 6349 1.78 1.10
20171017 8580 8700 8550 8620 13347 11510657 1.75 0.34 0.47 7626 5721 1.33 0.83
20171016 8860 8960 8560 8580 32679 28634536 4.50 0.83 -3.49 21838 10841 2.01 2.04
20171013 8810 8930 8800 8890 24593 21803692 1.47 0.64 0.45 13081 11511 1.14 1.53
20171012 8800 8870 8710 8850 26427 23284177 1.81 0.65 0.34 14652 11776 1.24 1.65
20171011 8920 9070 8800 8820 57019 50916191 3.02 1.56 -1.23 31996 25023 1.28 3.55
20171010 8660 8930 8600 8930 55016 48439295 3.83 1.77 3.72 19631 35386 0.55 3.43
20171009 8650 8750 8580 8610 34676 29965436 1.98 1.19 0.23 21822 12854 1.70 2.16
20170929 8510 8590 8460 8590 18729 15977370 1.53 0.60 1.30 9301 9429 0.99 1.17
20170928 8700 8720 8450 8480 37109 31851951 3.09 1.08 -2.86 25635 11474 2.23 2.31
20170927 8710 8850 8630 8730 36750 32006468 2.52 0.98 0.00 22060 14690 1.50 2.29
20170926 8970 8970 8700 8730 27871 24515270 3.01 0.77 -2.68 18304 9566 1.91 1.74
20170925 8820 9100 8820 8970 24641 22127548 3.14 0.70 0.56 13293 11348 1.17 1.54
20170922 8810 8920 8710 8920 30071 26484805 2.36 0.89 0.22 16137 13934 1.16 1.87
20170921 8990 9200 8900 8900 52409 47488675 3.36 1.76 -0.45 31415 20994 1.50 3.27
20170920 8730 9020 8660 8940 52850 46880907 4.14 2.01 2.76 23765 29085 0.82 3.29
20170919 8730 8790 8630 8700 21540 18756220 1.83 0.80 -0.68 14018 7522 1.86 1.34
20170918 8760 8760 8660 8760 18621 16235703 1.15 0.65 0.34 10203 8418 1.21 1.16
20170915 8800 8800 8690 8730 23769 20742081 1.26 0.79 -0.23 14818 8951 1.66 1.48
20170914 8730 8880 8630 8750 32300 28141938 2.84 0.83 -0.57 19353 12947 1.49 2.01
20170913 8520 8820 8520 8800 35496 30868408 3.50 0.87 2.80 13251 22244 0.60 2.21
20170912 8650 8730 8540 8560 24133 20806533 2.19 0.52 -1.15 15386 8748 1.76 1.50
20170911 8560 8660 8500 8660 28078 24133682 1.87 0.56 1.05 13200 14878 0.89 1.75
20170908 8440 8570 8430 8570 29701 25226502 1.65 0.58 1.30 15214 14487 1.05 1.85
20170907 8720 8770 8460 8460 77039 66263487 3.54 1.86 -3.31 55317 21722 2.55 4.80
20170906 8650 8820 8620 8750 44239 38574725 2.28 1.21 -0.34 16490 27749 0.59 2.76
20170905 8610 8820 8580 8780 51276 44758485 2.77 1.53 1.39 23401 27875 0.84 3.19
20170904 8460 8690 8420 8660 49890 42864343 3.18 1.76 2.00 20509 29380 0.70 3.11
20170901 8430 8500 8390 8490 34009 28759807 1.31 1.26 0.83 12171 21839 0.56 2.12
20170831 8400 8460 8350 8420 28211 23692937 1.31 1.12 0.00 14654 13557 1.08 1.76
20170830 8480 8480 8340 8420 20001 16815675 1.66 0.80 0.12 11970 8031 1.49 1.25
20170829 8590 8600 8380 8410 35198 29828813 2.55 1.60 -2.44 25083 10116 2.48 2.19
20170828 8490 8670 8430 8620 24614 21156720 2.83 1.17 1.65 11720 12893 0.91 1.53
20170825 8410 8520 8370 8480 26869 22756133 1.78 1.34 0.71 12957 13912 0.93 1.67
20170824 8330 8470 8320 8420 19785 16643642 1.79 0.89 0.36 9471 10314 0.92 1.23
20170823 8420 8440 8290 8390 18723 15676670 1.79 0.72 0.12 10639 8084 1.32 1.17
20170822 8430 8480 8310 8380 19705 16557257 2.02 0.77 -0.36 11121 8585 1.30 1.23
20170821 8450 8450 8340 8410 20106 16870301 1.31 0.80 -0.12 10836 9270 1.17 1.25
20170818 8350 8440 8280 8420 22303 18711889 1.90 0.93 0.24 10861 11442 0.95 1.39
20170817 8330 8440 8230 8400 29790 24894990 2.51 1.34 0.24 17986 11804 1.52 1.86
20170816 8210 8540 8200 8380 38292 31988308 4.15 2.18 2.20 17101 21192 0.81 2.39
20170815 8160 8220 8100 8200 17609 14374686 1.47 0.97 0.49 9120 8488 1.07 1.15
20170814 7910 8170 7880 8160 17958 14524125 3.67 1.05 3.16 6724 11234 0.60 1.17
20170811 8030 8030 7860 7910 16474 13098240 2.11 0.97 -1.86 9934 6541 1.52 1.07
20170810 8170 8250 7860 8060 20457 16593168 4.74 1.19 -1.95 11913 8545 1.39 1.33
20170809 8250 8250 8150 8220 15159 12420286 1.21 0.85 -0.48 9198 5960 1.54 0.99
20170808 8190 8260 8050 8260 21160 17300996 2.56 1.25 0.85 9425 11735 0.80 1.38
20170807 8100 8220 8100 8190 12521 10221326 1.48 0.68 0.99 5550 6970 0.80 0.82
20170804 8120 8190 8100 8110 15630 12732430 1.10 0.72 -0.61 9992 5639 1.77 1.02
20170803 8020 8270 8000 8160 21521 17564468 3.37 0.92 1.75 8347 13174 0.63 1.40
20170802 8210 8220 8000 8020 18044 14612555 2.68 0.80 -2.20 11930 6114 1.95 1.18
20170801 8090 8200 8090 8200 16808 13685132 1.36 0.71 1.36 6844 9964 0.69 1.09
20170731 8140 8160 8030 8090 19816 16011192 1.60 0.83 -0.74 10012 9804 1.02 1.29
20170728 8160 8330 8010 8150 32567 26743607 3.92 1.56 -0.12 16686 15881 1.05 2.46
20170727 7850 8190 7830 8160 29837 24084118 4.57 1.51 3.68 11623 18214 0.64 2.25
20170726 8000 8030 7810 7870 14165 11206835 2.75 0.66 -1.63 8311 5854 1.42 1.07
20170725 7940 8070 7810 8000 22508 17823023 3.27 1.03 0.76 12010 10498 1.14 1.70
20170724 7900 7970 7790 7940 20338 15991907 2.26 0.83 -0.38 11685 8654 1.35 1.53
20170721 8010 8110 7970 7970 17505 14043607 1.74 0.73 -0.87 10570 6935 1.52 1.32
20170720 7990 8280 7970 8040 24303 19692059 3.87 1.12 0.25 12355 11948 1.03 1.83
20170719 8000 8110 7780 8020 23077 18332370 4.12 1.05 0.25 10026 13051 0.77 1.74
20170718 8000 8100 7840 8000 24462 19488782 3.24 1.23 -0.25 12511 11951 1.05 1.84
20170717 8800 8870 8000 8020 32726 26996872 9.79 1.78 -9.79 19206 13520 1.42 2.47
20170714 9060 9110 8830 8890 15295 13643579 3.09 0.82 -1.88 9960 5335 1.87 1.15
20170713 8990 9130 8940 9060 12711 11498588 2.11 0.60 0.44 6043 6668 0.91 0.96
20170712 9150 9180 8780 9020 24323 21837282 4.38 1.06 -1.20 17199 7124 2.41 1.83
20170711 9200 9300 9130 9130 14714 13576213 1.84 0.64 -0.98 7786 6928 1.12 1.11
20170710 9430 9430 9170 9220 25051 23168971 2.77 1.17 -1.81 18445 6606 2.79 1.89
20170707 9290 9410 9260 9390 15982 14959026 1.61 0.71 1.08 7410 8572 0.86 1.21
20170706 9430 9480 9200 9290 25277 23622594 2.97 1.19 -1.59 16855 8422 2.00 1.91
20170705 9340 9490 9340 9440 33638 31709980 1.62 1.76 1.72 13442 20196 0.67 2.54
20170704 9240 9300 9200 9280 14784 13673307 1.08 0.70 0.22 7396 7388 1.00 1.11
20170703 9170 9310 9080 9260 17384 16034743 2.51 0.80 0.98 6411 10973 0.58 1.31
20170630 9080 9240 9030 9170 21481 19583280 2.30 0.99 0.55 8858 12623 0.70 1.62
20170629 9060 9240 9060 9120 19349 17707571 1.98 0.82 0.33 6734 12615 0.53 1.46
20170628 9210 9240 9020 9090 22788 20726836 2.37 0.97 -1.94 15168 7621 1.99 1.72
20170627 9230 9410 9210 9270 24100 22451574 2.16 1.04 0.11 11797 12302 0.96 1.82
20170626 9200 9260 9150 9260 21436 19748693 1.19 0.96 0.22 12542 8893 1.41 1.62
20170623 9390 9390 9120 9240 20609 19063069 2.93 0.88 0.33 12261 8348 1.47 1.55
20170622 9510 9590 9200 9210 28552 26799283 4.06 1.19 -4.06 21709 6843 3.17 2.15
20170621 9440 9610 9420 9600 22672 21561270 2.01 1.01 1.69 9297 13375 0.70 1.71
20170620 9470 9590 9400 9440 22309 21224399 2.00 1.01 -0.53 12525 9784 1.28 1.68
20170619 9400 9500 9340 9490 17933 16924093 1.70 0.81 0.96 9607 8326 1.15 1.35
20170616 9600 9610 9280 9400 25338 23759792 3.46 1.23 -1.36 17403 7935 2.19 1.91
20170615 9240 9600 9240 9530 31813 30072515 3.90 1.70 3.14 10401 21412 0.49 2.40
20170614 9240 9350 9150 9240 14820 13663002 2.16 0.70 0.00 8864 5956 1.49 1.12
20170613 9010 9270 8980 9240 20071 18447515 3.22 0.95 2.55 7815 12256 0.64 1.51
20170612 9230 9230 9000 9010 17995 16380979 2.47 0.86 -3.22 12367 5628 2.20 1.36
20170609 9420 9440 9200 9310 17999 16725501 2.54 0.83 -1.48 11973 6026 1.99 1.36
20170608 9440 9720 9370 9450 22710 21641182 3.70 1.05 0.00 11778 10932 1.08 1.71
20170607 9300 9570 9240 9450 26535 25007682 3.55 1.33 1.61 14013 12522 1.12 2.00
20170606 9140 9340 9060 9300 19967 18421203 3.07 1.02 1.97 8784 11183 0.79 1.51
20170605 9150 9290 9060 9120 17712 16257686 2.51 0.90 -0.33 11211 6502 1.72 1.34
20170602 9090 9300 8860 9150 21990 19903982 4.86 1.13 1.10 11349 10642 1.07 1.66
20170601 9550 9550 9020 9050 21620 19986982 5.53 1.19 -5.53 15260 6359 2.40 1.63
20170531 9580 9750 9530 9580 18458 17758317 2.32 1.02 1.16 9096 9362 0.97 1.39
20170526 9640 9770 9460 9470 18034 17324904 3.20 1.01 -2.17 11779 6255 1.88 1.36
20170525 9630 9780 9550 9680 18225 17591709 2.41 1.04 1.36 9515 8710 1.09 1.37
20170524 9670 9850 9410 9550 21027 20079471 4.54 1.03 -1.55 12761 8266 1.54 1.59
20170523 9950 10180 9700 9700 15208 15084208 4.82 0.69 -2.61 9928 5280 1.88 1.15
20170522 10360 10490 9890 9960 17865 18139058 5.78 0.85 -4.05 12538 5327 2.35 1.35
20170519 10390 10500 10310 10380 17159 17878190 1.84 0.82 0.48 8441 8719 0.97 1.29
20170518 10410 10550 10290 10330 16362 17039561 2.48 0.76 -1.62 9932 6429 1.54 1.23
20170517 10290 10690 10250 10500 35181 36878730 4.27 2.04 1.94 11901 23280 0.51 2.65
20170516 10120 10360 9870 10300 23368 23589687 4.84 1.42 1.78 12417 10951 1.13 1.76
20170515 9960 10190 9960 10120 13029 13159108 2.31 0.73 1.50 4889 8140 0.60 0.98
20170512 10170 10230 9930 9970 17003 17065660 2.95 0.98 -1.97 11626 5377 2.16 1.28
20170511 9980 10270 9900 10170 18612 18740078 3.69 1.09 1.29 9441 9171 1.03 1.40
20170510 10250 10420 10000 10040 14101 14454803 4.08 0.80 -2.43 8263 5838 1.42 1.06
20170509 10000 10380 9900 10290 19639 19904995 4.81 1.19 3.11 7098 12541 0.57 1.48
20170508 10430 10450 9980 9980 19762 20131425 4.50 1.17 -4.50 11955 7807 1.53 1.49
20170505 10530 10530 10300 10450 14335 14928802 2.20 0.71 0.10 6988 7347 0.95 1.08
20170504 10470 10600 10420 10440 17280 18153031 1.71 0.85 -0.67 7702 9578 0.80 1.30
20170503 10350 10550 10300 10510 17570 18427978 2.41 0.87 1.25 6198 11372 0.55 1.33
20170502 10420 10550 10350 10380 13525 14120991 1.92 0.62 -0.38 5490 8035 0.68 1.02
20170428 10200 10590 10190 10420 21983 22965901 3.88 1.01 1.17 9909 12074 0.82 1.66
20170427 9920 10300 9710 10300 30715 30850456 5.94 1.53 3.62 11008 19707 0.56 2.32
20170426 9890 10030 9840 9940 17661 17581571 1.92 0.83 0.51 7344 10317 0.71 1.33
20170425 9780 10020 9780 9890 17571 17411128 2.45 0.80 0.92 9019 8551 1.05 1.33
20170424 10300 10300 9700 9800 21118 20972568 5.85 0.93 -4.39 14048 7070 1.99 1.57
20170421 10450 10640 10250 10250 21458 22503399 3.75 0.99 -1.54 10974 10484 1.05 1.59
20170420 10400 10500 10230 10410 22883 23702733 2.60 1.12 0.29 12697 10186 1.25 1.70
20170419 10520 10530 10200 10380 23421 24138429 3.14 1.20 -1.14 13369 10052 1.33 1.74
20170418 10820 10850 10480 10500 20763 22144777 3.44 1.07 -2.51 11326 9436 1.20 1.54
20170417 11070 11070 10700 10770 25534 27669124 3.34 1.26 -2.71 14812 10722 1.38 1.90
20170414 11320 11320 11050 11070 15671 17465495 2.40 0.77 -1.69 10659 5012 2.13 1.16
20170413 11180 11400 11180 11260 16904 19129174 1.96 0.76 0.27 8790 8113 1.08 1.26
20170412 11230 11370 11160 11230 18645 21023625 1.87 0.77 -0.18 8965 9680 0.93 1.39
20170411 11100 11270 11050 11250 20710 23095917 1.98 0.85 1.35 9362 11348 0.83 1.54
20170410 11420 11450 11090 11100 29555 33301156 3.16 1.13 -2.55 16500 13056 1.26 2.20
20170407 11500 11530 11380 11390 16014 18292472 1.31 0.56 -0.78 9937 6077 1.64 1.19
20170406 11400 11510 11360 11480 26392 30214001 1.32 0.95 0.70 13647 12745 1.07 1.96
20170405 11180 11430 11140 11400 29017 32918532 2.60 1.07 2.33 14537 14480 1.00 2.16
20170331 11050 11220 11050 11140 20263 22541645 1.54 0.64 0.81 11639 8624 1.35 1.51
20170330 11550 11590 11010 11050 38991 43784004 5.02 1.22 -4.33 24060 14931 1.61 2.90
20170329 11750 11850 11550 11550 29320 34266698 2.54 0.84 -2.04 19159 10161 1.89 2.18
20170328 11870 11920 11700 11790 20829 24606989 1.85 0.51 -0.76 11499 9330 1.23 1.55
20170327 11850 11950 11770 11880 26598 31484219 1.52 0.61 0.00 15916 10683 1.49 1.98
20170324 11980 12020 11710 11880 43151 51127447 2.58 1.00 -1.16 27687 15464 1.79 3.21
20170323 12120 12210 11930 12020 40338 48733398 2.31 0.92 -0.83 23386 16952 1.38 3.00
20170322 12200 12270 12060 12120 44421 53923665 1.70 1.02 -1.78 29367 15054 1.95 3.30
20170321 12320 12440 12290 12340 49991 61751880 1.22 1.16 0.16 49606 385 128.85 3.71
20170320 12090 12320 12010 12320 40467 49240416 2.55 0.89 1.32 22892 17575 1.30 3.01
20170317 12300 12390 12160 12160 40769 50082525 1.87 0.89 -1.14 25992 14777 1.76 3.03
20170316 12280 12370 12250 12300 43216 53167002 0.98 0.90 0.00 25930 17286 1.50 3.21
20170315 12140 12320 12070 12300 43200 52518005 2.05 0.81 0.74 25221 17979 1.40 3.21
20170314 12450 12510 12140 12210 47729 58875859 2.96 0.76 -2.16 31572 16157 1.95 3.55
20170313 12270 12480 12170 12480 53222 65644285 2.54 0.62 2.30 24423 28799 0.85 3.95
20170310 12240 12320 12110 12200 42327 51729011 1.71 0.37 -0.41 28988 13339 2.17 3.14
20170309 12440 12480 12200 12250 53773 65956338 2.25 0.47 -1.53 32915 20857 1.58 4.00
20170308 12680 12790 12350 12440 70790 88599991 3.48 0.68 -1.58 46449 24341 1.91 5.26
20170307 13140 13140 12580 12640 95593 122009896 4.32 1.03 -2.47 67390 28203 2.39 7.10
20170306 12600 14100 12520 12960 167597 216669743 12.31 2.58 1.01 100671 66926 1.50 12.45
20170303 11800 13070 11760 12830 178792 224516887 11.03 4.88 8.00 77224 101568 0.76 13.28
20170302 11900 12070 11710 11880 59576 71052414 3.04 1.92 0.17 27667 31909 0.87 4.43
20170301 11900 11980 11800 11860 22661 26888864 1.51 0.72 -0.42 13229 9432 1.40 1.68
20170228 11670 11950 11660 11910 35600 41944709 2.47 1.10 1.53 15608 19991 0.78 2.65
20170227 11930 11950 11700 11730 28711 33913173 2.10 0.86 -1.68 18261 10450 1.75 2.13
20170224 11820 12050 11740 11930 36644 43674244 2.62 1.18 0.93 18677 17966 1.04 2.72
20170223 11800 11940 11590 11820 31161 36628748 2.97 1.03 0.17 17734 13427 1.32 2.32
20170222 11780 11830 11680 11800 25975 30520276 1.27 0.81 0.17 15324 10651 1.44 1.93
20170221 11650 11850 11600 11780 39178 46013152 2.15 1.36 1.12 17665 21513 0.82 2.91
20170220 11480 11690 11360 11650 33756 38732887 2.88 - 1.57 17583 16174 1.09 2.51
20170217 11680 11770 11420 11470 24757 28652548 2.98 0.84 -2.47 16224 8533 1.90 1.84
20170216 11670 11800 11590 11760 27440 32033913 1.79 0.85 0.17 14984 12456 1.20 2.04
20170215 11820 11930 11630 11740 34621 40644644 2.54 1.02 -0.51 18658 15963 1.17 2.57
20170214 11910 11990 11720 11800 23005 27184462 2.27 0.69 -0.84 15552 7453 2.09 1.71
20170213 11800 12100 11650 11900 30822 36499908 3.81 0.97 0.76 15206 15617 0.97 2.29
20170210 11860 11910 11740 11810 32044 37850730 1.43 1.02 -0.42 21565 10478 2.06 2.38
20170209 11760 11950 11720 11860 41310 48888037 1.95 1.52 0.76 19464 21846 0.89 3.07
20170208 11500 11980 11420 11770 42767 50037979 4.87 1.92 2.35 19124 23643 0.81 3.18
20170207 11550 11630 11390 11500 20956 24143338 2.07 0.86 -0.78 12790 8166 1.57 1.56
20170206 11580 11600 11400 11590 22366 25777114 1.74 0.93 0.87 12326 10039 1.23 1.66
20170203 11490 11530 11220 11490 29255 33229871 2.70 1.31 0.00 18540 10715 1.73 2.17
20170126 11250 11500 11230 11490 20628 23490064 2.40 0.91 2.13 7847 12781 0.61 1.53
20170125 11170 11290 11110 11250 18118 20285057 1.62 0.70 0.99 8714 9404 0.93 1.35
20170124 11430 11430 11010 11140 31964 35858321 3.65 1.28 -3.13 21191 10772 1.97 2.37
20170123 11460 11570 11370 11500 20793 23887294 1.76 0.64 1.23 10760 10032 1.07 1.54
20170120 11180 11400 11110 11360 19778 22364303 2.61 0.58 2.25 8580 11198 0.77 1.47
20170119 11230 11260 11050 11110 22115 24638257 1.86 0.66 -1.68 12465 9650 1.29 1.64
20170118 11250 11790 11100 11300 33890 38442803 6.12 1.11 0.18 18433 15457 1.19 2.52
20170117 11110 11350 10640 11280 28177 31291068 6.35 0.99 0.89 15116 13060 1.16 2.09
20170116 11900 12040 10820 11180 57460 65206357 10.15 2.81 -6.99 36762 20698 1.78 4.27
20170113 12150 12190 11910 12020 29399 35403668 2.31 1.47 -0.99 15712 13687 1.15 2.18
20170112 12390 12480 12120 12140 19247 23677033 2.91 0.94 -2.02 12144 7102 1.71 1.43
20170111 12550 12630 12380 12390 17748 22168492 1.99 0.74 -1.51 11083 6665 1.66 1.32
20170110 12770 12770 12560 12580 18134 22941595 1.64 0.72 -1.56 11478 6656 1.72 1.35
20170109 12590 12800 12520 12780 17771 22517381 2.21 0.71 1.03 8131 9640 0.84 1.32
20170106 12860 12870 12610 12650 26768 34006543 2.03 1.04 -1.33 16599 10169 1.63 1.99
20170105 12890 12920 12800 12820 22294 28694935 0.93 0.89 -0.62 14468 7826 1.85 1.66
20170104 12670 12950 12570 12900 34577 44174340 3.00 1.45 1.74 13746 20831 0.66 2.57
20170103 12520 12690 12520 12680 23839 30089817 1.36 0.89 1.28 10189 13650 0.75 1.77
20161230 12610 12630 12420 12520 17583 22051989 1.67 0.63 -0.32 8567 9016 0.95 1.31
20161229 12380 12630 12320 12560 29999 37642244 2.50 1.16 1.29 14062 15938 0.88 2.23
20161228 12410 12520 12350 12400 18999 23647887 1.37 0.73 -0.40 9095 9904 0.92 1.41
20161227 12450 12670 12410 12450 29154 36549820 2.08 1.13 -0.32 17363 11792 1.47 2.17
20161226 12200 12500 11960 12490 37686 46124192 4.44 1.55 2.63 17937 19749 0.91 2.80
20161223 12600 12600 12150 12170 23525.31 28968811.970
20161222 12500 12620 12400 12620 20368.79 25480199.990
20161221 12450 12630 12350 12560 20138.00 25240886.730
20161220 12460 12590 12340 12450 27157.26 33782381.430
20161219 12600 12680 12450 12500 30242.35 38041448.950
20161216 12130 12720 12130 12600 48223.68 60188928.640
20161215 11960 12420 11920 12130 27799.25 33864678.080
20161214 12110 12160 11810 11920 19854.16 23909147.160
20161213 11990 12200 11810 12120 30109.32 36239673.580
20161212 13150 13180 11930 11990 59990.01 75211906.820
20161209 13180 13320 13140 13150 27735.29 36630833.930
20161208 13460 13460 13200 13200 29706.75 39647801.000
20161207 13310 13430 13210 13400 24706.94 32943821.300
20161206 13250 13360 13170 13290 27630.61 36686326.030
20161205 13200 13440 13120 13220 33676.57 44673842.460
20161202 13960 13960 13370 13390 43870.96 59801149.790
20161201 13780 14000 13750 13960 47491.44 65728573.390
20161130 13780 14100 13770 13870 41048.07 57102207.620
20161129 14180 14260 13920 13920 39913.40 56310490.090
20161128 14280 14360 14120 14190 32188.30 45738384.860
20161125 14280 14380 13880 14220 55272.69 78018078.360
20161124 14650 14680 14270 14310 58720.91 84994863.530
20161123 14910 15060 14620 14650 61677.31 91684744.420
20161122 14930 14970 14650 14880 72182.46 107065968.750
20161121 14730 14860 14510 14840 71349.54 104685509.480
20161118 15180 15200 14710 14830 99200.97 148204426.580
20161117 14600 15270 14510 15060 139878.68 208546431.970
20161116 14430 15150 14390 14660 143342.64 211329718.900
20161115 14300 14400 14150 14380 51959.96 74131296.940
20161114 14310 14420 14180 14340 52167.32 74681555.660
20161111 14480 14520 14150 14300 79398.48 113464696.420
20161110 14590 14640 14300 14490 93136.98 134351867.470
20161109 14160 14460 13930 14430 94841.42 135044547.890
20161108 13960 14280 13920 14140 52915.05 74500435.880
20161107 14070 14480 13960 13970 87379.57 124102574.810
20161104 13840 14100 13840 14070 71355.27 99872896.300
20161103 13700 13960 13700 13840 51604.29 71504737.590
20161102 13910 14040 13590 13840 51601.79 71436268.960
20161101 13640 13930 13590 13890 46075.76 63526755.750
20161031 13700 13730 13410 13650 31323.40 42491847.540
20161028 13900 13970 13670 13680 34718.35 47938549.240
20161027 13900 14040 13830 13940 35831.72 49969554.800
20161026 13950 13960 13730 13900 44540.97 61665435.590
20161025 13850 14110 13810 13940 51063.44 71225404.710
20161024 13700 13920 13500 13850 42955.54 59141096.790
20161021 13830 14010 13610 13690 40008.51 55144855.190
20161020 13690 13980 13680 13850 45792.89 63445326.490
20161019 13900 14030 13610 13690 35335.56 48666058.490
20161018 13400 13840 13400 13840 35375.76 48412819.770
20161017 13780 13860 13500 13530 31169.00 42727231.480
20161014 13890 13890 13530 13780 31910.42 43805928.590
20161013 13830 13990 13810 13930 30643.71 42581974.320
20161012 13770 14090 13640 13910 41051.75 56847156.830
20161011 13830 13840 13680 13780 22525.50 30970930.360
20161010 13500 13850 13460 13810 35877.78 49196678.410
20160930 13340 13390 13300 13390 13541.04 18068965.490
20160929 13210 13420 13180 13330 20096.49 26821407.010
20160928 13180 13360 13160 13310 20712.23 27487534.740
20160927 12980 13290 12920 13250 44918.70 58658959.200
20160926 13420 13420 12920 12960 33880.40 44773876.200
20160923 13590 13800 13480 13480 34114.90 46442864.980
20160922 13610 13630 13500 13590 27048.18 36702961.130
20160921 13360 13540 13300 13510 30100.09 40414642.470
20160920 13350 13550 13300 13460 47312.83 63685239.820
20160919 13250 13440 13220 13350 35004.94 46690712.920
20160914 13140 13310 13120 13180 32013.30 42275977.680
20160913 13190 13300 13090 13270 33582.13 44309614.640
20160912 13600 13600 13100 13100 55151.26 73642481.830
20160909 14240 14240 13880 13900 49135.80 68832190.770
20160908 14170 14280 14100 14180 40447.51 57338621.900
20160907 14150 14390 14050 14170 61417.25 87397499.340
20160906 13830 14210 13660 14190 60795.81 84824033.970
20160905 14100 14180 13870 13900 36362.80 50953240.900
20160902 14300 14370 13810 14010 46431.71 65533544.140
20160901 14490 14530 14250 14260 41927.86 60298869.190
20160831 14580 14580 14240 14500 47549.61 68430580.980
20160830 14580 14730 14430 14500 48688.60 70996017.700
20160829 14550 14680 14380 14590 52672.52 76473078.440
20160826 14610 15090 14540 14680 77845.90 115278466.180
20160825 14790 14850 14360 14600 114081.12 166480838.650
20160824 14080 15410 14080 15100 194578.38 288278188.570
20160823 14080 14130 13870 14060 40327.10 56463259.530
20160822 14140 14300 13960 14050 51890.88 73415418.650
20160819 14200 14230 14010 14100 40333.42 56930919.950
20160818 14380 14380 14070 14140 56228.54 79643335.960
20160817 14190 14500 14030 14390 65241.56 93502630.740
20160816 14000 14340 13950 14140 62781.54 89092589.840
20160815 13820 14210 13500 14060 79225.20 110523649.010
20160812 13530 13750 13470 13680 43868.09 59737528.860
20160811 13650 13840 13510 13510 45267.69 61696921.610
20160810 14300 14340 13780 13800 61248.76 85878331.730
20160809 13970 14270 13820 14160 56451.88 79150875.840
20160808 13650 13940 13550 13930 39333.32 54268580.580
20160805 14120 14150 13680 13740 45407.17 62831494.320
20160804 13880 14250 13800 14100 44359.74 62307856.730
20160803 13920 13970 13740 13870 39981.50 55341698.850
20160802 13520 14090 13500 14040 67511.47 93370145.120
20160801 13600 13720 13030 13560 48355.82 64597740.030
20160729 13700 13900 13440 13700 58356.97 79658410.540
20160728 14260 14380 13450 13810 78251.23 108468139.490
20160727 15480 15560 14120 14260 84832.83 125364203.940
20160726 15220 15550 15220 15500 51656.42 79885386.370
20160725 14860 15390 14810 15300 60772.29 92155985.760
20160722 15140 15470 14910 14930 73711.49 111704980.540
20160721 15520 15600 15270 15290 63733.57 98367054.520
20160720 15380 15760 15350 15520 98326.85 153031115.330
20160719 15090 15380 14920 15360 76219.16 115852994.240
20160718 15080 15160 14880 15050 65282.33 98232697.090
20160715 15330 15330 14860 15140 138898.11 208883165.880
20160714 16600 16650 15030 15380 246625.26 388858437.290
20160713 16950 17000 16620 16700 64211.60 107885862.240
20160712 16480 16830 16010 16800 77570.29 128056789.020
20160711 16870 16980 16390 16450 75721.00 126300054.040
20160708 16820 16970 16610 16780 63040.33 105661629.880
20160707 17000 17150 16480 16910 127450.58 213805475.150
20160706 17320 17800 17030 17210 94473.08 164008969.950
20160705 17090 17400 16750 17390 113607.36 194302752.320
20160704 16730 17180 16630 17090 89612.85 152668830.150
20160701 17260 17450 16660 16860 106079.10 179130379.300
20160630 17160 17970 17020 17260 161838.48 283023552.110
20160629 17680 17680 16990 17300 173810.57 300694344.750
20160628 17670 17930 17170 17820 218866.80 384955048.350
20160627 17050 18500 17010 18050 340323.31 604836865.070
20160624 15420 16820 14810 16820 225391.21 361722814.460
20160623 15770 16280 15070 15290 190023.50 297695227.400
20160622 14280 15610 14030 15610 181413.23 270262967.130
20160621 14950 15150 14080 14190 121880.61 177266050.060
20160620 14730 15190 14590 14820 115427.35 172354709.180
20160617 15000 15300 14330 14650 143214.74 212098644.420
20160616 14230 15610 14230 15150 233723.20 349209012.960
20160615 13440 14580 13070 14500 149522.47 211922336.170
20160614 13040 13700 13040 13640 111944.80 149357613.000
20160613 13800 14550 13290 13290 143540.18 201845476.640
20160608 14700 14770 14140 14160 177524.71 254814583.230
20160607 14520 15050 14410 14820 237472.29 348966077.050
20160606 16500 16500 14820 14940 352691.87 544213164.400
20160603 15640 15640 15210 15640 142397.55 222638945.700
20160602 13040 14220 13040 14220 90407.86 126581711.840
20160601 12790 13500 12790 12930 154998.05 204544045.330
20160531 12200 13040 12130 12930 163560.88 207507654.520
20160530 11550 12750 11200 12410 183882.77 224197429.440
20160527 11780 11890 11570 11680 72025.98 84575475.220
20160526 11680 11890 11180 11800 90059.98 103516656.710
20160525 11890 12030 11700 11800 64778.55 76888566.570
20160524 11950 12030 11580 11750 61718.02 72808299.010
20160523 11780 12150 11740 12010 77168.53 92311211.950
20160520 11350 11800 11100 11730 71341.80 81903400.490
20160519 11400 11970 11300 11530 74239.86 86760790.280
20160518 12200 12350 11250 11450 129603.32 151642645.420
20160517 12210 12800 12070 12500 129291.52 160483876.300
20160516 12230 12270 11760 12220 88671.74 107015079.250
20160513 12340 12550 11900 11970 97616.00 119860000
20160512 12040 12350 11630 12230 112157.00 134760000
20160511 13210 13250 12420 12480 129006.00 166630000
20160510 13760 13990 12700 13020 191788.00 255860000
20160509 15090 15370 14040 14040 240744.00 347090000
20160506 16000 16690 15290 15600 466611.00 749610000
20160505 13790 15170 13790 15170 134014.00 197230000
20160504 13520 14270 13380 13790 122498.00 169600000
20160503 13000 13940 12700 13700 110313.00 147040000
20160429 13850 14600 13310 13320 125250.00 174640000
20160428 33290 34200 33000 34200 36424.00 122750000
20160427 34390 34400 33000 33130 25527.00 85970000
20160426 32790 34150 32580 34030 32698.00 109830000
20160425 32600 32600 31470 32180 18962.00 60530000
20160422 31080 32670 31040 32670 22996.00 73920000
20160421 32480 33000 31240 31500 25931.00 84040000
20160420 36250 36250 32210 32860 40534.00 137220000
20160419 36360 36660 35390 35790 27325.00 98250000
20160418 37000 37000 35800 36140 24756.00 89450000
20160415 37340 37700 37000 37140 29621.00 110640000
20160414 36980 37490 36420 37370 27707.00 102350000
20160413 36350 37290 36350 36380 35537.00 130810000
20160412 37350 37870 35470 36200 44927.00 163230000
20160411 37770 38570 37510 37710 44821.00 170160000
20160408 38100 38110 36580 37420 45909.00 171440000
20160407 39510 39960 38270 38500 65268.00 254320000
20160406 37500 39840 37460 39460 72868.00 279620000
20160405 36180 38470 36150 37950 76979.00 287990000
20160401 36000 37300 35000 36700 87649.00 316870000
20160331 36010 37750 35970 36390 111443.00 408580000
20160330 32000 35010 31320 35010 73667.00 242430000
20160329 33100 33380 31280 31830 34906.00 112060000
20160328 34020 34800 33100 33250 35573.00 121740000
20160325 34000 34620 32860 33750 35625.00 120050000
20160324 33620 36500 33110 34500 65476.00 227180000
20160323 31710 33500 31690 33500 31952.00 103890000
20160322 31100 32760 31010 31970 36338.00 115790000
20160321 31880 31880 31020 31680 30649.00 96620000
20160318 30140 31370 29410 30940 28585.00 87290000
20160317 28100 29350 27890 29330 24607.00 70900000
20160316 28560 28800 27450 27830 17097.00 47850000
20160315 27750 28540 27620 27750 19993.00 56130000
20160314 27360 29000 27360 27990 22688.00 64290000
20160311 26100 26950 26000 26880 10019.00 26700000
20160310 27270 27500 26350 26550 11851.00 31910000
20160309 27060 27810 26500 27000 12088.00 32910000
20160308 27000 27670 25500 27520 19395.00 51490000
20160307 26700 27750 26660 27000 15856.00 43250000
20160304 28830 29000 26240 26290 19407.00 53020000
20160303 29080 29990 28980 29000 20699.00 60910000
20160302 27200 29440 27030 29240 22959.00 64750000
20160301 27060 28000 25700 27650 32868.00 87120000
20160229 30020 30200 27000 27000 21487.00 59150000
20160226 31540 31900 29150 30000 21043.00 64480000
20160225 35020 35020 31520 31520 20048.00 65570000
20160224 35600 35700 33700 35020 20588.00 71680000
20160223 36190 36540 35110 35890 18098.00 64830000
20160222 36200 36350 35610 36180 22673.00 81720000
20160219 35210 36360 35210 35700 19522.00 69880000
20160218 36380 36390 35200 35520 25260.00 90480000
20160217 34330 35750 34050 35720 23728.00 83000000
20160216 32180 35290 32180 34600 20332.00 69360000
20160215 30520 32400 30520 32180 11059.00 34960000
20160205 33400 33500 32140 32300 14144.00 46430000
20160204 32530 33600 32530 33150 19869.00 65940000
20160203 32000 32800 31130 32350 13946.00 44380000
20160202 30470 33100 30470 32520 14757.00 48060000
20160201 31460 32180 30000 31290 15525.00 48490000
20160129 29680 32700 29680 31820 18428.00 57740000
20160128 32170 32670 30200 30200 15691.00 49700000
20160127 33620 33920 30700 33160 23885.00 77370000
20160126 35490 35960 32690 33070 22842.00 78850000
20160125 35330 36940 35290 36220 24468.00 88430000
20160122 33770 35300 32670 34910 22224.00 75670000
20160121 36060 37280 33190 33200 39642.00 141580000
20160120 36260 38770 36080 36880 28985.00 108100000
20160119 35600 37000 34740 36620 27798.00 99690000
20160118 33430 36290 33000 35690 27447.00 96900000
20160115 34000 35780 33330 34250 44458.00 154880000
20160114 30000 34320 29430 34320 46833.00 150170000
20160113 33450 33970 31200 31200 24239.00 80160000
20160112 33000 33990 32000 32810 28428.00 94110000
20160111 36160 37670 33570 33570 30873.00 107910000
20160108 38990 39400 35000 37300 36428.00 138480000
20160107 40500 40510 37790 37790 5880.00 23030000
20160106 39990 42980 39920 41990 39766.00 163510000
20160105 37320 41200 36600 40080 47852.00 187670000
20160104 44380 44830 39940 39940 23072.00 95440000
20151231 46490 46670 44330 44380 34372.00 156120000
20151230 47300 48440 45550 46790 51722.00 241790000
20151229 48000 49490 46200 46600 71589.00 339780000
20151228 48950 49440 45380 45390 25530.00 120770000
20151225 47680 49640 46400 48400 21832.00 105720000
20151224 48500 49490 45500 47280 27641.00 129280000
20151223 49500 51420 49000 49170 19902.00 100530000
20151222 49000 50810 48380 49500 18095.00 89430000
20151221 51090 51430 48500 49350 31686.00 157250000
20151218 51650 52770 50100 51550 19938.00 101670000
20151217 50000 53990 49250 52260 45681.00 235970000
20151216 50200 51980 49310 49680 24348.00 122660000
20151215 51110 53300 49400 51000 49963.00 255490000
20151214 50500 52500 48850 51220 36177.00 182680000
20151211 50100 54250 49500 52540 50746.00 266130000
20151210 47010 50200 45750 50120 33529.00 162680000
20151209 47050 49650 46490 47500 24943.00 119160000
20151208 46160 50660 45590 48510 33666.00 162470000
20151207 47870 48460 45010 46200 28540.00 132910000
20151204 46000 51000 45200 47980 35003.00 169240000
20151203 46000 47650 45000 46590 32945.00 152300000
20151202 49000 49310 43230 45200 41483.00 192610000
20151201 52900 54680 47380 48010 42175.00 216250000
20151130 46500 51580 46500 51580 54479.00 270590000
20151127 48980 50280 45000 46890 47515.00 228050000
20151126 51980 52820 47420 48980 73429.00 370920000
20151125 49010 51550 48870 51550 66066.00 338920000
20151124 41600 46860 41560 46860 42453.00 189500000
20151123 40980 44000 40210 42600 56309.00 234700000
20151120 44560 46440 41000 42500 71508.00 311950000
20151119 39080 43000 38860 43000 53699.00 226910000
20151118 38990 40010 37610 39090 45583.00 178200000
20151117 37880 40720 37880 38190 72160.00 286110000
20151116 33500 37230 33410 37020 41360.00 148130000
20151113 37690 38000 34890 35210 48840.00 177430000
20151112 37880 40500 36300 38600 62422.00 236660000
20151111 33740 37130 33190 37130 63655.00 230620000
20151110 33980 34200 32900 33750 42898.00 144200000
20151109 33500 35450 32330 34390 97244.00 329110000
20151106 32230 32230 29400 32230 62322.00 199890000
20151105 30100 30500 28780 29300 55569.00 164770000
20151104 28280 30030 28280 29990 49477.00 143920000
20151103 27700 28550 27650 28090 23186.00 65120000
20151102 27700 29160 27050 27800 31672.00 89330000
20151030 27850 29210 27500 28210 28637.00 81720000
20151029 28120 28470 27310 27850 24535.00 68510000
20151028 28460 29400 27110 27700 33634.00 96370000
20151027 28700 28920 26550 28350 37079.00 103370000
20151026 29860 29880 28400 28970 55389.00 160310000
20151023 28800 30150 28650 30150 68980.00 203050000
20151022 25000 27500 24510 27500 65573.00 174870000
20151014 25000 25280 24530 25000 40656.00 100880000
20151013 24330 25150 24050 25150 39947.00 97940000
20151012 23470 24760 23400 24450 37274.00 90700000
20151009 22940 23400 22660 23300 35817.00 82570000
20151008 22900 23240 22440 23150 34565.00 79220000
20150930 21550 21920 21300 21900 29377.00 63700000
20150929 21410 22000 21150 21550 26260.00 56710000
20150928 21010 21970 20290 21800 26452.00 56670000
20150925 22450 22860 20650 20750 38629.00 84740000
20150924 21920 22780 21800 22500 41142.00 91390000
20150923 21230 22400 21220 21890 35805.00 78340000
20150922 21520 22560 21000 21910 51985.00 113050000
20150921 20250 21750 20000 21600 45833.00 96240000
20150918 20510 20870 19470 20590 34667.00 69780000
20150917 19910 21180 19000 19900 39566.00 81210000
20150916 18800 20010 18260 20010 27257.00 52600000
20150915 18460 19380 18020 18190 20062.00 37400000
20150914 20700 20790 18590 18880 46872.00 90250000
20150911 20260 20800 20260 20660 25788.00 52880000
20150910 20220 20850 20000 20280 30647.00 62470000
20150909 19890 21100 19500 20800 53494.00 108990000
20150908 18010 20000 17950 19680 32600.00 61630000
20150907 18150 18730 17910 18350 35114.00 64460000
20150902 17060 19490 17010 17500 23191.00 42070000
20150901 20110 20300 18640 18640 34415.00 65720000
20150831 22620 23000 20710 20710 33257.00 72340000
20150828 22180 23250 21410 23010 50610.00 113100000
20150827 21500 22000 20640 21800 27685.00 59730000
20150826 21900 23100 20320 21070 32381.00 70550000
20150825 21920 22980 21920 21920 23546.00 52120000
20150824 26000 26000 24350 24350 15931.00 39070000
20150821 27450 28380 27000 27050 34694.00 96210000
20150820 28850 29170 27050 27050 20965.00 59310000
20150819 27800 29800 26830 29230 23793.00 67130000
20150818 31920 32590 28940 28980 47068.00 142820000
20150817 32800 33000 30990 32150 46372.00 147220000
20150814 33040 34070 32680 32770 41719.00 137960000
20150813 31660 32800 31530 32710 29770.00 95470000
20150812 32000 33330 31770 32050 48912.00 159520000
20150811 31600 34200 31510 32810 56771.00 184430000
20150810 30710 32310 30620 31990 53198.00 167210000
20150807 29600 30560 28900 30470 48261.00 144710000
20150806 27690 29900 27660 29400 38017.00 110110000
20150805 28380 29100 27700 28700 40897.00 116330000
20150804 26720 28890 26500 28660 34632.00 96440000
20150803 28280 29080 26640 26800 39612.00 108310000
20150731 29000 31490 29000 29600 36223.00 109370000
20150730 30200 32280 30200 31000 51772.00 163280000
20150729 28000 30030 27710 30030 41709.00 120900000
20150728 27500 30000 26330 27300 33847.00 93710000
20150727 31000 32890 29250 29250 38825.00 121160000
20150724 34080 34800 32010 32500 50203.00 170020000
20150723 32170 34680 31500 34220 56014.00 186260000
20150722 30640 32680 30150 32380 37483.00 118200000
20150721 29900 31780 28880 31130 39455.00 120860000
20150720 30140 31490 28800 30680 53223.00 162050000
20150717 27310 29890 27310 29890 36285.00 104160000
20150716 25600 27970 23760 27170 57294.00 151380000
20150715 25600 25600 25000 25600 68890.00 176160000
20150714 23270 23270 23270 23270 1401.00 3260000
20150707 22800 22800 21150 21150 19259.00 41570000
20150706 27890 27890 22820 23500 30101.00 75910000
20150703 27840 28680 25200 25350 29018.00 77050000
20150702 30500 30680 27150 28000 27611.00 80040000
20150701 33000 34800 30150 30150 27763.00 92300000
20150630 31590 33990 29090 33500 31994.00 100070000
20150629 37600 37670 32320 32320 21599.00 73030000
20150626 39050 39890 35910 35910 23998.00 91100000
20150625 41000 41550 39500 39900 26895.00 109350000
20150624 40900 41980 39370 40500 15923.00 64820000
20150623 39900 40990 37000 40370 18321.00 72310000
20150619 42410 42790 38510 38510 13084.00 53230000
20150618 45100 45450 41970 42790 11063.00 48820000
20150617 43590 45500 42550 45000 14578.00 64610000
20150616 47000 47000 43500 44010 14595.00 65420000
20150615 51590 51600 47430 47530 24661.00 120700000
20150612 52550 52950 50650 51680 21818.00 112760000
20150611 51680 53150 51620 52500 27062.00 141670000
20150610 49420 51000 48400 50750 22498.00 112750000
20150609 49640 50560 48010 48820 17599.00 86850000
20150608 51100 51200 47940 49980 27320.00 134440000
20150605 54000 54000 50100 51100 30563.00 158350000
20150604 56390 56990 51840 52680 39727.00 211100000
20150603 58000 60680 56000 57600 27762.00 160610000
20150602 56580 59200 55000 57590 33907.00 193620000
20150601 54210 57500 54210 56700 31217.00 175680000
20150529 53000 56390 50000 54490 36737.00 197740000
20150528 55000 61570 52180 52200 52883.00 308960000
20150527 54000 57520 50380 55970 33006.00 178580000
20150526 49070 52990 49070 52980 34916.00 177910000
20150525 47000 50300 46200 49050 34269.00 165870000
20150522 53600 54810 47000 49000 39783.00 201780000
20150521 44450 49830 44450 49830 26578.00 125640000
20150520 45700 47680 44200 45300 40099.00 183330000
20150519 49940 49940 44500 44920 61153.00 281850000
20150518 43800 45880 41800 45880 47084.00 207430000
20150515 37780 41710 36800 41710 60405.00 244620000
20150514 36600 38440 36600 37920 28617.00 108180000
20150513 36490 36800 35250 36610 27855.00 100820000
20150512 36980 37550 36000 37000 28388.00 104080000
20150511 35780 37290 35000 36860 30450.00 110200000
20150508 33900 36450 33750 35800 28392.00 100330000
20150507 32010 33580 31860 33580 21400.00 69980000
20150506 32750 33710 31840 32000 18831.00 62230000
20150505 34900 34900 32850 32910 20654.00 69150000
20150504 34400 35350 32600 34550 32459.00 110360000
20150430 38000 39790 35600 35600 54041.00 206540000
20150429 35000 36170 33660 36170 31044.00 110430000
20150428 32880 32880 32880 32880 1145.00 3760000
20150427 29890 29890 29890 29890 160.00 470000
20150424 27170 27170 27170 27170 2724.00 7400000
20150130 38080 38280 37200 37250 2840.00 10720000
20150129 39020 39240 37400 38000 9555.00 36500000
20150128 39610 40300 39200 39240 6619.00 26330000
20150127 39230 40100 39070 39710 5674.00 22450000
20150126 39080 39360 38770 39230 3413.00 13350000
20150123 40090 40090 38980 39080 8714.00 34240000
20150122 39600 40540 39000 40190 8234.00 32900000
20150121 39300 39880 38880 39600 12998.00 50990000
20150120 38500 39860 37550 39500 16416.00 63580000
20150119 36200 38850 36200 37550 11222.00 42430000
20150116 36610 37360 36500 37260 3517.00 13030000
20150115 36300 37670 36230 36610 2326.00 8540000
20150114 36890 37000 35800 36530 4438.00 16100000
20150113 36010 37300 36010 36900 2793.00 10260000
20150112 38250 38270 36210 36500 3070.00 11450000
20150109 38160 38500 37800 38250 4484.00 17140000
20150108 37800 38770 37610 38250 4221.00 16160000
20150107 38200 38540 37250 38250 7400.00 27920000
20150106 35660 39380 35650 38200 8362.00 31430000
20150105 36800 36800 35000 36240 5533.00 19780000
20141231 35770 37000 35000 36890 5866.00 21240000
20141230 36090 36200 34850 36180 5873.00 20840000
20141229 37150 37150 35380 36000 5154.00 18470000
20141226 37000 37420 36780 37200 2396.00 8890000
20141225 37550 37550 36500 37360 4241.00 15760000
20141224 36250 37880 36250 37360 5397.00 20020000
20141223 35100 37020 35100 36000 3695.00 13370000
20141222 38000 38000 35000 35500 8644.00 30830000
20141219 40000 40000 37500 38240 12712.00 48880000
20141218 42610 43000 40230 40250 8679.00 36100000
20141217 42000 42800 40750 42500 11416.00 48080000
20141216 42510 42890 41680 42000 11023.00 46540000
20141215 41950 43010 41380 42650 12311.00 52150000
20141212 41000 41880 40750 41680 8578.00 35510000
20141211 40520 41500 40170 41000 7312.00 30040000
20141210 39820 41580 38900 40800 9898.00 40290000
20141209 42800 42800 39650 39730 16611.00 67840000
20141208 46200 47100 42900 43000 34175.00 151020000
20141205 47000 47690 45000 47000 23798.00 110420000
20141204 48230 48470 47040 47480 22580.00 107490000
20141203 47110 48300 45660 47920 32480.00 153230000
20141202 46700 49470 46330 46990 43984.00 209930000
20141201 42880 47140 42400 47140 47294.00 213550000
20141128 43300 43440 42160 42850 16622.00 70970000
20141127 42250 43590 42250 43180 20152.00 86610000
20141126 41310 41980 41110 41870 9906.00 41210000
20141125 41840 42570 40860 41300 18420.00 76470000
20141124 41700 42300 41120 41840 14204.00 59290000
20141121 41050 42000 40500 41110 12321.00 51100000
20141120 40500 41150 40320 41060 10707.00 43640000
20141119 41380 41850 40300 41160 11665.00 47990000
20141118 40520 41640 40080 41550 11181.00 45920000
20141117 40000 42290 39910 40880 17036.00 70400000
20141114 44180 44180 39850 40680 31500.00 130070000
20141113 45200 45860 43990 44250 29348.00 131340000
20141112 43310 47380 43110 46530 47106.00 215540000
20141111 41900 44340 40850 44300 45074.00 193020000
20141110 40510 41700 40300 41390 18074.00 74330000
20141107 40480 41830 40070 40550 23367.00 95580000
20141106 39580 40980 39300 40780 16369.00 66110000
20141105 39400 39980 39030 39550 10753.00 42450000
20141104 41370 41370 39300 39390 23821.00 95690000
20141103 41120 41800 40370 41370 25408.00 104280000
20141031 39470 42180 39140 41100 36892.00 150900000
20141030 39210 39840 38350 39500 23450.00 91930000
20141029 39000 40590 38720 39680 25038.00 99260000
20141028 37250 39490 37250 39300 24928.00 95690000
20141027 38880 38880 37000 37550 24739.00 93450000
20141024 38110 40660 37800 38880 35028.00 138020000
20141023 37990 39500 37520 38590 30490.00 117770000
20141022 37900 38980 37300 37850 26604.00 101140000
20141021 37310 38860 37010 38400 29582.00 113270000
20141020 37310 37980 36810 37360 20613.00 76900000
20141017 37490 38300 35760 37700 36739.00 136180000
20141016 37810 39990 37450 37940 51754.00 198550000
20141015 35000 38360 34520 38360 70201.00 262960000
20141014 34680 35180 34510 34870 9646.00 33650000
20141013 34730 34730 33960 34470 8387.00 28690000
20141010 35290 35290 34780 34810 7972.00 27880000
20141009 35410 35730 34880 35330 12823.00 45210000
20141008 34500 35600 34110 35450 17892.00 62760000
20140930 34360 34620 33990 34380 13428.00 45910000
20140929 34080 34640 34080 34340 7216.00 24800000
20140926 34850 34850 33630 34080 18529.00 63170000
20140925 35950 35950 34800 34980 15825.00 55700000
20140924 36000 36140 35490 35860 17769.00 63430000
20140923 35400 36200 35310 36000 8688.00 31250000
20140922 35750 35880 35000 35550 9533.00 33660000
20140919 35600 36090 35510 36000 5540.00 19840000
20140918 35500 36120 35290 35800 7113.00 25460000
20140917 35700 36150 35260 35760 7121.00 25420000
20140916 36710 36870 35480 35950 19137.00 68940000
20140915 36550 37100 36100 36800 22595.00 82620000
20140912 36980 37090 36260 36550 21232.00 77590000
20140911 38300 38380 36800 37250 34172.00 127670000
20140910 35910 38170 35510 37790 33424.00 123500000
20140909 36810 37400 35910 36280 20219.00 73490000
20140905 36010 37000 35500 36760 35098.00 127240000
20140904 35420 37450 35420 36180 49211.00 178750000
20140903 35600 35860 34450 35770 56500.00 198760000
20140902 35300 36900 34700 36000 63134.00 225450000
20140901 31800 35330 31510 35330 70957.00 245380000
20140829 29600 32500 29600 32120 49828.00 156510000
20140828 28650 31910 28600 30000 46568.00 141220000
20140827 28580 29080 28190 29070 22632.00 65110000
20140826 29000 29000 27860 28450 33064.00 93460000
20140825 29290 30250 29110 29300 28365.00 83980000
20140822 28750 29270 28650 29080 25112.00 72840000
20140821 29510 29900 28590 28960 50027.00 145670000
20140820 28600 31890 28040 30190 76781.00 230300000
20140819 27320 29690 27310 28990 73952.00 212570000
20140818 26800 27770 26500 27300 53494.00 145590000
20140815 27170 27500 25870 26630 72877.00 193760000
20140814 28790 29690 27550 28070 106084.00 301510000
20140813 26900 28780 26580 28780 101887.00 286460000
20140812 26160 26160 26160 26160 7816.00 20440000
20140811 23780 23780 23780 23780 846.00 2010000
20140808 21620 21620 21620 21620 790.00 1700000
20140807 19650 19650 19650 19650 574.00 1120000
20140806 17860 17860 17860 17860 346.00 610000
20140805 16240 16240 16240 16240 223.00 360000
20140804 14760 14760 14760 14760 107.00 150000
20140801 13420 13420 13420 13420 121.00 160000
20140731 10160 12200 10160 12200 293.00 350000
