20180214 21870 22920 21550 22000 149257 331388624 6.15 0.73 -1.21 77421 71836 1.08 17.64
20180213 24900 24990 22040 22270 233690 551561776 12.35 1.22 -6.74 129503 104187 1.24 27.62
20180212 21980 23880 21680 23880 167328 378944320 10.13 0.84 10.00 74053 93275 0.79 19.78
20180209 23110 23590 21600 21710 211173 473687584 8.29 1.01 -9.54 111012 100161 1.11 24.96
20180208 23570 24280 23210 24000 172269 409010832 4.54 0.76 1.87 82697 89572 0.92 20.36
20180207 25010 25010 22520 23560 233439 554369328 10.16 1.05 -3.88 128573 104866 1.23 27.59
20180206 24580 25680 24380 24510 173644 432243104 5.14 0.73 -3.12 93613 80031 1.17 20.52
20180205 25300 25950 24330 25300 210017 528978480 6.25 0.78 -2.32 113084 96933 1.17 24.82
20180202 25900 27090 25900 25900 252992 661967344 4.13 1.04 -10.01 118117 134875 0.88 29.90
20180201 30590 32770 28710 28780 266219 818562800 13.53 1.15 -4.07 132418 133802 0.99 31.47
20180131 30000 31420 29060 30000 212015 639654256 7.37 1.00 -6.34 115435 96580 1.20 25.06
20180130 30450 32250 30360 32030 254538 795079904 6.08 1.38 2.99 124628 129910 0.96 30.09
20180129 34380 35280 30020 31100 368172 1210544944 16.40 2.44 -3.02 201817 166355 1.21 43.52
20180126 30000 32070 29500 32070 117655 368739296 8.82 0.78 10.02 81508 36147 2.25 13.91
20180119 28480 29150 27330 29150 202579 576939248 6.87 1.75 10.00 92679 109900 0.84 23.94
20180118 26000 26500 25650 26500 117204 309507776 3.53 1.14 10.00 91733 25471 3.60 13.85
20180117 22700 24090 22580 24090 114930 270145392 6.89 1.29 10.00 56085 58845 0.95 13.58
20180116 19980 21900 19700 21900 203092 430296992 11.05 3.62 9.99 90178 112914 0.80 24.01
20180115 19910 19910 19600 19910 114989 228865815 1.71 2.99 10.00 99541 15447 6.44 13.59
20180112 18190 18300 17910 18100 27349 49421509 2.13 0.75 -1.20 16350 10999 1.49 3.23
20180111 17710 18680 17560 18320 54751 99499616 6.34 1.91 3.74 24606 30145 0.82 6.47
20180110 17200 17750 17150 17660 46706 81553499 3.50 2.08 3.03 22101 24605 0.90 5.52
20180109 16960 17700 16950 17140 36716 63512290 4.47 2.14 2.15 18077 18640 0.97 4.34
20180108 17110 17110 16710 16780 26933 45259150 2.35 1.98 -1.29 15388 11545 1.33 3.18
20180105 17000 17130 16910 17000 16268 27687250 1.29 1.91 -0.18 9084 7185 1.26 1.92
20180104 17070 17430 17030 17030 16748 28749855 2.34 1.30 -0.35 10616 6132 1.73 1.98
20180103 17000 17210 16900 17090 15738 26871025 1.82 1.36 0.18 8049 7689 1.05 1.86
20180102 16950 17170 16860 17060 10139 17220883 1.82 0.86 0.24 5683 4456 1.28 1.20
20171229 16840 17060 16800 17020 8963 15178756 1.53 0.74 0.41 4614 4349 1.06 1.06
20171228 16740 17080 16500 16950 13832 23306173 3.45 1.11 0.83 5903 7929 0.74 1.63
20171227 16720 17200 16610 16810 15894 27020413 3.55 1.31 1.27 6802 9093 0.75 1.88
20171226 16470 16640 16300 16600 9114 15031402 2.07 0.69 1.28 4720 4394 1.07 1.08
20171225 16910 16910 16380 16390 11165 18437518 3.17 0.76 -2.09 7283 3883 1.88 1.32
20171222 17000 17120 16740 16740 10649 18013912 2.22 0.72 -1.99 6960 3689 1.89 1.26
20171221 17000 17170 16670 17080 15655 26561312 2.92 1.14 -0.12 7625 8031 0.95 1.85
20171220 17160 17380 17030 17100 14039 24158039 2.04 1.10 -0.41 6336 7703 0.82 1.66
20171219 17340 17380 17110 17170 14353 24729980 1.56 1.16 -0.87 8817 5536 1.59 1.70
20171218 17100 17390 16940 17320 18569 32011536 2.67 1.65 2.85 7536 11033 0.68 2.19
20171215 16990 17070 16810 16840 11527 19473915 1.53 1.01 -0.82 6648 4880 1.36 1.36
20171214 17100 17160 16910 16980 10256 17435350 1.46 0.90 -0.64 6259 3998 1.57 1.21
20171213 16900 17190 16900 17090 9318 15865291 1.70 0.76 0.35 4918 4400 1.12 1.10
20171212 17380 17460 17030 17030 12249 21148690 2.48 0.84 -1.62 7564 4684 1.61 1.45
20171211 17000 17360 16980 17310 13014 22454293 2.22 0.86 0.93 5838 7176 0.81 1.54
20171208 17080 17380 16940 17150 12436 21376581 2.59 0.79 0.88 5823 6613 0.88 1.47
20171207 17140 17190 16930 17000 9732 16583376 1.52 0.55 -0.87 5510 4222 1.31 1.15
20171206 16900 17170 16700 17150 13553 22994524 2.78 0.68 1.60 6850 6704 1.02 1.60
20171205 17980 17980 16810 16880 24131 41616233 6.53 1.38 -5.86 15922 8209 1.94 2.85
20171204 18280 18290 17700 17930 15411 27663399 3.23 0.86 -1.91 10253 5158 1.99 1.82
20171201 18030 18480 18030 18280 15483 28314428 2.48 0.84 0.83 7633 7850 0.97 1.83
20171130 18250 18600 18050 18130 19752 36219639 2.99 1.03 -1.57 11746 8005 1.47 2.33
20171129 18210 18420 17680 18420 24570 44392458 4.06 1.33 1.15 11430 13140 0.87 2.90
20171128 17790 18210 17750 18210 12333 22284706 2.56 0.57 1.17 6294 6039 1.04 1.46
20171127 18080 18260 17710 18000 17118 30785681 3.05 0.77 -0.06 9443 7675 1.23 2.02
20171124 17790 18360 17510 18010 18713 33452657 4.85 0.71 2.86 9597 9117 1.05 2.21
20171123 18130 18300 17500 17510 22940 40953435 4.40 0.86 -3.79 14915 8026 1.86 2.71
20171122 18310 18620 18010 18200 21015 38505491 3.33 0.72 -0.66 12082 8933 1.35 2.48
20171121 18330 18650 18090 18320 28010 51448893 3.07 0.92 0.55 13066 14944 0.87 3.31
20171120 17290 18290 17290 18220 19847 35651062 5.63 0.58 2.65 9796 10051 0.97 2.35
20171117 18770 18980 17500 17750 40557 73484498 7.83 1.08 -6.13 23562 16995 1.39 4.79
20171116 19130 19490 18810 18910 24367 46666429 3.54 0.50 -1.61 13786 10581 1.30 2.88
20171115 19060 19450 18750 19220 33041 63270925 3.67 0.59 0.89 17325 15716 1.10 3.91
20171114 19500 19510 18800 19050 35114 66926581 3.64 0.49 -2.36 21393 13721 1.56 4.15
20171113 19450 19900 19390 19510 39092 76430066 2.60 0.50 -0.71 22467 16625 1.35 4.62
20171110 19650 20190 19470 19650 56165 110986168 3.63 0.80 -0.86 32251 23915 1.35 6.64
20171109 18830 19820 18830 19820 80647 158042183 5.21 1.38 4.21 34470 46176 0.75 9.53
20171108 19220 19550 19010 19020 68797 132215665 2.78 1.44 -1.96 44626 24171 1.85 8.13
20171107 18800 19980 18700 19400 116320 226935231 6.86 4.25 3.91 58251 58069 1.00 13.75
20171106 18000 18670 17660 18670 66333 120646608 5.95 3.30 10.02 28552 37781 0.76 7.84
20171103 17060 17350 16760 16970 18263 31029649 3.43 0.88 -1.45 10953 7310 1.50 2.16
20171102 17730 17840 17100 17220 21661 37606847 4.18 1.02 -2.82 13774 7888 1.75 2.56
20171101 17720 17890 17660 17720 15814 28062223 1.30 0.72 0.00 9674 6140 1.58 1.87
20171031 17460 17760 17430 17720 14743 25946571 1.90 0.65 1.84 8013 6730 1.19 1.74
20171030 18420 18700 17300 17400 29981 53532034 7.57 1.48 -5.95 18196 11786 1.54 3.54
20171027 18690 18850 18380 18500 21934 40703210 2.49 1.05 -1.91 14445 7489 1.93 2.59
20171026 18700 18900 18510 18860 23568 44002976 2.09 1.09 1.23 11123 12445 0.89 2.79
20171025 18330 18640 18320 18630 19205 35568831 1.75 0.84 1.69 7510 11695 0.64 2.27
20171024 18640 18640 18010 18320 19136 35090355 3.37 0.81 -1.93 12754 6382 2.00 2.26
20171023 18460 18730 18320 18680 17465 32472778 2.22 0.53 0.97 10807 6657 1.62 2.06
20171020 18190 18500 17970 18500 25429 46475034 2.91 0.78 1.70 14229 11200 1.27 3.01
20171019 18200 18370 17830 18190 26549 48078586 2.97 0.76 0.17 13461 13088 1.03 3.14
20171018 18590 19020 18060 18160 26356 48970505 5.16 0.68 -2.37 15340 11016 1.39 3.12
20171017 18350 18880 18350 18600 22387 41790968 2.86 0.47 0.43 12175 10212 1.19 2.65
20171016 20000 20290 18500 18520 63004 120952973 8.86 1.36 -8.36 40084 22919 1.75 7.45
20171013 19970 20330 19760 20210 25227 50560145 2.84 0.52 0.85 12752 12475 1.02 2.98
20171012 20300 20690 19800 20040 37283 75391310 4.36 0.78 -1.91 22546 14737 1.53 4.41
20171011 20650 20780 20390 20430 45747 94066605 1.86 0.94 -2.34 26281 19466 1.35 5.41
20171010 20000 21170 19900 20920 69401 142206844 6.30 1.49 3.77 36031 33370 1.08 8.20
20171009 19420 20220 19420 20160 53131 106148780 4.12 0.98 3.92 25281 27849 0.91 6.28
20170929 19070 19550 19060 19400 38773 74948148 2.58 0.58 2.05 17971 20802 0.86 4.58
20170928 19330 19440 19010 19010 33461 64396904 2.22 0.37 -1.71 21174 12287 1.72 3.95
20170927 19250 19570 19060 19340 49099 95109776 2.66 0.42 0.99 24365 24734 0.99 5.80
20170926 19540 19660 18810 19150 59029 113043672 4.36 0.45 -1.69 32307 26723 1.21 6.98
20170925 20180 20390 19250 19480 90544 180402024 5.51 0.69 -5.89 57069 33475 1.70 10.70
20170922 20450 21530 20450 20700 102259 214211657 5.23 0.79 0.24 50521 51738 0.98 12.09
20170921 21500 22200 20500 20650 148379 315105376 7.90 1.38 -4.09 88087 60292 1.46 17.54
20170920 21300 22620 20400 21530 191066 409874480 10.80 2.50 4.72 86346 104720 0.82 22.58
20170919 19480 20690 19090 20560 119574 239012857 8.11 1.67 4.15 57759 61814 0.93 14.13
20170918 19320 20010 19020 19740 99075 194721390 5.16 1.68 2.92 50914 48161 1.06 11.71
20170915 18340 19410 18170 19180 88069 166677446 6.79 1.78 5.10 35356 52713 0.67 10.41
20170914 18480 18480 18070 18250 38399 70133329 2.22 0.66 -1.35 19596 18803 1.04 4.54
20170913 18640 18970 18370 18500 37489 69576537 3.20 0.60 -1.44 23368 14121 1.65 4.43
20170912 18480 19430 18480 18770 94482 180089075 5.18 1.96 2.29 47166 47316 1.00 11.17
20170911 18140 18500 18100 18350 37058 67765759 2.20 0.74 0.82 18610 18448 1.01 4.38
20170908 18210 18340 17950 18200 40225 72737497 2.13 0.85 -0.76 24541 15684 1.56 4.75
20170907 17820 18680 17650 18340 83165 152135079 5.73 2.33 2.00 40651 42514 0.96 9.83
20170906 17230 18380 17220 17980 55647 98649921 6.72 1.95 4.11 25387 30260 0.84 6.58
20170905 17540 17540 17210 17270 25447 44014926 1.89 0.84 -1.14 15138 10308 1.47 3.01
20170904 17080 17600 17080 17470 47604 82795535 3.04 1.71 2.16 20825 26779 0.78 5.63
20170901 17030 17160 16940 17100 24325 41476454 1.29 0.88 0.35 11452 12873 0.89 2.88
20170831 16900 17060 16790 17040 25080 42400914 1.59 0.92 0.65 11177 13902 0.80 2.96
20170830 17000 17120 16750 16930 20553 34816753 2.17 0.73 -0.70 12114 8439 1.44 2.43
20170829 17150 17440 16950 17050 33976 58239122 2.87 1.30 -0.29 19810 14165 1.40 4.02
20170828 16780 17160 16760 17100 35603 60535701 2.38 1.44 1.85 16061 19542 0.82 4.21
20170825 16650 16940 16550 16790 22888 38334948 2.35 0.78 1.27 10863 12025 0.90 2.71
20170824 17110 17110 16570 16580 23330 39131371 3.19 0.58 -2.18 13383 9947 1.35 2.76
20170823 16670 16980 16660 16950 25859 43458717 1.91 0.57 1.19 13004 12854 1.01 3.06
20170822 17000 17020 16600 16750 22828 38339188 2.47 0.48 -1.64 13251 9577 1.38 2.70
20170821 17250 17370 16820 17030 28526 48520521 3.20 0.60 -0.99 16312 12213 1.34 3.37
20170818 17000 17420 16700 17200 46155 78832307 4.21 1.11 0.53 24766 21389 1.16 5.46
20170817 16900 17960 16700 17110 77939 134995054 7.59 2.57 3.07 38138 39801 0.96 9.21
20170816 16100 16850 15930 16600 53330 88221198 5.71 2.25 3.04 24226 29104 0.83 6.30
20170815 16300 16300 16020 16110 30747 49579326 1.73 1.40 -0.56 17510 13237 1.32 3.63
20170814 15850 16230 15780 16200 29797 48023925 2.87 1.54 3.18 12970 16827 0.77 3.52
20170811 15600 15860 15510 15700 16759 26339900 2.23 0.82 0.00 9008 7750 1.16 1.98
20170810 15770 16000 15630 15700 20789 32787619 2.33 0.99 -1.20 12055 8735 1.38 2.46
20170809 15980 16080 15780 15890 20638 32897419 1.88 0.93 -0.56 11246 9391 1.20 2.44
20170808 15980 16040 15680 15980 21655 34444046 2.27 1.00 0.57 11057 10597 1.04 2.56
20170807 15730 16070 15710 15890 17120 27269728 2.28 0.75 0.57 8958 8162 1.10 2.02
20170804 15700 15950 15650 15800 22063 34901364 1.91 0.93 0.45 10943 11120 0.98 2.61
20170803 15540 15960 15440 15730 23483 37072618 3.37 0.88 1.81 11345 12137 0.93 2.78
20170802 16020 16060 15380 15450 26581 41832018 4.24 1.05 -3.62 16957 9624 1.76 3.14
20170801 15800 16060 15800 16030 19506 31106948 1.64 0.78 0.82 10052 9454 1.06 2.31
20170731 15900 16150 15800 15900 22016 35156424 2.20 0.83 0.00 13063 8953 1.46 2.60
20170728 16260 16270 15870 15900 27106 43506919 2.46 1.04 -2.09 15870 11236 1.41 3.20
20170727 15720 16330 15500 16240 37588 60402243 5.30 1.60 3.64 16755 20833 0.80 4.44
20170726 15530 15900 15530 15670 20199 31752160 2.37 0.84 0.45 9815 10384 0.95 2.39
20170725 15600 15730 15500 15600 17617 27486281 1.47 0.67 -0.57 9321 8297 1.12 2.08
20170724 15750 15750 15090 15690 30434 46834824 4.21 0.97 0.06 16303 14131 1.15 3.60
20170721 15810 15940 15640 15680 24031 37874994 1.89 0.74 -1.38 15768 8263 1.91 2.84
20170720 16000 16450 15900 15900 25292 40855097 3.44 0.75 -0.50 13175 12117 1.09 2.99
20170719 16070 16070 15670 15980 23449 37194005 2.50 0.64 -0.06 12186 11263 1.08 2.77
20170718 15610 16170 15510 15990 28197 44692283 4.16 0.68 0.76 15250 12947 1.18 3.33
20170717 17630 17630 15870 15870 55798 90985743 9.98 1.15 -9.98 32401 23397 1.38 6.60
20170714 17900 17950 17390 17630 28993 51290320 3.17 0.58 -0.17 15806 13187 1.20 3.43
20170713 18010 18080 17450 17660 32827 58186042 3.48 0.57 -2.38 21234 11593 1.83 3.88
20170712 17860 18120 17360 18090 38336 67822907 4.27 0.71 1.57 20420 17915 1.14 4.53
20170711 18150 18550 17650 17810 50145 90424648 4.94 1.06 -2.20 30290 19854 1.53 5.93
20170710 17320 18610 17310 18210 91679 165533340 7.45 2.76 4.36 45391 46288 0.98 10.84
20170707 17510 17590 17250 17450 37837 65904276 1.93 1.22 -0.85 22309 15528 1.44 4.47
20170706 16910 17790 16870 17600 67768 117461654 5.44 3.11 4.08 29735 38033 0.78 8.01
20170705 16800 16930 16610 16910 23327 39151956 1.91 1.06 0.71 11234 12093 0.93 2.76
20170704 16820 16980 16670 16790 16529 27772088 1.83 0.72 -0.83 9842 6688 1.47 1.95
20170703 16890 16950 16700 16930 20866 35147621 1.48 0.89 0.42 12174 8692 1.40 2.47
20170630 16560 16860 16300 16860 26345 43872374 3.38 1.09 1.81 12169 14175 0.86 3.11
20170629 16460 16880 16450 16560 21809 36310620 2.61 0.85 0.61 10904 10905 1.00 2.58
20170628 16800 16880 16420 16460 24220 40148807 2.73 0.94 -2.37 17788 6433 2.77 2.86
20170627 16870 16920 16740 16860 20940 35230486 1.07 0.71 -0.06 11844 9096 1.30 2.48
20170626 16700 16880 16480 16870 23443 39210483 2.40 0.73 1.02 10772 12671 0.85 2.77
20170623 16730 16870 16300 16700 29910 49610038 3.45 0.85 1.21 15714 14196 1.11 3.54
20170622 17150 17190 16500 16500 29336 49500931 4.03 0.71 -3.73 19200 10135 1.89 3.49
20170621 17240 17380 16910 17140 24569 41984309 2.73 0.58 -0.41 15003 9566 1.57 2.93
20170620 17480 17610 17130 17210 39230 67946637 2.74 0.96 -1.94 23953 15278 1.57 4.67
20170619 17220 17780 17220 17550 38007 66758935 3.24 0.92 1.39 21039 16968 1.24 4.53
20170616 17450 17670 16910 17310 44111 76314022 4.31 1.12 -1.82 25602 18509 1.38 5.25
20170615 16810 17810 16810 17630 59937 105196397 5.94 1.45 4.75 24207 35730 0.68 7.14
20170614 16770 17160 16730 16830 30175 51133553 2.56 0.63 0.36 15695 14479 1.08 3.59
20170613 16240 16960 16200 16770 32040 53611267 4.66 0.68 2.82 14843 17198 0.86 3.82
20170612 17150 17150 16300 16310 39500 65825484 4.91 0.87 -5.78 26249 13252 1.98 4.70
20170609 17360 17590 17030 17310 34867 60200487 3.19 0.73 -1.37 19631 15236 1.29 4.15
20170608 17490 18180 17360 17550 69486 123460188 4.69 1.61 0.40 37289 32198 1.16 8.28
20170607 16480 17870 16310 17480 64405 111009826 9.51 1.62 6.59 29948 34457 0.87 7.67
20170606 16090 16520 16020 16400 25771 42014427 3.07 0.60 0.68 12161 13610 0.89 3.07
20170605 16350 16570 16070 16290 32882 53755016 3.08 0.72 0.18 18483 14399 1.28 3.92
20170602 15840 16560 15490 16260 46585 74269990 6.73 0.99 2.33 23466 23119 1.01 5.55
20170601 16780 17200 15690 15890 45863 75836932 8.85 0.89 -6.91 29774 16090 1.85 5.46
20170531 18300 18490 16960 17070 47273 83644993 8.62 0.84 -3.83 28336 18937 1.50 5.63
20170526 17600 17900 17270 17750 42382 74609060 3.61 0.65 1.84 21057 21325 0.99 5.05
20170525 17510 17750 16810 17430 47071 81431826 5.40 0.60 0.17 25366 21705 1.17 5.61
20170524 16690 17770 16510 17400 52037 89685795 7.41 0.49 2.35 26892 25146 1.07 6.20
20170523 18190 18580 17000 17000 69371 123063567 8.59 0.63 -7.56 39829 29542 1.35 8.26
20170522 19350 19980 18220 18390 70007 133580419 9.10 0.66 -4.96 39677 30330 1.31 8.34
20170519 20550 20880 19090 19350 85465 169893862 8.83 0.83 -4.59 53244 32221 1.65 10.18
20170518 20530 21060 20110 20280 114352 234864646 4.51 1.13 -3.75 66302 48050 1.38 13.62
20170517 20400 21480 20080 21070 191897 400795664 7.17 2.33 7.89 95952 95945 1.00 22.85
20170516 17460 19530 17150 19530 84639 155887689 13.41 1.21 10.03 37400 47239 0.79 10.08
20170515 18210 18300 17580 17750 51897 92694652 3.95 0.79 -2.74 32892 19005 1.73 6.18
20170512 18000 18800 17810 18250 74615 136576189 5.56 1.30 2.47 35489 39126 0.91 8.89
20170511 18510 18600 17250 17810 102993 182203060 7.04 2.37 -7.09 53564 49430 1.08 12.27
20170510 19680 20970 19120 19170 97804 196120841 9.18 3.47 -4.91 52123 45681 1.14 11.65
20170509 48500 50900 47500 50550 23337 115026749 7.01 0.89 4.25 10534 12803 0.82 6.95
20170508 52600 53100 48010 48490 28040 141557119 9.63 1.16 -8.22 17101 10939 1.56 8.35
20170505 51900 54980 51400 52830 35275 188119021 6.90 1.53 1.85 15644 19631 0.80 10.50
20170504 52000 53550 51750 51870 32954 172752418 3.50 1.41 0.88 17866 15088 1.18 9.81
20170503 49450 51680 49350 51420 21135 107180112 4.69 0.94 3.40 8271 12864 0.64 6.41
20170502 50500 50780 49390 49730 14367 71793796 2.75 0.64 -1.52 8558 5809 1.47 4.36
20170428 50190 50960 49690 50500 17157 86219708 2.51 0.77 -0.14 10648 6508 1.64 5.21
20170427 48800 50970 47250 50570 29754 146654424 7.62 1.52 3.63 15633 14121 1.11 9.03
20170426 46500 51360 46330 48800 34173 167015968 10.75 2.14 4.32 17622 16551 1.06 10.37
20170425 45800 46810 45800 46780 16848 78289322 2.22 0.99 2.72 8112 8735 0.93 5.11
20170424 45600 46380 44500 45540 15170 69389248 4.14 0.79 0.26 7489 7681 0.98 4.60
20170421 46500 46860 45400 45420 16079 74022645 3.14 0.76 -2.32 10484 5595 1.87 4.88
20170420 46860 46950 45300 46500 15753 72741267 3.54 0.71 -0.34 10054 5699 1.76 4.78
20170419 45500 47170 44870 46660 16000 73688741 5.08 0.67 2.98 7909 8091 0.98 4.85
20170418 46640 47560 45080 45310 22181 102999772 5.29 0.87 -3.37 12698 9483 1.34 6.73
20170417 48000 48500 45100 46890 26268 122747636 6.79 0.91 -6.29 16453 9815 1.68 7.97
20170414 48800 51390 48800 50040 26025 131133000 5.21 0.80 0.68 12625 13400 0.94 7.90
20170413 49900 51280 49000 49700 21240 106816198 4.65 0.64 1.28 10828 10412 1.04 6.44
20170412 51400 51450 48700 49070 23541 117500177 5.35 0.73 -4.50 15561 7980 1.95 7.14
20170411 50610 51990 49480 51380 30664 155396769 4.89 0.85 0.16 17288 13376 1.29 9.30
20170410 54000 54650 51300 51300 42709 222135500 5.88 1.06 -10.00 24911 17799 1.40 12.96
20170407 61780 62170 56900 57000 44217 260991714 8.48 1.02 -8.30 28892 15325 1.89 13.42
20170406 61600 63440 61600 62160 23944 149532536 2.97 0.54 0.34 13518 10426 1.30 7.26
20170405 61050 62300 59060 61950 19976 122248075 5.19 0.43 -0.72 12513 7464 1.68 6.06
20170331 63550 63790 59000 62400 49854 306640320 7.73 1.23 0.65 29837 20017 1.49 15.13
20170330 66050 68000 61010 62000 63932 413610976 10.48 1.65 -7.05 40758 23174 1.76 19.40
20170329 63500 68980 63500 66700 58779 389544672 8.67 1.70 5.54 27652 31126 0.89 17.83
20170328 62700 64800 62700 63200 27408 174913649 3.30 0.68 -0.69 14565 12843 1.13 8.32
20170327 64400 65580 63600 63640 30161 195399222 3.10 0.72 -0.31 15242 14919 1.02 9.15
20170324 63620 64600 63200 63840 22219 142033917 2.19 0.47 -0.30 12250 9969 1.23 6.74
20170323 65290 67300 62540 64030 54923 357365280 7.28 1.26 -2.05 30175 24748 1.22 16.66
20170322 63600 65750 63200 65370 38237 246630046 4.01 0.88 2.77 18250 19987 0.91 11.60
20170321 66950 66950 62100 63610 55988 358436128 7.27 1.36 -4.62 55489 500 111.04 16.99
20170320 68810 69000 65200 66690 38487 256494354 5.55 0.97 -2.64 23351 15136 1.54 11.68
20170317 69240 70500 67880 68500 46448 320950944 3.80 1.15 -0.55 24152 22296 1.08 14.09
20170316 66690 69780 66200 68880 37971 258023037 5.41 0.86 4.06 15866 22105 0.72 11.52
20170315 65300 66660 64800 66190 38446 253504082 2.85 0.86 1.58 19476 18969 1.03 11.66
20170314 66400 67690 64100 65160 44111 289521424 5.39 1.01 -2.13 26284 17827 1.47 13.38
20170313 66230 67880 65400 66580 31510 210224061 3.73 0.66 0.27 17196 14314 1.20 9.56
20170310 64330 67880 63880 66400 50152 329603952 6.16 0.89 2.33 25081 25071 1.00 15.22
20170309 62550 65580 62200 64890 56027 358726640 5.42 1.09 4.02 25349 30679 0.83 17.00
20170308 61220 62880 60850 62380 42070 260319439 3.27 0.75 0.61 21080 20990 1.00 12.76
20170307 61210 63800 61210 62000 38799 242283243 4.19 0.55 0.37 19438 19361 1.00 11.77
20170306 60910 62140 59800 61770 52799 321726560 3.79 - -0.03 29076 23724 1.23 16.02
20170303 56000 62320 55630 61790 93075 558315648 11.81 1.71 9.07 44994 48081 0.94 28.24
20170302 56290 57250 56250 56650 31128 176586685 1.77 0.60 0.02 18103 13025 1.39 9.44
20170301 56540 57890 56050 56640 63912 363659024 3.24 1.54 -0.26 37676 26237 1.44 19.39
20170228 55500 59360 55030 56790 109859 620879744 7.87 4.94 3.25 62567 47292 1.32 33.33
20170227 55000 55000 55000 55000 48723 267979140 0.00 3.33 10.00 47914 810 59.19 14.78
20170224 51260 51380 50000 50000 18341 93216224 2.71 1.41 -1.96 10868 7473 1.45 5.56
20170223 50390 51000 49800 51000 17206 86787716 2.38 1.57 0.95 9415 7791 1.21 5.22
20170222 50040 51500 49880 50520 13674 69093475 3.24 1.26 0.94 7445 6229 1.20 4.15
20170221 48310 50100 48310 50050 13300 65840997 3.70 1.38 3.47 5012 8288 0.60 4.04
20170220 48480 48850 47280 48370 10742 51653026 3.24 - -0.10 6648 4094 1.62 3.26
20170217 49100 50130 48000 48420 10128 49510333 4.33 1.08 -1.59 6582 3546 1.86 3.07
20170216 49000 49450 48620 49200 6962 34164155 1.69 0.73 0.41 3439 3523 0.98 2.11
20170215 49810 50200 48610 49000 13303 66086878 3.18 1.64 -2.08 8438 4866 1.73 4.04
20170214 49700 50800 49670 50040 6931 34713359 2.25 0.89 -0.42 3854 3077 1.25 2.10
20170213 48720 50320 48670 50250 11931 59398522 3.38 1.75 2.99 6159 5772 1.07 3.62
20170210 50200 50240 48600 48790 7951 39232977 3.29 1.24 -2.22 5773 2178 2.65 2.41
20170209 49270 50190 49250 49900 7797 38864741 1.91 1.23 1.30 3629 4168 0.87 2.37
20170208 48890 49300 48500 49260 5984 29263821 1.64 0.83 0.98 2932 3053 0.96 1.82
20170207 49020 49480 48470 48780 5085 24795678 2.06 0.65 -0.45 3291 1794 1.83 1.54
20170206 48400 49260 48200 49000 7257 35428647 2.21 0.95 2.32 3277 3980 0.82 2.20
20170203 49000 49000 47820 47890 6042 29166138 2.41 0.74 -2.27 3894 2148 1.81 1.83
20170126 48580 49300 48380 49000 7200 35205444 1.89 0.88 0.80 3802 3398 1.12 2.18
20170125 47180 49700 46510 48610 10369 49882941 6.82 1.34 3.87 4725 5644 0.84 3.15
20170124 47630 48140 46470 46800 8337 39196214 3.49 0.97 -2.24 5420 2917 1.86 2.53
20170123 47380 48200 47380 47870 6267 29972645 1.73 0.59 1.10 3224 3042 1.06 1.90
20170120 45800 49000 45800 47350 8591 40867459 6.93 0.69 2.53 3890 4701 0.83 2.61
20170119 45810 47480 45500 46180 7567 35176711 4.25 0.57 -0.79 4468 3099 1.44 2.30
20170118 47760 47980 46360 46550 7871 37036184 3.37 0.60 -3.12 4907 2964 1.66 2.39
20170117 45800 48470 45020 48050 12633 58996264 7.51 1.07 4.55 6774 5859 1.16 3.83
20170116 49300 49310 44420 45960 16476 77034972 9.91 1.55 -6.87 9181 7295 1.26 5.00
20170113 51900 52430 49350 49350 17628 89404467 5.91 1.78 -5.30 10509 7119 1.48 5.35
20170112 54490 54940 52110 52110 11511 61522454 5.18 0.81 -4.70 7131 4380 1.63 3.49
20170111 54700 55280 54470 54680 7079 38882649 1.47 0.43 -0.53 4118 2962 1.39 2.15
20170110 54680 55740 54660 54970 6169 34104157 1.96 0.33 -0.02 3027 3141 0.96 1.87
20170109 54700 54990 53880 54980 10760 58592123 2.03 0.59 0.37 6324 4436 1.43 3.26
20170106 57350 57490 54610 54780 13977 78223432 5.03 0.71 -4.23 9671 4306 2.25 4.24
20170105 58000 58970 57000 57200 32908 190922000 3.38 2.02 -1.79 19479 13429 1.45 9.98
20170104 56990 58310 56990 58240 18396 106470304 2.32 1.30 2.39 9101 9296 0.98 5.58
20170103 57020 58380 56690 56880 16544 95070043 3.00 1.31 1.03 9395 7149 1.31 5.02
20161230 56200 56670 55630 56300 9390 52802110 1.84 0.71 -0.57 5215 4176 1.25 2.85
20161229 55770 56810 55380 56620 21573 121840914 2.56 1.73 1.20 9912 11660 0.85 6.55
20161228 54780 56500 54380 55950 15385 85623170 3.88 1.38 2.36 7558 7827 0.97 4.67
20161227 54790 55270 54320 54660 7629 41872947 1.74 0.59 -0.16 4003 3626 1.10 2.31
20161226 54160 55160 52800 54750 8997 48488711 4.32 0.69 0.13 4654 4343 1.07 2.73
20161223 56490 56490 54680 54680 12911.61 71299859.280
20161222 55880 56800 54540 56550 17414.34 97307301.140
20161221 55300 56100 55090 55770 8656.97 48037809.560
20161220 53900 55930 53900 55480 16729.87 91671837.580
20161219 54200 54660 53750 54020 9564.35 51805881.710
20161216 54290 55390 54030 54530 10048.08 54898016.600
20161215 53450 55090 53410 54360 14209.99 77334993.560
20161214 54200 54900 52680 53300 15374.96 83102303.890
20161213 54000 54950 53300 54080 17674.22 95858839.650
20161212 59100 59600 54000 54000 31579.09 177675543.910
20161209 61600 62150 59890 60000 29460.79 178867912.420
20161208 62000 65740 61520 62010 64419.40 408180402.270
20161207 58700 59960 57550 59760 14904.45 87778424.280
20161206 58110 58940 58110 58610 10011.63 58702212.590
20161205 57440 59440 56910 58100 15431.75 90039779.260
20161202 61700 61750 57700 57800 26458.08 156012241.880
20161201 61300 62660 60880 61700 15223.48 93970438.070
20161130 62180 62800 60660 61080 18794.65 115686481.330
20161129 64080 64700 62050 62090 15514.13 98540439.510
20161128 64880 65560 63470 63900 15446.00 99133951.660
20161125 65770 65900 62960 65550 20267.13 131199476.280
20161124 66620 67800 64910 66110 24874.23 164793936.580
20161123 68000 68000 66610 66650 24016.68 161171996.770
20161122 67940 68370 66360 68150 40025.05 269405029.890
20161121 64470 70190 63180 67900 71187.02 479874113.880
20161118 62000 64950 62000 63810 36073.34 230309359.330
20161117 62500 62500 60980 61280 18124.47 111492337.190
20161116 61980 64560 61910 62880 31702.35 200923714.260
20161115 62480 62510 61200 62100 14247.00 88012963.000
20161114 62580 64310 62080 62760 22723.88 143511353.750
20161111 61400 62960 61100 62340 23204.55 144379015.000
20161110 61610 63100 60810 61510 27311.48 168359050.700
20161109 59730 61450 59200 60400 33210.05 200522348.610
20161108 59450 59880 58770 59550 36735.20 217937257.270
20161107 61500 61800 59800 60370 33276.39 201873363.920
20161104 61000 63100 61000 61600 24036.51 148989261.090
20161103 60670 63180 60540 61390 34697.46 213868225.780
20161102 60800 63980 60350 61850 41263.74 258727525.900
20161101 61000 62440 60900 61020 35513.57 218638825.100
20161031 58500 60930 57800 60900 27455.18 162825519.040
20161028 59530 60160 58500 59080 19961.95 118398613.500
20161027 59660 60480 59300 59470 13803.56 82678348.350
20161026 59310 60390 59110 60050 19648.62 117609665.570
20161025 60580 60860 58010 59680 29824.23 178248744.210
20161024 60650 60940 59660 60660 21583.09 130132228.840
20161021 57880 60690 57600 60260 41506.52 246478221.940
20161020 57770 58250 57010 58110 22439.16 129358022.820
20161019 57900 59180 57500 57780 19881.89 115685161.500
20161018 56500 57880 56500 57770 19599.07 112631039.860
20161017 58700 58950 56560 56900 26311.84 151646910.030
20161014 56850 58600 56810 57600 27534.37 158863205.890
20161013 56750 57550 56700 56930 24436.96 139310793.900
20161012 54780 58450 54550 57000 48783.31 276895897.560
20161011 53600 55500 53600 55350 31444.75 171343997.920
20161010 51470 53980 51470 53870 29162.46 154285752.710
20160930 51250 51600 51100 51220 8340.29 42830305.690
20160929 51510 51980 51060 51390 12424.05 63849142.510
20160928 51010 51980 51010 51500 15619.73 80560844.380
20160927 50310 51120 49410 51120 13676.12 68476548.470
20160926 50760 51770 50380 50470 16888.68 86420585.020
20160923 49890 51660 49850 50760 18627.65 95000464.830
20160922 49880 50330 49800 49860 7232.60 36185222.130
20160921 49360 50090 49360 49680 7009.60 34908894.650
20160920 49620 49700 49300 49580 5633.04 27872781.230
20160919 49060 49880 49060 49510 6478.81 32097274.680
20160914 48390 49280 48190 49160 5103.09 24895938.400
20160913 48780 48960 48390 48790 5855.69 28512437.800
20160912 49550 49550 48390 48390 13628.65 66706238.100
20160909 52100 52190 50550 50600 13066.48 67081260.770
20160908 51680 52230 51330 51990 11047.31 57315092.680
20160907 51680 52570 51200 51490 16372.64 85278591.350
20160906 50500 51700 49930 51620 16101.40 82242183.260
20160905 50440 50960 50440 50860 10042.17 50995346.560
20160902 50420 50930 49980 50490 7184.49 36208999.020
20160901 50700 51250 50350 50600 10942.18 55679835.390
20160831 49980 50700 49660 50670 10777.68 54055615.440
20160830 50600 51080 50020 50110 14958.32 75405785.170
20160829 50200 51480 50200 50630 9751.68 49611927.240
20160826 51510 51510 50550 50650 10905.16 55873825.770
20160825 51750 52390 49980 51000 14863.40 75660475.000
20160824 52250 53500 52000 52310 8518.00 44909656.640
20160823 51700 53100 51480 52280 6580.37 34492993.430
20160822 52800 52910 51040 51730 9526.58 49952712.440
20160819 52660 52960 52280 52650 6584.43 34657784.770
20160818 53010 53440 52410 52780 9097.76 48068463.510
20160817 52980 53770 52520 53410 9133.54 48526874.080
20160816 53010 53300 52680 53000 8075.27 42752608.220
20160815 51050 53190 50560 52960 12717.93 66426132.790
20160812 50010 50980 49530 50640 5034.45 25428668.790
20160811 51320 51320 50010 50030 7724.53 39120185.180
20160810 50840 51940 50520 51520 7218.93 37082693.210
20160809 50720 51300 50410 51100 8038.73 40963350.470
20160808 48970 50720 48800 50720 9071.20 45579922.990
20160805 50410 50670 49200 49420 7578.22 37906392.980
20160804 49990 50860 49800 50520 7656.16 38577261.220
20160803 49570 50490 49180 49920 10343.93 51474026.700
20160802 49110 49990 49110 49670 13336.25 66051780.800
20160801 50880 51000 48250 49500 16224.14 79777621.790
20160729 54800 54800 52000 52410 12799.73 67703011.260
20160728 50710 55500 50500 54360 19220.94 100829370.690
20160727 55060 55580 50000 50710 21870.77 114551980.790
20160726 54890 55960 54630 55300 12183.57 67130237.860
20160725 54100 55550 53550 55000 10723.73 58695427.100
20160722 56500 56800 54010 54100 15371.74 85079718.900
20160721 56990 57410 56420 56510 10740.63 61186354.730
20160720 57450 57450 56870 57040 10024.00 57252157.800
20160719 56100 57890 56000 57430 13060.89 74744546.000
20160718 56400 56960 56020 56220 9999.32 56484445.690
20160715 57100 57100 55430 56220 18763.34 105372231.800
20160714 57130 57700 56850 57270 13551.99 77411046.950
20160713 57900 58100 56850 57500 16570.30 95295986.840
20160712 57500 57990 55390 57760 23381.60 133261071.760
20160711 60010 60400 57200 57270 29760.06 174245990.610
20160708 62900 62900 60780 60780 28515.37 175804470.570
20160707 61810 63980 61510 63050 31902.84 200204272.290
20160706 61730 62180 60310 61820 30694.98 187889756.180
20160705 59440 63600 59390 62500 48041.83 297161386.480
20160704 58110 59940 58100 59180 34479.14 203221710.250
20160701 57580 59890 57300 59090 28672.56 168898963.530
20160630 58680 59000 56610 56820 20049.65 115280653.870
20160629 59680 59680 57680 59330 26833.18 157412959.820
20160628 59900 60600 58600 59300 20815.12 124057265.690
20160627 55900 59880 55600 59600 25207.05 147813130.040
20160624 57480 58490 53810 56520 24445.72 137769968.200
20160623 58360 59520 56990 57560 18687.85 108825295.900
20160622 57450 59390 56990 58790 22391.30 130346221.780
20160621 58800 61000 56730 57690 33428.36 197591518.880
20160620 58010 60870 56650 58880 34767.76 205530896.120
20160617 56900 58280 55550 58150 31138.09 178536184.420
20160616 54190 59200 53610 56890 37823.67 213642587.800
20160615 50810 54780 50510 54390 22704.88 121347138.390
20160614 50000 51500 49080 51150 19117.98 97022502.260
20160613 54000 54300 49490 49490 27329.15 142518924.180
20160608 56000 56390 54580 54990 30792.54 170784761.580
20160607 51820 57000 51110 57000 45151.99 247529684.830
20160606 52900 52980 50810 51820 20057.85 104170225.690
20160603 53000 54000 52020 52420 29068.59 153971605.960
20160602 52000 54000 51150 53500 34376.88 179574555.510
20160601 50030 53980 50020 52550 37347.84 195577192.090
20160531 48000 50500 48000 50250 31583.13 156714880.270
20160530 49110 49290 47820 48280 22674.91 110035890.340
20160527 50810 50810 48990 49410 43454.99 216178410.270
20160526 44690 48920 44050 48920 34201.06 160353125.470
20160525 44800 45280 43890 44470 9275.55 41422667.910
20160524 44700 44900 43780 44170 9072.94 40086634.240
20160523 43100 44920 43100 44680 12176.67 54010761.500
20160520 41600 43100 41480 43080 6940.60 29495772.500
20160519 42000 43480 41810 42240 8433.10 36079217.800
20160518 44330 44330 41310 41840 12250.10 52122228.260
20160517 43550 45300 43550 44660 10333.11 46110315.210
20160516 42720 43860 42430 43850 6850.75 29616968.750
20160513 43010 43960 42650 42850 6964.00 30180000
20160512 44290 44290 42040 43230 9998.00 43060000
20160511 44620 45490 44160 44640 11558.00 51930000
20160510 44700 45380 44000 44180 8536.00 38240000
20160509 47030 47030 44490 44750 14115.00 63740000
20160506 49200 50200 47000 47030 24889.00 120330000
20160505 47390 49800 47380 49210 17322.00 84180000
20160504 46400 48800 45850 47680 20886.00 99780000
20160503 44550 46560 44130 46550 17629.00 80470000
20160429 44300 44940 44150 44490 11395.00 50780000
20160428 46160 46160 43490 44810 19338.00 86110000
20160427 45870 46800 45600 45920 21044.00 97190000
20160426 45000 46000 44500 45920 31041.00 140310000
20160425 48030 48640 47090 47090 12941.00 61510000
20160422 52200 55900 52000 52320 37782.00 203710000
20160421 50100 54450 49000 53380 47774.00 251100000
20160420 49500 51440 47350 51210 37798.00 188780000
20160419 49200 50280 48800 49480 12626.00 62480000
20160418 49020 49800 48200 49000 12080.00 58980000
20160415 51000 51480 49560 50200 17487.00 87950000
20160414 48460 51790 48450 51000 23704.00 118070000
20160413 47100 49210 47100 48090 17127.00 83000000
20160412 48900 48940 46000 47050 13489.00 63730000
20160411 47000 48780 47000 48340 17632.00 84800000
20160408 47880 47880 45680 46710 26290.00 122640000
20160407 50560 51700 49230 49230 16321.00 82230000
20160406 50000 51150 49400 51100 19748.00 98640000
20160405 50020 51780 49110 50540 23998.00 121140000
20160401 48500 50200 48170 49800 23270.00 115040000
20160331 47210 49980 47200 48810 21068.00 103090000
20160330 45110 47200 45110 47170 12213.00 56470000
20160329 46500 46500 44200 45000 12883.00 58020000
20160328 46900 47900 46080 46280 11956.00 56310000
20160325 47100 47700 45280 46340 15704.00 72710000
20160324 47410 48970 46200 47210 26849.00 128800000
20160323 45400 48000 45260 47800 17964.00 83760000
20160322 45080 46900 44820 45740 15343.00 70570000
20160321 44660 47220 44660 45690 18562.00 84870000
20160318 41620 44290 41420 44290 20709.00 89280000
20160317 39830 41580 39180 41400 14719.00 60070000
20160316 40750 41220 37770 39400 9386.00 37520000
20160315 40800 41060 39930 40240 9786.00 39620000
20160314 39900 41880 39680 41060 13838.00 56660000
20160311 38000 39360 38000 39160 8769.00 34090000
20160310 39200 39580 38150 38410 9126.00 35480000
20160309 39200 40000 37510 39000 9082.00 35570000
20160308 40250 41060 36480 40610 17701.00 67720000
20160307 39300 41000 39210 40250 10073.00 40770000
20160304 41150 41150 37920 38700 11859.00 46640000
20160303 41500 42790 41000 41020 9790.00 40870000
20160302 39010 41580 39010 41470 12042.00 48800000
20160301 39390 40000 38000 39640 11107.00 43320000
20160229 42030 42570 38360 38370 13660.00 53540000
20160226 42220 43190 41410 42620 10865.00 46220000
20160225 47000 47000 42220 42220 22431.00 98290000
20160224 48390 48730 45000 46910 17934.00 83770000
20160223 48760 49700 47800 48380 15885.00 77410000
20160222 48300 48890 48020 48760 16182.00 78400000
20160219 47810 48360 47400 47890 12597.00 60290000
20160218 48300 49590 47520 47800 17351.00 83820000
20160217 47900 48560 46500 48290 16279.00 77660000
20160216 46010 48470 45800 48200 17236.00 81470000
20160215 41600 46660 41600 46010 16044.00 72390000
20160205 45400 45750 44200 44400 11063.00 49700000
20160204 43120 45900 43120 44900 15694.00 70300000
20160203 42100 43380 41500 43160 11060.00 46940000
20160202 41000 43200 40550 42870 15320.00 65260000
20160201 42430 42430 39540 40700 14496.00 59940000
20160129 41000 43620 39400 42790 20079.00 83810000
20160128 44640 45100 41500 41540 12064.00 52370000
20160127 46700 47000 42100 45800 15277.00 68230000
20160126 49940 50370 46080 46080 15345.00 73670000
20160125 51350 52090 50500 51200 10875.00 55850000
20160122 50130 51200 48000 50600 13785.00 68660000
20160121 50880 53330 48910 49000 17252.00 89000000
20160120 51710 53300 51010 52000 19414.00 101470000
20160119 49180 52210 49180 51750 17390.00 88150000
20160118 45150 50750 45150 49610 17372.00 84310000
20160115 50310 51490 46560 47230 15864.00 78590000
20160114 46000 51380 45010 51100 18764.00 92310000
20160113 51890 52950 48220 48230 13315.00 67550000
20160112 51100 52710 49300 51880 14790.00 76030000
20160111 54880 56600 51120 51120 16604.00 88500000
20160108 58100 59500 52300 56800 17562.00 99880000
20160107 60800 61200 56430 56430 5263.00 30740000
20160106 60300 62770 59500 62700 20634.00 126470000
20160105 56610 61840 56610 59730 23481.00 140020000
20160104 67000 67550 61430 61430 19352.00 123120000
20151231 72500 72680 68010 68250 26004.00 180670000
20151230 72030 73480 71400 72600 17363.00 125620000
20151229 71450 73880 70900 72340 21291.00 153990000
20151228 78000 78700 71000 71000 36241.00 271330000
20151225 81500 83030 75800 77340 48724.00 389190000
20151224 73000 81950 72900 81950 48104.00 375900000
20151223 73600 78820 71900 74500 41032.00 308880000
20151222 72980 73800 70300 73100 25697.00 185640000
20151221 68800 73470 68800 72610 29015.00 207290000
20151218 71000 72670 69180 69610 21810.00 154160000
20151217 68100 71800 68100 71000 27406.00 191980000
20151216 67000 69970 66900 67800 19474.00 133860000
20151215 67150 68310 66320 66660 14693.00 98790000
20151214 63500 68550 63030 67400 21355.00 138520000
20151211 67000 68800 65480 65860 20534.00 138670000
20151210 68040 68900 66000 66650 28601.00 192330000
20151209 75300 75300 68680 69470 48342.00 343960000
20151208 68530 75340 68530 75340 39902.00 290410000
20151207 69970 70490 67390 68490 20541.00 140960000
20151204 68000 71580 67270 69970 33028.00 230110000
20151203 65000 69330 65000 68300 28131.00 190240000
20151202 66600 67440 61980 65200 34797.00 224790000
20151201 74500 77000 65400 68850 67027.00 488100000
20151130 65900 71640 65140 71640 50728.00 351950000
20151127 65000 68000 64010 65130 33024.00 218690000
20151126 68300 70980 66010 66380 37575.00 257240000
20151125 68000 69030 66930 68800 41143.00 280520000
20151124 63400 69280 62810 69280 53945.00 355740000
20151123 65210 66490 62000 62980 25204.00 162320000
20151120 66280 68990 65000 66900 27035.00 180940000
20151119 62280 66960 61610 66720 28160.00 179370000
20151118 64450 65700 61010 61500 28739.00 179900000
20151117 67520 70000 64000 65220 33658.00 228710000
20151116 64000 68790 63030 67900 29507.00 196130000
20151113 72320 72330 66880 66880 53976.00 370160000
20151112 75700 78000 71860 74310 54291.00 405280000
20151111 65000 72090 64520 72090 39687.00 279140000
20151110 61650 67480 60500 65540 46478.00 292250000
20151109 57000 62270 56310 62270 43126.00 255080000
20151106 53610 57820 53610 56610 34118.00 192130000
20151105 53460 56400 52680 53600 34957.00 189220000
20151104 52000 54450 51300 53860 37375.00 197380000
20151103 49600 52520 49420 52000 32934.00 168550000
20151102 46260 52000 46030 49430 35397.00 175410000
20151030 46600 48860 45500 47500 24338.00 115110000
20151029 46700 47100 45850 46650 17275.00 80380000
20151028 46900 47360 45820 46010 21536.00 100410000
20151027 47000 47580 44000 46920 23818.00 109760000
20151026 46800 48280 46450 47440 26226.00 123790000
20151023 45180 46390 44400 46390 20963.00 95430000
20151022 42990 44900 42110 44780 22039.00 96720000
20151021 46210 48400 41880 43080 37364.00 170230000
20151020 45190 46460 44830 46030 24001.00 109540000
20151019 45490 46980 44680 45520 25643.00 116980000
20151016 45400 45870 44010 45100 23781.00 106880000
20151015 43680 45200 42110 45000 24898.00 110460000
20151014 43800 45470 43500 43600 21880.00 96930000
20151013 43530 44230 43210 43910 21627.00 94740000
20151012 42890 45540 42710 44450 29563.00 130880000
20151009 42500 44100 42000 42960 26648.00 114860000
20151008 40490 42520 39710 42520 30733.00 126320000
20150930 38570 39160 37600 38650 14113.00 54500000
20150929 39090 39440 38200 38600 17175.00 66700000
20150928 37950 39950 37440 39900 20863.00 81490000
20150925 39000 39460 36880 37410 22599.00 86100000
20150924 39960 41380 39000 39780 28629.00 115040000
20150923 38400 41290 38210 39960 35492.00 142260000
20150922 40000 40460 38010 39140 36060.00 141840000
20150921 36570 39800 35510 39460 30050.00 115070000
20150918 35500 37200 35010 36880 24763.00 89710000
20150917 36000 37250 35000 35000 32776.00 118840000
20150916 33020 35230 32400 35230 30632.00 105840000
20150915 33500 34900 31900 32030 21064.00 70200000
20150914 39050 39500 35370 35370 20514.00 75940000
20150911 38230 39980 38080 39300 20759.00 80950000
20150910 39000 39900 38220 38220 23687.00 92560000
20150909 39100 40990 38780 40420 47593.00 190080000
20150908 34550 38230 34290 38230 43194.00 161650000
20150907 34450 36300 34000 34750 21129.00 74220000
20150902 32010 36000 31560 33350 26326.00 89750000
20150901 36180 36880 33420 33420 23122.00 80720000
20150831 40010 40180 37130 37130 24927.00 96820000
20150828 38800 42500 38050 41260 40061.00 159730000
20150827 39500 40440 36520 39630 46580.00 179290000
20150826 36680 38830 35500 38390 54296.00 205470000
20150825 34810 40900 34800 35300 39014.00 145410000
20150824 41000 41000 38610 38610 18687.00 72930000
20150821 44450 45840 42860 42900 17719.00 78460000
20150820 48390 48950 45700 45830 19707.00 93800000
20150819 48280 50230 44570 49830 36257.00 172230000
20150818 53110 56800 49190 49190 27804.00 147410000
20150817 58460 59390 54010 54650 29602.00 164950000
20150814 61480 61980 58810 59000 27121.00 161700000
20150813 60020 62150 58510 60400 35032.00 210520000
20150812 62960 65000 59300 61140 57307.00 355100000
20150811 59010 64500 59000 63000 53669.00 333240000
20150810 57040 60800 57020 59500 44171.00 261960000
20150807 57500 58380 55300 57000 42067.00 239730000
20150806 60500 63380 56140 56990 64286.00 376050000
20150805 57000 65300 55250 62380 72468.00 441210000
20150804 66000 70020 57290 60000 100652.00 638770000
20150803 56690 63650 56020 63650 78348.00 474360000
20150731 52700 60000 52700 57860 65154.00 368870000
20150730 55500 61980 54890 55500 73666.00 432280000
20150729 53700 57020 47890 57020 63382.00 334710000
20150728 49980 58980 49930 51840 62095.00 325340000
20150727 57500 63500 55480 55480 71365.00 423770000
20150724 62000 63840 59530 61640 102410.00 642050000
20150723 51890 58040 51000 58040 57368.00 317860000
20150722 52000 54540 49030 52760 79304.00 406310000
20150721 46010 52090 45060 52090 83324.00 422230000
20150720 47000 49000 45500 47350 65788.00 311810000
20150717 46010 50000 42500 49000 83390.00 387110000
20150716 45340 54800 45340 46010 92425.00 447110000
20150715 49380 50380 47200 50380 115658.00 572140000
20150714 45800 45800 45000 45800 25303.00 115850000
20150713 41640 41640 41640 41640 390.00 1620000
20150710 37850 37850 37850 37850 674.00 2550000
20150709 29000 34410 29000 34410 63311.00 208420000
20150708 31280 31280 25600 31280 131420.00 380840000
20150707 28440 28440 28440 28440 1605.00 4560000
20150706 25850 25850 25850 25850 327.00 840000
20150703 23500 23500 23500 23500 151.00 350000
20150702 17800 21360 17800 21360 111.00 230000
