20191129 13530 13530 13150 13290 7408 9843715 2.82 0.71 -1.26 4941 2467 2.00 0.37
20191128 13320 13540 13280 13460 9435 12701387 1.95 0.97 1.05 5279 4156 1.27 0.47
20191127 13150 13360 13150 13320 8718 11568191 1.59 0.85 0.91 3533 5185 0.68 0.43
20191126 13280 13280 13130 13200 8358 11039274 1.14 0.81 0.00 4223 4135 1.02 0.41
20191125 13420 13480 13150 13200 16608 22084253 2.45 1.90 -2.15 13162 3446 3.82 0.82
20191122 13690 13740 13430 13490 9403 12745262 2.27 1.08 -1.03 5039 4364 1.15 0.47
20191121 13700 13730 13510 13630 5701 7764822 1.61 0.60 -0.51 3233 2468 1.31 0.28
20191120 13630 13820 13580 13700 11149 15275162 1.76 1.01 0.44 4703 6446 0.73 0.55
20191119 13410 13680 13370 13640 9013 12258248 2.32 0.71 1.94 4040 4973 0.81 0.45
20191118 13450 13470 13340 13380 8455 11320727 0.97 0.50 -0.07 4998 3457 1.45 0.42
20191115 13590 13610 13380 13390 9203 12413016 1.70 0.50 -1.11 4838 4365 1.11 0.46
20191114 13490 13590 13350 13540 9484 12773341 1.78 0.46 0.37 4541 4943 0.92 0.47
20191113 13680 13690 13250 13490 18951 25555071 3.22 1.04 -1.39 10896 8055 1.35 0.94
20191112 13870 13930 13570 13680 17664 24241968 2.59 1.02 -1.51 10761 6903 1.56 0.88
20191111 14470 14530 13820 13890 29809 42198518 4.88 2.14 -4.60 17402 12407 1.40 1.48
20191108 14880 14880 14510 14560 16909 24847006 2.50 1.40 -1.49 9880 7029 1.41 0.84
20191107 14590 14960 14590 14780 19526 28910939 2.53 1.90 1.03 9175 10351 0.89 0.97
20191106 14650 14740 14560 14630 7379 10806401 1.22 0.55 -0.81 4518 2861 1.58 0.37
20191105 14670 14780 14550 14750 12564 18451679 1.57 0.85 0.48 6473 6091 1.06 0.62
20191104 14390 14720 14310 14680 13296 19447033 2.85 0.88 2.16 6210 7086 0.88 0.66
20191101 14270 14420 14260 14370 7734 11109756 1.12 0.46 0.63 4243 3491 1.22 0.38
20191031 14340 14470 14270 14280 10534 15111458 1.40 0.61 -0.07 5344 5190 1.03 0.52
20191030 14810 14810 14250 14290 22912 32990807 3.81 1.49 -2.66 14336 8576 1.67 1.14
20191029 14870 14950 14640 14680 19827 29346579 2.08 1.41 -1.34 8566 11261 0.76 0.98
20191028 14930 14930 14740 14880 14837 22067177 1.28 1.08 0.20 7517 7320 1.03 0.74
20191025 14730 14900 14630 14850 15458 22894219 1.85 1.13 1.50 7108 8350 0.85 0.77
20191024 14640 14750 14410 14630 13810 20169430 2.32 1.00 -0.34 6471 7339 0.88 0.68
20191023 14800 14950 14550 14680 12980 19169924 2.70 0.93 -1.08 7748 5233 1.48 0.64
20191022 14670 14900 14580 14840 13205 19482630 2.19 0.96 1.44 5874 7331 0.80 0.65
20191021 14400 14700 14320 14630 13274 19341411 2.62 0.99 0.76 7667 5607 1.37 0.66
20191018 14720 14800 14500 14520 15203 22282307 2.04 1.28 -1.36 9870 5333 1.85 0.75
20191017 14510 14720 14460 14720 14696 21512181 1.79 1.47 1.45 6864 7832 0.88 0.73
20191016 14430 14650 14350 14510 13041 18942305 2.08 1.50 0.69 6890 6151 1.12 0.65
20191015 14560 14590 14200 14410 12661 18286494 2.68 1.79 -0.83 6720 5941 1.13 0.63
20191014 14420 14640 14420 14530 11764 17085683 1.53 2.07 0.90 5148 6616 0.78 0.58
20191011 14440 14510 14320 14400 7310 10544887 1.31 1.36 -0.35 3432 3878 0.89 0.36
20191010 14370 14490 14330 14450 5321 7671312 1.11 0.82 0.42 2412 2909 0.83 0.26
20191009 14190 14440 14110 14390 6356 9080000
20191008 14050 14250 14040 14210 4594 6508850 1.49 0.51 0.78 1838 2756 0.67 0.23
20190930 14150 14350 14090 14100 4843 6861575 1.83 0.49 -0.91 3302 1541 2.14 0.24
20190927 14040 14300 14010 14230 5778 8193070 2.06 0.55 1.21 2197 3581 0.61 0.29
20190926 14330 14370 14000 14060 10706 15110526 2.60 1.05 -1.33 7148 3558 2.01 0.53
20190925 14600 14600 14180 14250 11357 16300000
20190924 14510 14710 14460 14600 12558 18387075 1.72 1.17 0.62 5843 6715 0.87 0.62
20190923 14520 14630 14400 14510 9285 13446565 1.57 0.69 -1.09 5457 3828 1.43 0.46
20190920 14770 14770 14610 14670 8638 12668366 1.09 0.49 0.07 5626 3012 1.87 0.43
20190919 14510 14680 14510 14660 9303 13582055 1.17 0.35 1.17 4064 5238 0.78 0.46
20190918 14560 14660 14470 14490 9498 13821088 1.31 0.34 -0.34 5722 3776 1.52 0.47
20190917 14910 14910 14490 14540 17112 25063163 2.82 0.60 -2.48 11397 5715 1.99 0.85
20190916 15000 15110 14820 14910 22325 33330624 1.94 0.84 -0.40 15468 6856 2.26 1.11
20190912 15250 15260 14880 14970 29973 44892546 2.51 1.21 -1.25 17344 12630 1.37 1.49
20190911 15260 15780 15120 15160 53388 82156000
20190910 15260 15330 15140 15230 18614 28365683 1.25 1.28 -0.13 10050 8564 1.17 0.92
20190909 15050 15260 15020 15250 19374 29341992 1.60 1.40 1.60 9074 10299 0.88 0.96
20190906 14970 15100 14860 15010 12190 18210334 1.60 0.86 0.20 6639 5551 1.20 0.60
20190905 14950 15150 14900 14980 20384 30646485 1.68 1.70 0.60 11135 9250 1.20 1.01
20190904 14780 14940 14720 14890 10178 15093467 1.48 0.80 0.47 5031 5147 0.98 0.50
20190903 14990 14990 14770 14820 10603 15724000
20190902 14410 15000 14410 14960 16044 23677000
20190830 14870 14920 14400 14430 13713 20098676 3.50 1.05 -2.96 8459 5254 1.61 0.68
20190829 14990 14990 14800 14870 9549 14194849 1.28 0.76 -0.13 5277 4272 1.24 0.47
20190828 14840 15050 14800 14890 13879 20677876 1.68 1.16 0.00 7478 6401 1.17 0.69
20190827 14480 15050 14480 14890 17856 26565831 3.93 1.60 2.69 8209 9647 0.85 0.88
20190826 14360 14640 14300 14500 10539 15215031 2.32 0.75 -0.96 5152 5387 0.96 0.52
20190823 14440 14700 14310 14640 13745 19995071 2.70 0.97 1.24 5715 8030 0.71 0.68
20190822 14580 14580 14310 14460 6783 9785006 1.86 0.46 -0.41 4137 2646 1.56 0.34
20190821 14400 14540 14350 14520 10744 15537834 1.32 0.78 0.62 5119 5624 0.91 0.53
20190820 14460 14530 14380 14430 14051 20274170 1.04 1.14 -0.35 9285 4765 1.95 0.70
20190819 14190 14480 14070 14480 24739 35223242 2.89 2.94 2.04 14560 10179 1.43 1.23
20190816 14060 14360 13950 14190 14308 20323029 2.92 2.04 1.00 8425 5884 1.43 0.71
20190815 13700 14070 13700 14050 9168 12737518 2.66 1.43 0.86 3756 5412 0.69 0.45
20190814 13920 14040 13870 13930 6727 9384713 1.23 0.94 0.94 3917 2811 1.39 0.34
20190813 13800 14010 13710 13800 6492 8960102 2.14 0.68 -1.43 4377 2115 2.07 0.32
20190812 13870 14070 13730 14000 5438 7569000
20190809 14020 14100 13700 13770 7227 10062905 2.86 0.68 -1.43 4823 2404 2.01 0.36
20190808 13990 14110 13920 13970 6194 8665360 1.36 0.50 0.14 3940 2254 1.75 0.31
20190807 14290 14310 13900 13950 10371 14614141 2.90 0.80 -1.34 5732 4639 1.24 0.52
20190806 14490 14490 13840 14140 18194 25602473 4.48 1.53 -2.62 10711 7483 1.43 0.91
20190805 14890 14890 14520 14520 7900 11620711 2.49 0.54 -2.22 5014 2886 1.74 0.39
20190802 14720 14850 14600 14850 10712 15789012 1.67 0.74 -0.93 5803 4909 1.18 0.53
20190801 14980 15070 14820 14990 14296 21368684 1.67 1.04 0.07 8498 5797 1.47 0.71
20190731 14790 14980 14690 14980 13703 20298759 1.95 1.03 0.67 7981 5722 1.39 0.68
20190730 14840 15030 14740 14880 12924 19257075 1.94 0.98 -0.27 7819 5105 1.53 0.65
20190729 14750 15200 14510 14920 20871 30934572 4.68 1.66 1.29 13004 7867 1.65 1.04
20190726 14770 14850 14610 14730 10553 15531641 1.63 0.79 -0.20 7317 3236 2.26 0.53
20190725 14700 14870 14610 14760 10468 15474700 1.77 0.77 0.27 5571 4897 1.14 0.52
20190724 14870 14990 14680 14720 11992 17797497 2.10 0.85 -0.07 7285 4707 1.55 0.60
20190723 14760 14900 14610 14730 12149 17902641 1.98 0.84 0.61 5442 6707 0.81 0.61
20190722 15500 15500 14600 14640 17807 26583208 5.84 1.09 -4.94 10775 7032 1.53 0.89
20190719 15410 15530 15230 15400 14005 21546604 1.95 0.68 0.20 8473 5532 1.53 0.70
20190718 15410 15570 15280 15370 12240 18874237 1.87 0.55 -0.77 6486 5754 1.13 0.61
20190717 15580 15710 15490 15490 14032 21868948 1.41 0.63 -0.83 8606 5426 1.59 0.70
20190716 15650 15780 15470 15620 14625 22812916 1.99 0.68 0.13 8440 6185 1.36 0.73
20190715 15850 15850 15450 15600 26985 41971579 2.54 1.36 -1.02 17089 9896 1.73 1.35
20190712 15330 15760 15130 15760 34374 53539319 4.15 1.99 3.82 12480 21894 0.57 1.72
20190711 15060 15550 15060 15180 21547 32994777 3.25 1.46 0.73 10693 10854 0.99 1.08
20190710 14910 15160 14710 15070 13150 19667221 3.03 0.92 1.34 7342 5808 1.26 0.66
20190709 15000 15010 14520 14870 11585 17118999 3.29 0.68 -0.20 7067 4518 1.56 0.58
20190708 15120 15270 14800 14900 18467 27728115 3.11 1.09 -1.46 10526 7941 1.33 0.92
20190705 14820 15290 14710 15120 21765 32791478 3.91 1.38 2.02 9920 11844 0.84 1.09
20190704 14900 14940 14740 14820 8789 13046809 1.35 0.55 0.14 5367 3423 1.57 0.44
20190703 14840 14930 14740 14800 10521 15583385 1.27 0.65 -0.87 6841 3680 1.86 0.53
20190702 14860 15100 14760 14930 25447 37947840 2.26 1.75 -0.60 15898 9549 1.66 1.27
20190701 14870 15050 14820 15020 18027 26888586 1.56 1.11 2.11 7813 10215 0.76 0.90
20190628 14480 14750 14480 14710 15863 23278296 1.85 0.99 0.96 6402 9461 0.68 0.79
20190627 14560 14700 14430 14570 9794 14297455 1.86 0.60 0.48 3674 6120 0.60 0.49
20190626 14300 14580 14280 14500 11922 17274910 2.09 0.75 0.90 5973 5949 1.00 0.60
20190625 14540 14540 14260 14370 17211 24652966 1.92 1.24 -1.58 11738 5473 2.14 0.86
20190624 14870 14930 14460 14600 26484 38780350 3.13 2.41 -2.93 16709 9775 1.71 1.32
20190621 14910 15150 14910 15040 14421 21702134 1.62 1.47 1.28 6315 8107 0.78 0.72
20190620 14700 14950 14620 14850 11823 17508853 2.26 1.31 1.64 3745 8078 0.46 0.59
20190619 14760 14870 14610 14610 9045 13324882 1.79 0.98 0.76 4198 4847 0.87 0.45
20190618 14330 14520 14330 14500 7644 11040799 1.33 0.75 1.40 3232 4412 0.73 0.38
20190617 14510 14740 14240 14300 12089 17462293 3.44 1.33 -1.52 7408 4681 1.58 0.60
20190614 14720 14870 14510 14520 8345 12219162 2.44 0.90 -1.76 4723 3622 1.30 0.42
20190613 14640 14820 14530 14780 8023 11805312 1.99 0.88 1.44 3048 4975 0.61 0.40
20190612 14720 14790 14560 14570 10125 14827379 1.56 1.14 -1.49 6648 3477 1.91 0.51
20190611 14400 14810 14300 14790 12641 18456558 3.55 1.48 2.85 5069 7572 0.67 0.63
20190610 14330 14480 14270 14380 6365 9157657 1.46 0.70 0.21 3477 2888 1.20 0.32
20190606 14640 14640 14330 14350 9171 13240310 2.13 0.98 -1.37 5292 3879 1.36 0.46
20190605 14680 14880 14630 14700 7158 10558016 1.71 0.77 0.27 4027 3131 1.29 0.36
20190604 14620 14800 14600 14660 8924 13097710 1.36 0.87 -0.34 5350 3574 1.50 0.45
20190603 14860 14970 14560 14710 10953 16139498 2.76 0.98 -1.08 6361 4592 1.39 0.55
20190531 14920 15120 14810 14870 9128 13650345 2.06 0.82 -1.13 5198 3931 1.32 0.46
20190530 15330 15330 14810 15040 10529 15772745 3.41 0.93 -1.44 6856 3673 1.87 0.53
20190529 15240 15350 15180 15260 6864 10478000
20190528 15400 15620 15200 15250 13671 21041285 2.71 1.22 -1.42 8502 5169 1.64 0.68
20190527 14850 15500 14790 15470 15513 23708763 4.77 1.48 3.97 6558 8955 0.73 0.77
20190524 14790 15040 14670 14880 9329 13881673 2.52 0.85 1.36 3525 5804 0.61 0.47
20190523 15140 15140 14620 14680 11212 16613790 3.45 1.04 -2.52 6655 4557 1.46 0.56
20190522 15180 15270 14980 15060 9728 14726666 1.91 0.85 -0.73 5232 4496 1.16 0.49
20190521 14960 15270 14770 15170 10445 15783470 3.37 0.87 2.15 5051 5394 0.94 0.52
20190520 14950 14950 14660 14850 11535 17030772 1.96 0.93 0.34 5629 5906 0.95 0.58
20190517 15430 15430 14800 14800 12164 18345876 4.09 0.88 -3.96 7471 4693 1.59 0.61
20190516 15210 15450 15210 15410 10273 15728547 1.57 0.69 1.05 4677 5596 0.84 0.51
20190515 15210 15350 15140 15250 12912 19656419 1.38 0.86 0.46 5752 7160 0.80 0.64
20190514 14990 15300 14860 15180 13135 19895263 2.91 0.83 0.53 4400 8735 0.50 0.66
20190513 14990 15270 14810 15100 13578 20502999 3.05 0.71 0.20 5858 7720 0.76 0.68
20190510 14770 15110 14680 15070 19289 28798746 2.95 1.05 3.36 6864 12425 0.55 0.96
20190509 14450 14730 14310 14580 15259 22233540 2.90 0.75 0.83 6268 8992 0.70 0.76
20190508 14300 14730 14110 14460 13386 19403359 4.26 0.62 -0.69 6280 7106 0.88 0.67
20190507 14670 14750 14420 14560 17255 25198457 2.28 0.77 0.55 7396 9859 0.75 0.86
20190506 15020 15020 14250 14480 30907 45073552 4.99 1.54 -6.16 15776 15131 1.04 1.54
20190430 15300 15570 15090 15430 15039 23233440 3.16 0.66 1.58 6082 8957 0.68 0.75
20190429 15880 15880 15080 15190 24895 38197862 5.16 1.18 -2.00 15739 9156 1.72 1.24
20190426 15680 15750 15480 15500 20054 31283020 1.72 0.96 -1.27 10938 9117 1.20 1.00
20190425 16180 16300 15620 15700 21772 34853772 4.21 1.08 -2.91 12150 9622 1.26 1.09
20190424 15970 16200 15810 16170 18375 29503497 2.45 0.87 1.63 10082 8293 1.22 0.92
20190423 16490 16490 15880 15910 28427 45855532 3.71 1.35 -3.11 18453 9974 1.85 1.42
20190422 16850 16860 16400 16420 17220 28546988 2.75 0.75 -1.91 11111 6109 1.82 0.86
20190419 16600 16760 16350 16740 18304 30346784 2.47 0.77 0.84 9461 8843 1.07 0.91
20190418 16590 16750 16500 16600 18784 31151414 1.50 0.67 -0.48 12737 6047 2.11 0.94
20190417 16600 16800 16510 16680 22652 37783031 1.74 0.66 0.06 11996 10656 1.13 1.13
20190416 16400 16700 16100 16670 28298 46250545 3.67 0.82 1.83 15245 13053 1.17 1.41
20190415 16940 17090 16300 16370 27155 45545239 4.72 0.72 -2.15 16603 10551 1.57 1.36
20190412 16800 16980 16630 16730 22640 37971710 2.07 0.54 -1.06 14515 8125 1.79 1.13
20190411 17370 17670 16900 16910 40120 68968816 4.45 0.86 -2.31 24184 15936 1.52 2.00
20190410 16900 17490 16900 17310 53538 92559600 3.46 1.19 1.52 25272 28265 0.89 2.67
20190409 16850 17190 16620 17050 29544 50147356 3.37 0.62 0.89 15644 13899 1.13 1.48
20190408 17210 17350 16600 16900 43346 73320234 4.38 0.97 -1.34 25293 18053 1.40 2.17
20190404 17340 17470 17020 17130 41938 71980468 2.59 1.05 -1.38 25238 16700 1.51 2.09
20190403 16720 17490 16610 17370 64231 110493443 5.26 2.02 3.83 29391 34840 0.84 3.21
20190402 16680 16930 16610 16730 46816 78502533 1.92 1.64 0.42 24665 22151 1.11 2.34
20190401 16220 16720 16190 16660 42181 69737590 3.28 1.46 3.16 17326 24855 0.70 2.11
20190329 15700 16150 15500 16150 28473 45228138 4.15 0.83 3.06 12605 15868 0.79 1.42
20190328 15780 16000 15610 15670 18014 28492920 2.46 0.46 -1.01 10469 7546 1.39 0.90
20190327 15900 15980 15670 15830 23454 37093854 1.97 0.53 0.57 14540 8914 1.63 1.17
20190326 16360 16460 15740 15740 30563 48949598 4.41 0.66 -3.67 18012 12551 1.44 1.53
20190325 16420 16650 16200 16340 43930 72184788 2.69 0.97 -2.45 28262 15668 1.80 2.19
20190322 16380 16760 16220 16750 56592 93252326 3.30 1.42 2.38 25173 31419 0.80 2.83
20190321 16370 16450 16210 16360 40991 66960882 1.47 1.09 0.18 24780 16211 1.53 2.05
20190320 16430 16510 16060 16330 47666 77449395 2.71 1.33 -1.57 30718 16948 1.81 2.38
20190319 16830 16970 16370 16590 43124 71465618 3.59 1.14 -0.78 28570 14554 1.96 2.15
20190318 16160 16720 16160 16720 38135 62820397 3.46 1.03 3.21 18605 19531 0.95 1.90
20190315 16200 16480 16000 16200 29954 48540684 2.99 0.77 0.87 16262 13692 1.19 1.50
20190314 16520 16690 15880 16060 29534 47757092 4.91 0.72 -2.67 16646 12888 1.29 1.48
20190313 16940 16960 16300 16500 39046 65309696 3.95 0.98 -1.32 21457 17589 1.22 1.95
20190312 16560 16930 16380 16720 52098 87053604 3.34 1.45 1.64 30323 21774 1.39 2.60
20190311 15660 16470 15660 16450 34233 55162567 5.19 0.91 5.45 15837 18396 0.86 1.71
20190308 16150 16380 15600 15600 39721 63708277 4.74 1.18 -5.28 21740 17981 1.21 1.98
20190307 16490 16690 16180 16470 39433 64753981 3.08 1.26 -0.42 21518 17915 1.20 1.97
20190306 16400 16730 16130 16540 34286 56204596 3.70 1.12 1.91 18068 16218 1.11 1.71
20190305 15950 16240 15910 16230 32553 52283905 2.06 0.97 1.12 15988 16565 0.97 1.63
20190304 16020 16270 15920 16050 42108 67827585 2.20 1.27 0.94 20358 21750 0.94 2.10
20190301 16030 16090 15610 15900 19786 31264181 3.03 0.61 0.32 11092 8694 1.28 0.99
20190228 15650 16180 15600 15850 28146 44740044 3.74 0.91 2.13 14114 14032 1.01 1.41
20190227 15750 15980 15390 15520 29865 46838258 3.72 1.08 -2.08 18075 11790 1.53 1.49
20190226 15680 16290 15510 15850 48662 77978978 5.01 2.21 1.73 26696 21965 1.22 2.43
20190225 15220 15650 15140 15580 38700 59745237 3.40 2.04 3.80 17870 20830 0.86 1.93
20190222 14710 15070 14670 15010 16793 25059584 2.73 0.90 2.39 6755 10037 0.67 0.84
20190221 14920 15030 14590 14660 20526 30568847 2.96 1.11 -1.28 10616 9910 1.07 1.03
20190220 15010 15030 14650 14850 13111 19445104 2.53 0.66 -1.00 7190 5921 1.21 0.65
20190219 15010 15190 14730 15000 20853 31245633 3.07 0.95 0.00 11275 9578 1.18 1.04
20190218 14710 15170 14710 15000 23464 35227407 3.13 1.18 2.18 12771 10693 1.19 1.17
20190215 14690 14880 14580 14680 15511 22839613 2.03 0.83 -0.88 8028 7482 1.07 0.77
20190214 14550 14920 14500 14810 19543 28800756 2.88 1.19 1.44 7972 11571 0.69 0.98
20190213 14580 14720 14320 14600 20572 29885336 2.77 1.49 1.18 10217 10355 0.99 1.03
20190212 13830 14750 13830 14430 30936 44293917 6.62 3.25 3.89 12996 17940 0.72 1.55
20190211 13550 13920 13350 13890 13134 18002834 4.23 1.46 3.04 4792 8342 0.57 0.66
20190201 13220 13490 13120 13480 8984 11984851 2.81 0.96 2.51 3412 5572 0.61 0.45
20190131 13280 13420 12810 13150 8682 11457987 4.60 0.97 -0.83 5085 3597 1.41 0.43
20190130 13300 13490 13240 13260 7319 9760451 1.88 0.86 -0.45 4099 3220 1.27 0.37
20190129 13720 13790 13250 13320 9502 12791124 3.93 1.18 -2.99 5493 4009 1.37 0.47
20190128 14020 14170 13710 13730 10525 14653224 3.29 1.33 -1.86 6834 3691 1.85 0.53
20190125 13990 14130 13850 13990 10632 14932936 2.00 1.43 0.07 5116 5516 0.93 0.53
20190124 13950 14070 13880 13980 6805 9520599 1.36 0.86 0.43 3290 3514 0.94 0.34
20190123 13830 13970 13830 13920 4913 6828928 1.01 0.56 -0.07 2209 2704 0.82 0.25
20190122 14010 14090 13830 13930 7377 10280724 1.86 0.80 -0.50 4644 2733 1.70 0.37
20190121 13900 14070 13830 14000 9796 13710322 1.74 1.13 1.23 4804 4992 0.96 0.49
20190118 13760 13870 13580 13830 8400 11558920 2.12 1.00 0.88 3272 5128 0.64 0.42
20190117 13820 13880 13550 13710 9011 12385230 2.38 1.14 -1.22 5930 3081 1.92 0.45
20190116 13900 13970 13830 13880 9484 13191490 1.01 1.09 -0.36 5206 4278 1.22 0.47
20190115 13860 13910 13730 13820 6907 9542094 1.31 0.75 0.36 3245 3662 0.89 0.34
20190114 13860 13910 13730 13820 6907 9543000
20190111 13740 13850 13580 13770 7200 9877000
20190110 13810 13880 13700 13740 6486 8936000
20190109 13900 14080 13800 13850 13274 18535163 2.01 1.51 -0.43 7888 5386 1.46 0.66
20190108 13910 13930 13670 13910 6682 9247720 1.87 0.80 0.00 3590 3092 1.16 0.33
20190107 13870 13990 13650 13910 12429 17251793 2.47 1.69 1.24 4589 7840 0.59 0.62
20190104 13250 13780 13180 13740 14487 19627244 4.48 2.61 2.61 5928 8560 0.69 0.72
20190103 13330 13650 13280 13390 5932 7995713 2.77 0.90 0.30 3124 2808 1.11 0.30
20190102 13380 13430 13210 13350 4512 6018720 1.65 0.63 -0.07 2654 1858 1.43 0.23
20181228 13550 13580 13320 13360 4630 6221447 1.94 0.62 -0.30 2694 1936 1.39 0.23
20181227 13880 13930 13400 13400 7141 9711627 3.88 1.02 -1.90 5317 1823 2.92 0.36
20181226 13670 13870 13660 13660 5499 7552995 1.52 0.79 -1.09 3540 1959 1.81 0.27
20181225 13850 13850 13360 13810 11295 15416959 3.52 1.91 -0.86 6232 5063 1.23 0.56
20181224 13800 14040 13680 13930 7498 10437190 2.59 1.29 0.36 4765 2733 1.74 0.37
20181221 13770 13940 13720 13880 5663 7825825 1.59 0.84 0.29 3450 2214 1.56 0.28
20181220 13650 13890 13650 13840 4918 6786568 1.76 0.59 1.24 2296 2622 0.88 0.25
20181219 13860 13920 13650 13670 5458 7499234 1.95 0.58 -1.37 3435 2023 1.70 0.27
20181218 13790 13930 13600 13860 6017 8290000
20181217 13570 13960 13500 13850 6905 9502770 3.36 0.56 1.02 3601 3304 1.09 0.34
20181214 14100 14130 13680 13710 10389 14481888 3.18 0.64 -3.04 6784 3605 1.88 0.52
20181213 14010 14280 13890 14140 12750 18030458 2.79 0.67 1.00 5958 6792 0.88 0.64
20181212 14080 14180 13960 14000 10831 15220334 1.56 0.48 -0.50 6164 4667 1.32 0.54
20181211 14330 14330 13960 14070 15642 22056077 2.60 0.68 -0.99 9898 5743 1.72 0.78
20181210 14240 14400 14080 14210 12089 17199074 2.21 0.48 -1.73 6621 5467 1.21 0.60
20181207 15090 15200 14360 14460 29629 43356580 5.60 1.30 -3.60 18613 11015 1.69 1.48
20181206 15480 15590 14980 15000 26271 40114786 3.94 1.17 -3.23 16062 10210 1.57 1.31
20181205 15000 15540 14950 15500 28968 44520628 3.86 1.52 1.44 11534 17434 0.66 1.45
20181204 15330 15360 15130 15280 17772 27060974 1.50 1.02 -0.13 9658 8114 1.19 0.89
20181203 15100 15320 14950 15300 24134 36620271 2.51 1.59 3.59 12158 11976 1.02 1.21
20181130 14730 14890 14300 14770 17108 25080713 3.98 1.08 -0.47 9181 7927 1.16 0.85
20181129 14920 15160 14680 14840 24049 36009588 3.25 1.78 0.34 12580 11469 1.10 1.20
20181128 14400 14850 14270 14790 12248 17895193 4.01 0.87 2.14 4505 7743 0.58 0.61
20181127 14410 14500 14310 14480 9157 13194525 1.33 0.58 1.33 4805 4352 1.10 0.46
20181126 14530 14680 14180 14290 13178 18947583 3.45 0.75 -1.52 6858 6320 1.09 0.66
20181123 15150 15190 14510 14510 20313 29790597 4.49 1.01 -4.10 12937 7376 1.75 1.01
20181122 14930 15190 14920 15130 12812 19300678 1.80 0.58 1.00 6582 6230 1.06 0.64
20181121 14710 14990 14670 14980 15193 22521662 2.15 0.64 0.54 7142 8051 0.89 0.76
20181120 15120 15400 14880 14900 18076 27424000
20181119 15600 15600 15200 15280 21050 32270000
20181116 15430 15670 15250 15600 33644 52025000
20181115 15060 15440 15060 15440 22887 34945085 2.50 1.14 1.71 10864 12023 0.90 1.14
20181114 15060 15380 15060 15180 22518 34260039 2.10 1.04 -0.26 10954 11564 0.95 1.12
20181113 14780 15330 14730 15220 30635 46373355 4.01 1.60 1.60 11729 18906 0.62 1.53
20181112 14560 15050 14500 14980 19955 29607218 3.77 0.95 2.60 9410 10545 0.89 1.00
20181109 14490 14760 14400 14600 12685 18536677 2.47 0.48 0.27 6690 5995 1.12 0.63
20181108 14900 14940 14510 14560 14642 21588517 2.93 0.50 -0.95 8940 5702 1.57 0.73
20181107 14620 15190 14600 14700 30850 46140142 4.03 1.12 0.34 17192 13658 1.26 1.54
20181106 14730 14730 14400 14650 17665 25688131 2.24 0.66 -0.75 8899 8766 1.02 0.88
20181105 14700 14890 14510 14760 29173 42962000 2.57 1.22 -0.20 15202 13972 1.09 1.46
20181102 14300 14810 14230 14790 38597 56142509 4.13 2.04 5.34 15580 23017 0.68 1.93
20181101 14040 14300 13910 14040 29027 41006033 2.81 1.84 1.30 13402 15625 0.86 1.45
20181031 13600 14040 13530 13860 23489 32497809 3.76 1.55 2.06 10952 12536 0.87 1.17
20181030 13110 13640 13110 13580 13168 17712304 3.97 0.82 1.80 6283 6885 0.91 0.66
20181029 13500 13580 13230 13340 15359 20627495 2.61 0.81 -0.67 8422 6937 1.21 0.77
20181026 13450 13680 13290 13430 13625 18330941 2.91 0.65 0.22 7184 6441 1.12 0.68
20181025 13150 13480 13070 13400 13067 17336103 3.01 0.61 -1.47 6581 6486 1.01 0.65
20181024 13900 13970 13550 13600 20485 28112619 3.02 1.04 -2.09 11303 9181 1.23 7.23
20181023 14340 14340 13760 13890 17885 25144982 4.06 0.89 -2.80 11729 6156 1.91 0.89
20181022 13860 14530 13770 14290 29250 41527523 5.52 1.73 3.78 13665 15585 0.88 1.46
20181019 13020 13780 13020 13770 24175 32686952 5.70 1.57 3.22 11458 12717 0.90 1.20
20181018 13650 13650 13030 13340 15011 20044541 4.53 0.85 -2.63 6675 8335 0.80 0.75
20181017 13600 13750 13320 13700 12453 16882411 3.21 0.72 2.32 5753 6700 0.86 0.62
20181016 13490 13950 13270 13390 19764 26929526 5.04 1.17 -0.74 10113 9650 1.05 0.98
20181015 13800 14080 13450 13490 12905 17752206 4.58 0.62 -1.89 9177 3728 2.46 0.64
20181012 13660 13890 13390 13750 16959 23104898 3.62 0.79 -0.58 10434 6525 1.60 0.85
20181011 14400 14400 13720 13830 26252 36615878 4.60 1.21 -6.49 18262 7989 2.29 1.31
20181010 14590 14840 14530 14790 10852 15987736 2.12 0.47 1.23 4801 6051 0.79 0.54
20181009 14490 14680 14400 14610 17197 25038925 1.95 0.77 1.53 6249 10948 0.57 0.86
20181008 15280 15280 14310 14390 32823 48333560 6.27 1.65 -7.04 23041 9783 2.36 1.64
20180928 15120 15480 15070 15480 20746 31747919 2.69 1.15 1.64 10144 10601 0.96 1.03
20180927 15260 15670 15200 15230 26871 41463552 3.07 1.63 -0.46 13015 13856 0.94 1.34
20180926 15250 15450 15150 15300 17199 26324847 1.96 1.06 -0.07 9232 7967 1.16 0.86
20180925 15410 15590 15260 15310 14349 22068655 2.13 0.88 -1.29 8411 5937 1.42 0.71
20180921 15330 15600 15130 15510 20511 31584880 3.09 1.25 1.84 9495 11016 0.86 1.02
20180920 15200 15360 15160 15230 10916 16652328 1.31 0.60 0.13 5803 5113 1.13 0.54
20180919 15020 15400 14910 15210 19669 29901815 3.23 1.12 0.26 10090 9579 1.05 0.98
20180918 14760 15170 14700 15170 16044 23938565 3.18 0.95 2.78 7786 8258 0.94 0.80
20180917 15060 15100 14750 14760 14747 21900592 2.31 0.78 -2.51 9193 5554 1.66 0.73
20180914 15780 15820 15110 15140 20789 32044064 4.56 1.08 -2.76 12766 8022 1.59 1.04
20180913 15410 15600 15220 15570 19325 29793534 2.49 0.97 1.96 10151 9174 1.11 0.96
20180912 15250 15560 15100 15270 17071 26190004 3.02 0.76 0.20 9303 7768 1.20 0.85
20180911 15210 15400 15030 15240 12648 19231974 2.42 0.53 -0.46 7227 5421 1.33 0.63
20180910 15760 15770 15000 15310 24444 37279510 4.89 1.11 -2.86 15505 8939 1.73 1.22
20180907 15750 16020 15520 15760 22312 35233073 3.17 1.06 0.06 14204 8108 1.75 1.11
20180906 15720 15930 15600 15750 23472 36926795 2.06 1.06 -1.50 14333 9139 1.57 1.17
20180905 16390 16390 15780 15990 29543 47415800 3.72 1.40 -2.44 20123 9420 2.14 1.47
20180904 16220 16590 16210 16390 19345 31674295 2.33 0.91 0.31 11195 8151 1.37 0.96
20180903 16250 16410 16030 16340 15534 25116924 2.32 0.62 -0.43 8737 6797 1.29 0.77
20180831 16450 16650 16310 16410 17103 28240164 2.07 0.62 -0.24 8682 8420 1.03 0.85
20180830 17000 17050 16380 16450 28963 47939690 3.94 1.05 -3.24 20325 8637 2.35 1.44
20180829 17090 17190 16670 17000 24509 41405509 3.05 0.69 -0.41 15677 8832 1.78 1.22
20180828 17240 17360 16960 17070 19612 33554055 2.32 0.44 -0.99 12211 7401 1.65 0.98
20180827 16630 17240 16510 17240 35532 60410013 4.44 0.89 4.87 13182 22350 0.59 1.77
20180824 16520 16950 16440 16440 29306 49011124 3.09 0.81 -0.36 15948 13359 1.19 1.46
20180823 16410 16650 16300 16500 29293 48268455 2.16 0.91 1.91 13545 15748 0.86 1.46
20180822 16910 17090 16030 16190 63634 105304831 6.13 2.89 -6.36 42122 21512 1.96 3.17
20180821 18450 18500 17090 17290 64305 112590310 7.43 5.99 -8.90 39801 24504 1.62 3.20
20180820 18240 19000 18160 18980 12533 23242589 4.61 1.13 4.17 5330 7203 0.74 0.62
20180817 18740 19000 18130 18220 10539 19493330 4.66 0.92 -2.31 7442 3097 2.40 0.53
20180816 18510 18890 18120 18650 9092 16981316 4.11 0.65 -0.43 4335 4757 0.91 0.45
20180815 19060 19190 18620 18730 13730 25920828 3.00 0.95 -1.47 5702 8028 0.71 0.69
20180814 19370 19400 19010 19010 7776 14865981 2.01 0.43 -1.86 5300 2476 2.14 0.39
20180813 18880 19480 18800 19370 14252 27217394 3.57 0.76 1.57 6533 7719 0.85 0.71
20180810 18860 19150 18730 19070 12720 24157049 2.23 0.65 1.06 7343 5377 1.37 0.64
20180809 18150 19160 18150 18870 21885 41206949 5.52 1.01 3.11 8345 13540 0.62 1.10
20180808 18500 18720 18250 18300 15319 28316826 2.54 0.63 -1.24 9232 6087 1.52 0.77
20180807 18000 18790 17930 18530 27118 50138081 4.80 0.90 3.52 8217 18902 0.43 1.36
20180806 18450 18450 17900 17900 16933 30707626 3.02 0.55 -1.65 10099 6834 1.48 0.85
20180803 18500 18680 18200 18200 16564 30605969 2.60 0.54 -1.30 8566 7998 1.07 0.83
20180802 19300 19300 18040 18440 32279 59584401 6.56 1.14 -3.96 17941 14338 1.25 1.62
20180801 19820 20140 19050 19200 28587 55864053 5.47 1.03 -3.61 17471 11116 1.57 1.43
20180731 21110 21280 19580 19920 55673 112251939 8.01 2.31 -6.13 36377 19296 1.89 2.79
20180730 21550 21770 21220 21220 19559 41860735 2.54 0.59 -1.85 11661 7898 1.48 0.98
20180727 21590 21950 21450 21620 18358 39893834 2.33 0.50 0.93 8028 10330 0.78 0.92
20180726 22250 22250 21410 21420 19831 43073090 3.81 0.48 -2.77 13076 6755 1.94 0.99
20180725 22080 22400 21820 22030 24812 54947122 2.63 0.55 -0.18 13547 11265 1.20 1.24
20180724 21450 22270 21160 22070 37720 82478245 5.17 0.87 2.89 16742 20978 0.80 1.89
20180723 22210 22210 21000 21450 66084 142176165 5.23 1.54 -7.26 40487 25597 1.58 3.32
20180720 22650 23210 22400 23130 36776 84288778 3.58 0.81 2.12 17353 19423 0.89 1.85
20180719 22700 22920 22250 22650 40010 90249473 2.95 0.84 -0.22 24492 15518 1.58 2.01
20180718 23290 23630 22560 22700 43278 99465443 4.60 0.89 -2.32 29436 13842 2.13 2.17
20180717 23220 23300 22850 23240 29847 68909477 1.92 0.56 -0.64 16951 12896 1.31 1.50
20180716 23940 23940 22910 23390 64132 148907793 4.28 1.29 -2.78 46006 18126 2.54 4.44
20180713 23790 24720 23700 24060 49413 119647337 4.27 1.11 0.67 23115 26298 0.88 3.42
20180712 23500 24160 23300 23900 52170 124378552 3.62 1.38 0.59 29003 23167 1.25 3.61
20180711 22900 23780 22400 23760 47454 109833388 5.89 1.42 1.45 23818 23636 1.01 3.29
20180710 22880 23490 22610 23420 54354 125440221 3.85 1.96 2.36 24838 29516 0.84 3.76
20180709 20800 22880 20800 22880 44372 98272446 10.00 1.85 10.00 16815 27556 0.61 3.07
20180706 21000 21760 20510 20800 24322 51467030 5.92 1.03 -1.42 13592 10730 1.27 1.68
20180705 21980 22040 21020 21100 19144 41159111 4.62 0.81 -4.48 12635 6509 1.94 1.33
20180704 22450 22450 21600 22090 25160 55125233 3.82 1.04 -0.85 15270 9890 1.54 1.74
20180703 21960 22280 21210 22280 25392 55715298 4.90 1.13 2.06 13104 12288 1.07 1.76
20180702 21620 22380 21500 21830 25881 56723531 4.07 1.18 1.06 13245 12636 1.05 1.79
20180629 20270 21740 20240 21600 22399 47184239 7.37 0.97 6.14 8498 13902 0.61 1.55
20180628 20450 20780 20110 20470 18979 38819759 3.26 0.80 -0.49 9482 9497 1.00 1.31
20180627 21630 21990 20470 20570 27743 58681479 6.96 1.21 -5.77 18971 8773 2.16 1.92
20180626 21500 22000 21390 21830 17610 38223646 2.79 0.64 -0.05 9443 8167 1.16 1.22
20180625 21860 22050 21530 21840 22486 49105556 2.38 0.78 0.14 12317 10168 1.21 1.56
20180622 20630 21930 20510 21810 28666 61703653 6.82 0.92 4.76 11152 17514 0.64 1.99
20180621 20980 21430 20700 20820 22222 46870224 3.48 0.67 -0.76 11281 10940 1.03 1.54
20180620 20490 21000 20210 20980 24037 49828799 3.85 0.68 2.14 11881 12155 0.98 1.66
20180619 20900 21270 19900 20540 39838 82385011 6.44 1.22 -3.48 29751 10088 2.95 2.76
20180615 21210 21470 20760 21280 29563 62512593 3.34 0.85 0.14 14767 14797 1.00 2.05
20180614 21210 21850 21020 21250 40155 86154683 3.87 1.01 -1.02 17841 22314 0.80 2.78
20180613 21500 21660 20830 21470 33450 70931283 3.84 0.87 -0.60 18181 15269 1.19 2.32
20180612 21410 21830 20900 21600 34510 73843562 4.32 0.90 0.23 18889 15621 1.21 2.39
20180611 21900 21900 21340 21550 25023 54065886 2.58 0.62 -0.60 12045 12978 0.93 1.73
20180608 21570 21890 21360 21680 40693 88061073 2.47 1.02 1.17 16767 23926 0.70 2.82
20180607 23100 23200 21230 21430 65098 141818848 8.64 1.98 -6.05 37472 27627 1.36 4.51
20180606 22590 23100 22500 22810 26082 59620134 2.64 0.72 0.35 14514 11569 1.25 1.81
20180605 22360 22980 22310 22730 34060 77045001 2.98 0.89 1.20 18434 15626 1.18 2.36
20180604 23450 23650 22200 22460 36492 82466640 6.14 1.02 -4.83 24093 12399 1.94 2.53
20180601 24500 24550 22880 23600 36779 86569937 6.78 1.11 -4.22 26118 10661 2.45 2.55
20180531 23280 24640 23110 24640 30726 73587856 6.61 1.03 6.44 11853 18873 0.63 2.13
20180530 24050 24690 22980 23150 42085 100342217 6.98 1.58 -5.51 23882 18203 1.31 2.91
20180529 23950 25580 23830 24500 46180 115034880 7.32 1.91 2.51 19918 26262 0.76 3.20
20180528 24000 24590 23600 23900 23836 57282520 4.07 1.02 -1.65 14688 9148 1.61 1.65
20180525 24900 25110 24200 24300 23479 57553258 3.62 1.00 -3.26 15752 7728 2.04 1.63
20180524 24900 25360 24760 25120 13079 32849661 2.39 0.51 0.04 6842 6236 1.10 0.91
20180523 25500 26010 24850 25110 26479 67411609 4.55 0.94 -1.41 15890 10589 1.50 1.83
20180522 24460 25500 24170 25470 34010 85186734 5.44 1.32 4.09 14481 19529 0.74 2.36
20180521 24570 24680 24160 24470 19858 48528346 2.12 0.64 -0.41 11296 8562 1.32 1.38
20180518 24830 24880 23710 24570 24436 59280465 4.73 0.67 -0.61 13157 11279 1.17 1.69
20180517 25150 25420 24500 24720 23208 57551275 3.61 0.62 -2.87 13828 9380 1.47 1.61
20180516 24820 26090 24500 25450 38792 99569221 6.38 1.11 2.09 18509 20283 0.91 2.69
20180515 24550 25230 24510 24930 22400 55761168 2.89 0.59 0.16 10523 11877 0.89 1.55
20180514 24380 24930 23580 24890 47431 114722940 5.53 1.26 2.01 19891 27539 0.72 3.28
20180511 25880 26300 24360 24400 51507 129155159 7.50 1.44 -5.72 33389 18118 1.84 3.57
20180510 25880 25970 25300 25880 27683 71017734 2.59 0.72 -0.08 13163 14520 0.91 1.92
20180509 25650 25900 25020 25900 25601 65193517 3.45 0.59 1.45 10654 14947 0.71 1.77
20180508 26000 26180 25330 25530 37344 95964502 3.25 0.77 -2.30 21756 15587 1.40 2.59
20180507 25500 26800 25500 26130 46018 120410099 5.13 0.87 3.08 23709 22309 1.06 3.19
20180504 24850 25730 24430 25350 41638 105059099 5.23 0.75 1.89 19709 21929 0.90 2.88
20180503 25000 25290 23880 24880 40325 99221856 5.65 0.77 -0.28 20996 19329 1.09 2.79
20180502 24800 25980 24770 24950 51301 130811023 4.86 1.02 0.20 24398 26903 0.91 3.55
20180427 24350 25000 23650 24900 62311 153312964 5.69 1.38 4.97 24308 38003 0.64 4.31
20180426 23800 24810 23680 23720 67389 163358653 4.73 1.54 -0.75 34088 33301 1.02 4.67
20180425 22150 24190 22120 23900 56862 134113964 9.28 1.39 7.13 23261 33601 0.69 3.94
20180424 21590 22500 21590 22310 24078 53178289 4.22 0.53 3.43 13010 11068 1.18 1.67
20180423 22620 23200 21410 21570 41709 91985417 7.78 0.90 -6.22 24801 16907 1.47 2.89
20180420 23380 23980 22850 23000 35757 83760167 4.79 0.76 -2.46 18418 17340 1.06 3.05
20180419 22350 23850 22260 23580 60408 140511699 7.05 1.48 4.57 19972 40436 0.49 5.15
20180418 21690 22870 20810 22550 42535 93299049 9.59 1.05 4.93 18797 23738 0.79 3.63
20180417 22780 23150 21490 21490 46109 102854134 7.28 0.91 -5.75 26184 19925 1.31 4.18
20180416 21900 22870 21600 22800 45880 102910476 5.71 0.93 2.52 20852 25028 0.83 4.16
20180413 21870 22470 21870 22240 41375 92186007 2.74 0.77 1.69 16237 25138 0.65 3.75
20180412 22390 22390 21560 21870 27608 60354159 3.78 0.47 -0.36 14814 12794 1.16 2.50
20180411 22000 22240 21600 21950 42301 92532893 2.89 0.70 -0.81 23111 19190 1.20 3.83
20180410 21180 22590 21150 22130 96936 210714329 6.95 2.12 6.75 34494 62442 0.55 8.78
20180409 20550 21180 20190 20730 38574 79972505 4.76 0.91 -0.24 18821 19753 0.95 3.49
20180404 20550 22010 20460 20780 63283 134196743 7.52 1.54 0.82 28269 35013 0.81 5.73
20180403 19870 21090 19760 20610 55569 114074835 6.60 1.64 2.28 26335 29234 0.90 5.03
20180402 19850 20500 19750 20150 47550 96062287 3.82 1.74 2.75 22219 25331 0.88 4.31
20180330 19390 19700 19380 19610 24013 46966148 1.65 0.90 1.03 11314 12700 0.89 2.18
20180329 19560 19590 19250 19410 20374 39516522 1.73 0.82 -1.02 11718 8656 1.35 1.85
20180328 18590 19900 18410 19610 58526 114232324 7.95 3.50 4.59 21456 37069 0.58 5.30
20180327 18090 18770 18090 18750 19437 35853900 3.78 1.14 4.17 8105 11331 0.72 1.76
20180326 17350 18030 17220 18000 14087 24955675 4.59 0.88 2.10 6418 7669 0.84 1.28
20180323 18400 18690 17320 17630 21328 38419004 7.31 1.60 -5.87 12567 8760 1.43 1.93
20180322 18730 19050 18580 18730 11271 21159438 2.51 0.86 0.05 6252 5019 1.25 1.02
20180321 19500 19510 18700 18720 17585 33721143 4.19 1.50 -3.26 10545 7040 1.50 1.59
20180320 18800 19530 18670 19350 20784 39970259 4.53 1.99 1.95 9233 11552 0.80 1.88
20180319 18610 19050 18600 18980 9269 17481644 2.41 0.74 1.66 3424 5845 0.59 0.84
20180316 18600 18990 18590 18670 7672 14423073 2.14 0.50 0.11 3507 4166 0.84 0.70
20180315 18660 18980 18400 18650 9861 18463536 3.09 0.61 -0.80 5677 4184 1.36 0.89
20180314 19050 19250 18700 18800 10853 20624363 2.88 0.67 -1.47 6470 4383 1.48 0.98
20180313 19270 19430 19050 19080 14694 28287600 1.97 0.96 -0.99 8456 6238 1.36 1.33
20180312 19200 19500 19010 19270 19220 37051021 2.58 1.44 1.37 9754 9466 1.03 1.74
20180309 18370 19070 18370 19010 21828 41046745 3.79 1.84 2.81 8980 12848 0.70 1.98
20180308 18180 18650 18120 18490 14150 26142482 2.91 1.11 1.65 6135 8015 0.77 1.28
20180307 18220 18450 18180 18190 10601 19409804 1.47 0.82 -0.98 6012 4589 1.31 0.96
20180306 18500 18720 18320 18370 11019 20353539 2.18 0.86 0.16 6111 4908 1.25 1.00
20180305 18230 18480 18070 18340 9073 16539845 2.25 0.68 0.60 4773 4300 1.11 0.82
20180302 18350 18550 18150 18230 14428 26369067 2.18 1.27 -0.76 9337 5091 1.83 1.31
20180301 17750 18460 17750 18370 18870 34378360 3.98 2.18 2.91 7418 11452 0.65 1.71
20180228 17660 18070 17660 17850 11072 19794848 2.29 1.55 -0.34 5791 5281 1.10 1.00
20180227 17900 17950 17700 17910 10923 19445450 1.41 1.64 0.73 5456 5467 1.00 0.99
20180226 17610 17950 17220 17780 11472 20263398 4.19 1.79 1.95 5597 5875 0.95 1.04
20180223 17430 17540 17320 17440 4387 7641387 1.27 0.57 0.35 2112 2275 0.93 0.40
20180222 17210 17650 17210 17380 5356 9301586 2.56 0.69 1.16 3070 2286 1.34 0.49
20180214 17220 17230 17050 17180 3637 6230954 1.04 0.42 -0.29 2517 1120 2.25 0.33
20180213 17270 17440 17110 17230 8514 14713142 1.91 0.93 -0.23 4280 4234 1.01 0.77
20180212 17180 17490 16960 17270 10208 17548020 3.13 1.20 1.95 4461 5747 0.78 0.92
20180209 17180 17440 16800 16940 10912 18583302 3.65 1.29 -3.31 7335 3577 2.05 0.99
20180208 17280 17660 17020 17520 5271 9244371 3.70 0.50 1.39 2031 3241 0.63 0.48
20180207 17360 17640 16900 17280 8390 14435745 4.35 0.75 1.59 4592 3798 1.21 0.76
20180206 17550 17810 17010 17010 11114 19327111 4.48 0.98 -4.71 7240 3874 1.87 1.01
20180205 17880 17920 17600 17850 6778 12006666 1.79 0.56 -0.39 4077 2701 1.51 0.61
20180202 18070 18260 17500 17920 10773 19248540 4.20 0.93 -0.94 6055 4718 1.28 0.98
20180201 18880 19080 17900 18090 15878 29111603 6.26 1.36 -4.08 10642 5236 2.03 1.44
20180131 19360 19570 18690 18860 11214 21351480 4.53 0.88 -2.88 7098 4116 1.72 1.02
20180130 18980 19620 18980 19420 12132 23605443 3.38 0.82 2.53 5117 7015 0.73 1.10
20180129 19260 19290 18940 18940 10278 19642682 1.82 0.53 -1.66 6991 3287 2.13 0.93
20180126 19300 19500 19200 19260 8434 16317628 1.55 0.44 -0.36 4715 3719 1.27 0.76
20180125 19550 19950 19320 19330 16381 32207146 3.22 0.94 -1.13 10078 6303 1.60 1.48
20180124 19520 19690 19200 19550 16286 31772180 2.50 0.99 -0.31 8966 7320 1.22 1.48
20180123 19290 19630 19140 19610 22676 44110343 2.54 1.61 1.66 10213 12463 0.82 2.05
20180122 18470 19460 18460 19290 33896 64682527 5.42 3.26 4.55 14591 19305 0.76 3.07
20180119 18500 18620 18380 18450 6890 12742957 1.30 0.63 0.11 4547 2343 1.94 0.62
20180118 18580 18610 18390 18430 7245 13389499 1.18 0.57 -0.75 4352 2893 1.50 0.66
20180117 18280 18630 18210 18570 11827 21770535 2.30 0.95 1.59 5947 5880 1.01 1.07
20180116 18230 18450 18190 18280 10387 18981735 1.43 0.84 0.22 6352 4035 1.57 0.94
20180115 18830 18830 18230 18240 15611 28773769 3.19 1.33 -3.08 10490 5122 2.05 1.41
20180112 18920 18980 18720 18820 9639 18167859 1.37 0.85 -1.16 6545 3094 2.12 0.87
20180111 19070 19070 18670 19040 16642 31366733 2.10 1.72 0.05 9554 7088 1.35 1.51
20180110 19350 19400 18950 19030 9747 18639115 2.33 0.98 -1.30 5884 3862 1.52 0.88
20180109 19010 19350 18950 19280 10380 19947176 2.10 1.09 1.21 4294 6086 0.71 0.94
20180108 19350 19350 18880 19050 12244 23290058 2.44 1.40 -1.09 7186 5058 1.42 1.11
20180105 19410 19420 19200 19260 7912 15267445 1.13 1.45 -0.82 5125 2787 1.84 0.72
20180104 19360 19430 19210 19420 8130 15721832 1.14 0.86 0.36 5106 3024 1.69 0.74
20180103 19220 19480 19100 19350 11240 21685654 1.98 1.24 0.73 6034 5206 1.16 1.02
20180102 19160 19210 18930 19210 7939 15147737 1.47 0.84 0.73 3968 3971 1.00 0.72
20171229 18900 19150 18850 19070 8619 16362876 1.58 0.92 0.37 5231 3387 1.54 0.78
20171228 18930 19190 18730 19000 12297 23385122 2.43 1.45 0.42 6361 5936 1.07 1.11
20171227 19010 19180 18900 18920 7179 13690549 1.47 0.76 -0.94 4217 2962 1.42 0.65
20171226 18760 19140 18750 19100 9447 17936868 2.06 1.01 1.11 4523 4924 0.92 0.86
20171225 19120 19280 18710 18890 9443 17927718 2.97 0.95 -1.41 5377 4065 1.32 0.86
20171222 19330 19450 19160 19160 8589 16554597 1.50 0.80 -1.08 5586 3003 1.86 0.78
20171221 19210 19540 19200 19370 7769 15031112 1.76 0.70 0.47 4647 3122 1.49 0.70
20171220 19690 19690 19270 19280 12168 23620764 2.14 1.12 -1.93 8250 3917 2.11 1.10
20171219 19550 19830 19550 19660 8712 17177633 1.43 0.74 0.46 4192 4520 0.93 0.79
20171218 20100 20120 19500 19570 12433 24497550 3.09 1.04 -2.35 8495 3938 2.16 1.13
20171215 19820 20130 19750 20040 12749 25452220 1.91 1.07 0.70 6064 6686 0.91 1.15
20171214 19820 19980 19790 19900 9813 19512268 0.96 0.82 0.40 6008 3805 1.58 0.89
20171213 19600 19970 19550 19820 10458 20703927 2.14 0.85 0.97 6021 4438 1.36 0.95
20171212 20150 20180 19510 19630 13539 26929955 3.32 1.16 -2.68 10161 3379 3.01 1.23
20171211 20000 20330 19910 20170 13432 27071234 2.10 1.16 0.80 8600 4832 1.78 1.22
20171208 19730 20140 19730 20010 12204 24426732 2.08 0.96 1.42 6202 6002 1.03 1.11
20171207 19750 20100 19700 19730 10081 20018476 2.02 0.78 -0.60 6353 3728 1.70 0.91
20171206 19200 19900 19180 19850 12419 24207196 3.75 0.91 3.39 6113 6306 0.97 1.13
20171205 19750 19940 19070 19200 10400 20358830 4.41 0.74 -2.78 7047 3353 2.10 0.94
20171204 20130 20130 19730 19750 12574 25037118 1.99 0.78 -1.99 9066 3507 2.59 1.14
20171201 19880 20390 19790 20150 17895 36151155 3.05 1.12 2.28 8851 9044 0.98 1.62
20171130 19840 19960 19580 19700 11033 21801932 1.91 0.62 -0.76 7098 3935 1.80 1.00
20171129 20090 20090 19380 19850 16637 32826297 3.53 0.88 -1.24 10764 5873 1.83 1.51
20171128 19720 20150 19690 20100 12433 24823259 2.33 0.60 1.93 6505 5928 1.10 1.13
20171127 20330 20330 19660 19720 22571 45114902 3.29 1.08 -3.05 14087 8485 1.66 2.04
20171124 20580 20800 20280 20340 16943 34689357 2.52 0.61 -1.26 8767 8176 1.07 1.53
20171123 21050 21350 20600 20600 20200 42353676 3.56 0.67 -2.14 12897 7303 1.77 1.83
20171122 21100 21600 20910 21050 22074 46957411 3.25 0.66 -0.85 11690 10385 1.13 2.00
20171121 21450 21760 21040 21230 22258 47449196 3.36 0.58 -0.89 13211 9047 1.46 2.02
20171120 21160 21550 20620 21420 22976 48605235 4.39 0.56 1.18 11284 11692 0.97 2.08
20171117 22900 22980 21020 21170 50541 110506374 8.55 1.30 -7.68 31596 18945 1.67 4.58
20171116 22760 23130 22360 22930 33465 76049598 3.37 0.88 0.26 17479 15986 1.09 3.03
20171115 23550 23860 22800 22870 38651 90100737 4.48 0.96 -3.26 23961 14691 1.63 3.50
20171114 23360 24180 23240 23640 45395 108238494 4.02 1.06 1.07 22718 22677 1.00 4.11
20171113 23670 23690 23120 23390 37766 88411419 2.40 0.78 -1.47 22949 14817 1.55 3.42
20171110 23680 24170 23580 23740 38570 92245509 2.48 0.76 -0.17 21592 16978 1.27 3.49
20171109 23400 23790 23400 23780 30133 71137013 1.66 0.47 1.23 14937 15195 0.98 2.73
20171108 24090 24110 23440 23490 50321 119656771 2.78 0.73 -2.57 32220 18101 1.78 4.56
20171107 24190 24490 23920 24110 56390 136276677 2.36 0.87 -0.25 31495 24895 1.27 5.11
20171106 23260 24320 23040 24170 65176 155146076 5.51 1.03 4.00 28256 36920 0.77 5.90
20171103 23620 23870 23110 23240 51344 120603682 3.19 0.82 -2.52 31503 19841 1.59 4.65
20171102 23350 24150 23050 23840 95628 225298344 4.69 1.82 1.71 46949 48680 0.96 8.66
20171101 22370 23440 22330 23440 73841 170651041 4.94 1.49 4.27 33442 40399 0.83 6.69
20171031 22220 22550 22020 22480 37459 83755252 2.40 0.66 1.63 19626 17833 1.10 3.39
20171030 22810 23270 21930 22120 59624 134268974 5.83 0.89 -3.83 36292 23332 1.56 5.40
20171027 22820 23490 22750 23000 44827 103656829 3.25 0.47 0.97 22763 22064 1.03 4.06
20171026 23000 23100 22650 22780 47262 107978765 1.94 0.42 -1.73 28998 18264 1.59 4.28
20171025 22950 23440 22600 23180 58040 134034705 3.65 0.56 0.78 27600 30440 0.91 5.26
20171024 23470 23620 22900 23000 73209 169937392 3.04 0.80 -2.91 44421 28788 1.54 6.63
20171023 23000 23690 22510 23690 110823 255365944 5.04 1.43 1.24 59510 51313 1.16 10.04
20171020 23100 24000 22980 23400 190219 447895968 4.48 4.22 2.81 90445 99774 0.91 17.23
20171019 21080 22760 21040 22760 124214 278545248 8.31 4.52 10.00 79646 44567 1.79 11.25
20171018 20840 21100 20620 20690 17817 37183340 2.29 0.44 -1.24 10471 7346 1.43 1.61
20171017 21000 21150 20700 20950 14182 29684169 2.15 0.25 -0.05 7914 6268 1.26 1.28
20171016 21860 21980 20900 20960 40754 86732944 4.92 0.81 -4.60 26602 14152 1.88 3.69
20171013 21880 22200 21880 21970 28235 62194574 1.45 0.61 -0.32 15274 12961 1.18 2.56
20171012 21800 22230 21750 22040 36340 79853354 2.19 0.89 0.69 19661 16679 1.18 3.29
20171011 22780 22790 21750 21890 82640 183102394 4.62 3.15 -2.67 50232 32408 1.55 7.49
20171010 20670 22590 20550 22490 94925 206603623 9.92 10.58 9.33 39257 55668 0.71 8.60
20171009 20660 20870 20520 20570 10031 20650669 1.72 1.12 0.93 5718 4313 1.33 0.91
20170929 20140 20500 20140 20380 8220 16756707 1.79 0.74 1.24 3725 4495 0.83 0.74
20170928 20130 20300 20110 20130 9293 18771549 0.94 0.75 0.05 5187 4106 1.26 0.84
20170927 20090 20310 20040 20120 8765 17670907 1.34 0.66 0.15 4260 4505 0.95 0.79
20170926 20350 20650 20080 20090 8544 17306637 2.80 0.62 -1.47 5323 3221 1.65 0.77
20170925 20380 20670 20300 20390 10070 20670881 1.81 0.73 -0.24 5305 4765 1.11 0.91
20170922 20890 20890 20000 20440 18631 38282698 4.25 1.51 -2.48 11001 7630 1.44 1.69
20170921 21300 21450 20960 20960 15937 33811886 2.30 1.28 -1.50 10961 4976 2.20 1.44
20170920 21080 21390 21080 21280 12787 27189082 1.47 0.98 0.57 5609 7178 0.78 1.16
20170919 21210 21440 21080 21160 11430 24331664 1.70 0.65 -0.19 6861 4569 1.50 1.04
20170918 21180 21200 21040 21200 10532 22251914 0.76 0.51 0.52 4602 5930 0.78 0.95
20170915 21200 21280 21010 21090 11013 23245086 1.28 0.41 -0.38 6381 4632 1.38 1.00
20170914 21300 21470 21080 21170 16435 34950269 1.83 0.56 -0.84 8653 7781 1.11 1.49
20170913 21390 21560 21150 21350 15711 33475370 1.91 0.44 -0.65 8476 7235 1.17 1.42
20170912 21500 21520 21000 21490 34520 73438385 2.41 1.05 -0.51 20366 14154 1.44 3.13
20170911 21520 21820 21350 21600 25803 55463732 2.17 0.78 -0.23 15505 10298 1.51 2.34
20170908 21360 22160 21300 21650 42714 93023704 4.03 1.47 1.36 19618 23095 0.85 3.87
20170907 21800 21930 21340 21360 28795 62132550 2.71 1.10 -1.97 18232 10562 1.73 2.61
20170906 21100 21900 21070 21790 45660 98807572 3.92 2.28 2.88 16671 28989 0.58 4.14
20170905 21360 21420 21030 21180 22048 46639124 1.84 1.15 -0.28 15544 6504 2.39 2.00
20170904 20870 21460 20730 21240 25565 53810755 3.49 1.39 1.53 13349 12216 1.09 2.32
20170901 20600 20980 20510 20920 23605 48967789 2.28 1.33 1.55 9101 14504 0.63 2.14
20170831 20640 20770 20450 20600 13832 28449759 1.55 0.63 -0.19 8735 5097 1.71 1.25
20170830 20580 20810 20510 20640 15071 31144794 1.45 0.71 -0.10 9409 5661 1.66 1.37
20170829 20700 20870 20500 20660 17892 36960362 1.78 0.90 -0.67 9574 8318 1.15 1.62
20170828 20370 20840 20300 20800 21288 44007823 2.65 1.17 2.11 10853 10435 1.04 1.93
20170825 20000 20390 19920 20370 20578 41656212 2.31 1.18 0.30 10411 10168 1.02 1.86
20170824 20040 21180 19820 20310 35791 73539958 6.83 2.48 1.96 16698 19092 0.87 3.24
20170823 20070 20240 19820 19920 10573 21091568 2.10 0.59 -0.55 6444 4129 1.56 0.96
20170822 20180 20400 20020 20030 11549 23295686 1.88 0.62 -0.74 6879 4670 1.47 1.05
20170821 20250 20450 20100 20180 12227 24705857 1.73 0.64 -0.25 7541 4686 1.61 1.11
20170818 20200 20440 20110 20230 16916 34308783 1.62 0.91 -0.39 8974 7942 1.13 1.53
20170817 20000 20430 19910 20310 20769 42157934 2.59 1.20 1.04 10754 10015 1.07 1.88
20170816 19730 20300 19620 20100 27625 55432953 3.44 1.85 1.82 10557 17068 0.62 2.50
20170815 19700 19870 19580 19740 15993 31569891 1.48 1.05 0.66 7213 8780 0.82 1.45
20170814 19140 19690 19050 19610 14903 29068647 3.34 0.88 2.40 5111 9792 0.52 1.35
20170811 19200 19500 19000 19150 13505 26006393 2.59 0.66 -0.98 7747 5759 1.35 1.22
20170810 19600 19730 19200 19340 14836 28839528 2.69 0.69 -1.78 9243 5593 1.65 1.34
20170809 19820 19880 19560 19690 15249 30065728 1.61 0.70 -0.66 9201 6048 1.52 1.38
20170808 19600 19820 19390 19820 17827 35042077 2.19 0.91 0.87 8768 9059 0.97 1.61
20170807 19300 19850 19290 19650 22814 44856178 2.90 1.35 1.71 11125 11689 0.95 2.07
20170804 19260 19440 19050 19320 31891 61279463 2.03 2.32 0.47 22021 9870 2.23 2.89
20170803 18650 19460 18630 19230 19694 37716263 4.42 1.36 2.34 7825 11869 0.66 1.78
20170802 19400 19470 18710 18790 16393 31239772 3.92 1.26 -3.09 11352 5040 2.25 1.48
20170801 19390 19500 19170 19390 6867 13258508 1.70 0.48 0.00 3922 2945 1.33 0.62
20170731 19500 19570 19250 19390 9599 18632644 1.65 0.67 0.05 6125 3474 1.76 0.87
20170728 19570 19680 19330 19380 16040 31258033 1.79 1.23 -1.12 10705 5335 2.01 1.45
20170727 18950 19780 18870 19600 23747 46130139 4.81 2.26 3.59 11463 12284 0.93 2.15
20170726 18940 19090 18710 18920 8911 16870629 2.01 0.83 0.00 5138 3774 1.36 0.81
20170725 18810 19160 18620 18920 13542 25612381 2.86 1.23 0.32 7512 6030 1.25 1.23
20170724 18670 18990 18530 18860 9436 17710377 2.47 0.67 1.45 5606 3830 1.46 0.85
20170721 18770 19000 18560 18590 9445 17724649 2.34 0.68 -1.01 6055 3390 1.79 0.86
20170720 18900 19190 18720 18780 11262 21362969 2.49 0.85 -0.63 5892 5370 1.10 1.02
20170719 18310 18920 18310 18900 10012 18775723 3.24 0.68 0.37 5354 4658 1.15 0.91
20170718 18900 18940 18190 18830 14678 27392057 3.97 1.00 -0.42 7212 7467 0.97 1.33
20170717 20370 20370 18880 18910 24905 48256862 7.34 2.05 -6.80 15665 9240 1.70 2.26
20170714 20790 20790 20290 20290 8156 16686878 2.41 0.65 -2.03 4869 3287 1.48 0.74
20170713 20530 20750 20300 20710 8361 17202967 2.19 0.64 0.83 3936 4425 0.89 0.76
20170712 20900 21000 20000 20540 17606 35921775 4.77 1.45 -1.96 12152 5454 2.23 1.59
20170711 21150 21330 20900 20950 14341 30268140 2.04 1.22 -0.71 9026 5315 1.70 1.30
20170710 21600 21600 21070 21100 12211 25987308 2.47 1.03 -1.63 7608 4603 1.65 1.11
20170707 21550 21590 21290 21450 9805 21007114 1.39 0.82 -0.33 6103 3702 1.65 0.89
20170706 21730 21730 21260 21520 11324 24384336 2.16 0.95 -0.97 7543 3781 2.00 1.03
20170705 21510 21730 21450 21730 13182 28441976 1.30 1.13 0.93 7944 5238 1.52 1.19
20170704 21800 21800 21400 21530 12165 26228732 1.84 0.98 -0.92 8551 3614 2.37 1.10
20170703 21440 21820 21420 21730 12913 27912068 1.86 1.09 1.07 7126 5787 1.23 1.17
20170630 21410 21730 21230 21500 9901 21277421 2.34 0.74 0.42 5585 4315 1.29 0.90
20170629 21660 21740 21290 21410 11697 25073144 2.09 0.71 -0.70 7909 3788 2.09 1.06
20170628 21450 21740 21400 21560 11592 25010787 1.58 0.50 0.37 7022 4570 1.54 1.05
20170627 21080 21900 21080 21480 15978 34428040 3.85 0.72 0.89 8593 7385 1.16 1.45
20170626 21270 21450 21020 21290 10295 21870691 2.04 0.47 1.19 4788 5507 0.87 0.93
20170623 21490 21490 20810 21040 17281 36473852 3.18 0.83 -1.64 10848 6433 1.69 1.57
20170622 22020 22290 21360 21390 27653 60063380 4.22 1.38 -3.04 19225 8428 2.28 2.50
20170621 20940 22980 20910 22060 44232 97769969 9.88 3.20 5.25 19828 24404 0.81 4.01
20170620 21370 21440 20910 20960 12117 25715036 2.50 0.90 -1.23 7322 4795 1.53 1.10
20170619 21270 21350 21150 21280 7645 16252624 0.94 0.48 0.09 4282 3362 1.27 0.69
20170616 21350 21420 21150 21260 12228 25996225 1.26 0.78 -0.42 7293 4934 1.48 1.11
20170615 20890 21720 20760 21350 24118 51408230 4.60 1.83 2.20 10999 13119 0.84 2.18
20170614 20560 20900 20410 20890 12960 26759582 2.38 0.94 1.65 5552 7408 0.75 1.17
20170613 20290 20650 20140 20550 10079 20606886 2.53 0.76 1.99 3760 6319 0.60 0.91
20170612 20700 21010 20100 20150 20438 42070402 4.30 1.78 -4.73 14657 5782 2.54 1.85
20170609 21150 21150 20860 21150 10989 23096531 1.38 0.87 0.76 4842 6147 0.79 1.00
20170608 21180 21180 20930 20990 11557 24314969 1.19 0.95 -0.47 6287 5271 1.19 1.05
20170607 20540 21180 20430 21090 16126 33730537 3.66 1.46 2.83 7206 8920 0.81 1.46
20170606 20450 20550 20240 20510 7546 15409322 1.52 0.67 0.64 3892 3654 1.07 0.68
20170605 20060 20560 20050 20380 11279 22929275 2.54 0.91 1.44 5260 6019 0.87 1.02
20170602 19800 20270 19450 20090 16903 33477001 4.14 1.43 1.46 7060 9843 0.72 1.53
20170601 20620 20850 19800 19800 8918 18115777 5.07 0.59 -4.49 5313 3605 1.47 0.81
20170531 21100 21300 20650 20730 10511 21893677 3.14 0.67 0.29 6498 4013 1.62 0.95
20170526 20760 20880 20520 20670 8684 17992292 1.73 0.54 -0.67 4848 3836 1.26 0.79
20170525 20930 20950 20200 20810 17109 35186954 3.61 1.13 0.10 9424 7685 1.23 1.55
20170524 20590 20940 20050 20790 14077 28835940 4.31 0.94 0.73 7716 6361 1.21 1.28
20170523 22350 22350 20560 20640 25229 53780360 8.04 1.92 -7.32 16470 8759 1.88 2.29
20170522 23260 23350 22080 22270 13788 31433688 5.47 1.17 -4.13 9620 4167 2.31 1.25
20170519 22910 23280 22740 23230 10784 24759155 2.34 0.90 0.78 5942 4842 1.23 0.98
20170518 23220 23410 22860 23050 11665 26983600 2.37 0.92 -0.73 7688 3977 1.93 1.06
20170517 23150 23470 23050 23220 13302 30924824 1.81 1.07 0.26 8266 5035 1.64 1.20
20170516 22510 23160 22440 23160 16138 36899798 3.19 1.38 2.52 7159 8980 0.80 1.46
20170515 22620 22830 22370 22590 7180 16197622 2.03 0.59 -0.09 4354 2826 1.54 0.65
20170512 22900 23060 22410 22610 11701 26494862 2.83 0.97 -1.61 6574 5127 1.28 1.06
20170511 22880 23200 22340 22980 15000 34191023 3.70 1.27 -1.08 9315 5685 1.64 1.36
20170510 23780 23960 23210 23230 12031 28376341 3.16 1.06 -2.27 8866 3165 2.80 1.09
20170509 23350 23880 23200 23770 12566 29617124 2.91 1.15 1.76 6493 6073 1.07 1.14
20170508 23300 23580 23050 23360 9451 22089975 2.26 0.81 -0.38 5149 4301 1.20 0.86
20170505 23500 23720 23300 23450 11260 26421615 1.78 0.78 -0.42 6818 4442 1.53 1.02
20170504 23700 23870 23440 23550 13592 32134979 1.81 0.88 -0.72 6435 7157 0.90 1.23
20170503 23860 24100 23650 23720 10110 24043032 1.87 0.65 -1.58 6563 3546 1.85 0.92
20170502 23950 24190 23900 24100 10024 24132016 1.21 0.62 0.71 4795 5229 0.92 0.91
20170428 24140 24320 23870 23930 13680 32872586 1.86 0.86 -0.91 8713 4967 1.75 1.24
20170427 23910 24350 23230 24150 24679 58657854 4.62 1.93 -0.29 12228 12451 0.98 2.24
20170426 25090 25090 24180 24220 19032 46643385 3.64 1.57 -3.12 11971 7060 1.70 1.72
20170425 24550 25300 24550 25000 10607 26514380 2.99 0.81 -0.36 5924 4683 1.27 0.96
20170424 25040 25200 24260 25090 12268 30445001 3.77 0.88 0.52 5783 6485 0.89 1.11
20170421 24750 25150 24680 24960 12505 31227718 1.90 0.89 0.93 6059 6446 0.94 1.13
20170420 24590 24890 24490 24730 9413 23206250 1.63 0.59 0.57 3881 5532 0.70 0.85
20170419 24840 24840 24100 24590 15814 38693902 3.00 1.05 -0.36 7374 8439 0.87 1.43
20170418 25350 25580 24680 24680 15283 38310942 3.56 0.98 -2.49 9625 5658 1.70 1.38
20170417 25970 25970 25250 25310 16507 42159836 2.78 1.03 -2.28 11248 5259 2.14 1.50
20170414 26160 26240 25720 25900 13619 35407031 1.98 0.85 -1.33 7897 5722 1.38 1.23
20170413 25810 26350 25800 26250 18712 48935812 2.13 1.22 1.55 5936 12776 0.46 1.70
20170412 25950 26180 25780 25850 11079 28775464 1.54 0.69 -0.31 6335 4744 1.34 1.00
20170411 25750 25980 25390 25930 18398 47565849 2.29 1.29 0.82 7168 11231 0.64 1.67
20170410 26280 26380 25650 25720 18058 47026869 2.79 1.27 -1.87 11154 6904 1.62 1.64
20170407 26390 26500 26130 26210 14287 37554555 1.40 0.81 -0.68 8124 6163 1.32 1.29
20170406 26580 26740 26350 26390 14794 39253869 1.47 0.84 -0.71 8579 6216 1.38 1.34
20170405 26220 26610 26100 26580 14817 39144993 1.94 0.87 1.33 8090 6726 1.20 1.34
20170331 26100 26350 26000 26230 9408 24613641 1.35 0.53 0.85 4805 4603 1.04 0.85
20170330 26600 26600 25920 26010 17867 46662442 2.56 0.91 -2.22 11519 6348 1.81 1.62
20170329 27600 27600 26530 26600 31652 85094029 3.89 1.69 -3.27 22855 8797 2.60 2.87
20170328 27740 27850 27450 27500 14356 39663110 1.44 0.71 -1.15 9780 4575 2.14 1.30
20170327 28180 28340 27800 27820 11512 32173214 1.92 0.53 -1.28 8131 3381 2.41 1.04
20170324 27890 28180 27710 28180 13047 36508422 1.69 0.53 1.33 5842 7205 0.81 1.18
20170323 27910 28200 27320 27810 27186 75559520 3.14 1.02 -0.93 17515 9672 1.81 2.46
20170322 28110 28330 27800 28070 27588 77207886 1.87 1.03 -1.09 19978 7610 2.63 2.50
20170321 28440 28790 28190 28380 21708 61620896 2.12 0.78 0.18 21558 151 143.24 1.97
20170320 28380 28560 28010 28330 18595 52590502 1.93 0.69 -0.49 10629 7967 1.33 1.68
20170317 29090 29260 28380 28470 28776 83015450 3.01 1.23 -2.50 18959 9817 1.93 2.61
20170316 28320 29810 28180 29200 36511 105419706 5.75 2.03 2.96 18641 17870 1.04 3.31
20170315 28200 28550 27870 28360 28468 80506310 2.42 1.79 1.03 12528 15940 0.79 2.58
20170314 27680 28420 27600 28070 26411 74376650 2.96 1.92 1.34 11711 14700 0.80 2.39
20170313 27400 27700 26820 27700 15292 41702407 3.19 1.08 0.44 7008 8285 0.85 1.39
20170310 27840 27880 27560 27580 10586 29321874 1.15 0.71 -0.90 6524 4061 1.61 0.96
20170309 27720 27970 27600 27830 9121 25349580 1.33 0.60 0.32 5069 4052 1.25 0.83
20170308 28100 28320 27680 27740 17960 50136536 2.28 1.25 -1.28 12232 5727 2.14 1.63
20170307 28200 28380 27780 28100 15771 44218799 2.13 1.14 -0.21 10248 5524 1.86 1.43
20170306 27940 28170 27720 28160 17224 48271207 1.62 1.31 1.19 7675 9549 0.80 1.56
20170303 27310 28120 27310 27830 14627 40573103 2.94 1.07 1.05 6666 7961 0.84 1.32
20170302 27740 27830 27500 27540 10867 30034765 1.20 0.57 -0.18 6224 4642 1.34 0.98
20170301 27700 27760 27520 27590 13591 37557383 0.87 0.67 -0.33 8667 4924 1.76 1.23
20170228 27780 27850 27390 27680 13090 36085788 1.66 0.54 0.07 8227 4863 1.69 1.19
20170227 27800 27990 27620 27660 13470 37392654 1.33 0.48 -0.75 9341 4129 2.26 1.22
20170224 27800 27970 27570 27870 17276 48018756 1.43 0.61 -0.04 9768 7508 1.30 1.56
20170223 27100 28350 27000 27880 37559 104007414 4.99 1.62 2.95 16104 21455 0.75 3.40
20170222 26780 27100 26600 27080 20655 55550204 1.86 0.98 0.74 10833 9822 1.10 1.87
20170221 26350 27190 26350 26880 32506 87196879 3.17 2.01 1.55 19884 12622 1.58 2.94
20170220 26670 26830 26000 26470 31227 82020924 3.11 - -0.97 22703 8524 2.66 2.83
20170217 27310 27600 26700 26730 19025 51459421 3.28 1.83 -2.52 14664 4360 3.36 1.72
20170216 27700 27920 27270 27420 12493 34318108 2.35 1.05 -1.05 8302 4191 1.98 1.13
20170215 27850 28290 27600 27710 10514 29450036 2.47 0.63 -0.68 6049 4465 1.35 0.95
20170214 27940 28100 27750 27900 7665 21370401 1.25 0.41 -0.14 5337 2328 2.29 0.69
20170213 28090 28200 27760 27940 10875 30401615 1.57 0.58 -0.53 6494 4380 1.48 0.99
20170210 28450 28450 28070 28090 10505 29620774 1.34 0.57 -1.13 8126 2379 3.41 0.95
20170209 28400 28690 28070 28410 19881 56376291 2.17 1.25 -0.39 11747 8134 1.44 1.80
20170208 27340 28600 27270 28520 34470 97134661 4.83 3.24 3.67 13161 21309 0.62 3.12
20170207 26910 27510 26730 27510 17577 47613854 2.89 2.01 2.04 9329 8249 1.13 1.59
20170206 26580 27120 26500 26960 11563 30990677 2.34 1.30 1.85 5606 5957 0.94 1.05
20170203 26890 26890 26250 26470 8098 21471572 2.39 0.85 -1.19 5129 2968 1.73 0.73
20170126 26450 26800 26330 26790 8051 21395541 1.78 0.88 1.29 4847 3205 1.51 0.73
20170125 26270 26550 26050 26450 7863 20713385 1.91 0.86 0.92 3905 3958 0.99 0.71
20170124 26480 26490 26030 26210 8080 21217297 1.74 0.79 -0.83 5794 2286 2.53 0.73
20170123 26210 26690 26200 26430 12337 32678545 1.87 0.96 0.95 6693 5644 1.19 1.12
20170120 25960 26450 25540 26180 11060 28974482 3.52 0.85 1.36 6417 4643 1.38 1.00
20170119 25980 26100 25520 25830 6156 15946602 2.25 0.46 0.08 3481 2674 1.30 0.56
20170118 26180 26350 25800 25810 8148 21200298 2.08 0.62 -2.57 5511 2637 2.09 0.74
20170117 26270 26740 25220 26490 13717 35689261 5.79 1.13 0.84 7585 6132 1.24 1.24
20170116 27800 27800 25150 26270 25342 66217529 9.48 2.43 -5.98 13896 11446 1.21 2.30
20170113 29230 29230 27700 27940 11365 32197831 5.29 1.09 -3.36 7530 3834 1.96 1.03
20170112 28990 29250 28840 28910 8382 24369072 1.42 0.81 0.14 4256 4125 1.03 0.76
20170111 29510 29810 28870 28870 7275 21422053 3.19 0.65 -2.17 4611 2664 1.73 0.66
20170110 29540 29800 29300 29510 8196 24226591 1.69 0.69 0.03 4333 3864 1.12 0.74
20170109 29310 29770 28580 29500 16833 48976444 4.06 1.58 0.65 7705 9128 0.84 1.52
20170106 30090 30300 29310 29310 11666 34562881 3.28 1.21 -2.88 7923 3742 2.12 1.06
20170105 30350 30360 30050 30180 7629 23017317 1.02 0.74 -0.40 4662 2966 1.57 0.69
20170104 30120 30490 29880 30300 12058 36465737 2.03 1.25 0.73 5851 6207 0.94 1.09
20170103 30190 30330 29860 30080 11330 34072183 1.56 1.13 -0.36 6359 4971 1.28 1.03
20161230 29900 30240 29750 30190 10500 31509814 1.64 1.05 1.27 4229 6271 0.67 0.95
20161229 29800 30000 29590 29810 6590 19652448 1.37 0.59 -0.27 4317 2274 1.90 0.60
20161228 29390 30150 29390 29890 11271 33693169 2.59 1.08 1.70 4035 7236 0.56 1.02
20161227 29820 29890 29390 29390 8654 25645961 1.68 0.87 -1.18 4926 3727 1.32 0.78
20161226 29340 29780 28790 29740 12973 37974832 3.38 1.52 1.40 6347 6626 0.96 1.18
20161223 29880 29940 29230 29330 10672.98 31455376.650
20161222 30230 30250 29810 29880 12028.51 36112036.470
20161221 30020 30270 30010 30210 7704.99 23219160.640
20161220 29860 30200 29620 30050 6233.70 18683243.250
20161219 30290 30300 29850 29910 6047.97 18138471.660
20161216 29600 30390 29520 30300 8313.11 24945958.360
20161215 29320 30180 29280 29640 9148.49 27186483.820
20161214 29900 29980 29210 29310 12129.33 35756918.790
20161213 29920 30200 29650 29930 11211.78 33525182.710
20161212 32040 32210 29800 29930 21661.62 67097589.050
20161209 32540 32800 32000 32080 18148.31 58565882.930
20161208 33080 33400 32710 32720 10612.75 34901702.580
20161207 32890 33180 32710 33040 8629.01 28408960.130
20161206 33050 33200 32500 32840 8945.90 29386795.700
20161205 32680 33280 32680 33030 9602.11 31724879.720
20161202 34150 34260 33000 33000 20437.65 68376955.830
20161201 33700 34140 33560 34090 21437.13 72506429.330
20161130 34160 34470 33790 33930 16065.28 54757574.020
20161129 35300 35420 34020 34160 27697.03 96074342.810
20161128 35700 36300 35190 35410 35322.91 126259310.210
20161125 35320 35330 34350 35090 26159.12 91067716.010
20161124 34800 35950 34650 35310 40759.09 144171883.360
20161123 35080 35550 34430 34590 25936.99 90926889.240
20161122 34220 35150 34220 35000 26904.45 93264913.270
20161121 34200 34700 34000 34440 20671.46 71097907.890
20161118 34330 34700 34150 34190 16665.02 57276455.070
20161117 34970 34970 34300 34460 16537.29 57111194.760
20161116 34930 35460 34750 34960 16204.82 56923700.960
20161115 34670 35180 34530 34910 22576.22 78779808.270
20161114 34880 35560 34560 34610 25873.37 90587912.230
20161111 35390 35580 34880 35000 26524.63 93079029.820
20161110 34800 35400 34660 35400 36699.00 128964483.830
20161109 34610 34980 34180 34530 19378.17 66997425.330
20161108 35100 35150 34500 34790 20337.74 70601766.710
20161107 35650 35680 34890 35000 33145.12 116823945.400
20161104 34590 35630 34400 35400 45687.44 160292124.530
20161103 34080 35200 34080 34620 28575.11 99349026.170
20161102 34350 34950 34200 34310 27019.24 93108434.800
20161101 33500 35280 33500 34670 54774.76 190206221.820
20161031 32700 33480 32400 33370 15632.42 51843469.820
20161028 32790 33280 32610 32750 10141.63 33340150.780
20161027 33260 33340 32850 32950 10576.93 34868806.540
20161026 33490 33790 33200 33260 15698.61 52562846.570
20161025 33300 33400 33130 33280 10024.05 33360127.160
20161024 33050 33500 33000 33300 11405.98 38045266.360
20161021 33390 33600 32800 33270 15455.43 51344850.800
20161020 33390 33500 33100 33290 13864.17 46256519.140
20161019 33400 33400 32890 33180 13310.00 44114859.000
20161018 32690 33050 32100 33040 17992.61 58712786.390
20161017 32870 33000 32450 32510 14858.83 48615609.030
20161014 33200 33200 32680 32880 13364.93 43899256.110
20161013 33590 33670 33170 33250 8243.29 27437163.750
20161012 33090 33510 32900 33440 19685.93 65665305.940
20161011 33160 33430 32900 33120 13790.52 45684534.140
20161010 32470 33240 32470 33190 15127.88 49953777.720
20160930 32060 32480 31880 32400 11052.04 35601709.880
20160929 32040 32360 32000 32080 8910.39 28644534.300
20160928 32280 32280 31620 31930 9935.20 31684548.520
20160927 32000 32390 31220 32240 21144.05 67136583.760
20160926 32490 32900 32280 32280 20234.31 66091934.110
20160923 32150 32480 32150 32240 12583.56 40709432.110
20160922 32650 32650 32200 32200 13363.91 43288176.310
20160921 32350 32700 32310 32340 12462.03 40579122.670
20160920 32590 32820 32130 32280 9609.93 31016128.810
20160919 32500 32940 32380 32590 18474.24 60426309.320
20160914 32490 32510 32000 32200 9607.23 30942750.610
20160913 32420 32710 32200 32490 10462.36 33860300.450
20160912 32800 33280 32300 32310 18284.52 59771075.000
20160909 32910 33440 32860 33100 14299.00 47463410.440
20160908 33100 33460 32750 33050 19897.86 65690180.560
20160907 33900 33950 33110 33250 16632.49 55968139.290
20160906 33800 33870 32690 33870 25406.61 84254962.570
20160905 33800 34250 33690 33710 10116.72 34358135.920
20160902 33850 34270 33610 33700 20406.86 69200442.110
20160901 34950 35240 34180 34200 13882.47 48420149.770
20160831 34650 35130 34600 34940 12754.55 44416578.200
20160830 34900 35350 34650 34800 14964.92 52379544.830
20160829 34610 34990 34400 34890 18928.01 65836601.690
20160826 34790 35220 34400 34500 17263.20 60035397.650
20160825 34100 34660 33500 34640 16507.17 56338264.080
20160824 34540 34900 34110 34170 11733.06 40514075.660
20160823 33530 34470 33520 34380 15997.96 54697944.030
20160822 35410 35590 33560 33640 26293.80 90007395.300
20160819 34700 35370 34500 35120 17788.81 62348770.090
20160818 35340 35690 34200 34730 27330.33 95329501.300
20160817 36090 36100 34860 35160 31035.01 109738393.330
20160816 36650 36650 35770 35950 23938.10 86393008.020
20160815 34800 36580 34260 36200 45432.64 162213262.090
20160812 34420 34800 34010 34590 17625.23 60682312.260
20160811 34540 35050 34010 34590 25352.22 87690140.510
20160810 34290 35280 34150 34710 38156.36 132866514.160
20160809 33670 34160 33450 34160 19435.04 65665545.040
20160808 32680 33700 32680 33670 19442.98 64976091.870
20160805 33660 33740 32810 32880 17226.29 57447167.030
20160804 33110 33710 32630 33630 21688.60 71819348.140
20160803 33410 33900 33150 33490 26239.27 87986014.170
20160802 32000 33950 32000 33460 44751.17 147498389.450
20160801 32080 32270 30850 31900 29860.69 93494203.460
20160729 32700 32760 31910 32080 15773.46 51024753.930
20160728 32330 33100 31700 32650 33462.37 108480282.310
20160727 35370 35370 31560 32450 52079.42 173081323.230
20160726 34210 34980 34200 34950 15782.11 54931851.190
20160725 34650 34910 34210 34390 19853.59 68417544.850
20160722 35160 35430 34810 34880 18111.44 63463143.250
20160721 35350 36200 35160 35200 31112.77 110655586.690
20160720 35190 35700 34910 35230 25267.32 89354895.160
20160719 35050 35290 34360 35280 23718.49 82635177.110
20160718 35850 35850 34950 35050 21012.11 74232096.550
20160715 35570 36080 35100 35500 21005.29 74880105.220
20160714 35560 35960 35120 35430 21829.05 77308707.330
20160713 35660 36550 35050 35840 40061.63 143081834.840
20160712 35000 35450 34010 35380 41553.80 144642505.170
20160711 36100 36120 34370 34480 73160.61 257148705.350
20160708 36650 36900 36200 36230 30121.48 109838856.950
20160707 36480 38080 36370 36630 51601.85 191869314.200
20160706 36940 37250 36190 36370 39384.76 144085713.390
20160705 37240 37890 36510 36880 47166.47 174212496.450
20160704 35590 38390 35400 37540 75285.23 279902114.820
20160701 35990 36300 34790 35980 62115.01 220629262.880
20160630 35950 36490 35200 35980 56612.24 202904593.470
20160629 36750 37840 35700 36180 88392.44 322185775.690
20160628 34200 37480 33880 36490 130577.99 469873216.300
20160627 32920 35280 32800 34440 132869.86 453671129.200
20160624 31500 33780 31010 33350 184884.38 605205924.710
20160623 32160 32600 31090 31600 77038.41 244697088.510
20160622 29510 32180 29450 32160 87491.77 271944801.500
20160621 31100 31470 29500 29740 60376.83 184453141.600
20160620 31160 31400 30200 31120 61636.74 189729176.480
20160617 29700 31410 29700 30990 77149.13 238422054.670
20160616 29120 30400 29120 29710 55811.00 167090543.890
20160615 28090 29700 27900 29600 65197.98 190557160.980
20160614 28180 28900 28170 28460 39933.18 113739064.170
20160613 30850 30850 28800 28810 85311.45 254040382.120
20160608 31180 32110 30800 31340 70922.68 222419646.760
20160607 30910 31580 30780 31140 56514.18 175786929.640
20160606 30800 32580 30500 31190 104580.70 329656894.420
20160603 28960 31100 28700 30400 92480.20 277765437.600
20160602 28570 29270 28560 29030 37896.79 109472500.770
20160601 29000 29530 28500 28570 56254.46 163171033.490
20160531 26940 28570 26860 28540 61308.63 171389343.460
20160530 26590 27230 26350 26940 20614.25 55499406.880
20160527 27300 27300 26000 26950 24285.32 65227956.330
20160526 27000 27270 26220 27100 28972.03 77282444.690
20160525 27450 27590 27000 27180 22824.27 62325304.760
20160524 27410 27700 26900 27080 24681.77 66994564.920
20160523 27400 28060 27300 27600 31765.62 88000540.130
20160520 26650 27320 26310 27260 26762.04 72378260.710
20160519 26340 27180 26340 26850 33282.05 89514406.160
20160518 27500 27500 26030 26320 37957.75 101323446.510
20160517 27600 28300 27050 27780 39473.01 109055516.000
20160516 26900 27580 26650 27540 27913.41 75835107.710
20160513 27160 27790 26880 27080 35090.00 95760000
20160512 29000 29120 27050 27480 87489.00 242490000
20160511 29370 30860 29320 30060 98212.00 296220000
20160510 29630 29800 28820 29270 46265.00 135210000
20160509 29400 30370 29220 29750 88307.00 263410000
20160506 30200 30210 28800 29700 84120.00 249110000
20160505 30690 30790 29700 30380 106738.00 321500000
20160504 28100 30840 28100 30840 81843.00 249710000
20160503 27000 28470 26990 28040 34690.00 96700000
20160429 26410 27280 26410 27000 22839.00 61350000
20160428 26720 26920 26160 26780 21336.00 56620000
20160427 27370 27460 26810 26930 19338.00 52500000
20160426 26540 27280 26410 27280 25085.00 67730000
20160425 26450 26730 26060 26560 18906.00 49790000
20160422 26380 26780 26010 26780 20080.00 53180000
20160421 26990 27290 26400 26430 32424.00 87100000
20160420 29450 29760 26510 27100 52161.00 145930000
20160419 29380 29850 29070 29370 24828.00 72880000
20160418 29950 30000 29000 29320 31869.00 93270000
20160415 30640 30950 29900 30190 42211.00 128190000
20160414 30040 30880 29790 30650 52815.00 159850000
20160413 29980 30500 29750 29780 55879.00 168380000
20160412 30010 30280 28950 29490 50166.00 148360000
20160411 28730 30560 28720 30270 72781.00 216860000
20160408 28200 28440 27900 28400 28428.00 80030000
20160407 29630 29680 28460 28460 40990.00 118640000
20160406 29900 30080 29150 29370 50046.00 148070000
20160405 29280 29900 28660 29820 62280.00 183100000
20160401 28540 29530 28300 29280 62461.00 180630000
20160331 28080 28990 28080 28540 47256.00 135190000
20160330 27120 28190 27120 28160 31900.00 87990000
20160329 27340 27650 26680 26830 28640.00 77500000
20160328 28220 28780 27500 27650 35426.00 100060000
20160325 28010 28280 27300 28150 35619.00 99130000
20160324 28680 29280 27880 28020 49948.00 143020000
20160323 28300 29260 28050 29240 50742.00 145390000
20160322 28500 28500 27910 28330 37501.00 106170000
20160321 28000 28680 28000 28610 57981.00 164580000
20160318 26100 27950 26050 27620 62377.00 168880000
20160317 25000 26160 24940 26000 41437.00 106630000
20160316 25420 25980 24880 24920 25041.00 63360000
20160315 25750 25780 25260 25400 24300.00 61980000
20160314 25150 26270 25150 25750 36645.00 94480000
20160311 24060 24930 23710 24630 21704.00 53220000
20160310 25030 25600 24030 24290 23066.00 57000000
20160309 24800 25600 24330 24920 25380.00 63580000
20160308 24500 25300 23700 25200 28172.00 69070000
20160307 24370 25460 24370 24900 28062.00 70300000
20160304 25510 25740 24000 24380 32394.00 80500000
20160303 26100 26780 25660 25850 35112.00 91770000
20160302 25200 25980 24550 25940 42036.00 107050000
20160301 24480 25440 23530 24910 28670.00 70320000
20160229 26990 27000 24220 24250 37958.00 94030000
20160226 27500 27990 26120 26910 31499.00 85130000
20160225 30330 30340 27450 27450 39395.00 113080000
20160224 31000 31090 29700 30500 41482.00 125930000
20160223 30600 31500 30120 31100 50450.00 155140000
20160222 30630 30730 30140 30570 37494.00 114090000
20160219 30090 30400 29530 30140 36037.00 108170000
20160218 30900 31170 30100 30200 42587.00 129880000
20160217 30640 31000 30010 30800 35307.00 107900000
20160216 29700 31270 29630 30670 40116.00 122010000
20160215 28500 29900 28000 29200 29741.00 85930000
20160205 30300 30980 29420 29480 40123.00 121270000
20160204 27530 30180 27530 30180 50476.00 144860000
20160203 27090 27600 26750 27440 21394.00 58060000
20160202 26410 27660 26410 27530 29697.00 81150000
20160201 26780 27450 26130 26420 23013.00 61420000
20160129 26010 27330 25650 26940 29209.00 77680000
20160128 26350 26980 25580 25690 25481.00 67200000
20160127 26960 27450 25100 26980 36546.00 95890000
20160126 29300 29790 26950 26980 35470.00 100890000
20160125 29810 30400 29330 29900 23933.00 71490000
20160122 28900 29330 28240 29250 26359.00 76080000
20160121 30000 31000 28400 28400 36527.00 109680000
20160120 30550 31800 30000 30250 45187.00 139550000
20160119 29290 31000 29150 30800 45784.00 137760000
20160118 27740 30200 27740 29620 38372.00 112950000
20160115 29270 30180 28610 28970 51253.00 150480000
20160114 26000 29280 25610 28970 45489.00 126170000
20160113 28990 29390 27010 27010 30469.00 87200000
20160112 28590 29450 27810 28940 35879.00 103220000
20160111 31010 31490 28580 28580 43927.00 130430000
20160108 31930 33930 29890 31760 47260.00 150940000
20160107 34500 34610 31930 31930 11237.00 37290000
20160106 34860 35540 33980 35480 46456.00 162110000
20160105 34300 35630 33000 34790 46339.00 159320000
20160104 40150 40500 36020 36030 34015.00 129560000
20151231 40700 40880 40010 40020 22383.00 90430000
20151230 40700 40900 40140 40640 38280.00 155020000
20151229 40670 40670 39390 40410 34924.00 139590000
20151228 42410 42890 40500 40500 54552.00 227360000
20151225 41880 42650 41720 42250 27933.00 117710000
20151224 42600 43000 41100 41900 45985.00 192130000
20151223 43280 43970 42650 42730 51657.00 223750000
20151222 43150 44000 42400 42960 45574.00 196000000
20151221 42980 44500 42320 43190 78569.00 339710000
20151218 42200 43100 41630 42260 58265.00 246800000
20151217 41010 42320 41010 42090 50796.00 213040000
20151216 40420 41660 40220 41000 46697.00 191910000
20151215 40420 40960 40000 40220 33630.00 136100000
20151214 39800 40680 38820 40080 59188.00 233890000
20151211 41600 41600 40200 40680 34786.00 141250000
20151210 41960 42300 41300 41680 37693.00 157650000
20151209 41790 42640 41110 41610 62247.00 260030000
20151208 41800 43070 41030 42460 87588.00 367910000
20151207 41200 41600 40250 41110 41723.00 171070000
20151204 41100 42600 40400 41030 57119.00 237160000
20151203 40400 41500 40150 41090 44990.00 183620000
20151202 41980 42490 38860 40010 83691.00 335690000
20151201 42200 43800 42100 42850 81333.00 349960000
20151130 42350 43360 39700 42150 95589.00 396220000
20151127 47030 47500 43160 43200 116092.00 523040000
20151126 47860 50280 47860 47960 81728.00 400300000
20151125 47700 48980 47200 48000 73270.00 353330000
20151124 46200 48130 46000 47840 70622.00 333820000
20151123 49000 49000 46370 46520 77246.00 368820000
20151120 48200 50320 47300 48990 106140.00 518090000
20151119 44980 48120 44900 47720 80691.00 377810000
20151118 46380 47700 44800 44950 53098.00 245650000
20151117 48070 48730 46200 46380 87674.00 414100000
20151116 44880 47410 44670 47410 72072.00 332820000
20151113 51000 53350 47250 47530 154633.00 761250000
20151112 48800 53500 48800 52500 131416.00 674050000
20151111 45200 49310 44110 48640 103280.00 484170000
20151110 44350 46000 43510 45420 84241.00 378400000
20151109 41400 45760 40780 44400 114362.00 498710000
20151106 41380 42460 41380 42250 71143.00 299150000
20151105 42140 42160 40400 40900 92813.00 382660000
20151104 39310 42490 39310 42160 94702.00 388420000
20151103 40410 40470 38800 39670 114518.00 452600000
20151102 35800 41170 35500 41000 188286.00 746430000
20151030 37600 38400 36850 37430 47878.00 180530000
20151029 38000 38820 37300 37990 48139.00 182980000
20151028 38500 38820 37010 37680 72685.00 274890000
20151027 38150 39400 36010 38830 89491.00 341040000
20151026 41590 41650 38450 39300 131479.00 519920000
20151023 37300 40290 37300 40290 166504.00 656250000
20151022 34000 37230 33800 36630 109135.00 388140000
20151021 37690 38790 34270 34270 115010.00 421250000
20151020 35200 38110 34950 38080 100422.00 362970000
20151019 36000 36000 34350 34860 71859.00 252030000
20151016 35940 36780 34850 36070 94619.00 339390000
20151015 33420 36220 33310 35880 94328.00 328560000
20151014 34830 36090 33790 33960 103527.00 362110000
20151013 34030 34990 33890 34590 80868.00 278730000
20151012 32590 35200 32410 34930 114986.00 388710000
20151009 31600 32460 31540 32210 61949.00 197920000
20151008 32600 32800 31500 32000 83030.00 267510000
20150930 31050 31270 30030 30480 39466.00 120870000
20150929 31000 31660 30150 30900 61751.00 190750000
20150928 30380 32070 30200 31880 66755.00 209080000
20150925 32680 33250 29620 30180 97196.00 304150000
20150924 34010 35600 32670 32800 124061.00 419030000
20150923 33000 34000 32060 33880 186143.00 615440000
20150922 32000 33860 31780 33860 193220.00 646190000
20150921 26960 30780 26500 30780 80046.00 234920000
20150918 28120 28970 26200 27980 75581.00 208880000
20150917 29800 30980 27700 28000 88806.00 264400000
20150916 82990 89130 82050 89130 22030.00 187290000
20150915 82620 86660 80800 81030 19599.00 163080000
20150914 97000 98000 87750 87750 25597.00 237960000
20150911 90240 98880 89120 97500 28490.00 265310000
20150910 89900 94370 88100 90320 32071.00 291760000
20150909 82970 90510 82490 90510 36944.00 318970000
20150908 74070 82280 73200 82280 27909.00 216650000
20150907 72000 75740 71820 74800 20431.00 151530000
20150902 69000 78160 67230 70500 22949.00 166400000
20150901 79110 79400 73060 73060 22520.00 169480000
20150831 88000 88150 81180 81180 19290.00 165060000
20150828 86500 91330 84300 90200 28958.00 250790000
20150827 83770 85480 79040 85090 22366.00 185810000
20150826 81500 87480 78000 80990 32034.00 265010000
20150825 80080 88000 79990 79990 20679.00 171050000
20150824 93980 93980 88880 88880 13687.00 122940000
20150821 103800 106500 98000 98750 21306.00 218870000
20150820 103350 107000 101890 102970 15119.00 157540000
20150819 102500 108760 96000 106400 21126.00 216080000
20150818 117490 119660 105750 105750 20924.00 237200000
20150817 122300 124090 116500 117500 17021.00 202600000
20150814 123700 127000 122000 123000 21324.00 265010000
20150813 118620 122990 116400 122940 20480.00 245490000
20150812 124800 127180 119170 119820 22901.00 282450000
20150811 122520 128750 122330 125110 31815.00 401530000
20150810 116020 125590 110080 124310 35432.00 424650000
20150807 110000 115000 110000 114560 35587.00 404000000
20150806 112000 115990 108800 109290 25388.00 285750000
20150805 120000 121800 115820 116940 25179.00 300360000
20150804 116500 123000 112500 122170 36024.00 426570000
20150803 123760 125500 115020 115280 38397.00 451390000
20150731 117000 132660 114570 127800 48100.00 602740000
20150730 128010 132650 120000 120600 33137.00 423720000
20150729 130330 132990 115300 132280 44064.00 548480000
20150728 119780 136990 114660 128020 49351.00 608850000
20150727 135000 149890 127270 127400 63057.00 895490000
20150724 152130 152130 140000 140380 74305.00 1099290000
20150723 138300 138300 138300 138300 16584.00 229360000
20150722 112050 125730 111000 125730 28922.00 341270000
20150721 107000 114900 105000 114300 22459.00 248550000
20150720 104500 113000 103000 110000 31404.00 342350000
20150717 96970 104980 96700 104980 25005.00 253810000
20150716 94000 100860 85000 95440 22970.00 217320000
20150715 101290 101290 91100 94000 36555.00 358130000
20150714 92080 92080 92080 92080 248.00 2280000
20150707 87000 89450 83710 83710 13961.00 117900000
20150706 112740 112740 92250 93010 32262.00 325390000
20150703 98660 110000 90770 102500 31241.00 311700000
20150702 111000 121440 100800 100800 31248.00 352470000
20150701 117010 126800 110000 112000 24602.00 299280000
20150630 110100 122600 102100 121600 26148.00 292210000
20150629 130000 131500 113440 113440 23442.00 273780000
20150626 136000 138010 126040 126040 26197.00 343760000
20150625 150310 150500 138050 140040 24484.00 350900000
20150624 153000 160020 150500 150790 37239.00 578180000
20150623 138010 148390 138000 148390 28653.00 411970000
20150619 129000 147000 129000 134900 29968.00 415440000
20150618 147640 148500 134000 134440 20946.00 296310000
20150617 140000 151220 138500 147740 26175.00 381760000
20150616 137980 145600 132220 142000 29206.00 408770000
20150615 151000 151020 138700 138700 37314.00 535940000
20150612 163700 165700 153900 153950 25880.00 408750000
20150611 161000 168000 159630 164000 24314.00 398190000
20150610 156000 171500 156000 164980 33750.00 556490000
20150609 152000 160600 151000 157700 22149.00 345150000
20150608 161000 161000 147000 150170 37688.00 576370000
20150605 169900 174900 156680 161760 38767.00 638570000
20150604 178800 181600 163620 166890 43748.00 738200000
20150603 180980 186070 176000 181800 37305.00 673390000
20150602 183060 192330 179000 184400 37673.00 695330000
20150601 185370 192000 170500 178840 46103.00 825030000
20150529 178000 203870 174780 185980 81365.00 1515700000
20150528 218000 236530 193550 194200 97811.00 2255530000
20150527 199000 215030 196050 215030 76818.00 1611210000
20150526 191410 202000 191210 195480 53446.00 1051450000
20150525 192060 208400 192060 192300 62089.00 1219040000
20150522 197000 213400 194330 213400 67890.00 1396530000
20150521 207000 208880 193480 194000 57576.00 1155620000
20150520 201000 222180 201000 214980 68003.00 1445440000
20150519 220220 220220 190660 202090 93942.00 1950200000
20150518 197000 200200 189280 200200 14707.00 290460000
20150515 178000 182000 156690 182000 83066.00 1469650000
20150514 165450 165450 165450 165450 4117.00 68120000
20150513 150410 150410 150410 150410 8444.00 127000000
20150512 136740 136740 136740 136740 687.00 9400000
20150511 124310 124310 124310 124310 928.00 11540000
20150508 113010 113010 113010 113010 5216.00 58950000
20150507 102720 102740 94070 102740 158631.00 1576130000
20150506 93400 93400 93400 93400 3264.00 30480000
20150505 84910 84910 84910 84910 2386.00 20260000
20150504 77190 77190 77190 77190 529.00 4080000
20150430 70170 70170 70170 70170 422.00 2960000
20150429 63790 63790 63790 63790 326.00 2070000
20150428 57990 57990 57990 57990 250.00 1440000
20150427 52720 52720 52720 52720 92.00 480000
20150424 47930 47930 47930 47930 120.00 570000
20150423 43570 43570 43570 43570 47.00 200000
20150422 36310 39610 36310 39610 179.00 700000
