20180619 16620 16860 15300 15430 116657 187316505 9.18 0.66 -9.24 68567 48090 1.43 12.84
20180615 17850 17950 16760 17000 133810 232240259 6.62 0.86 -5.45 82098 51712 1.59 14.73
20180614 17920 18200 17620 17980 133143 238038761 3.20 0.79 -0.83 74166 58977 1.26 14.65
20180613 18600 19300 17970 18130 211813 393579904 6.87 1.19 -6.40 121264 90549 1.34 23.31
20180612 19500 20220 19220 19370 226434 440542704 4.68 1.34 -9.27 100989 125445 0.81 24.92
20180611 22020 22880 21350 21350 183141 398723152 6.45 1.23 -9.99 72406 110735 0.65 20.16
20180608 23720 23720 23720 23720 19523 46309504 0.00 0.13 10.02 19523 - - 2.15
20180531 20000 21560 19310 21560 199329 420021888 11.48 1.70 10.00 122839 76489 1.61 21.94
20180530 16800 19600 16220 19600 259022 477362576 18.97 3.40 9.99 158038 100985 1.56 28.51
20180529 16700 17820 16250 17820 184694 312757120 9.69 3.73 10.00 89479 95215 0.94 20.30
20180528 14600 16200 14530 16200 80644 126649052 11.34 1.58 9.98 36368 44276 0.82 8.86
20180525 14700 14890 14350 14780 32326 47393455 3.67 0.54 0.48 15800 16526 0.96 3.55
20180524 14950 15090 14700 14710 28847 42733846 2.59 0.47 -2.45 19644 9203 2.13 3.17
20180523 14640 15300 14610 15080 54102 81191589 4.65 0.92 1.55 25547 28555 0.89 5.95
20180522 14800 14950 14560 14850 51347 75561908 2.57 0.95 -2.04 29653 21694 1.37 5.64
20180521 15510 15990 15110 15160 88178 136903622 5.75 1.96 -0.92 50774 37404 1.36 9.69
20180518 14680 15730 14680 15300 77019 117282378 7.16 2.04 4.37 32277 44742 0.72 8.47
20180517 14550 15000 14500 14660 34616 50983276 3.38 0.90 -0.95 19860 14756 1.35 3.81
20180516 14380 14970 14110 14800 41449 60200509 5.94 0.93 2.21 18967 22482 0.84 4.56
20180515 14300 14500 14070 14480 30000 42841776 2.98 0.64 0.35 15826 14174 1.12 3.30
20180514 13980 14440 13640 14430 41647 58147298 5.71 1.01 3.00 20890 20757 1.01 4.58
20180511 14620 14860 13800 14010 40964 58646520 7.13 1.15 -5.78 27732 13232 2.10 4.50
20180510 14660 15000 14500 14870 37833 55690256 3.34 1.12 -0.54 21715 16118 1.35 4.16
20180509 14650 15500 14210 14950 71529 107526181 8.84 3.17 2.40 35651 35878 0.99 7.86
20180508 13500 14600 13410 14600 42367 59345438 8.97 2.58 10.02 18741 23626 0.79 4.66
20180507 13090 13430 13040 13270 12940 17155278 3.02 0.75 2.87 5551 7389 0.75 1.42
20180504 12940 13290 12880 12900 12771 16677030 3.10 0.71 -2.42 7697 5074 1.52 1.40
20180503 12550 13430 12100 13220 29701 37750889 10.29 1.98 2.24 15839 13862 1.14 3.26
20180502 13400 13490 12660 12930 14995 19480991 6.20 1.01 -3.44 8343 6652 1.25 1.65
20180427 13260 13650 13260 13390 11755 15798932 2.91 0.68 -0.15 5904 5851 1.01 1.29
20180426 14000 14090 13400 13410 16598 22738775 4.89 0.83 -4.89 10962 5636 1.95 1.82
20180425 13770 14200 13750 14100 17469 24499248 3.25 0.74 1.95 8703 8766 0.99 1.92
20180424 13500 13940 13500 13830 14050 19347126 3.26 0.53 2.44 6315 7735 0.82 1.54
20180423 13960 14200 13410 13500 14441 19814674 5.65 0.48 -3.36 7855 6587 1.19 1.59
20180420 14650 14650 13850 13970 23500 33541283 5.41 0.78 -5.54 14403 9097 1.58 2.58
20180419 14900 15200 14600 14790 31093 46527480 4.03 1.09 -0.74 16344 14749 1.11 3.42
20180418 14530 15090 13530 14900 35016 50000729 10.89 1.22 3.98 16594 18422 0.90 3.85
20180417 14960 15380 14110 14330 29123 43028035 8.28 0.84 -6.58 17815 11308 1.58 3.20
20180416 15000 15390 14810 15340 31108 47299311 3.90 0.78 3.02 14452 16656 0.87 3.42
20180413 14700 14980 14680 14890 24081 35769237 2.05 0.44 1.78 9827 14254 0.69 2.65
20180412 14860 15150 14620 14630 23692 35078735 3.54 0.30 -2.21 15071 8621 1.75 2.60
20180411 15330 15350 14890 14960 35365 53447889 2.97 0.45 -3.42 21844 13521 1.62 3.89
20180410 14970 15620 14510 15490 58653 88388197 7.27 0.79 1.44 30047 28606 1.05 6.45
20180409 15550 15790 15050 15270 58370 89797666 4.57 0.82 -5.74 33771 24599 1.37 6.42
20180404 16590 16930 15740 16200 95918 155779002 7.12 1.50 -3.05 56506 39412 1.43 10.54
20180403 17610 17610 16610 16710 148580 254485283 6.18 3.17 3.21 67176 81404 0.83 16.33
20180402 15680 16190 15400 16190 29093 46691899 5.37 0.56 9.99 20382 8711 2.34 3.20
20180330 14550 14810 14310 14720 39908 58530059 3.46 0.68 1.80 17990 21918 0.82 4.39
20180329 14510 14780 14200 14460 40391 58456338 4.02 0.61 0.21 21035 19356 1.09 4.44
20180328 13950 14950 13680 14430 62376 90323826 8.81 0.86 0.14 30499 31877 0.96 6.86
20180327 14000 14740 13820 14410 62899 89921323 6.66 0.82 4.27 28759 34140 0.84 6.91
20180326 13500 13980 12610 13820 52817 71035638 9.79 0.58 -1.22 25203 27614 0.91 5.81
20180323 14710 14780 13990 13990 73719 104147862 5.08 0.68 -9.97 42438 31281 1.36 8.10
20180322 15800 16280 15350 15540 79286 125365843 5.93 0.68 -0.83 42394 36892 1.15 8.72
20180321 15730 16380 15520 15670 91961 146310616 5.45 0.91 -0.63 45742 46219 0.99 10.11
20180320 15850 15920 15330 15770 84525 132105729 3.61 0.97 -3.61 47596 36929 1.29 9.29
20180319 15900 16380 15400 16360 122693 195657436 5.85 1.86 -2.27 65340 57353 1.14 13.49
20180316 15500 17170 15200 16740 163058 268748240 12.62 4.39 7.24 73922 89136 0.83 17.92
20180315 15400 15800 14190 15610 123387 185128904 10.73 8.56 4.07 54802 68585 0.80 13.56
20180314 15000 15000 15000 15000 13128 19691385 0.00 0.97 9.97 13122 6 2186.93 1.44
20180313 13640 13640 13640 13640 12743 17381479 0.00 0.95 10.00 12743 - - 1.40
20180312 12240 12500 12130 12400 18304 22563577 3.04 1.51 1.89 9984 8320 1.20 2.01
20180309 11670 12250 11670 12170 18224 21922502 4.95 1.51 3.84 7238 10986 0.66 2.00
20180308 11510 11770 11510 11720 9641 11271789 2.25 0.76 1.56 3881 5760 0.67 1.06
20180307 11730 11730 11520 11540 8506 9889286 1.79 0.64 -1.70 4614 3892 1.19 0.93
20180306 11800 11880 11640 11740 12470 14604526 2.04 0.84 -0.17 7407 5064 1.46 1.37
20180305 11910 11920 11590 11760 11751 13742901 2.80 0.82 -0.08 6782 4969 1.36 1.29
20180302 11510 11980 11510 11770 17992 21221763 4.05 1.54 1.47 8793 9199 0.96 1.98
20180301 11310 11630 11300 11600 12299 14183441 2.88 1.20 1.22 5284 7015 0.75 1.35
20180228 11300 11600 11200 11460 12244 14006809 3.46 1.41 -0.95 7120 5124 1.39 1.35
20180227 11140 11600 11030 11570 19743 22544775 5.14 2.92 4.23 8298 11446 0.72 2.17
20180226 10880 11110 10830 11100 8962 9863645 2.59 1.20 2.87 4413 4549 0.97 0.99
20180223 10800 10930 10710 10790 5201 5625042 2.05 0.59 0.37 2974 2227 1.34 0.57
20180222 10730 10820 10640 10750 5170 5552981 1.71 0.57 2.09 2071 3099 0.67 0.57
20180214 10680 10700 10400 10530 4381 4608446 2.82 0.44 -1.03 2543 1838 1.38 0.48
20180213 10830 10970 10500 10640 10097 10810511 4.34 0.97 -1.75 7097 3000 2.37 1.11
20180212 10210 10950 10210 10830 12345 13049960 7.29 1.43 6.70 4093 8252 0.50 1.36
20180209 10450 10560 9910 10150 12068 12362641 6.09 1.64 -4.87 7042 5026 1.40 1.33
20180208 10530 10760 10450 10670 6740 7184641 2.95 0.87 1.43 2828 3912 0.72 0.74
20180207 10620 10790 10100 10520 8441 8870675 6.64 1.00 1.25 5302 3138 1.69 0.93
20180206 11480 11480 10370 10390 12203 13287909 9.64 1.72 -9.81 6910 5293 1.31 1.34
20180205 11590 11600 11350 11520 3777 4353766 2.16 0.47 -0.26 2214 1563 1.42 0.42
20180202 11700 11780 11320 11550 5624 6485257 3.95 0.69 -0.86 3330 2294 1.45 0.62
20180201 12360 12460 11630 11650 8489 10167931 6.75 0.99 -5.21 5424 3065 1.77 0.93
20180131 13000 13060 12260 12290 11958 15091240 6.12 1.26 -6.04 8250 3709 2.22 1.31
20180130 12980 13090 12920 13080 5680 7386925 1.31 0.51 0.77 3141 2539 1.24 0.62
20180129 13250 13420 12900 12980 8418 11010367 3.90 0.69 -2.70 5615 2803 2.00 0.93
20180126 13360 13400 13300 13340 6131 8183479 0.75 0.49 -0.15 4298 1833 2.35 0.67
20180125 13430 13550 13300 13360 10830 14520370 1.86 0.90 -0.52 6707 4123 1.63 1.19
20180124 13180 13490 13180 13430 16403 21856477 2.33 1.56 0.90 9322 7080 1.32 1.80
20180123 13660 13660 13190 13310 13538 17993824 3.48 1.38 -1.33 7218 6320 1.14 1.49
20180122 13820 13970 13200 13490 14348 19315891 5.57 1.28 -2.39 9868 4480 2.20 1.58
20180119 13980 14210 13800 13820 7173 10039059 2.92 0.66 -1.71 4573 2600 1.76 0.79
20180118 14300 14330 14000 14060 8816 12482377 2.30 0.85 -1.95 5858 2958 1.98 0.97
20180117 13990 14380 13930 14340 8768 12407128 3.19 0.87 1.77 4066 4702 0.86 0.96
20180116 14150 14350 13990 14090 9905 13990684 2.52 1.04 -1.26 7128 2777 2.57 1.09
20180115 13910 15260 13760 14270 21486 31066557 10.78 3.05 2.51 9210 12276 0.75 2.36
20180112 13750 14020 13750 13920 5220 7244370 1.94 0.57 -0.14 2622 2598 1.01 0.57
20180111 13900 13960 13530 13940 6363 8808760 3.10 0.45 0.58 3356 3007 1.12 0.70
20180110 14180 14190 13700 13860 7264 10087223 3.49 0.43 -1.28 5093 2171 2.35 0.80
20180109 14110 14160 14000 14040 7457 10485127 1.13 0.42 -0.50 5015 2442 2.05 0.82
20180108 14180 14270 14010 14110 8883 12538782 1.84 0.46 -0.21 5726 3157 1.81 0.98
20180105 14610 14610 14080 14140 15685 22380319 3.66 1.21 -2.48 11268 4417 2.55 1.72
20180104 14660 15370 14330 14500 31379 46321696 7.09 2.26 -1.09 19036 12343 1.54 3.45
20180103 14400 14710 14150 14660 20139 29284799 3.94 1.69 3.09 8776 11363 0.77 2.21
20180102 14150 14440 14000 14220 13070 18585701 3.08 1.16 -0.56 8240 4830 1.71 1.44
20171229 13710 14420 13520 14300 16862 23647065 6.60 1.71 4.92 7117 9745 0.73 1.85
20171228 13070 13670 13070 13630 10828 14652902 4.49 1.26 2.10 4303 6525 0.66 1.19
20171227 13610 13690 13200 13350 8561 11545123 3.60 1.04 -2.05 4618 3944 1.17 0.94
20171226 13770 13770 13350 13630 10193 13807857 3.16 1.48 2.48 3809 6384 0.60 1.12
20171225 13200 13340 12880 13300 9997 13139990 3.47 1.71 0.30 4949 5048 0.98 1.10
20171222 13800 13900 13260 13260 9608 12976846 4.68 2.01 -3.00 7000 2608 2.68 1.06
20171221 13820 13900 13590 13670 4680 6427378 2.24 0.97 -1.09 2498 2182 1.14 0.51
20171220 14230 14230 13780 13820 6631 9236360 3.17 1.47 -2.68 4573 2058 2.22 0.73
20171219 14090 14250 13960 14200 3500 4956038 2.07 0.68 1.14 1533 1967 0.78 0.38
20171218 14270 14290 13880 14040 4827 6806618 2.90 0.88 -0.78 3138 1689 1.86 0.53
20171215 14400 14400 14110 14150 4253 6049761 2.02 0.68 -1.32 3040 1213 2.51 0.47
20171214 14440 14460 14190 14340 5016 7162706 1.87 0.75 -0.76 3193 1823 1.75 0.55
20171213 14290 14450 14180 14450 4924 7052021 1.89 0.64 0.98 2082 2842 0.73 0.54
20171212 14880 14880 14210 14310 6902 9950759 4.57 0.77 -2.39 4654 2248 2.07 0.76
20171211 15060 15060 14500 14660 6216 9118993 3.87 0.64 1.24 3700 2516 1.47 0.68
20171208 14400 14490 14150 14480 8412 12089319 2.41 0.90 2.70 3908 4504 0.87 0.92
20171207 14270 14270 13810 14100 6801 9527462 3.29 0.69 0.71 3782 3019 1.25 0.75
20171206 13860 14130 13600 14000 10180 14072299 3.83 1.09 1.08 5173 5006 1.03 1.12
20171205 14810 14900 13650 13850 13180 18813511 8.43 1.64 -6.61 8188 4991 1.64 1.45
20171204 15160 15180 14810 14830 9833 14669721 2.44 1.28 -2.11 6656 3177 2.09 1.08
20171201 15060 15300 15050 15150 6768 10287904 1.65 0.73 0.26 3513 3255 1.08 0.74
20171130 15100 15330 15050 15110 9536 14460530 1.85 0.99 0.07 6347 3189 1.99 1.05
20171129 15170 15280 14950 15100 7464 11241723 2.18 0.72 -0.33 4014 3450 1.16 0.82
20171128 14990 15160 14880 15150 6528 9819154 1.88 0.47 1.95 2807 3721 0.75 0.72
20171127 15120 15190 14820 14860 8019 12023451 2.44 0.49 -1.98 5606 2413 2.32 0.88
20171124 14680 15650 14680 15160 14913 22767589 6.61 0.75 3.34 7268 7645 0.95 1.64
20171123 14890 14990 14660 14670 11172 16534596 2.21 0.45 -1.61 6446 4726 1.36 1.23
20171122 14720 15140 14680 14910 11120 16560314 3.09 0.32 0.00 6276 4844 1.30 1.22
20171121 15510 15670 14500 14910 24844 37334215 7.53 0.63 -3.99 16245 8599 1.89 2.73
20171120 16000 16000 14800 15530 19192 29559037 7.43 0.48 -3.90 11564 7628 1.52 2.11
20171117 17760 17950 16160 16160 33520 56877740 9.97 0.94 -9.97 23254 10266 2.27 3.68
20171116 17900 18170 17650 17950 34172 60962392 2.84 1.12 -1.81 20668 13504 1.53 3.76
20171115 17390 18500 17000 18280 63647 115321549 8.49 3.20 3.45 30005 33642 0.89 7.00
20171114 16820 18590 16820 17670 48177 85575290 10.47 3.92 4.56 22330 25847 0.86 5.30
20171113 17010 17180 16700 16900 22039 37210111 2.91 2.36 2.42 11502 10538 1.09 2.42
20171110 16400 16620 16350 16500 10839 17876726 1.64 1.18 0.30 5214 5626 0.93 1.19
20171109 16300 16540 16300 16450 8027 13187889 1.46 0.87 0.18 4269 3758 1.14 0.88
20171108 16270 16600 16140 16420 10471 17195168 2.83 1.13 0.92 4419 6052 0.73 1.15
20171107 16410 16410 16190 16270 10024 16288249 1.34 1.08 -0.79 7112 2912 2.44 1.10
20171106 16100 16400 16020 16400 7242 11767613 2.35 0.66 1.30 3478 3764 0.92 0.80
20171103 16740 16740 16100 16190 10332 16805363 3.87 0.86 -2.18 6267 4065 1.54 1.14
20171102 16630 16850 16450 16550 8195 13600927 2.41 0.52 -0.48 4836 3359 1.44 0.90
20171101 16700 16830 16600 16630 10650 17786294 1.38 0.52 -0.42 6037 4614 1.31 1.17
20171031 16620 16890 16420 16700 10053 16685417 2.84 0.47 1.03 5821 4232 1.38 1.11
20171030 17250 17440 16530 16530 15452 26025830 5.28 0.68 -4.17 10840 4612 2.35 1.70
20171027 17600 17920 17250 17250 15866 27844175 3.76 0.75 -3.25 11591 4275 2.71 1.74
20171026 17680 18000 17360 17830 26231 46287031 3.63 1.34 1.19 15078 11153 1.35 2.88
20171025 17250 18330 17050 17620 35172 62354655 7.62 2.38 4.88 15739 19434 0.81 3.87
20171024 17120 17210 16610 16800 13441 22665104 3.51 0.88 -1.58 8485 4956 1.71 1.48
20171023 16400 17790 16350 17070 23592 40131371 8.81 1.52 4.40 12053 11540 1.04 2.59
20171020 16200 16390 16060 16350 7326 11920751 2.04 0.42 1.24 3391 3935 0.86 0.81
20171019 16740 16880 16000 16150 18311 29894023 5.25 1.07 -3.58 12498 5813 2.15 2.01
20171018 17060 17450 16680 16750 11305 19309613 4.52 0.63 -1.76 6606 4699 1.41 1.24
20171017 17350 17420 16560 17050 16142 27592214 4.90 0.93 -2.90 9997 6145 1.63 1.77
20171016 17880 18560 17540 17560 24570 44425690 5.65 1.69 -2.71 14105 10465 1.35 2.70
20171013 17590 18440 17570 18050 17509 31473112 4.95 1.32 2.62 7822 9687 0.81 1.92
20171012 18120 18330 17490 17590 15846 28220933 4.64 1.14 -2.92 10639 5206 2.04 1.74
20171011 18060 18460 18020 18120 15030 27356896 2.43 1.11 0.11 9184 5846 1.57 1.65
20171010 17790 18160 17790 18100 13525 24341463 2.07 0.91 1.23 6490 7035 0.92 1.49
20171009 17730 18100 17730 17880 10754 19213999 2.10 0.61 1.36 6162 4592 1.34 1.18
20170929 17300 17680 17210 17640 10920 19113956 2.71 0.49 1.73 4852 6068 0.80 1.20
20170928 17810 18000 17300 17340 19154 33760839 3.91 0.64 -3.24 12567 6587 1.91 2.11
20170927 17920 18080 17700 17920 13656 24515453 2.13 0.38 0.67 6400 7256 0.88 1.50
20170926 17930 18130 17600 17800 20236 36154561 2.95 0.56 -0.84 11350 8886 1.28 2.22
20170925 18250 18510 17950 17950 23684 43058352 3.06 0.67 -1.91 14707 8977 1.64 2.60
20170922 18900 19000 18200 18300 35682 66558513 4.16 1.04 -4.74 21946 13736 1.60 3.92
20170921 20500 20700 19210 19210 55259 109833301 7.44 1.62 -4.14 34183 21076 1.62 6.07
20170920 19160 20370 19100 20040 46031 91036768 6.63 1.16 4.59 21969 24062 0.91 5.06
20170919 19520 19520 19130 19160 20726 39939544 2.00 0.38 -1.94 10771 9955 1.08 2.28
20170918 19380 19590 19070 19540 17974 34792805 2.68 0.31 0.62 8597 9377 0.92 1.98
20170915 20110 20110 19420 19420 30952 60922727 3.43 0.55 -3.33 18850 12102 1.56 3.40
20170914 20000 20450 19810 20090 54375 109072063 3.16 1.08 -0.69 33254 21122 1.57 5.98
20170913 19050 20450 18700 20230 75049 146311952 9.03 1.84 4.33 39349 35699 1.10 8.25
20170912 18400 20380 18180 19390 91618 179196710 11.87 3.53 4.64 56966 34652 1.64 10.07
20170911 17940 18950 17810 18530 41706 77120585 6.41 1.77 4.16 19779 21927 0.90 4.58
20170908 17700 18040 17600 17790 19443 34558176 2.48 0.73 0.34 10526 8917 1.18 2.14
20170907 17840 18120 17700 17730 24846 44565162 2.34 0.74 -1.23 15009 9837 1.53 2.73
20170906 17580 18090 17510 17950 26135 46743500 3.28 0.82 1.58 13156 12978 1.01 2.87
20170905 17820 17900 17580 17670 17463 30961641 1.78 0.54 -1.72 10763 6700 1.61 1.92
20170904 17750 18380 17510 17980 29680 53212824 4.85 0.99 0.28 15692 13988 1.12 3.26
20170901 17950 18070 17600 17930 34469 61620961 2.59 1.34 -1.16 20536 13933 1.47 3.79
20170831 18500 18990 18000 18140 60534 111406075 5.68 3.21 4.07 32157 28377 1.13 6.65
20170823 17030 17470 17030 17430 16511 28563136 2.55 0.70 0.98 8385 8126 1.03 1.81
20170822 17160 17520 17160 17260 20746 35995533 2.10 0.89 0.52 11017 9729 1.13 2.28
20170821 16900 17300 16850 17170 17202 29402606 2.66 0.73 1.66 7999 9203 0.87 1.89
20170818 17140 17140 16850 16890 13691 23186208 1.69 0.54 -1.52 8556 5135 1.67 1.50
20170817 17320 17440 16880 17150 26095 44614406 3.23 1.14 -0.98 15139 10957 1.38 2.87
20170816 16500 17950 16410 17320 40645 70151713 9.33 2.38 4.91 19365 21279 0.91 4.47
20170815 16380 16660 16360 16510 19165 31630025 1.83 1.14 0.92 11204 7961 1.41 2.11
20170814 15940 16450 15940 16360 18022 29326225 3.16 1.07 1.49 8999 9023 1.00 1.98
20170811 15950 16750 15800 16120 22182 36101013 5.96 1.43 1.07 10612 11570 0.92 2.44
20170810 16300 16300 15910 15950 14534 23361176 2.39 0.93 -2.27 8911 5622 1.59 1.60
20170809 16380 16440 16170 16320 11586 18887723 1.65 0.70 -0.49 5954 5632 1.06 1.27
20170808 16300 16430 16010 16400 17683 28643510 2.59 1.08 1.05 9107 8577 1.06 1.94
20170807 16400 16660 16100 16230 18265 29916762 3.39 1.07 -1.64 10844 7421 1.46 2.01
20170804 16950 17070 16490 16500 15377 25740143 3.44 0.74 -2.14 9341 6036 1.55 1.69
20170803 16600 17160 16550 16860 15411 25994378 3.66 0.64 1.08 7392 8019 0.92 1.69
20170802 16920 17180 16650 16680 16589 28100700 3.11 0.71 -2.00 10091 6498 1.55 1.82
20170801 17220 17300 16860 17020 16330 27794077 2.56 0.72 -1.16 9911 6419 1.54 1.80
20170731 17400 17490 17100 17220 21422 36997662 2.22 1.00 -1.94 13471 7951 1.69 2.35
20170728 17010 17700 16800 17560 34594 59773848 5.28 1.72 3.05 15919 18675 0.85 3.80
20170727 16430 17710 16430 17040 31154 53124173 7.75 1.41 3.21 14076 17078 0.82 3.42
20170726 16730 16970 16500 16510 13384 22338494 2.80 0.56 -1.78 7669 5716 1.34 1.47
20170725 16980 16980 16700 16810 12180 20490618 1.65 0.44 -1.12 7276 4904 1.48 1.34
20170724 16460 17000 16450 17000 16135 26964541 3.29 0.51 1.55 8032 8104 0.99 1.77
20170721 17700 17700 16700 16740 27597 46784013 5.77 0.79 -3.35 17557 10040 1.75 3.03
20170720 16690 18300 16690 17320 41549 72617859 9.67 1.05 4.02 20840 20709 1.01 4.57
20170719 16690 16860 16370 16650 22536 37400748 2.91 0.54 -1.19 12242 10294 1.19 2.48
20170718 16500 17090 16110 16850 31063 51672109 5.81 0.74 -0.18 17031 14031 1.21 3.41
20170717 18200 18710 16880 16880 35089 60983483 9.76 0.77 -9.97 21144 13945 1.52 7.02
20170714 19800 19800 18610 18750 43736 83319256 5.95 0.75 -6.30 23629 20107 1.18 8.75
20170713 21470 21580 19800 20010 64712 132727660 8.09 1.12 -9.00 39482 25230 1.56 12.94
20170712 21780 22170 21200 21990 32362 70000013 4.42 0.57 0.09 16864 15498 1.09 6.47
20170711 22280 22700 21970 21970 33911 75757944 3.27 0.62 -1.48 19059 14852 1.28 6.78
20170710 23150 23150 22100 22300 52399 118339742 4.47 1.04 -5.11 33919 18480 1.84 10.48
20170707 23700 24100 22710 23500 108303 252889440 5.87 2.73 -0.80 62876 45427 1.38 21.66
20170706 21730 23690 21410 23690 62884 145726081 10.58 1.86 9.98 46034 16850 2.73 12.58
20170705 21480 21650 21250 21540 24092 51742235 1.86 0.56 0.23 11940 12152 0.98 4.82
20170704 22120 22120 21480 21490 27693 59990450 2.89 0.60 -2.85 18090 9603 1.88 5.54
20170703 22600 22600 21700 22120 28586 63040241 4.07 0.57 0.09 16921 11666 1.45 5.72
20170630 22050 22460 21670 22100 55452 122405041 3.68 0.96 2.93 26452 29000 0.91 11.09
20170629 21020 21740 21020 21470 33478 71763605 3.34 0.45 -0.42 16617 16861 0.99 6.70
20170628 23020 23040 21300 21560 71067 156130052 7.53 0.81 -6.67 43838 27229 1.61 14.21
20170627 22600 23370 22600 23100 41411 95390292 3.35 0.36 0.43 22311 19100 1.17 8.28
20170626 23280 23290 22520 23000 48629 111140637 3.31 0.42 -1.25 27086 21544 1.26 9.73
20170623 24030 24450 22920 23290 95548 225358351 6.01 0.81 -8.56 55548 40000 1.39 19.11
20170622 26460 26660 25470 25470 113950 293887072 4.20 1.20 -10.00 59003 54947 1.07 22.79
20170621 28750 29290 27550 28300 139450 397330016 6.20 2.08 0.78 73226 66224 1.11 27.89
20170620 30390 30390 27510 28080 174264 504406096 10.14 5.43 -1.09 93824 80439 1.17 34.85
20170619 28380 28390 26880 28390 57475 162738451 5.85 2.79 10.00 30554 26921 1.13 11.50
20170616 23000 27170 22500 25810 102854 258505817 18.72 - 3.45 47892 54962 0.87 20.57
20161202 25960 26120 25000 25000 25286.20 64220317.800
20161201 25990 26090 25720 25980 16419.66 42531792.800
20161130 25810 26290 25500 25970 19868.68 51598696.410
20161129 26260 26900 25850 25910 23045.07 60669972.780
20161128 27330 27330 26450 26450 20250.58 54222668.100
20161125 26850 27150 26010 27090 27733.11 73871050.280
20161124 27190 27450 26800 26910 27736.58 75247609.990
20161123 28000 28080 27050 27120 45013.17 123943515.670
20161122 28210 28290 27710 27990 46253.18 129222913.270
20161121 27100 28160 26710 28150 64249.70 177008629.900
20161118 27010 27510 27010 27160 31288.92 85449508.140
20161117 27850 27850 27020 27170 44120.91 120312468.100
20161116 28500 28800 27710 28100 70868.19 199074373.030
20161115 27200 28950 27020 28500 89085.35 248586296.300
20161114 27400 27860 26810 27330 61047.47 166776165.710
20161111 26760 27970 26680 27430 101540.12 278288860.730
20161110 25720 27280 25510 26750 89887.56 237037945.400
20161109 25700 26260 24930 25330 33092.01 84758384.470
20161108 25800 25810 25400 25740 25758.94 65947025.000
20161107 25960 26390 25450 25660 38158.14 98934424.830
20161104 25220 25980 25200 25870 45861.06 118210888.870
20161103 24950 25750 24820 25400 38447.10 97364998.580
20161102 25210 25400 24880 24970 20488.47 51378095.180
20161101 24780 25460 24710 25210 27477.70 68934620.000
20161031 25060 25070 24470 24830 19404.40 47872040.820
20161028 25530 25900 25060 25070 21008.79 53172694.770
20161027 25240 25740 25060 25690 25620.20 64919409.470
20161026 25800 25890 25230 25500 32151.44 82100331.980
20161025 25200 26180 25100 25990 55870.73 144243221.780
20161024 25350 25500 24890 25290 26421.84 66572865.400
20161021 25060 25450 24700 25250 31386.08 78538488.940
20161020 24550 25800 24410 25460 48595.89 123284582.290
20161019 24450 24700 24360 24620 17192.45 42128390.200
20161018 23990 24680 23900 24470 21034.43 51308037.650
20161017 24180 24480 23830 23940 17436.79 42243759.730
20161014 24210 24270 23910 24160 12519.07 30116991.910
20161013 23990 24350 23990 24280 15235.27 36879701.370
20161012 23800 24140 23800 24010 11276.46 26999365.000
20161011 24200 24200 23830 23970 11140.88 26689273.430
20161010 23260 24070 23250 23980 16990.94 40330754.390
20160930 23110 23250 23000 23140 7677.00 17727296.000
20160929 23140 23180 22930 23080 7480.63 17263826.610
20160928 23000 23240 22890 22930 8394.68 19305714.800
20160927 23110 23300 22670 23160 13374.80 30709009.560
20160926 24070 24070 23000 23010 16219.50 37981412.380
20160923 24110 24390 24050 24070 8452.00 20446516.390
20160922 24400 24480 24050 24150 9441.61 22872932.320
20160921 23930 24310 23910 24170 10998.40 26498405.750
20160920 24000 24170 23880 23950 7827.75 18787099.390
20160919 23800 24090 23780 24000 10253.80 24559782.700
20160914 23870 24190 23130 23780 10032.32 23906371.320
20160913 23770 24210 23770 23950 8754.70 20948399.300
20160912 24280 24500 23690 23700 21279.04 51220222.940
20160909 25220 25290 24750 24800 18084.04 45102100.460
20160908 24710 25300 24710 25090 18506.63 46332602.810
20160907 24610 25150 24610 24660 19172.69 47805151.170
20160906 24500 24850 24010 24810 18773.02 46078373.360
20160905 24510 24980 24390 24490 13920.00 34267486.140
20160902 25240 25240 24500 24500 23199.50 57598951.000
20160901 25520 25720 25250 25250 17175.67 43621794.650
20160831 25860 26100 25250 25620 29077.00 74236719.530
20160830 25400 26260 25400 26000 33198.68 86368395.660
20160829 25060 25790 25000 25400 26886.86 68575452.520
20160826 25070 25510 25010 25060 20766.61 52516479.770
20160825 25350 25350 24200 25040 24696.55 61254003.250
20160824 25590 25980 25330 25500 24549.00 63014549.250
20160823 25200 25550 25040 25300 16695.05 42180212.300
20160822 26150 26430 25040 25050 33752.80 86345222.000
20160819 26080 26540 26000 26370 26857.21 70764606.470
20160818 26300 26850 25900 26220 49094.21 129234742.790
20160817 26150 27500 25780 26650 64121.10 171876404.160
20160816 26050 26840 25950 26270 53910.00 142592178.370
20160815 26120 26580 25330 26190 59813.54 155347110.190
20160812 26400 26660 25590 25820 58656.59 152845143.770
20160811 26000 26970 25350 26410 102418.30 267493138.460
20160810 23890 26260 23850 26260 79455.22 199961273.920
20160809 23600 23950 23590 23870 20498.41 48853429.680
20160808 23560 23660 22920 23600 16529.82 38702742.300
20160805 23900 24080 23490 23490 15745.88 37474066.400
20160804 24000 24090 23110 23930 18888.28 44982559.910
20160803 23410 24320 23200 23950 22799.14 54377827.220
20160802 23320 23550 23180 23470 13343.18 31199126.400
20160801 23690 23690 22300 23250 21279.65 48894234.790
20160729 24210 24270 23520 23720 19847.37 47349232.090
20160728 25020 25020 22800 24210 39230.72 93868641.680
20160727 27300 27300 24810 24840 47134.62 121792373.070
20160726 27010 27300 26850 27230 19450.62 52849729.510
20160725 26760 27260 26600 26980 17744.93 47746934.330
20160722 27690 27750 26700 26700 33960.75 91801236.930
20160721 27810 28050 27580 27580 32215.92 89396411.430
20160720 27510 28200 27290 28130 43640.53 121327456.740
20160719 27180 27420 27020 27420 23555.82 64124233.050
20160718 27570 27820 26920 27090 35612.66 96815289.510
20160715 28340 28340 27560 27730 46970.70 130756122.390
20160714 28310 28500 28100 28390 31277.84 88429408.270
20160713 28650 28750 28010 28300 42384.03 120207127.890
20160712 28480 28870 26860 28650 72150.34 201716274.860
20160711 30150 30440 28270 28400 95352.87 279142606.460
20160708 29300 31000 29010 30400 113667.63 344440159.200
20160707 29350 30000 28770 29360 78058.03 228797989.660
20160706 30250 31440 30010 30010 114128.34 349595805.950
20160705 29600 30200 29080 30200 90422.55 268274099.240
20160704 28230 29430 28220 29230 53886.43 156639654.170
20160701 28880 29600 28800 28960 64047.13 186754110.810
20160630 30030 30130 28630 29000 115595.61 340524566.290
20160629 29000 31500 28780 31010 161252.17 492017310.760
20160628 28500 28870 27980 28740 73060.77 208040460.590
20160627 27450 28720 27200 28610 71633.79 202291426.600
20160624 27850 28500 25810 27940 74438.37 207479048.390
20160623 28300 28940 27310 27750 53600.17 150132651.180
20160622 27750 28580 27750 28500 53140.52 149361585.690
20160621 29800 30000 27810 28170 105834.54 307068341.960
20160620 27960 29860 27960 29770 122507.96 357817117.740
20160617 28010 28780 27300 27880 73069.13 205030346.970
20160616 28580 29290 28200 28220 84879.59 243427251.670
20160615 26640 28600 26500 28220 92828.44 259439857.280
20160614 27960 28000 26120 27100 85078.36 229418192.450
20160613 30450 31450 28280 28280 116357.94 346196529.040
20160608 32900 32950 31100 31420 146744.32 467713585.000
20160607 31100 33570 30380 33300 203819.19 661327609.420
20160606 30740 31180 30180 30850 128117.94 392623746.610
20160603 31650 34160 31600 31760 216695.72 710580203.690
20160602 30870 31300 30030 31230 160076.69 492222031.430
20160601 30210 32260 29810 31350 209625.63 650395381.240
20160531 30600 31420 29580 30780 222020.67 678577275.360
20160530 31720 32300 30000 30200 151192.02 467758914.940
20160527 32380 34960 32120 33330 235361.90 792790790.520
20160526 33540 34040 32770 33200 190897.00 634358504.690
20160525 31200 34820 30800 34000 243784.38 793819280.470
20160524 28450 31900 28450 31700 228440.61 686539473.830
20160523 28720 29870 27600 29170 205959.48 591047339.900
20160520 26000 29280 25730 28950 202813.94 563939775.010
20160519 24400 27510 23850 26960 187356.64 483150682.250
20160518 27000 27580 24320 25010 171228.85 442798709.340
20160517 24140 26460 24130 26460 83583.76 217203412.020
20160516 23350 24120 22700 24050 127307.65 298773171.850
20160513 23000 24120 22610 23970 139303.00 324940000
20160512 25000 26100 23320 24000 155301.00 380380000
20160511 53990 54480 50500 52020 73694.00 390810000
20160510 54780 58970 50700 54200 143480.00 791610000
20160509 49150 53810 49150 53810 84526.00 441310000
20160506 52000 52780 48550 48920 93957.00 479410000
20160505 45710 50680 45680 50680 78750.00 382630000
20160504 43890 48000 43500 46070 53881.00 245390000
20160503 42300 43990 42050 43840 27424.00 118690000
20160429 41850 43250 41550 42420 27240.00 116250000
20160428 40400 42500 40400 42300 26126.00 108110000
20160427 40930 41690 40400 40600 19596.00 80590000
20160426 39860 41330 39750 40930 18805.00 75940000
20160425 39510 40470 38680 40160 19355.00 76580000
20160422 38500 40000 38030 40000 20727.00 81630000
20160421 38980 40660 38700 39320 31992.00 127360000
20160420 42900 42900 38340 39250 43693.00 175650000
20160419 42310 43290 42000 42600 24456.00 104270000
20160418 43610 43750 41550 42200 31410.00 132680000
20160415 45000 45860 44300 44320 39345.00 176060000
20160414 43000 45880 43000 45010 60479.00 270890000
20160413 42580 43960 42580 42790 35184.00 151960000
20160412 43800 44180 41510 42320 44889.00 191690000
20160411 42500 44200 41700 44110 49743.00 213360000
20160408 41990 43860 41500 42500 48397.00 206750000
20160407 43090 43250 42010 42100 32283.00 137070000
20160406 42280 43870 42000 42990 41300.00 176890000
20160405 40800 42680 40550 42440 38998.00 163510000
20160401 40400 40980 39080 40960 37189.00 149390000
20160331 39980 42960 39600 40890 56223.00 231230000
20160330 37050 39800 37010 39600 54541.00 209130000
20160329 39010 39380 36350 36860 56089.00 211300000
20160328 37980 39000 37980 39000 22077.00 85850000
20160325 35280 35850 34880 35450 20843.00 73650000
20160324 36700 36700 35400 35500 37448.00 135200000
20160323 36300 37190 36010 37140 38270.00 140620000
20160322 36000 36880 35510 35820 32327.00 116910000
20160321 35200 36680 34950 36640 44581.00 158670000
20160318 33540 34980 33030 34700 46480.00 159040000
20160317 31900 33330 31500 33190 30813.00 100550000
20160316 32560 32920 31300 31590 20530.00 66120000
20160315 32450 32990 31950 32080 21619.00 70160000
20160314 31550 33450 31520 32720 30697.00 100230000
20160311 30130 31430 29850 30920 16161.00 49880000
20160310 31180 31670 30510 30710 16474.00 51250000
20160309 30610 32090 30160 31140 23559.00 73800000
20160308 30900 31590 29030 31530 22792.00 69220000
20160307 31000 31880 30640 31210 20015.00 62750000
20160304 32500 32770 29900 30160 30073.00 93960000
20160303 33400 34470 32750 32800 31350.00 105620000
20160302 31720 33750 31500 33390 30044.00 98370000
20160301 31380 32680 30010 32030 29095.00 91620000
20160229 34800 34810 31390 31390 33500.00 107090000
20160226 35560 35990 33790 34880 29975.00 105730000
20160225 39000 39320 35470 35470 41001.00 151650000
20160224 42200 42310 38530 39410 59410.00 238230000
20160223 41960 43400 41440 42800 52729.00 223270000
20160222 41820 42540 40700 41970 51457.00 215070000
20160219 41900 42400 40500 41150 53920.00 223400000
20160218 40900 44260 40400 42730 81147.00 341470000
20160217 39200 41470 39200 40930 67971.00 274230000
20160216 38900 41280 38250 39950 72116.00 287500000
20160215 35500 39100 35140 38250 44037.00 162290000
20160205 39280 39500 37160 37710 64303.00 245630000
20160204 35680 39310 35550 39310 105266.00 406890000
20160203 34260 35740 34030 35740 37301.00 129700000
20160202 34060 36650 34050 35350 51850.00 184910000
20160201 35860 36950 33450 34400 63411.00 224630000
20160129 33680 37400 33020 36810 84978.00 305340000
20160128 33000 37290 32800 34770 98515.00 356000000
20160127 34500 34960 31830 33900 54008.00 179500000
20160126 37800 37900 34760 34760 61652.00 220880000
20160125 38600 39800 37480 38620 72456.00 278510000
20160122 40430 40990 36700 37750 104120.00 400080000
20160121 49730 49730 40690 40690 143307.00 636140000
20160120 45210 45210 45210 45210 1402.00 6340000
20160119 41100 41100 41100 41100 1100.00 4520000
20160118 37360 37360 37360 37360 1033.00 3860000
20160115 33960 33960 33960 33960 504.00 1710000
20160114 30870 30870 30870 30870 926.00 2860000
20160113 28060 28060 28060 28060 161.00 450000
20160112 25510 25510 25510 25510 98.00 250000
20160111 23190 23190 23190 23190 121.00 280000
20160108 21080 21080 21080 21080 125.00 260000
20160107 19160 19160 19160 19160 36.00 70000
20160106 17420 17420 17420 17420 40.00 70000
20160105 15840 15840 15840 15840 44.00 70000
20160104 14400 14400 14400 14400 20.00 30000
20151231 12000 13090 12000 13090 117.00 150000
