20191129 11010 11120 10890 10920 154192 169197496 2.08 0.99 -1.09 67924 86269 0.79 4.85
20191128 10960 11190 10910 11040 192309 212755789 2.55 1.31 0.73 81386 110922 0.73 6.05
20191127 11100 11130 10930 10960 162332 179125661 1.81 1.06 -1.08 78462 83870 0.94 5.11
20191126 11100 11230 11020 11080 133388 148146547 1.89 0.84 -0.09 60898 72490 0.84 4.20
20191125 11020 11160 10890 11090 140925 155623719 2.45 0.88 0.45 61656 79269 0.78 4.43
20191122 11280 11300 11020 11040 151463 168755129 2.50 0.94 -1.43 81238 70224 1.16 4.76
20191121 11280 11320 11160 11200 145598 163259111 1.42 0.89 -0.53 70520 75078 0.94 4.58
20191120 11130 11400 11110 11260 194197 217969507 2.61 1.21 1.17 73090 121107 0.60 6.11
20191119 11090 11280 11060 11130 160072 178071493 1.98 0.95 0.27 75892 84181 0.90 5.04
20191118 11170 11280 11050 11100 145198 161511446 2.06 0.89 -0.63 72829 72369 1.01 4.57
20191115 11010 11270 10980 11170 158872 177269767 2.62 1.02 1.09 61764 97108 0.64 5.00
20191114 11100 11280 11000 11050 162514 180219782 2.51 1.09 -0.90 77053 85461 0.90 5.11
20191113 10990 11400 10900 11150 175676 195908072 4.55 1.28 1.36 74385 101291 0.73 5.53
20191112 11390 11400 11000 11000 197426 219950766 3.48 1.62 -4.26 117621 79806 1.47 6.21
20191111 11550 11630 11340 11490 123384 141650212 2.52 0.99 0.00 53977 69407 0.78 3.88
20191108 11550 11660 11480 11490 119247 137839636 1.57 0.99 0.09 53947 65300 0.83 3.75
20191107 11460 11600 11280 11480 128279 146548655 2.79 1.09 0.26 55452 72827 0.76 4.04
20191106 11720 11720 11450 11450 117438 135441627 2.31 0.89 -2.22 68030 49408 1.38 3.69
20191105 11860 11960 11670 11710 121784 142943879 2.45 0.93 -1.10 62129 59655 1.04 3.83
20191104 11970 12010 11710 11840 136733 161843554 2.50 1.16 -1.17 66379 70354 0.94 4.30
20191101 12020 12130 11950 11980 96574 115812259 1.50 0.88 -0.17 50109 46465 1.08 3.04
20191031 12180 12240 11970 12000 114481 138092579 2.22 1.17 -1.40 58920 55560 1.06 3.60
20191030 11720 12260 11690 12170 189442 228006795 4.88 2.62 4.11 60094 129348 0.46 5.96
20191029 12020 12040 11650 11690 114163 135571461 3.25 1.90 -2.66 67629 46535 1.45 3.59
20191028 12100 12100 11980 12010 75479 90729667 1.00 1.28 -0.41 49613 25866 1.92 2.37
20191025 12100 12110 12010 12060 57447 69234812 0.83 0.96 0.17 27220 30228 0.90 1.81
20191024 12130 12170 12040 12040 52605 63525544 1.08 0.86 -0.17 26785 25820 1.04 1.65
20191023 12150 12230 12060 12060 62216 75413952 1.41 1.06 -0.25 31951 30265 1.06 1.96
20191022 12100 12140 12040 12090 52391 63391273 0.83 0.93 0.25 24499 27892 0.88 1.65
20191021 12140 12200 12050 12060 70534 85385133 1.23 1.23 -1.07 40780 29755 1.37 2.22
20191018 12230 12270 12090 12190 62493 76188399 1.47 1.03 -0.49 35491 27003 1.31 1.97
20191017 12200 12270 12130 12250 57565 70277655 1.15 0.85 0.57 27388 30177 0.91 1.81
20191016 12160 12200 12090 12180 49209 59749013 0.91 0.59 0.33 26619 22590 1.18 1.55
20191015 12260 12300 12130 12140 43063 52486416 1.38 0.46 -1.46 31129 11934 2.61 1.35
20191014 12210 12340 12140 12320 73906 90465812 1.64 0.68 0.90 33196 40710 0.82 2.32
20191011 12280 12320 12100 12210 79347 96772867 1.79 0.66 -0.57 46318 33029 1.40 2.50
20191010 12280 12330 12210 12280 93937 115086835 0.98 0.68 0.24 50859 43079 1.18 2.96
20191009 12370 12460 12150 12250 128719 158040000
20191008 12540 12600 12430 12460 95409 119140609 1.36 0.53 -0.32 47718 47691 1.00 3.00
20190930 12890 12900 12470 12500 148973 189138780 3.34 0.76 -2.95 74940 74032 1.01 4.69
20190927 12930 13030 12860 12880 137913 178166334 1.32 0.62 -0.23 58183 79730 0.73 4.34
20190926 13220 13240 12880 12910 184061 239708829 2.73 0.85 -2.27 82739 101322 0.82 5.79
20190925 13370 13420 13200 13210 194010 257696000
20190924 13240 13500 13200 13370 232234 310164688 2.27 1.07 1.21 84693 147542 0.57 7.31
20190923 13550 13560 13180 13210 228613 303892512 2.80 1.11 -2.51 121057 107556 1.13 7.19
20190920 13090 13850 12800 13550 267237 351043280 8.01 1.35 3.36 110196 157041 0.70 8.41
20190919 13230 13240 13060 13110 166525 218555234 1.36 0.77 -0.76 89841 76684 1.17 5.24
20190918 13220 13300 13030 13210 197647 260511339 2.05 0.89 0.08 76601 121047 0.63 6.22
20190917 13160 13330 13110 13200 223045 294322816 1.67 0.94 0.23 86075 136970 0.63 7.02
20190916 13200 13240 13090 13170 174844 229888030 1.13 0.71 -0.60 79875 94969 0.84 5.50
20190912 13490 13500 13200 13250 230342 306257248 2.24 0.90 -0.90 125561 104781 1.20 7.25
20190911 13270 13410 13220 13370 252103 335761000
20190910 13470 13470 13220 13270 235349 313222192 1.87 1.01 -0.52 112758 122592 0.92 7.40
20190909 13170 13340 13060 13340 289240 381259440 2.14 1.31 1.99 101993 187247 0.54 9.10
20190906 13060 13180 12990 13080 227420 296767264 1.45 1.12 0.15 106334 121086 0.88 7.15
20190905 13330 13330 12990 13060 273425 358404224 2.63 1.46 1.16 111259 162166 0.69 8.60
20190904 12900 12920 12750 12910 171019 219438094 1.32 0.88 0.16 72850 98169 0.74 5.38
20190903 13150 13150 12810 12890 200206 259081000
20190902 12850 13180 12810 13010 232295 300926000
20190830 12820 12920 12690 12830 141498 181307019 1.79 0.64 -0.16 64925 76573 0.85 4.45
20190829 13020 13120 12830 12850 190958 247402317 2.23 0.89 -1.31 99853 91105 1.10 6.01
20190828 13030 13170 12890 13020 210280 273955520 2.15 0.98 0.00 87765 122515 0.72 6.61
20190827 13100 13320 12910 13020 265069 346834080 3.14 1.29 -0.31 134382 130686 1.03 8.34
20190826 12610 13560 12570 13060 265392 342312048 7.77 1.31 2.51 93118 172274 0.54 8.35
20190823 12750 12920 12710 12740 166674 212854782 1.65 0.75 0.16 72323 94351 0.77 5.24
20190822 12730 12840 12640 12720 171144 218054970 1.57 0.72 -0.16 67019 104125 0.64 5.38
20190821 12940 13010 12690 12740 204978 262360671 2.48 0.82 -1.39 114496 90482 1.27 6.45
20190820 13020 13120 12860 12920 216220 280285088 2.00 0.85 -0.39 94253 121967 0.77 6.80
20190819 13030 13150 12900 12970 250717 325459088 1.92 1.00 -0.54 118170 132547 0.89 7.89
20190816 12910 13270 12860 13040 263438 344329952 3.17 1.06 0.93 104679 158758 0.66 8.29
20190815 13000 13020 12630 12920 253040 325232416 3.00 1.07 -0.77 113114 139926 0.81 7.96
20190814 12810 13230 12780 13020 266176 345962208 3.53 1.25 2.12 95567 170609 0.56 8.37
20190813 12860 13040 12700 12750 233849 300156560 2.64 1.09 -1.09 106599 127249 0.84 7.36
20190812 12650 12920 12600 12890 234539 300516000
20190809 12470 12790 12460 12620 250826 317316784 2.65 1.29 1.28 94495 156331 0.60 7.89
20190808 12340 12520 12300 12460 195443 242667643 1.79 1.03 1.22 63966 131478 0.49 6.15
20190807 12200 12440 12200 12310 147312 181447214 1.97 0.73 0.90 62804 84508 0.74 4.63
20190806 12540 12690 12000 12200 239901 294239904 5.45 1.21 -3.63 109206 130696 0.84 7.55
20190805 12800 12880 12650 12660 173211 220755283 1.79 0.81 -1.40 71810 101402 0.71 5.45
20190802 12890 13050 12670 12840 217435 279230144 2.94 1.12 -0.62 83678 133758 0.63 6.84
20190801 12970 13180 12890 12920 171190 222635428 2.22 0.84 -1.15 79039 92151 0.86 5.39
20190731 13020 13310 12970 13070 213184 279446576 2.61 1.04 0.46 82442 130742 0.63 6.71
20190730 13100 13130 12820 13010 214131 278846816 2.41 1.15 1.01 95643 118488 0.81 6.74
20190729 13360 13360 12710 12880 251629 324935040 5.16 1.59 2.30 112054 139575 0.80 7.92
20190726 12620 12700 12520 12590 120830 152076771 1.42 0.71 -0.87 61601 59229 1.04 3.80
20190725 12780 12820 12600 12700 222785 282865152 1.74 1.47 0.40 82517 140268 0.59 7.01
20190724 12450 13010 12430 12650 215961 274425328 4.68 1.58 2.10 92418 123544 0.75 6.79
20190723 12330 12450 12260 12390 116203 143326913 1.54 0.78 0.65 53041 63163 0.84 3.66
20190722 12550 12670 12220 12310 116193 144637942 3.60 0.74 -1.52 56956 59237 0.96 3.66
20190719 12280 12750 12280 12500 178810 224050322 3.83 1.19 1.87 60741 118069 0.51 5.62
20190718 12680 12750 12210 12270 130010 161789069 4.27 0.83 -3.08 65176 64834 1.01 4.09
20190717 12800 12940 12660 12660 140460 179321153 2.19 0.84 -1.02 67032 73427 0.91 4.43
20190716 12420 12910 12370 12790 184007 232433695 4.34 1.06 2.90 51614 132392 0.39 5.81
20190715 12400 12550 12250 12430 147298 182098602 2.42 0.85 0.16 64435 82863 0.78 4.65
20190712 12230 12500 12000 12410 150938 185898121 4.11 0.90 1.89 51021 99917 0.51 4.77
20190711 12660 12720 12280 12280 163929 204424237 3.47 1.00 -3.23 86304 77625 1.11 5.18
20190710 13260 13340 12680 12690 188949 243835541 5.01 1.22 -3.64 111110 77839 1.43 5.97
20190709 12920 13580 12920 13170 214446 282071712 5.11 1.46 2.01 73978 140468 0.53 6.77
20190708 13340 13450 12880 12910 144567 188419227 4.28 0.92 -3.15 79477 65090 1.22 4.49
20190705 13430 13500 13240 13330 124763 166093865 1.94 0.76 -0.74 69094 55668 1.24 3.87
20190704 13440 13620 13360 13430 150099 201882890 1.94 0.82 0.22 65127 84972 0.77 4.66
20190703 13380 13570 13260 13400 142259 190827827 2.32 0.72 0.30 60220 82040 0.73 4.42
20190702 13650 13670 13280 13360 174184 233687835 2.86 0.85 -2.12 105390 68794 1.53 5.41
20190701 13640 13830 13600 13650 192048 262064052 1.69 0.91 0.59 110601 81447 1.36 5.96
20190628 13730 13850 13480 13570 162750 221842227 2.70 0.72 -1.02 72807 89942 0.81 5.05
20190627 13370 13990 13360 13710 245880 337483312 4.69 1.04 2.01 94375 151505 0.62 7.64
20190626 13600 13670 13320 13440 217543 292847040 2.56 0.86 -1.75 100437 117106 0.86 6.76
20190625 13920 13920 13620 13680 203113 278752656 2.15 0.81 -1.79 95830 107283 0.89 6.31
20190624 13940 14180 13860 13930 226896 316521504 2.31 0.93 0.51 99876 127020 0.79 7.05
20190621 13770 13940 13770 13860 232538 321794336 1.23 0.92 0.22 101422 131115 0.77 7.22
20190620 14030 14140 13750 13830 297261 412104000 2.78 1.17 -1.57 161032 136229 1.18 9.23
20190619 14020 14350 13950 14050 303203 426679520 2.87 1.18 0.93 133940 169263 0.79 9.42
20190618 13820 13940 13790 13920 188588 261687697 1.09 0.67 0.72 73899 114689 0.64 5.86
20190617 13850 14000 13760 13820 203010 280880176 1.73 0.70 -0.14 83988 119021 0.71 6.30
20190614 14080 14150 13720 13840 270514 376540272 3.05 0.94 -1.70 116583 153931 0.76 8.40
20190613 14370 14370 14030 14080 304662 431058208 2.38 1.03 -1.54 137801 166860 0.83 9.46
20190612 14360 14480 14200 14300 314440 449736096 1.96 1.12 0.00 142648 171792 0.83 9.76
20190611 14200 14340 14010 14300 315292 446725504 2.35 1.16 1.78 142796 172495 0.83 9.79
20190610 14000 14300 13880 14050 241317 339021600 3.02 0.85 0.93 103288 138029 0.75 7.49
20190606 14350 14450 13870 13920 265004 373954880 4.07 0.94 -2.32 122472 142533 0.86 8.23
20190605 13680 14800 13530 14250 345988 486368688 9.33 1.34 4.70 124277 221711 0.56 10.74
20190604 13810 13940 13570 13610 240039 329948608 2.69 0.93 -1.16 100019 140021 0.71 7.45
20190603 13720 13830 13270 13770 268279 364304000 4.10 1.05 0.81 105433 162846 0.65 8.33
20190531 14140 14140 13550 13660 307568 426522224 4.19 1.30 -2.91 146739 160828 0.91 9.55
20190530 14220 14240 14000 14070 241787 340608064 1.69 0.98 -0.78 97118 144669 0.67 7.51
20190529 14230 14340 14070 14180 229428 324675000
20190528 14300 14370 14100 14180 237906 339074784 1.89 0.88 -0.56 105291 132615 0.79 7.39
20190527 14140 14320 13970 14260 256187 361967984 2.49 0.91 1.28 112464 143723 0.78 7.96
20190524 14290 14400 14000 14080 217789 307887680 2.80 0.69 -1.40 95421 122368 0.78 6.76
20190523 14400 14530 13910 14280 290243 413967280 4.31 0.91 -0.70 114047 176196 0.65 9.01
20190522 14740 14900 14300 14380 261389 379096592 4.08 0.79 -2.18 120015 141374 0.85 8.12
20190521 14720 15000 14490 14700 332049 487182272 3.48 1.07 0.27 141555 190493 0.74 10.31
20190520 14350 14800 14220 14660 312892 453837840 4.10 1.06 3.53 116646 196246 0.59 9.72
20190517 14780 15080 14110 14160 371210 542137760 6.57 1.35 -4.07 174120 197090 0.88 11.53
20190516 14420 14850 14350 14760 322674 472922928 3.47 1.24 2.36 120684 201991 0.60 10.02
20190515 13920 14660 13870 14420 305185 436638368 5.70 1.21 4.12 118304 186881 0.63 9.48
20190514 13990 14120 13850 13850 239122 334578032 1.93 0.93 -0.86 102718 136405 0.75 7.43
20190513 13800 14090 13700 13970 234345 325987152 2.81 0.86 0.50 82042 152303 0.54 7.28
20190510 13680 14050 13620 13900 278351 384863328 3.16 1.01 2.13 107755 170596 0.63 8.64
20190509 13670 13800 13480 13610 245297 334583008 2.35 0.80 -0.15 100707 144590 0.70 7.62
20190508 13340 13770 13210 13630 268376 362345872 4.15 0.84 0.96 107451 160925 0.67 8.33
20190507 13230 13540 13130 13500 261361 346476720 3.11 0.79 2.43 98647 162713 0.61 8.12
20190506 13800 14000 12690 13180 301312 401001312 9.38 1.01 -5.65 125106 176206 0.71 9.36
20190430 14380 14490 13890 13970 306880 434293056 4.19 1.10 -2.51 146231 160649 0.91 9.53
20190429 14700 14950 14230 14330 388127 568722064 4.90 1.56 -2.38 170124 218003 0.78 12.05
20190426 14410 14790 14370 14680 344017 501383856 2.91 1.52 1.73 134796 209221 0.64 10.68
20190425 14380 14550 14250 14430 305511 440209456 2.09 1.49 0.63 123944 181567 0.68 9.49
20190424 14380 14400 14210 14340 143117 204585923 1.33 0.70 0.42 64931 78186 0.83 4.44
20190423 14510 14530 14140 14280 207840 297653296 2.71 1.03 -0.83 93062 114779 0.81 6.45
20190422 14300 14790 14270 14400 243282 352475264 3.62 1.26 0.28 116823 126459 0.92 7.55
20190419 14170 14440 14120 14360 235376 336725760 2.26 1.44 1.56 91623 143753 0.64 7.31
20190418 14130 14320 14030 14140 193883 274750688 2.05 1.13 0.07 84354 109529 0.77 6.02
20190417 14060 14280 14000 14130 148928 210696313 1.99 0.79 0.21 67452 81476 0.83 4.62
20190416 14020 14240 13850 14100 185864 260616082 2.78 1.01 0.36 82843 103020 0.80 5.77
20190415 13810 14130 13760 14050 197741 276012416 2.70 0.94 2.63 91234 106507 0.86 6.14
20190412 13780 13820 13630 13690 90153 123566830 1.38 0.37 -0.58 54106 36047 1.50 2.80
20190411 14370 14370 13670 13770 233683 324002304 4.86 0.91 -4.31 153000 80683 1.90 7.26
20190410 14370 14560 14200 14390 231763 332826336 2.49 0.89 -0.28 104158 127605 0.82 7.20
20190409 14200 14520 14030 14430 168785 241701436 3.45 0.55 1.62 76074 92712 0.82 5.24
20190408 14800 14900 13990 14200 324802 469095328 6.15 1.15 -4.05 199713 125089 1.60 10.09
20190404 15150 15150 14750 14800 258882 386147632 2.67 0.92 -1.14 149233 109649 1.36 8.04
20190403 14850 15140 14730 14970 299504 446014864 2.76 1.19 0.81 149076 150428 0.99 9.30
20190402 15040 15350 14850 14850 254731 382635088 3.31 0.99 -1.66 131161 123570 1.06 7.91
20190401 14410 15250 14310 15100 393253 582829552 6.54 1.56 5.08 172476 220777 0.78 12.21
20190329 14360 14450 13910 14370 201572 286207568 3.74 0.68 -0.48 115631 85941 1.35 6.26
20190328 14480 14830 14310 14440 257003 374966640 3.59 0.72 -0.35 125762 131241 0.96 7.98
20190327 14360 14540 14140 14490 148455 213313605 2.81 0.36 1.61 70714 77741 0.91 4.61
20190326 14880 15110 14220 14260 280061 405827216 5.97 0.71 -4.30 170820 109240 1.56 8.70
20190325 14320 15410 14200 14900 370767 550668448 8.23 1.04 1.36 163793 206974 0.79 11.51
20190322 15180 15200 14500 14700 422354 623660224 4.55 1.36 -4.55 249125 173229 1.44 13.12
20190321 14700 15630 14540 15400 566845 848479712 7.41 2.48 4.76 214319 352526 0.61 17.60
20190320 13990 14740 13960 14700 426883 611177568 5.57 2.28 4.93 157724 269159 0.59 13.37
20190319 13950 14080 13860 14010 188181 262437659 1.58 0.89 0.65 90885 97295 0.93 5.89
20190318 13810 13940 13730 13920 182172 251942718 1.53 0.81 1.09 86088 96083 0.90 5.70
20190315 13440 13950 13430 13770 186347 255600465 3.85 0.68 2.08 84470 101877 0.83 5.84
20190314 13860 13960 13300 13490 160074 217417213 4.74 0.48 -3.09 96562 63512 1.52 5.01
20190313 14300 14440 13780 13920 221122 310078624 4.63 0.65 -2.38 130505 90617 1.44 6.92
20190312 14030 14480 13930 14260 307910 436792672 3.96 0.94 2.59 144265 163645 0.88 9.64
20190311 13730 13990 13660 13900 246185 340223824 2.38 0.70 0.29 135649 110536 1.23 7.71
20190308 14640 14700 13600 13860 430436 613488032 7.50 1.55 -5.52 251330 179106 1.40 13.48
20190307 14480 14800 13700 14670 446208 633711744 7.60 2.20 1.31 233887 212321 1.10 13.97
20190306 14150 14660 14000 14480 275451 392829008 4.68 1.63 2.62 128880 146571 0.88 8.63
20190305 14150 14300 13820 14110 244461 342486704 3.42 1.45 0.43 116032 128428 0.90 7.65
20190304 13410 14480 13350 14050 365741 505599136 8.55 2.46 6.28 137327 228414 0.60 11.45
20190301 13090 13220 13020 13220 56921 74631144 1.52 0.36 0.76 27884 29037 0.96 1.78
20190228 13160 13170 13000 13120 70459 92269565 1.30 0.43 0.15 37100 33359 1.11 2.21
20190227 13220 13360 13050 13100 105473 139402919 2.32 0.59 -2.02 62922 42552 1.48 3.30
20190226 13560 13750 13210 13370 245033 329692880 4.00 1.32 -0.96 109213 135820 0.80 7.67
20190225 12800 13800 12800 13500 266855 357569680 7.75 1.43 4.57 109702 157153 0.70 8.36
20190222 12940 12980 12730 12910 92952 119263656 1.93 0.43 -0.31 50048 42904 1.17 2.91
20190221 13200 13200 12930 12950 102225 133169414 2.05 0.45 -1.60 63306 38919 1.63 3.20
20190220 13360 13540 12970 13160 180355 237383334 4.27 0.78 -1.42 104237 76118 1.37 5.65
20190219 14190 14190 13150 13350 286306 389354080 7.76 1.36 -0.45 164157 122148 1.34 8.97
20190218 13230 13600 13100 13410 272478 363258608 3.78 1.55 1.44 120818 151660 0.80 8.53
20190215 12690 13980 12610 13220 232134 305787824 10.78 1.62 4.01 99308 132825 0.75 7.27
20190214 12960 12960 12650 12710 155599 199440311 2.41 1.14 -1.01 89643 65956 1.36 4.87
20190213 12700 12920 12520 12840 213433 271676528 3.17 1.92 1.82 88863 124570 0.71 6.68
20190212 12370 12790 12330 12610 176766 221833831 3.72 1.55 1.94 85424 91342 0.94 5.54
20190211 12360 12380 12230 12370 101026 124411833 1.22 0.83 0.32 50192 50835 0.99 3.16
20190201 12370 12380 12260 12330 71304 87673016 0.97 0.53 0.08 40213 31091 1.29 2.23
20190131 12450 12550 12250 12320 122499 151784642 2.40 0.91 -1.36 52215 70284 0.74 3.84
20190130 12660 12680 12450 12490 83297 104498944 1.82 0.53 -1.42 39888 43409 0.92 2.61
20190129 12690 12830 12560 12670 191322 242471880 2.13 1.15 0.16 82040 109281 0.75 5.99
20190128 12630 12750 12580 12650 139648 176595865 1.35 0.84 0.16 58669 80979 0.72 4.37
20190125 12660 12840 12560 12630 134973 171174634 2.21 0.78 -0.39 52988 81985 0.65 4.23
20190124 12720 12720 12540 12680 123505 155971626 1.42 0.60 0.08 53760 69745 0.77 3.87
20190123 12570 12820 12420 12670 190537 240952361 3.17 1.05 0.40 75403 115134 0.65 5.97
20190122 13000 13000 12510 12620 240074 304351632 3.77 1.56 -2.92 120582 119491 1.01 7.52
20190121 13160 13160 12950 13000 140281 182630455 1.61 0.97 -0.46 61250 79031 0.78 4.39
20190118 13190 13220 12990 13060 167381 218798985 1.75 1.26 -0.68 81235 86146 0.94 5.24
20190117 12990 13250 12930 13150 283875 369820448 2.46 2.50 1.15 125730 158144 0.80 8.89
20190116 13060 13060 12980 13000 79134 102919920 0.61 0.63 -0.23 35975 43159 0.83 2.48
20190115 13030 13160 12990 13050 95256 124215861 1.30 0.58 0.00 42997 52258 0.82 2.98
20190114 13030 13160 12990 13050 95256 124216000
20190111 13160 13240 13010 13050 109348 142876000
20190110 13220 13310 13010 13120 186556 244850000
20190109 13400 13400 13210 13210 138381 184121803 1.42 0.93 -1.20 65598 72783 0.90 4.33
20190108 13550 13590 13360 13370 126566 170367170 1.69 0.87 -1.98 62083 64482 0.96 3.96
20190107 13220 13720 13000 13640 258592 344260672 5.46 2.20 3.41 108757 149835 0.73 8.10
20190104 13160 13230 13040 13190 157512 206802825 1.45 1.41 0.46 77411 80101 0.97 4.93
20190103 13140 13300 13000 13130 150620 197694170 2.29 1.36 0.23 62718 87901 0.71 4.72
20190102 13230 13250 13070 13100 54237 71224420 1.36 0.44 -0.76 27507 26731 1.03 1.70
20181228 13180 13350 13130 13200 109366 144550748 1.67 0.90 0.30 48756 60611 0.80 3.42
20181227 13350 13500 13150 13160 114903 152961730 2.64 0.85 -0.83 48220 66683 0.72 3.60
20181226 13190 13500 13110 13270 128441 170618590 2.95 0.78 0.53 51615 76826 0.67 4.02
20181225 13460 13540 13020 13200 148315 196785831 3.87 0.82 -1.86 70837 77478 0.91 4.64
20181224 13590 13650 13390 13450 111412 150233707 1.92 0.61 -0.44 46462 64950 0.72 3.60
20181221 13650 13740 13490 13510 107016 145483477 1.83 0.56 -1.17 45312 61704 0.73 4.28
20181220 13780 13920 13620 13670 177789 244800891 2.18 1.00 -0.73 79445 98344 0.81 7.12
20181219 13540 13980 13500 13770 283957 389025328 3.56 1.87 2.00 102025 181932 0.56 11.37
20181218 13330 13600 13320 13500 221107 297500000
20181217 13440 13500 13290 13350 128262 171419413 1.56 0.93 -0.67 49425 78837 0.63 5.14
20181214 13520 13620 13400 13440 141774 191421143 1.63 1.03 -0.52 59951 81822 0.73 5.68
20181213 13510 13580 13470 13510 115970 156802806 0.81 0.82 0.07 50600 65370 0.77 4.64
20181212 13380 13680 13360 13500 152916 206572589 2.38 1.13 0.37 65653 87263 0.75 6.12
20181211 13380 13590 13350 13450 153305 206173776 1.80 1.20 0.82 69109 84196 0.82 6.14
20181210 13350 13500 13280 13340 123184 164441267 1.65 0.97 -0.15 50179 73005 0.69 4.93
20181207 13340 13500 13300 13360 144450 193175063 1.51 1.24 0.68 58520 85931 0.68 5.78
20181206 13310 13450 13150 13270 136010 180395784 2.25 1.14 -0.60 55590 80420 0.69 5.45
20181205 13570 13640 13300 13350 121756 163465801 2.49 1.04 -2.13 64678 57078 1.13 4.87
20181204 13650 13800 13510 13640 114194 155572710 2.12 1.01 -0.07 55967 58227 0.96 4.57
20181203 13500 13890 13500 13650 116742 159376561 2.90 1.07 1.64 61939 54803 1.13 4.67
20181130 13490 13700 13350 13430 95946 129349322 2.58 0.76 -0.89 45697 50248 0.91 3.84
20181129 13310 14100 13290 13550 147975 201205820 6.06 1.22 1.35 72831 75144 0.97 5.92
20181128 13390 13470 13230 13370 112203 149512603 1.78 0.90 -0.59 56994 55209 1.03 4.49
20181127 13700 13700 13390 13450 93513 126780044 2.28 0.63 -1.25 42799 50714 0.84 3.74
20181126 13720 13790 13560 13620 95059 129951661 1.68 0.55 -0.80 44009 51050 0.86 3.81
20181123 14250 14250 13600 13730 185463 257726899 4.60 1.06 -2.76 96130 89333 1.08 7.43
20181122 14140 14250 14060 14120 120470 170342036 1.35 0.70 0.00 58996 61474 0.96 4.82
20181121 14240 14240 14020 14120 129821 183051425 1.55 0.71 -0.21 59605 70216 0.85 5.20
20181120 14160 14420 14100 14150 212914 303226000
20181119 14490 14550 14190 14260 216661 309660000
20181116 14070 14300 14010 14120 197898 280393000
20181115 14080 14110 14000 14030 105204 147726110 0.78 0.52 -0.36 55628 49576 1.12 4.21
20181114 14330 14350 14020 14080 185295 261811729 2.31 0.86 -1.54 92020 93275 0.99 7.42
20181113 13870 14490 13840 14300 325173 461916096 4.67 1.50 2.66 131064 194109 0.68 13.02
20181112 13870 14080 13800 13930 169357 235483469 2.03 0.79 0.94 73229 96128 0.76 6.78
20181109 13880 14030 13770 13800 127467 176739371 1.87 0.56 -0.65 60625 66842 0.91 5.21
20181108 14000 14130 13760 13890 196226 272620768 2.66 0.91 -0.29 89967 106258 0.85 8.03
20181107 14150 14340 13750 13930 261624 365698064 4.16 1.41 -1.69 126407 135217 0.93 10.70
20181106 13370 14660 13340 14170 327791 448279232 9.90 2.27 6.22 132751 195040 0.68 13.41
20181105 13280 13490 13120 13340 154180 204749723 2.79 1.01 0.68 67361 86819 0.78 6.31
20181102 13350 13600 13160 13250 193503 256938336 3.32 1.22 -0.15 93921 99581 0.94 7.92
20181101 13210 13600 13190 13270 137780 183375768 3.11 0.88 0.53 55731 82049 0.68 5.64
20181031 13280 13350 13150 13200 112543 148906769 1.51 0.74 -0.53 51414 61129 0.84 4.60
20181030 13270 13360 13120 13270 124977 165351097 1.81 0.78 0.23 55580 69397 0.80 5.11
20181029 13380 13550 13090 13240 192993 256750095 3.46 1.27 -0.38 87334 105659 0.83 7.89
20181026 13190 13420 13140 13290 222846 295734944 2.14 1.68 1.37 86627 136219 0.64 9.12
20181025 12990 13200 12910 13110 133493 174524846 2.20 1.10 -0.46 56729 76764 0.74 5.46
20181024 13230 13280 13040 13170 89176 117541009 1.81 0.74 -0.53 42843 46333 0.92 53.40
20181023 13230 13500 13130 13240 162065 214785255 2.80 1.50 0.30 76405 85660 0.89 6.63
20181022 12870 13320 12840 13200 149528 195686012 3.77 1.54 3.69 68365 81163 0.84 6.12
20181019 12820 12850 12590 12730 128926 163463102 2.02 1.39 -1.32 61650 67276 0.92 5.27
20181018 13090 13150 12860 12900 77306 100468350 2.22 0.65 -1.07 32551 44755 0.73 3.16
20181017 12930 13150 12870 13040 86238 112102809 2.16 0.61 0.62 41394 44844 0.92 3.53
20181016 13070 13220 12900 12960 98499 128678532 2.46 0.65 -0.54 46513 51986 0.89 4.03
20181015 12930 13200 12900 13030 93994 122700176 2.33 0.57 1.24 46652 47342 0.99 3.85
20181012 13050 13050 12720 12870 108506 139314635 2.54 0.65 -1.00 48860 59646 0.82 4.44
20181011 13380 13400 12930 13000 206442 272399376 3.52 1.13 -2.62 84111 122331 0.69 8.44
20181010 13190 13500 13140 13350 199149 265236972 2.72 1.07 0.83 79837 119312 0.67 8.15
20181009 13120 13420 13090 13240 148655 196089080 2.52 0.88 1.22 63242 85414 0.74 6.08
20181008 13140 13370 12940 13080 157339 205766348 3.24 0.92 -1.58 71913 85426 0.84 6.44
20180928 13500 13640 13180 13290 128658 171543484 3.44 0.81 -0.67 69401 59257 1.17 5.26
20180927 13140 13780 13040 13380 278968 371722576 5.63 2.23 1.83 134368 144601 0.93 11.41
20180926 12920 13340 12890 13140 217094 284416224 3.48 2.27 1.55 98368 118725 0.83 8.88
20180925 12990 13090 12890 12940 58052 75074038 1.55 0.65 0.00 30445 27607 1.10 2.37
20180921 12680 13380 12670 12940 174093 225022646 5.60 2.63 2.05 87396 86697 1.01 7.12
20180920 12690 12850 12620 12680 63111 80161770 1.81 0.85 0.00 32822 30288 1.08 2.58
20180919 12490 12870 12440 12680 114209 144357419 3.45 1.52 1.68 49789 64420 0.77 4.67
20180918 12440 12580 12350 12470 67985 84579865 1.85 0.81 0.48 26942 41043 0.66 2.78
20180917 12540 12560 12350 12410 27441 34131146 1.68 0.30 -0.80 10396 17045 0.61 1.12
20180914 12640 12650 12470 12510 58126 72874742 1.44 0.64 0.40 20284 37842 0.54 2.38
20180913 12630 12750 12300 12460 101465 126975950 3.58 1.16 -0.88 46460 55005 0.84 4.15
20180912 12600 12760 12420 12570 121905 153092852 2.70 1.74 -0.24 48888 73017 0.67 4.99
20180911 12660 12990 12470 12600 111719 140988284 4.15 2.06 0.48 52413 59306 0.88 4.57
20180910 12630 12730 12490 12540 70429 88516545 1.91 1.47 -0.32 27258 43170 0.63 2.88
20180907 12740 12810 12580 12580 48259 61125064 1.82 1.01 -0.63 23459 24800 0.95 1.97
20180906 12620 12880 12530 12660 86406 109461129 2.80 1.99 1.20 31547 54859 0.58 3.53
20180905 12600 12660 12450 12510 34485 43334817 1.67 0.56 -0.40 16100 18385 0.88 1.41
20180904 12550 12680 12460 12560 31813 39954629 1.76 0.42 0.48 12834 18979 0.68 1.30
20180903 12720 12770 12500 12500 38549 48553268 2.14 0.50 -1.11 19089 19460 0.98 1.58
20180831 12900 13060 12590 12640 47177 59937355 3.65 0.63 -1.94 26037 21140 1.23 1.93
20180830 13160 13300 12890 12890 64721 84630923 3.12 0.89 -1.83 31339 33382 0.94 2.65
20180829 12670 13800 12490 13130 126932 165184140 10.27 2.26 2.90 67260 59673 1.13 5.19
20180828 13570 13570 12760 12760 101890 133317705 6.02 1.82 -5.13 56775 45115 1.26 4.17
20180827 13500 13610 13400 13450 42621 57382541 1.57 0.70 0.37 21603 21018 1.03 1.74
20180824 13400 13650 13380 13400 40311 54275047 2.01 0.53 -0.30 24458 15853 1.54 1.65
20180823 13580 13640 13380 13440 50754 68339478 1.91 0.58 -1.03 25712 25042 1.03 2.08
20180822 13720 13830 13570 13580 45172 61801493 1.90 0.46 -1.02 25872 19300 1.34 1.85
20180821 13360 13900 13180 13720 101363 137917591 5.39 0.91 2.69 49793 51570 0.97 4.15
20180820 13720 13750 13320 13360 67617 90980080 3.14 0.55 -2.48 35963 31655 1.14 2.77
20180817 13850 14060 13600 13700 113453 156596389 3.33 0.88 -0.94 60149 53304 1.13 4.64
20180816 13750 13930 13630 13830 113519 156631937 2.18 0.84 0.51 56068 57452 0.98 4.64
20180815 13760 13950 13600 13760 98546 135509386 2.55 0.67 0.22 50480 48066 1.05 4.03
20180814 13750 14100 13640 13730 164838 227655808 3.39 1.08 1.25 97921 66917 1.46 6.74
20180813 13480 14000 13410 13560 120234 163929491 4.30 0.63 -1.09 62254 57980 1.07 4.92
20180810 13320 13980 13320 13710 148305 203490392 4.90 0.68 1.71 75262 73043 1.03 6.07
20180809 13220 13600 13110 13480 141355 189035305 3.71 0.61 1.97 75274 66081 1.14 5.78
20180808 13320 13640 13100 13220 158658 210727287 4.02 0.73 -1.49 80619 78039 1.03 6.49
20180807 13640 13940 13260 13420 194653 262243871 4.95 0.90 -2.26 112671 81983 1.37 7.96
20180806 13700 14500 13100 13730 317728 440590304 10.33 1.88 1.33 162450 155278 1.05 13.00
20180803 12880 13750 12750 13550 276244 365242416 7.76 2.25 5.20 134025 142219 0.94 11.30
20180802 12520 13030 12510 12880 218792 278775552 4.13 2.37 2.30 100616 118176 0.85 8.95
20180801 12640 12800 12440 12590 77722 97648781 2.85 0.75 -0.32 39170 38552 1.02 3.18
20180731 12270 13500 12270 12630 196320 249271995 9.94 2.10 2.02 98081 98240 1.00 8.03
20180730 12200 12580 12180 12380 73793 91309250 3.27 0.82 1.31 32096 41696 0.77 3.02
20180727 12160 12370 12040 12220 47873 58351896 2.71 0.53 0.49 23221 24651 0.94 1.96
20180726 12170 12400 12030 12160 65192 79417560 3.01 0.64 -1.06 35786 29406 1.22 2.67
20180725 12490 12750 12180 12290 133416 165540379 4.55 1.57 -1.92 81018 52398 1.55 5.46
20180724 12350 12890 12260 12530 146806 184094985 5.12 2.12 1.79 71579 75227 0.95 6.01
20180723 12100 12390 12050 12310 56216 68941590 2.80 0.85 1.48 23989 32227 0.74 2.30
20180720 12060 12250 11980 12130 46519 56270057 2.24 0.62 0.58 25218 21300 1.18 1.90
20180719 12000 12460 11910 12060 123767 149970567 4.56 1.56 0.08 70068 53698 1.30 5.06
20180718 12130 12380 11940 12050 50725 61294506 3.61 0.67 -1.23 31918 18807 1.70 2.08
20180717 12200 12340 11990 12200 68949 83325285 2.86 0.94 -0.16 35079 33870 1.04 2.84
20180716 12490 12500 12130 12220 40444 49541255 2.99 0.44 -1.37 25464 14980 1.70 1.67
20180713 12310 12690 12250 12390 91772 114665786 3.56 1.12 0.32 46023 45750 1.01 3.78
20180712 11930 12950 11930 12350 144298 178353747 8.56 2.47 3.61 63532 80767 0.79 5.94
20180711 11810 12020 11800 11920 30458 36239733 1.84 0.48 -0.33 14945 15513 0.96 1.25
20180710 12020 12270 11900 11960 61098 73552386 3.08 0.88 -0.33 29841 31257 0.95 2.52
20180709 11640 12520 11610 12000 130095 157792759 7.82 2.25 3.18 53098 76996 0.69 5.36
20180706 11470 11800 11410 11630 42910 49679716 3.40 0.74 1.39 17570 25340 0.69 1.77
20180705 11710 11800 11410 11470 26968 31271288 3.33 0.41 -2.13 13469 13499 1.00 1.11
20180704 11920 12190 11640 11720 56637 67076701 4.59 0.68 -2.17 32432 24206 1.34 2.33
20180703 11600 12280 11600 11980 91288 109205251 5.79 1.27 1.96 41088 50200 0.82 3.76
20180702 11550 12100 11550 11750 71065 83559577 4.74 0.93 1.29 31444 39621 0.79 2.93
20180629 11400 11680 11350 11600 44802 51654555 2.84 0.63 0.00 24470 20332 1.20 1.84
20180628 11790 12000 11310 11600 67549 78312202 5.86 0.98 -1.53 45025 22524 2.00 2.78
20180627 11290 12420 11240 11780 143027 170612201 10.45 2.51 4.34 92223 50804 1.82 5.89
20180626 11280 11350 11150 11290 33547 37775498 1.76 0.55 -0.62 18878 14670 1.29 1.38
20180625 11240 11440 11060 11360 91582 102703822 3.43 1.88 2.62 30253 61329 0.49 3.77
20180622 11050 11290 11020 11070 20552 22817508 2.44 0.37 -0.09 12326 8226 1.50 0.85
20180621 11130 11310 10890 11080 57189 63588081 3.77 1.11 -0.63 27046 30143 0.90 2.35
20180620 10940 11150 10500 11150 82143 89270343 5.91 1.48 1.36 31093 51050 0.61 3.38
20180619 11180 11360 10730 11000 54759 60391401 5.54 0.62 -3.25 29907 24852 1.20 2.25
20180615 11280 11400 11080 11370 28624 32217824 2.81 0.33 0.00 13717 14906 0.92 1.18
20180614 10990 11440 10930 11370 52694 59081285 4.57 0.64 1.79 21134 31560 0.67 2.17
20180613 11290 11390 11000 11170 40283 44829799 3.39 0.53 -2.79 29525 10757 2.74 1.66
20180612 10710 11500 10710 11490 100297 111128605 6.88 1.72 0.09 45415 54882 0.83 4.13
20180611 10560 11480 10560 11480 219649 234906381 7.84 12.68 -2.13 86692 132957 0.65 9.04
20180608 13000 13020 11730 11730 24171 29226902 9.90 1.44 -9.98 9264 14907 0.62 1.00
20180606 13310 13310 12510 13030 28659 36979156 6.02 1.79 -1.96 16932 11727 1.44 1.18
20180605 13330 13370 13150 13290 9054 12009723 1.65 0.41 -0.08 5115 3939 1.30 0.37
20180604 13310 13390 13200 13300 10193 13540040 1.44 0.35 0.61 4685 5508 0.85 0.42
20180601 13070 13340 13070 13220 14517 19220737 2.04 0.43 0.00 8310 6206 1.34 0.60
20180531 13260 13380 13100 13220 21357 28198825 2.12 0.58 0.08 8008 13350 0.60 0.88
20180530 13580 13790 13100 13210 24893 33307890 5.09 0.63 -2.51 12832 12061 1.06 1.02
20180529 13950 14040 13520 13550 39278 54506104 3.73 1.09 -2.87 20948 18330 1.14 1.62
20180528 13990 14050 13130 13950 45310 62818507 6.58 1.52 -0.29 17194 28116 0.61 1.87
20180525 13860 14040 13700 13990 39708 55346019 2.45 1.65 0.79 16048 23660 0.68 1.63
20180524 14100 14210 13850 13880 33586 47031833 2.53 1.60 -2.46 14844 18741 0.79 1.38
20180523 14320 14450 13940 14230 38925 54907149 3.53 1.65 -1.59 22157 16768 1.32 1.60
20180522 14450 14480 14130 14460 23467 33671453 2.42 0.91 0.14 12337 11131 1.11 0.97
20180521 14350 14550 14300 14440 13015 18745343 1.75 0.48 0.98 7099 5916 1.20 0.54
20180518 14180 14300 14150 14300 11455 16275336 1.06 0.40 0.85 6191 5264 1.18 0.47
20180517 14250 14350 14000 14180 18033 25604483 2.47 0.61 0.00 8302 9731 0.85 0.74
20180516 14480 14530 14110 14180 52291 74872173 2.90 2.29 -2.07 14616 37675 0.39 2.15
20180515 14650 14650 14430 14480 34000 49427070 1.51 1.78 -0.75 10397 23603 0.44 1.40
20180514 14430 14650 14360 14590 19883 28956594 2.02 1.03 1.67 9862 10021 0.98 0.82
20180511 14320 14430 14260 14350 20561 29461590 1.18 1.06 -0.28 11956 8606 1.39 0.85
20180510 14600 14650 14370 14390 21446 31129760 1.91 1.10 -1.64 10487 10959 0.96 0.88
20180509 14640 14680 14460 14630 18163 26422579 1.50 0.91 -0.07 8479 9684 0.88 0.75
20180508 14690 14860 14560 14640 15700 23045811 2.04 0.79 -0.48 8109 7591 1.07 0.65
20180507 14580 14800 14400 14710 21081 30905096 2.74 0.97 0.68 7803 13278 0.59 0.87
20180504 14650 14770 14520 14610 20913 30576206 1.71 0.97 -0.07 8246 12667 0.65 0.86
20180503 14690 14690 14510 14620 21587 31511982 1.23 1.02 0.21 7807 13780 0.57 0.89
20180502 14600 14680 14430 14590 20653 30019485 1.72 0.94 0.55 8316 12336 0.67 0.85
20180427 14650 14730 14450 14560 14638 21331190 1.92 0.56 0.07 7900 6738 1.17 0.60
20180426 14750 14760 14410 14550 31225 45510319 2.37 1.17 -1.36 18787 12438 1.51 1.29
20180425 14940 15120 14730 14750 19349 28821637 2.59 0.61 -1.86 11673 7676 1.52 0.80
20180424 14880 15080 14810 15030 20446 30647426 1.81 0.61 1.01 10062 10385 0.97 0.84
20180423 15050 15140 14600 14880 23624 35094184 3.64 0.67 0.20 12940 10684 1.21 0.97
20180420 15050 15170 14590 14850 35214 52307865 3.84 0.98 -1.66 20676 14537 1.42 1.45
20180419 15390 15420 15100 15100 34661 52889808 2.09 0.85 -1.24 19417 15245 1.27 1.43
20180418 15110 15290 14790 15290 43838 66326919 3.31 1.21 1.19 18539 25299 0.73 1.80
20180417 15290 15620 15020 15110 30519 46685668 3.93 0.80 -0.98 16023 14496 1.11 1.26
20180416 15480 15480 14980 15260 33362 50469624 3.22 0.95 -1.80 18493 14870 1.24 1.37
20180413 15570 15760 15230 15540 36984 57238629 3.45 0.99 1.24 18323 18661 0.98 1.52
20180412 15250 15700 15150 15350 59262 91532852 3.61 1.81 0.66 28446 30816 0.92 2.44
20180411 15000 15340 15000 15250 21776 32994392 2.22 0.60 -0.33 12351 9425 1.31 0.90
20180410 14880 15560 14880 15300 38848 59062674 4.59 1.09 3.38 16810 22038 0.76 1.60
20180409 14470 14980 14470 14800 18322 27045548 3.45 0.49 0.14 9063 9259 0.98 0.75
20180404 14780 15050 14570 14780 48402 71562352 3.21 1.28 -1.07 27694 20708 1.34 1.99
20180403 14840 15300 14740 14940 35933 53764360 3.78 1.01 0.88 14774 21159 0.70 1.48
20180402 15130 15300 14750 14810 40919 61277130 3.64 1.27 -2.12 28313 12606 2.25 1.68
20180330 14920 15200 14820 15130 35136 52817571 2.55 1.05 1.61 11144 23991 0.46 1.45
20180329 14910 15080 14800 14890 26989 40252612 1.88 0.84 0.00 10977 16012 0.69 1.15
20180328 14650 15100 14600 14890 49777 74350538 3.40 1.92 1.15 17022 32754 0.52 2.11
20180327 14320 14800 14320 14720 24950 36681701 3.34 0.93 2.29 12709 12241 1.04 1.06
20180326 14390 14390 14050 14390 23936 34021052 2.33 0.95 -1.57 12560 11376 1.10 1.02
20180323 14000 14670 14000 14620 42287 61000770 4.51 1.94 -1.62 23888 18399 1.30 1.80
20180322 14850 14990 14750 14860 19749 29309205 1.61 0.81 -0.13 8832 10917 0.81 0.84
20180321 14900 15080 14820 14880 18408 27526993 1.75 0.62 0.00 10625 7783 1.37 0.78
20180320 14880 15040 14770 14880 29931 44585938 1.80 0.86 -1.06 13317 16614 0.80 1.27
20180319 14800 15280 14800 15040 15738 23819684 3.18 0.28 -0.33 7244 8494 0.85 0.67
20180316 14940 15300 14940 15090 25284 38448035 2.38 0.41 -0.13 9156 16128 0.57 1.07
20180315 15420 15420 14760 15110 32161 48519981 4.30 0.50 -1.56 16194 15967 1.01 1.37
20180314 15900 15900 15300 15350 44931 69812764 3.75 0.70 -4.06 25778 19153 1.35 1.91
20180313 16100 16200 15750 16000 56117 89169499 2.80 0.93 -0.62 28894 27223 1.06 2.38
20180312 15840 16320 15840 16100 120440 193784539 3.00 2.98 0.75 44051 76389 0.58 5.11
20180309 15550 16000 15550 15980 56135 88881129 2.88 1.77 2.17 20600 35534 0.58 2.38
20180308 15350 15720 15190 15640 42972 66634189 3.44 1.61 1.62 19089 23882 0.80 1.82
20180307 15060 15490 14910 15390 45338 69098372 3.84 2.17 1.92 19124 26214 0.73 1.93
20180306 14700 15260 14700 15100 35809 53648307 3.80 1.89 2.58 18433 17376 1.06 1.52
20180305 14600 14760 14260 14720 21672 31431312 3.47 0.78 2.29 9523 12150 0.78 0.92
20180302 14550 14580 14330 14390 12488 18023327 1.72 0.32 -0.83 8440 4049 2.08 0.53
20180301 14590 14680 14400 14510 18262 26559734 1.92 0.34 -0.68 11100 7163 1.55 0.78
20180228 14700 14840 14530 14610 16045 23518841 2.10 0.29 -0.88 8771 7274 1.21 0.68
20180227 14700 14770 14300 14740 26103 38002928 3.21 0.44 0.61 14439 11664 1.24 1.11
20180226 13200 14730 13200 14650 65657 93392492 11.30 1.18 8.20 38101 27556 1.38 2.79
20180223 12310 13600 12310 13540 67622 89023023 9.56 1.40 0.37 31121 36501 0.85 2.87
20180201 14820 15270 13470 13490 91099 126733458 12.02 2.01 -9.89 44761 46338 0.97 3.87
20180131 15020 15050 14860 14970 22702 33885039 1.25 0.40 -1.12 13651 9051 1.51 0.96
20180130 15540 15550 14830 15140 47232 71248947 4.68 0.74 -1.69 18456 28776 0.64 2.01
20180129 16300 16360 15390 15400 48514 76769821 5.93 0.74 -5.87 28796 19718 1.46 2.06
20180126 16330 16780 16280 16360 32494 53455369 3.01 0.51 -1.39 14069 18425 0.76 1.38
20180125 16500 16810 16380 16590 75435 125565471 2.59 1.47 -0.06 34546 40888 0.84 3.20
20180124 16190 16710 16020 16600 78022 128186479 4.25 1.77 2.15 24497 53525 0.46 3.31
20180123 15900 16430 15860 16250 84452 136068530 3.58 2.67 2.20 29425 55027 0.53 3.59
20180122 15640 15980 15450 15900 57820 91286339 3.39 2.00 1.66 15622 42198 0.37 2.46
20180119 15510 15790 15480 15640 21688 33792652 1.97 0.61 -0.45 10126 11562 0.88 0.92
20180118 15580 15780 15570 15710 14373 22499278 1.34 0.39 -0.13 8454 5920 1.43 0.61
20180117 15600 15860 15030 15730 42545 65763777 5.31 1.33 0.70 19030 23514 0.81 1.81
20180116 15450 15650 15380 15620 21650 33504274 1.73 0.64 0.32 9498 12152 0.78 0.92
20180115 15600 16150 15350 15570 44631 70449486 5.10 1.29 -0.76 18894 25738 0.73 1.90
20180112 15480 16000 15300 15690 54753 85605775 4.52 2.04 1.23 32237 22516 1.43 2.32
20180111 15420 15550 15300 15500 19066 29484236 1.62 0.73 0.52 6576 12490 0.53 0.81
20180110 15530 15590 15200 15420 19338 29699711 2.51 0.73 -0.90 12894 6444 2.00 0.82
20180109 15210 15680 15210 15560 32436 50108297 3.04 1.46 0.58 13180 19257 0.68 1.38
20180108 15100 15970 14900 15470 47589 73023747 7.07 3.29 2.18 25694 21895 1.17 2.02
20180105 15100 15310 15070 15140 15887 24137275 1.59 1.67 0.26 7500 8387 0.89 0.67
20180104 15010 15130 14930 15100 15106 22667597 1.32 1.12 -0.20 9121 5985 1.52 0.64
20180103 14820 15180 14810 15130 21295 32016754 2.48 1.78 1.54 10344 10951 0.94 0.90
20180102 14900 14950 14800 14900 11196 16669048 1.01 0.98 0.81 5966 5230 1.14 0.48
20171229 14690 14810 14570 14780 8761 12865780 1.63 0.74 0.61 4464 4297 1.04 0.37
20171228 14620 14780 14610 14690 13082 19237600 1.15 1.17 -0.20 5221 7860 0.66 0.56
20171227 14880 14890 14630 14720 12910 19000191 1.77 1.06 0.00 7636 5274 1.45 0.55
20171226 14480 14840 14480 14720 13855 20326198 2.47 1.17 0.82 5717 8138 0.70 0.59
20171225 14750 14760 14570 14600 8384 12278536 1.30 0.68 -0.41 4907 3477 1.41 0.36
20171222 14740 14850 14500 14660 10920 16012147 2.37 0.85 -0.54 5876 5044 1.16 0.46
20171221 14650 14850 14580 14740 10035 14807671 1.84 0.74 0.61 4311 5725 0.75 0.43
20171220 14830 14870 14530 14650 17482 25652023 2.29 1.22 -1.21 9689 7793 1.24 0.74
20171219 14800 15040 14750 14830 12606 18770821 1.94 0.83 -0.60 7547 5060 1.49 0.54
20171218 14900 15080 14900 14920 10832 16252806 1.21 0.57 0.13 5905 4926 1.20 0.46
20171215 14920 15100 14860 14900 13221 19773622 1.59 0.68 -1.00 10154 3067 3.31 0.56
20171214 15000 15060 14870 15050 13611 20398710 1.27 0.71 0.33 7334 6278 1.17 0.58
20171213 14850 15070 14700 15000 21137 31623799 2.52 1.19 2.04 6566 14571 0.45 0.90
20171212 15050 15080 14680 14700 17130 25359183 2.66 0.89 -2.33 11355 5774 1.97 0.73
20171211 14560 15090 14560 15050 30300 45267005 3.63 1.93 3.08 8206 22093 0.37 1.29
20171208 14450 14700 14450 14600 15323 22408521 1.72 1.02 0.27 4498 10825 0.42 0.65
20171207 14400 14630 14260 14560 11362 16476157 2.57 0.67 1.25 4494 6869 0.65 0.48
20171206 14240 14380 14000 14380 14384 20354176 2.67 0.80 0.98 6404 7981 0.80 0.61
20171205 14660 14660 13920 14240 25291 35809489 5.10 1.62 -1.93 14282 11009 1.30 1.07
20171204 14750 14850 14500 14520 12217 17830310 2.38 0.74 -1.16 8707 3511 2.48 0.52
20171201 14550 14800 14510 14690 11657 17131952 2.00 0.65 1.10 5519 6137 0.90 0.49
20171130 14700 14750 14440 14530 21455 31294027 2.10 1.13 -1.56 12841 8614 1.49 0.91
20171129 15120 15120 14650 14760 18763 27783783 3.13 0.92 -1.86 12797 5966 2.14 0.80
20171128 14990 15140 14920 15040 13998 21063406 1.48 0.66 1.21 5966 8032 0.74 0.59
20171127 15000 15160 14810 14860 17161 25859418 2.33 0.77 -0.93 8286 8875 0.93 0.73
20171124 14570 15150 14570 15000 18136 26991740 3.91 0.66 1.01 8304 9832 0.84 0.77
20171123 14860 15130 14700 14850 26804 39935301 2.86 1.00 -1.13 14467 12337 1.17 1.14
20171122 14800 15080 14580 15020 25742 38502922 3.37 0.85 1.21 9626 16116 0.60 1.09
20171121 14700 14980 14520 14840 17898 26439002 3.12 0.51 0.54 9944 7954 1.25 0.76
20171120 14560 14830 14150 14760 23306 33780905 4.65 0.64 0.96 11189 12118 0.92 0.99
20171117 14910 14990 14110 14620 43215 62404035 5.90 1.27 -1.95 26296 16919 1.55 1.83
20171116 15120 15240 14880 14910 24376 36717403 2.37 0.68 -1.65 16671 7705 2.16 1.04
20171115 15440 15520 15100 15160 41958 64319183 2.74 1.25 -1.24 27416 14543 1.89 1.78
20171114 15240 15630 15160 15350 42882 66078247 3.08 1.32 0.66 21361 21521 0.99 1.82
20171113 15200 15450 15200 15250 30343 46344847 1.65 0.89 0.66 18517 11826 1.57 1.29
20171110 15350 15370 15010 15150 30950 46996094 2.37 0.80 -0.39 18981 11969 1.59 1.31
20171109 14900 15270 14870 15210 32805 49651993 2.68 0.76 1.81 15011 17794 0.84 1.39
20171108 14850 15090 14710 14940 30285 45225902 2.52 0.69 -0.80 18153 12132 1.50 1.32
20171107 14900 15170 14710 15060 37817 56785436 3.06 0.84 0.33 19154 18663 1.03 1.64
20171106 14700 15180 14510 15010 38344 57137424 4.58 0.70 2.60 19572 18772 1.04 1.67
20171103 15080 15120 14460 14630 53818 79270341 4.37 0.94 -3.05 35124 18694 1.88 2.34
20171102 15680 15680 14960 15090 56857 86305644 4.62 0.93 -3.27 37166 19691 1.89 2.47
20171101 15770 15770 15450 15600 32767 51112219 2.04 0.45 -0.45 20147 12620 1.60 1.42
20171031 15530 15790 15420 15670 43739 68381276 2.40 0.49 1.69 24396 19343 1.26 1.90
20171030 16180 16310 15400 15410 86765 135951173 5.58 0.82 -5.58 55852 30913 1.81 3.77
20171027 16530 16560 16140 16320 66990 109404412 2.54 0.53 -1.33 38187 28803 1.33 2.91
20171026 16740 16800 16510 16540 76830 127739028 1.72 0.45 -1.96 46307 30523 1.52 3.34
20171025 16880 17280 16710 16870 87577 148898874 3.36 0.45 -0.53 47870 39707 1.21 3.80
20171024 17190 17200 16400 16960 124748 208627557 4.65 0.68 -1.51 79154 45595 1.74 5.42
20171023 16930 17800 16620 17220 170093 294128064 7.00 1.02 2.14 88186 81907 1.08 7.39
20171020 17100 17150 16520 16860 177265 298317200 3.59 1.17 -3.99 112470 64795 1.74 7.70
20171019 15920 17560 15800 17560 297421 502172480 10.82 3.11 7.93 115273 182148 0.63 12.92
20171018 15540 17060 15540 16270 214300 352577056 9.80 3.76 4.90 113764 100536 1.13 9.31
20171017 15500 15760 15210 15510 55199 85640000 3.57 1.09 0.58 37148 18051 2.06 2.40
20171016 16100 16100 15350 15420 86994 136308957 4.64 2.22 -4.64 60503 26491 2.28 3.78
20171013 15330 16620 15250 16170 103898 166302300 8.96 4.53 5.76 36246 67652 0.54 4.51
20171012 15500 15520 15160 15290 17980 27553367 2.34 0.78 -0.78 10850 7129 1.52 0.78
20171011 15550 15590 15320 15410 21145 32668926 1.73 0.98 -1.22 13597 7547 1.80 0.92
20171010 15530 15700 15360 15600 24170 37533391 2.20 1.11 1.04 11151 13019 0.86 1.05
20171009 15380 15590 15280 15440 28307 43663044 2.04 1.32 1.58 11918 16389 0.73 1.23
20170929 14850 15250 14780 15200 23050 34630366 3.19 1.12 3.05 9714 13336 0.73 1.00
20170928 15000 15000 14710 14750 18272 27082552 1.93 0.81 -1.60 12558 5714 2.20 0.79
20170927 14870 15060 14650 14990 14118 21075935 2.76 0.50 0.74 6943 7174 0.97 0.61
20170926 14950 14980 14750 14880 24713 36684650 1.54 0.77 -0.13 16325 8388 1.95 1.07
20170925 15450 15530 14750 14900 27433 41655931 5.02 0.63 -4.06 18082 9351 1.93 1.19
20170922 15500 15550 15290 15530 18509 28600417 1.68 0.32 0.58 9164 9345 0.98 0.80
20170921 15810 15810 15400 15440 28242 43901227 2.59 0.44 -2.40 18680 9562 1.95 1.23
20170920 15740 15890 15420 15820 41876 65613284 2.98 0.71 0.44 21243 20633 1.03 1.82
20170919 15920 16410 15630 15750 45234 72044957 4.87 0.80 -1.56 27448 17786 1.54 1.96
20170918 16160 16830 15900 16000 84923 138795186 5.72 1.80 -1.54 45730 39193 1.17 3.69
20170915 15720 16860 14150 16250 90023 145627674 17.24 2.17 3.37 40568 49455 0.82 3.91
20170914 15430 15960 15290 15720 58788 92527648 4.35 1.14 2.14 28313 30475 0.93 2.55
20170913 15260 15390 15190 15390 17515 26785696 1.31 0.34 0.59 9811 7704 1.27 0.76
20170912 15450 15480 15260 15300 32087 49200577 1.42 0.66 -1.16 22516 9570 2.35 1.39
20170911 15180 15660 15180 15480 37126 57391402 3.11 0.81 0.26 20607 16519 1.25 1.61
20170908 15530 15670 15160 15440 62260 95874562 3.24 1.66 -1.78 41306 20954 1.97 2.70
20170907 15070 16160 15050 15720 107841 168818707 7.48 5.49 6.00 41995 65846 0.64 4.68
20170906 14950 14950 14650 14830 18658 27603761 2.01 0.95 -0.87 10581 8077 1.31 0.81
20170905 14920 15030 14870 14960 18717 27946805 1.07 0.89 0.27 11087 7630 1.45 0.81
20170904 14920 15050 14770 14920 21714 32379064 1.88 0.98 0.07 9483 12231 0.78 0.94
20170901 14800 14980 14800 14910 20895 31111947 1.22 0.98 0.88 8506 12389 0.69 0.91
20170831 14820 14990 14690 14780 18167 26814786 2.02 0.82 -0.34 10339 7828 1.32 0.79
20170830 14950 14950 14720 14830 18908 28035786 1.54 0.87 -0.47 11200 7708 1.45 0.82
20170829 15000 15190 14810 14900 25842 38713330 2.54 1.13 -0.53 13260 12582 1.05 1.12
20170828 14700 15050 14620 14980 27070 40378093 2.91 1.09 1.49 9058 18013 0.50 1.18
20170825 14560 14830 14560 14760 17028 25052736 1.85 0.63 0.89 8323 8704 0.96 0.74
20170824 14710 14950 14600 14630 21675 32084151 2.38 0.74 -0.34 13089 8587 1.52 0.94
20170823 14630 14960 14600 14680 16690 24647072 2.45 0.49 -0.14 8112 8578 0.95 0.73
20170822 15040 15100 14630 14700 32265 47937059 3.10 0.96 -2.91 20874 11391 1.83 1.40
20170821 14650 15260 14650 15140 37049 55507582 4.17 1.19 3.56 15946 21103 0.76 1.61
20170818 14290 14850 14290 14620 27413 40120881 3.87 0.97 0.97 12607 14806 0.85 1.19
20170817 14660 14870 14340 14480 33814 49230549 3.67 1.33 0.21 18328 15486 1.18 1.47
20170816 14120 14580 13980 14450 41461 59647712 4.26 2.01 2.48 18769 22692 0.83 1.80
20170815 13840 14140 13790 14100 28034 39175562 2.53 1.45 1.88 13111 14922 0.88 1.22
20170814 13490 13860 13410 13840 24428 33474948 3.35 1.40 2.90 10603 13826 0.77 1.06
20170811 13450 13640 13380 13450 13745 18562929 1.93 0.76 0.00 7553 6192 1.22 0.60
20170810 13660 13790 13430 13450 19409 26370741 2.62 1.13 -1.97 12657 6752 1.87 0.84
20170809 13680 13850 13600 13720 17516 24034481 1.82 1.01 0.15 8616 8900 0.97 0.76
20170808 13650 13730 13350 13700 21281 28853458 2.80 1.28 0.88 9082 12199 0.74 0.92
20170807 13550 13730 13540 13580 15509 21092379 1.39 0.94 -0.37 8570 6939 1.24 0.67
20170804 13780 13790 13550 13630 16817 22932531 1.74 0.99 -0.94 10243 6573 1.56 0.73
20170803 13720 13920 13630 13760 14542 20072059 2.11 0.72 0.29 7095 7447 0.95 0.63
20170802 13950 13950 13660 13720 18356 25319163 2.08 0.98 -1.51 11220 7136 1.57 0.80
20170801 14020 14020 13760 13930 17773 24646716 1.87 1.04 0.14 10273 7500 1.37 0.77
20170731 13890 14040 13830 13910 15365 21415903 1.51 0.80 -0.22 9563 5803 1.65 0.67
20170728 13880 14190 13880 13940 19227 26999673 2.24 1.01 0.50 10240 8987 1.14 0.84
20170727 13660 13980 13500 13870 30568 42216802 3.53 1.93 1.91 14136 16432 0.86 1.33
20170726 13640 13760 13500 13610 10444 14210556 1.90 0.63 -0.29 6472 3972 1.63 0.45
20170725 13680 13820 13520 13650 10170 13906791 2.19 0.57 -0.22 5669 4502 1.26 0.44
20170724 13430 13990 13370 13680 25882 35486361 4.60 1.32 1.48 13578 12304 1.10 1.12
20170721 13780 13780 13400 13480 17807 24051330 2.78 0.92 -1.46 10341 7467 1.38 0.77
20170720 13720 13910 13580 13680 15026 20667715 2.41 0.58 -0.29 8170 6856 1.19 0.66
20170719 13550 13760 13550 13720 14355 19640657 1.54 0.55 0.44 7107 7248 0.98 0.63
20170718 13410 13760 13410 13660 15461 20952273 2.58 0.58 0.81 7596 7865 0.97 0.68
20170717 14270 14310 13360 13550 35669 49240142 6.61 1.40 -5.71 19026 16643 1.14 1.57
20170714 14400 14480 14300 14370 16265 23406600 1.24 0.65 -1.24 9586 6679 1.44 0.71
20170713 14600 14950 14310 14550 48414 70802169 4.46 2.64 1.39 25048 23366 1.07 2.12
20170712 14390 14510 14180 14350 15183 21732029 2.30 0.84 0.21 8726 6457 1.35 0.67
20170711 14500 14550 14300 14320 17176 24727906 1.73 1.01 -1.10 9880 7295 1.35 0.75
20170710 15090 15090 14450 14480 30662 45004709 4.26 2.34 -3.66 21455 9207 2.33 1.35
20170707 15200 15200 14930 15030 13754 20673489 1.80 1.06 -0.07 9449 4305 2.19 0.60
20170706 15190 15250 14910 15040 15063 22709969 2.27 1.13 0.20 8341 6722 1.24 0.66
20170705 14990 15010 14860 15010 13925 20816004 1.01 0.92 0.81 7110 6815 1.04 0.61
20170704 15000 15060 14860 14890 12024 17949178 1.33 0.73 -0.73 6359 5665 1.12 0.53
20170703 14850 15060 14850 15000 10882 16296331 1.41 0.63 0.40 5107 5775 0.88 0.48
20170630 14900 15020 14760 14940 12794 19051425 1.74 0.70 0.27 7248 5546 1.31 0.56
20170629 15010 15090 14830 14900 17230 25762051 1.74 0.84 -0.13 9988 7242 1.38 0.76
20170628 15280 15280 14900 14920 23132 34798690 2.49 1.09 -2.36 16851 6281 2.68 1.02
20170627 15520 15590 15210 15280 18033 27667532 2.46 0.58 -1.10 11903 6129 1.94 0.79
20170626 15580 15580 15250 15450 14930 23019917 2.14 0.41 0.32 7545 7384 1.02 0.66
20170623 15320 15560 15100 15400 18516 28312899 2.99 0.47 0.06 11087 7428 1.49 0.81
20170622 15670 15680 15360 15390 28563 44305127 2.04 0.67 -1.85 18490 10072 1.84 1.25
20170621 15750 15860 15470 15680 25590 40015377 2.47 0.59 -0.63 14100 11489 1.23 1.12
20170620 16180 16300 15780 15780 68633 109733499 3.28 1.91 -0.44 39979 28654 1.40 3.01
20170619 15490 15850 15220 15850 41229 64314568 4.05 1.02 1.99 16912 24317 0.70 1.81
20170616 15330 15570 15200 15540 31436 48427355 2.40 0.61 0.91 17696 13740 1.29 1.38
20170615 14920 15400 14920 15400 45920 69938771 3.19 0.91 2.46 19301 26619 0.73 2.02
20170614 15020 15290 14900 15030 29974 45282559 2.60 0.57 0.07 16625 13349 1.25 1.32
20170613 15090 15100 14810 15020 31454 47105874 1.94 0.63 0.27 16595 14859 1.12 1.38
20170612 15180 15300 14700 14980 63136 94713195 3.82 1.51 -4.59 38139 24997 1.53 2.77
20170609 16480 16480 15510 15700 85349 136792033 6.36 2.78 2.88 43957 41392 1.06 3.75
20170608 15520 15650 15250 15260 42419 65649968 2.60 1.59 -0.91 20973 21446 0.98 1.86
20170607 14870 15490 14810 15400 42722 65125212 4.59 1.83 4.05 15643 27080 0.58 1.88
20170606 14800 15080 14700 14800 17429 25870548 2.55 0.71 -0.74 8822 8608 1.02 0.76
20170605 14850 15200 14700 14910 21438 32080039 3.40 0.83 1.29 9416 12022 0.78 0.94
20170602 14730 14820 14030 14720 29380 42418370 5.38 1.11 0.20 14558 14822 0.98 1.29
20170601 14920 14980 14670 14690 22364 33067117 2.07 0.74 -1.67 14351 8013 1.79 0.98
20170531 15290 15390 14910 14940 26344 39911306 3.23 0.76 0.40 15028 11317 1.33 1.16
20170526 14990 15160 14880 14880 23533 35370402 1.87 0.47 -0.60 12850 10683 1.20 1.03
20170525 14950 15210 14680 14970 28138 41829086 3.52 0.38 -0.66 17357 10782 1.61 1.23
20170524 14780 15120 14630 15070 32132 47871100 3.36 0.44 3.22 14865 17267 0.86 1.41
20170523 14960 15380 14600 14600 41739 62436745 5.25 0.58 -1.82 24838 16901 1.47 1.83
20170522 15500 15650 14870 14870 47912 72964506 5.03 0.70 -4.06 33241 14671 2.27 2.10
20170519 16070 16070 15420 15500 98607 155040187 3.96 1.90 -5.66 61964 36643 1.69 4.33
20170518 15900 17080 15750 16430 150522 251184941 8.56 5.38 5.80 91589 58933 1.55 6.60
20170517 15710 15950 15500 15530 27406 43112599 2.87 0.96 -0.96 15602 11803 1.32 1.20
20170516 15310 15720 14830 15680 38397 58611175 5.81 1.33 2.42 17946 20451 0.88 1.68
20170515 15800 15860 15310 15310 26215 40732381 3.48 0.81 -3.04 16572 9644 1.72 1.15
20170512 15700 15960 15520 15790 17622 27652762 2.81 0.41 0.96 8695 8926 0.97 0.77
20170511 15550 15880 15260 15640 30174 46908169 3.94 0.51 -0.70 16098 14077 1.14 1.32
20170510 16030 16330 15700 15750 30767 49431624 3.94 0.49 -1.56 19924 10843 1.84 1.35
20170509 16270 16450 15500 16000 39967 63359912 5.86 0.61 -1.23 22884 17083 1.34 1.75
20170508 16690 17150 16180 16200 42360 70395939 5.78 0.66 -3.46 26586 15775 1.69 1.86
20170505 17310 17310 16700 16780 70275 119655964 3.49 1.20 -4.06 44168 26107 1.69 3.08
20170504 16500 18180 16230 17490 115369 198455582 11.73 3.05 5.17 54429 60940 0.89 5.06
20170503 16800 16980 16450 16630 48689 81097582 3.12 1.54 -2.06 31522 17168 1.84 2.14
20170502 16790 17380 16750 16980 53169 90551896 3.81 2.24 2.66 28356 24813 1.14 2.33
20170428 16650 16790 16250 16540 34774 57247380 3.23 1.67 -0.96 22193 12581 1.76 1.53
20170427 16750 16900 15500 16700 40544 66979206 8.46 2.28 0.97 22600 17944 1.26 1.78
20170426 40840 41680 40530 41500 11923 49090062 2.82 0.60 1.62 5925 5998 0.99 1.31
20170425 40200 41420 39810 40840 17185 70083394 3.99 0.87 1.09 8608 8577 1.00 1.88
20170424 40930 40930 39680 40400 14002 56267765 3.06 0.57 -1.10 7637 6365 1.20 1.54
20170421 41490 41700 39930 40850 20288 82595863 4.28 0.80 -1.33 11599 8689 1.33 2.23
20170420 42990 43330 40500 41400 25679 107684737 6.58 0.95 -3.68 14778 10901 1.36 2.82
20170419 43900 43900 42290 42980 22147 94761987 3.66 0.65 -2.32 13157 8990 1.46 2.43
20170418 44010 44790 43900 44000 16891 74949084 2.02 0.36 0.07 8439 8452 1.00 1.85
20170417 45990 45990 43520 43970 37515 166315106 5.37 0.64 -4.43 24367 13148 1.85 4.11
20170414 46750 47100 45670 46010 24065 111229031 3.07 0.35 -1.27 14139 9926 1.42 2.64
20170413 46050 48000 46050 46600 33880 159995472 4.24 0.40 1.24 15616 18264 0.86 3.71
20170412 48000 48460 45860 46030 57740 272408224 5.29 0.60 -6.41 38765 18975 2.04 6.33
20170411 49600 50250 47480 49180 83921 408819936 5.50 1.03 -2.42 51137 32784 1.56 9.19
20170410 49480 52300 49470 50400 92287 472439232 5.65 1.38 0.62 44396 47891 0.93 10.11
20170407 49600 51860 48050 50090 80934 401940672 7.67 1.49 0.89 42780 38154 1.12 8.87
20170406 51000 53000 49500 49650 106037 543371440 7.07 2.67 0.34 58933 47104 1.25 11.62
20170405 49480 49480 46120 49480 115655 567610944 7.47 5.33 10.00 55698 59957 0.93 12.67
20170331 43330 44980 43330 44980 13199 58258424 3.78 0.58 2.93 6654 6544 1.02 1.45
20170330 44970 45170 43700 43700 19025 84207002 3.26 0.80 -3.06 11499 7526 1.53 2.08
20170329 46200 46200 44700 45080 16775 75862490 3.26 0.67 -2.00 10628 6147 1.73 1.84
20170328 47500 47600 45520 46000 33605 155189430 4.36 1.41 -3.48 23657 9948 2.38 3.68
20170327 47610 48880 47600 47660 25979 124773494 2.68 1.08 -0.08 15781 10197 1.55 2.85
20170324 47160 47980 46690 47700 19036 90294963 2.76 0.72 2.16 8326 10710 0.78 2.09
20170323 47580 47970 42920 46690 22964 107781971 10.59 0.80 -2.08 13004 9960 1.31 2.52
20170322 47840 48580 47500 47680 23277 111614846 2.25 0.87 -0.73 13413 9863 1.36 2.55
20170321 47280 48190 46960 48030 27521 131674780 2.60 1.16 1.59 27135 386 70.30 3.02
20170320 45300 47780 45300 47280 27280 127259154 5.41 1.32 3.05 12431 14849 0.84 2.99
20170317 48100 48100 45730 45880 30311 142557311 5.06 1.75 -2.07 16925 13385 1.26 3.32
20170316 45020 47450 45020 46850 34651 161854425 5.42 3.00 4.58 16016 18635 0.86 3.80
20170315 43710 44940 43710 44800 14444 64049916 2.80 1.37 1.91 6065 8379 0.72 1.58
20170314 44100 44600 43820 43960 12315 54436352 1.78 1.11 0.23 5747 6568 0.88 1.35
20170313 42880 44070 42840 43860 11905 51913472 2.87 1.01 2.26 4522 7384 0.61 1.30
20170310 42700 43140 42450 42890 13392 57371011 1.59 1.25 -1.13 6245 7148 0.87 1.47
20170309 43720 44170 43210 43380 5689 24807651 2.20 0.53 -0.78 2912 2777 1.05 0.62
20170308 44020 44680 43500 43720 9350 41135833 2.67 0.87 -1.11 6359 2990 2.13 1.02
20170307 43610 45100 43610 44210 15324 68244375 3.40 1.65 0.94 7937 7387 1.07 1.68
20170306 42990 43900 42740 43800 15018 65107064 2.71 - 2.48 6997 8021 0.87 1.65
20170303 42600 43070 42000 42740 8349 35558413 2.51 0.92 0.14 3681 4668 0.79 0.91
20170302 42610 43080 42520 42680 5445 23281287 1.31 0.56 -0.05 3169 2275 1.39 0.60
20170301 42800 43150 42500 42700 9864 42130190 1.53 0.98 0.19 5147 4717 1.09 1.08
20170228 42690 43090 42340 42620 7757 33144687 1.76 0.75 -0.12 4926 2830 1.74 0.85
20170227 42050 43560 42020 42670 12521 53854280 3.64 1.25 0.90 6041 6480 0.93 1.37
20170224 42290 42350 41760 42290 9563 40349874 1.40 0.93 0.50 3660 5903 0.62 1.05
20170223 41690 42200 41340 42080 8907 37126063 2.06 0.88 0.69 4260 4647 0.92 0.98
20170222 41180 42160 41100 41790 11517 48110634 2.59 1.28 2.30 5532 5985 0.92 1.26
20170221 40450 41090 40330 40850 9009 36615834 1.88 1.08 0.89 3902 5107 0.76 0.99
20170220 41000 41000 39680 40490 10963 44001725 3.22 - -1.24 5607 5356 1.05 1.20
20170217 41720 42180 40380 41000 10757 44437809 4.31 1.74 -1.73 7438 3319 2.24 1.18
20170216 41580 42040 41380 41720 8353 34761636 1.58 1.51 -0.07 4331 4022 1.08 0.91
20170215 42000 42360 41680 41750 5956 25047612 1.62 1.05 -0.57 3597 2359 1.52 0.65
20170214 41690 42300 41690 41990 5620 23603940 1.46 0.90 0.26 3531 2089 1.69 0.61
20170213 42420 42420 41600 41880 5593 23487373 1.94 0.88 -0.76 3042 2551 1.19 0.61
20170210 42580 42680 42010 42200 5329 22531677 1.58 0.81 -0.31 3098 2231 1.39 0.58
20170209 42300 42650 42230 42330 5214 22119302 0.99 0.80 -0.40 3071 2143 1.43 0.57
20170208 42260 42600 41920 42500 6490 27437608 1.60 0.83 -0.21 3249 3241 1.00 0.71
20170207 42300 42700 41400 42590 8750 36861939 3.08 1.20 1.04 3784 4966 0.76 0.96
20170206 42050 42520 41710 42150 5862 24713327 1.93 0.72 0.24 3367 2495 1.35 0.64
20170203 42050 42380 41500 42050 6563 27524190 2.10 0.79 0.41 4061 2502 1.62 0.72
20170126 41610 41900 41120 41880 4967 20592643 1.88 0.60 1.21 2910 2058 1.41 0.54
20170125 39900 41380 39570 41380 12977 52942285 4.54 1.86 3.84 5111 7866 0.65 1.42
20170124 40050 40660 39330 39850 5953 23660930 3.34 0.79 0.05 3474 2479 1.40 0.65
20170123 39480 40290 39450 39830 10285 41128068 2.15 1.29 2.13 5366 4919 1.09 1.12
20170120 38810 39580 38690 39000 7514 29444147 2.29 0.88 0.46 4248 3267 1.30 0.82
20170119 39300 39590 38820 38820 4389 17218940 1.96 0.48 -1.37 2472 1917 1.29 0.48
20170118 39990 39990 39140 39360 6805 26809405 2.15 0.65 -0.61 3950 2854 1.38 0.74
20170117 38000 39810 38000 39600 8589 33559121 4.82 0.82 5.46 4407 4182 1.05 0.94
20170116 40800 41150 37000 37550 12541 49151317 10.17 1.33 -7.99 7544 4997 1.51 1.37
20170113 42210 42800 40700 40810 10476 43713049 4.92 1.18 -4.38 7456 3020 2.47 1.14
20170112 42600 43110 42500 42680 7588 32457022 1.42 0.80 -0.88 3604 3985 0.90 0.83
20170111 42000 43500 41680 43060 13262 57064587 4.30 1.58 1.65 6477 6785 0.95 1.45
20170110 42000 42660 41740 42360 8404 35438373 2.19 0.98 1.03 3325 5079 0.65 0.92
20170109 42100 42770 41780 41930 7571 31978898 2.33 0.94 -1.36 4554 3017 1.51 0.83
20170106 43080 43350 42080 42510 7436 31752658 2.94 0.90 -1.64 4546 2889 1.57 0.81
20170105 43950 43950 42850 43220 10646 46105147 2.50 1.34 -1.75 5764 4882 1.18 1.16
20170104 44100 44100 43580 43990 7784 34192472 1.19 0.93 0.37 4512 3272 1.38 0.85
20170103 43680 43990 42820 43830 9415 41199172 2.71 1.03 1.69 4473 4942 0.91 1.03
20161230 42470 43980 42010 43100 5151 22045849 4.61 0.54 0.94 2700 2451 1.10 0.56
20161229 43500 43730 42580 42700 8441 36408989 2.64 0.82 -1.84 5589 2852 1.96 0.92
20161228 44000 44300 43410 43500 9034 39548984 2.01 0.77 -1.81 6281 2753 2.28 0.99
20161227 44100 44980 44000 44300 9891 43984400 2.22 0.86 0.52 5816 4075 1.43 1.08
20161226 42840 44170 42560 44070 13088 57368084 3.76 1.15 2.82 4809 8279 0.58 1.43
20161223 42640 43200 42500 42860 7633.53 32582352.860
20161222 43720 44280 42620 42930 12009.87 51991778.800
20161221 42900 45450 42900 43860 16423.27 72757358.360
20161220 43700 43720 42970 43010 8080.16 34922600.530
20161219 43600 43990 42920 43700 12735.64 55458814.370
20161216 44200 46180 43400 43770 25685.43 113696253.040
20161215 40760 42010 40710 42000 13702.12 56683278.730
20161214 41000 41460 40700 40710 11768.13 48259306.870
20161213 40460 41100 40000 40850 15597.26 63541333.550
20161212 44010 44010 40360 40540 28153.29 118554074.900
20161209 44600 44990 44000 44010 16163.79 71607277.350
20161208 46400 46440 44500 44600 20951.10 95148455.210
20161207 46030 46450 45680 46180 10170.71 46751870.660
20161206 46700 46950 45600 45850 15263.05 70430703.910
20161205 47580 48680 46080 46380 26753.72 126449171.670
20161202 47750 51010 47420 48550 46146.61 226156616.800
20161124 47760 48350 47100 47750 23366.78 111581341.460
20161123 49010 49170 47280 47480 37332.78 180197555.900
20161122 48900 49280 47940 48980 59590.27 289752135.940
20161121 46000 48680 46000 48530 47879.13 228530568.810
20161118 46480 47180 46350 46480 17868.22 83448469.100
20161117 47100 47250 46310 46480 27696.64 128986202.670
20161116 48420 49380 47380 47420 46376.05 223667398.730
20161115 48650 48650 47600 48350 28369.01 136333639.100
20161114 47500 49200 47300 48180 38059.75 183822844.120
20161111 46700 49090 46700 48250 69112.46 333686211.420
20161110 45480 46300 45030 46300 28448.09 130453315.990
20161109 45740 46150 44700 44920 22466.85 101824485.560
20161108 46300 46300 45660 45950 15521.47 71196922.900
20161107 46480 46650 45700 45900 18782.45 86561190.070
20161104 44970 46490 44970 46160 30798.48 141419960.020
20161103 44840 45530 44520 44970 15604.09 70407451.910
20161102 45600 45600 44880 44940 17634.51 79652380.930
20161101 45150 46150 45060 45940 17992.76 82075995.840
20161031 44920 45480 44160 45200 16427.65 73473669.400
20161028 45630 45900 45020 45020 20053.34 90977590.490
20161027 45450 46200 45450 45860 13812.60 63314462.800
20161026 46960 47180 45600 45870 27428.11 126221747.800
20161025 47150 47400 46780 46950 19499.00 91824316.530
20161024 46770 47550 46120 47140 25627.34 120499877.350
20161021 47970 47970 45970 46840 28601.39 134367893.580
20161020 47970 47970 46710 47300 30847.68 145831962.630
20161019 46450 47500 45740 47340 37809.11 176497404.550
20161018 45060 46210 45000 46180 20253.68 92650237.510
20161017 45910 46710 45130 45190 18162.77 83438651.360
20161014 46210 46540 45600 45930 21125.59 97019367.440
20161013 46800 47170 46500 46640 20005.72 93724760.640
20161012 46860 47060 46550 46630 15995.00 74786181.000
20161011 46640 47300 46100 47160 24725.62 115465366.610
20161010 45090 47100 45000 46900 34672.33 159344618.920
20160930 44600 45250 44500 44680 13366.26 59780050.600
20160929 45020 45480 44810 44830 17929.62 80934279.720
20160928 45110 45280 44660 45000 14120.26 63497788.960
20160927 44480 45420 44030 45180 27677.32 123906727.100
20160926 48500 48880 44510 44550 51684.99 237559509.810
20160923 49250 49800 48590 48890 29198.04 143677369.160
20160922 49050 49660 48750 48850 30334.02 149362685.150
20160921 49050 49450 48500 48750 35088.70 171206071.030
20160920 49540 50800 49180 49560 36053.91 179969799.480
20160919 48890 50150 48890 49050 28657.55 141666240.540
20160914 49930 49950 48840 48890 44354.38 218066671.540
20160913 51220 52500 50000 50620 55850.10 285575694.900
20160912 49810 52400 49320 50540 63597.39 323822993.530
20160909 53450 54200 51180 51220 74958.29 394451783.850
20160908 54010 55170 52620 53400 94924.01 508110192.930
20160907 51330 56730 50800 55170 174604.51 955598005.760
20160906 49400 52840 48090 51570 103509.99 526011162.080
20160905 49500 51210 49100 49700 68455.99 343300089.460
20160902 50300 51210 48440 48890 66564.42 329825265.050
20160901 50660 52600 50500 50570 81792.47 418633963.550
20160831 52660 55670 52500 52500 108677.80 584574201.300
20160830 55110 55720 52460 52540 115156.10 619585589.740
20160829 56000 57700 54040 55400 181386.44 1013521223.210
20160826 48330 52450 48020 52450 87751.21 448224893.610
20160825 49680 49680 46710 47680 59805.95 286301234.540
20160824 51000 51150 49000 49700 93496.86 466704714.630
20160823 44900 50560 44900 50560 127529.20 631208598.920
20160822 47590 48380 45680 45960 61395.39 290461214.830
20160810 43450 44300 43030 43980 29619.76 129189290.090
20160809 42100 43360 41810 43090 27364.71 116523054.720
20160808 42210 42670 40940 42090 23574.46 97873898.150
20160805 43000 44180 42820 42860 23115.76 100551605.220
20160804 42450 43400 42450 42930 16990.64 72889358.270
20160803 42650 43780 42400 42990 25043.20 107668013.070
20160802 42400 42860 42010 42660 18101.92 76721017.060
20160801 42840 43500 42000 42670 28095.86 120221792.690
20160729 43900 44300 42030 42420 29248.65 125457747.980
20160728 44580 45360 43200 43820 29457.48 130284455.590
20160727 48770 48980 44580 44690 52537.12 243727241.210
20160726 48770 49190 48000 48980 32512.20 158106419.600
20160725 47300 49950 47100 48900 55323.67 271958008.220
20160722 49400 49450 47510 47600 53225.15 257869767.700
20160721 46350 47190 46350 46900 24257.46 113415253.310
20160720 45600 47270 45530 46640 29606.56 137608206.810
20160719 45090 46000 45020 45620 20910.87 95239512.200
20160718 46900 46900 44880 45090 35257.18 160528747.760
20160715 47500 47720 46650 46940 24265.47 114086119.560
20160714 47250 47690 46560 47500 26289.89 124012793.720
20160713 47170 47790 46710 47180 28625.73 135208538.650
20160712 47500 48290 44500 47000 55185.16 254954321.010
20160711 49070 50070 47800 47930 38904.53 189444430.380
20160708 49350 50490 48900 49500 34038.61 168661851.390
20160707 50510 50750 48780 49410 47003.87 232847634.130
20160706 51400 51500 49500 50360 53903.90 271154436.120
20160705 49360 52680 49310 51440 84168.16 432540083.940
20160704 48500 49470 48300 49000 37651.38 184627821.560
20160701 48300 49300 48270 48300 37873.26 184173237.320
20160630 50900 50900 48010 48020 77596.92 383062332.680
20160629 50800 52230 49350 51620 89031.68 452858961.450
20160628 50880 51480 49620 50480 67131.23 338599880.130
20160627 48520 51690 48100 51300 86562.26 433674525.980
20160624 48300 49850 45810 49210 81484.22 397034111.360
20160623 49500 49500 47250 48050 64993.06 313881156.680
20160622 49000 49890 48080 49790 65617.96 322757908.850
20160621 53600 53770 48050 49000 115233.32 588754803.830
20160620 53800 55980 52030 53130 100960.76 542379861.770
20160617 61000 62970 53510 54770 169568.53 984125012.660
20160616 54000 57640 52430 57640 75054.68 420503414.100
20160615 50000 54630 47220 52400 153185.75 781157733.130
20160614 51000 53890 49000 51350 148060.54 761756654.380
20160613 54090 54090 48010 49520 213417.92 1114088723.430
20160401 140150 152000 139860 148100 39130.00 572250000
20160331 137800 147600 136900 143000 44011.00 624290000
20160330 123700 134200 123100 134200 34115.00 444480000
20160329 125930 126990 120900 122000 24497.00 302370000
20160328 129500 134980 127200 127800 31051.00 406480000
20160325 126900 128700 121100 124900 26200.00 325970000
20160324 127000 134700 125000 127310 47372.00 614690000
20160323 115410 128370 115410 128370 35711.00 439330000
20160322 108980 119680 107530 116700 31637.00 366220000
20160321 109620 111400 107850 110470 31425.00 342880000
20160318 105500 111000 104600 109160 32766.00 353170000
20160317 99990 106380 99320 105990 30882.00 318840000
20160316 103000 104380 99010 99670 20095.00 204150000
20160315 102400 104780 100520 101360 21057.00 216500000
20160314 100500 106000 100000 103990 31182.00 324080000
20160311 94510 99000 94000 97920 19530.00 188870000
20160310 97020 100400 96200 96790 23626.00 232040000
20160309 99800 106600 98030 100000 36874.00 376960000
20160308 98000 98500 90000 97000 30857.00 291280000
20160307 96480 103000 94560 99900 36846.00 365950000
20160304 96480 96480 96480 96480 7608.00 73400000
20160303 88300 92880 87460 87710 24269.00 218510000
20160302 83790 89880 83010 89100 22274.00 192730000
20160301 82960 86000 78880 84210 21638.00 179200000
20160229 90210 90600 82680 82680 26328.00 219890000
20160226 96000 97260 89870 91870 22408.00 210170000
20160225 104000 104000 94310 94310 23000.00 227530000
20160224 111000 111490 102000 104790 29785.00 314460000
20160223 111000 113390 108000 112500 22896.00 254630000
20160222 111500 112400 107500 110000 24407.00 267310000
20160219 105680 113990 105680 109380 29170.00 321100000
20160218 103800 110910 102000 107210 32603.00 345000000
20160217 100990 105780 99700 104130 25940.00 267760000
20160216 96680 103300 96200 100990 22773.00 229350000
20160215 91000 97300 91000 95880 18981.00 177490000
20160205 102560 103440 97030 97200 25128.00 249950000
20160204 100100 105600 99200 102560 31540.00 324890000
20160203 98010 101000 97000 100020 24613.00 243210000
20160202 97000 101980 96030 100870 37535.00 374430000
20160201 95000 100990 93130 99350 48938.00 476780000
20160129 87000 95260 86600 95260 41584.00 389660000
20160128 94140 94690 84900 86600 35854.00 324470000
20160127 86590 94140 85000 94140 39389.00 354640000
20160126 93250 93900 85580 85580 31052.00 277710000
20160125 95200 95800 92140 95090 24509.00 231240000
20160122 92000 95970 89710 94100 30583.00 285280000
20160121 94990 99600 90400 90510 30408.00 290300000
20160120 102740 103790 96610 98130 31815.00 319310000
20160119 97400 104120 97180 103400 34570.00 351130000
20160118 93000 102780 92130 98190 36337.00 353510000
20160115 108010 109650 98690 98690 42449.00 437960000
20160114 102160 111000 101110 109650 40389.00 434840000
20160113 115000 117440 107890 107890 57892.00 641350000
20160112 124000 127000 119880 119880 45772.00 552180000
20160111 153000 153000 132010 133200 99431.00 1434760000
20160108 143790 143790 143790 143790 14251.00 204910000
20160107 130720 130720 130720 130720 1149.00 15010000
20160106 118840 118840 118840 118840 278.00 3300000
20160105 108040 108040 108040 108040 1079.00 11660000
20160104 98220 98220 98220 98220 526.00 5160000
20151231 89290 89290 89290 89290 221.00 1970000
20151230 81170 81170 81170 81170 74.00 600000
20151229 73790 73790 73790 73790 74.00 550000
20151228 67080 67080 67080 67080 63.00 420000
20151225 60980 60980 60980 60980 12.00 70000
20151224 55440 55440 55440 55440 33.00 180000
20151223 50400 50400 50400 50400 26.00 130000
20151222 41640 45820 41640 45820 86.00 390000
