20180302 19710 20090 19590 19750 8208 16235575 2.49 0.95 -1.84 5404 2804 1.93 1.01
20180301 19330 20300 19050 20120 17089 33485127 6.45 2.82 3.76 7935 9154 0.87 2.11
20180228 19190 19500 18920 19390 8353 15991929 2.99 1.79 -0.05 5072 3281 1.55 1.03
20180227 19070 19490 18800 19400 7726 14782346 3.61 2.03 1.52 4298 3428 1.25 0.95
20180226 18120 19400 18060 19110 7881 14627088 7.38 2.43 5.23 2703 5178 0.52 0.97
20180223 18010 18390 18010 18160 2232 4056856 2.09 0.54 0.11 923 1309 0.71 0.28
20180222 17960 18380 17800 18140 4120 7440158 3.23 0.88 1.00 1953 2167 0.90 0.51
20180214 17760 18090 17720 17960 1340 2396656 2.06 0.21 -0.11 647 693 0.93 0.17
20180213 17760 18190 17610 17980 3447 6159304 3.26 0.55 1.01 1707 1740 0.98 0.43
20180212 17310 17960 17290 17800 5099 8951143 3.85 0.86 2.18 1801 3299 0.55 0.63
20180209 17640 17980 17070 17420 6532 11336002 5.04 1.11 -3.60 2923 3609 0.81 0.81
20180208 17110 18480 17090 18070 7063 12596802 7.87 1.27 2.32 2441 4623 0.53 0.87
20180207 19030 19320 17010 17660 9321 16269277 12.22 2.03 -6.56 4422 4899 0.90 1.15
20180206 20100 20270 18900 18900 3290 6381542 6.79 0.73 -6.39 2025 1265 1.60 0.41
20180205 20520 20520 20050 20190 3346 6744823 2.28 0.79 -1.99 1563 1783 0.88 0.41
20180202 20800 21350 20000 20600 6341 12958371 6.38 1.86 -2.60 3504 2837 1.24 0.78
20180201 21150 21420 20450 21150 5519 11536640 4.54 1.76 -1.03 3146 2373 1.33 0.68
20180131 21630 21630 21050 21370 4462 9469381 2.68 1.47 -1.20 2174 2288 0.95 0.55
20180130 21680 21760 21460 21630 2733 5901525 1.38 0.88 -0.69 1775 958 1.85 0.34
20180129 22030 22030 21700 21780 2223 4844037 1.50 0.66 -1.18 1406 818 1.72 0.27
20180126 22040 22090 21870 22040 2092 4594220 1.00 0.63 -0.05 1131 961 1.18 0.26
20180125 22180 22320 21850 22050 4126 9112419 2.11 1.41 -1.03 2812 1314 2.14 0.51
20180124 22350 22350 22100 22280 3959 8787627 1.12 1.42 -0.09 2429 1530 1.59 0.49
20180123 22380 22440 22060 22300 3181 7054299 1.70 1.00 0.04 1477 1704 0.87 0.39
20180122 22050 22500 21810 22290 3390 7522807 3.11 0.99 0.59 1488 1902 0.78 0.42
20180119 22010 22260 22000 22160 1975 4362882 1.18 0.53 0.18 779 1197 0.65 0.24
20180118 22140 22300 22050 22120 2108 4658912 1.12 0.48 -0.81 1450 659 2.20 0.26
20180117 22180 22470 22000 22300 3317 7349089 2.10 0.70 -0.45 2279 1038 2.20 0.41
20180116 22060 22800 22060 22400 5072 11379623 3.32 1.21 0.54 2405 2667 0.90 0.63
20180115 22280 22470 22000 22280 4572 10148198 2.09 1.22 -0.80 2539 2033 1.25 0.56
20180112 22480 22590 22170 22460 3503 7827822 1.86 0.92 -0.40 2390 1113 2.15 0.43
20180111 22120 22570 22030 22550 5537 12384864 2.43 1.86 1.39 2107 3430 0.61 0.68
20180110 22130 22330 22040 22240 4997 11099006 1.31 1.70 0.50 3127 1870 1.67 0.62
20180109 22030 22240 22020 22130 2410 5323738 0.99 0.87 -0.49 1233 1178 1.05 0.30
20180108 22350 22350 21980 22240 2225 4922064 1.66 0.84 -0.04 1514 711 2.13 0.27
20180105 21950 22360 21890 22250 3791 8408896 2.13 2.43 1.00 1076 2715 0.40 0.47
20180104 22000 22220 21930 22030 1465 3224704 1.31 0.58 -0.41 945 520 1.82 0.18
20180103 21920 22600 21790 22120 4841 10664273 3.70 2.42 0.96 3068 1773 1.73 0.60
20180102 21680 22170 21680 21910 1485 3243252 2.24 0.70 -0.05 1009 476 2.12 0.18
20171229 21730 22170 21730 21920 1586 3470368 2.01 0.52 0.00 1069 517 2.07 0.20
20171228 21820 22280 21560 21920 2190 4785285 3.28 0.74 -0.05 1205 985 1.22 0.27
20171227 22060 22060 21750 21930 2519 5510946 1.41 0.87 -0.59 1932 587 3.29 0.31
20171226 22110 22110 21950 22060 2203 4854182 0.73 0.74 0.09 1116 1088 1.03 0.27
20171225 22060 22230 21910 22040 2058 4540820 1.45 0.64 -0.09 1139 920 1.24 0.25
20171222 21530 22400 21530 22060 6232 13732212 4.03 2.42 2.08 1886 4347 0.43 0.77
20171221 21650 21700 21460 21610 1860 4016473 1.11 0.64 -0.37 1106 754 1.47 0.23
20171220 21730 21840 21540 21690 2120 4586520 1.37 0.68 -0.78 1273 847 1.50 0.26
20171219 21770 21900 21660 21860 2577 5616315 1.10 0.82 0.41 1164 1413 0.82 0.32
20171218 21780 21800 21430 21770 3409 7358955 1.71 1.11 0.79 1862 1547 1.20 0.42
20171215 21650 21880 21560 21600 2897 6278996 1.47 0.90 -1.05 1449 1448 1.00 0.36
20171214 21820 21940 21600 21830 3477 7534925 1.56 1.24 -0.09 1605 1872 0.86 0.43
20171213 21500 21990 21430 21850 3242 7045449 2.59 1.18 0.92 1146 2096 0.55 0.40
20171212 21730 21880 21540 21650 2673 5773305 1.56 0.76 -0.37 1629 1044 1.56 0.33
20171211 21510 21780 21510 21730 3108 6745986 1.25 0.90 0.74 1393 1715 0.81 0.38
20171208 21280 21960 21280 21570 3574 7701364 3.18 1.02 0.75 1773 1801 0.98 0.44
20171207 21480 21480 21260 21410 1424 3040800 1.02 0.36 -0.46 770 654 1.18 0.18
20171206 21380 21600 21040 21510 2953 6273035 2.63 0.78 1.18 1219 1734 0.70 0.36
20171205 21510 21710 21030 21260 6456 13705808 3.14 1.92 -1.94 2985 3471 0.86 0.80
20171204 22000 22000 21330 21680 2853 6173564 3.06 0.90 -1.00 1971 882 2.24 0.35
20171201 21660 22210 21630 21900 3762 8228518 2.66 1.30 0.50 1171 2591 0.45 0.46
20171130 21830 21830 21460 21790 3606 7826786 1.70 1.09 0.37 1371 2236 0.61 0.44
20171129 21870 21870 21590 21710 2362 5117009 1.28 0.57 -0.73 1286 1076 1.19 0.29
20171128 21670 21950 21610 21870 4234 9219624 1.57 0.96 0.92 1109 3125 0.35 0.52
20171127 21850 22180 21600 21670 1910 4161604 2.65 0.38 -0.82 1174 737 1.59 0.24
20171124 21880 21980 21660 21850 2312 5029786 1.45 0.39 -0.95 1210 1102 1.10 0.29
20171123 22090 22250 21610 22060 5774 12618384 2.87 0.95 -1.12 2677 3097 0.86 0.71
20171122 22200 22440 21940 22310 6564 14571080 2.25 1.10 0.18 3560 3004 1.18 0.81
20171121 21890 22450 21580 22270 5400 11788397 3.97 0.87 1.74 2636 2764 0.95 0.67
20171120 22500 22700 21500 21890 5017 10897453 5.33 0.81 -2.71 3291 1726 1.91 0.62
20171117 23370 23370 22200 22500 6854 15533116 5.01 1.19 -3.72 4596 2259 2.03 0.85
20171116 23350 23380 23050 23370 6673 15517862 1.44 1.24 2.10 2652 4021 0.66 0.83
20171115 22970 23090 22720 22890 5890 13461193 1.60 1.19 -0.74 3343 2547 1.31 0.73
20171114 23060 23060 22000 23060 6441 14619275 4.60 1.34 0.04 3028 3414 0.89 0.80
20171113 22960 23100 22790 23050 5003 11486663 1.36 1.16 1.01 3095 1908 1.62 0.62
20171110 22820 23070 22770 22820 4683 10714889 1.30 1.09 -0.78 1698 2985 0.57 0.58
20171109 23000 23210 22800 23000 4826 11099027 1.79 1.10 0.57 2739 2087 1.31 0.60
20171108 22730 23160 22730 22870 3820 8735607 1.87 0.75 -0.44 1838 1982 0.93 0.47
20171107 23300 23300 22890 22970 5645 12988988 1.76 1.17 -1.42 3983 1661 2.40 0.70
20171106 23400 23400 23060 23300 2647 6137757 1.45 0.37 -0.55 1653 994 1.66 0.33
20171103 23660 23670 23070 23430 4511 10518833 2.54 0.56 -0.97 2938 1573 1.87 0.56
20171102 23880 23890 23400 23660 5358 12683196 2.05 0.62 -1.21 2707 2651 1.02 0.67
20171101 23610 24000 23530 23950 7424 17633602 1.97 0.96 0.38 4438 2986 1.49 0.92
20171031 23870 23930 23500 23860 4285 10143916 1.80 0.50 -0.08 2912 1373 2.12 0.53
20171030 23530 24330 23370 23880 13997 33131428 4.03 1.93 0.34 8001 5996 1.33 1.74
20171027 23290 23910 23210 23800 9092 21349787 3.00 1.41 2.10 3984 5108 0.78 1.13
20171026 23360 23470 23060 23310 8404 19529415 1.75 1.41 -0.51 4094 4310 0.95 1.04
20171025 23400 23500 23240 23430 2975 6954321 1.11 0.48 0.04 1824 1151 1.58 0.37
20171024 23090 23450 22980 23420 8545 19786798 2.03 1.49 1.39 3131 5414 0.58 1.06
20171023 23160 23160 22880 23100 7319 16801582 1.21 1.28 -0.22 5664 1655 3.42 0.91
20171020 23040 23300 22800 23150 4921 11308643 2.17 0.81 0.48 2767 2154 1.28 0.61
20171019 23020 23260 22670 23040 6140 14065842 2.56 1.00 -0.17 4401 1739 2.53 0.76
20171018 23370 23490 22910 23080 3955 9180849 2.49 0.55 -0.94 2008 1947 1.03 0.49
20171017 23710 23710 23120 23300 6271 14608587 2.48 0.86 -1.98 4201 2070 2.03 0.78
20171016 24450 24530 23700 23770 7340 17704031 3.40 1.09 -2.54 3877 3463 1.12 0.91
20171013 24600 24750 24160 24390 6589 16048074 2.37 1.09 -1.85 3943 2646 1.49 0.82
20171012 24700 25150 24400 24850 6679 16515971 3.01 1.26 -0.20 4536 2143 2.12 0.83
20171011 24650 25070 24580 24900 9233 22999959 1.99 2.13 1.30 4119 5114 0.81 1.15
20171010 24570 24610 24000 24580 6422 15694530 2.48 1.72 0.04 3773 2649 1.42 0.80
20171009 24700 24700 24360 24570 4830 11849667 1.40 1.15 0.99 2850 1980 1.44 0.60
20170929 24250 24600 24110 24330 3039 7420651 2.02 0.65 0.21 1260 1778 0.71 0.38
20170928 24350 24470 24030 24280 3071 7443208 1.80 0.61 -0.86 2069 1002 2.07 0.38
20170927 24490 24500 24200 24490 4288 10435441 1.21 0.67 -0.85 1791 2497 0.72 0.53
20170926 24790 24790 24360 24700 3420 8386280 1.73 0.48 -0.36 1803 1617 1.11 0.42
20170925 24930 25100 24290 24790 7223 17801482 3.23 1.13 -1.27 4384 2840 1.54 0.90
20170922 25220 25250 24850 25110 5548 13848845 1.59 0.90 -0.44 4123 1425 2.89 0.69
20170921 25400 25400 24990 25220 4830 12146821 1.63 0.75 -0.04 2502 2328 1.07 0.60
20170920 24920 25560 24810 25230 10913 27516035 3.01 1.83 1.20 4196 6717 0.62 1.36
20170919 24920 24970 24530 24930 7119 17685808 1.77 1.22 0.04 3185 3935 0.81 0.88
20170918 25090 25090 24760 24920 3451 8587828 1.32 0.53 -0.08 2087 1364 1.53 0.43
20170915 24930 25160 24760 24940 4340 10808902 1.60 0.63 0.04 1594 2746 0.58 0.54
20170914 25390 25700 24790 24930 6573 16494253 3.58 0.90 -1.89 4499 2075 2.17 0.82
20170913 25010 25780 24950 25410 8412 21308225 3.31 1.13 1.40 3867 4545 0.85 1.05
20170912 25200 25200 24950 25060 6408 16080428 0.99 0.70 -0.36 3322 3086 1.08 0.80
20170911 24800 25150 24530 25150 6940 17294472 2.49 0.55 1.17 3212 3728 0.86 0.86
20170908 25280 25280 24730 24860 6018 15016905 2.18 0.45 -1.27 3010 3008 1.00 0.75
20170907 25180 25600 24900 25180 8720 21992860 2.78 0.69 0.00 5699 3021 1.89 1.08
20170906 25090 25270 24920 25180 8974 22447964 1.38 0.72 -0.40 4200 4774 0.88 1.11
20170905 25230 25620 25000 25280 15440 39024744 2.46 1.36 0.20 8280 7160 1.16 1.92
20170904 24550 25660 24550 25230 23940 60336633 4.50 3.07 2.19 9674 14266 0.68 2.97
20170901 24060 24760 24060 24690 9702 23609531 2.89 1.35 2.07 3118 6583 0.47 1.21
20170831 24460 24500 24010 24190 4793 11568990 2.02 0.68 -0.37 2189 2604 0.84 0.60
20170830 24510 24770 24000 24280 8672 21082937 3.12 1.40 -1.54 5373 3299 1.63 1.08
20170829 24210 24880 24210 24660 9764 24035490 2.75 1.86 1.15 4993 4771 1.05 1.21
20170828 23850 24560 23770 24380 6008 14612991 3.31 1.19 2.22 2424 3585 0.68 0.75
20170825 23410 23960 23300 23850 6784 16025774 2.82 1.22 1.97 2377 4407 0.54 0.84
20170824 23360 23490 23200 23390 4119 9617882 1.24 0.66 -0.30 2074 2045 1.01 0.51
20170823 23360 23470 23190 23460 4338 10107153 1.19 0.62 -0.09 2072 2266 0.91 0.54
20170822 23400 23640 23150 23480 5032 11817681 2.08 0.68 -0.13 2357 2675 0.88 0.63
20170821 23390 23730 23310 23510 4954 11624871 1.79 0.60 0.00 2721 2234 1.22 0.62
20170818 23510 23780 23250 23510 9303 21825061 2.25 1.13 0.00 5592 3711 1.51 1.16
20170817 23680 23750 23170 23510 7435 17408951 2.45 0.84 -0.72 4387 3048 1.44 0.92
20170816 23300 23680 23070 23680 8181 19119029 2.63 1.01 2.16 3560 4621 0.77 1.02
20170815 23040 23380 22810 23180 7387 17036118 2.47 0.92 0.61 3632 3756 0.97 0.92
20170814 22330 23180 22300 23040 8663 19823980 3.91 1.25 2.40 3555 5108 0.70 1.08
20170811 22400 22660 22070 22500 9394 21082823 2.64 1.52 0.49 4750 4645 1.02 1.17
20170810 22010 22780 21960 22390 10413 23285463 3.71 1.89 1.27 6070 4343 1.40 1.29
20170809 22050 22220 21960 22110 4722 10429960 1.18 0.85 -0.05 2285 2438 0.94 0.59
20170808 21840 22280 21800 22120 6842 15053299 2.18 1.32 0.68 3773 3069 1.23 0.85
20170807 21810 22050 21650 21970 3196 6982473 1.83 0.58 0.73 1776 1420 1.25 0.40
20170804 21880 22000 21680 21810 5684 12414361 1.45 1.00 -0.86 2990 2693 1.11 0.71
20170803 22000 22280 21820 22000 7166 15805735 2.10 0.91 0.55 3941 3226 1.22 0.89
20170802 21970 22010 21700 21880 4911 10740691 1.41 0.66 -0.45 3341 1570 2.13 0.61
20170801 21950 22100 21790 21980 4938 10819882 1.41 0.70 0.27 2354 2585 0.91 0.61
20170731 21800 22000 21710 21920 4795 10492585 1.31 0.66 -0.81 2524 2271 1.11 0.60
20170728 22370 22420 21950 22100 6527 14427323 2.10 0.91 -1.21 3873 2654 1.46 0.81
20170727 21690 22390 21640 22370 18081 39863463 3.46 4.20 3.14 8947 9134 0.98 2.25
20170726 21700 21820 21560 21690 2904 6312293 1.20 0.65 0.00 1579 1325 1.19 0.36
20170725 21770 21780 21500 21690 2947 6374055 1.29 0.63 -0.41 2104 842 2.50 0.37
20170724 21610 21950 21360 21780 6087 13177906 2.69 1.04 -0.64 3995 2092 1.91 0.78
20170721 22000 22000 21510 21920 6022 13129878 2.19 0.72 -2.23 3144 2878 1.09 0.77
20170720 22320 22930 22150 22420 3562 8027461 3.49 0.35 0.22 1858 1705 1.09 0.49
20170719 21850 22460 21850 22370 3875 8565905 2.76 0.34 1.31 1901 1974 0.96 0.53
20170718 22000 22380 21260 22080 3750 8271456 5.08 0.25 0.14 2180 1570 1.39 0.51
20170717 23680 23680 21870 22050 11984 26836957 7.55 0.88 -8.01 7535 4448 1.69 1.64
20170714 24150 24500 22900 23970 18887 44887552 6.59 1.71 -1.28 11503 7384 1.56 2.59
20170713 23710 24780 23710 24280 12925 31098215 4.33 1.38 -1.78 8164 4761 1.71 1.77
20170707 24850 24940 24400 24720 8853 21790155 2.16 1.04 -1.00 6289 2564 2.45 1.21
20170706 23910 25090 23910 24970 21990 54684122 4.90 4.05 3.61 8726 13264 0.66 3.01
20170705 24010 24130 23830 24100 5601 13445222 1.25 1.05 0.29 3193 2408 1.33 0.77
20170704 24090 24090 23820 24030 5702 13633943 1.12 1.11 0.00 3496 2206 1.59 0.78
20170703 23760 24170 23720 24030 4852 11631457 1.87 0.86 -0.04 3009 1843 1.63 0.66
20170630 24230 24230 23810 24040 4310 10349404 1.73 0.70 -0.78 2514 1796 1.40 0.59
20170629 23780 24230 23780 24230 6712 16167819 1.88 1.06 1.13 2711 4002 0.68 0.92
20170628 24010 24090 23630 23960 5144 12227658 1.92 0.75 -0.17 3305 1839 1.80 0.70
20170627 24090 24240 23900 24000 4594 11048736 1.42 0.63 -0.04 2734 1861 1.47 0.63
20170626 23980 24050 23740 24010 7489 17923137 1.29 0.96 0.17 4555 2934 1.55 1.03
20170623 24070 24070 23500 23970 6893 16357919 2.38 0.91 0.29 3785 3108 1.22 0.94
20170622 24220 24320 23760 23900 7578 18106533 2.32 0.93 -1.12 5636 1942 2.90 1.04
20170621 24410 24550 24050 24170 7532 18164782 2.05 0.85 -0.94 5419 2113 2.56 1.03
20170620 24620 24830 24320 24400 6764 16642116 2.07 0.74 -0.81 4015 2750 1.46 0.93
20170619 24500 24830 24460 24600 10394 25608865 1.51 1.14 0.33 6357 4038 1.57 1.42
20170616 24790 24800 24410 24520 5653 13866694 1.59 0.53 0.12 3968 1686 2.35 0.77
20170615 24010 24840 24000 24490 10464 25679213 3.46 0.70 0.74 5285 5179 1.02 1.43
20170614 23920 24590 23900 24310 11020 26782203 2.87 0.73 1.00 5815 5205 1.12 1.51
20170613 23980 24160 23660 24070 7917 19004381 2.10 0.54 1.30 4471 3446 1.30 1.08
20170612 24240 24630 23760 23760 10632 25633901 3.56 0.74 -2.86 7385 3247 2.27 1.46
20170609 24300 24830 24250 24460 12980 31779232 2.34 0.88 -1.29 7185 5795 1.24 1.78
20170608 22790 25000 22700 24780 31990 78512296 10.08 3.06 8.64 15204 16785 0.91 4.38
20170607 22310 22870 22050 22810 11882 26855997 3.68 1.12 2.42 5109 6774 0.75 1.63
20170606 22290 22400 22100 22270 6501 14455918 1.35 0.57 -0.09 4080 2422 1.68 0.89
20170605 22210 22600 22040 22290 8458 18878590 2.52 0.64 0.36 5069 3389 1.50 1.16
20170602 23000 23120 21720 22210 15265 33911184 6.04 1.15 -4.23 8406 6859 1.23 2.09
20170601 23330 23550 23080 23190 10137 23541308 1.99 0.63 -2.03 6785 3352 2.02 1.39
20170531 24100 24100 23210 23670 12731 30085980 3.73 0.70 -0.67 8079 4652 1.74 1.74
20170526 23860 24100 23660 23830 10202 24278470 1.84 0.48 -0.17 6847 3354 2.04 1.40
20170525 23750 24190 23580 23870 17921 42564719 2.57 0.87 0.59 8877 9044 0.98 2.46
20170524 23600 23890 23250 23730 15627 36856358 2.68 0.70 -0.71 9960 5667 1.76 2.14
20170523 23940 24300 23810 23900 24491 58762789 2.05 1.13 -0.08 13801 10689 1.29 3.36
20170522 24100 24210 23610 23920 22690 54115280 2.49 1.07 -0.75 16300 6390 2.55 3.11
20170519 23070 24140 23010 24100 25154 59440448 4.88 1.29 4.15 10525 14629 0.72 3.47
20170518 23200 23430 22810 23140 15145 35025379 2.65 0.71 -1.07 9996 5148 1.94 2.09
20170517 23140 23840 23020 23390 23414 54771026 3.54 1.09 1.08 12936 10478 1.23 3.23
20170516 22960 23200 22070 23140 22295 50568554 4.94 0.92 1.14 13116 9179 1.43 3.07
20170515 22990 23550 22640 22880 19870 46005192 4.03 0.79 1.24 10461 9409 1.11 2.74
20170512 22630 22910 22370 22600 16752 37996220 2.39 0.70 -0.13 10134 6618 1.53 2.31
20170511 22700 22810 22000 22630 24933 55916669 3.55 1.24 -0.79 16718 8215 2.04 3.44
20170510 23140 23150 22720 22810 23778 54348378 1.85 1.36 -2.06 14766 9013 1.64 3.28
20170509 23190 23500 22500 23380 36281 83265339 4.30 3.08 0.47 20791 15490 1.34 5.00
20170508 21180 23270 21160 23270 23913 54386982 9.98 2.82 10.02 16088 7826 2.06 3.30
20170505 21400 21780 21100 21150 10127 21825046 3.18 0.99 -0.98 4659 5468 0.85 1.40
20170504 21450 21850 21050 21360 6789 14600352 3.74 0.64 -0.23 3563 3225 1.10 0.94
20170503 21640 21860 20970 21410 10028 21549045 4.09 1.00 -1.52 7164 2865 2.50 1.38
20170502 21590 21970 21580 21740 7984 17410426 1.80 0.72 0.56 3949 4035 0.98 1.10
20170428 21470 21860 21320 21620 7479 16193088 2.52 0.67 0.84 3279 4199 0.78 1.03
20170427 21610 21640 20790 21440 18959 40224551 3.93 1.78 -0.79 8766 10193 0.86 2.61
20170426 21550 21700 21460 21610 8525 18368244 1.12 0.59 0.56 5386 3139 1.72 1.18
20170425 21480 21750 21390 21490 7279 15719986 1.68 0.49 0.14 3853 3426 1.12 1.00
20170424 22130 22130 21310 21460 13592 29297811 3.72 0.93 -2.59 6006 7586 0.79 1.87
20170421 22120 22300 21880 22030 7777 17152115 1.90 0.53 -0.36 4558 3218 1.42 1.07
20170420 22240 22350 21710 22110 16031 35348305 2.86 1.16 -1.12 9637 6393 1.51 2.21
20170419 23230 23280 21280 22360 27425 60693655 8.61 2.55 -3.75 16698 10727 1.56 3.78
20170418 23440 23670 23170 23230 9519 22261780 2.14 0.72 -0.39 5012 4508 1.11 1.31
20170417 24210 24330 23200 23320 12441 29508740 4.65 0.85 -4.03 8468 3973 2.13 1.72
20170414 24490 24500 24210 24300 8539 20765975 1.18 0.54 -0.74 4468 4071 1.10 1.18
20170413 24140 24780 24140 24480 11028 27066886 2.63 0.69 0.62 6348 4680 1.36 1.52
20170412 24780 24790 24200 24330 12270 29938691 2.38 0.72 -1.90 8272 3998 2.07 1.69
20170411 25670 25680 24000 24800 22195 54867451 6.54 1.50 -3.39 14047 8148 1.72 3.06
20170410 26770 26990 25200 25670 19332 50319229 6.66 1.49 -4.54 13013 6320 2.06 2.67
20170407 26870 27300 26800 26890 13763 37211922 1.86 1.13 0.04 8396 5367 1.56 1.90
20170406 27010 27140 26800 26880 12577 33920511 1.26 1.11 -0.37 6690 5888 1.14 1.73
20170405 26150 27280 26150 26980 17303 46541824 4.35 1.77 3.77 8010 9293 0.86 2.39
20170331 26140 26380 25850 26000 10820 28197041 2.03 1.04 -0.46 7124 3696 1.93 1.49
20170330 26750 27050 26070 26120 10456 27572380 3.65 0.91 -2.61 6656 3800 1.75 1.44
20170329 27480 27640 26800 26820 9734 26370816 3.04 0.76 -2.97 6793 2942 2.31 1.34
20170328 27390 28010 27290 27640 8207 22705565 2.63 0.56 1.06 3717 4490 0.83 1.13
20170327 28010 28150 27280 27350 9795 27105718 3.11 0.66 -2.11 6388 3407 1.88 1.35
20170324 27750 28090 27300 27940 13820 38156386 2.84 0.88 0.40 7196 6625 1.09 1.91
20170323 28200 28350 27630 27830 15647 43711158 2.55 1.08 -1.45 9026 6621 1.36 2.16
20170322 28860 28860 27990 28240 16995 48033707 3.01 1.38 -2.15 11947 5049 2.37 2.34
20170321 28540 28920 28500 28860 16614 47744627 1.47 1.49 1.26 16524 91 182.18 2.29
20170320 28300 28590 28290 28500 11345 32292266 1.06 1.06 0.71 5401 5945 0.91 1.56
20170317 28420 28580 28250 28300 17579 49995920 1.16 2.02 -0.39 7625 9954 0.77 2.42
20170316 28340 28540 28180 28410 9748 27620333 1.28 1.09 0.89 4908 4840 1.01 1.34
20170315 28330 28330 28020 28160 6259 17607593 1.09 0.64 -0.71 3301 2958 1.12 0.86
20170314 28770 28800 28160 28360 10860 30894662 2.25 1.06 -0.49 6093 4766 1.28 1.50
20170313 28010 28500 28010 28500 9181 26030708 1.73 0.78 0.85 3587 5593 0.64 1.27
20170310 28110 28500 28020 28260 7509 21249545 1.71 0.62 0.71 3956 3553 1.11 1.04
20170309 28570 28580 27970 28060 10959 30854132 2.14 0.86 -1.75 7406 3553 2.08 1.51
20170308 28730 28890 28520 28560 10709 30730231 1.29 0.77 -0.28 5614 5095 1.10 1.48
20170307 28740 28740 28320 28640 12794 36491498 1.47 0.92 0.39 7152 5642 1.27 1.76
20170306 28200 28600 28050 28530 17028 48477388 1.95 1.21 1.24 8116 8912 0.91 2.35
20170303 28150 28290 27920 28180 9428 26501683 1.31 0.64 -0.11 4311 5117 0.84 1.30
20170302 28300 28540 28000 28210 14041 39645483 1.90 0.99 -0.60 8770 5271 1.66 1.94
20170301 28270 28780 28030 28380 16678 47470626 2.65 1.29 0.42 7519 9159 0.82 2.30
20170228 28490 28490 27980 28260 12588 35444871 1.80 0.89 -0.39 7366 5221 1.41 1.74
20170227 28350 28600 28050 28370 17523 49799275 1.94 1.27 0.25 9035 8487 1.06 2.42
20170224 28170 28400 28060 28300 13096 36948903 1.21 0.99 0.50 7020 6076 1.16 1.81
20170223 28100 28190 27850 28160 11341 31763341 1.21 0.89 0.21 6848 4493 1.52 1.56
20170222 28250 28250 27830 28100 10189 28569463 1.49 0.78 -0.25 5589 4600 1.22 1.40
20170221 28170 28340 27830 28170 18614 52279780 1.81 1.49 0.00 10766 7848 1.37 2.57
20170220 28600 28750 27940 28170 15994 44990714 2.86 - -0.63 6406 9588 0.67 2.20
20170217 28630 28760 28090 28350 10041 28538462 2.35 0.85 -0.60 5465 4576 1.19 1.38
20170216 28390 28740 28150 28520 8661 24677411 2.07 0.72 0.25 3860 4801 0.80 1.19
20170215 29160 29160 28360 28450 11687 33489106 2.75 1.00 -2.30 7250 4438 1.63 1.61
20170214 29030 29260 28820 29120 15924 46203707 1.51 1.56 -0.07 6120 9803 0.62 2.41
20170213 29060 29180 28710 29140 10394 30141733 1.62 1.04 0.14 5102 5291 0.96 1.57
20170210 28870 29470 28450 29100 12598 36273545 3.54 1.41 1.11 6376 6222 1.02 1.91
20170209 28600 28880 28570 28780 9443 27116115 1.08 1.00 0.45 4519 4924 0.92 1.43
20170208 28570 28790 28120 28650 9984 28375504 2.34 1.13 0.00 5559 4424 1.26 1.51
20170207 28530 28750 28450 28650 8613 24619625 1.04 0.87 -0.35 4736 3877 1.22 1.30
20170206 28200 28970 27870 28750 9520 27005410 3.90 0.82 1.95 3707 5813 0.64 1.44
20170203 28200 28350 27900 28200 7042 19771249 1.59 0.57 -0.53 4136 2906 1.42 1.07
20170126 27800 28570 27620 28350 12199 34302077 3.43 1.03 2.46 4698 7501 0.63 1.85
20170125 27530 27730 27220 27670 6772 18644011 1.84 0.54 0.04 3921 2851 1.38 1.02
20170124 27140 27900 27140 27660 13960 38346515 2.78 1.10 1.02 7115 6845 1.04 2.11
20170123 27280 27500 26860 27380 18174 49353991 2.36 1.27 0.88 6895 11279 0.61 2.75
20170120 26670 27800 26360 27140 10295 28025843 5.40 0.71 1.76 4832 5463 0.88 1.56
20170119 26300 26770 26110 26670 9992 26459012 2.50 0.66 1.06 4345 5647 0.77 1.51
20170118 27100 27100 26300 26390 10105 26812360 2.95 0.58 -2.62 6566 3539 1.86 1.53
20170117 26400 27400 26080 27100 14888 39617143 4.98 0.80 2.34 7842 7046 1.11 2.25
20170116 28510 28980 25840 26480 26498 71808407 10.94 1.66 -7.77 16422 10076 1.63 4.01
20170113 29020 29330 28630 28710 10907 31685090 2.41 0.62 -1.31 6418 4489 1.43 1.65
20170112 29000 29590 28970 29090 12774 37261896 2.13 0.62 -0.10 7097 5677 1.25 1.93
20170111 29880 30170 29120 29120 21392 63300118 3.51 1.02 -2.61 13404 7988 1.68 3.24
20170110 30200 30370 29640 29900 21846 65647912 2.43 1.07 -0.63 12696 9150 1.39 3.30
20170109 30380 30380 29820 30090 12762 38401799 1.86 0.56 -0.03 6504 6258 1.04 1.93
20170106 30000 30220 29900 30100 18802 56515059 1.06 0.71 -0.40 10308 8494 1.21 2.84
20170105 30040 30600 29910 30220 28966 87350151 2.25 1.01 -1.44 16199 12767 1.27 4.38
20170104 30100 30770 30070 30660 22240 67647961 2.33 0.63 1.96 12382 9858 1.26 3.36
20170103 30000 30390 29800 30070 19317 58131604 1.97 0.49 0.64 12083 7235 1.67 2.92
20161230 29990 30630 29620 29880 23783 71774597 3.37 0.43 -0.40 13538 10245 1.32 3.60
20161229 30880 31000 30000 30000 37423 113863770 3.22 0.47 -3.47 25410 12013 2.12 5.66
20161228 31800 32600 31000 31080 40174 127079169 4.99 0.52 -3.09 27132 13041 2.08 6.08
20161227 31600 33070 31600 32070 54668 177137235 4.64 0.74 1.17 30737 23930 1.28 8.27
20161226 31490 32570 30600 31700 42836 135156165 6.22 0.57 0.16 22895 19941 1.15 6.48
20161223 33250 33560 31200 31650 99763.53 322914773.310
20161222 31600 34690 31600 34300 158617.96 540419246.440
20161221 31840 32840 31440 31540 28725.28 91983234.890
20161220 33010 33100 31410 31740 37588.62 120338411.190
20161219 32800 33300 32060 32580 52614.15 171871389.740
20161216 28990 31900 28990 31900 31420.22 96774047.810
20161215 28500 29420 28500 29000 16602.34 48234388.670
20161214 28750 29500 28600 28850 15889.97 46265061.600
20161213 28700 29000 28020 28750 17313.41 49531391.920
20161212 31380 31830 28310 28910 35370.95 106385286.010
20161209 31800 32270 31350 31380 24815.15 78949512.130
20161208 32900 32900 31780 31910 33627.41 108541901.200
20161207 32500 33060 32250 33010 37508.72 122837353.540
20161206 32550 33150 32200 32800 45929.15 149621482.150
20161205 30450 33880 30100 32690 61345.76 199071217.890
20161202 32100 32250 30720 30800 37120.40 116605533.760
20161201 31400 32500 31120 32460 52374.49 167932655.270
20161130 30320 31450 30300 31430 35369.92 110169434.460
20161129 30290 31000 30230 30500 18226.27 55781676.490
20161128 31000 31150 30290 30400 15733.12 48518606.240
20161125 30210 30850 29700 30780 17597.96 53302865.820
20161124 30360 30850 30210 30310 17255.34 52722405.310
20161123 31160 31550 30500 30550 22099.64 68419486.060
20161122 30560 31200 30550 31120 26266.92 80993192.000
20161121 30180 30640 30100 30560 16534.33 50209972.940
20161118 30790 30850 30330 30470 15613.78 47804260.530
20161117 31380 31380 30610 30690 16648.66 51256958.210
20161116 31090 31850 31050 31400 28497.78 89617059.360
20161115 30780 31150 30310 31100 19559.76 60038945.190
20161114 30600 31370 30600 30930 22279.07 69182751.200
20161111 30250 30870 30250 30750 22895.83 69901069.300
20161110 30240 30600 30010 30450 25576.74 77628399.040
20161109 30500 30500 29050 29780 24364.35 72707727.310
20161108 30450 30480 30000 30460 16097.53 48726109.200
20161107 30350 30550 29850 30070 14884.85 44734773.040
20161104 30600 30960 30400 30490 13888.58 42605615.840
20161103 31010 31180 30020 30540 32969.96 101154584.500
20161102 31060 31600 31020 31180 22736.08 71095495.570
20161101 31060 31660 31030 31210 21618.66 67591998.550
20161031 31550 31740 31000 31220 25526.97 79986547.820
20161028 31300 32340 31160 31960 44699.13 142057417.790
20161027 30500 32920 30470 31660 72889.54 231612229.280
20161026 29910 30480 29590 30130 19630.55 58931660.080
20161025 29630 30280 29510 30140 15741.32 47148852.100
20161024 29810 30020 29500 29900 14059.30 41860640.600
20161021 30030 30250 29470 29810 19473.80 58108196.780
20161020 29660 30450 29350 30360 25288.60 75712809.190
20161019 30210 30320 29770 29960 15480.82 46294659.040
20161018 29570 30310 29520 30200 27717.64 83169239.590
20161017 29180 29780 29180 29370 15815.77 46548983.400
20161014 29490 29790 29020 29620 14893.19 43783622.630
20161013 29500 30700 29500 29780 30109.01 90639470.710
20161012 28630 29600 28620 29430 20457.95 59816600.900
20161011 28840 29090 28800 28910 11345.67 32805845.370
20161010 27800 29250 27650 29120 24238.62 69199996.050
20160930 27650 27650 27370 27550 7856.63 21613703.360
20160929 27560 27680 27320 27470 8682.54 23908069.170
20160928 27990 27990 27220 27360 7708.70 21150349.150
20160927 27040 27800 27040 27640 12477.97 34063177.330
20160926 28030 28150 27200 27330 12602.40 34982405.110
20160923 28480 28580 28000 28100 9643.64 27248743.860
20160922 28440 28750 28290 28490 12706.93 36224518.040
20160921 28380 28380 28100 28230 8587.19 24247045.400
20160920 28390 28500 28060 28230 13644.37 38486754.640
20160919 28400 28560 28110 28460 14797.13 41978033.610
20160914 28150 28900 28090 28380 15761.64 44880741.980
20160913 28260 28260 27800 27900 10871.23 30412867.650
20160912 28770 28930 27920 27930 23653.02 67304352.540
20160909 29820 29960 29260 29330 19721.34 58523123.740
20160908 29200 29700 29010 29680 20377.83 60072180.870
20160907 29650 29860 29110 29200 19557.00 57704248.500
20160906 28990 29550 28510 29530 23158.59 67537874.800
20160905 28770 29900 28770 28990 13757.86 40099807.000
20160902 28610 28880 28560 28770 11181.85 32087306.180
20160901 29200 29300 28750 28760 13286.00 38574250.960
20160831 29200 29200 28650 29170 13945.56 40395887.880
20160830 29350 29350 28810 29050 12187.45 35430551.750
20160829 29080 29540 28860 29150 17769.16 51947406.540
20160826 28860 29180 28510 28950 16219.59 46906720.580
20160825 29010 29030 27020 28410 15643.71 44198795.020
20160824 29040 29500 28910 29050 16072.29 46929723.400
20160823 28770 29070 28550 28850 12709.79 36617264.570
20160822 29320 29650 28520 28630 19461.06 56221376.570
20160819 29350 29600 29220 29370 14077.75 41351855.810
20160818 29400 29840 29330 29480 18244.71 53914955.120
20160817 29700 29800 29330 29700 18417.51 54442626.880
20160816 29770 30000 29580 29700 19032.79 56641973.830
20160815 28900 29960 28800 29750 26898.66 79491645.440
20160812 28330 28950 28300 28900 14704.73 42280408.330
20160811 29170 29380 28510 28550 14233.64 40980733.810
20160810 29690 29720 29280 29280 15359.87 45276556.370
20160809 29430 29550 29220 29550 15118.87 44461330.470
20160808 29010 29450 28510 29290 12350.52 35977870.020
20160805 29500 29690 29110 29410 15814.80 46385931.690
20160804 29360 29900 29130 29500 14302.70 42166908.190
20160803 29300 29550 29010 29360 16377.66 48073424.730
20160802 29080 29480 28810 29340 16609.18 48548876.020
20160801 28410 29470 27520 29010 21700.94 61384506.660
20160729 28970 29250 28100 28710 22452.37 64786942.090
20160728 29930 29930 28020 29190 49031.62 142130085.760
20160727 33300 33400 30130 30130 75703.05 237666911.630
20160726 33400 33500 33000 33480 30634.63 101738941.760
20160725 33150 33740 33010 33080 16928.49 56347193.060
20160722 34390 34590 33500 33530 25224.15 85479832.820
20160721 34600 34750 34100 34250 26574.85 91553772.970
20160720 34120 34680 34120 34330 28883.45 99548128.060
20160719 34200 34360 33560 34200 23117.75 78298721.240
20160718 34010 34640 33660 34170 27086.55 92603484.350
20160715 34480 34650 33500 33800 37787.21 128029661.260
20160714 34830 35000 34030 34420 29292.37 100612561.050
20160713 34900 35270 34500 34820 36988.27 128769663.270
20160712 34490 34940 32810 34420 50654.46 171071831.520
20160711 35710 35930 34490 34510 59647.68 209780806.080
20160708 36080 36580 35620 36040 58108.25 209497272.220
20160707 37390 38190 36040 36680 113383.57 420522029.950
20160706 35550 36950 34910 36930 96608.52 347723908.390
20160705 35800 35960 35010 35490 85680.91 303014786.310
20160704 34030 36180 33280 36010 86915.42 301138161.420
20160701 35990 35990 34040 34200 62691.92 218269728.820
20160630 35500 36800 35090 35700 55207.17 198374281.780
20160629 35600 35850 34710 35360 61595.37 217170217.340
20160628 33550 36620 33530 35870 94921.32 335183132.730
20160627 32530 34230 32350 33990 61412.71 204499393.040
20160624 33700 34550 31850 33600 52141.81 174147281.960
20160623 33210 34660 33140 33700 50043.46 169848855.430
20160622 32380 33600 31800 33300 50955.53 166352735.310
20160621 34600 35460 32400 32700 96768.34 328883310.950
20160620 35850 37030 34870 36000 79707.17 286827091.440
20160617 33990 37730 33800 36300 121018.18 445722581.470
20160616 34890 35190 33020 34300 60890.40 206334637.590
20160615 78510 86850 78300 86850 25068.95 211580088.660
20160614 78780 79870 77590 78950 14200.53 111805973.250
20160613 86510 86510 79920 79920 28906.55 239547080.680
20160608 92000 92420 88600 88800 25766.86 232930507.940
20160607 87600 94420 85230 93450 30466.13 273761383.750
20160606 87500 89600 85500 86620 22542.46 196374967.520
20160603 85000 89490 84010 86850 30221.31 262903709.310
20160602 79320 84500 78900 84300 24916.97 204350761.040
20160601 79160 80800 78030 79000 20336.91 161811300.300
20160531 73000 79800 73000 78900 15481.43 119160835.070
20160530 74540 74980 72310 72900 7906.68 58279900.560
20160527 73790 76380 73420 75010 12753.94 95966402.600
20160526 72800 73840 70030 73840 7998.84 57478393.550
20160525 73470 75020 72500 73000 9761.88 72107251.440
20160524 73500 73500 71500 72670 7377.35 53520968.620
20160523 72180 74540 71750 73820 9752.26 71472593.980
20160520 68000 71800 67500 71740 8145.71 57139999.870
20160519 67850 70930 67020 68880 9935.22 69030267.410
20160518 71000 71000 66300 67230 8695.86 59583203.560
20160517 71400 73000 70620 71910 7805.16 56119810.800
20160516 69270 71380 68100 71380 6452.22 45157631.820
20160513 68250 70000 68100 68760 6516.00 45110000
20160512 68800 69700 66510 68910 7343.00 49830000
20160511 72500 72570 69510 70460 7736.00 54940000
20160510 72290 73740 70850 71400 9358.00 67240000
20160509 77000 77000 72100 72700 14044.00 103360000
20160506 81580 83550 77800 77950 16926.00 136350000
20160505 78580 82800 78030 82100 14118.00 114860000
20160504 77990 80700 77500 79000 12434.00 98500000
20160503 74440 78390 74200 78060 10587.00 81390000
20160429 73500 75150 72720 74140 7339.00 54560000
20160428 72920 74500 70500 74280 10837.00 78560000
20160427 73290 74250 72690 72860 8835.00 64790000
20160426 72050 73550 71350 73480 8716.00 63350000
20160425 72800 72800 70200 72070 8799.00 62970000
20160422 71280 73260 70530 73200 10167.00 73520000
20160421 74000 75970 71550 71600 13705.00 101650000
20160420 81790 82350 73360 74530 20255.00 156270000
20160419 82000 83180 79700 81500 16667.00 135860000
20160418 85020 85890 81000 81510 18421.00 152080000
20160415 93700 93700 86330 86660 34858.00 312500000
20160411 80270 85200 79400 85180 19839.00 162890000
20160408 80050 81410 77060 79000 24009.00 191520000
20160407 85650 85920 82210 82700 19525.00 163460000
20160406 82400 86330 82000 85380 19983.00 169220000
20160405 81180 84490 78960 83330 22208.00 181580000
20160401 80080 81600 78110 81500 22712.00 179960000
20160331 79240 83790 79140 81410 27006.00 219720000
20160330 72970 78480 71710 78250 20307.00 151290000
20160329 74000 74980 70400 71650 16793.00 121320000
20160328 78110 79500 73770 74520 17263.00 132870000
20160325 79000 79000 75610 76670 16727.00 129250000
20160324 75940 80000 75000 79500 29053.00 228060000
20160323 74350 76880 73810 76320 19263.00 145810000
20160322 76200 76990 74520 74550 18521.00 139840000
20160321 76500 77480 74590 77000 26762.00 202840000
20160318 73500 77900 72890 75780 27858.00 210690000
20160317 69100 75970 68680 73810 30374.00 218240000
20160316 70160 71790 66120 69770 27051.00 187890000
20160315 67550 71930 65280 68610 35816.00 241970000
20160314 63000 67410 63000 67410 27993.00 186660000
20160311 59200 62550 58810 61280 8599.00 52260000
20160310 61850 63450 60150 60230 9143.00 56280000
20160309 62000 63580 61030 61800 11706.00 73200000
20160308 62000 64170 56590 63800 15877.00 97170000
20160307 58580 63270 58580 61150 14321.00 87950000
20160304 63000 63000 57530 57530 14752.00 88270000
20160303 63400 66340 62880 63130 15444.00 99300000
20160302 60800 63660 59000 63400 14465.00 89160000
20160301 61030 62430 55330 60610 17124.00 101380000
20160229 67000 67300 61040 61040 9983.00 61980000
20160226 69900 71000 66150 67820 12702.00 87160000
20160225 77000 77300 69860 69860 16016.00 116280000
20160224 81750 82000 75980 77620 19881.00 155260000
20160223 81890 83650 79550 81800 13980.00 114900000
20160222 81110 82780 80400 81600 12714.00 103470000
20160219 79620 82500 79050 80900 12251.00 99250000
20160218 81350 82980 79000 80820 15740.00 128140000
20160217 79510 81800 78290 80820 13277.00 106680000
20160216 74100 79980 74100 79900 11515.00 89520000
20160215 72000 74980 70550 73610 6321.00 46040000
20160205 78000 78770 75010 75010 8729.00 67240000
20160204 76390 79700 76160 77030 14766.00 114750000
20160203 72000 76190 72000 76000 10814.00 80030000
20160202 70000 74450 69200 74140 13265.00 96740000
20160201 68550 70500 67010 69510 11049.00 76690000
20160129 70000 70000 64000 68710 13451.00 91320000
20160128 70010 71060 64650 64990 9133.00 61970000
20160127 71600 72600 65000 71680 13053.00 90560000
20160126 76900 76980 70660 71160 14924.00 109480000
20160125 80390 81880 77880 78510 15295.00 120790000
20160122 76130 80140 74980 79390 18472.00 144340000
20160121 76180 80550 74980 74980 20382.00 158970000
20160120 76900 78120 75500 77700 19072.00 146770000
20160119 75000 78960 73530 78150 18721.00 143140000
20160118 71980 77900 71160 75800 19389.00 145690000
20160115 73790 76000 71000 73780 21438.00 157540000
20160114 64300 74140 63990 74140 24989.00 176640000
20160113 72120 73490 67000 67400 15243.00 107900000
20160112 70630 72800 68500 72000 16637.00 118450000
20160111 74790 76260 70630 70630 20407.00 147940000
20160108 81880 83000 73800 78480 16496.00 130350000
20160107 86450 86450 79560 79560 4125.00 33920000
20160106 85300 89770 82500 88400 16157.00 139840000
20160105 82800 89490 81800 84000 22924.00 195060000
20160104 100000 100000 90890 90890 12186.00 114360000
20151231 104500 106010 100360 100990 11037.00 114490000
20151230 105000 105850 103110 104500 8951.00 93630000
20151229 102970 105900 100500 104780 15659.00 161420000
20151228 110600 111940 103570 103700 30239.00 323050000
20151225 117290 119880 112400 112880 24250.00 281900000
20151224 114500 116680 112500 116160 16311.00 187580000
20151223 115500 117470 111980 113690 16627.00 190570000
20151222 115930 116880 113000 115480 13934.00 159630000
20151221 117000 117000 113000 114910 16946.00 194650000
20151218 122500 122940 118100 118300 18143.00 217140000
20151217 119990 125150 117510 123510 29161.00 352300000
20151216 115100 119990 115100 118000 18998.00 224190000
20151215 112900 120850 112330 113820 22937.00 268170000
20151214 110060 114100 103350 114100 23082.00 250940000
20151211 110400 114900 110050 112780 23991.00 271280000
20151210 109600 111880 107810 109550 19417.00 212470000
20151209 118020 118270 109000 111200 27082.00 306310000
20151208 118000 122500 116600 118750 28279.00 337630000
20151207 122500 122500 115000 118000 34226.00 405360000
20151204 128440 135000 124480 124480 38762.00 501640000
20151203 125920 133170 121010 129520 46795.00 599650000
20151202 122210 133000 112730 127700 50786.00 623110000
20151201 125000 135530 113000 125250 66694.00 844300000
20151130 112180 123210 110000 123210 48866.00 568500000
20151127 107220 118100 106110 112010 51802.00 587140000
20151126 109550 115370 107170 109200 30094.00 335750000
20151125 110880 115500 108000 110550 41189.00 461850000
20151124 97520 107780 97000 107780 38892.00 403010000
20151123 101500 103850 97850 97980 28020.00 281760000
20151120 102400 104200 98100 102480 38418.00 388550000
20151119 97990 104110 97700 102550 36938.00 370650000
20151118 100160 103000 94920 96950 39115.00 385780000
20151117 110900 111700 100080 101140 37405.00 398850000
20151116 105730 112000 105550 108910 35518.00 385180000
20151113 124120 125000 115200 115200 33993.00 400190000
20151112 119000 129810 116150 128000 35250.00 437240000
20151111 108010 118360 106000 118010 34175.00 384510000
20151110 108130 111980 105000 108580 30540.00 330340000
20151109 102200 114480 99600 110500 33020.00 356100000
20151106 98000 105280 95630 104970 30782.00 310460000
20151105 94000 99370 92900 97190 38277.00 368570000
20151104 86170 95460 85300 95390 40477.00 361830000
20151103 88100 91990 86550 86780 51259.00 457100000
20151102 75000 86370 75000 86370 55434.00 466750000
20151030 75390 81790 73000 78520 32497.00 254180000
20151029 79800 79800 74000 75330 20441.00 156900000
20151028 77680 83750 76800 77290 31744.00 255190000
20151027 77020 79500 72000 78500 28996.00 220170000
20151026 79000 80480 73000 79000 24706.00 192180000
20151023 74010 77960 74010 77000 25654.00 195740000
20151022 71220 75000 69880 74510 26126.00 190680000
20151021 79850 80000 71870 71870 32150.00 242470000
20151020 76410 81150 75100 79850 32003.00 252180000
20151019 78380 78980 74110 76640 24634.00 186870000
20151016 79900 80680 76000 78340 25636.00 199620000
20151015 73990 80190 73510 79100 27565.00 213660000
20151014 72970 78800 71200 75300 32604.00 244780000
20151013 73000 76580 71030 74150 32224.00 235500000
20151012 64650 70730 64650 70730 16704.00 114580000
20151009 64000 65100 63000 64300 15769.00 101190000
20151008 63300 65350 62020 64500 20991.00 134360000
20150930 63050 63890 58510 60280 15548.00 94460000
20150929 60000 64880 59000 62700 33492.00 209910000
20150928 55800 60500 54880 60500 15430.00 89220000
20150925 59000 60950 54200 55000 19095.00 109750000
20150924 61900 63890 58810 60070 27951.00 171190000
20150923 59000 62980 58000 61580 28744.00 174500000
20150922 61210 62300 58600 60650 22743.00 137520000
20150921 58000 62500 57010 60890 25873.00 155960000
20150918 56500 59880 55380 59000 21047.00 121010000
20150917 54430 58660 53500 56700 30170.00 172650000
20150916 49480 53330 48620 53330 16637.00 84750000
20150915 50000 52470 48480 48480 14658.00 72890000
20150914 59890 59890 53870 53870 15032.00 84290000
20150911 56900 61880 56500 59850 21546.00 128750000
20150910 56500 58200 55080 57910 19690.00 112090000
20150909 53750 57380 53740 57380 28224.00 158230000
20150908 47000 52160 46100 52160 18585.00 92450000
20150907 46510 49300 46120 47420 11650.00 55880000
20150902 43020 49590 42500 44930 15775.00 72470000
20150901 49300 49300 45770 45780 12284.00 58190000
20150831 56490 56490 50860 50860 15926.00 84860000
20150828 55900 57600 53000 56510 23416.00 129920000
20150827 49300 52360 49000 52360 22436.00 115170000
20150826 49400 52770 46170 47600 16344.00 81270000
20150825 48800 51890 48600 48600 8889.00 44320000
20150824 57480 58200 54000 54000 7956.00 43570000
20150821 63800 66640 60000 60000 10351.00 65040000
20150820 65990 70100 65100 65860 9765.00 66070000
20150819 63990 68400 61890 67600 11966.00 77570000
20150818 73710 75850 66780 66780 17160.00 122270000
20150817 78300 79900 73660 74200 20518.00 154640000
20150814 81500 82980 77900 80400 19890.00 160110000
20150813 79200 81500 74100 80500 19269.00 151280000
20150812 82800 86500 79320 79650 15477.00 128410000
20150811 83000 85650 81300 83500 18652.00 156370000
20150810 77910 83600 75130 82300 17264.00 137260000
20150807 71550 77100 71500 76850 21139.00 158230000
20150806 71000 74780 70100 71400 11530.00 83420000
20150805 72880 79200 71230 74860 19394.00 143380000
20150804 67780 73130 66660 73130 17514.00 122280000
20150803 72770 72770 66040 66480 19644.00 132490000
20150731 75600 79030 72600 73380 16200.00 122140000
20150730 83580 88590 78450 78520 21950.00 185280000
20150729 86000 87770 75650 87160 31385.00 253160000
20150728 84700 92150 84050 84050 20300.00 173610000
20150727 99000 107500 93390 93390 27393.00 277970000
20150724 102000 107450 100510 103770 34664.00 362340000
20150723 89000 97680 89000 97680 14515.00 135840000
20150722 91000 91290 86730 88800 12025.00 107370000
20150721 83400 91000 82000 90030 16799.00 148180000
20150720 85090 92000 84220 86500 17989.00 157300000
20150717 81010 88400 81000 86800 19959.00 169750000
20150716 71330 84500 71290 80500 15713.00 124630000
20150715 90000 90000 78980 78980 29050.00 235820000
20150714 83000 87750 80670 87750 18171.00 156170000
20150713 79000 79770 77880 79770 18497.00 146550000
20150710 70980 72520 69810 72520 6313.00 45180000
20150709 55800 65930 55800 65930 21472.00 138050000
20150708 59940 60900 59940 59940 27968.00 167720000
20150707 68000 68000 66600 66600 6594.00 44090000
20150706 85470 85470 69930 74000 25748.00 201150000
20150703 73120 83370 70420 77700 29289.00 221770000
20150702 83000 83990 78240 78240 20609.00 165020000
20150701 91880 99680 86930 86930 29115.00 275570000
20150630 92760 99900 86470 96590 28013.00 263520000
20150629 107550 109000 96080 96080 18389.00 180350000
20150626 113350 114800 106750 106750 14158.00 154800000
20150625 121790 124000 115550 118610 22533.00 270710000
20150624 128160 129000 118110 120800 29097.00 359850000
20150623 117900 126760 115000 126760 32592.00 397450000
20150619 121100 125970 115240 115240 23210.00 278420000
20150618 141000 141000 128040 128040 28701.00 379720000
20150617 137130 143600 137130 142270 20386.00 286870000
20150616 135000 148000 133600 139460 30124.00 425570000
20150615 155500 155500 144590 144590 24158.00 354560000
20150612 175000 179000 160650 160650 40851.00 680500000
20150611 172000 182970 170000 178500 40788.00 729780000
20150610 158000 176780 158000 176780 34235.00 580860000
20150609 155500 164640 155500 160710 35347.00 568550000
20150608 176000 183250 161550 161550 49019.00 829900000
20150605 186770 189580 173030 179500 47994.00 871890000
20150604 194550 199990 173480 183500 45858.00 860810000
20150603 195500 199000 187970 190110 62460.00 1193590000
20150602 207000 216810 199000 208850 70292.00 1464380000
20150601 224900 226000 201580 202000 81953.00 1704810000
20150529 191000 223980 183700 223980 109490.00 2265340000
20150528 203620 203620 203620 203620 8012.00 163160000
20150527 185110 185110 185110 185110 298.00 5510000
20150526 168280 168280 168280 168280 672.00 11320000
20150525 152980 152980 152980 152980 1360.00 20800000
20150522 139070 139070 139070 139070 503.00 7000000
20150521 126430 126430 126430 126430 251.00 3170000
20150520 114940 114940 114940 114940 222.00 2550000
20150519 104490 104490 104490 104490 353.00 3680000
20150518 94990 94990 94990 94990 324.00 3070000
20150515 86350 86350 86350 86350 347.00 2990000
20150514 78500 78500 78500 78500 223.00 1750000
20150513 71360 71360 71360 71360 258.00 1840000
20150512 64870 64870 64870 64870 160.00 1030000
20150511 58970 58970 58970 58970 210.00 1230000
20150508 53610 53610 53610 53610 482.00 2580000
20150507 48740 48740 48740 48740 1145.00 5580000
20150506 44310 44310 44310 44310 406.00 1790000
20150505 40280 40280 40280 40280 295.00 1180000
20150504 36620 36620 36620 36620 70.00 250000
20150430 33290 33290 33290 33290 72.00 230000
20150429 30260 30260 30260 30260 36.00 100000
20150428 27510 27510 27510 27510 37.00 100000
20150427 25010 25010 25010 25010 67.00 160000
20150424 18950 22740 18950 22740 87.00 190000
