20200203 17080 17080 17080 17080 6665 11383820 0.00 0.07 -10.01 - 6665 - 0.56
20200123 20000 20250 18550 18980 124241 242816477 8.36 1.29 -6.64 75541 48700 1.55 10.53
20200122 19220 20550 18860 20330 145135 289832784 8.73 1.84 5.01 64421 80714 0.80 12.30
20200121 19500 19590 19070 19360 71902 139166000
20200120 19080 19570 18650 19480 98138 188033354 4.82 1.16 2.04 45680 52457 0.87 8.31
20200117 19480 19600 18880 19090 65983 127023096 3.71 0.81 -1.60 40685 25298 1.61 5.59
20200116 19400 19940 19210 19400 100720 197429452 3.78 1.40 0.41 51249 49471 1.04 8.53
20200115 19430 19430 18960 19320 58058 111513401 2.43 0.78 0.05 31335 26723 1.17 4.92
20200114 19480 19580 19030 19310 96465 186115809 2.85 1.42 0.10 50501 45964 1.10 8.17
20200113 18490 19320 18210 19290 101214 191787142 6.03 1.44 4.72 38507 62707 0.61 8.57
20200110 18500 18640 18300 18420 52640 97065813 1.85 0.73 0.27 30053 22587 1.33 4.46
20200109 18100 18380 17990 18370 51675 94156486 2.18 0.67 2.80 23495 28180 0.83 4.38
20200108 18560 18560 17850 17870 71402 129517642 3.82 0.89 -3.82 44835 26567 1.69 6.05
20200107 18540 18670 18280 18580 62983 116209000
20200106 18300 18660 17830 18500 112903 206600264 4.32 1.27 -3.65 62161 50741 1.23 9.56
20200103 19240 19360 19050 19200 62025 119084057 1.61 0.55 -0.21 35589 26436 1.35 5.25
20200102 19000 19330 18800 19240 77287 147795927 2.81 0.61 2.01 37807 39480 0.96 6.55
20191231 19170 19280 18670 18860 84829 160578796 3.15 0.62 -2.58 54140 30689 1.76 7.19
20191230 19490 19910 19100 19360 72305 140232983 4.20 0.52 0.31 38768 33537 1.16 6.13
20191227 20310 20410 19130 19300 146314 290546096 6.24 1.22 -5.85 94278 52035 1.81 12.40
20191226 19900 20970 19660 20500 179238 363751616 6.49 1.84 1.54 88405 90833 0.97 15.18
20191225 19720 20430 19660 20190 145864 293052336 3.87 1.74 1.46 76054 69810 1.09 12.36
20191224 18840 19980 18610 19900 145054 283756912 7.31 1.98 6.13 55142 89912 0.61 12.29
20191223 18820 19640 18730 18750 79991 153682552 4.77 0.99 -1.78 40560 39431 1.03 6.78
20191220 19500 19500 18920 19090 50228 96035577 2.98 0.54 -1.80 29907 20321 1.47 4.26
20191219 19330 19500 18980 19440 65177 125989509 2.70 0.64 0.93 29714 35463 0.84 5.52
20191218 19670 19700 19130 19260 79875 155146831 2.90 0.75 -2.08 50362 29513 1.71 6.77
20191217 19580 19880 19400 19670 91747 179390566 2.44 0.91 0.00 53354 38394 1.39 7.77
20191216 18980 19760 18700 19670 116286 225445944 5.61 1.33 4.18 48474 67812 0.71 9.85
20191213 19390 19700 18810 18880 113878 218252539 4.79 1.46 1.56 60529 53348 1.13 9.65
20191212 18350 19080 18200 18590 106031 197872447 4.77 1.60 0.76 47389 58642 0.81 8.98
20191211 17750 18570 17710 18450 101194 185267432 4.84 1.87 3.77 45652 55542 0.82 8.57
20191210 17910 17910 17300 17780 66107 116388000
20191209 18180 18330 17850 18000 50425 90921719 2.63 0.98 -1.32 29181 21244 1.37 4.27
20191206 18160 18280 17660 18240 66299 119025818 3.39 1.43 -0.27 38103 28196 1.35 5.62
20191205 18230 18390 18110 18290 47039 85993372 1.54 1.14 0.83 21725 25314 0.86 3.99
20191204 18240 18580 18070 18140 40279 73708959 2.79 0.99 -0.93 23376 16903 1.38 3.41
20191203 17960 18420 17910 18310 48230 88084647 2.81 1.29 0.72 20830 27400 0.76 4.09
20191202 17660 18440 17660 18180 54854 99346268 4.38 1.60 2.19 24983 29871 0.84 4.65
20191129 17520 17880 17280 17790 41065 72562964 3.44 1.03 1.89 19695 21370 0.92 3.48
20191128 17510 17670 17340 17460 22471 39299167 1.89 0.53 -0.11 12608 9863 1.28 1.90
20191127 17380 17770 17230 17480 37270 65486150 3.10 0.84 0.29 17255 20015 0.86 3.16
20191126 17660 17830 17390 17430 30670 53931156 2.51 0.60 -0.68 17833 12837 1.39 2.60
20191125 17750 17880 17210 17550 39853 70019182 3.79 0.78 -0.85 20091 19763 1.02 3.38
20191122 18380 18800 17300 17700 69827 126131643 8.16 1.38 -3.70 40110 29717 1.35 5.92
20191121 18220 18670 18220 18380 32966 60868870 2.43 0.59 -0.59 19990 12976 1.54 2.79
20191120 18600 18870 18330 18490 47301 87879754 2.88 0.86 -1.33 28555 18746 1.52 4.01
20191119 18130 18870 18020 18740 67101 124821316 4.71 1.23 3.94 30723 36378 0.84 5.68
20191118 18010 18280 17720 18030 39189 70578650 3.11 0.58 0.17 20008 19181 1.04 3.32
20191115 18630 18640 18000 18000 66008 120257845 3.42 0.89 -3.79 39267 26741 1.47 5.59
20191114 18860 18970 18350 18710 60932 113665065 3.28 0.73 -1.06 33344 27588 1.21 5.16
20191113 18810 19130 18680 18910 42733 80587712 2.39 0.45 0.42 22526 20207 1.11 3.62
20191112 19060 19250 18530 18830 62893 118407165 3.75 0.64 -1.88 35589 27304 1.30 5.33
20191111 19620 20130 19150 19190 107193 209755612 4.71 1.09 -7.74 64020 43173 1.48 9.08
20191108 21370 21540 20700 20800 97491 205137698 3.93 0.95 -2.67 64126 33365 1.92 8.26
20191107 20790 21370 20310 21370 108243 226894833 5.11 1.08 3.09 47185 61058 0.77 9.17
20191106 21000 21450 20500 20730 97449 204018145 4.51 1.01 -1.61 58795 38654 1.52 8.26
20191105 21080 21460 20800 21070 84592 178036349 3.14 0.89 0.33 47161 37431 1.26 7.17
20191104 20320 21170 20320 21000 105130 219427885 4.09 1.11 1.16 54258 50872 1.07 8.91
20191101 19370 20940 19250 20760 117286 238920537 8.62 1.38 5.92 48852 68434 0.71 9.94
20191031 20680 21180 19590 19600 98598 200928754 7.78 1.08 -4.16 59934 38665 1.55 8.35
20191030 20110 20780 19800 20450 74774 153148046 4.87 0.78 1.59 38240 36534 1.05 6.33
20191029 20360 20610 19930 20130 80192 162338002 3.32 0.81 -1.80 46614 33578 1.39 6.79
20191028 18930 20650 18930 20500 102425 204623903 8.91 1.07 6.16 43530 58895 0.74 8.68
20191025 19280 19780 19160 19310 69142 134370128 3.24 0.67 1.05 36663 32479 1.13 5.86
20191024 20000 20100 18720 19110 132003 255639035 6.80 1.28 -5.82 72599 59404 1.22 11.18
20191023 21240 21450 20290 20290 93548 194658837 5.42 0.78 -5.19 62040 31508 1.97 7.93
20191022 20830 21430 20590 21400 97934 206197656 4.01 0.73 2.25 51189 46745 1.10 8.30
20191021 20450 20960 20210 20930 84386 174029664 3.65 0.55 1.85 44699 39687 1.13 7.15
20191018 21430 21550 20550 20550 108219 227590629 4.68 0.68 -3.79 65398 42821 1.53 9.17
20191017 21690 22150 21010 21360 129574 278535184 5.18 0.77 -2.86 71130 58444 1.22 10.98
20191016 21580 22730 21480 21990 176726 391851776 5.80 1.13 1.95 84511 92215 0.92 14.97
20191015 21630 22630 21040 21570 176359 383341296 7.23 1.21 -1.95 94398 81961 1.15 14.94
20191014 21000 22750 20550 22000 178237 387330800 10.61 1.27 6.08 79744 98493 0.81 15.10
20191011 21250 21270 20350 20740 139026 288708704 4.36 0.96 -1.80 76314 62713 1.22 11.78
20191010 19280 21120 19110 21120 171511 346531152 10.47 1.28 10.00 66313 105199 0.63 14.53
20191009 19650 19650 18330 19200 117889 223952000
20191008 20770 20780 18980 19700 124997 247143603 8.75 0.97 -4.18 75866 49131 1.54 10.59
20190930 20090 21210 19610 20560 148566 303693824 7.94 1.16 2.03 73012 75554 0.97 12.59
20190927 18650 20500 18500 20150 163484 326623328 10.72 1.17 8.04 67343 96142 0.70 13.85
20190926 19680 20130 18600 18650 112486 217805114 7.90 0.71 -3.72 59465 53021 1.12 9.53
20190925 19590 20160 19330 19370 86048 169560000
20190924 20400 20540 19800 19880 130779 262107413 3.59 0.87 -3.64 80623 50156 1.61 11.08
20190923 20450 20840 19600 20630 146602 296880672 6.15 1.08 2.33 71558 75043 0.95 12.42
20190920 19490 21100 19370 20160 220899 448078496 8.79 2.00 2.44 108772 112128 0.97 18.71
20190919 18450 20100 18450 19680 210682 409665312 9.01 2.46 7.48 91068 119614 0.76 17.85
20190918 18210 18950 18180 18310 106881 198236803 4.28 1.11 1.89 54572 52310 1.04 9.05
20190917 18410 18470 17500 17970 70033 126027856 5.22 0.57 -3.28 39709 30324 1.31 5.93
20190916 18600 18760 18210 18580 73371 135846838 2.95 0.57 -0.43 44612 28759 1.55 6.22
20190912 18010 18750 17880 18660 90943 168185687 4.82 0.67 3.38 41884 49059 0.85 7.70
20190911 18360 18690 18050 18050 86661 159275000
20190910 19000 19080 18110 18200 161376 299484864 5.01 1.38 -6.09 98539 62837 1.57 13.67
20190909 17680 19380 17680 19380 196860 368426144 9.65 2.19 9.99 83018 113842 0.73 16.68
20190906 17670 17940 17210 17620 112765 197732919 4.21 1.34 1.73 57625 55140 1.05 9.55
20190905 16720 17560 16720 17320 119764 206471027 5.04 1.62 3.84 53694 66069 0.81 10.15
20190904 16450 16940 16330 16680 89642 149454072 3.71 1.14 1.52 47020 42622 1.10 7.59
20190903 16170 16470 16079 16430 64468 104924000
20190902 15580 16200 15570 16149 62984 100409000
20190830 16200 16450 15500 15550 83351 132814212 5.92 0.96 -3.05 49564 33787 1.47 7.06
20190829 16120 16380 15990 16040 69253 111961401 2.44 0.73 0.25 33877 35376 0.96 7.20
20190828 16860 16860 15950 16000 113715 184396234 5.40 1.15 -5.04 70224 43490 1.61 11.82
20190827 16850 17260 16760 16850 73301 124173137 2.99 0.65 0.72 39466 33834 1.17 7.62
20190826 16950 17070 16590 16730 94558 158904505 2.75 0.72 -4.24 57036 37522 1.52 9.83
20190823 17570 17780 17340 17470 84844 148786755 2.47 0.57 -2.02 50184 34660 1.45 8.82
20190822 18220 18690 17790 17830 107948 195700955 4.87 0.71 -3.57 63164 44784 1.41 11.22
20190821 18010 18570 17610 18490 135272 244448925 5.29 0.84 1.82 69103 66168 1.04 14.06
20190820 18720 18810 18120 18160 142940 263392680 3.66 0.89 -3.66 89904 53036 1.70 14.86
20190819 18030 18960 17810 18850 183803 338477152 6.39 1.22 4.66 89433 94370 0.95 19.10
20190816 17330 18160 16800 18010 175886 307319056 7.83 1.23 3.62 88637 87249 1.02 18.28
20190815 16580 17420 16500 17380 124995 211498740 5.27 0.87 -0.52 68333 56662 1.21 12.99
20190814 17300 18330 17150 17470 178928 316208176 6.95 1.29 2.95 88542 90386 0.98 18.60
20190813 17160 17750 16720 16970 135983 233418880 5.92 0.95 -2.47 83653 52330 1.60 14.13
20190812 16640 17410 16000 17400 138885 232565000
20190809 16790 17060 16200 16380 133740 222719356 5.25 0.76 0.00 72128 61613 1.17 13.90
20190808 15770 16800 15770 16380 134392 220277535 6.44 0.72 2.37 60684 73708 0.82 13.97
20190807 16940 17410 16000 16000 150172 252391126 8.41 0.81 -4.59 85160 65012 1.31 15.61
20190806 16630 17190 16120 16770 155655 259669290 6.20 0.80 -2.90 84239 71416 1.18 16.18
20190805 17630 18490 16860 17270 199516 352174992 9.09 1.14 -3.73 118390 81126 1.46 20.74
20190802 16650 18580 16620 17940 234447 417843552 11.33 1.58 3.70 110969 123478 0.90 24.37
20190801 16500 17760 16480 17300 188619 323366576 7.69 1.44 3.90 93094 95524 0.97 19.60
20190731 16010 16820 15820 16650 150646 245374603 6.11 1.18 1.77 77245 73401 1.05 15.66
20190730 15490 16870 15410 16360 194190 314345920 9.38 1.86 5.14 84671 109519 0.77 20.18
20190729 14970 15600 14710 15560 104482 159590700 5.89 1.02 3.05 46870 57612 0.81 10.86
20190726 15280 15780 15090 15100 103891 160051188 4.48 1.00 -2.01 59740 44151 1.35 10.80
20190725 15320 15580 15070 15410 100562 154202798 3.32 0.82 0.26 52906 47656 1.11 10.45
20190724 14510 15860 14510 15370 137115 209015986 9.22 0.99 4.99 62415 74700 0.84 14.25
20190723 14200 14990 14190 14640 77171 113251987 5.56 0.54 1.74 36960 40211 0.92 8.02
20190722 14910 15260 14050 14390 93643 137205554 8.14 0.59 -3.23 51174 42469 1.20 9.73
20190719 14980 15380 14720 14870 112052 167855882 4.35 0.66 -1.98 68012 44040 1.54 11.65
20190718 15650 15970 15100 15170 191102 294377552 5.40 1.11 -5.89 111384 79717 1.40 19.86
20190717 14770 16120 14620 16120 220738 343642128 10.24 1.39 10.03 121175 99563 1.22 22.94
20190716 14400 14790 14220 14650 102291 148820427 3.83 0.72 -1.48 58184 44108 1.32 10.98
20190715 14360 15310 14110 14870 167558 246675116 8.37 1.46 3.77 82269 85288 0.96 17.98
20190712 13580 14630 13380 14330 164328 230784874 8.91 1.84 2.14 83247 81081 1.03 17.64
20190711 15000 15350 13900 14030 208178 300967040 10.01 3.75 -3.11 112592 95586 1.18 22.34
20190710 13880 14480 13880 14480 153663 222349175 4.56 4.20 10.03 146041 7622 19.16 16.49
20190709 13120 13360 13000 13160 19541 25725518 2.72 0.38 -0.53 11660 7881 1.48 2.10
20190708 13950 13950 13190 13230 28256 37900296 5.49 0.51 -4.48 17629 10626 1.66 3.03
20190705 13620 13860 13440 13850 36104 49397121 3.07 0.69 1.32 17783 18321 0.97 3.88
20190704 13910 13960 13520 13670 40137 54947297 3.17 0.81 -1.58 22250 17886 1.24 4.31
20190703 13800 14300 13550 13890 58886 81861653 5.44 1.31 0.73 28616 30270 0.95 6.32
20190702 13430 14320 13410 13790 90470 124888862 6.80 2.53 2.99 41398 49072 0.84 9.71
20190701 13090 13590 13060 13390 49755 66439901 4.12 1.41 4.20 23314 26440 0.88 5.34
20190628 13280 13340 12820 12850 23205 30100199 3.93 0.61 -2.95 13001 10204 1.27 2.49
20190627 13250 13430 13140 13240 24380 32332349 2.19 0.65 0.15 12633 11746 1.08 2.62
20190626 12790 13320 12630 13220 36524 47837456 5.33 0.93 2.08 14674 21850 0.67 3.92
20190625 13500 13640 12530 12950 45255 59250350 8.23 1.27 -4.00 28410 16845 1.69 4.86
20190624 13250 13600 13110 13490 46673 62834767 3.68 1.65 1.20 19654 27020 0.73 5.01
20190621 13280 13410 12620 13330 36520 48212424 6.05 1.42 2.07 18842 17679 1.07 3.92
20190620 13070 13260 12830 13060 22213 29022922 3.27 0.84 -0.53 12607 9606 1.31 2.38
20190619 13430 13830 12990 13130 45293 60246550 6.39 1.96 -0.08 24844 20449 1.21 4.86
20190618 12890 13200 11560 13200 27103 34433730 12.77 1.11 2.80 14541 12563 1.16 2.91
20190617 12880 12950 12620 12840 9970 12773950 2.58 0.36 0.23 5018 4951 1.01 1.07
20190614 13100 13180 12760 12810 24441 31720187 3.21 0.95 -2.14 12387 12054 1.03 2.62
20190613 13100 13440 12960 13090 25135 33041502 3.67 0.97 0.00 15579 9556 1.63 2.70
20190612 13240 13340 12990 13090 28860 38020618 2.63 1.12 -1.73 18155 10706 1.70 3.10
20190611 13150 13360 12910 13320 33886 44579745 3.46 1.44 2.54 16882 17004 0.99 3.64
20190610 12690 13000 12510 12990 24461 31488198 3.92 1.04 3.84 10716 13745 0.78 2.63
20190606 12880 12880 12380 12510 16902 21316909 3.88 0.64 -2.87 10433 6469 1.61 1.81
20190605 12820 13080 12660 12880 25114 32337833 3.31 0.80 1.50 13599 11515 1.18 2.70
20190604 12580 13700 12370 12690 28716 36844250 10.56 0.95 0.71 16823 11893 1.41 3.08
20190603 12960 12980 12450 12600 22193 28163396 4.09 0.68 -2.85 12980 9213 1.41 2.38
20190531 12900 13100 12590 12970 24964 32067995 3.95 0.81 0.54 13174 11790 1.12 2.68
20190530 13480 13490 12750 12900 31467 41145504 5.51 1.01 -3.87 16716 14751 1.13 3.38
20190529 12900 13980 12770 13420 49093 65907000
20190528 13000 13250 12600 12710 23836 30956352 4.97 0.89 -2.90 15073 8763 1.72 2.56
20190527 12610 13100 12250 13090 33252 42624426 6.64 1.25 2.27 13855 19397 0.71 3.57
20190524 13060 13060 12500 12800 16433 20881008 4.31 0.54 -1.46 8392 8041 1.04 1.76
20190523 13500 13500 12480 12990 33834 44010560 7.67 1.17 -2.33 19429 14406 1.35 3.63
20190522 13550 13650 13220 13300 18715 25182667 3.23 0.64 0.00 9549 9165 1.04 2.01
20190521 13710 13740 13300 13300 32365 43643495 3.23 1.12 -2.49 19448 12917 1.51 3.47
20190520 13050 13900 13050 13640 31588 42724944 6.43 1.12 3.18 16549 15038 1.10 3.39
20190517 13750 14030 12310 13220 34332 46539943 12.57 1.19 -3.36 18223 16109 1.13 3.68
20190516 13500 13990 13400 13680 27369 37326923 4.34 0.92 0.59 13783 13586 1.01 2.94
20190515 13570 13850 13550 13600 21685 29681448 2.22 0.69 0.67 12372 9313 1.33 2.33
20190514 13770 13830 13320 13510 30152 41094023 3.72 0.98 -1.46 13087 17065 0.77 3.24
20190513 13600 13830 13290 13710 27567 37454954 3.87 0.94 -1.72 16960 10607 1.60 2.96
20190510 13030 13950 12680 13950 38082 50840043 9.78 1.39 7.47 18598 19484 0.95 4.09
20190509 12570 12990 12480 12980 30652 39077586 4.09 0.90 4.01 14890 15762 0.94 3.29
20190508 13010 13520 12410 12480 29725 38774900 8.17 0.83 -8.10 14176 15549 0.91 3.19
20190507 13200 13680 12800 13580 27144 35935966 6.49 0.71 0.22 13771 13373 1.03 2.91
20190506 14550 14580 13550 13550 21511 29663116 6.84 0.56 -10.03 12921 8590 1.50 2.31
20190430 14970 15420 14510 15060 27498 41393029 5.95 0.72 -1.57 15576 11923 1.31 2.95
20190429 14440 15820 14120 15300 64830 97977216 11.81 2.08 6.32 24146 40685 0.59 6.96
20190426 14390 15000 13810 14390 38254 54536489 8.26 1.30 -0.07 18228 20026 0.91 4.11
20190425 14880 15040 14100 14400 38843 56079836 6.37 1.27 -2.37 18507 20336 0.91 4.17
20190424 14820 14860 14380 14750 23245 34076674 3.29 0.62 1.17 9401 13844 0.68 2.49
20190423 15150 15370 14500 14580 25805 38558502 5.84 0.63 -2.15 14417 11388 1.27 2.77
20190422 15220 15480 14890 14900 29767 45091965 3.88 0.63 -2.10 15567 14200 1.10 3.19
20190419 15360 15420 15070 15220 29695 45236590 2.27 0.59 -1.10 17209 12486 1.38 3.19
20190418 15780 16000 15360 15390 44409 69488541 4.06 0.84 -2.47 20152 24257 0.83 4.77
20190417 15920 16400 15490 15780 57067 90845722 5.76 1.11 -0.19 31906 25161 1.27 6.13
20190416 15510 15830 15000 15810 45428 70721962 5.37 0.83 2.20 21998 23430 0.94 4.88
20190415 15300 15800 15220 15470 61519 95157186 3.90 0.89 4.10 28401 33119 0.86 6.60
20190412 14570 15140 14570 14860 41830 62284185 3.94 0.48 2.70 17861 23969 0.75 4.49
20190411 15090 15090 14330 14470 58470 85405941 4.94 0.53 -5.92 33371 25099 1.33 6.28
20190410 15650 15780 15200 15380 50094 77413682 3.69 0.45 -2.04 30834 19260 1.60 5.38
20190409 15750 16170 15210 15700 63407 99671649 5.95 0.58 -2.73 31486 31920 0.99 6.81
20190408 15950 16580 14940 16140 130927 205939590 10.55 1.37 3.79 62608 68319 0.92 14.05
20190404 14080 15860 14060 15550 136872 209258028 12.41 1.80 7.17 51799 85072 0.61 14.69
20190403 14000 15110 13900 14510 167001 243274591 8.76 3.43 5.07 96573 70428 1.37 17.92
20190402 12550 13810 12480 13810 56442 74799510 10.60 1.23 10.04 33347 23094 1.44 6.06
20190401 12280 12670 12080 12550 58943 73340985 4.78 1.52 1.62 28611 30332 0.94 6.33
20190329 11840 12500 11800 12350 57182 69653928 5.92 1.73 4.48 25523 31660 0.81 6.14
20190328 11500 12020 11410 11820 41263 48731735 5.25 1.32 1.72 24299 16964 1.43 4.43
20190327 11600 11660 11100 11620 29344 33508401 4.88 0.90 1.22 14902 14442 1.03 3.15
20190326 11580 12000 11380 11480 42495 49978016 5.35 1.40 -0.86 24437 18058 1.35 4.56
20190325 11580 11800 11300 11580 23720 27564280 4.24 0.74 -1.86 12567 11153 1.13 2.55
20190322 11820 11950 11430 11800 28118 32852432 4.40 0.89 -0.08 15201 12917 1.18 3.02
20190321 11810 11910 11640 11810 32695 38640939 2.31 0.98 0.85 15792 16903 0.93 3.51
20190320 11920 11990 11380 11710 35798 41858187 5.10 0.91 -2.01 23178 12619 1.84 3.84
20190319 12100 12270 11880 11950 31086 37520311 3.23 0.61 -1.08 18214 12872 1.42 3.34
20190318 11700 12250 11500 12080 32241 38297877 6.41 0.55 3.25 16121 16120 1.00 3.46
20190315 11820 11940 11440 11700 26287 30805562 4.28 0.37 0.26 14886 11400 1.31 2.82
20190314 12090 12180 11300 11670 41738 48925639 7.27 0.54 -3.55 22163 19575 1.13 4.48
20190313 12660 12840 11900 12100 64497 79989348 7.49 0.83 -3.59 39752 24745 1.61 6.92
20190312 12450 12980 12240 12550 91323 115074252 6.01 1.31 1.87 46474 44849 1.04 9.80
20190311 11890 12370 11450 12320 71009 85486873 7.91 1.04 5.93 32532 38477 0.85 7.62
20190308 11590 12440 11420 11630 82399 98430292 8.54 1.45 -2.60 41830 40569 1.03 8.84
20190307 11660 12400 11500 11940 74744 88445554 7.61 1.53 1.02 41224 33520 1.23 8.02
20190306 11590 11910 11410 11820 70552 82040979 4.39 1.56 3.78 34439 36113 0.95 7.57
20190305 11020 11450 10900 11390 50246 56442243 4.93 1.02 2.15 23163 27083 0.86 5.39
20190304 11200 11500 11130 11150 63718 71866331 3.33 1.17 0.27 35326 28392 1.24 6.84
20190301 11120 11140 10930 11120 24803 27364677 1.89 0.36 0.27 13012 11791 1.10 2.66
20190228 11180 11240 10950 11090 34952 38825458 2.62 0.41 0.09 19308 15644 1.23 3.75
20190227 11050 11270 10870 11080 52468 57996179 3.58 0.62 -0.81 29448 23020 1.28 5.63
20190226 11400 11500 11010 11170 70141 79041870 4.25 0.85 -3.04 43047 27094 1.59 7.53
20190225 11030 11780 11030 11520 89657 102329660 6.78 1.11 4.07 46412 43245 1.07 9.62
20190222 10730 11180 10620 11070 95398 104189266 5.19 1.27 2.50 54492 40906 1.33 10.24
20190221 10470 11460 10440 10800 122625 134713318 9.79 1.62 3.65 68073 54552 1.25 13.16
20190220 10550 10550 10160 10420 42404 44013462 3.69 0.56 -1.51 26779 15625 1.71 4.55
20190219 10480 10620 10320 10580 62761 65754439 2.83 0.93 -0.09 37025 25737 1.44 6.74
20190218 10320 10680 10210 10590 79222 82757167 4.63 1.43 4.33 39428 39793 0.99 8.50
20190215 10260 10500 10130 10150 68764 70611525 3.55 1.56 -2.50 40056 28708 1.40 7.38
20190214 10700 10950 10050 10410 126017 132235767 8.75 5.80 1.17 64286 61731 1.04 13.53
20190213 9470 10290 9340 10290 44258 44120204 10.16 2.83 10.05 26253 18006 1.46 4.75
20190212 9280 9350 9200 9350 20342 18895081 1.62 1.29 0.86 10734 9609 1.12 2.18
20190211 9000 9310 8930 9270 17939 16432498 4.26 0.92 3.92 7425 10514 0.71 1.93
20190201 8720 8930 8720 8920 11733 10389549 2.43 0.53 3.36 4453 7279 0.61 1.26
20190131 8780 8950 8610 8630 14405 12660374 3.86 0.59 -2.04 8343 6063 1.38 1.55
20190130 8800 8980 8770 8810 13664 12100457 2.38 0.53 -0.34 7615 6049 1.26 1.47
20190129 9020 9200 8730 8840 21233 18891972 5.13 0.83 -3.49 12592 8641 1.46 2.28
20190128 9790 9810 9000 9160 36549 34334491 8.33 1.56 -5.76 25049 11499 2.18 3.92
20190125 9700 9870 9620 9720 25465 24844439 2.56 1.05 -0.31 14285 11181 1.28 2.73
20190124 9650 9830 9500 9750 25300 24533166 3.41 0.94 0.72 13506 11794 1.15 2.72
20190123 9600 9760 9580 9680 19286 18632364 1.86 0.57 0.10 10806 8480 1.27 2.07
20190122 9860 9870 9580 9670 21889 21190880 2.94 0.47 -2.03 14080 7809 1.80 2.35
20190121 9800 9930 9680 9870 25215 24760286 2.57 0.36 1.44 12138 13077 0.93 2.71
20190118 9750 9860 9570 9730 29286 28490371 2.96 0.39 -0.71 17141 12145 1.41 3.14
20190117 9990 10100 9780 9800 38288 37971067 3.22 0.51 -1.51 24170 14118 1.71 4.11
20190116 10260 10260 9920 9950 54649 55008691 3.30 0.79 -3.40 33133 21516 1.54 5.87
20190115 10980 11400 10400 10680 148544 162759267 9.57 4.74 2.20 75734 72810 1.04 15.94
20190114 10980 11400 10400 10680 148545 162760000
20190111 9550 10450 9430 10450 46952 47856000
20190110 9210 9980 9170 9500 45096 43340000
20190109 9130 9340 9070 9240 22444 20768921 2.95 1.10 0.98 11424 11020 1.04 2.41
20190108 9170 9360 9090 9150 21316 19618614 2.97 1.01 0.55 11710 9606 1.22 2.29
20190107 9010 9170 8860 9100 20975 18947532 3.47 0.93 1.90 9609 11366 0.85 2.25
20190104 8540 9000 8510 8930 15376 13644764 5.57 0.71 1.48 5651 9725 0.58 1.65
20190103 9280 9290 8800 8800 23456 21076736 5.31 1.14 -4.56 15739 7717 2.04 2.52
20190102 9120 9340 9120 9220 21150 19527262 2.39 1.07 0.33 12231 8919 1.37 2.27
20181228 9550 9580 9150 9190 24080 22583513 4.69 1.46 0.33 12768 11312 1.13 2.58
20181227 9170 9400 9110 9160 28779 26586311 3.21 2.21 1.33 10923 17856 0.61 3.09
20181226 9060 9250 8990 9040 11573 10498335 2.87 0.90 -0.11 6566 5007 1.31 1.24
20181225 9110 9170 8600 9050 17331 15519633 6.16 1.44 -2.27 10652 6679 1.59 1.86
20181224 9030 9490 8980 9260 16892 15613130 5.64 1.34 2.43 6436 10457 0.62 1.81
20181221 9050 9110 8930 9040 8121 7329880 1.98 0.53 -0.44 4560 3561 1.28 0.87
20181220 9050 9140 8980 9080 11144 10091990 1.77 0.66 0.55 5381 5763 0.93 1.20
20181219 9280 9320 8980 9030 11121 10149719 3.66 0.63 -2.80 7124 3997 1.78 1.19
20181218 9360 9440 9160 9290 12818 11900000
20181217 9630 9700 9290 9400 19667 18532441 4.23 1.19 -3.09 11591 8076 1.44 2.11
20181214 10200 10230 9680 9700 21639 21686538 5.42 1.30 -4.34 13653 7986 1.71 2.32
20181213 9950 10180 9750 10140 19161 19149861 4.32 1.12 1.91 8203 10958 0.75 2.06
20181212 10150 10200 9900 9950 15437 15504184 2.96 0.76 -1.87 10276 5161 1.99 1.66
20181211 10140 10190 10030 10140 11245 11363430 1.58 0.42 0.00 6789 4455 1.52 1.21
20181210 10000 10300 9950 10140 15203 15338743 3.46 0.37 0.20 8123 7080 1.15 1.63
20181207 10110 10260 9900 10120 22298 22468538 3.56 0.42 0.10 13228 9069 1.46 2.39
20181206 10300 10680 10110 10110 21349 21839641 5.49 0.38 -2.60 12626 8723 1.45 2.29
20181205 10310 10400 10210 10380 31729 32659758 1.80 0.55 -1.89 18783 12946 1.45 3.41
20181204 10630 10670 10400 10580 44314 46725376 2.50 0.85 -2.04 28068 16246 1.73 4.76
20181203 10380 11010 10290 10800 84351 89730098 6.86 2.06 2.86 43083 41269 1.04 9.05
20181130 9760 10760 9570 10500 84393 86261314 12.16 2.72 7.25 35601 48793 0.73 9.06
20181129 9940 10140 9520 9790 36526 35862771 6.25 1.38 -1.31 22957 13570 1.69 3.92
20181128 9440 9990 9250 9920 36584 35316499 7.83 1.58 4.97 14085 22499 0.63 3.93
20181127 9340 9670 9340 9450 19547 18516574 3.50 0.84 0.21 9199 10348 0.89 2.10
20181126 9300 9600 9150 9430 27265 25609757 4.84 1.27 1.40 13559 13706 0.99 2.93
20181123 9640 10180 9110 9300 35416 33484216 11.05 1.95 -3.93 21609 13807 1.57 3.80
20181122 9790 9840 9610 9680 13133 12714863 2.37 0.66 -0.31 7624 5509 1.38 1.41
20181121 9260 9710 9260 9710 20224 19216855 4.75 1.06 2.43 8657 11567 0.75 2.17
20181120 9750 9840 9420 9480 20391 19640000
20181119 9740 9850 9490 9750 18368 17740000
20181116 9750 9850 9640 9740 18564 18098000
20181115 9410 9780 9360 9730 21574 20773582 4.44 1.28 2.96 9947 11628 0.86 2.32
20181114 9470 9630 9400 9450 16734 15924928 2.43 0.97 -0.32 8427 8307 1.01 1.80
20181113 9230 9580 9210 9480 25442 24003665 3.97 1.54 1.72 12952 12490 1.04 2.73
20181112 9020 9490 9010 9320 14757 13669665 5.29 0.65 2.64 5496 9260 0.59 1.58
20181109 9120 9220 9080 9080 12257 11201751 1.53 0.45 -0.55 8046 4212 1.91 1.32
20181108 9170 9330 9120 9130 15078 13902175 2.29 0.53 -0.33 8520 6558 1.30 1.62
20181107 9350 9500 9160 9160 18705 17432030 3.61 0.70 -2.76 12655 6050 2.09 2.01
20181106 9390 9540 9220 9420 21618 20220761 3.35 0.87 -1.46 12494 9124 1.37 2.32
20181105 9450 10200 9250 9560 45119 43016524 9.90 2.48 -0.42 26290 18829 1.40 4.84
20181102 9120 9960 9090 9600 34211 32046926 9.57 2.37 5.61 14658 19553 0.75 3.67
20181101 8880 9180 8880 9090 22392 20264402 3.38 1.75 2.36 10245 12147 0.84 2.40
20181031 8790 8960 8770 8880 10649 9472371 2.17 0.82 1.49 5388 5261 1.02 1.14
20181030 8630 8850 8450 8750 12418 10782391 4.67 0.90 2.22 4994 7424 0.67 1.33
20181029 8790 8790 8510 8560 11161 9671526 3.22 0.71 -1.50 6666 4495 1.48 1.20
20181026 8590 8880 8590 8690 15581 13632919 3.40 0.95 1.88 6870 8711 0.79 1.67
20181025 8230 8630 8180 8530 14171 12009142 5.11 0.81 -3.18 6900 7271 0.95 1.52
20181024 8750 8880 8610 8810 11722 10260498 3.10 0.60 1.15 5445 6277 0.87 1.26
20181023 8850 9060 8650 8710 16369 14461499 4.63 0.83 -1.58 9236 7134 1.29 1.76
20181022 8660 9070 8520 8850 20738 18384948 6.46 1.12 3.87 9386 11352 0.83 2.23
20181019 8310 8670 8230 8520 19380 16455341 5.31 1.11 2.77 9036 10345 0.87 2.08
20181018 8500 8640 8230 8290 19054 16118256 4.78 1.09 -3.38 8986 10068 0.89 2.05
20181017 8440 9060 8290 8580 22779 19486556 9.28 1.41 3.37 10891 11888 0.92 2.44
20181016 8720 8900 8280 8300 17156 14659878 7.09 1.17 -5.03 10144 7012 1.45 1.84
20181015 8800 9100 8520 8740 14135 12537151 6.54 1.00 -1.47 6928 7207 0.96 1.52
20181012 9010 9170 8510 8870 14555 12909431 7.18 1.12 -3.48 8333 6222 1.34 1.56
20181011 9980 9980 9190 9190 18454 17513348 7.74 1.63 -9.99 11628 6826 1.70 1.98
20181010 10000 10330 9950 10210 16715 17030598 3.78 1.67 1.49 6985 9730 0.72 1.79
20181009 9820 10160 9790 10060 9602 9552151 3.76 0.99 2.13 4357 5245 0.83 1.03
20181008 10340 10340 9810 9850 11462 11466612 5.10 1.07 -5.20 7082 4379 1.62 1.23
20180928 10320 10460 10100 10390 8679 8951253 3.50 0.80 0.97 4304 4376 0.98 0.93
20180927 10550 10760 10260 10290 10260 10755100 4.73 0.87 -2.56 6221 4039 1.54 1.10
20180926 10620 10630 10520 10560 10137 10731708 1.05 0.84 0.38 4907 5230 0.94 1.09
20180925 10590 10600 10440 10520 7818 8229407 1.50 0.66 -1.13 4271 3547 1.20 0.84
20180921 10400 10690 10310 10640 16799 17646257 3.63 1.60 1.62 7998 8801 0.91 1.80
20180920 10570 10700 10310 10470 9353 9863501 3.68 0.88 -1.13 5823 3530 1.65 1.00
20180919 10590 10790 10300 10590 15111 16074379 4.66 1.55 0.67 7304 7807 0.94 1.62
20180918 10200 10590 10200 10520 11311 11838897 3.78 1.17 2.04 4584 6727 0.68 1.21
20180917 10280 10450 10160 10310 6792 7028059 2.81 0.61 -0.10 3649 3143 1.16 0.73
20180914 10600 10620 10300 10320 10080 10511970 3.04 0.92 -2.09 6278 3802 1.65 1.08
20180913 10530 10590 10420 10540 9770 10279427 1.64 0.91 1.64 4116 5654 0.73 1.05
20180912 10330 10580 10290 10370 10836 11296301 2.82 1.04 0.78 5160 5675 0.91 1.16
20180911 10290 10460 10240 10290 10769 11147242 2.15 1.05 0.59 4548 6221 0.73 1.16
20180910 10850 10860 10230 10230 13934 14613781 5.80 1.37 -5.89 9202 4732 1.94 1.50
20180907 10860 11140 10700 10870 9409 10234285 4.09 0.86 0.93 4983 4426 1.13 1.27
20180906 10970 11030 10740 10770 8653 9419556 2.65 0.75 -1.46 5944 2709 2.19 1.16
20180905 11060 11200 10910 10930 9533 10520916 2.61 0.84 -1.53 6090 3443 1.77 1.28
20180904 11030 11190 10940 11100 9959 11045480 2.26 0.78 0.36 5187 4772 1.09 1.34
20180903 10990 11290 10650 11060 13253 14456583 5.81 1.02 0.36 6380 6872 0.93 1.78
20180831 11410 11410 10940 11020 13497 15030778 4.13 1.05 -3.16 8008 5489 1.46 1.82
20180830 11700 11760 11380 11380 11144 12854810 3.24 0.74 -2.90 7286 3858 1.89 1.50
20180829 11780 11880 11640 11720 9073 10646991 2.03 0.57 -0.93 5564 3509 1.59 1.22
20180828 11860 12180 11660 11830 16775 19850963 4.41 1.03 0.25 9403 7372 1.28 2.26
20180827 11550 11920 11420 11800 14251 16739790 4.32 0.90 1.99 6237 8014 0.78 1.92
20180824 11780 11870 11520 11570 12948 15043451 2.96 0.86 -2.03 7983 4965 1.61 1.74
20180823 11500 12500 11420 11810 22212 26329330 9.34 1.78 2.16 11146 11066 1.01 2.99
20180822 11780 11780 11420 11560 13509 15611165 3.03 1.09 -2.69 8860 4649 1.91 1.82
20180821 11560 11880 11270 11880 18677 21638501 5.28 1.75 2.86 8146 10531 0.77 2.51
20180820 11600 11790 11300 11550 11877 13654801 4.26 1.08 0.35 7191 4686 1.53 1.60
20180817 11910 12180 11470 11510 9366 11059948 6.00 0.75 -2.70 5529 3837 1.44 1.26
20180816 11980 12080 11710 11830 9050 10798221 3.08 0.62 -1.66 4941 4109 1.20 1.22
20180815 12370 12440 12020 12030 13233 16074485 3.39 0.86 -2.91 8897 4336 2.05 1.78
20180814 12430 12540 12250 12390 9938 12282145 2.33 0.63 -0.32 5276 4662 1.13 1.34
20180813 12020 12540 12020 12430 13473 16602736 4.23 0.83 1.06 5364 8109 0.66 1.81
20180810 12160 12650 12080 12300 17114 21120766 4.71 1.13 1.74 7719 9395 0.82 2.30
20180809 11740 12340 11630 12090 19286 23398346 6.02 1.23 2.46 9132 10154 0.90 2.59
20180808 12330 12500 11680 11800 16692 20111852 6.61 1.08 -4.84 10118 6573 1.54 2.24
20180807 12180 12450 12040 12400 12286 15104750 3.38 0.77 2.31 5929 6358 0.93 1.65
20180806 12580 12800 12020 12120 16087 19958482 6.07 1.03 -5.68 9515 6572 1.45 2.16
20180803 12870 13150 12660 12850 11307 14570244 3.79 0.67 -0.54 6636 4671 1.42 1.52
20180802 13750 13760 12560 12920 22328 29178788 8.80 1.25 -5.21 13053 9274 1.41 3.00
20180801 14050 14270 13550 13630 15533 21570690 5.13 0.71 -2.85 10039 5494 1.83 2.09
20180731 13980 14280 13910 14030 14409 20312170 2.66 0.53 0.94 7348 7061 1.04 1.94
20180730 14200 14280 13820 13900 14567 20371342 3.26 0.44 -1.56 9426 5141 1.83 1.96
20180727 14470 14500 14100 14120 18070 25619112 2.78 0.43 -1.94 11762 6308 1.86 2.43
20180726 14770 14810 14180 14400 26462 38221523 4.26 0.48 -2.57 17515 8947 1.96 3.56
20180725 14680 15070 14570 14780 35428 52505548 3.41 0.62 0.82 18618 16811 1.11 4.76
20180724 14480 14790 14230 14660 41858 61010086 3.85 0.79 0.76 21978 19880 1.11 5.63
20180723 14360 14880 14280 14550 43893 63637586 4.10 0.80 -0.68 26779 17114 1.56 5.90
20180720 14300 14850 14050 14650 60732 87370705 5.37 1.28 -1.61 32490 28242 1.15 8.61
20180719 15400 15680 14750 14890 96389 147285682 6.17 2.87 -1.26 52648 43741 1.20 13.93
20180718 13770 15080 13720 15080 43369 63260892 9.92 1.39 9.99 26031 17339 1.50 6.27
20180717 13610 13760 13460 13710 21438 29197910 2.20 0.67 0.59 12449 8989 1.39 3.10
20180716 14050 14200 13230 13630 51688 70119937 6.61 1.93 -7.09 28580 23107 1.24 7.47
20180713 14700 14900 14550 14670 24738 36429774 2.40 0.91 0.48 13882 10856 1.28 3.57
20180712 14330 14720 14130 14600 26405 38239446 4.18 0.91 3.33 13024 13382 0.97 3.82
20180711 14560 14700 14000 14130 31299 44909824 4.68 1.16 -5.48 20759 10541 1.97 4.52
20180710 14920 15180 14660 14950 25625 38051423 3.44 0.85 -0.99 17893 7731 2.31 3.70
20180709 15040 15380 14830 15100 25893 38988506 3.69 0.89 1.34 14036 11858 1.18 3.74
20180706 14670 15130 14520 14900 26614 39506634 4.15 0.98 1.29 14649 11965 1.22 3.85
20180705 14550 15180 14440 14710 35150 52112761 5.10 1.54 1.31 18279 16871 1.08 5.08
20180704 14690 14760 14380 14520 21459 31143894 2.56 1.02 -2.22 14758 6702 2.20 3.10
20180703 13780 14990 13780 14850 40757 59059318 8.72 2.51 6.99 16518 24238 0.68 5.89
20180702 14390 14400 13700 13880 20966 29555459 4.85 1.35 -3.81 15027 5939 2.53 3.03
20180629 13900 14630 13900 14430 17005 24461062 5.20 1.09 2.70 8078 8927 0.90 2.46
20180628 14250 14390 13810 14050 13580 19230900 4.07 0.83 -1.40 8400 5181 1.62 1.96
20180627 14380 14440 14120 14250 12372 17652482 2.23 0.67 -0.90 6877 5496 1.25 1.79
20180626 14080 14660 13770 14480 17288 24776443 6.24 0.81 1.54 9034 8254 1.09 2.50
20180625 14200 14490 14000 14260 17647 25199867 3.47 0.82 0.85 9549 8098 1.18 2.55
20180622 13610 14190 13360 14140 16971 23736824 6.07 0.76 3.36 7222 9749 0.74 2.45
20180621 14130 14250 13600 13680 17119 23823456 4.60 0.60 -3.12 11438 5682 2.01 2.47
20180620 13550 14320 13550 14120 23660 33236071 5.62 0.82 3.07 12811 10849 1.18 3.42
20180619 14010 14650 13000 13700 30861 42966934 11.52 1.02 -4.33 17445 13416 1.30 4.46
20180615 14910 14920 14210 14320 19291 27995989 4.80 0.55 -3.24 12310 6981 1.76 2.79
20180614 14640 15080 14530 14800 21031 31291407 3.73 0.57 0.27 11475 9555 1.20 3.04
20180613 16200 16200 14680 14760 47087 72166135 9.36 1.35 -9.11 27464 19623 1.40 6.80
20180612 15970 16300 15820 16240 26035 41896682 3.00 0.69 1.44 13092 12943 1.01 3.76
20180611 16660 16660 15830 16010 38159 61812316 4.95 0.85 -4.53 26435 11723 2.25 5.51
20180608 16290 16800 16060 16770 42897 71306699 4.54 0.69 2.95 18512 24386 0.76 6.20
20180607 16650 16820 16200 16290 29602 48850258 3.73 0.34 -2.04 17844 11758 1.52 4.28
20180606 16280 16770 16210 16630 37251 61581496 3.40 0.41 0.97 19605 17646 1.11 5.38
20180605 16110 16580 16110 16470 40072 65349701 2.92 0.40 2.36 20882 19190 1.09 5.79
20180604 17200 17260 15820 16090 74008 120571981 8.26 0.76 -7.74 47223 26786 1.76 10.69
20180601 19000 19000 17420 17440 128800 233188879 8.17 1.61 -9.87 77720 51080 1.52 18.61
20180531 18370 19880 18100 19350 150857 291128528 9.85 2.74 7.08 74906 75951 0.99 21.80
20180530 18000 18880 17550 18070 61917 112792128 7.04 1.21 -4.39 33245 28672 1.16 8.95
20180529 18310 19150 18250 18900 80302 151409113 4.84 1.76 1.67 37827 42475 0.89 11.60
20180528 18160 19250 17800 18590 63547 117420662 7.95 1.55 1.86 31935 31612 1.01 9.18
20180525 17910 18390 17660 18250 42850 77613311 4.09 1.08 2.24 18201 24649 0.74 6.19
20180524 17550 18070 17550 17850 26625 47481162 2.95 0.61 1.25 12365 14260 0.87 3.85
20180523 18200 18330 17540 17630 42843 76505629 4.31 0.89 -3.92 27971 14872 1.88 6.19
20180522 18200 18570 18090 18350 51630 94837859 2.62 0.85 0.22 26402 25228 1.05 7.46
20180521 18480 18480 18010 18310 41292 75243226 2.57 0.58 0.22 21738 19553 1.11 5.97
20180518 18170 18270 17780 18270 36088 65327807 2.70 0.52 0.66 18396 17692 1.04 5.21
20180517 17900 18320 17650 18150 45435 81769827 3.76 0.67 1.79 22921 22513 1.02 6.57
20180516 18200 18330 17810 17830 66297 119840852 2.79 1.01 -4.45 42500 23797 1.79 9.58
20180515 18330 18710 17660 18660 115408 208974354 5.72 2.30 1.69 59864 55543 1.08 16.68
20180514 16700 18350 16700 18350 95052 171272252 9.89 2.36 10.01 60459 34593 1.75 13.74
20180511 17470 17470 16680 16680 27701 46954035 4.56 0.59 -3.75 18387 9313 1.97 4.00
20180510 17160 17380 16900 17330 34928 59856010 2.77 0.71 0.00 19477 15451 1.26 5.05
20180509 16870 17580 16670 17330 56681 97513314 5.43 1.22 3.40 24863 31818 0.78 8.19
20180508 16720 16880 16450 16760 36385 60567550 2.56 0.76 -0.30 21577 14808 1.46 5.26
20180507 16360 16880 16220 16810 45792 75978733 4.02 0.91 2.31 21175 24617 0.86 6.62
20180504 17000 17000 16390 16430 61187 101788090 3.44 1.09 -7.44 32953 28234 1.17 8.84
20180503 18170 18170 17000 17750 46829 81785587 6.45 0.64 -2.20 26768 20062 1.33 6.77
20180502 17800 18190 17460 18150 42784 76711677 4.10 0.46 2.02 21427 21357 1.00 6.18
20180427 18150 18250 17350 17790 44036 78076321 5.01 0.46 -1.06 25432 18604 1.37 6.36
20180426 18290 18770 17850 17980 58037 105741614 4.97 0.66 -2.81 33279 24758 1.34 8.39
20180425 18580 19240 18300 18500 88780 166117992 4.88 1.19 -4.00 53878 34902 1.54 12.83
20180424 18000 20000 17690 19270 129963 241530641 12.60 2.52 5.13 66556 63407 1.05 18.78
20180423 17770 18950 17650 18330 143636 262720613 7.54 5.40 6.38 68423 75214 0.91 20.76
20180420 15750 17230 15750 17230 60495 101576498 9.45 3.42 10.03 34728 25767 1.35 8.74
20180419 15600 15900 15460 15660 16933 26614452 2.83 0.92 0.64 8239 8694 0.95 2.45
20180418 15410 15760 15000 15560 22007 33863330 4.95 1.34 1.37 9992 12015 0.83 3.18
20180417 15780 15960 15300 15350 14723 23090572 4.18 0.88 -2.72 7867 6856 1.15 2.13
20180416 16060 16160 15560 15780 18833 29685811 3.68 1.15 -3.19 12787 6046 2.11 2.72
20180413 16220 16660 16050 16300 15848 25938029 3.74 0.91 -0.12 8567 7281 1.18 2.29
20180412 15970 16880 15880 16320 20930 34211931 6.26 1.07 2.19 8830 12100 0.73 3.02
20180411 15880 16160 15750 15970 11858 18969057 2.61 0.52 1.65 4808 7050 0.68 1.71
20180410 16050 16170 15600 15710 16361 25924759 3.55 0.70 -2.12 8739 7622 1.15 2.36
20180409 15150 16120 15150 16050 16643 26308498 6.19 0.76 2.43 7369 9274 0.79 2.41
20180404 15850 16190 15620 15670 20952 33465720 3.57 1.01 -1.88 13060 7891 1.66 3.03
20180403 15350 16360 15350 15970 32098 51516595 6.44 1.75 1.85 16182 15916 1.02 4.64
20180402 15450 15870 15250 15680 27960 43711555 4.05 1.74 2.35 14367 13593 1.06 4.04
20180330 15050 15500 15000 15320 18884 28844832 3.33 1.17 2.13 7948 10935 0.73 2.73
20180329 14860 15200 14840 15000 10178 15292198 2.43 0.61 1.42 5923 4256 1.39 1.47
20180328 14630 15000 14500 14790 15115 22343048 3.40 0.93 0.48 6400 8715 0.73 2.18
20180327 14300 14870 14300 14720 19588 28752572 4.02 1.37 3.88 8154 11435 0.71 2.83
20180326 13760 14240 13600 14170 16415 22862227 4.63 1.29 2.46 8236 8179 1.01 2.37
20180323 14900 14900 13770 13830 19728 28232084 7.39 1.81 -9.61 13736 5992 2.29 2.85
20180322 15490 15670 15280 15300 12363 19117089 2.50 1.08 -1.80 7754 4609 1.68 1.79
20180321 15840 16000 15550 15580 13397 21213433 2.86 1.21 -1.08 6742 6656 1.01 1.94
20180320 15830 15930 15640 15750 9820 15438764 1.82 0.83 -1.13 7270 2549 2.85 1.42
20180319 15710 16070 15680 15930 8309 13255013 2.46 0.55 0.50 4195 4114 1.02 1.20
20180316 15860 16150 15630 15850 10652 16979285 3.28 0.59 -0.13 4823 5829 0.83 1.54
20180315 16090 16090 15520 15870 15072 23760497 3.54 0.85 -1.55 9424 5648 1.67 2.18
20180314 16260 16550 16100 16120 11704 19122423 2.75 0.58 -1.53 7306 4398 1.66 1.69
20180313 16650 16650 16370 16370 13605 22390128 1.68 0.57 -1.62 6932 6674 1.04 1.97
20180312 16600 16950 16430 16640 24304 40476802 3.16 1.11 1.28 12111 12193 0.99 3.51
20180309 16170 16590 16160 16430 25076 41239954 2.66 1.27 1.73 9709 15367 0.63 3.62
20180308 16030 16270 15800 16150 14321 22884109 2.91 0.73 0.12 8545 5776 1.48 2.07
20180307 16400 16400 16090 16130 23448 38091390 1.90 1.35 -1.04 12879 10569 1.22 3.39
20180306 15820 16380 15660 16300 31954 51481781 4.59 2.15 3.89 13773 18180 0.76 4.62
20180305 15860 16200 15560 15690 14239 22405823 4.09 0.88 0.32 8432 5807 1.45 2.06
20180302 15490 15840 15320 15640 15078 23630748 3.33 1.05 0.26 6940 8138 0.85 2.18
20180301 15490 15660 15400 15600 13314 20699517 1.68 1.03 0.65 6124 7189 0.85 1.92
20180228 15600 15670 15290 15500 12464 19277368 2.41 1.01 -1.77 6879 5585 1.23 1.80
20180227 15570 15780 15500 15780 19261 30097482 1.76 1.85 -1.00 11411 7850 1.45 2.78
20180226 15160 15940 15160 15940 20419 31882883 5.12 2.48 4.73 8927 11493 0.78 2.95
20180223 15430 15430 15190 15220 6076 9286584 1.56 0.70 -0.85 4403 1673 2.63 0.88
20180222 15020 15480 15010 15350 6587 10112124 3.07 0.73 0.39 3849 2738 1.41 0.95
20180214 14880 15470 14710 15290 9484 14293854 5.09 1.07 2.41 3770 5714 0.66 1.37
20180213 15040 15040 14580 14930 9356 13868055 3.08 0.98 0.00 4860 4496 1.08 1.35
20180212 14490 15230 14490 14930 9740 14530336 5.11 1.09 3.04 4937 4804 1.03 1.41
20180209 14110 14780 14110 14490 8529 12371085 4.49 0.93 -2.88 4571 3958 1.16 1.23
20180208 14450 14960 14430 14920 8078 11950587 3.67 0.72 3.25 4028 4049 0.99 1.17
20180207 14230 14770 14130 14450 8550 12374702 4.53 0.58 2.26 5252 3298 1.59 1.24
20180206 15000 15080 14100 14130 13027 19077589 6.45 0.88 -6.98 9729 3298 2.95 1.88
20180205 15210 15280 14730 15190 6431 9710604 3.62 0.40 -0.13 3299 3132 1.05 0.93
20180202 15060 15390 14760 15210 9963 15125637 4.19 0.54 1.06 5502 4461 1.23 1.44
20180201 15500 15560 15030 15050 18455 28184828 3.39 0.92 -3.71 12956 5499 2.36 2.67
20180131 16040 16500 15630 15630 25426 40978847 5.40 0.99 -3.04 13903 11522 1.21 3.68
20180130 16100 16270 16010 16120 13988 22618613 1.61 0.48 0.12 6884 7104 0.97 2.02
20180129 16050 16240 15830 16100 12708 20358168 2.54 0.44 -0.19 7089 5619 1.26 1.84
20180126 16200 16660 16030 16130 20881 34148682 3.89 0.80 -0.43 11450 9431 1.21 3.02
20180125 16600 16660 16200 16200 27289 44689688 2.76 1.22 -2.70 16692 10597 1.58 3.95
20180124 17500 17500 16360 16650 53656 90129850 6.70 4.05 -2.12 28250 25406 1.11 7.76
20180123 16990 17010 16990 17010 32030 54472696 0.13 3.92 10.03 27943 4087 6.84 4.63
20180122 15200 15460 15010 15460 10189 15573143 2.96 1.24 1.71 5355 4833 1.11 1.47
20180119 15200 15350 15000 15200 7153 10874599 2.30 0.82 -0.33 4383 2770 1.58 1.03
20180118 15080 15390 15080 15250 8689 13284112 2.04 0.82 0.39 4235 4454 0.95 1.26
20180117 15200 15280 14800 15190 8245 12416642 3.17 0.60 0.33 4234 4011 1.06 1.19
20180116 15090 15380 15040 15140 6555 9963093 2.25 0.46 0.07 3873 2683 1.44 0.95
20180115 15590 15590 15000 15130 10540 16005995 3.78 0.79 -3.14 6700 3839 1.75 1.52
20180112 15920 16020 15620 15620 9791 15458062 2.50 0.78 -2.44 6606 3184 2.07 1.42
20180111 15690 16270 15690 16010 18118 28969069 3.60 1.74 -0.56 10583 7535 1.40 2.62
20180110 15220 16280 15030 16100 24269 38518788 8.27 3.34 6.55 11734 12535 0.94 3.51
20180109 15140 15260 15020 15110 8312 12567468 1.57 1.22 -1.44 4636 3676 1.26 1.20
20180108 15600 15770 15110 15330 6571 10050828 4.23 0.99 -1.73 4009 2562 1.56 0.95
20180105 15570 15730 15500 15600 5863 9152527 1.47 1.36 -0.32 3398 2465 1.38 0.85
20180104 15860 15870 15600 15650 7011 11022649 1.70 1.03 -1.39 4880 2132 2.29 1.01
20180103 15660 16180 15520 15870 8544 13546495 4.22 1.09 1.54 5141 3403 1.51 1.24
20180102 15570 15740 15450 15630 5990 9359051 1.86 0.55 0.39 2922 3068 0.95 0.87
20171229 15490 15660 15470 15570 5658 8791986 1.23 0.46 0.45 3014 2644 1.14 0.82
20171228 15520 15790 15480 15500 6814 10645001 1.99 0.50 -0.70 4132 2682 1.54 0.99
20171227 15800 15800 15450 15610 6958 10887325 2.24 0.49 -0.19 3477 3481 1.00 1.01
20171226 15280 15940 15000 15640 13877 21627265 6.10 1.07 1.56 7477 6401 1.17 2.01
20171225 15310 15400 14310 15400 20854 31041533 7.12 2.17 0.65 13451 7403 1.82 3.02
20171222 15200 15650 15200 15300 12612 19424108 2.87 1.52 -2.55 8132 4480 1.82 1.82
20171221 15860 15950 15350 15700 14129 22086600 3.78 2.20 -1.13 8562 5567 1.54 2.04
20171220 16150 16160 15800 15880 8827 14080591 2.23 1.66 -1.67 5980 2847 2.10 1.28
20171219 16230 16280 16030 16150 8614 13899617 1.55 1.85 0.25 5304 3309 1.60 1.25
20171218 16240 16320 16000 16110 3786 6109808 1.97 0.71 -0.62 2363 1423 1.66 0.55
20171215 16550 16550 16180 16210 6126 9991105 2.25 1.02 -1.46 4014 2112 1.90 0.89
20171214 16660 16820 16330 16450 4829 7978029 2.93 0.78 -1.79 2952 1877 1.57 0.70
20171213 16610 16790 16560 16750 3218 5373030 1.37 0.41 0.06 1612 1606 1.00 0.47
20171212 16920 16920 16550 16740 5348 8927466 2.18 0.62 -1.30 3417 1931 1.77 0.77
20171211 16620 16980 16530 16960 7078 11856396 2.70 0.80 1.62 3297 3781 0.87 1.02
20171208 16250 16930 16210 16690 9433 15726270 4.43 0.94 2.58 3679 5754 0.64 1.36
20171207 16220 16430 16190 16270 6063 9881356 1.47 0.59 -0.18 2818 3245 0.87 0.88
20171206 15900 16330 15800 16300 11803 18913068 3.28 1.27 0.93 6123 5680 1.08 1.71
20171205 16590 16680 15980 16150 8589 13954852 4.20 0.99 -3.12 5908 2681 2.20 1.24
20171204 17140 17140 16540 16670 8151 13680558 3.50 0.95 -2.80 5314 2837 1.87 1.18
20171201 16400 17300 16400 17150 15399 26105740 5.44 2.14 3.69 6637 8762 0.76 2.23
20171130 16380 16560 16320 16540 7371 12144237 1.47 0.97 1.10 3474 3897 0.89 1.07
20171129 16550 16630 16100 16360 6889 11266133 3.21 0.88 -0.85 4353 2535 1.72 1.00
20171128 16340 16590 16300 16500 5685 9342188 1.77 0.67 0.98 2428 3257 0.75 0.82
20171127 16700 16840 16320 16340 7417 12312268 3.11 0.89 -2.16 4533 2884 1.57 1.07
20171124 16740 17040 16550 16700 8620 14413464 2.90 0.87 -1.07 5345 3275 1.63 1.25
20171123 17450 17680 16670 16880 9560 16428382 5.77 0.91 -3.54 6241 3320 1.88 1.38
20171122 17430 17950 17300 17500 7834 13828883 3.72 0.74 0.11 3625 4208 0.86 1.13
20171121 17520 17900 17310 17480 8973 15774342 3.34 0.79 -0.91 4780 4194 1.14 1.30
20171120 17370 17860 17150 17640 6911 12112762 4.10 0.55 1.97 3162 3749 0.84 1.00
20171117 18310 18490 17270 17300 16508 29544504 6.61 1.23 -6.33 11898 4610 2.58 2.39
20171116 18320 18980 18230 18470 12555 23388641 4.09 0.99 0.82 6271 6284 1.00 1.82
20171115 18270 18400 18050 18320 8138 14843513 1.91 0.61 0.11 4150 3988 1.04 1.18
20171114 18680 18680 18250 18300 12643 23298932 2.30 0.98 -2.03 8855 3789 2.34 1.83
20171113 18780 19080 18540 18680 12864 24098455 2.86 1.05 -1.16 8687 4177 2.08 1.86
20171110 18600 19580 18410 18900 20734 39325255 6.31 2.10 1.89 11462 9272 1.24 3.00
20171109 18550 18700 18400 18550 8771 16239330 1.62 0.83 0.05 4682 4089 1.14 1.27
20171108 18530 18850 18470 18540 12073 22538128 2.04 1.04 -0.48 6282 5791 1.08 1.75
20171107 18310 18650 18250 18630 10051 18480456 2.17 0.87 0.92 4905 5145 0.95 1.45
20171106 18130 18670 17890 18460 9579 17557060 4.31 0.75 1.93 4270 5309 0.80 1.38
20171103 18030 18280 17910 18110 8785 15905127 2.05 0.70 0.44 4977 3808 1.31 1.27
20171102 18600 18700 18010 18030 12601 23022818 3.69 1.01 -3.58 7037 5564 1.26 1.82
20171101 18190 19130 17950 18700 17122 32054378 6.53 1.61 3.49 8255 8867 0.93 2.48
20171031 18000 18170 17750 18070 9959 17912412 2.34 0.94 0.67 5873 4085 1.44 1.44
20171030 18990 18990 17280 17950 15033 27218679 9.00 1.61 -5.48 9015 6018 1.50 2.17
20171027 19240 19500 18910 18990 8055 15391667 3.05 0.81 -1.76 5214 2841 1.84 1.16
20171026 19000 19380 18830 19330 12066 23143270 2.90 1.18 1.79 5417 6649 0.81 1.74
20171025 18740 19110 18660 18990 8142 15431169 2.40 0.76 1.28 3194 4948 0.65 1.18
20171024 19000 19000 18400 18750 9826 18380808 3.14 0.87 -1.83 5939 3886 1.53 1.42
20171023 19180 19350 18960 19100 8734 16733104 2.04 0.62 0.00 5940 2793 2.13 1.26
20171020 18320 19190 18300 19100 10753 20262461 4.87 0.67 4.43 4752 6001 0.79 1.55
20171019 18940 19030 18210 18290 13879 25749658 4.31 0.84 -3.84 8292 5587 1.48 2.01
20171018 19200 19380 19000 19020 10556 20190372 1.98 0.56 -0.94 6330 4226 1.50 1.53
20171017 19180 19400 18960 19200 12622 24247035 2.30 0.62 0.47 6699 5922 1.13 1.82
20171016 20280 20400 19110 19110 23166 45378915 6.35 1.24 -5.91 15661 7505 2.09 3.35
20171013 20200 20480 19800 20310 19925 40159608 3.43 1.12 2.52 9760 10166 0.96 2.88
20171012 20040 20340 19660 19810 16806 33421328 3.39 0.91 -1.20 9618 7188 1.34 2.43
20171011 20400 21220 20020 20050 22178 45428361 5.83 1.29 -2.62 12839 9339 1.37 3.21
20171010 19860 20590 19590 20590 20156 40023604 5.07 1.11 4.46 11139 9018 1.24 2.91
20171009 19680 19870 19500 19710 13985 27539076 1.90 0.76 1.23 7953 6032 1.32 2.02
20170929 19580 19860 19100 19470 15714 30453125 3.90 0.76 -0.15 9306 6408 1.45 2.27
20170928 19130 19640 19040 19500 19907 38621809 3.14 0.93 1.93 10311 9597 1.07 2.88
20170927 19290 19300 18830 19130 15965 30485305 2.50 0.68 1.59 8473 7492 1.13 2.31
20170926 19400 19400 18600 18830 25411 47803882 4.14 1.16 -2.59 15347 10064 1.52 3.67
20170925 20000 20170 19200 19330 15356 30400132 4.90 0.67 -2.37 9916 5440 1.82 2.22
20170922 20370 20550 19800 19800 26335 52538945 3.68 1.18 -2.80 15507 10828 1.43 3.81
20170921 21110 21410 20330 20370 24377 51043123 5.09 1.06 -4.01 16345 8032 2.04 3.52
20170920 21000 21420 20820 21220 25805 54758396 2.87 0.99 1.39 14215 11590 1.23 3.73
20170919 21150 21150 20660 20930 17467 36403425 2.34 0.46 -0.10 9080 8387 1.08 2.53
20170918 20690 21100 20500 20950 19905 41361417 2.88 0.44 0.48 11442 8464 1.35 2.88
20170915 21720 21720 20850 20850 23716 50074454 4.01 0.50 -3.87 15581 8135 1.92 3.43
20170914 21500 22280 21430 21690 28337 61761989 3.89 0.53 -0.73 16069 12268 1.31 4.10
20170913 22300 22390 21750 21850 40403 88851235 2.83 0.71 -3.28 24162 16241 1.49 5.84
20170912 21510 23990 21360 22590 77048 171144461 12.04 1.50 3.43 39155 37893 1.03 11.14
20170911 20810 21980 20810 21840 55182 119235011 5.52 0.97 3.02 27659 27522 1.00 7.98
20170908 20790 21500 20720 21200 36636 77732269 3.71 0.53 0.95 18577 18059 1.03 5.30
20170907 20910 21500 20700 21000 58523 123580778 3.66 0.91 -3.80 34390 24133 1.43 8.46
20170906 21490 21830 20730 21830 55746 117794935 5.11 0.98 1.49 27615 28132 0.98 8.06
20170905 22040 22200 21440 21510 50450 109208474 3.40 0.96 -3.76 31234 19217 1.63 7.29
20170904 21750 23100 21380 22350 82292 184106947 8.02 2.01 4.20 42518 39774 1.07 11.90
20170901 21000 22350 20830 21450 98249 209798553 7.45 3.98 5.10 48354 49895 0.97 14.21
20170831 18570 20410 18570 20410 33168 66257501 9.92 1.55 10.03 23617 9552 2.47 4.80
20170830 18920 19040 18520 18550 20027 37476753 2.74 0.87 -2.42 12778 7250 1.76 2.90
20170829 19280 19500 18720 19010 27998 53383318 4.06 1.15 -0.99 15713 12286 1.28 7.00
20170828 18230 19580 18210 19200 24992 47177836 7.42 0.96 3.95 10617 14375 0.74 6.25
20170825 18080 18610 18060 18470 17175 31568413 3.00 0.60 0.76 9267 7908 1.17 4.29
20170824 18520 18720 18200 18330 16898 31163807 2.77 0.47 -2.40 9803 7095 1.38 4.22
20170823 19500 19500 18320 18780 28409 53612477 6.01 0.77 -4.33 15602 12807 1.22 7.10
20170815 19230 20150 19050 19630 34152 66972996 5.74 1.08 2.40 16893 17258 0.98 8.54
20170814 19300 19340 18860 19170 32879 62859834 2.48 1.20 -0.88 18629 14250 1.31 8.22
20170811 20140 20140 19180 19340 30680 60272661 4.72 1.30 -4.92 18923 11758 1.61 7.67
20170810 20000 21050 19860 20340 55002 112282724 6.04 3.48 3.30 27838 27164 1.02 13.75
20170809 17960 19690 17750 19690 31396 60459451 10.84 2.67 10.00 13561 17835 0.76 7.85
20170808 17850 17980 17650 17900 7834 13971055 1.85 0.61 0.51 4065 3769 1.08 1.96
20170807 17530 18130 17360 17810 12408 22145258 4.43 0.95 2.36 5771 6637 0.87 3.10
20170804 17530 17630 17170 17400 11774 20448691 2.62 0.90 -0.74 7228 4546 1.59 2.94
20170803 17000 17800 16880 17530 15523 27206670 5.38 1.10 2.51 6698 8825 0.76 3.88
20170802 17640 17640 17020 17100 11154 19253756 3.51 0.82 -3.06 7198 3955 1.82 2.79
20170801 17420 17780 17180 17640 13809 24206139 3.45 1.05 1.38 6682 7127 0.94 3.45
20170731 17500 17590 17100 17400 13049 22680179 2.80 0.90 -0.51 6784 6265 1.08 3.26
20170728 17730 17890 17150 17490 12140 21242854 4.17 0.77 -1.35 7076 5064 1.40 3.03
20170727 16980 17850 16850 17730 20468 35894470 5.86 1.48 3.93 9473 10995 0.86 5.12
20170726 17430 17450 16880 17060 8433 14376961 3.29 0.57 -1.56 4813 3620 1.33 2.11
20170725 17160 17580 16840 17330 11601 20052137 4.28 0.78 0.29 6053 5548 1.09 2.90
20170724 17090 17390 16300 17280 20150 34008323 6.37 1.25 0.93 9534 10617 0.90 5.04
20170721 17800 17950 16950 17120 17891 30907504 5.59 1.21 -4.25 10152 7738 1.31 4.47
20170720 18040 18470 17860 17880 11140 20231980 3.38 0.78 -1.00 6893 4247 1.62 2.79
20170719 18580 18580 17860 18060 13018 23539216 3.95 0.89 -1.04 7536 5482 1.37 3.25
20170718 18190 18730 17860 18250 12590 22897722 4.77 0.91 0.16 7085 5505 1.29 3.15
20170717 19800 19800 18220 18220 25778 47956439 7.81 2.37 -9.98 15212 10567 1.44 6.44
20170714 20310 20880 20140 20240 11594 23788187 3.69 1.01 1.05 5865 5729 1.02 2.90
20170713 20370 20400 19960 20030 8384 16877297 2.16 0.67 -1.67 4845 3539 1.37 2.10
20170712 20620 20730 19800 20370 15192 30698721 4.49 1.29 -1.69 10460 4732 2.21 3.80
20170711 20970 21050 20620 20720 7873 16387716 2.08 0.64 0.34 3712 4161 0.89 1.97
20170710 21310 21310 20600 20650 11343 23630016 3.32 0.99 -3.46 8316 3028 2.75 2.84
20170707 21100 21530 21060 21390 14811 31567047 2.24 1.42 1.91 7159 7652 0.94 3.70
20170706 20850 21150 20680 20990 13476 28291809 2.25 1.49 0.67 7332 6144 1.19 3.37
20170705 20280 20850 20240 20850 11206 23156458 3.01 1.27 2.81 4564 6643 0.69 2.80
20170704 20850 20850 20250 20280 10818 22162084 2.89 1.17 -2.41 7973 2844 2.80 2.70
20170703 20720 20850 20500 20780 6714 13902264 1.70 0.64 0.78 2962 3752 0.79 1.68
20170630 20740 20860 20200 20620 9885 20313977 3.19 0.86 -0.24 6702 3183 2.11 2.47
20170629 20540 20990 20540 20670 6479 13490274 2.17 0.46 -0.19 3182 3298 0.96 1.62
20170628 21100 21110 20530 20710 10127 20995627 2.74 0.63 -2.17 7098 3028 2.34 2.53
20170627 20910 21480 20900 21170 13100 27813090 2.78 0.76 1.29 6855 6245 1.10 3.28
20170626 20990 21150 20600 20900 12770 26571998 2.62 0.69 -0.43 7572 5197 1.46 3.19
20170623 21310 21310 20470 20990 15027 31171830 4.02 0.74 0.33 8974 6053 1.48 3.76
20170622 21780 21940 20770 20920 19533 41487020 5.37 0.79 -3.95 11781 7752 1.52 4.88
20170621 22450 22750 21150 21780 20068 43744300 7.14 0.70 -2.77 11377 8691 1.31 5.02
20170620 22600 22900 22130 22400 19294 43422450 3.44 0.64 0.09 11475 7820 1.47 4.82
20170619 22750 23190 22290 22380 18311 41472282 3.96 0.57 -1.50 10855 7455 1.46 4.58
20170616 23490 23590 22700 22720 23953 55101812 3.82 0.70 -2.49 13794 10158 1.36 5.99
20170615 22800 24140 22360 23300 42185 98626007 7.88 1.24 3.19 19348 22837 0.85 10.55
20170614 23500 23500 22000 22580 38961 89005097 6.57 1.08 -1.14 20755 18205 1.14 9.74
20170613 21490 22840 20660 22840 27309 60898978 10.50 0.76 10.02 9268 18041 0.51 6.83
20170612 22100 23280 20420 20760 29339 64546703 12.64 0.86 -8.26 17197 12142 1.42 7.33
20170609 22040 23600 22040 22630 32881 75461488 6.99 0.95 1.39 16921 15960 1.06 8.22
20170608 23260 23980 22320 22320 40958 94594913 7.19 1.38 -3.38 23367 17592 1.33 10.24
20170607 22540 23560 22160 23100 50451 115077081 6.49 2.34 7.14 22281 28169 0.79 12.61
20170606 19470 21560 19100 21560 25702 53554595 12.55 1.47 10.00 15558 10144 1.53 6.43
20170605 19200 19790 19100 19600 20814 40494667 3.63 1.43 3.10 11079 9735 1.14 5.20
20170602 19680 19850 18220 19010 35134 66078248 8.05 4.15 -6.08 15626 19508 0.80 8.78
20170601 22470 22470 20240 20240 16380 34523484 9.92 2.31 -10.00 6234 10146 0.61 4.09
20170531 24000 24810 22440 22490 9584 22375274 10.27 1.39 -2.51 6516 3068 2.12 2.40
20170526 36270 37100 36200 37060 5722 21022094 2.48 0.81 2.18 2710 3012 0.90 2.29
20170525 36340 36790 35300 36270 5906 21290663 4.10 0.80 -0.19 2840 3067 0.93 2.36
20170524 35400 36490 35000 36340 4785 17166324 4.21 0.58 2.66 2171 2614 0.83 1.91
20170523 37700 38880 34520 35400 9452 34572986 11.60 1.19 -5.83 5132 4320 1.19 3.78
20170522 39570 39830 37500 37590 8612 33493883 5.89 1.23 -4.96 6245 2367 2.64 3.44
20170519 39410 40000 38950 39550 6424 25340223 2.67 0.91 0.48 3998 2426 1.65 2.57
20170518 39380 40670 38910 39360 7425 29581907 4.45 1.01 -0.43 3391 4034 0.84 2.97
20170517 39260 40900 38880 39530 9351 37389715 5.18 1.36 1.46 4949 4402 1.12 3.74
20170516 37600 39100 37190 38960 7923 30187410 5.08 1.19 3.56 3099 4824 0.64 3.17
20170515 37950 38290 37600 37620 3845 14544925 1.82 0.54 -0.53 2394 1451 1.65 1.54
20170512 37990 38370 37410 37820 6627 25128819 2.52 0.96 -0.66 4047 2580 1.57 2.65
20170511 36400 38140 36380 38070 8976 33484442 4.75 1.42 2.75 4830 4146 1.16 3.59
20170510 37820 38580 37000 37050 7047 26713495 4.18 1.19 -2.01 4416 2631 1.68 2.82
20170509 36830 37930 36030 37810 6921 25726328 5.16 1.29 2.66 3082 3839 0.80 2.77
20170508 38500 39120 36500 36830 5714 21749831 6.76 0.93 -5.00 2926 2788 1.05 2.29
20170505 39330 40300 38660 38770 5790 22868571 4.16 0.85 -1.72 3506 2284 1.53 2.32
20170504 40400 40800 39410 39450 6087 24301901 3.44 0.87 -2.35 3644 2443 1.49 2.43
20170503 40500 41580 40150 40400 5061 20526917 3.54 0.61 -0.07 3025 2036 1.49 2.02
20170502 40720 41690 40100 40430 4264 17372894 3.90 0.37 -0.79 2658 1606 1.65 1.71
20170428 39300 41200 39200 40750 9619 39008665 5.05 0.81 2.96 5314 4305 1.23 3.85
20170427 38610 39790 38190 39580 8866 34698251 4.13 0.67 2.22 3531 5334 0.66 3.55
20170426 38800 39050 38180 38720 7036 27270285 2.25 0.44 0.31 3150 3886 0.81 2.81
20170425 37500 39330 37500 38600 11443 44291262 4.93 0.72 4.02 5401 6041 0.89 4.58
20170424 36000 39880 35000 37110 19910 74381304 12.69 1.35 -3.54 12241 7669 1.60 7.96
20170412 40000 40000 38470 38470 11946 46689337 3.82 0.83 -3.92 8837 3109 2.84 4.78
20170411 40010 40420 38860 40040 15411 61144134 3.90 1.06 0.05 9642 5769 1.67 6.16
20170410 42110 42480 38380 40020 20504 82428910 9.65 1.27 -5.81 13169 7335 1.80 8.20
20170407 43980 43980 42380 42490 11191 48324041 3.63 0.54 -3.52 7087 4105 1.73 4.48
20170406 43340 44770 42800 44040 14707 64865334 4.55 0.56 1.62 7735 6972 1.11 5.88
20170405 42800 43500 42070 43340 10512 45243650 3.35 0.36 1.50 5465 5047 1.08 4.20
20170331 42480 43850 40800 42700 15764 66997755 7.14 0.50 0.00 8659 7105 1.22 6.31
20170330 46790 46800 42110 42700 28313 125567783 10.02 0.90 -8.74 17609 10704 1.65 11.33
20170329 47250 47710 44760 46790 35174 164379965 6.18 1.18 -1.91 19305 15869 1.22 14.07
20170328 48160 50300 47250 47700 40702 196760446 6.43 1.59 0.51 19975 20727 0.96 16.28
20170327 46050 47950 45300 47460 26908 124540340 5.70 1.03 2.06 14908 12000 1.24 10.76
20170324 46740 48270 46380 46500 26837 126755119 4.03 0.89 -0.81 14468 12369 1.17 10.73
20170323 46280 46940 45050 46880 28350 131266195 4.07 0.81 0.84 14459 13891 1.04 11.34
20170322 46180 47200 45030 46490 26742 123008578 4.65 0.74 -0.43 15391 11351 1.36 10.70
20170321 46310 46880 45850 46690 19461 90348608 2.21 0.50 0.17 19130 331 57.79 7.78
20170320 45980 47650 45660 46610 29525 137355340 4.35 0.81 1.95 15520 14005 1.11 11.81
20170317 47400 48270 45510 45720 46256 215471478 5.94 1.51 -1.68 25506 20750 1.23 18.50
20170316 44460 48600 44360 46500 52278 242558418 9.54 2.09 4.66 25009 27269 0.92 20.91
20170315 43100 44450 42300 44430 32079 139874126 4.95 1.43 2.21 15092 16988 0.89 12.83
20170314 42810 44410 42650 43470 33041 144102873 4.12 1.59 1.87 15370 17671 0.87 13.22
20170313 42580 42770 41200 42670 19323 81423611 3.68 0.76 0.12 10087 9237 1.09 7.73
20170310 43200 43620 42500 42620 16489 70871108 2.58 0.55 -1.68 10263 6226 1.65 6.60
20170309 43050 43680 41670 43350 24150 103375771 4.68 0.83 0.91 13092 11058 1.18 9.66
20170308 43480 43950 42550 42960 19074 82424924 3.23 0.62 -1.04 11394 7680 1.48 7.63
20170307 43370 43800 42550 43410 24689 106654672 2.87 0.79 -0.21 14610 10079 1.45 9.88
20170306 42750 44120 41970 43500 42686 183573733 5.08 1.41 2.76 21899 20787 1.05 17.07
20170303 39900 42620 39620 42330 40381 167347971 7.48 1.34 5.53 17668 22713 0.78 16.15
20170302 40700 40860 40000 40110 19368 78215154 2.11 0.62 -1.45 11832 7536 1.57 7.75
20170301 41200 41450 40400 40700 26724 109461846 2.56 0.91 -0.71 15077 11648 1.29 10.69
20170228 40500 41450 40030 40990 26781 108964558 3.49 0.97 0.71 14063 12719 1.11 10.71
20170227 40500 42160 39500 40700 38024 156032924 6.58 1.52 0.74 20053 17971 1.12 15.21
20170224 38430 41500 38060 40400 40118 160714536 8.94 1.64 5.04 18381 21736 0.85 16.05
20170223 37830 38580 37520 38460 23319 88941558 2.81 0.89 2.10 10648 12672 0.84 9.33
20170222 37620 38570 37180 37670 17858 67854566 3.69 0.55 0.03 9562 8297 1.15 7.14
20170221 37160 38080 36800 37660 18414 69311570 3.48 0.52 2.34 9153 9261 0.99 7.37
20170220 38300 38990 36400 36800 25298 94832668 6.82 - -3.06 14744 10554 1.40 10.12
20170217 40310 40920 37870 37960 37374 145262646 7.53 1.07 -6.27 23737 13637 1.74 14.95
20170216 40480 41500 40010 40500 31765 129359408 3.66 0.95 -0.44 17582 14184 1.24 12.71
20170215 39880 41400 39400 40680 48414 195889271 4.96 1.66 0.94 26222 22192 1.18 19.37
20170214 38970 40470 38870 40300 33746 134449051 4.11 1.17 3.44 16128 17618 0.92 13.50
20170213 38120 39600 38030 38960 25990 101194903 4.09 0.83 1.59 11833 14158 0.84 10.40
20170210 38750 39300 37100 38350 35411 135089734 5.71 1.22 -0.52 19177 16234 1.18 14.16
20170209 38700 39250 38420 38550 23576 91209661 2.13 0.81 -0.90 14248 9328 1.53 9.43
20170208 38140 39500 38030 38900 27316 106363744 3.84 1.00 1.70 14403 12913 1.12 10.93
20170207 39150 39400 37930 38250 31953 122969682 3.72 1.22 -3.12 20374 11579 1.76 12.78
20170206 36800 40230 36770 39480 37626 146020633 9.44 1.63 7.72 17168 20458 0.84 15.05
20170203 35950 37570 35910 36650 25107 92119869 4.62 1.04 2.06 12634 12474 1.01 10.04
20170126 35100 36460 35100 35910 23392 83834706 3.87 0.86 2.08 11917 11475 1.04 9.36
20170125 34400 35680 34140 35180 19082 67034664 4.49 0.59 2.48 9240 9842 0.94 7.63
20170124 36130 36200 34280 34330 26119 91443680 5.31 0.64 -4.98 16064 10055 1.60 10.45
20170123 35680 36990 35510 36130 21431 77754626 4.12 0.55 0.47 11190 10240 1.09 8.57
20170120 34850 36600 34810 35960 30585 110199700 5.07 0.84 1.78 16063 14521 1.11 12.23
20170119 34600 36360 33600 35330 38978 137442949 7.89 0.91 0.94 19543 19435 1.01 15.59
20170118 37100 37500 34870 35000 44568 160610948 6.83 0.96 -9.09 26987 17581 1.53 17.83
20170117 36200 40990 35570 38500 67580 250006914 13.71 1.55 -2.58 37971 29609 1.28 27.03
20170116 39520 39950 39520 39520 13384 52942056 0.98 0.25 -10.00 4007 9377 0.43 5.35
20170113 43910 44680 43910 43910 16504 72505307 1.58 0.27 -10.00 5845 10659 0.55 6.60
20161011 47300 49760 47100 48790 71449.01 347917723.300
20161010 45980 48070 45500 47600 62903.61 296002774.620
20160930 46800 47220 44890 45520 54201.66 249026893.210
20160929 46600 48300 45780 47300 60354.87 284680718.980
20160928 47990 48970 46750 47000 59819.97 284980683.780
20160927 45990 48990 45700 48500 79016.16 372460111.620
20160926 51300 51300 46990 46990 86953.76 422847975.220
20160923 53090 54980 51800 52210 112078.44 597469165.270
20160922 51200 55280 51200 55280 159776.70 856703688.470
20160921 50250 50250 50250 50250 4549.09 22859177.250
20160920 45680 45680 45680 45680 291.38 1331023.840
20160919 41530 41530 41530 41530 264.48 1098385.440
20160914 37750 37750 37750 37750 351.00 1325025.000
20160913 34320 34320 34320 34320 200.00 686400.000
20160912 31200 31200 31200 31200 218.77 682562.400
20160909 28360 28360 28360 28360 71.00 201356.000
20160908 25780 25780 25780 25780 43.28 111575.840
20160907 23440 23440 23440 23440 26.00 60944.000
20160906 21310 21310 21310 21310 53.00 112943.000
20160905 19370 19370 19370 19370 47.24 91503.880
20160902 17610 17610 17610 17610 34.51 60772.110
20160901 16010 16010 16010 16010 42.28 67690.280
20160831 14550 14550 14550 14550 21.00 30555.000
20160830 11030 13230 11030 13230 88.28 116296.800
