20191129 20500 21170 20180 20870 62492 129475512 4.76 0.88 0.34 32424 30068 1.08 9.28
20191128 19990 21200 19880 20800 97941 203101888 6.58 1.49 3.64 44203 53738 0.82 14.54
20191127 19650 20440 19440 20070 76573 152999944 5.15 1.18 3.35 36766 39807 0.92 11.37
20191126 19730 19910 19020 19420 58662 113971261 4.49 0.82 -2.02 32611 26052 1.25 8.71
20191125 19620 20030 19310 19820 51792 102061398 3.66 0.65 0.71 24043 27750 0.87 7.69
20191122 20190 20440 19300 19680 71510 142062972 5.64 0.88 -2.62 41267 30243 1.36 10.61
20191121 19970 20390 19700 20210 70734 142127552 3.30 0.84 -3.35 34518 36217 0.95 10.50
20191120 21280 21430 20710 20910 71533 151007263 3.33 0.79 -3.42 45507 26026 1.75 10.62
20191119 21040 21710 20540 21650 92399 194780491 5.53 0.92 2.32 46473 45926 1.01 13.71
20191118 20390 21790 20190 21160 91869 192753361 7.84 0.90 3.73 41665 50204 0.83 13.64
20191115 21000 21180 20360 20400 82069 170573005 3.88 0.70 -3.36 46209 35860 1.29 12.18
20191114 21270 21580 20550 21110 80747 170678894 4.88 0.61 0.05 42379 38368 1.10 11.98
20191113 22130 22210 20710 21100 105880 226109322 6.78 0.69 -4.65 61995 43885 1.41 15.71
20191112 21500 22680 21500 22130 142824 313149344 5.08 0.87 -4.82 63505 79319 0.80 21.20
20191111 23200 23940 22800 23250 99132 231262912 4.92 0.52 0.35 50795 48337 1.05 14.71
20191108 25500 25740 23060 23170 159511 390699424 10.51 0.75 -9.14 99012 60499 1.64 23.67
20191107 25930 26000 24310 25500 156396 394624368 6.63 0.64 0.00 82923 73473 1.13 23.21
20191106 27500 28280 24970 25500 214810 562110752 12.45 0.83 -4.06 115128 99682 1.15 31.88
20191105 24280 26580 23660 26580 188019 473442848 12.09 0.74 10.02 83463 104556 0.80 27.91
20191104 23800 25800 23410 24160 237221 579580800 9.94 0.97 0.46 122360 114860 1.07 35.21
20191101 23500 25880 23000 24050 271332 660682080 11.95 1.35 -0.25 136258 135074 1.01 40.27
20191031 21200 24110 21200 24110 303314 700254032 13.28 2.14 9.99 157932 145383 1.09 45.02
20191030 24120 24180 21700 21920 290881 670876000 10.73 2.91 -5.15 143867 147014 0.98 43.17
20191029 27320 27320 22420 23110 162835 403588064 19.73 2.10 -6.96 101162 61673 1.64 24.17
20191028 24840 24840 23800 24840 200216 496796800 4.61 4.98 10.01 173424 26792 6.47 29.72
20191025 22580 22580 22580 22580 49894 112660652 0.00 1.37 9.99 49894 - - 7.41
20191024 20530 20530 20530 20530 6335 13005755 0.00 0.17 10.02 6335 - - 0.94
20191023 18660 18660 18660 18660 79821 148946713 0.00 3.44 10.02 77365 2456 31.50 11.85
20191022 15560 16960 15460 16960 51113 83111557 9.73 3.34 9.99 22211 28901 0.77 7.59
20191021 15610 15760 15040 15420 13820 21202907 4.65 0.90 -0.52 8452 5368 1.57 2.05
20191018 15380 15790 14860 15500 31516 48261849 6.04 2.55 0.71 14352 17164 0.84 4.68
20191017 15350 15500 15330 15390 9192 14153124 1.10 0.69 -0.58 4900 4293 1.14 1.42
20191016 15490 15560 15340 15480 10358 16007709 1.42 0.73 0.26 4297 6061 0.71 1.59
20191015 15600 15660 15310 15440 11638 17974965 2.24 0.76 -1.09 7445 4193 1.78 1.79
20191014 15760 15820 15460 15610 14294 22321580 2.32 0.88 0.71 6042 8252 0.73 2.20
20191011 15680 15850 15460 15500 16346 25446118 2.50 0.75 -0.77 8209 8138 1.01 2.52
20191010 15550 15650 15400 15620 14360 22350827 1.61 0.34 0.77 6085 8275 0.74 2.21
20191009 15010 15550 15010 15500 14647 22480000
20191008 15580 15600 15290 15370 16439 25318616 2.03 0.27 0.52 9609 6830 1.41 2.53
20190930 15370 15790 15260 15290 19418 30101764 3.42 0.31 -1.29 9977 9441 1.06 2.99
20190927 15230 15780 15090 15490 43770 67862354 4.45 0.71 0.00 21500 22269 0.97 6.74
20190926 15350 16160 15350 15490 116232 179000608 4.75 2.68 -9.20 41530 74702 0.56 17.89
20190925 19180 19200 17060 17060 59128 104330000
20190924 18950 19250 18800 18950 63023 119856176 2.36 2.25 -0.52 17020 46003 0.37 9.70
20190923 19290 19320 18760 19050 31431 59797036 2.89 1.08 -1.55 14130 17301 0.82 4.84
20190920 19380 19600 19100 19350 37022 71562028 2.58 1.41 -0.05 17268 19755 0.87 5.70
20190919 19610 19720 18880 19360 25968 50196709 4.26 0.96 -1.88 13197 12771 1.03 4.00
20190918 19750 19940 19400 19730 22370 44132343 2.73 0.74 -0.35 10767 11604 0.93 3.44
20190917 20200 20200 19420 19800 23460 46343297 3.89 0.75 -1.35 13450 10010 1.34 3.61
20190916 19680 20500 19650 20070 36899 73542739 4.25 1.24 0.35 18361 18538 0.99 5.68
20190912 18770 20650 18500 20000 22178 42739258 11.45 0.60 6.55 8775 13403 0.65 3.41
20190911 19120 19700 18550 18770 30887 58846000
20190910 19250 19290 18730 19010 36955 70100168 2.86 0.62 -2.96 20268 16686 1.21 5.69
20190909 19800 19830 19270 19590 30390 59373562 2.86 0.45 0.15 14216 16174 0.88 4.68
20190906 19890 20020 19530 19560 28822 56880541 2.46 0.37 -1.66 17743 11079 1.60 4.44
20190905 18930 20380 18620 19890 56315 109778138 9.22 0.75 4.25 24099 32216 0.75 8.67
20190904 20650 20680 18160 19080 76902 146504576 12.55 1.15 -4.98 42824 34078 1.26 11.84
20190903 18600 20100 18600 20080 106879 207867000
20190902 16260 18720 16260 18400 66938 118014000
20190830 19700 19700 16420 17100 87071 151326134 17.98 3.59 -6.25 38299 48772 0.79 13.41
20190819 17510 18280 17370 18240 38151 68293866 5.19 2.11 3.93 14013 24139 0.58 5.87
20190816 17570 17620 17330 17550 36344 63361363 1.66 2.96 0.17 26589 9755 2.73 5.60
20190815 17210 17550 17140 17520 12773 22197511 2.35 1.07 0.23 5006 7767 0.64 1.97
20190814 17500 17600 17220 17480 16657 29016631 2.20 1.32 0.98 5145 11512 0.45 2.56
20190813 17270 17440 17110 17310 17307 29825133 1.91 1.19 0.12 11320 5987 1.89 2.66
20190812 17320 17430 17160 17290 7408 12846000
20190809 17350 17580 17120 17310 7205 12467020 2.65 0.35 -0.17 3490 3715 0.94 1.11
20190808 17230 17540 17050 17340 11037 19055491 2.84 0.50 0.52 4252 6785 0.63 1.70
20190807 17240 17450 16830 17250 19943 33984141 3.61 0.91 0.35 11934 8009 1.49 3.07
20190806 16810 17250 16240 17190 26902 45017599 5.97 1.26 1.60 11642 15260 0.76 4.14
20190805 17560 17560 16730 16920 18600 31864262 4.73 0.91 -3.64 10289 8310 1.24 2.86
20190802 17520 17660 17080 17560 27198 47111593 3.31 1.54 0.11 10563 16635 0.63 4.19
20190801 17530 18110 17120 17540 18740 32703974 5.65 1.10 0.17 7738 11002 0.70 2.89
20190731 17990 17990 17450 17510 17595 31042825 3.07 1.10 -0.51 8142 9454 0.86 2.71
20190730 17740 17910 17340 17600 24647 43204912 3.23 1.85 -0.40 10648 13999 0.76 3.79
20190729 17690 18120 17550 17670 13679 24411758 3.20 1.03 -0.67 7537 6142 1.23 2.11
20190726 17700 17880 17580 17790 13651 24138177 1.68 1.00 -0.11 7788 5863 1.33 2.10
20190725 17450 17990 17160 17810 15730 27649301 4.77 1.16 2.30 4672 11058 0.42 2.42
20190724 17010 17500 17010 17410 12402 21530012 2.82 0.66 0.12 5103 7300 0.70 1.91
20190723 17500 17500 17150 17390 11300 19575963 2.01 0.58 0.06 6834 4466 1.53 1.74
20190722 17490 17500 16700 17380 13635 23524728 4.62 0.70 0.29 6142 7494 0.82 2.10
20190719 16880 17450 16880 17330 15440 26589599 3.36 0.86 2.24 5241 10199 0.51 2.38
20190718 17300 17300 16810 16950 15158 25749860 2.84 0.93 -1.80 8344 6814 1.22 2.33
20190717 16320 17500 16320 17260 37933 64353254 7.23 3.45 5.76 12276 25657 0.48 5.84
20190716 16500 16600 16100 16320 15520 25318470 3.01 1.44 -1.81 11220 4300 2.61 2.39
20190715 16930 16930 16400 16620 12834 21247611 3.22 1.05 1.03 8235 4600 1.79 1.98
20190712 16500 16760 16320 16450 8439 13961607 2.68 0.70 0.30 3975 4464 0.89 1.30
20190711 16470 16680 16160 16400 6905 11319736 3.18 0.46 0.43 3606 3299 1.09 1.06
20190710 16520 16520 16210 16330 11245 18380633 1.90 0.60 0.06 5629 5616 1.00 1.73
20190709 16000 16550 16000 16320 14564 23801286 3.39 0.69 0.49 6525 8039 0.81 2.24
20190708 16690 16750 15700 16240 19901 32104043 6.29 0.78 -2.64 11674 8227 1.42 3.06
20190705 16660 16900 16510 16680 8039 13434345 2.34 0.32 -0.12 4008 4031 0.99 1.24
20190704 17180 17180 16480 16700 21939 36680910 4.12 0.93 -1.59 13811 8129 1.70 3.38
20190703 16700 17440 16400 16990 28873 49079486 6.23 1.49 1.74 12159 16714 0.73 4.45
20190702 15860 16700 15860 16700 27412 44934914 5.16 1.77 2.58 9098 18313 0.50 4.22
20190701 15140 16540 15140 16280 40539 64750717 9.31 3.59 8.24 16331 24208 0.67 6.24
20190628 15480 15480 14920 15040 7057 10631457 3.68 0.44 -1.12 4377 2681 1.63 1.09
20190627 14920 15650 14810 15210 14376 21774838 5.63 0.95 1.88 6214 8162 0.76 2.21
20190626 15250 15250 14880 14930 7759 11700480 2.46 0.50 -0.73 4713 3045 1.55 1.19
20190625 14980 15200 14880 15040 7590 11392978 2.13 0.50 0.00 4692 2899 1.62 1.17
20190624 15410 15740 14900 15040 19680 29993521 5.46 1.58 -2.21 12941 6739 1.92 3.03
20190621 16000 16000 15160 15380 31304 48374979 5.73 4.25 4.98 15301 16003 0.96 4.82
20190620 14780 14780 14420 14650 9731 14215829 2.44 1.49 -0.68 2849 6882 0.41 1.50
20190619 14590 14990 14530 14750 9048 13346104 3.17 1.17 1.72 4307 4742 0.91 1.39
20190618 14720 14880 14360 14500 5502 7996955 3.53 0.65 -1.49 2968 2534 1.17 0.85
20190617 14510 15730 14510 14720 6525 9700822 8.37 0.79 1.03 2964 3561 0.83 1.00
20190614 15160 15240 14230 14570 6013 8908224 6.66 0.67 -3.96 3931 2082 1.89 0.93
20190613 15030 15170 14850 15170 5560 8384189 2.13 0.60 1.07 1738 3822 0.45 0.86
20190612 15600 15600 15010 15010 15070 22943041 3.79 1.97 -3.66 9819 5250 1.87 2.32
20190611 15480 15620 15100 15580 9220 14243615 3.38 1.13 1.30 4854 4366 1.11 1.42
20190610 15210 15630 15210 15380 5526 8480956 2.72 0.58 -0.26 2859 2667 1.07 0.85
20190606 15580 15770 15020 15420 9505 14591305 4.80 0.90 -1.34 5236 4269 1.23 1.46
20190605 15950 15950 15610 15630 7147 11260611 2.15 0.52 -1.39 4565 2582 1.77 1.10
20190604 16060 16060 15680 15850 6933 10943797 2.40 0.46 0.13 3777 3157 1.20 1.07
20190603 15810 16040 15640 15830 11816 18718975 2.51 0.72 -0.69 5133 6683 0.77 1.82
20190531 15820 16010 15770 15940 11934 18939184 1.52 0.72 1.14 4272 7662 0.56 1.84
20190530 16130 16130 15600 15760 14715 23230969 3.31 0.97 -1.56 8160 6556 1.24 2.27
20190529 15900 16170 15900 16010 22840 36638000
20190528 15890 15980 15750 15890 14618 23230985 1.45 1.30 0.44 6275 8343 0.75 2.25
20190527 15210 15990 15210 15820 18198 28473306 5.08 1.99 3.13 5741 12458 0.46 2.80
20190524 15650 15650 14070 15340 12795 19457264 10.16 1.22 -1.35 6391 6404 1.00 1.97
20190523 15880 15950 15500 15550 7227 11368116 2.83 0.65 -2.08 3940 3287 1.20 1.11
20190522 15960 16170 15820 15880 6654 10623897 2.20 0.51 -0.31 3825 2829 1.35 1.02
20190521 16000 16250 15680 15930 11564 18448902 3.63 0.92 1.34 5430 6134 0.89 1.78
20190520 15650 15750 15340 15720 7544 11730197 2.64 0.58 1.29 3633 3911 0.93 1.16
20190517 16050 16050 15500 15520 19387 30411311 3.46 1.60 -2.39 11870 7517 1.58 2.98
20190516 15820 16020 15580 15900 10779 17094238 2.80 0.83 1.15 5872 4908 1.20 1.66
20190515 15180 15770 15020 15720 16241 25157336 5.00 1.02 4.73 6183 10058 0.61 2.50
20190514 14510 15040 14510 15010 9039 13523066 3.54 0.48 0.33 3967 5072 0.78 1.39
20190513 14820 15090 14650 14960 9529 14229462 2.97 0.44 0.94 5488 4042 1.36 1.47
20190510 14590 15090 14320 14820 15019 22126418 5.31 0.64 2.21 7504 7516 1.00 2.31
20190509 14480 14610 14230 14500 15252 22085023 2.63 0.60 0.21 7241 8011 0.90 2.35
20190508 13800 14880 13380 14470 30814 43371234 10.65 1.23 2.77 15443 15371 1.00 4.74
20190507 14900 14900 13510 14080 23484 33218003 9.41 0.89 -4.67 12576 10908 1.15 3.62
20190506 15700 15700 14770 14770 22546 33904731 5.67 0.79 -9.99 11512 11034 1.04 3.47
20190430 16780 16990 16130 16410 25281 41982858 5.28 0.80 0.74 13270 12012 1.10 3.89
20190429 16860 17020 16200 16290 25718 42712916 4.94 0.84 -1.93 13985 11733 1.19 3.96
20190426 16500 17250 15850 16610 27797 46632158 8.56 0.91 1.59 10798 16999 0.64 4.28
20190425 17490 17840 16350 16350 31047 52577707 8.49 0.96 -6.78 20589 10458 1.97 4.78
20190424 18080 18120 17290 17540 32486 56794107 4.64 0.97 -1.96 18988 13498 1.41 5.00
20190423 17170 18050 17170 17890 40475 71882600 5.13 1.33 4.19 19012 21463 0.89 6.23
20190422 17000 17550 16860 17170 21825 37677659 4.07 0.62 1.36 12325 9500 1.30 3.36
20190419 17090 17490 16810 16940 26743 45412734 3.96 0.83 -1.45 16469 10274 1.60 4.12
20190418 16330 17290 16260 17190 40125 68006771 6.28 1.35 4.82 19042 21083 0.90 6.18
20190417 15660 16640 15660 16400 37713 61629373 6.21 1.45 3.99 16601 21113 0.79 5.81
20190416 15700 15880 15300 15770 26300 41001314 3.73 0.97 1.41 13133 13167 1.00 4.05
20190415 15380 16310 15370 15550 44703 70698764 6.12 2.04 1.24 22492 22211 1.01 6.88
20190412 15380 15550 15180 15360 13055 20039532 2.41 0.59 0.00 6773 6282 1.08 2.01
20190411 15440 15930 15280 15360 27072 42037116 4.18 1.35 -1.22 15674 11398 1.38 4.17
20190410 15320 15640 15280 15550 19070 29506992 2.32 0.85 0.06 9675 9395 1.03 2.94
20190409 14900 15640 14750 15540 31923 48849607 5.97 1.48 4.23 11625 20298 0.57 4.91
20190408 15140 15190 14720 14910 18205 27272876 3.14 0.82 -0.27 10443 7762 1.35 2.80
20190404 15200 15200 14900 14950 14234 21399113 1.98 0.66 -1.39 8430 5804 1.45 2.19
20190403 14970 15270 14850 15160 17117 25799882 2.79 0.76 0.73 7577 9541 0.79 2.64
20190402 15330 15360 15000 15050 30911 46869078 2.37 1.44 -1.05 16691 14220 1.17 4.76
20190401 15200 15500 14930 15210 27675 42011652 3.83 1.29 2.22 13942 13733 1.02 4.26
20190329 14690 15180 14560 14880 20818 31019649 4.23 0.83 1.64 9964 10855 0.92 3.21
20190328 14900 14920 14580 14640 11670 17237742 2.30 0.43 -1.08 6571 5099 1.29 1.80
20190327 14450 14980 14430 14800 21469 31498397 3.85 0.82 3.50 6374 15095 0.42 3.31
20190326 14600 14860 14300 14300 25527 37331375 3.87 0.91 -1.17 12766 12760 1.00 3.93
20190325 14540 14880 14450 14470 28116 41053456 2.91 0.96 -2.16 14039 14077 1.00 4.33
20190322 15250 15250 14500 14790 38157 56262552 4.93 1.35 -2.70 21607 16550 1.31 5.87
20190321 15470 15480 15100 15200 23418 35782346 2.46 0.84 -1.62 15811 7606 2.08 3.61
20190320 15500 15520 14950 15450 15097 22977010 3.68 0.45 -0.39 8575 6522 1.31 2.32
20190319 15650 15930 15270 15510 36154 55993302 4.19 1.01 -1.52 23359 12795 1.83 5.57
20190318 15000 15760 14900 15750 33391 51205782 5.66 0.84 3.62 13984 19408 0.72 5.14
20190315 15200 15480 14870 15200 33100 50348845 4.07 0.74 1.33 18246 14854 1.23 5.10
20190314 14860 15110 14530 15000 22468 33291177 3.91 0.40 1.15 12040 10428 1.15 3.46
20190313 15420 15620 14790 14830 43568 66337757 5.43 0.72 -2.95 24693 18874 1.31 6.71
20190312 15200 15650 15100 15280 46883 72152925 3.62 0.70 0.59 30081 16802 1.79 7.22
20190311 14640 15350 14390 15190 51895 77249001 6.67 0.69 5.56 23326 28570 0.82 7.99
20190308 14700 15150 14120 14390 59340 86799154 6.79 0.87 -5.20 34815 24524 1.42 9.14
20190307 14100 15200 13920 15180 80441 116223452 9.00 1.42 6.68 38693 41749 0.93 12.38
20190306 14000 14400 13710 14230 63500 88894012 4.93 1.20 1.57 32181 31319 1.03 9.78
20190305 14030 14200 13680 14010 80242 111564661 3.71 1.59 -0.14 43433 36809 1.18 12.35
20190304 12860 14030 12750 14030 93035 127476091 10.04 2.19 10.04 54025 39009 1.38 14.32
20190301 12670 12790 12500 12750 23013 29172348 2.29 0.55 0.63 12540 10474 1.20 3.54
20190228 12650 12760 12520 12670 23992 30326531 1.92 0.60 1.36 12480 11511 1.08 3.69
20190227 13070 13180 12350 12500 44841 57273634 6.48 1.32 -2.34 25267 19574 1.29 6.90
20190226 12960 13500 12800 12800 68160 89302640 5.47 2.95 0.00 32634 35526 0.92 10.49
20190225 12580 12980 12420 12800 51929 66278285 4.53 2.96 3.64 26306 25623 1.03 7.99
20190222 12180 12490 12000 12350 18714 22977435 4.02 1.04 1.40 10018 8697 1.15 2.88
20190221 12160 12320 12120 12180 16868 20654434 1.64 1.02 0.08 8062 8806 0.92 2.60
20190220 12120 12340 12000 12170 14560 17701167 2.80 0.95 0.16 8670 5890 1.47 2.24
20190219 12180 12240 11960 12150 13384 16204872 2.31 0.97 0.08 8113 5272 1.54 2.06
20190218 11790 12200 11720 12140 24326 29192770 4.07 2.41 3.06 9537 14790 0.64 3.75
20190215 11670 12210 11650 11780 20976 24764903 4.79 2.80 0.68 11884 9092 1.31 3.23
20190214 11580 11780 11580 11700 9311 10872672 1.72 1.05 0.78 4573 4738 0.97 1.43
20190213 11450 11630 11430 11610 8749 10127503 1.75 0.74 1.40 3615 5134 0.70 1.35
20190212 11400 11500 11360 11450 5896 6750182 1.23 0.49 0.44 2677 3219 0.83 0.91
20190211 11280 11470 11110 11400 5623 6396762 3.19 0.40 0.88 2736 2887 0.95 0.87
20190201 11140 11300 10920 11300 7840 8753851 3.43 0.55 1.89 3158 4683 0.67 1.21
20190131 10920 11170 10700 11090 16173 17720563 4.17 1.09 -1.51 7492 8681 0.86 2.49
20190130 11320 11320 10670 11260 23535 26016062 5.74 2.03 -0.53 11787 11748 1.00 3.62
20190129 11470 11710 11160 11320 7598 8658522 4.78 0.68 -1.57 4299 3299 1.30 1.17
20190128 11700 11800 11380 11500 14535 16953389 3.59 1.56 -1.63 7167 7368 0.97 2.24
20190125 11750 11910 11580 11690 9373 10993213 2.81 1.01 -0.51 5945 3428 1.73 1.44
20190124 11550 11900 11470 11750 18901 22178608 3.72 2.50 1.73 4540 14361 0.32 2.91
20190123 11800 11820 11450 11550 7588 8805149 3.17 0.96 -1.20 5497 2091 2.63 1.17
20190122 11800 11950 11430 11690 5144 6040698 4.42 0.58 -0.68 3079 2065 1.49 0.79
20190121 11710 11890 11710 11770 5567 6568820 1.53 0.64 0.17 2582 2985 0.86 0.86
20190118 11680 11830 11610 11750 9387 10999952 1.88 1.16 0.60 4145 5242 0.79 1.45
20190117 11880 11970 11630 11680 10076 11847450 2.86 1.32 -1.85 7156 2921 2.45 1.55
20190116 11770 12070 11770 11900 9475 11299959 2.54 1.16 0.68 4180 5295 0.79 1.46
20190115 11640 11740 11550 11630 4452 5172354 1.63 0.41 -0.09 2815 1637 1.72 0.69
20190114 11640 11740 11550 11630 4452 5173000
20190111 11600 11750 11400 11640 6487 7530000
20190110 11620 11800 11560 11600 7832 9148000
20190109 11550 11820 11520 11590 12295 14375267 2.58 0.94 -0.26 6723 5572 1.21 1.89
20190108 11500 11720 11450 11620 12716 14761986 2.34 0.68 0.78 7710 5007 1.54 1.96
20190107 11480 11650 11370 11530 14470 16645783 2.46 0.45 1.32 6918 7553 0.92 2.23
20190104 11170 11470 11070 11380 13264 15039957 3.55 0.35 0.89 6182 7083 0.87 2.04
20190103 11190 11310 11090 11280 11076 12408409 1.95 0.28 -0.18 6502 4575 1.42 1.71
20190102 11290 11370 11010 11300 14191 15862646 3.19 0.36 0.18 6917 7274 0.95 2.18
20181228 12010 12090 11210 11280 40087 46257228 7.21 1.15 -7.62 22462 17626 1.27 6.17
20181227 14000 14000 12210 12210 81232 106334215 13.61 2.99 -7.15 39374 41857 0.94 12.51
20181226 12680 13280 12650 13150 43155 56423975 4.93 1.96 2.90 19759 23397 0.84 6.64
20181225 12410 12850 12110 12780 18736 23238402 5.91 0.92 2.00 10756 7979 1.35 2.88
20181224 12310 12600 12280 12530 11495 14286145 2.58 0.55 1.05 6142 5353 1.15 1.77
20181221 12550 12550 12160 12400 19012 23454640 3.10 0.95 -1.59 12164 6848 1.78 2.93
20181220 12400 12850 12000 12600 43243 54397957 6.86 3.16 1.69 18077 25167 0.72 6.66
20181219 12300 12490 12230 12390 17551 21646281 2.10 1.56 -0.08 10814 6737 1.61 2.70
20181218 12350 12430 12180 12400 10298 12640000
20181217 11960 12450 11950 12370 13487 16431651 4.17 1.42 3.08 5744 7743 0.74 2.08
20181214 12150 12490 11960 12000 15108 18394050 4.29 1.74 -2.76 9323 5785 1.61 2.33
20181213 12020 12450 12020 12340 12080 14846916 3.54 1.58 1.56 4683 7396 0.63 1.86
20181212 12190 12260 12020 12150 5135 6227658 1.98 0.62 0.08 2529 2606 0.97 0.79
20181211 12080 12240 12000 12140 6153 7457146 1.99 0.64 0.66 3233 2920 1.11 0.95
20181210 12000 12150 11670 12060 8870 10588105 4.00 0.83 0.50 4247 4623 0.92 1.37
20181207 12190 12320 11930 12000 11244 13609117 3.25 1.11 -0.08 5979 5265 1.14 1.73
20181206 12210 12270 11950 12010 6757 8169373 2.61 0.57 -1.88 4433 2324 1.91 1.04
20181205 12020 12270 12020 12240 8677 10563597 2.03 0.69 -0.49 4365 4312 1.01 1.34
20181204 12010 12360 12010 12300 12872 15707047 2.86 0.97 0.57 5889 6982 0.84 1.98
20181203 12040 12280 11990 12230 13947 16949289 2.43 1.17 2.60 7350 6597 1.11 2.15
20181130 11700 11930 11380 11920 8287 9685368 4.70 0.66 1.88 3697 4590 0.81 1.28
20181129 11980 12240 11620 11700 15000 17982275 5.23 1.32 -1.35 8729 6271 1.39 2.31
20181128 11700 11960 11610 11860 12840 15130576 2.96 1.18 0.34 5720 7120 0.80 1.98
20181127 12050 12210 11620 11820 16084 19164461 4.86 1.56 -2.72 8537 7548 1.13 2.48
20181126 12070 12500 11880 12150 7581 9186125 5.11 0.66 0.08 4396 3186 1.38 1.17
20181123 12620 12680 11980 12140 11473 14029479 5.54 0.90 -3.88 7799 3674 2.12 1.77
20181122 12620 12700 12510 12630 8879 11185585 1.51 0.57 0.24 4474 4405 1.02 1.37
20181121 12400 12680 12300 12600 10475 13119794 3.07 0.64 1.78 5211 5264 0.99 1.61
20181120 12740 12750 12320 12380 13276 16681000
20181119 12960 12960 12720 12760 13140 16790000
20181116 12730 12990 12730 12890 17933 23105000
20181115 12490 12950 12420 12870 22949 29276692 4.25 1.73 3.13 11922 11027 1.08 3.53
20181114 12560 12740 12460 12480 14275 17988200 2.24 1.08 0.00 7312 6963 1.05 2.20
20181113 12280 12630 12010 12480 19119 23752303 5.03 1.31 1.22 8917 10202 0.87 2.94
20181112 11800 12350 11800 12330 12348 15056264 4.59 0.78 3.01 3521 8827 0.40 1.90
20181109 11960 12260 11950 11970 8144 9861405 2.57 0.45 -0.75 3650 4494 0.81 1.25
20181108 12550 12550 12030 12060 12397 15133427 4.24 0.64 -1.71 7611 4787 1.59 1.91
20181107 12310 12380 12170 12270 14040 17208917 1.70 0.69 -0.89 8823 5217 1.69 2.16
20181106 11980 12380 11850 12380 25940 31603467 4.41 1.38 3.00 11087 14853 0.75 3.99
20181105 11990 12250 11840 12020 18817 22679031 3.43 1.12 0.42 10845 7973 1.36 2.90
20181102 11840 11990 11650 11970 19309 22925636 2.91 1.24 2.31 8814 10495 0.84 2.97
20181101 11490 11920 11410 11700 18461 21631580 4.39 1.21 0.78 9810 8651 1.13 2.84
20181031 11590 12440 11500 11610 18638 22094808 8.31 1.11 2.65 10513 8126 1.29 2.87
20181030 11300 11400 10500 11310 19075 21069906 7.87 0.79 -1.05 9795 9280 1.06 2.94
20181029 11770 11930 11320 11430 8531 9904976 5.18 0.33 -2.89 5680 2851 1.99 1.31
20181026 12150 12200 11690 11770 13280 15795954 4.27 0.55 -1.34 8451 4829 1.75 2.04
20181025 11580 11990 11510 11930 16700 19617000 3.96 0.76 -1.57 9512 7188 1.32 2.57
20181024 12030 12530 11830 12120 26673 32262798 5.60 1.52 -3.12 16192 10481 1.54 4.11
20181023 12680 12970 12400 12510 54806 69384738 4.60 7.18 1.05 26067 28739 0.91 8.44
20181022 11380 12380 11280 12380 18747 22589407 9.78 3.66 10.04 11767 6980 1.69 2.89
20181019 10880 11300 10880 11250 4551 5083812 3.74 0.62 0.18 1738 2814 0.62 0.70
20181018 11150 11230 10950 11230 5054 5607579 2.48 0.52 -0.44 2798 2255 1.24 0.78
20181017 11310 11350 11110 11280 4342 4876885 2.13 0.46 -0.09 2259 2083 1.08 0.67
20181016 11370 11370 10860 11290 5476 6135459 4.49 0.58 -0.70 2963 2514 1.18 0.84
20181015 11380 11380 11110 11370 6210 7009207 2.40 0.65 1.16 3350 2860 1.17 0.96
20181012 11000 11400 10740 11240 15335 17048334 5.81 2.01 -0.97 7303 8032 0.91 2.36
20181011 11140 11390 10310 11350 17581 18806287 9.42 3.25 -0.96 9445 8136 1.16 2.71
20181010 11400 11480 11250 11460 3039 3465746 2.02 0.48 0.44 1681 1358 1.24 0.47
20181009 11300 11500 11240 11410 4858 5524374 2.29 0.78 0.53 2434 2424 1.00 0.75
20181008 11410 11480 11130 11350 7252 8197865 2.98 1.14 -3.24 4620 2632 1.76 1.12
20180928 11650 11800 11610 11730 5513 6447075 1.64 0.85 1.03 2698 2815 0.96 0.85
20180927 11870 11940 11550 11610 6379 7498710 3.29 0.95 -2.11 3805 2573 1.48 0.98
20180926 11900 11990 11750 11860 7977 9447900 2.02 1.28 -0.34 5579 2398 2.33 1.23
20180925 11920 11990 11820 11900 4123 4903850 1.43 0.61 -0.08 2646 1477 1.79 0.64
20180921 11760 11990 11760 11910 7930 9411578 1.95 1.24 1.19 3407 4523 0.75 1.22
20180920 11820 11970 11220 11770 6078 7130270 6.35 1.02 -0.42 3691 2387 1.55 0.94
20180919 11620 11990 11610 11820 7507 8871304 3.25 1.36 1.03 3575 3931 0.91 1.16
20180918 11340 11700 11340 11700 5474 6311309 3.16 0.93 2.72 2034 3440 0.59 0.84
20180917 11840 11850 11240 11390 6901 7902414 5.20 1.07 -2.82 4114 2787 1.48 1.06
20180914 11910 12020 11720 11720 5917 7033499 2.53 0.89 -1.35 3244 2674 1.21 0.91
20180913 12040 12040 11770 11880 3961 4703227 2.28 0.55 0.25 2062 1899 1.09 0.61
20180912 11710 11930 11710 11850 5387 6372472 1.86 0.72 0.25 2393 2994 0.80 0.83
20180911 11850 11920 10630 11820 7277 8551508 10.98 1.01 0.60 3682 3595 1.02 1.12
20180910 12160 12200 11750 11750 9662 11565610 3.70 1.45 -3.45 6087 3575 1.70 1.49
20180907 12150 12320 12070 12170 7068 8615012 2.05 1.15 -0.25 3671 3397 1.08 1.09
20180906 12030 12340 12030 12200 6415 7813639 2.56 1.06 0.91 3170 3245 0.98 0.99
20180905 12250 12320 12070 12090 6804 8295801 2.04 1.04 -1.31 3239 3565 0.91 1.05
20180904 12070 12310 12030 12250 6196 7551889 2.32 0.68 1.66 3192 3005 1.06 0.95
20180903 12160 12230 11910 12050 6910 8328113 2.63 0.78 -1.07 3903 3006 1.30 1.06
20180831 12190 12380 12160 12180 4427 5414481 1.79 0.49 -0.73 2863 1564 1.83 0.68
20180830 12450 12570 12260 12270 5783 7168858 2.49 0.64 -1.45 3787 1996 1.90 0.89
20180829 12630 12700 12430 12450 9405 11782017 2.12 1.15 -2.20 6548 2856 2.29 1.45
20180828 12420 13470 12420 12730 18718 24155843 8.43 3.35 2.25 9408 9310 1.01 2.88
20180827 12210 12480 12210 12450 6098 7559949 2.21 1.06 1.72 2951 3147 0.94 0.94
20180824 12220 12420 12200 12240 5488 6745602 1.79 0.90 -0.57 3012 2476 1.22 0.85
20180823 12280 12420 12200 12310 5447 6709167 1.79 0.84 0.16 2768 2679 1.03 0.84
20180822 12440 12500 12190 12290 5220 6438646 2.49 0.65 -1.13 3210 2010 1.60 0.80
20180821 12300 12470 12200 12430 5711 7066952 2.20 0.69 1.06 2693 3018 0.89 0.88
20180820 12120 12330 12030 12300 7029 8594684 2.47 0.83 1.07 3657 3371 1.08 1.08
20180817 12450 12620 12120 12170 7120 8783652 4.06 0.79 -1.22 4305 2815 1.53 1.10
20180816 12120 12480 12050 12320 7371 9069215 3.45 0.77 -1.12 4178 3194 1.31 1.14
20180815 12670 12990 12400 12460 12936 16412683 4.70 1.49 -0.72 7179 5757 1.25 1.99
20180814 12490 12600 12430 12550 6708 8398658 1.35 0.75 -0.32 4028 2680 1.50 1.03
20180813 12300 12590 12110 12590 8396 10375419 3.83 0.92 0.40 3748 4648 0.81 1.29
20180810 12530 12630 12380 12540 9566 11991019 2.00 1.05 0.08 5000 4566 1.10 1.47
20180809 12330 12780 12200 12530 10495 13145419 4.75 0.96 2.70 4600 5896 0.78 1.62
20180808 12460 12550 12030 12200 8203 10153853 4.17 0.62 -2.17 5308 2895 1.83 1.26
20180807 12250 12530 12140 12470 8156 10087503 3.21 0.56 2.72 3882 4274 0.91 1.26
20180806 12570 12630 12000 12140 9196 11319328 5.02 0.52 -3.19 5252 3944 1.33 1.42
20180803 12600 12860 12510 12540 9348 11824374 2.77 0.44 -0.71 5204 4144 1.26 1.44
20180802 13150 13250 12200 12630 20044 25421575 7.96 0.76 -4.25 11718 8327 1.41 3.09
20180801 13800 13800 13150 13190 19928 26882916 4.74 0.53 -3.86 12774 7153 1.79 3.07
20180731 13800 13870 13620 13720 13784 18933030 1.80 0.24 -1.15 8439 5345 1.58 2.12
20180730 13700 13880 13520 13880 25848 35506349 2.62 0.46 0.87 15121 10727 1.41 3.98
20180727 13800 13970 13610 13760 27203 37474175 2.57 0.50 -1.64 16506 10697 1.54 4.19
20180726 14450 14450 13910 13990 44928 63426091 3.76 0.96 -2.71 27403 17525 1.56 6.92
20180725 14500 14800 14180 14380 77272 111710483 4.05 2.30 -6.07 47345 29927 1.58 11.91
20180724 16100 16380 15230 15310 117264 186673752 7.48 10.24 -0.39 56462 60801 0.93 18.07
20180723 15370 15370 15370 15370 13713 21077418 0.00 1.37 10.02 13713 - - 2.11
20180720 13150 13970 13020 13970 16741 23144345 7.48 1.87 10.00 13346 3395 3.93 2.58
20180719 13000 13090 12650 12700 8741 11194217 3.38 0.92 -2.31 4752 3989 1.19 1.35
20180718 13200 13380 12990 13000 11348 14939250 2.97 1.24 -0.91 6450 4898 1.32 1.75
20180717 13000 13150 12920 13120 6718 8782788 1.77 0.64 0.69 2944 3774 0.78 1.04
20180716 13140 13290 12850 13030 6365 8287232 3.35 0.59 -0.76 4042 2323 1.74 0.98
20180713 13000 13170 12960 13130 11525 15078256 1.59 1.07 -0.68 7353 4171 1.76 1.78
20180712 12790 13260 12780 13220 11753 15451335 3.75 1.15 3.20 5007 6746 0.74 1.81
20180711 13110 13110 12580 12810 9534 12244027 4.01 0.93 -3.03 5676 3858 1.47 1.47
20180710 13090 13460 13040 13210 13555 17895189 3.22 1.37 1.15 6215 7340 0.85 2.09
20180709 12840 13100 12660 13060 7137 9261525 3.48 0.66 3.32 2709 4428 0.61 1.10
20180706 12480 12810 12180 12640 11887 14901217 5.11 1.09 2.60 5730 6157 0.93 1.83
20180705 12990 13110 12060 12320 9183 11744617 8.13 0.84 -4.64 5433 3750 1.45 1.42
20180704 13310 13350 12820 12920 9345 12220891 3.98 0.86 -3.00 5998 3347 1.79 1.44
20180703 13000 13400 12940 13320 11748 15502203 3.56 1.00 3.10 5219 6529 0.80 1.81
20180702 13300 13380 12860 12920 12114 15865833 3.88 1.11 -3.51 7195 4918 1.46 1.87
20180629 12700 13500 12700 13390 12259 16118299 6.25 1.18 4.69 4712 7547 0.62 1.89
20180628 12970 13140 12760 12790 9338 12132198 2.93 0.84 -1.39 5663 3675 1.54 1.44
20180627 13000 13240 12900 12970 8750 11429948 2.59 0.73 -1.07 4760 3991 1.19 1.35
20180626 12810 13180 12500 13110 16523 21424456 5.26 1.40 1.47 11846 4678 2.53 2.55
20180625 13190 13290 12830 12920 7508 9848661 3.53 0.59 -0.77 4933 2575 1.92 1.16
20180622 12700 13090 12370 13020 9771 12614868 5.67 0.78 2.52 3419 6352 0.54 1.51
20180621 13200 13520 12590 12700 13012 16922080 7.01 1.01 -4.30 8226 4786 1.72 2.01
20180620 12890 13380 12880 13270 13137 17294591 3.89 1.03 3.27 5685 7452 0.76 2.02
20180619 14020 14020 12850 12850 15681 20872710 8.19 1.27 -10.01 10016 5665 1.77 2.42
20180615 15020 15300 14110 14280 12359 18103481 7.88 0.75 -5.49 7429 4931 1.51 1.90
20180614 15250 15550 15030 15110 8711 13282428 3.41 0.32 -0.85 5109 3602 1.42 1.34
20180613 16000 16040 15160 15240 14556 22685657 5.47 0.54 -5.34 10626 3930 2.70 2.24
20180612 16020 16250 15510 16100 12213 19353719 4.63 0.46 0.81 6682 5531 1.21 1.88
20180611 15900 16280 15850 15970 14034 22540335 2.65 0.55 -1.54 8162 5872 1.39 2.16
20180608 16370 16970 15700 16220 33046 53199654 7.51 1.57 -4.02 19841 13205 1.50 5.09
20180607 18300 18450 16880 16900 60597 107174631 9.03 5.71 -2.76 33340 27257 1.22 9.34
20180606 15790 17380 15520 17380 14661 25047881 11.77 1.45 10.00 10334 4327 2.39 2.26
20180605 15060 15820 15060 15800 10662 16656380 4.98 1.11 3.61 4251 6412 0.66 1.64
20180604 15610 15780 13920 15250 8502 12897656 12.02 0.86 -1.42 5573 2930 1.90 1.31
20180601 15810 16360 15270 15470 10704 16893548 6.81 1.05 -3.37 6807 3897 1.75 1.65
20180531 16280 16380 16000 16010 8534 13809857 2.39 0.74 0.50 5049 3485 1.45 1.32
20180530 25490 25490 23480 23960 12022 29491789 7.82 1.11 -6.81 7016 5006 1.40 2.78
20180529 26030 26520 25700 25710 8287 21651120 3.14 0.70 -1.46 5313 2974 1.79 1.92
20180528 27020 27230 26000 26090 9663 25599605 4.56 0.79 -3.37 6607 3056 2.16 2.23
20180525 27170 27420 26800 27000 12274 33198539 2.26 1.06 -1.53 7093 5181 1.37 2.84
20180524 26660 27470 26480 27420 15733 42769099 3.73 1.62 3.32 7041 8692 0.81 3.64
20180523 26500 26790 26360 26540 8433 22333825 1.61 0.89 -0.56 5383 3050 1.77 1.95
20180522 26200 26870 26180 26690 12842 34200021 2.63 1.44 1.87 5196 7646 0.68 2.97
20180521 26090 26500 26000 26200 11754 30805363 1.92 1.24 0.50 5452 6302 0.87 2.72
20180518 25600 26150 25300 26070 9228 23816282 3.32 0.94 1.68 3910 5318 0.74 2.13
20180517 25830 25850 25270 25640 6262 15973267 2.26 0.53 -0.08 3639 2623 1.39 1.45
20180516 25650 26000 25530 25660 7172 18422839 1.82 0.56 -0.85 4793 2379 2.01 1.66
20180515 25430 25880 25110 25880 10236 26138987 3.01 0.80 1.09 5631 4606 1.22 2.37
20180514 25300 26990 25020 25600 14318 37326217 7.83 1.23 1.71 6696 7622 0.88 3.31
20180511 26180 26280 25170 25170 11232 28689920 4.24 1.07 -3.86 7777 3455 2.25 2.60
20180510 26360 26360 25610 26180 16190 42141907 2.90 1.89 1.32 7900 8290 0.95 3.74
20180509 25390 26080 25080 25840 12408 31965036 3.92 1.73 1.33 6469 5939 1.09 2.87
20180508 24800 25500 24710 25500 9816 24816123 3.17 1.49 2.41 4551 5265 0.86 2.27
20180507 24230 24960 24230 24900 8520 21082263 3.01 1.34 2.77 3871 4649 0.83 1.97
20180504 24100 24840 24100 24230 5716 13980452 3.04 0.78 -0.33 3279 2437 1.35 1.32
20180503 23480 24390 23230 24310 6323 15134507 4.92 0.81 3.18 2844 3478 0.82 1.46
20180502 24300 24480 23560 23560 5500 13196061 3.79 0.71 -3.01 3547 1953 1.82 1.27
20180427 25040 25340 24240 24290 6910 17044661 4.39 0.87 -2.96 4271 2639 1.62 1.60
20180426 25420 25790 24850 25030 7292 18425088 3.67 0.86 -2.30 4543 2748 1.65 1.69
20180425 24800 25630 24530 25620 10522 26591987 4.41 1.16 2.64 4188 6334 0.66 2.43
20180424 24050 24970 24050 24960 8704 21440116 3.83 0.90 3.78 4067 4637 0.88 2.01
20180423 24000 24330 23620 24050 5062 12158441 2.99 0.43 1.39 2455 2607 0.94 1.17
20180420 24700 25070 23510 23720 8155 19790337 6.34 0.53 -3.58 5255 2900 1.81 1.88
20180419 24500 25300 24210 24600 10093 25163146 4.43 0.49 0.00 5054 5039 1.00 2.33
20180418 24460 24680 23140 24600 13433 31978993 6.38 0.64 1.91 5897 7535 0.78 3.10
20180417 25320 25630 24140 24140 11718 29068777 5.94 0.53 -3.75 7109 4609 1.54 2.71
20180416 25320 25770 24630 25080 15086 38091083 4.38 0.69 -3.69 8254 6832 1.21 3.49
20180413 27800 27800 26040 26040 25965 69377737 6.50 1.34 -3.80 14707 11258 1.31 6.00
20180412 25670 27290 25330 27070 35886 95330133 7.64 2.49 5.58 16492 19394 0.85 8.29
20180411 25360 25970 25060 25640 16168 41465013 3.59 1.15 1.10 7604 8565 0.89 3.74
20180410 24750 25650 24750 25360 17793 44862230 3.61 1.32 1.60 7040 10753 0.65 4.11
20180409 24060 25200 23740 24960 13087 32168405 6.02 0.89 2.89 6120 6966 0.88 3.02
20180404 24710 25300 24200 24260 14079 34976500 4.44 0.79 -2.10 8556 5523 1.55 3.25
20180403 24380 24780 23820 24780 10944 26607343 3.89 0.64 0.53 5640 5304 1.06 2.53
20180402 25140 25150 24390 24650 14560 36108394 3.09 0.94 0.12 8212 6349 1.29 3.36
20180330 23910 24650 23690 24620 14674 35639277 4.02 0.99 3.01 5746 8928 0.64 3.39
20180329 23810 24450 23300 23900 19617 46474123 4.75 1.60 -1.28 13518 6099 2.22 4.53
20180328 22720 25300 22550 24210 29667 73088005 11.96 3.43 5.26 18733 10934 1.71 6.86
20180327 22390 23200 22300 23000 7435 16965839 4.06 0.84 3.70 3398 4037 0.84 1.72
20180326 21690 22200 20820 22180 5659 12202375 6.34 0.64 1.98 3025 2634 1.15 1.31
20180323 22900 23060 21490 21750 11490 25566641 6.70 1.48 -7.17 6973 4517 1.54 2.66
20180322 23020 23640 23020 23430 6884 16095642 2.68 0.80 1.17 3258 3626 0.90 1.59
20180321 22800 23540 22800 23160 11794 27477486 3.25 1.40 1.58 4826 6968 0.69 2.73
20180320 22410 22880 22150 22800 8356 18906355 3.23 0.67 0.93 4158 4198 0.99 1.93
20180319 22250 22670 22070 22590 5681 12790445 2.69 0.34 1.30 2258 3423 0.66 1.31
20180316 22380 22640 22080 22300 5980 13438486 2.50 0.34 -0.40 2670 3310 0.81 1.38
20180315 23000 23130 21900 22390 11234 25221408 5.31 0.64 -3.28 7243 3991 1.81 2.60
20180314 23980 24270 23150 23150 10783 25417019 4.64 0.64 -4.14 5913 4870 1.21 2.49
20180313 24280 24960 24040 24150 28842 70879467 3.74 2.25 -1.91 16841 12001 1.40 6.66
20180312 23340 24860 23060 24620 26375 63549881 7.72 3.11 5.57 12334 14041 0.88 6.09
20180309 22660 23450 22410 23320 11924 27501049 4.60 1.52 3.05 5362 6562 0.82 2.76
20180308 22080 22660 22080 22630 9492 21305327 2.61 1.20 1.85 5012 4480 1.12 2.19
20180307 21810 22260 21510 22220 8023 17641771 3.42 1.09 1.23 4485 3538 1.27 1.85
20180306 21560 22220 21560 21950 8368 18401301 3.04 1.16 0.97 4269 4099 1.04 1.93
20180305 21610 21810 21440 21740 4550 9866962 1.71 0.58 0.51 1999 2551 0.78 1.05
20180302 21700 21920 21270 21630 8703 18837612 2.98 1.10 -0.73 4991 3712 1.34 2.01
20180301 20910 21800 20510 21790 9845 21013158 6.11 1.34 3.17 5315 4530 1.17 2.28
20180228 21000 21430 20810 21120 5379 11352796 2.91 0.77 -0.71 2762 2617 1.06 1.24
20180227 21020 21470 20990 21270 7530 15948583 2.27 1.15 0.66 3485 4045 0.86 1.74
20180226 20760 21180 20650 21130 7649 16025556 2.56 1.35 2.03 3823 3826 1.00 1.77
20180223 20270 20970 20140 20710 9317 19274988 4.09 2.12 2.02 3280 6037 0.54 2.15
20180222 20170 20530 19710 20300 6834 13752502 4.08 1.64 0.89 4113 2721 1.51 1.58
20180214 20200 20360 19920 20120 3596 7243604 2.18 0.74 -0.45 1619 1977 0.82 0.83
20180213 20390 20420 19710 20210 5327 10787555 3.49 1.17 -0.74 3044 2283 1.33 1.23
20180212 20320 20410 20010 20360 3254 6594932 2.01 0.66 2.31 1527 1727 0.88 0.75
20180209 20000 20220 19550 19900 2997 5955987 3.29 0.58 -2.31 1540 1457 1.06 0.69
20180208 20100 21780 20100 20370 5646 11678416 8.30 1.12 0.64 3181 2465 1.29 1.30
20180207 20800 21080 19510 20240 6970 14037079 7.75 1.39 -0.05 3801 3169 1.20 1.61
20180206 21780 21980 20210 20250 3964 8357876 8.01 0.81 -8.37 2256 1708 1.32 0.92
20180205 21790 22930 21210 22100 5208 11535481 7.84 1.05 0.73 2796 2412 1.16 1.20
20180202 21680 22250 21610 21940 4267 9342115 2.87 0.86 -1.57 2056 2211 0.93 0.99
20180201 23400 23430 22110 22290 4824 10926176 5.67 0.87 -4.33 2890 1934 1.49 1.11
20180131 24220 24360 23140 23300 6766 15881287 5.04 1.15 -3.80 4439 2327 1.91 1.56
20180130 24460 24460 24210 24220 3493 8488577 1.03 0.57 -0.57 2311 1182 1.96 0.81
20180129 24570 24580 24210 24360 5528 13474455 1.52 0.92 0.04 3007 2521 1.19 1.28
20180126 24510 24710 24320 24350 4206 10306076 1.59 0.68 -1.02 2582 1624 1.59 0.97
20180125 24800 25000 24540 24600 7794 19332155 1.85 1.46 -1.05 4869 2925 1.66 1.80
20180124 24590 24870 24410 24860 8330 20617102 1.87 1.71 1.10 4064 4266 0.95 1.92
20180123 24360 24840 24360 24590 4892 12019331 1.96 1.03 0.24 2843 2049 1.39 1.13
20180122 24490 24690 23910 24530 4810 11685131 3.18 0.86 -0.08 2748 2062 1.33 1.11
20180119 24670 24920 24410 24550 5007 12386765 2.08 0.93 0.00 2725 2282 1.19 1.16
20180118 24460 24640 24310 24550 3574 8762254 1.34 0.61 0.00 1779 1795 0.99 0.83
20180117 24310 24640 24000 24550 6107 14813198 2.62 1.10 0.45 2883 3224 0.89 1.41
20180116 24390 24620 24300 24440 4313 10563848 1.32 0.76 0.53 2253 2060 1.09 1.00
20180115 25680 25970 24110 24310 8863 22031886 7.20 1.77 -5.88 5689 3174 1.79 2.05
20180112 25960 26140 25760 25830 4007 10379189 1.46 0.83 -0.65 2768 1239 2.23 0.93
20180111 25910 26240 25600 26000 5871 15251469 2.47 1.37 0.39 2956 2915 1.01 1.36
20180110 26130 26220 25710 25900 4610 11943057 1.95 1.08 -0.88 2717 1893 1.44 1.07
20180109 26010 26260 25950 26130 5004 13049488 1.19 1.20 0.23 3208 1796 1.79 1.16
20180108 26720 26720 25800 26070 5538 14418430 3.48 1.14 -1.51 3430 2108 1.63 1.28
20180105 26500 26740 26400 26470 3189 8448262 1.28 1.31 -0.23 1872 1317 1.42 0.74
20180104 26710 26850 26450 26530 3154 8395199 1.49 0.58 -0.86 1921 1233 1.56 0.73
20180103 26880 26880 26380 26760 4548 12109377 1.87 0.85 0.22 2417 2131 1.13 1.05
20180102 26530 27000 26320 26700 4451 11904934 2.55 0.83 0.23 2041 2410 0.85 1.03
20171229 25900 27980 25760 26640 8870 23703039 8.59 2.09 3.06 3548 5322 0.67 2.05
20171228 25830 26180 25620 25850 4516 11737596 2.17 1.14 0.15 2383 2133 1.12 1.04
20171227 26170 26170 25710 25810 4647 12034193 1.76 1.14 -1.30 2992 1655 1.81 1.07
20171226 25980 26220 25720 26150 4117 10708710 1.94 1.01 1.67 2088 2029 1.03 0.95
20171225 26190 26190 25710 25720 4761 12309610 1.83 1.26 -2.21 3305 1456 2.27 1.10
20171222 26210 26330 26020 26300 3140 8237396 1.18 0.71 0.34 1329 1811 0.73 0.73
20171221 26290 26360 25600 26210 3166 8275307 2.88 0.72 -0.61 2130 1036 2.06 0.73
20171220 26650 26800 26090 26370 5200 13728324 2.66 1.28 -1.31 3587 1613 2.22 1.20
20171219 26450 26850 26420 26720 4035 10790576 1.62 0.99 0.53 2110 1925 1.10 0.93
20171218 26760 26930 26520 26580 3342 8918815 1.53 0.74 -1.01 2358 984 2.40 0.77
20171215 26600 27050 26480 26850 6405 17186256 2.12 1.26 0.07 2966 3439 0.86 1.48
20171214 26730 26870 26550 26830 3031 8100525 1.19 0.55 0.00 1858 1173 1.58 0.70
20171213 26700 26900 26560 26830 3498 9348558 1.27 0.61 0.56 1303 2195 0.59 0.81
20171212 27170 27240 26620 26680 4152 11156945 2.28 0.66 -1.88 2598 1554 1.67 0.96
20171211 26900 27500 26900 27190 5572 15167215 2.22 0.84 0.44 3164 2408 1.31 1.29
20171208 26450 27270 26450 27070 9250 24851818 3.07 1.57 1.27 3823 5427 0.70 2.14
20171207 26520 26800 26410 26730 4902 13042838 1.46 0.79 0.38 2633 2269 1.16 1.13
20171206 26130 26690 26040 26630 4803 12619246 2.47 0.70 1.02 2644 2159 1.22 1.11
20171205 26590 26790 26020 26360 6833 17978393 2.88 1.07 -1.53 4583 2250 2.04 1.58
20171204 27300 27600 26770 26770 7219 19666239 3.04 1.26 -1.87 4630 2589 1.79 1.67
20171201 27240 27480 26980 27280 5638 15369168 1.84 0.92 0.15 2824 2814 1.00 1.30
20171130 26980 27670 26470 27240 6387 17372134 4.41 0.95 0.07 3578 2809 1.27 1.48
20171129 27570 27790 26950 27220 8173 22380062 3.12 1.16 1.08 4395 3778 1.16 1.89
20171128 26600 27040 26590 26930 4631 12458316 1.70 0.52 1.55 1869 2762 0.68 1.07
20171127 26650 26850 26310 26520 3735 9936407 2.02 0.27 -0.67 2146 1589 1.35 0.86
20171124 26900 27550 26600 26700 7845 21151295 3.51 0.56 -1.29 3897 3948 0.99 1.81
20171123 28070 28110 27050 27050 9227 25402947 3.75 0.73 -4.18 5185 4042 1.28 2.13
20171122 29310 29310 28100 28230 9772 27803915 4.16 0.83 -3.02 5613 4158 1.35 2.26
20171121 29000 29950 28710 29110 13629 39879503 4.07 1.36 -4.37 8639 4990 1.73 3.15
20171120 26630 31300 26040 30440 29081 82401642 18.49 5.65 6.99 15739 13342 1.18 6.72
20171117 30280 31390 28450 28450 7838 23007336 9.55 1.74 -7.63 4825 3013 1.60 1.81
20171116 31230 31230 30720 30800 3223 9984875 1.63 0.67 -1.41 1811 1412 1.28 0.74
20171115 31490 31490 30900 31240 5028 15698790 1.90 1.09 0.35 2532 2496 1.01 1.16
20171114 31640 31750 31100 31130 4992 15619705 2.06 1.16 -1.24 2787 2205 1.26 1.15
20171113 31900 32160 31330 31520 4634 14706061 2.60 0.96 -1.41 3143 1491 2.11 1.07
20171110 32110 32280 31430 31970 4666 14888233 2.63 0.99 -0.93 2621 2045 1.28 1.08
20171109 32210 32400 31880 32270 4706 15178034 1.62 0.99 0.37 1821 2885 0.63 1.09
20171108 32050 32380 32000 32150 4147 13359213 1.19 0.85 0.56 2207 1940 1.14 0.96
20171107 31780 32100 31510 31970 3320 10599311 1.84 0.56 -0.09 1831 1489 1.23 0.77
20171106 30920 32240 30800 32000 7288 23212774 4.67 1.23 3.83 3764 3524 1.07 1.68
20171103 31300 31680 30720 30820 4038 12594780 3.07 0.60 -1.53 2526 1512 1.67 0.93
20171102 32000 32000 31160 31300 4887 15375159 2.62 0.69 -2.43 2944 1943 1.52 1.13
20171101 32200 32200 31700 32080 4827 15455008 1.57 0.65 0.56 2119 2708 0.78 1.12
20171031 31360 32130 31150 31900 8560 27180519 3.13 1.24 1.72 2654 5906 0.45 1.98
20171030 33270 33700 31350 31360 7242 23367721 7.02 1.12 -6.30 4079 3163 1.29 1.67
20171027 33340 33800 33340 33470 8006 26905137 1.36 1.35 -1.15 3916 4090 0.96 1.85
20171026 33600 33900 33410 33860 6616 22233955 1.45 0.95 0.47 4091 2525 1.62 1.53
20171025 33330 33800 32930 33700 6817 22859091 2.63 0.97 1.72 3477 3340 1.04 1.58
20171024 33580 33580 32630 33130 5929 19633397 2.83 0.86 -1.34 3112 2817 1.10 1.37
20171023 33280 33970 33280 33580 4984 16766486 2.06 0.66 0.21 2553 2431 1.05 1.15
20171020 33130 33640 33000 33510 5216 17364845 1.92 0.62 0.72 3194 2022 1.58 1.21
20171019 33050 33500 31930 33270 11698 38369990 4.75 1.60 0.67 5760 5938 0.97 2.70
20171018 33780 34250 33000 33050 7368 24836900 3.68 1.00 -2.68 4138 3230 1.28 1.70
20171017 33890 34470 33500 33960 5028 17118376 2.85 0.60 -0.32 2545 2483 1.03 2.74
20171016 35850 35850 34000 34070 8632 29954343 5.16 1.11 -4.97 5808 2825 2.06 4.70
20171013 35010 36050 34610 35850 9672 34447783 4.07 1.43 1.30 4953 4719 1.05 5.27
20171012 35430 35590 34800 35390 5846 20570567 2.23 0.88 -0.06 3199 2647 1.21 3.18
20171011 36060 36340 35220 35410 7517 26749878 3.10 1.20 -2.05 4979 2538 1.96 4.09
20171010 35000 36330 34690 36150 10155 36252534 4.69 1.64 3.37 4744 5411 0.88 5.53
20171009 34710 35250 34310 34970 5803 20148779 2.74 0.73 2.07 2584 3219 0.80 3.16
20170929 34030 34350 33810 34260 4420 15054740 1.58 0.39 0.44 2692 1728 1.56 2.41
20170928 34300 34680 34000 34110 5288 18098497 1.97 0.36 -1.22 2980 2308 1.29 2.88
20170927 33800 34690 33720 34530 5620 19340237 2.85 0.38 1.59 2572 3048 0.84 3.06
20170926 34880 35200 33500 33990 9832 33472452 4.83 0.69 -3.44 6138 3694 1.66 5.36
20170925 36550 36550 34880 35200 14571 52191706 4.54 1.20 -4.35 9628 4943 1.95 7.94
20170922 35800 37440 35320 36800 20921 76667828 5.85 2.41 1.52 10948 9973 1.10 11.39
20170921 35310 38800 35310 36250 21595 79924137 9.86 3.64 2.37 10506 11089 0.95 11.76
20170920 34800 35470 34520 35410 7958 27848909 2.72 1.21 1.40 3318 4639 0.72 4.33
20170919 34220 35080 33940 34920 6208 21608243 3.32 0.90 1.75 2526 3682 0.69 3.38
20170918 33920 34400 33600 34320 3807 12959134 2.35 0.51 0.85 1682 2125 0.79 2.07
20170915 34020 34530 33910 34030 3787 12954640 1.81 0.43 -0.70 2156 1631 1.32 2.06
20170914 35030 35220 34250 34270 7881 27302476 2.74 0.72 -3.03 4842 3038 1.59 4.29
20170913 34470 35500 32000 35340 11330 39228820 10.16 1.17 2.58 6240 5090 1.23 6.17
20170912 35900 36080 34380 34450 7657 26886549 4.74 0.79 -3.91 5332 2325 2.29 4.17
20170911 35940 35970 35400 35850 6682 23880150 1.59 0.67 0.14 3528 3154 1.12 3.64
20170908 35530 36660 35140 35800 10858 38746287 4.24 1.14 -0.06 6071 4787 1.27 5.91
20170907 34250 36660 34220 35820 18330 65487940 7.13 2.24 4.68 8721 9608 0.91 9.98
20170906 34020 34360 33770 34220 4845 16496421 1.72 0.52 -0.15 2820 2025 1.39 2.64
20170905 34450 34650 33810 34270 7451 25469995 2.42 0.67 -1.07 4620 2831 1.63 4.06
20170904 34760 34980 34180 34640 8149 28247450 2.30 0.69 -0.32 4428 3720 1.19 4.44
20170901 34700 35000 34080 34750 8980 30968361 2.65 0.75 0.14 4959 4021 1.23 4.89
20170831 33590 35160 33500 34700 11446 39297627 4.97 1.04 3.83 4955 6491 0.76 6.23
20170830 33300 33850 33190 33420 10760 36001470 1.97 1.11 -0.42 6153 4607 1.34 5.86
20170829 33200 34360 32580 33560 15986 53475194 5.33 2.18 0.51 8476 7510 1.13 8.71
20170828 32280 33680 32130 33390 12003 39555393 4.79 1.94 3.18 4833 7170 0.67 6.54
20170825 31360 32480 31070 32360 9830 31478702 4.45 1.89 2.21 3963 5867 0.68 5.35
20170824 31440 31970 31080 31660 6465 20417924 2.83 1.22 0.70 3396 3070 1.11 3.52
20170823 31400 31750 31030 31440 4037 12667647 2.29 0.66 0.16 2202 1835 1.20 2.20
20170822 32030 32170 31300 31390 4398 13944124 2.73 0.71 -1.66 2698 1700 1.59 2.40
20170821 31180 31950 31010 31920 6219 19614504 3.02 1.08 2.64 3139 3080 1.02 3.39
20170818 31640 31640 31040 31100 4841 15127770 1.89 0.90 -1.89 2959 1883 1.57 2.64
20170817 31350 31700 31050 31700 6980 21952898 2.07 1.48 0.99 3340 3640 0.92 3.80
20170816 30950 31690 30610 31390 7943 24915481 3.51 2.11 1.88 3318 4624 0.72 4.33
20170815 31010 31300 30600 30810 5148 15937393 2.28 1.38 0.42 2752 2396 1.15 2.80
20170814 29750 30880 29750 30680 3832 11720371 3.78 1.01 2.71 1461 2371 0.62 2.09
20170811 29160 30160 29160 29870 3117 9307974 3.33 0.76 -0.67 1681 1437 1.17 1.70
20170810 30780 30960 29810 30070 3506 10648267 3.72 0.73 -2.72 2165 1341 1.61 1.91
20170809 31000 31300 30700 30910 3190 9886532 1.93 0.66 -0.67 1730 1461 1.18 1.74
20170808 31350 31350 30360 31120 4943 15213638 3.20 1.09 0.71 2309 2634 0.88 2.69
20170807 30180 30960 30170 30900 4261 13026810 2.62 0.98 2.39 1817 2445 0.74 2.32
20170804 30760 30890 30080 30180 4693 14223849 2.63 1.01 -1.89 3009 1684 1.79 2.56
20170803 29880 31240 29730 30760 7046 21647462 5.04 1.42 2.74 2709 4337 0.62 3.84
20170802 30490 30650 29820 29940 3313 10021029 2.72 0.68 -1.90 2164 1149 1.88 1.80
20170801 30580 30710 30140 30520 3447 10470649 1.88 0.69 0.66 1998 1449 1.38 1.88
20170731 30330 30790 30050 30320 3352 10168452 2.44 0.61 0.07 1693 1659 1.02 1.83
20170728 31050 31300 30200 30300 6072 18642945 3.51 1.15 -3.19 4370 1702 2.57 3.31
20170727 29600 31370 29600 31300 8558 26341468 5.90 1.86 4.37 3767 4791 0.79 4.66
20170726 30140 30500 29720 29990 3080 9241540 2.59 0.63 -0.46 1548 1532 1.01 1.68
20170725 30000 30360 29790 30130 4088 12298996 1.90 0.70 0.43 2381 1707 1.39 2.23
20170724 29520 30050 29030 30000 5533 16358432 3.45 0.89 1.42 2755 2778 0.99 3.01
20170721 30340 30750 29030 29580 5060 15243574 5.63 0.82 -3.21 3077 1983 1.55 2.76
20170720 30500 31460 30300 30560 5305 16399831 3.79 0.95 -0.03 2539 2767 0.92 2.89
20170719 30450 30700 29900 30570 4602 13936861 2.62 0.82 0.23 2792 1810 1.54 2.51
20170718 30850 31280 29800 30500 8830 26891884 4.73 1.83 -2.49 4313 4517 0.95 4.81
20170717 34510 34510 31280 31280 7295 23402623 9.29 1.49 -10.01 3248 4048 0.80 3.97
20170714 35660 36330 34650 34760 4743 16632356 4.70 0.83 -2.77 2646 2097 1.26 2.58
20170713 36330 36330 35600 35750 2459 8803333 2.01 0.38 -1.60 1719 740 2.32 1.34
20170712 36200 36470 35000 36330 4623 16552184 4.06 0.68 0.36 2347 2276 1.03 2.52
20170711 36990 37320 36080 36200 4941 18111563 3.33 0.74 -2.82 3164 1777 1.78 2.69
20170710 38610 38610 37210 37250 7767 29335803 3.61 1.12 -3.99 5266 2501 2.11 4.23
20170707 38200 39120 37870 38800 8624 33349239 3.28 1.37 1.86 3151 5473 0.58 4.70
20170706 38150 38330 37560 38090 6130 23287847 2.02 1.05 0.00 3354 2776 1.21 3.34
20170705 37680 38190 37670 38090 6395 24299840 1.38 1.22 0.74 3081 3314 0.93 3.48
20170704 38000 38240 37610 37810 4409 16707962 1.66 0.87 -0.60 2622 1787 1.47 2.40
20170703 37500 38490 37000 38040 9186 34864501 3.99 2.06 1.93 3564 5623 0.63 5.00
20170630 36750 37380 36500 37320 5463 20266641 2.40 1.23 1.69 2095 3368 0.62 2.98
20170629 36270 37130 36230 36700 3703 13626435 2.48 0.75 1.19 1713 1990 0.86 2.02
20170628 36300 37100 36000 36270 3381 12277784 3.00 0.60 -1.04 2354 1028 2.29 1.84
20170627 36950 37400 36620 36650 3713 13746348 2.11 0.55 -0.92 2004 1709 1.17 2.02
20170626 36350 37400 36110 37050 6034 22154484 3.55 0.90 2.01 2073 3961 0.52 3.29
20170623 36780 36800 35580 36320 5430 19620164 3.38 0.76 0.67 2806 2624 1.07 2.96
20170622 37500 38130 36000 36080 6089 22674541 5.66 0.70 -4.14 3832 2258 1.70 3.32
20170621 38020 38400 37410 37640 6965 26339129 2.59 0.77 -1.47 4233 2732 1.55 3.79
20170620 38380 39490 38130 38200 9263 35832177 3.57 1.09 0.16 4490 4773 0.94 5.05
20170619 38310 38360 37520 38140 5726 21732069 2.21 0.69 0.13 2828 2898 0.98 3.12
20170616 38450 38860 37880 38090 7662 29269164 2.53 0.99 -1.65 4769 2893 1.65 4.17
20170615 37200 38880 37200 38730 14002 53786474 4.47 2.36 3.12 5090 8912 0.57 7.63
20170614 37280 37890 37020 37560 8381 31413425 2.34 1.45 1.10 3798 4583 0.83 4.56
20170613 35660 37160 35560 37150 6580 24114754 4.50 1.27 4.47 2051 4529 0.45 3.58
20170612 36930 37290 35420 35560 4666 16891799 5.03 0.87 -4.41 2860 1806 1.58 2.54
20170609 37310 37360 36560 37200 5035 18623758 2.15 0.88 -0.03 2547 2488 1.02 2.74
20170608 37350 37940 37020 37210 5019 18772829 2.44 0.87 -1.12 3019 2000 1.51 2.73
20170607 36340 37750 36300 37630 7570 28185246 4.00 1.33 3.69 2769 4801 0.58 4.12
20170606 36300 36450 35800 36290 3550 12855939 1.80 0.57 0.28 1872 1678 1.12 1.93
20170605 36030 36720 35800 36190 5578 20208964 2.58 0.90 1.51 2418 3160 0.77 3.04
20170602 34500 36100 33810 35650 6822 23924590 6.61 1.14 2.89 2864 3958 0.72 3.72
20170601 36530 36870 34500 34650 5332 19017562 6.42 0.80 -6.10 3138 2194 1.43 2.90
20170531 38460 38700 36900 36900 7117 27005588 4.84 1.02 -0.75 4068 3049 1.33 3.88
20170526 36610 37500 36550 37180 6155 22805508 2.58 0.87 0.90 2544 3611 0.70 3.35
20170525 36700 37080 35600 36850 5735 20871792 4.02 0.77 -0.03 3016 2719 1.11 3.12
20170524 37120 37170 36000 36860 5483 20131723 3.21 0.74 1.18 2162 3321 0.65 2.99
20170523 38450 39200 36260 36430 8982 33673193 7.56 1.25 -6.30 4332 4650 0.93 4.89
20170522 42450 42450 38810 38880 8641 35022497 8.64 1.43 -7.74 5258 3384 1.55 4.71
20170519 42740 43960 42030 42140 6374 27379876 4.52 1.14 -1.40 3130 3244 0.96 3.47
20170518 42240 43730 42050 42740 7943 34253408 3.95 1.49 0.45 3337 4606 0.72 4.33
20170517 42300 42880 42090 42550 5328 22698848 1.87 1.02 0.59 2646 2682 0.99 2.90
20170516 41220 42490 40240 42300 7637 31574274 5.41 1.73 1.68 3300 4337 0.76 4.16
20170515 42210 42400 41500 41600 2964 12451657 2.15 0.62 -0.72 1747 1217 1.43 1.61
20170512 42550 42550 41600 41900 4089 17153336 2.23 0.86 -1.53 2361 1728 1.37 2.23
20170511 43800 43800 41090 42550 6598 27713263 6.34 1.44 -0.49 2833 3764 0.75 3.59
20170510 43340 44240 42590 42760 4918 21480088 3.78 1.13 -1.93 2573 2344 1.10 2.68
20170509 43020 43840 42970 43600 3491 15154044 2.02 0.81 1.11 1628 1863 0.87 1.90
20170508 44080 44590 43110 43120 4786 21045610 3.31 1.12 -3.51 3033 1753 1.73 2.61
20170505 45500 45780 44400 44690 4040 18235231 3.03 0.69 -1.72 2431 1609 1.51 2.20
20170504 45230 47990 44000 45470 5751 26500927 8.76 0.99 -0.15 2756 2995 0.92 3.13
20170503 45590 45890 45000 45540 3749 17024005 1.95 0.59 -0.24 2047 1702 1.20 2.04
20170502 46340 46460 45500 45650 3270 14960165 2.08 0.50 -1.25 1877 1393 1.35 1.78
20170428 46080 46890 46050 46230 4553 21114532 1.80 0.73 -0.69 2728 1825 1.49 2.48
20170427 45010 46590 43660 46550 11786 53735396 6.48 2.42 2.99 6042 5744 1.05 6.42
20170426 44280 46500 43880 45200 5666 25588128 5.92 1.16 2.08 2248 3418 0.66 3.09
20170425 43200 46000 43070 44280 6512 28809159 6.77 1.43 2.31 2774 3737 0.74 3.55
20170424 45200 45200 43070 43280 4247 18550688 4.77 0.76 -3.05 2640 1606 1.64 2.31
20170421 45000 45230 44500 44640 2795 12568738 1.63 0.47 -0.16 1424 1371 1.04 1.52
20170420 45170 45650 44000 44710 5167 23223827 3.63 0.91 -1.52 3004 2163 1.39 2.81
20170419 44050 45500 43970 45400 5760 25843420 3.43 1.01 1.89 2326 3434 0.68 3.14
20170418 44830 45370 44330 44560 4775 21429378 2.32 0.68 -0.71 2681 2094 1.28 2.60
20170417 47500 47500 44000 44880 9625 43481472 7.28 1.12 -6.66 5799 3826 1.52 5.24
20170414 48990 49400 48000 48080 4521 21843391 2.87 0.47 -1.48 2779 1742 1.60 2.46
20170413 48350 49660 48350 48800 3621 17825964 2.69 0.34 0.12 1407 2214 0.64 1.97
20170412 50100 50100 48600 48740 5850 28809090 2.98 0.52 -3.24 3635 2215 1.64 3.19
20170411 48330 50500 48330 50370 11470 56667589 4.49 1.07 4.11 4957 6513 0.76 6.25
20170410 54000 54000 48270 48380 17432 87907740 10.68 1.72 -9.79 10664 6768 1.58 9.49
20170407 55000 55000 53120 53630 9289 50512274 3.42 0.80 -2.47 6435 2854 2.25 5.06
20170406 54650 55410 54030 54990 9189 50352124 2.50 0.73 -0.29 4150 5039 0.82 5.00
20170405 54280 55300 53810 55150 8877 48664526 2.74 0.62 1.47 3719 5158 0.72 4.84
20170331 54500 55700 53500 54350 8938 48798002 4.04 0.50 -0.28 5006 3931 1.27 4.87
20170330 57160 57500 54500 54500 14425 80263042 5.17 0.70 -6.03 8488 5936 1.43 7.86
20170329 62340 62340 58000 58000 16438 98592040 7.03 0.80 -6.03 10478 5961 1.76 8.95
20170328 64080 64080 61700 61720 14211 89358648 3.71 0.71 -3.83 9343 4868 1.92 7.74
20170327 65300 65480 63600 64180 17620 113195983 2.89 0.95 -1.44 10630 6990 1.52 9.60
20170324 63360 65150 62870 65120 27273 174750953 3.60 1.57 2.76 12413 14861 0.84 14.85
20170323 63240 64370 61360 63370 27663 174699039 4.77 1.69 0.44 13962 13701 1.02 15.07
20170322 62300 63090 61000 63090 16299 101180097 3.36 1.02 1.43 7971 8328 0.96 8.88
20170321 61630 62310 61010 62200 11200 68993494 2.12 0.62 1.44 10982 219 50.26 6.10
20170320 59800 61320 59800 61320 10256 62317030 2.52 0.48 1.52 5078 5178 0.98 5.59
20170317 63000 63180 60200 60400 21548 132931116 4.73 1.01 -4.22 14063 7485 1.88 11.74
20170316 61800 63490 61360 63060 22311 140191961 3.44 1.16 1.91 10596 11715 0.90 12.15
20170315 61900 62350 60870 61880 14857 91586325 2.38 0.81 -0.31 8142 6714 1.21 8.09
20170314 62720 62720 60960 62070 21249 131508738 2.81 1.30 -1.00 12144 9105 1.33 11.57
20170313 60190 63420 59160 62700 26006 159781447 7.02 1.94 3.28 12396 13610 0.91 14.16
20170310 59600 61620 59190 60710 22598 137274768 4.07 2.21 1.57 10849 11749 0.92 12.31
20170309 58860 59770 57550 59770 11684 68602128 3.77 1.23 1.60 5526 6159 0.90 6.36
20170308 59490 60000 58720 58830 9818 58287845 2.15 1.01 -1.14 5573 4245 1.31 5.35
20170307 59300 59940 59140 59510 11834 70421853 1.35 1.32 0.66 5942 5892 1.01 6.45
20170306 57960 59500 57800 59120 11076 65146752 2.94 1.22 2.30 4694 6382 0.74 6.03
20170303 57370 58160 57200 57790 6603 38063669 1.66 0.63 0.05 3481 3122 1.12 3.60
20170302 58150 58570 57430 57760 8320 48222221 1.96 0.69 -0.70 4880 3439 1.42 4.53
20170301 57940 58940 57580 58170 10925 63836556 2.35 0.78 0.45 5920 5005 1.18 5.95
20170228 58090 58200 57410 57910 7880 45512166 1.36 0.43 0.05 4583 3297 1.39 4.29
20170227 58990 58990 57870 57880 11483 66971954 1.90 0.51 -1.83 7669 3813 2.01 6.25
20170224 58500 59550 58060 58960 13798 81249964 2.54 0.55 0.46 7018 6780 1.04 7.52
20170223 57970 58860 57370 58690 16161 93983613 2.56 0.66 0.96 7901 8260 0.96 8.80
20170222 59450 60000 57960 58130 20297 118984825 3.40 0.87 -3.12 13115 7182 1.83 11.06
20170221 59800 62730 59200 60000 30364 184468231 5.91 1.57 0.42 14429 15935 0.91 16.54
20170220 58200 60350 56130 59750 32786 190615145 7.24 - 2.58 14476 18310 0.79 17.86
20170217 56250 58670 56250 58250 26738 153869437 4.27 2.20 2.68 12378 14360 0.86 14.56
20170216 56110 56980 55200 56730 12257 68715986 3.15 0.99 0.39 5782 6476 0.89 6.68
20170215 56100 57500 56100 56510 15128 85938898 2.48 1.30 0.21 6719 8409 0.80 8.24
20170214 56600 56900 55810 56390 9670 54351185 1.92 0.86 -0.46 5468 4202 1.30 5.27
20170213 54350 56990 54340 56650 12598 70599829 4.83 1.21 3.24 5332 7266 0.73 6.86
20170210 56020 56020 54650 54870 11026 60844596 2.44 1.20 -2.35 7168 3858 1.86 6.01
20170209 56080 57420 55890 56190 13357 75489421 2.74 1.73 0.45 7310 6047 1.21 7.27
20170208 54520 56180 53850 55940 11724 64859618 4.27 1.76 2.45 5432 6292 0.86 6.39
20170207 55200 55600 54170 54600 7495 41046181 2.58 1.08 -1.43 4540 2955 1.54 4.08
20170206 53520 55600 53520 55390 8344 45842873 3.88 1.02 3.36 3559 4785 0.74 4.54
20170203 54300 54680 53030 53590 5090 27296757 3.03 0.47 -1.62 2996 2094 1.43 2.77
20170126 54460 55200 54040 54470 6045 32971868 2.15 0.51 0.80 3233 2812 1.15 3.29
20170125 52960 54470 52810 54040 6343 34210532 3.11 0.50 1.37 2837 3506 0.81 3.45
20170124 55100 55340 53020 53310 8814 47657274 4.18 0.63 -3.95 5768 3046 1.89 4.80
20170123 54350 55870 54300 55500 14663 80731897 2.82 1.04 -0.47 8510 6153 1.38 7.99
20170120 52680 57880 52030 55760 18714 103686321 11.10 1.46 5.85 7349 11365 0.65 10.19
20170119 51490 53960 50000 52680 11303 59514219 7.63 0.93 1.46 5811 5492 1.06 6.16
20170118 53990 53990 51810 51920 9930 52424700 4.00 0.85 -4.73 6014 3916 1.54 5.41
20170117 52610 55490 50520 54500 15376 81958416 9.43 1.62 3.42 7504 7872 0.95 8.37
20170116 57020 57700 52010 52700 15215 82901325 9.86 1.93 -8.67 8117 7098 1.14 8.29
20170113 61190 61490 57590 57700 12137 71721152 6.37 1.54 -5.81 7152 4985 1.43 6.61
20170112 60940 61900 60370 61260 7835 48075172 2.52 1.02 1.04 4194 3641 1.15 4.27
20170111 62540 62700 60000 60630 7659 47237967 4.32 0.99 -3.07 4701 2958 1.59 4.17
20170110 62990 63340 62480 62550 4499 28305584 1.37 0.53 -0.27 2659 1840 1.45 2.45
20170109 63100 64450 62030 62720 7382 46373033 3.80 0.91 -1.63 4215 3167 1.33 4.02
20170106 66470 67950 63550 63760 11969 78256280 6.54 1.78 -5.23 7751 4218 1.84 6.52
20170105 68340 68670 67250 67280 7020 47687367 2.07 1.11 -1.85 4506 2514 1.79 3.82
20170104 68310 68770 67830 68550 7877 53883628 1.38 1.35 0.38 3861 4016 0.96 4.29
20170103 66720 68450 66720 68290 8533 57837661 2.60 1.40 2.65 4131 4403 0.94 4.65
20161230 66880 67870 65660 66530 5220 34983214 3.28 0.71 -1.29 3309 1911 1.73 2.84
20161229 67390 68800 67390 67400 4924 33402114 2.08 0.60 -0.44 2781 2143 1.30 2.68
20161228 67900 68210 67400 67700 4966 33701305 1.20 0.51 0.13 2645 2322 1.14 2.71
20161227 68230 68500 67600 67610 5477 37260142 1.31 0.52 -1.28 3084 2392 1.29 2.98
20161226 67130 68490 65360 68490 9809 65364788 4.65 0.98 1.66 5007 4803 1.04 5.34
20161223 70180 70590 67370 67370 11386.04 78423627.070
20161222 70500 71100 69800 70500 9129.60 64396183.920
20161221 69990 72100 69610 71260 13299.40 94227718.730
20161220 69910 70950 69450 69790 8573.95 60125664.910
20161219 71920 72000 70200 70420 7495.48 53029624.850
20161216 70180 71790 70180 71430 10753.74 76533476.900
20161215 69360 71760 69030 70780 14424.29 102285527.880
20161214 70500 71280 68760 69470 12786.10 89451875.180
20161213 68980 71870 68600 70590 14697.95 103139747.250
20161212 78270 78270 70680 70680 23047.79 169803477.110
20161209 81090 81340 78340 78530 17451.11 138706697.070
20161208 82830 83600 81110 81180 13013.27 107350097.590
20161207 82700 83050 80540 82850 16005.53 130700152.820
20161206 82980 83800 82580 82690 8907.46 73988418.120
20161205 82610 85190 82600 82770 10800.46 90185198.560
20161202 87600 88840 84770 84870 16640.94 143846927.960
20161201 87640 88690 86600 88300 15787.91 138460539.190
20161130 86520 87840 86520 87640 11499.04 100567515.800
20161129 86910 88440 86910 87040 11988.46 104834256.650
20161128 90000 90000 87180 87380 14332.04 126677297.950
20161125 91380 91400 86660 90060 21780.75 193341873.520
20161124 91570 92830 90210 90590 15758.00 144214250.140
20161123 94050 94050 91500 91780 23359.91 216000098.640
20161122 91880 96100 91540 94180 36747.20 344930041.310
20161121 93910 93910 90200 91400 27614.25 252679974.310
20161118 93500 95340 93130 93970 23185.19 217949554.440
20161117 94500 96680 93800 94220 30477.31 290011502.520
20161116 96900 97820 95200 95200 36983.62 355945497.800
20161115 103500 103500 96000 96900 72419.41 716006825.110
20161114 109960 109960 104440 105800 118422.58 1268892264.170
20161111 99960 99960 99960 99960 1877.73 18769789.080
20161110 90870 90870 90870 90870 1294.67 11764666.290
20161109 82610 82610 82610 82610 1346.18 11120792.980
20161108 75100 75100 75100 75100 591.00 4438410.000
20161107 68270 68270 68270 68270 284.00 1938868.000
20161104 62060 62060 62060 62060 231.29 1435385.740
20161103 56420 56420 56420 56420 105.00 592410.000
20161102 51290 51290 51290 51290 149.00 764221.000
20161101 46630 46630 46630 46630 106.00 494278.000
20161031 42390 42390 42390 42390 114.38 484856.820
20161028 38540 38540 38540 38540 76.13 293405.020
20161027 35040 35040 35040 35040 61.00 213744.000
20161026 31850 31850 31850 31850 28.00 89180.000
20161025 28950 28950 28950 28950 24.01 69508.950
20161024 26320 26320 26320 26320 17.00 44744.000
20161021 23930 23930 23930 23930 10.01 23953.930
20161020 21750 21750 21750 21750 7.00 15225.000
20161019 19770 19770 19770 19770 6.00 11862.000
20161018 16480 17970 16480 17970 53.00 94496.000
