20180619 15050 15180 13910 13910 16773 24150406 8.22 1.30 -9.97 9328 7445 1.25 4.88
20180615 16560 16750 15100 15450 17857 28375490 9.96 1.41 -6.70 10785 7072 1.53 5.20
20180614 16750 16900 16550 16560 8213 13724827 2.08 0.48 -1.55 4272 3941 1.08 2.39
20180613 17060 17120 16710 16820 9399 15897404 2.39 0.52 -1.81 5627 3772 1.49 2.73
20180612 16850 17190 16490 17130 15845 26882035 4.15 0.87 1.60 7564 8281 0.91 4.61
20180611 17120 17220 16710 16860 13303 22567560 2.97 0.74 -1.98 8335 4968 1.68 3.87
20180608 17010 17420 17010 17200 16640 28529640 2.33 0.90 -2.44 10180 6460 1.58 4.84
20180607 18050 18500 17620 17630 29870 53971184 4.99 1.88 0.06 15295 14575 1.05 8.69
20180606 17410 17620 17280 17620 14579 25433775 1.96 0.76 1.32 6605 7975 0.83 4.24
20180605 17030 17460 16950 17390 17024 29259054 2.99 0.84 2.11 7108 9916 0.72 4.95
20180604 17420 17420 17010 17030 11611 19973297 2.40 0.46 -0.12 5974 5637 1.06 3.38
20180601 17500 17690 16620 17050 18891 32434369 6.10 0.66 -2.79 11907 6984 1.71 5.50
20180531 17150 17840 17150 17540 17386 30326219 4.02 0.49 2.15 8151 9235 0.88 5.06
20180530 18910 18910 17170 17170 31329 56009141 9.12 0.81 -10.01 19840 11489 1.73 9.12
20180529 19000 19300 18840 19080 21804 41628316 2.39 0.55 -0.83 11697 10108 1.16 6.34
20180528 19100 19490 18500 19240 36519 69527424 5.18 0.94 0.58 20521 15998 1.28 10.63
20180525 19200 19500 19010 19130 36196 69535371 2.53 0.88 -1.39 21976 14220 1.55 10.53
20180524 19090 19450 18570 19400 51662 98758441 4.64 1.51 2.21 23347 28315 0.82 15.03
20180523 18700 19460 18500 18980 47415 90230784 5.12 1.66 1.28 20956 26460 0.79 13.80
20180522 18820 18830 18410 18740 24668 45932631 2.23 0.90 -0.69 15212 9456 1.61 7.18
20180521 18600 19000 18300 18870 33757 62927102 3.73 1.36 0.48 18884 14873 1.27 9.82
20180518 18750 19500 18460 18780 49064 92870004 5.72 2.20 3.36 23198 25866 0.90 14.28
20180517 17970 18180 17820 18170 15805 28480860 2.01 0.56 1.40 7992 7813 1.02 4.60
20180516 18410 18480 17780 17920 19938 36143568 3.80 0.50 -2.61 13072 6866 1.90 5.80
20180515 18000 18500 18000 18400 18638 34009599 2.77 0.29 1.83 8530 10108 0.84 5.42
20180514 17830 18360 17800 18070 20676 37370715 3.14 0.32 1.29 11227 9449 1.19 6.02
20180511 18430 18680 17840 17840 36345 66338731 4.52 0.57 -4.03 24442 11904 2.05 10.58
20180510 18300 18700 18060 18590 46125 85127561 3.48 0.75 1.09 25068 21057 1.19 13.42
20180509 18500 19070 18300 18390 79585 147939169 3.98 1.60 -4.91 46961 32624 1.44 23.16
20180508 20290 20530 19110 19340 138591 277045376 7.61 5.37 3.64 77054 61537 1.25 40.33
20180507 17170 18700 17160 18700 25369 46628414 9.06 1.02 10.00 17955 7414 2.42 7.38
20180504 17810 17810 16960 17000 30368 52738386 4.76 1.24 -4.76 19177 11191 1.71 8.84
20180503 16200 17990 16200 17850 34673 60101204 10.84 1.61 8.12 14637 20035 0.73 10.09
20180502 17180 17450 16270 16510 20042 33573116 6.84 0.93 -4.23 12886 7156 1.80 5.83
20180427 17340 17580 17020 17240 18543 32071447 3.29 0.84 1.41 8790 9753 0.90 5.40
20180426 17460 17590 17000 17000 20378 35191536 3.37 0.94 -2.91 11005 9374 1.17 5.93
20180425 17210 17820 17210 17510 29165 51115716 3.58 1.40 2.70 13408 15757 0.85 8.49
20180424 16620 17170 16620 17050 19456 33062894 3.36 0.91 4.03 8583 10873 0.79 5.66
20180423 15850 16500 15850 16390 20203 32831591 4.12 0.94 3.87 8707 11496 0.76 5.88
20180420 16500 16880 15700 15780 21080 34308908 7.07 0.93 -5.51 12715 8365 1.52 6.13
20180419 17050 17460 16700 16700 18376 31467863 4.44 0.68 -2.51 11733 6643 1.77 5.35
20180418 17280 17330 16010 17130 25241 42192731 7.71 0.91 0.06 12419 12823 0.97 7.34
20180417 17330 18460 17120 17120 21588 38182285 7.73 0.71 -1.21 11612 9976 1.16 6.28
20180416 17660 17720 17070 17330 21395 37242159 3.65 0.63 -2.64 13153 8242 1.60 6.23
20180413 18220 18220 17730 17800 26983 48532700 2.71 0.79 -1.44 15070 11913 1.26 7.85
20180412 17610 18100 17450 18060 39880 71201414 3.70 1.17 2.73 16445 23435 0.70 11.60
20180411 17300 17890 17200 17580 28586 50149719 4.00 0.81 1.91 15026 13560 1.11 8.32
20180410 18080 18080 16860 17250 34432 59897131 6.94 0.95 -1.93 21798 12634 1.73 10.02
20180409 16890 17960 16680 17590 39192 67974250 7.57 1.08 4.08 16207 22986 0.71 11.40
20180404 17410 17580 16800 16900 28214 48237936 4.49 0.80 -2.65 18995 9219 2.06 8.21
20180403 16510 17680 16500 17360 40447 69111085 7.03 1.30 3.46 17824 22623 0.79 11.77
20180402 17100 17150 16620 16780 33607 56683768 3.13 1.20 -0.94 17609 15997 1.10 9.78
20180330 16240 17030 16020 16940 39254 65105452 6.17 1.55 3.55 17452 21802 0.80 11.57
20180329 16060 17150 15840 16360 40438 66743656 8.32 1.80 3.94 19342 21096 0.92 11.92
20180328 15000 15960 15000 15740 22709 35531234 6.21 0.94 1.81 10255 12455 0.82 6.70
20180327 15290 15710 15200 15460 19458 30055923 3.38 0.84 2.52 9373 10085 0.93 5.74
20180326 14550 15180 14010 15080 18219 26602327 7.67 0.80 -1.18 9198 9021 1.02 5.37
20180323 15990 16200 15260 15260 25731 40273980 5.54 1.26 -10.02 14652 11080 1.32 7.59
20180322 16690 17150 16610 16960 25903 43779997 3.24 1.26 1.86 12047 13857 0.87 7.64
20180321 16520 17160 16520 16650 31718 53507859 3.88 1.48 0.97 15792 15926 0.99 9.35
20180320 16300 16650 16020 16490 14407 23492458 3.82 0.60 0.06 8060 6347 1.27 4.25
20180319 16200 16690 16120 16480 15952 26306715 3.53 0.60 1.98 6855 9097 0.75 4.70
20180316 16140 16480 16130 16160 14046 22899036 2.16 0.46 -0.12 7081 6964 1.02 4.14
20180315 16500 16700 15900 16180 26682 43582963 4.66 0.82 -5.66 17537 9145 1.92 7.87
20180314 16820 17590 16570 17150 36395 62005609 5.98 1.26 0.47 19754 16641 1.19 10.73
20180313 17510 17780 17020 17070 26134 45250700 4.38 0.90 -1.61 15042 11092 1.36 7.70
20180312 17130 17390 16880 17350 30626 52631475 2.99 1.10 1.64 14621 16005 0.91 9.03
20180309 16770 17200 16600 17070 33861 57310386 3.58 1.24 1.97 15739 18122 0.87 9.98
20180308 16010 16780 16000 16740 36355 60131969 4.82 1.58 3.40 14052 22303 0.63 10.72
20180307 16300 16780 16050 16190 17749 29019405 4.45 0.81 -1.40 10130 7619 1.33 5.23
20180306 16050 16680 16000 16420 26557 43499185 4.21 1.27 1.67 13447 13110 1.03 7.83
20180305 15740 16490 15680 16150 24827 39755532 5.07 1.31 1.06 14108 10719 1.32 7.32
20180302 15680 16500 15480 15980 31470 50127889 6.55 2.13 2.57 15235 16235 0.94 9.28
20180301 15380 15670 15250 15580 14197 21993199 2.74 1.03 1.63 6319 7878 0.80 4.19
20180228 15380 15550 15260 15330 12281 18911060 1.84 0.97 -2.48 7828 4454 1.76 3.62
20180227 15230 16100 15230 15720 21731 33943890 5.68 1.98 2.54 10579 11152 0.95 6.41
20180226 14950 15460 14950 15330 14908 22715509 3.44 1.44 3.44 6882 8026 0.86 4.40
20180223 14620 14920 14520 14820 10676 15727896 2.74 0.95 1.37 4810 5866 0.82 3.15
20180222 14440 14800 14440 14620 9138 13340890 2.52 0.70 2.24 4734 4403 1.08 2.69
20180214 14320 14360 14100 14300 6719 9578123 1.83 0.44 0.56 3533 3186 1.11 1.98
20180213 14480 14870 14150 14220 13356 19331584 4.97 0.83 -1.80 7569 5788 1.31 3.94
20180212 14240 14580 14010 14480 11924 17187525 4.07 0.75 3.43 5131 6793 0.76 3.52
20180209 14100 14390 13610 14000 15118 21297459 5.32 0.92 -4.57 7957 7161 1.11 4.46
20180208 14260 15280 14120 14670 18011 26545457 8.12 0.96 2.66 8742 9269 0.94 5.31
20180207 14500 14690 13550 14290 17564 24976732 8.08 0.75 1.28 9561 8003 1.19 5.18
20180206 15400 15400 14110 14110 18280 26682172 8.23 0.79 -10.01 10562 7717 1.37 5.39
20180205 15800 16150 15590 15680 10257 16219180 3.52 0.39 -1.51 6046 4210 1.44 3.02
20180202 16240 16340 15570 15920 17993 28730314 4.69 0.64 -3.10 10281 7712 1.33 5.30
20180201 17900 18130 16400 16430 29598 50336975 9.61 0.92 -8.72 17137 12460 1.38 8.73
20180131 19700 20000 18000 18000 40958 75268742 10.00 0.95 -10.00 26865 14093 1.91 12.07
20180130 20070 20300 19820 20000 16730 33471466 2.37 0.35 -1.38 10418 6312 1.65 4.93
20180129 20150 20550 19850 20280 24738 49871456 3.47 0.48 0.50 13618 11120 1.22 7.29
20180126 20250 20630 20110 20180 28722 58399144 2.51 0.51 -2.51 15754 12968 1.21 8.47
20180125 20880 21450 20700 20700 48899 102816598 3.50 0.95 -3.50 30640 18259 1.68 14.42
20180124 22660 22680 20810 21450 96077 207464098 8.59 2.70 -1.52 52998 43079 1.23 28.32
20180123 19640 21780 19640 21780 41568 88794185 10.81 1.41 10.00 25220 16348 1.54 12.25
20180122 19850 20450 19100 19800 43332 86129340 6.82 1.70 0.00 22975 20358 1.13 12.77
20180119 19200 20200 19060 19800 50800 99883643 5.95 2.60 3.39 22059 28741 0.77 14.98
20180118 18500 19360 18410 19150 25396 48392853 5.09 1.18 2.68 10595 14802 0.72 7.49
20180117 18110 18940 18110 18650 16767 31106335 4.58 0.74 2.98 8201 8566 0.96 4.94
20180116 17900 18440 17900 18110 11239 20456471 2.99 0.46 0.11 5918 5321 1.11 3.31
20180115 19310 19340 18040 18090 23004 42711698 6.71 0.86 -6.56 14420 8584 1.68 6.78
20180112 19910 19920 19300 19360 21232 41501873 3.10 0.85 -3.10 14881 6351 2.34 6.26
20180111 19630 20210 17720 19980 35277 69813919 12.65 1.63 1.47 14096 21182 0.67 10.40
20180110 19800 19880 18980 19690 23118 45008042 4.54 1.02 -0.66 13916 9203 1.51 6.82
20180109 19980 20180 19720 19820 20642 41181984 2.29 0.88 -1.44 11682 8960 1.30 6.09
20180108 19600 20800 19460 20110 33632 67291394 6.81 1.38 2.24 17038 16594 1.03 9.92
20180105 19410 19910 19410 19670 12790 25194643 2.55 0.90 0.51 6293 6496 0.97 3.77
20180104 19840 19840 19500 19570 17715 34782193 1.71 0.57 -1.61 10772 6943 1.55 5.22
20180103 19730 19970 19440 19890 29007 57330054 2.68 0.83 0.56 15000 14007 1.07 8.55
20180102 19800 19840 19300 19780 23990 47012905 2.73 0.70 -0.15 13304 10686 1.25 7.07
20171229 20980 20980 19800 19810 38606 78130576 5.98 1.23 0.46 20610 17996 1.15 11.38
20171228 19450 20190 19450 19720 26934 53485597 3.76 0.86 0.20 13146 13787 0.95 7.94
20171227 19950 19950 19570 19680 35586 70307456 1.88 1.17 -2.57 21873 13712 1.60 10.49
20171226 18880 20320 18880 20200 49924 98527346 7.50 1.92 5.26 20987 28937 0.73 14.72
20171225 19200 19300 18620 19190 20595 39068192 3.61 0.69 1.97 9364 11231 0.83 6.07
20171222 18560 19330 18430 18820 24499 46352112 4.84 0.85 1.29 9646 14853 0.65 7.22
20171221 18310 18880 18060 18580 26125 48246789 4.33 0.91 -1.95 13137 12988 1.01 7.70
20171220 19400 19870 18920 18950 31147 60403289 4.91 1.14 -2.07 19130 12017 1.59 9.18
20171219 18980 19390 18900 19350 27856 53243614 2.54 1.08 0.42 15516 12339 1.26 8.21
20171218 18960 19690 18840 19270 39063 75802346 4.48 1.78 1.64 17352 21711 0.80 11.52
20171215 19450 19450 18860 18960 20311 38746377 3.07 0.86 -1.25 11512 8799 1.31 5.99
20171214 19000 19470 18630 19200 25167 47659231 4.41 1.08 0.84 13706 11461 1.20 7.42
20171213 18580 19380 18470 19040 24599 46540443 4.90 1.05 2.48 11455 13144 0.87 7.25
20171212 19110 19110 18410 18580 19323 36122556 3.65 0.75 -3.03 11533 7790 1.48 5.70
20171211 18970 19240 18770 19160 20433 38912392 2.47 0.69 0.84 10599 9834 1.08 6.02
20171208 18450 19210 18450 19000 28142 53173791 4.06 0.82 1.60 13344 14798 0.90 8.30
20171207 18480 18950 18060 18700 24173 44797774 4.83 0.67 1.52 11886 12287 0.97 7.13
20171206 17910 18600 17730 18420 25565 46311236 4.82 0.64 2.11 12510 13055 0.96 7.54
20171205 19280 19760 17870 18040 31019 58289483 9.84 0.70 -6.04 16768 14250 1.18 9.14
20171204 19930 19990 19130 19200 38993 76392397 4.19 0.93 -6.48 25286 13707 1.84 11.50
20171201 19500 21820 19400 20530 52373 107812046 12.20 1.34 3.48 21272 31101 0.68 15.44
20171130 19980 20150 19600 19840 31960 63527201 2.69 0.82 -2.84 19798 12162 1.63 9.42
20171129 21010 21180 20060 20420 44517 91278890 5.43 1.20 -0.92 25268 19250 1.31 13.12
20171128 19630 21380 19630 20610 53496 110312395 9.00 1.66 6.02 27607 25888 1.07 15.77
20171127 19990 20260 19300 19440 28376 56411848 4.90 0.87 -0.72 14265 14111 1.01 8.37
20171124 19050 20780 19000 19580 36414 72474028 9.18 1.04 0.93 17807 18608 0.96 10.74
20171123 20590 20590 19080 19400 31158 61889410 7.30 0.87 -6.23 19471 11687 1.67 9.19
20171122 20200 20820 19950 20690 35745 72879668 4.26 0.95 1.32 20189 15556 1.30 10.54
20171121 20160 20890 20000 20420 29073 59242912 4.30 0.71 -1.35 16570 12503 1.33 8.57
20171120 20190 21010 20150 20700 30769 63147835 4.29 0.58 3.19 14081 16688 0.84 9.07
20171117 21990 22080 19880 20060 47509 99140010 10.07 0.89 -8.19 24774 22734 1.09 14.01
20171116 22600 22880 21500 21850 35987 80503367 6.09 0.66 -3.53 20929 15058 1.39 10.61
20171115 23600 23640 22440 22650 45067 102881926 5.05 0.72 -4.59 26630 18437 1.44 13.29
20171114 23000 23890 22890 23740 45237 106514632 4.23 0.66 0.38 22723 22514 1.01 13.34
20171113 24980 25060 23630 23650 89375 214864078 5.45 1.40 -9.90 56529 32846 1.72 26.35
20171110 26870 27400 26090 26250 51937 137944445 4.95 0.73 -0.76 28482 23455 1.21 15.31
20171109 26200 26900 26070 26450 42629 112706442 3.09 0.47 -1.64 24907 17722 1.41 12.57
20171108 26200 27440 26200 26890 83795 225638093 4.65 0.94 0.86 41721 42074 0.99 24.70
20171107 26200 26660 25280 26660 74646 192616856 5.26 0.92 1.52 38694 35952 1.08 22.01
20171106 26870 27450 25900 26260 65612 174717540 5.85 0.84 -0.87 37755 27857 1.36 19.34
20171103 27550 27780 26300 26490 89497 242334638 5.37 1.28 -3.95 53181 36316 1.46 26.38
20171102 27500 28450 27270 27580 139603 387118784 4.43 2.69 3.65 64576 75027 0.86 41.16
20171101 24520 26610 24280 26610 74211 193253532 9.63 1.49 10.00 47442 26768 1.77 21.88
20171031 23810 24470 23550 24190 34707 83222472 3.83 0.68 0.71 18683 16024 1.17 10.23
20171030 24790 25880 23900 24020 51563 127274380 7.83 1.01 -5.06 29607 21956 1.35 15.20
20171027 25790 26300 25250 25300 48546 125717301 4.07 0.95 -1.90 25969 22578 1.15 14.31
20171026 25930 26300 25200 25790 50694 130418339 4.24 0.97 -0.58 28208 22487 1.25 14.95
20171025 25110 26300 24920 25940 62906 161774237 5.49 1.14 3.26 25497 37409 0.68 18.55
20171024 25900 25900 24810 25120 43238 108577786 4.21 0.71 -2.94 27237 16002 1.70 12.75
20171023 25340 26180 25280 25880 48658 125457165 3.56 0.71 2.33 22443 26215 0.86 14.35
20171020 25700 25760 24500 25290 50217 126376573 4.93 0.55 -0.98 28036 22181 1.26 14.80
20171019 25140 26160 24690 25540 57641 146515871 5.85 0.57 1.63 27052 30588 0.88 16.99
20171018 26640 27270 24420 25130 75624 195745565 10.68 0.67 -5.81 45452 30172 1.51 22.29
20171017 26130 27390 25510 26680 73837 196179736 6.91 0.55 -1.98 39619 34218 1.16 21.77
20171016 28000 28280 27220 27220 85801 235961055 3.51 0.61 -9.99 49862 35939 1.39 25.30
20171013 29460 31490 29000 30240 162967 499099440 8.70 1.20 5.62 79786 83180 0.96 48.04
20171012 28990 29490 28050 28630 106951 307905248 4.74 0.76 -5.67 56361 50590 1.11 31.53
20171011 32200 33450 30160 30350 135289 428543616 10.07 1.03 -7.13 80203 55086 1.46 39.88
20171010 31790 33890 30180 32680 179714 574026032 12.04 1.58 6.07 88653 91061 0.97 52.98
20171009 28500 30810 27780 30810 119668 351811216 10.82 1.10 10.00 51794 67874 0.76 35.28
20170929 31170 32400 27810 28010 139562 421134032 14.85 1.46 -9.35 77222 62340 1.24 41.14
20170928 31500 32990 30600 30900 133648 424791968 7.22 1.58 -6.62 73899 59749 1.24 39.40
20170927 47120 52940 46600 52940 81666 406168544 13.17 0.96 9.99 44282 37384 1.18 38.52
20170926 51000 54650 46230 48130 92847 472618352 16.46 1.07 -5.90 48760 44087 1.11 43.80
20170925 47490 53460 46850 51150 96982 499443280 13.60 1.09 5.25 52826 44156 1.20 45.75
20170922 50100 51550 47000 48600 72192 359739520 9.34 0.72 -0.23 38244 33948 1.13 34.05
20170921 48800 52200 47900 48710 79413 398323248 8.66 0.75 -1.91 38585 40828 0.95 37.46
20170920 48300 51300 46510 49660 84219 405215168 9.96 0.81 3.24 44814 39405 1.14 39.73
20170919 49000 50450 47580 48100 100066 487910128 5.43 0.97 -9.02 53906 46160 1.17 47.20
20170911 48200 52870 47010 52870 108030 536622064 12.19 1.06 10.01 52780 55250 0.96 50.96
20170908 42500 48060 42110 48060 129145 594836640 13.62 1.31 10.00 72801 56344 1.29 60.92
20170907 40440 44760 40380 43690 105125 452897600 10.76 1.14 7.37 55107 50017 1.10 49.59
20170906 39900 41380 39150 40690 74708 300895984 5.41 0.81 -1.21 40499 34209 1.18 35.24
20170905 40160 41800 39120 41190 96437 391222256 6.67 1.24 2.56 45588 50848 0.90 45.49
20170904 42020 43180 38970 40160 106413 433643840 9.72 1.80 -7.25 61680 44732 1.38 50.19
20170901 45800 45800 42500 43300 110320 484059792 7.59 2.61 -0.41 58247 52073 1.12 52.04
20170831 42300 43480 41800 43480 71227 306926848 4.25 2.37 9.99 54330 16897 3.22 33.60
20170830 37000 39530 36880 39530 78469 298348144 7.37 4.93 9.99 45805 32664 1.40 37.01
20170829 35940 35940 35940 35940 23775 85446092 0.00 1.87 10.01 23775 - - 11.21
20170828 32670 32670 32670 32670 12492 40810187 0.00 1.00 10.00 12487 5 2497.33 5.89
20170825 29700 29700 29700 29700 25153 74705241 0.00 2.75 10.00 23851 1302 18.32 11.86
20170824 27100 27490 26880 27000 10512 28485067 2.24 1.17 -0.70 5697 4815 1.18 4.96
20170823 26830 27560 26610 27190 7663 20763137 3.51 0.80 0.33 3870 3793 1.02 3.61
20170822 27480 27680 26800 27100 7822 21398373 3.19 0.79 -1.85 5104 2718 1.88 3.69
20170821 26660 27770 26610 27610 11044 30158684 4.36 1.23 3.72 4609 6435 0.72 5.21
20170818 26620 26920 26410 26620 8726 23304207 1.90 1.07 -0.67 4579 4147 1.10 4.12
20170817 26580 26950 26330 26800 9786 26111723 2.33 1.26 0.75 5016 4770 1.05 4.62
20170816 25990 26640 25750 26600 10436 27562777 3.42 1.58 2.31 4477 5959 0.75 4.92
20170815 25700 26180 25620 26000 9525 24710106 2.19 1.65 1.76 5061 4464 1.13 4.49
20170814 25380 25660 25260 25550 6414 16364817 1.58 1.16 1.19 2767 3647 0.76 3.03
20170811 25430 25520 25080 25250 4478 11321062 1.73 0.77 -0.98 2387 2091 1.14 2.11
20170810 26380 26390 25310 25500 7830 20222570 4.10 1.36 -3.12 4502 3328 1.35 3.69
20170809 26400 26450 26260 26320 4786 12609893 0.72 0.79 -0.42 2446 2340 1.04 2.26
20170808 26310 26610 26090 26430 5276 13903476 1.97 0.84 0.15 2590 2686 0.96 2.49
20170807 26120 26520 26120 26390 5188 13670789 1.53 0.70 0.65 2395 2793 0.86 2.45
20170804 26720 26780 26110 26220 6126 16129742 2.51 0.79 -1.65 3736 2390 1.56 2.89
20170803 26420 27050 26230 26660 7505 20036427 3.10 0.87 0.91 3415 4091 0.83 3.54
20170802 26870 26870 26360 26420 6135 16298091 1.90 0.71 -1.42 3701 2434 1.52 2.89
20170801 27050 27050 26630 26800 6361 17055407 1.55 0.76 -1.00 3323 3039 1.09 3.00
20170731 27480 27480 26800 27070 10861 29318457 2.51 1.25 0.04 5014 5847 0.86 5.12
20170728 27410 27550 26800 27060 8145 22101670 2.72 0.98 -1.96 4315 3830 1.13 3.84
20170727 26530 27800 26110 27600 11732 31820925 6.37 1.41 3.95 5646 6086 0.93 5.53
20170726 27410 27410 26510 26550 6059 16278774 3.29 0.71 -2.85 3420 2639 1.30 2.86
20170725 27310 27650 27190 27330 5292 14496471 1.65 0.56 -1.73 2877 2415 1.19 2.50
20170724 27000 27990 26060 27810 12114 32763195 6.97 1.12 0.40 5410 6704 0.81 5.71
20170721 27800 27930 27600 27700 6273 17425939 1.17 0.60 -1.42 3827 2446 1.56 2.96
20170720 27790 28400 27400 28100 11763 32905100 3.58 1.31 0.72 6447 5316 1.21 5.55
20170719 28010 28480 27110 27900 7284 20311130 4.84 0.83 -1.45 3607 3677 0.98 3.44
20170718 28300 28990 26700 28310 9886 27551839 7.98 1.18 -1.29 4933 4953 1.00 4.66
20170717 30480 30480 27800 28680 19038 54348224 8.68 2.67 -7.15 9902 9136 1.08 8.98
20170714 31240 31320 30500 30890 4747 14681808 2.65 0.51 -0.29 2740 2006 1.37 2.24
20170713 31450 31450 30690 30980 3820 11841471 2.41 0.36 -1.93 2509 1311 1.91 1.80
20170712 30930 31730 30440 31590 6552 20324775 4.15 0.57 1.71 3468 3084 1.12 3.09
20170711 31920 31990 31030 31060 7770 24388674 3.02 0.68 -2.33 4816 2955 1.63 3.67
20170710 32640 32640 31620 31800 12774 40972463 3.10 1.13 -3.34 8527 4247 2.01 6.03
20170707 32750 33480 32550 32900 15607 51620370 2.85 1.62 0.70 7735 7872 0.98 7.36
20170706 32830 32940 32020 32670 10005 32624303 2.81 1.15 -0.09 5735 4270 1.34 4.72
20170705 32420 33170 32250 32700 11560 37968177 2.84 1.48 0.77 6254 5306 1.18 5.45
20170704 32210 32550 32010 32450 7505 24261836 1.67 0.94 0.25 4003 3502 1.14 3.54
20170703 31950 32540 31810 32370 11877 38414829 2.30 1.70 1.79 5067 6811 0.74 5.60
20170630 31000 32160 30710 31800 7281 22935557 4.64 1.00 1.86 3142 4139 0.76 3.43
20170629 30920 31360 30920 31220 5285 16470974 1.42 0.66 0.97 3017 2268 1.33 2.49
20170628 31260 31350 30710 30990 7142 22173866 2.05 0.88 -0.86 4351 2790 1.56 3.37
20170627 31190 31500 30910 31260 8197 25599401 1.89 0.94 0.22 4269 3928 1.09 3.87
20170626 30740 31430 30740 31190 7084 22058684 2.23 0.73 0.94 3543 3542 1.00 3.34
20170623 30380 31280 30000 30900 8829 27016967 4.15 0.81 0.23 3884 4945 0.79 4.16
20170622 31900 32180 30660 30830 8858 27941034 4.76 0.73 -3.51 5511 3347 1.65 4.18
20170621 32200 32460 31730 31950 7722 24680937 2.27 0.62 -0.71 4648 3074 1.51 3.64
20170620 33000 33000 32030 32180 11333 36863362 2.97 0.90 -1.56 6003 5330 1.13 5.35
20170619 32500 32940 32290 32690 11561 37661725 1.99 0.86 0.00 6230 5331 1.17 5.45
20170616 32410 32800 31900 32690 15291 49412921 2.78 1.21 0.86 7484 7807 0.96 7.21
20170615 31640 33000 31500 32410 14890 48321790 4.74 1.18 2.43 6562 8328 0.79 7.02
20170614 31930 32330 31450 31640 8929 28319954 2.74 0.57 -1.34 4923 4006 1.23 4.21
20170613 31000 32200 30550 32070 12482 39697840 5.31 0.82 3.15 5214 7268 0.72 5.89
20170612 32000 32150 30990 31090 15257 48237564 3.57 1.01 -4.43 8087 7170 1.13 7.20
20170609 32100 32580 31720 32530 11724 37816492 2.67 0.74 0.81 6162 5562 1.11 5.53
20170608 32450 32990 32010 32270 14439 46925967 2.98 0.86 -1.77 8890 5549 1.60 6.81
20170607 31050 33140 30910 32850 23887 77287391 7.12 1.35 4.89 10235 13652 0.75 11.27
20170606 31000 31740 30520 31320 10513 32766336 3.92 0.53 0.74 5513 5000 1.10 4.96
20170605 31100 31980 30720 31090 14702 45888091 4.10 0.70 1.27 8716 5986 1.46 6.94
20170602 29350 31000 29030 30700 15659 47054505 6.62 0.73 3.19 7064 8595 0.82 7.39
20170601 31150 31350 29660 29750 19297 58971921 5.33 0.86 -6.15 12265 7033 1.74 9.10
20170531 33000 34260 31500 31700 28454 93765130 8.70 1.37 -0.06 16170 12284 1.32 13.42
20170526 30610 32200 30610 31720 21579 67758260 5.16 1.06 2.95 9677 11902 0.81 10.18
20170525 30810 31100 29690 30810 19882 60522193 4.58 0.98 0.13 10205 9676 1.05 9.38
20170524 30300 31060 29780 30770 17692 54130878 4.22 0.80 1.38 8834 8858 1.00 8.35
20170523 32360 32660 30000 30350 24449 76578510 8.21 1.15 -6.36 13364 11086 1.21 11.53
20170522 34750 34880 32100 32410 20618 69041323 7.94 0.99 -7.40 14350 6268 2.29 9.73
20170519 35850 35960 34510 35000 19506 68688322 4.05 0.88 -2.18 11582 7924 1.46 9.20
20170518 35850 36450 35530 35780 18881 67910692 2.54 0.84 -1.21 9877 9004 1.10 8.91
20170517 35920 36800 35800 36220 26640 96818908 2.77 1.21 0.17 12679 13961 0.91 12.57
20170516 35050 36360 34120 36160 20657 72962356 6.35 0.95 2.47 9394 11263 0.83 9.74
20170515 35730 36060 35200 35290 18278 65139548 2.41 0.84 -1.09 9804 8474 1.16 8.62
20170512 35000 36200 34550 35680 25802 91277975 4.70 1.15 1.62 13208 12595 1.05 12.17
20170511 34140 35200 33220 35110 21490 74066924 5.73 0.84 1.65 11304 10187 1.11 10.14
20170510 35680 36310 34310 34540 24087 85685449 5.60 0.81 -3.25 13995 10092 1.39 11.36
20170509 34620 35950 34610 35700 19544 69196189 3.84 0.56 2.32 9393 10152 0.93 9.22
20170508 35000 35950 34880 34890 18514 65601838 3.00 0.48 -2.13 10358 8156 1.27 8.73
20170505 36980 37270 35650 35650 28291 103593098 4.35 0.63 -4.19 15557 12734 1.22 13.34
20170504 38660 38660 37080 37210 37240 140590527 4.03 0.82 -5.08 22486 14754 1.52 17.57
20170503 38450 39390 37640 39200 45914 177018745 4.56 1.08 2.14 23305 22609 1.03 21.66
20170502 37600 39210 37600 38380 44870 172886597 4.25 1.09 1.27 22595 22275 1.01 21.16
20170428 37610 38390 37320 37900 38404 145457992 2.82 0.93 -0.08 20318 18086 1.12 18.12
20170427 35500 38850 35010 37930 58972 219016588 10.74 1.40 6.10 27910 31062 0.90 27.82
20170426 34800 35930 34440 35750 37826 134383005 4.25 0.76 2.08 17665 20161 0.88 17.84
20170425 34820 35770 34660 35020 32563 114669636 3.21 0.58 1.27 17072 15491 1.10 15.36
20170424 36000 36100 33330 34580 37898 132458691 7.55 0.57 -5.78 20992 16907 1.24 17.88
20170421 36300 37940 36000 36700 39188 144707157 5.26 0.66 -0.54 20411 18777 1.09 18.48
20170420 38600 39400 36360 36900 62660 237755762 7.70 1.34 -6.49 37462 25199 1.49 29.56
20170419 36800 39870 36210 39460 78109 297524656 9.78 2.50 5.40 36387 41722 0.87 36.84
20170418 37230 38880 36660 37440 63901 240533058 6.06 3.47 2.24 31696 32205 0.98 30.14
20170417 42000 42000 35500 36620 91215 347599904 17.00 487.07 -4.21 48237 42978 1.12 43.03
20170414 38230 38230 38230 38230 582 2224833 0.00 7.75 10.01 582 - - 0.27
20170413 34750 34750 34750 34750 249 865275 0.00 8.31 10.00 249 - - 0.12
20170412 31590 31590 31590 31590 52 165815 0.00 2.18 9.99 52 - - 0.02
20170411 28720 28720 28720 28720 29 83029 0.00 1.15 10.00 29 - - 0.01
20170410 26110 26110 26110 26110 24 62664 0.00 0.95 9.98 24 - - 0.01
20170407 23740 23740 23740 23740 21 49854 0.00 0.78 10.01 21 - - 0.01
20170406 21580 21580 21580 21580 23 50691 0.00 0.82 9.99 23 - - 0.01
20170405 19620 19620 19620 19620 23 45126 0.00 0.68 9.98 23 - - 0.01
20170331 16360 17840 16360 17840 34 60615 11.95 - 43.99 34 - - 0.02
