20180214 42600 42970 41600 41790 10639 44874694 3.21 0.53 -2.04 6165 4474 1.38 4.26
20180213 43800 43980 42610 42660 16048 69609533 3.19 0.73 -0.72 9155 6893 1.33 6.42
20180212 42300 43800 42300 42970 17673 76317943 3.59 0.80 2.75 8740 8933 0.98 7.07
20180209 41000 43090 40000 41820 23010 96134355 7.22 1.10 -2.22 11608 11401 1.02 9.20
20180208 41390 43770 41100 42770 20189 86370962 6.41 0.90 2.66 9974 10215 0.98 8.08
20180207 42990 43500 39480 41660 23917 99733390 9.69 1.01 0.46 12483 11435 1.09 9.57
20180206 45020 45200 41470 41470 25644 111509906 8.09 1.10 -10.00 14045 11599 1.21 10.26
20180205 46980 48300 46010 46080 17309 81124702 4.79 0.64 -3.54 8927 8382 1.07 6.92
20180202 48820 49260 47010 47770 17802 85730923 4.57 0.53 -2.97 9463 8338 1.13 7.12
20180201 52450 52450 48000 49230 27481 138400242 8.52 0.57 -5.73 15928 11553 1.38 10.99
20180131 55240 55410 52000 52220 30597 161220925 6.23 0.62 -4.62 18589 12008 1.55 12.24
20180130 56160 56450 54100 54750 23872 132317565 4.20 0.50 -2.14 13644 10228 1.33 9.55
20180129 55500 56500 54090 55950 35428 195738173 4.25 0.76 -1.41 19960 15468 1.29 14.17
20180126 56300 58550 56300 56750 51493 294095488 3.78 1.29 -4.65 27522 23972 1.15 20.60
20180125 61500 63970 59520 59520 97902 602362192 7.48 3.98 0.03 47425 50476 0.94 39.16
20180124 53550 59500 53530 59500 38899 226323324 11.04 1.70 10.00 27188 11712 2.32 15.56
20180123 53790 54800 53100 54090 17242 92969397 3.13 0.73 -0.46 9991 7251 1.38 6.90
20180122 54110 55510 52050 54340 26537 143234746 6.41 1.00 0.67 13348 13189 1.01 10.61
20180119 54030 55180 53420 53980 19382 104945787 3.26 0.67 -0.02 10318 9064 1.14 7.75
20180118 54480 54900 53210 53990 20867 112438121 3.07 0.62 -2.05 12115 8752 1.38 8.35
20180117 53550 56350 52710 55120 30564 167392172 6.81 0.90 3.14 13841 16723 0.83 12.23
20180116 52400 54500 52350 53440 20299 108770384 4.06 0.53 0.83 9927 10372 0.96 8.12
20180115 57930 58230 52300 53000 41683 227377406 10.22 1.07 -8.70 24049 17635 1.36 16.67
20180112 59150 59350 57800 58050 31457 183875387 2.59 0.74 -2.88 19695 11763 1.67 12.58
20180111 57500 60470 57300 59770 43850 260477144 5.46 1.12 2.93 18401 25449 0.72 17.54
20180110 58700 58900 57000 58070 32723 189660815 3.22 0.83 -1.66 18188 14535 1.25 13.09
20180109 59600 61930 59000 59050 42961 258606180 4.87 1.20 -1.94 24799 18163 1.37 17.18
20180108 58110 60220 57010 60220 44654 262625612 5.46 1.25 2.43 22249 22406 0.99 17.86
20180105 57490 61000 57320 58790 47480 282157648 6.42 2.72 2.56 22812 24668 0.92 18.99
20180104 57870 58490 57030 57320 28268 163041024 2.50 0.68 -1.97 16826 11442 1.47 11.31
20180103 58380 58600 56660 58470 33249 192033167 3.32 0.75 0.12 18248 15001 1.22 13.30
20180102 57990 58670 56000 58400 25827 149191644 4.64 0.56 1.44 12897 12930 1.00 10.33
20171229 60020 61350 56830 57570 43369 254309064 7.56 1.00 -3.66 23136 20233 1.14 17.35
20171228 61300 61600 58990 59760 46821 282680208 4.38 1.13 0.30 23509 23312 1.01 18.73
20171227 58320 61800 57690 59580 57453 343759056 6.94 1.64 0.64 27300 30153 0.91 22.98
20171226 57070 60000 57070 59200 49311 291166768 5.13 1.62 3.68 24655 24656 1.00 19.72
20171225 55250 57190 54010 57100 31851 176123136 5.62 0.95 0.88 17253 14598 1.18 12.74
20171222 56340 57680 55940 56600 30853 175225380 3.09 0.78 0.66 15341 15512 0.99 12.34
20171221 54810 57400 53330 56230 38229 213087830 7.36 1.00 1.70 18153 20076 0.90 15.29
20171220 55000 56220 54610 55290 24404 135561589 2.91 0.62 0.02 12659 11746 1.08 9.76
20171219 54110 56110 54110 55280 26913 148970969 3.66 0.63 1.15 14080 12834 1.10 10.77
20171218 58300 59100 54570 54650 48072 274100944 7.47 1.00 -9.86 28998 19074 1.52 19.23
20171215 60030 63200 59850 60630 59120 363544528 5.74 1.17 3.84 27263 31857 0.86 23.65
20171214 57250 58440 56500 58390 31930 183976417 3.35 0.64 0.90 16364 15566 1.05 12.77
20171213 57250 58650 57180 57870 29551 170937224 2.56 0.57 0.82 13807 15744 0.88 11.82
20171212 59000 59970 57220 57400 43877 255880271 4.58 0.87 -4.40 26874 17003 1.58 17.55
20171211 57880 61460 57600 60040 74880 448328528 6.55 1.79 1.81 38459 36420 1.06 29.95
20171208 53500 58970 53500 58970 73454 424461824 10.20 2.23 10.00 36914 36540 1.01 29.38
20171207 53970 54750 53010 53610 28927 155547166 3.18 0.89 -1.92 16084 12843 1.25 11.57
20171206 51830 54780 51500 54660 38966 206543471 6.37 1.18 6.12 18218 20748 0.88 15.59
20171205 52820 54340 50310 51510 34825 181244071 7.53 1.07 -3.72 18011 16815 1.07 13.93
20171204 57740 57850 53200 53500 33369 182495832 8.04 0.98 -7.52 19335 14033 1.38 13.35
20171201 57060 58320 55600 57850 28662 164873037 4.76 0.84 1.28 13698 14964 0.92 11.46
20171130 57610 58470 56520 57120 26140 150384321 3.39 0.72 -0.83 13574 12565 1.08 10.46
20171129 61000 61970 55120 57600 42592 246336015 11.21 1.13 -5.77 22016 20576 1.07 17.04
20171128 57770 61750 57770 61130 31624 190915046 6.62 0.81 1.65 16349 15275 1.07 12.65
20171127 67810 67820 60140 60140 41438 261386250 11.49 1.07 -10.00 23020 18418 1.25 16.58
20171124 70030 70030 66650 66820 29018 199441686 4.94 0.66 -2.38 15675 13343 1.17 11.61
20171123 71600 72650 68380 68450 37673 265612690 5.86 0.80 -6.04 22496 15177 1.48 15.07
20171122 70150 73870 69530 72850 48177 349320592 6.19 0.95 3.89 22675 25502 0.89 19.27
20171121 70990 72330 68170 70120 38557 271101120 5.76 0.61 -2.92 21476 17081 1.26 15.42
20171120 70020 72360 67500 72230 39396 277215248 6.94 0.52 3.16 18434 20962 0.88 15.76
20171117 73850 74660 69100 70020 54939 394357776 7.41 0.71 -6.73 30140 24799 1.22 21.98
20171116 75080 78750 75000 75070 55354 425440400 4.99 0.70 -0.01 28110 27244 1.03 22.14
20171115 77000 78390 72500 75080 66569 504237056 7.39 0.81 -5.84 36991 29578 1.25 26.63
20171114 87000 87460 79740 79740 99333 834609184 8.71 1.15 -10.00 55824 43509 1.28 39.73
20171113 80800 89050 79010 88600 103119 871399376 12.40 1.18 9.45 50292 52826 0.95 41.25
20171110 81860 83850 79520 80950 61492 502390160 5.37 0.69 0.31 30252 31240 0.97 24.60
20171109 82570 83950 80000 80700 64966 531801104 4.70 0.69 -3.92 38517 26449 1.46 25.99
20171108 85000 86890 82560 83990 84101 708733920 5.09 0.92 -1.32 47216 36885 1.28 33.64
20171107 80300 90000 79400 85110 117875 995147952 12.94 1.47 3.88 59784 58090 1.03 47.15
20171106 76200 81930 75150 81930 108188 858998128 9.10 1.48 10.00 45278 62910 0.72 43.28
20171103 72800 76300 72780 74480 68529 511127456 4.75 0.94 0.58 33556 34973 0.96 27.41
20171102 69200 78000 68880 74050 92289 677477664 12.76 1.28 3.57 40088 52201 0.77 36.92
20171101 71500 74700 71210 71500 72566 530444960 4.87 0.96 -0.24 34521 38046 0.91 29.03
20171031 69500 72390 67410 71670 59229 413643008 7.03 0.76 1.23 31596 27633 1.14 23.69
20171030 70030 75100 68900 70800 73465 523513568 8.91 1.04 1.77 34229 39236 0.87 29.39
20171027 72000 73120 69200 69570 68492 485137616 5.31 1.05 -5.73 38192 30300 1.26 27.40
20171026 77560 78200 73250 73800 86066 647592192 6.50 1.47 -3.05 46905 39160 1.20 34.43
20171025 68000 76120 67500 76120 91579 665027120 12.46 1.80 10.00 46148 45431 1.02 36.63
20171024 66850 71770 65530 69200 71380 493485472 9.27 1.60 2.78 33525 37855 0.89 28.55
20171023 67300 69410 66960 67330 37272 252975514 3.60 0.79 -1.20 20786 16486 1.26 14.91
20171020 67600 68500 66510 68150 38583 260963848 2.91 0.76 -0.19 19665 18918 1.04 15.43
20171019 67500 69200 65500 68280 53053 357682992 5.52 0.99 1.88 26289 26764 0.98 21.22
20171018 70050 71700 66500 67020 53942 372711280 7.41 0.84 -4.52 30544 23398 1.31 21.58
20171017 70110 72060 69200 70190 40018 283658032 4.08 0.49 0.24 20250 19768 1.02 16.01
20171016 73900 73900 69980 70020 50282 356785792 5.29 0.58 -5.54 28809 21473 1.34 20.11
20171013 72560 75250 70680 74130 55744 407720224 6.31 0.63 2.28 27781 27963 0.99 22.30
20171012 71000 72970 69880 72480 67578 483478960 4.17 0.73 -2.09 36372 31206 1.17 27.03
20171011 77890 78000 74030 74030 107238 805535760 4.83 1.17 -10.00 55114 52124 1.06 42.90
20171010 78980 84570 78500 82260 123827 1024597472 7.90 1.61 7.00 75306 48521 1.55 49.53
20171009 75500 79940 73020 76880 77796 600737360 9.23 0.97 2.58 36176 41620 0.87 31.12
20170929 74800 76800 72720 74950 67681 508893728 5.46 0.82 0.32 33820 33861 1.00 27.07
20170928 76510 79360 73800 74710 83511 639368224 7.18 1.01 -3.54 46139 37371 1.23 33.40
20170927 76650 79770 74520 77450 104192 800092688 6.41 1.31 -5.50 54311 49881 1.09 41.68
20170926 87600 88600 81960 81960 50880 423630512 7.29 0.57 -10.00 19394 31486 0.62 20.35
20170925 82500 91070 82500 91070 92857 821500112 10.35 0.99 10.00 43969 48888 0.90 37.14
20170922 88000 89790 82500 82790 79965 682857328 8.03 1.01 -8.82 45113 34852 1.29 31.99
20170921 91500 92990 85000 90800 86110 771437056 9.17 1.32 4.26 43059 43050 1.00 34.44
20170920 79500 87090 79500 87090 87170 733640768 9.59 1.49 10.00 45456 41714 1.09 34.87
20170905 69000 79170 69000 79170 97274 725967072 14.13 1.95 10.00 43061 54213 0.79 38.91
20170904 72000 76540 66810 71970 117900 863976000 13.98 3.27 3.43 71214 46686 1.53 47.16
20170901 69580 69580 69580 69580 6426 44709394 0.00 0.10 10.01 6426 - - 2.57
20170824 62080 63250 60500 63250 16563 103254848 4.78 0.23 10.00 7176 9387 0.76 6.63
20170823 55480 57500 54500 57500 54557 308492304 5.74 0.63 10.01 27017 27540 0.98 21.82
20170822 52270 52270 50730 52270 53828 280218848 3.24 0.53 10.00 38301 15526 2.47 21.53
20170821 43750 47520 43510 47520 48815 225531829 9.28 0.42 10.00 31572 17243 1.83 19.53
20170818 42110 43960 40900 43200 140713 600354448 7.66 1.15 8.11 72809 67904 1.07 56.29
20170817 36330 39960 36000 39960 69581 264768917 10.90 0.59 9.99 34719 34862 1.00 27.83
20170816 33030 36330 32160 36330 117548 402720048 12.62 1.22 9.99 61166 56382 1.08 47.02
20170815 29900 33030 29580 33030 131566 408734848 11.49 1.88 9.99 67772 63795 1.06 52.63
20170814 26880 30030 26500 30030 128222 370172672 12.93 2.90 10.00 69950 58272 1.20 51.29
20170811 27000 28800 25060 27300 167099 444919472 14.04 15.35 2.52 79459 87640 0.91 66.84
20170810 26620 26630 26010 26630 49648 131980396 2.56 50.66 10.00 25292 24356 1.04 19.86
20170809 24210 24210 24210 24210 3660 8860303 0.00 13.86 10.00 3294 366 9.00 1.46
20170808 22010 22010 22010 22010 551 1212376 0.00 3.34 10.00 496 55 9.00 0.22
20170807 20010 20010 20010 20010 278 556978 0.00 2.40 10.01 251 28 9.00 0.11
20170804 18190 18190 18190 18190 277 504626 0.00 3.47 9.98 250 28 9.00 0.11
20170803 16540 16540 16540 16540 134 221420 0.00 2.02 9.97 120 13 9.01 0.05
20170802 15040 15040 15040 15040 80 120124 0.00 1.29 10.02 72 8 9.01 0.03
20170801 13670 13670 13670 13670 54 74036 0.00 0.82 9.98 49 5 9.01 0.02
20170731 12430 12430 12430 12430 36 44176 0.00 0.37 10.00 32 4 9.01 0.01
20170728 9420 11300 9420 11300 96 108010 23.95 - 43.95 86 10 9.00 0.04
