20200203 65750 66400 65750 65750 7668 50450145 0.89 1.48 -9.99 4015 3653 1.10 1.11
20200123 74760 74760 70050 73050 7040 50827970 6.26 1.56 -2.86 5189 1851 2.80 1.02
20200122 75180 75800 73500 75200 4633 34585656 3.06 1.07 0.03 2353 2280 1.03 0.67
20200121 75310 76480 74500 75180 5587 42107000
20200120 75280 76200 74200 75130 4225 31613878 2.67 0.99 0.37 2192 2033 1.08 0.61
20200117 75500 77110 74810 74850 4389 33218379 3.05 1.06 -0.86 2855 1534 1.86 0.64
20200116 74900 75800 74000 75500 3787 28487508 2.41 0.87 1.10 1310 2478 0.53 0.55
20200115 74310 75000 73500 74680 3618 26866772 2.01 0.84 0.03 1687 1931 0.87 0.52
20200114 76280 76480 74360 74660 4729 35492048 2.79 1.13 -1.89 3096 1633 1.90 0.68
20200113 76000 82000 75800 76100 4852 36984071 8.16 1.09 0.13 2351 2501 0.94 0.70
20200110 76010 76910 75030 76000 3698 28071671 2.47 0.81 -0.24 1816 1882 0.96 0.54
20200109 75570 76650 75400 76180 4956 37731252 1.66 1.05 1.40 1721 3234 0.53 0.72
20200108 76880 76880 74980 75130 3290 24839568 2.48 0.65 -2.00 2070 1220 1.70 0.48
20200107 76170 77350 76050 76660 4221 32303000
20200106 75150 77500 74240 76420 6192 47233104 4.25 1.18 -0.34 2922 3269 0.89 0.90
20200103 77650 77700 75530 76680 4095 31371700 2.83 0.75 0.09 2192 1903 1.15 0.59
20200102 74800 77490 74800 76610 5700 43557361 3.61 1.05 2.80 2759 2941 0.94 0.82
20191231 75300 75690 74260 74520 5229 39043320 1.88 0.94 -1.95 3538 1692 2.09 0.76
20191230 72800 76290 72270 76000 7477 56105294 5.52 1.45 4.40 2559 4918 0.52 1.08
20191227 73300 74800 72800 72800 3733 27401147 2.72 0.69 -0.93 2186 1547 1.41 0.54
20191226 72900 73940 72080 73480 5202 38140881 2.55 0.85 0.86 1823 3379 0.54 0.75
20191225 71780 73500 70580 72850 5405 39037331 4.06 0.74 1.24 2329 3076 0.76 0.78
20191224 70980 72200 70610 71960 6056 43419924 2.25 0.76 1.93 2401 3655 0.66 0.88
20191223 70810 71390 70050 70600 5455 38657507 1.89 0.70 -0.47 3031 2424 1.25 0.79
20191220 72170 72200 70500 70930 4895 34728981 2.35 0.65 -1.87 3465 1430 2.42 0.71
20191219 74650 74650 71480 72280 8681 62835511 4.24 1.42 -3.24 6064 2617 2.32 1.26
20191218 70930 75460 70700 74700 11210 82287000 6.71 2.61 5.24 5291 5919 0.89 1.62
20191217 68110 71260 67530 70980 9395 65412703 5.48 3.25 4.32 3967 5428 0.73 1.36
20191216 69940 69940 67800 68040 4788 32690315 3.08 1.66 -1.93 3417 1371 2.49 0.69
20191213 68690 69680 68630 69380 3297 22810240 1.53 1.25 1.09 1869 1428 1.31 0.48
20191212 69100 69820 68580 68630 1839 12725036 1.79 0.68 -1.14 1222 618 1.98 0.27
20191211 68910 69830 68420 69420 2184 15151015 2.05 0.78 0.73 1118 1066 1.05 0.32
20191210 69510 69910 68880 68920 2327 16104000
20191209 68690 70120 68270 69730 4804 33466721 2.71 1.78 2.05 2073 2731 0.76 0.70
20191206 67320 68780 67320 68330 2052 13994983 2.15 0.73 0.63 837 1215 0.69 0.30
20191205 68120 68120 67150 67900 2141 14490594 1.44 0.75 0.59 1010 1131 0.89 0.31
20191204 67790 67900 67100 67500 2678 18065086 1.18 0.97 -0.59 1407 1270 1.11 0.39
20191203 66970 68000 66690 67900 3689 24783514 1.93 1.44 0.27 2001 1688 1.19 0.53
20191202 67120 68390 66500 67720 2919 19741636 2.84 1.06 1.61 1361 1558 0.87 0.42
20191129 66660 67450 66000 66650 2575 17148023 2.18 0.87 0.00 1246 1329 0.94 0.37
20191128 67380 67850 66540 66650 2415 16218655 1.96 0.73 -0.36 1214 1201 1.01 0.35
20191127 66470 67440 66470 66890 2213 14828760 1.45 0.55 -0.16 1037 1176 0.88 0.32
20191126 67910 67990 66600 67000 2707 18162255 2.05 0.56 -1.35 1467 1240 1.18 0.39
20191125 68200 69490 66970 67920 3868 26262625 3.64 0.80 -1.82 2166 1702 1.27 0.56
20191122 70000 70100 68300 69180 3662 25335272 2.58 0.69 -0.83 1942 1720 1.13 0.53
20191121 69010 69950 68880 69760 4015 27940415 1.55 0.79 0.90 2042 1973 1.03 0.58
20191120 70540 71190 69050 69140 5767 40260902 3.00 1.23 -2.96 4050 1717 2.36 0.83
20191119 70800 71990 69650 71250 6830 48371578 3.28 1.66 0.01 3286 3544 0.93 0.99
20191118 70950 71580 69570 71240 3994 28216823 2.83 0.96 0.41 2252 1742 1.29 0.58
20191115 69790 71950 68740 70950 5784 40916831 4.57 1.45 1.04 2543 3241 0.78 0.84
20191114 70200 71280 69510 70220 3007 21118928 2.52 0.63 0.01 1930 1077 1.79 0.44
20191113 70830 71330 69180 70210 3876 27149910 3.02 0.73 -1.25 2365 1511 1.57 0.56
20191112 71500 72500 70800 71100 3922 27945116 2.36 0.73 -1.18 2251 1671 1.35 0.57
20191111 74360 74360 71120 71950 4133 29993371 4.33 0.75 -3.76 2589 1544 1.68 0.60
20191108 75530 75990 73630 74760 4979 37213060 3.14 0.90 -0.51 2629 2350 1.12 0.72
20191107 73400 75400 73400 75140 6788 50823951 2.71 1.14 1.82 2888 3899 0.74 0.98
20191106 73680 74520 73000 73800 6750 49803609 2.10 1.06 1.84 3660 3089 1.18 0.98
20191105 72570 73160 71240 72470 4341 31397949 2.67 0.63 0.72 2056 2285 0.90 0.63
20191104 72280 74350 70680 71950 4543 32826581 5.07 0.65 -0.55 2750 1792 1.53 0.66
20191101 71840 73470 70630 72350 5382 38877875 3.94 0.80 0.49 2572 2809 0.92 0.78
20191031 72880 74590 70680 72000 8699 62514777 5.33 1.54 -1.89 5494 3205 1.71 1.26
20191030 74450 74600 72500 73390 8876 65384617 2.83 1.94 -1.22 5353 3523 1.52 1.28
20191029 76520 76760 73150 74300 6700 49946131 4.73 1.62 -2.71 4386 2315 1.89 0.97
20191028 76630 77980 75010 76370 5255 40349801 3.89 1.32 0.07 3177 2078 1.53 0.76
20191025 77940 77940 75970 76320 4047 31017775 2.56 0.97 -0.92 2495 1552 1.61 0.59
20191024 78000 78490 76500 77030 3437 26630254 2.54 0.78 -1.87 1779 1658 1.07 0.50
20191023 78560 79380 78200 78500 3405 26748276 1.49 0.76 -1.13 2297 1108 2.07 0.49
20191022 77480 79970 76060 79400 4576 36061711 5.08 1.12 3.17 1233 3342 0.37 0.66
20191021 75870 77350 73000 76960 4480 33984189 5.73 1.16 1.44 2213 2267 0.98 0.65
20191018 75870 77390 74500 75870 4963 37636963 3.81 1.43 0.00 3038 1925 1.58 0.72
20191017 78000 78000 75180 75870 4525 34457055 3.62 1.38 -2.73 3014 1511 1.99 0.65
20191016 78690 78690 76710 78000 3744 29064622 2.54 1.11 0.13 2243 1500 1.50 0.54
20191015 79000 79980 77570 77900 2670 20877593 3.04 0.62 -1.60 1666 1004 1.66 0.39
20191014 77990 80500 77190 79170 3412 27089856 4.30 0.71 2.75 1251 2161 0.58 0.49
20191011 78770 79840 77000 77050 3031 23613633 3.61 0.56 -2.18 2015 1016 1.98 0.44
20191010 78090 79350 76540 78770 3493 27418318 3.62 0.62 1.38 1309 2184 0.60 0.51
20191009 77460 79400 76200 77700 4283 33118000
20191008 76000 78580 74110 77710 7235 55838356 5.78 1.51 0.54 3407 3827 0.89 1.05
20190930 78010 80520 76560 77290 5935 46229182 5.08 1.28 -0.92 2848 3087 0.92 0.86
20190927 80890 80890 77210 78010 5901 46296985 4.61 1.28 -2.23 3306 2595 1.27 0.85
20190926 81160 83240 79080 79790 4825 39024755 5.12 1.13 -1.80 2186 2639 0.83 0.70
20190925 82280 82940 81180 81250 2946 24212000
20190924 81850 84360 81850 82750 4343 36067671 3.02 1.03 -0.30 2376 1967 1.21 0.63
20190923 84530 85480 81430 83000 5225 43138956 4.79 1.24 -1.78 2350 2874 0.82 0.76
20190920 84950 85300 83920 84500 5626 47544972 1.63 1.52 -0.12 2074 3553 0.58 0.81
20190919 85100 85400 83500 84600 3213 27050262 2.26 0.82 0.81 1350 1863 0.72 0.46
20190918 85090 85480 82680 83920 3593 30148995 3.31 0.89 -0.67 1877 1715 1.09 0.52
20190917 85180 86480 83900 84490 3470 29506968 3.03 0.74 -0.89 1942 1528 1.27 0.50
20190916 87840 88070 84880 85250 5146 44230947 3.63 1.11 -2.90 3370 1776 1.90 0.74
20190912 88990 88990 87130 87800 3091 27070218 2.11 0.52 -0.53 1794 1297 1.38 0.45
20190911 88510 89550 86850 88270 4188 36980000
20190910 89200 89200 86760 88480 4390 38568974 2.76 0.80 -0.01 2041 2349 0.87 0.64
20190909 85520 88900 85520 88490 6640 58273396 3.97 1.34 4.00 2637 4003 0.66 0.97
20190906 84420 86020 84420 85090 4777 40721777 1.89 0.97 0.58 2633 2144 1.23 0.70
20190905 86860 89800 84300 84600 9569 82908352 6.35 2.56 -2.31 4628 4940 0.94 1.40
20190904 85890 86600 85060 86600 2494 21484667 1.80 0.57 1.23 1130 1364 0.83 0.37
20190903 84320 86460 84300 85550 4131 35398000
20190902 84490 85980 83350 84970 3749 31796000
20190830 86130 87800 83220 84880 4640 39756101 5.37 0.72 -0.40 2562 2078 1.23 0.68
20190829 86430 86530 84610 85220 3678 31510143 2.22 0.56 -1.41 1600 2077 0.77 0.54
20190828 86510 86560 84180 86440 5522 47088564 2.75 0.94 -0.14 2554 2968 0.86 0.81
20190827 89890 89890 86380 86560 7197 62795400 3.94 1.32 -2.74 5075 2122 2.39 1.06
20190826 88260 90960 86500 89000 9484 84088898 4.87 2.05 -2.77 4764 4720 1.01 1.39
20190823 87800 91650 87280 91540 6491 58273332 4.97 1.45 4.15 1609 4881 0.33 0.95
20190822 87180 88880 85790 87890 3943 34591346 3.57 0.90 1.54 2328 1614 1.44 0.58
20190821 87370 87500 86140 86560 2175 18860615 1.57 0.48 -0.12 1203 972 1.24 0.32
20190820 88800 90200 86150 86660 5267 46222174 4.56 1.39 -2.41 3179 2088 1.52 0.77
20190819 84890 89990 83900 88800 5273 46231174 7.17 1.72 4.48 2471 2802 0.88 0.77
20190816 81310 85000 81010 84990 5679 47514732 4.89 2.28 4.22 2975 2704 1.10 0.83
20190815 79500 82920 77790 81550 3415 27324399 6.49 1.48 3.18 1124 2291 0.49 0.50
20190814 78380 79680 77600 79040 3152 24876609 2.68 1.21 2.00 1306 1846 0.71 0.46
20190813 78050 78800 77330 77490 1375 10694965 1.88 0.46 -1.15 976 400 2.44 0.20
20190812 78000 79850 77510 78390 1706 13421000
20190809 78110 79890 77300 78270 2808 22047724 3.30 0.87 -0.31 1265 1543 0.82 0.41
20190808 78090 79570 78010 78510 2492 19606944 2.02 0.74 1.54 944 1549 0.61 0.37
20190807 77610 79500 76540 77320 4623 36133459 3.88 1.55 1.47 1828 2795 0.65 0.68
20190806 75800 77920 74500 76200 3163 24092112 4.43 1.09 -1.33 1533 1631 0.94 0.46
20190805 78510 80470 76830 77230 3054 23856906 4.54 1.07 -3.76 1856 1198 1.55 0.45
20190802 76880 80850 76880 80250 2837 22546447 4.98 0.95 0.68 1312 1525 0.86 0.42
20190801 78440 80960 78440 79710 3208 25601704 3.15 1.04 -0.36 1641 1568 1.05 0.47
20190731 79080 81300 79080 80000 2619 21065776 2.78 0.75 0.25 1163 1456 0.80 0.38
20190730 79080 80230 78700 79800 2766 22048925 1.93 0.69 0.90 1198 1568 0.76 0.41
20190729 77380 79270 77380 79090 2875 22543710 2.44 0.67 2.22 1447 1429 1.01 0.42
20190726 78600 78600 77270 77370 3502 27236824 1.68 0.84 -2.36 1771 1732 1.02 0.51
20190725 79490 79490 78260 79240 3621 28559471 1.55 0.89 -0.33 1952 1669 1.17 0.53
20190724 78620 79790 75860 79500 4801 37654936 4.99 1.04 0.97 2800 2002 1.40 0.70
20190723 78390 79370 75010 78740 5332 41058847 5.54 1.27 -0.03 2934 2398 1.22 0.78
20190722 76120 79460 76120 78760 4096 31820401 4.30 0.77 1.43 2128 1968 1.08 0.60
20190719 75990 78870 75990 77650 3062 23708312 3.74 0.59 0.84 1697 1365 1.24 0.45
20190718 78960 79490 76500 77000 3048 23550284 3.79 0.62 -2.48 1958 1090 1.80 0.45
20190717 77710 81480 76500 78960 7443 58659719 6.41 1.94 1.65 2676 4767 0.56 1.09
20190716 76920 78720 76360 77680 3280 25372483 3.04 0.93 -0.01 1854 1426 1.30 0.48
20190715 75170 80370 73100 77690 9829 76529230 9.94 4.20 6.24 3800 6029 0.63 1.44
20190712 71950 73790 71360 73130 2212 16084857 3.38 0.88 1.64 1036 1176 0.88 0.32
20190711 72240 74000 71350 71950 1839 13324584 3.67 0.72 -0.40 1142 697 1.64 0.27
20190710 73880 74600 72150 72240 1975 14422339 3.33 0.74 -1.85 1181 794 1.49 0.29
20190709 73930 74780 72590 73600 1770 13047946 2.98 0.54 0.14 915 855 1.07 0.26
20190708 77290 77290 73150 73500 3918 28952585 5.37 1.14 -4.66 2828 1091 2.59 0.57
20190705 75900 78210 74060 77090 3126 23856439 5.48 0.95 1.73 1683 1443 1.17 0.46
20190704 74660 75990 74660 75780 1931 14584352 1.76 0.50 0.56 1062 869 1.22 0.28
20190703 76680 76680 74610 75360 2669 20133674 2.70 0.60 -1.73 1526 1143 1.33 0.39
20190702 78010 78830 75680 76690 4772 36551539 4.08 1.20 -0.72 2922 1850 1.58 0.70
20190701 77400 77620 76010 77250 4704 36275948 2.13 1.31 2.16 2789 1915 1.46 0.69
20190628 73310 76000 73310 75620 2388 17873655 3.57 0.58 0.40 1345 1043 1.29 0.35
20190627 74420 75790 73550 75320 4833 36218637 3.03 1.16 1.83 1731 3102 0.56 0.71
20190626 72790 74790 71760 73970 5485 40093118 4.19 1.41 2.24 2550 2936 0.87 0.80
20190625 73590 74430 72030 72350 2403 17528613 3.26 0.53 -1.69 1432 971 1.47 0.35
20190624 75700 76000 73090 73590 2848 21043886 3.88 0.48 -1.87 1880 968 1.94 0.42
20190621 74500 75680 73800 74990 5087 38163616 2.60 0.78 3.58 1766 3321 0.53 0.75
20190620 71080 74260 71080 72400 5086 36928112 4.44 0.54 0.98 2374 2711 0.88 0.75
20190619 72520 74520 71220 71700 3967 28899855 4.58 0.39 -0.53 2134 1833 1.16 0.58
20190618 68600 72850 68600 72080 5609 40190267 6.10 0.52 3.44 2018 3591 0.56 0.82
20190617 69990 71680 68130 69680 9691 68190655 5.10 0.98 0.19 3560 6131 0.58 1.42
20190614 72890 73760 69460 69550 8261 59178921 5.74 0.88 -7.08 4656 3605 1.29 1.21
20190613 74990 75300 69180 74850 19850 142086359 8.17 3.25 -0.07 12081 7769 1.56 2.91
20190612 76870 77590 74100 74900 7098 53312494 4.53 1.25 -2.83 4088 3010 1.36 1.04
20190611 75600 77400 74850 77080 9326 71407033 3.37 2.01 1.85 4073 5253 0.78 1.37
20190610 75300 76010 74230 75680 4855 36519555 2.35 1.05 0.00 2159 2697 0.80 0.71
20190606 76490 76490 74520 75680 5596 42473531 2.58 1.19 -0.75 2598 2998 0.87 0.82
20190605 77680 78020 75510 76250 3616 27722029 3.22 0.79 -2.24 2150 1466 1.47 0.53
20190604 77910 79500 76280 78000 4999 39050171 4.13 1.14 0.12 2307 2692 0.86 0.73
20190603 81130 81140 77540 78510 4120 32515053 4.51 1.02 -1.62 2286 1834 1.25 0.60
20190531 78590 80300 78080 79800 4724 37584169 2.83 1.20 1.55 2962 1762 1.68 0.69
20190530 79400 80160 76830 78580 6078 47566537 4.14 1.80 -2.30 3122 2957 1.06 0.89
20190529 79730 81150 79210 80430 2979 23937000
20190528 80500 81490 78830 79800 3932 31328233 3.30 1.09 -0.88 2419 1513 1.60 0.58
20190527 78910 81970 77990 80510 2457 19714443 5.02 0.69 1.62 955 1503 0.64 0.36
20190524 79190 82180 76100 79230 4259 33452275 7.57 1.26 -1.39 2271 1988 1.14 0.62
20190523 81710 82920 79230 80350 3231 26181675 4.46 1.00 -2.83 1714 1517 1.13 0.47
20190522 83110 83540 81510 82690 3394 27998267 2.44 1.06 -0.73 2274 1120 2.03 0.50
20190521 81580 84090 80750 83300 4681 38740139 4.09 1.55 2.08 2570 2111 1.22 0.69
20190520 82990 82990 80130 81600 2209 18006322 3.45 0.70 -1.69 824 1385 0.60 0.32
20190517 84350 85400 80680 83000 3355 27762731 5.55 1.04 -2.39 2040 1315 1.55 0.49
20190516 87290 87290 84300 85030 2544 21678742 3.42 0.73 -2.60 1889 655 2.88 0.37
20190515 86150 88000 84000 87300 3270 28181711 4.70 0.81 2.52 1757 1513 1.16 0.48
20190514 82960 86000 82490 85150 3771 32045666 4.20 0.90 1.78 1735 2036 0.85 0.55
20190513 84970 86360 83010 83660 2922 24552383 3.86 0.48 -3.57 1876 1046 1.79 0.43
20190510 86770 87770 84450 86760 3550 30572411 3.92 0.57 2.31 1379 2171 0.64 0.52
20190509 86670 89940 83400 84800 3971 34328248 7.51 0.60 -2.64 1892 2079 0.91 0.58
20190508 83820 89860 83060 87100 6000 52394473 8.10 0.89 3.72 3290 2709 1.21 0.88
20190507 80990 85370 80990 83980 4624 38856809 5.42 0.70 3.94 1723 2901 0.59 0.68
20190506 85000 85990 78390 80800 12523 103466823 8.78 2.59 -6.63 6938 5585 1.24 1.84
20190430 88000 89520 85510 86540 4118 35939919 4.53 0.77 -2.21 2177 1941 1.12 0.60
20190429 88990 90880 86750 88500 5691 50384920 4.64 0.92 -0.56 3472 2219 1.56 0.83
20190426 90590 91460 87700 89000 6570 58370090 4.15 1.16 -1.73 2900 3669 0.79 0.96
20190425 95220 95220 90200 90570 4014 37149077 5.29 0.70 -4.54 2138 1876 1.14 0.59
20190424 95340 95970 92600 94880 3813 35928204 3.55 0.66 -0.12 2105 1708 1.23 0.56
20190423 87080 96220 87080 94990 6796 62864802 10.25 1.31 6.51 2806 3990 0.70 1.00
20190422 93700 93700 87060 89180 9702 86806955 6.97 2.09 -6.33 6936 2766 2.51 1.42
20190419 93220 95300 91150 95210 4036 37529317 4.50 0.83 3.23 1831 2205 0.83 0.59
20190418 92210 93900 91610 92230 4277 39623877 2.49 0.87 0.30 2549 1728 1.47 0.63
20190417 92990 94800 91440 91950 4248 39341004 3.60 0.79 -1.48 2571 1677 1.53 0.62
20190416 93210 94230 90320 93330 3752 34731404 4.19 0.62 0.09 1811 1941 0.93 0.55
20190415 93860 97500 90390 93250 6862 65307647 7.75 1.08 1.60 3308 3554 0.93 1.01
20190412 93940 94480 89920 91780 5066 46338175 4.88 0.85 -1.84 2851 2215 1.29 0.74
20190411 96700 97870 91270 93500 4575 42838710 6.84 0.77 -3.13 2743 1832 1.50 0.67
20190410 95740 98200 93680 96520 6771 65289815 4.73 1.07 0.94 3536 3236 1.09 0.99
20190409 96300 97000 94600 95620 6812 65227860 2.53 0.81 0.65 3830 2982 1.28 1.00
20190408 97530 99460 94060 95000 8418 81098842 5.54 1.03 -2.59 4874 3543 1.38 1.23
20190404 99610 99700 97300 97530 3204 31549643 2.43 0.38 -1.19 1548 1656 0.93 0.47
20190403 100000 100000 96250 98700 4426 43200541 3.75 0.53 -1.30 2635 1791 1.47 0.65
20190402 96210 100450 95800 100000 8852 87007738 4.78 1.20 2.82 3883 4969 0.78 1.30
20190401 89100 97260 89040 97260 17089 164132497 9.30 3.22 10.00 6417 10672 0.60 2.51
20190329 84890 88420 84040 88420 7140 62350658 5.19 1.48 4.76 2682 4458 0.60 1.05
20190328 87400 87400 84000 84400 4433 37896640 3.90 0.88 -3.21 2639 1794 1.47 0.65
20190327 83990 87200 83020 87200 4069 34715059 4.99 0.82 4.16 1376 2693 0.51 0.60
20190326 85850 87800 83620 83720 4234 36290179 4.79 0.83 -4.03 2512 1722 1.46 0.62
20190325 84090 88220 82620 87240 6669 57794064 6.64 1.38 3.50 3628 3040 1.19 0.98
20190322 83900 84500 81770 84290 4757 39653648 3.29 1.03 1.44 2196 2561 0.86 0.70
20190321 82450 83690 81310 83090 5405 44670231 2.92 1.14 2.01 2446 2960 0.83 0.79
20190320 82500 83400 80300 81450 3702 30137172 3.73 0.73 -1.88 2304 1398 1.65 0.54
20190319 82710 84470 82270 83010 4893 40685765 2.66 0.92 0.39 2484 2409 1.03 0.72
20190318 80370 82860 79250 82690 5340 43674335 4.51 1.00 3.31 2157 3183 0.68 0.78
20190315 79950 80890 78610 80040 3659 29304941 2.90 0.62 1.83 1404 2255 0.62 0.54
20190314 80990 82360 78000 78600 6137 49296466 5.43 1.06 -2.18 3212 2926 1.10 0.90
20190313 79440 81450 79200 80350 5382 43288228 2.81 0.89 0.42 2253 3129 0.72 0.79
20190312 81860 82000 79550 80010 5984 48218840 3.06 1.01 -0.10 2892 3091 0.94 0.88
20190311 78800 80390 78200 80090 5477 43408814 2.77 0.76 1.39 2724 2752 0.99 0.80
20190308 81520 82700 78680 78990 6689 53934409 4.91 0.89 -3.44 3839 2849 1.35 0.98
20190307 81990 84000 81300 81800 5499 45159381 3.26 0.72 -1.29 2719 2780 0.98 0.81
20190306 83750 86750 82020 82870 6534 54322280 5.66 0.88 -0.75 3483 3052 1.14 0.96
20190305 82750 84200 80810 83500 5325 44270689 4.11 0.68 1.30 2637 2688 0.98 0.78
20190304 80300 87480 80290 82430 11954 98977063 8.99 1.66 3.04 6001 5952 1.01 1.75
20190301 79000 81300 76010 80000 8166 64563333 6.83 1.17 3.35 4238 3928 1.08 1.20
20190228 77220 77780 76020 77410 6013 46541519 2.34 0.89 3.06 2862 3151 0.91 0.88
20190227 78700 78980 74170 75110 5592 42966042 6.14 0.82 -4.11 3649 1942 1.88 0.82
20190226 79130 81230 77090 78330 7690 60905234 5.23 1.23 -1.10 3944 3746 1.05 1.13
20190225 76750 80500 76710 79200 8604 68015777 4.94 1.50 3.17 3011 5593 0.54 1.26
20190222 76000 79480 75000 76770 6911 53240436 5.80 1.22 -0.69 3071 3841 0.80 1.01
20190221 78440 79460 76300 77300 5057 39559145 4.01 0.88 -1.92 3116 1940 1.61 0.74
20190220 76040 79880 75000 78810 5957 46632751 6.44 0.96 3.97 2469 3488 0.71 0.87
20190219 77390 78350 75210 75800 4732 36179429 4.06 0.77 -1.98 2382 2350 1.01 0.69
20190218 74880 79460 73150 77330 5947 45058814 8.55 0.96 4.77 2293 3654 0.63 0.87
20190215 72410 74680 72010 73810 6713 49543230 3.67 0.97 1.54 3628 3086 1.18 0.98
20190214 73000 73500 71790 72690 5523 40067357 2.30 0.65 -2.13 2787 2736 1.02 0.81
20190213 69630 74490 68310 74270 8245 58132964 8.87 1.05 6.56 3765 4481 0.84 1.21
20190212 70500 70670 69000 69700 4355 30297103 2.36 0.57 -1.53 2616 1739 1.50 0.64
20190211 70300 71580 68590 70780 6069 42554992 4.25 0.81 0.63 2740 3330 0.82 0.89
20190201 68280 70600 66300 70340 10249 70192432 6.27 1.54 2.54 3949 6300 0.63 1.50
20190131 64180 70490 64180 68600 13408 92906159 9.85 2.62 7.05 6888 6520 1.06 1.97
20190130 65890 66770 63840 64080 5204 33855059 4.42 1.14 -3.30 2950 2254 1.31 0.76
20190129 66900 67470 65020 66270 3270 21711701 3.65 0.71 -1.21 1570 1699 0.92 0.48
20190128 67140 68580 66440 67080 5181 34879726 3.19 1.09 -0.09 2681 2500 1.07 0.76
20190125 65400 68660 63680 67140 6148 41278254 7.66 1.22 3.31 2867 3281 0.87 0.90
20190124 63810 66430 63420 64990 5742 37617228 4.70 1.21 1.37 2663 3079 0.86 0.84
20190123 63310 65000 62990 64110 2489 15952441 3.14 0.48 0.14 1160 1329 0.87 0.37
20190122 64690 64900 63000 64020 3598 22982633 2.94 0.71 -1.04 1759 1838 0.96 0.53
20190121 63370 66500 62560 64690 5891 38077541 6.24 1.33 2.37 2357 3534 0.67 0.86
20190118 60220 64210 60220 63190 7564 47467275 6.61 2.20 4.71 3425 4140 0.83 1.11
20190117 61680 61680 60200 60350 4109 24991368 2.39 1.31 -2.68 2580 1528 1.69 0.60
20190116 59180 62200 58840 62010 4783 28943170 5.70 1.60 5.12 2081 2703 0.77 0.70
20190115 60800 60800 58900 58930 2638 15662850 3.15 0.88 -2.16 1439 1199 1.20 0.39
20190114 60800 60800 58900 58930 2638 15663000
20190111 59300 60490 56710 60230 2620 15593000
20190110 58110 59500 58110 59300 2552 15037000
20190109 59380 60500 58040 58860 4067 24226376 4.19 0.78 0.24 1612 2456 0.66 0.60
20190108 58100 58930 58100 58720 1737 10178302 1.41 0.29 0.05 864 873 0.99 0.25
20190107 58190 59500 57230 58690 4066 23662228 3.90 0.67 0.86 1617 2449 0.66 0.60
20190104 55460 58630 54900 58190 5748 32808703 6.62 1.05 3.34 2898 2849 1.02 0.84
20190103 57130 57870 55700 56310 5058 28730336 3.74 0.97 -2.91 2226 2832 0.79 0.74
20190102 60700 60900 56850 58000 9628 55956192 6.66 2.42 -4.56 5094 4534 1.12 1.41
20181228 61200 62350 60450 60770 5560 34078816 3.06 1.49 -1.98 2250 3310 0.68 0.82
20181227 62760 62970 61040 62000 4165 25872284 3.11 1.17 0.03 2548 1617 1.58 0.61
20181226 62440 62440 61330 61980 2835 17525785 1.80 0.77 0.44 1443 1392 1.04 0.42
20181225 62490 62490 60680 61710 3800 23300546 2.88 1.08 -1.92 2134 1666 1.28 0.56
20181224 62220 63520 61410 62920 3541 22198630 3.39 0.99 1.08 1388 2153 0.64 0.52
20181221 60510 62880 60510 62250 4271 26492095 3.87 1.17 1.57 1900 2370 0.80 0.63
20181220 61650 62240 60600 61290 3333 20446863 2.66 0.65 -0.60 1496 1837 0.81 0.49
20181219 62980 62980 60400 61660 3354 20771208 4.14 0.53 -1.07 1772 1582 1.12 0.49
20181218 62160 63470 61860 62330 3145 19690000
20181217 62930 63460 61500 63020 3787 23710149 3.10 0.54 -0.46 1684 2102 0.80 0.56
20181214 64000 65170 63100 63310 4574 29254799 3.19 0.67 -2.30 2981 1593 1.87 0.67
20181213 62180 66000 61830 64800 10724 69041075 6.71 1.83 4.21 4959 5765 0.86 1.57
20181212 61000 63740 60900 62180 9116 56881885 4.71 1.81 3.12 4310 4807 0.90 1.34
20181211 60980 61470 59240 60300 5074 30596965 3.70 1.06 0.00 3002 2072 1.45 0.74
20181210 62520 62520 60050 60300 5368 32509908 3.95 0.86 -3.55 3508 1860 1.89 0.79
20181207 62850 63470 62150 62520 3905 24446904 2.10 0.54 -0.54 2313 1592 1.45 0.57
20181206 65000 65450 62080 62860 5849 37041151 5.13 0.78 -4.22 3982 1867 2.13 0.86
20181205 66000 66500 65080 65630 4941 32481164 2.13 0.70 -1.60 3070 1871 1.64 0.72
20181204 66660 67100 65900 66700 3772 25045998 1.80 0.57 0.06 1879 1893 0.99 0.55
20181203 65900 67660 65520 66660 12600 83784183 3.31 2.72 3.06 5963 6638 0.90 1.85
20181130 62310 64800 62310 64680 9188 58621927 4.00 2.49 4.02 4342 4846 0.90 1.35
20181129 66610 67400 62000 62180 6835 44268868 8.11 2.27 -6.62 4485 2350 1.91 1.00
20181128 66730 66900 65600 66590 2809 18661140 1.96 0.78 0.59 986 1823 0.54 0.41
20181127 66940 67240 66010 66200 1710 11376499 1.85 0.36 -0.53 986 724 1.36 0.25
20181126 67500 67950 65280 66550 2592 17276350 3.96 0.49 -1.41 1480 1112 1.33 0.38
20181123 69300 69300 66270 67500 4468 30327944 4.38 0.61 -2.39 2720 1748 1.56 0.66
20181122 69760 70500 68820 69150 3450 23966125 2.40 0.42 -1.03 2194 1255 1.75 0.51
20181121 70240 71240 68300 69870 5689 39456880 4.16 0.72 -1.13 3293 2397 1.37 0.83
20181120 71220 71350 68000 70670 7338 51698000
20181119 73170 73170 70700 71690 5563 39840000
20181116 73160 75470 73000 73200 14374 106096000
20181115 70560 73740 70320 73150 7967 57481574 4.85 2.10 3.77 3818 4150 0.92 1.17
20181114 71500 71500 69810 70490 4155 29411487 2.38 1.17 -0.93 2434 1721 1.41 0.61
20181113 70660 71800 69060 71150 5310 37274285 3.85 1.65 -0.04 3016 2294 1.31 0.78
20181112 69980 71500 69000 71180 3903 27364330 3.57 1.07 1.70 1897 2007 0.95 0.57
20181109 73730 73730 69580 69990 2393 16865088 5.83 0.47 -1.64 1262 1131 1.12 0.35
20181108 71150 72470 70610 71160 3248 23222683 2.61 0.61 0.00 1717 1530 1.12 0.48
20181107 71800 72270 70520 71160 2960 21121789 2.43 0.53 -1.33 1740 1220 1.43 0.43
20181106 72660 72800 69880 72120 3595 25496129 4.01 0.66 -1.00 2042 1553 1.31 0.53
20181105 73000 73070 70270 72850 6048 43482099 3.79 1.23 -1.49 3386 2662 1.27 0.89
20181102 70000 73950 68970 73950 9448 67383013 7.33 2.34 8.86 4240 5207 0.81 1.39
20181101 67880 69100 67310 67930 4532 30910486 2.66 1.15 1.09 2241 2291 0.98 0.66
20181031 67000 68300 66050 67200 4176 28133626 3.38 0.98 1.05 2476 1699 1.46 0.61
20181030 64900 68480 64440 66500 3118 20710820 6.14 0.70 1.03 1644 1474 1.12 0.46
20181029 68010 68610 65200 65820 3342 22251072 4.93 0.61 -4.83 1864 1478 1.26 0.49
20181026 66600 69300 66600 69160 5048 34387939 4.07 0.89 4.35 1793 3254 0.55 0.74
20181025 65000 69050 65000 66280 4064 27066255 5.83 0.70 -4.51 1902 2162 0.88 0.60
20181024 66000 70200 66000 69410 5671 39100167 6.20 0.94 2.48 2951 2720 1.08 0.83
20181023 70000 70330 66570 67730 4235 28881524 5.38 0.60 -3.12 2422 1812 1.34 0.62
20181022 66900 71280 65660 69910 8533 59251336 8.61 1.19 7.06 3579 4955 0.72 1.25
20181019 62660 66500 62660 65300 5859 37981499 5.91 0.78 0.46 2695 3164 0.85 0.86
20181018 66790 67100 64260 65000 4702 30710335 4.19 0.58 -4.06 2206 2497 0.88 0.69
20181017 68990 68990 64500 67750 6873 45941274 6.63 0.87 0.07 3978 2895 1.37 1.01
20181016 70130 71540 66400 67700 9477 63990897 7.12 1.26 -6.21 5504 3973 1.39 1.39
20181015 78160 79000 72180 72180 8800 65504458 8.50 1.24 -10.00 4946 3854 1.28 1.29
20181012 79440 82500 78000 80200 7634 61489383 5.68 1.09 1.16 3381 4253 0.79 1.12
20181011 84790 84990 78990 79280 7788 63890843 6.97 1.18 -7.96 3820 3968 0.96 1.14
20181010 87130 91000 85980 86140 5844 51044941 5.72 0.96 -1.79 2935 2909 1.01 0.86
20181009 85170 89750 85170 87710 7522 66426935 5.49 1.38 5.04 2676 4846 0.55 1.10
20181008 88300 89970 83500 83500 6781 59187852 7.24 1.27 -6.61 2906 3876 0.75 0.99
20180928 87460 90050 86580 89410 6933 61171581 4.00 1.34 3.04 2984 3950 0.76 1.02
20180927 83030 88010 83030 86770 5808 50046763 5.93 1.03 3.38 2424 3384 0.72 0.85
20180926 82610 84500 82070 83930 3419 28591340 2.92 0.59 0.84 1174 2245 0.52 0.50
20180925 83890 83890 81170 83230 4345 35798702 3.21 0.78 -1.74 1804 2540 0.71 0.64
20180921 83490 84700 82100 84700 6162 51340158 3.15 1.31 2.70 3028 3134 0.97 0.90
20180920 85810 85810 82180 82470 6089 50664157 4.27 1.53 -3.00 3072 3018 1.02 0.89
20180919 78930 86210 77110 85020 8113 67906370 11.61 2.92 8.49 3560 4553 0.78 1.19
20180918 75540 78500 75280 78370 4475 34481423 4.30 1.83 4.66 1933 2542 0.76 0.67
20180917 76950 78000 74000 74880 2994 22943185 5.14 1.07 -3.82 2076 918 2.26 0.45
20180914 79680 79960 76040 77850 1859 14581340 4.92 0.54 -2.32 1160 699 1.66 0.28
20180913 78100 79850 77030 79700 2482 19606130 3.62 0.68 2.25 1023 1459 0.70 0.37
20180912 77370 78880 76560 77950 2095 16351580 3.00 0.57 0.79 979 1116 0.88 0.31
20180911 79490 79490 75990 77340 2777 21571359 4.43 0.76 -2.10 1422 1355 1.05 0.41
20180910 81000 81000 78000 79000 4744 37549512 3.73 1.45 -1.80 3650 1093 3.34 0.71
20180907 77650 82850 77650 80450 5061 40872999 6.68 1.76 3.35 2478 2583 0.96 0.76
20180906 80500 80500 74520 77840 3509 27633961 7.42 1.37 -3.40 1789 1720 1.04 0.52
20180905 83050 83060 80130 80580 2313 18822781 3.51 0.94 -3.40 1423 889 1.60 0.35
20180904 83400 84700 81180 83420 2544 21062043 4.24 1.08 0.39 1172 1372 0.85 0.38
20180903 81980 85790 81100 83100 2949 24415473 5.70 1.31 1.00 1237 1712 0.72 0.44
20180831 85030 85400 82170 82280 3083 25540535 3.78 1.58 -3.71 2146 937 2.29 0.46
20180830 86060 87490 85270 85450 1902 16367739 2.57 0.86 -1.09 1002 899 1.11 0.28
20180829 87110 88450 86040 86390 1804 15728232 2.75 0.76 -1.34 1118 686 1.63 0.27
20180828 88160 88880 87240 87560 2011 17693672 1.86 0.76 -0.59 1055 956 1.10 0.30
20180827 87880 88800 86310 88080 2480 21807036 2.83 0.77 0.23 1325 1156 1.15 0.37
20180824 86790 88000 86500 87880 1545 13491877 1.70 0.39 -0.14 874 671 1.30 0.23
20180823 87980 88060 85000 88000 3258 28213041 3.47 0.79 -0.29 1984 1273 1.56 0.49
20180822 89540 90290 86500 88260 2573 22681010 4.27 0.54 -0.61 1550 1023 1.52 0.38
20180821 85990 90270 85760 88800 3318 29319062 5.24 0.66 3.20 1332 1986 0.67 0.50
20180820 87000 87010 84390 86050 5331 45761762 3.01 1.03 -1.09 2786 2545 1.09 0.80
20180817 89770 89860 86500 87000 5542 48488612 3.76 1.00 -2.58 3021 2522 1.20 0.83
20180816 87010 90300 85660 89300 3906 34782056 5.28 0.70 1.59 1463 2443 0.60 0.58
20180815 88990 90300 86000 87900 5838 51509030 4.79 1.01 -2.10 2100 3738 0.56 0.87
20180814 89390 90600 89000 89790 4709 42293367 1.78 0.74 -0.06 2540 2169 1.17 0.70
20180813 88950 91340 88420 89840 5876 52833616 3.25 0.90 -0.07 3030 2846 1.06 0.88
20180810 89300 93450 88610 89900 7396 66990206 5.44 1.08 1.01 3567 3829 0.93 1.10
20180809 85600 89540 82000 89000 4112 36128235 8.79 0.59 3.73 2178 1934 1.13 0.61
20180808 84500 88660 83000 85800 6787 58438013 6.58 1.06 -0.28 2989 3799 0.79 1.01
20180807 85660 87300 81030 86040 7688 64341358 7.25 1.30 -0.51 4141 3547 1.17 1.15
20180806 89800 89800 85110 86480 6722 58313257 5.15 1.21 -4.97 3937 2786 1.41 1.00
20180803 86400 92470 86100 91000 9050 80857657 6.96 2.03 -0.54 4296 4754 0.90 1.35
20180802 101990 101990 91490 91490 4405 41687593 10.33 1.01 -10.00 1774 2632 0.67 0.66
20180801 104490 105480 101100 101650 4024 41670544 4.23 0.93 -1.87 2418 1605 1.51 0.60
20180731 104590 105480 103200 103590 5463 56863462 2.18 1.31 -0.76 2514 2948 0.85 0.82
20180730 104600 105480 104060 104380 4900 51290507 1.36 1.24 -0.32 1524 3376 0.45 0.73
20180727 105490 106490 104310 104720 3539 37136311 2.08 0.88 -0.19 1736 1803 0.96 0.53
20180726 106720 107770 104770 104920 3890 41102558 2.81 0.92 -1.69 2389 1500 1.59 0.58
20180725 107600 109200 104990 106720 3935 42312536 3.92 0.98 -0.54 2058 1877 1.10 0.59
20180724 104990 108870 104120 107300 4567 48924091 4.52 1.22 2.17 2147 2421 0.89 0.68
20180723 104470 106400 103500 105020 3836 40217566 2.78 0.89 0.53 2523 1313 1.92 0.57
20180720 101610 105340 101610 104470 3863 40156380 3.68 0.83 2.95 2091 1772 1.18 0.58
20180719 104760 104760 101220 101480 4842 49506221 3.41 1.02 -2.20 3111 1731 1.80 0.72
20180718 105500 106590 103450 103760 2969 31058874 3.02 0.56 -0.19 1655 1314 1.26 0.44
20180717 104950 104950 102800 103960 3150 32657224 2.06 0.52 -0.61 1879 1271 1.48 0.47
20180716 105000 107900 103400 104600 6781 71317483 4.31 1.09 0.29 3394 3386 1.00 1.01
20180713 101980 104800 100770 104300 5438 55984940 3.94 0.86 1.93 3186 2252 1.41 0.81
20180712 97760 104000 96980 102330 5445 55324402 7.24 0.68 5.55 2019 3426 0.59 0.81
20180711 99990 100000 95500 96950 5816 56934078 4.42 0.77 -4.84 3607 2210 1.63 0.87
20180710 97040 102850 96300 101880 6761 67842450 6.76 0.87 5.14 2772 3989 0.70 1.01
20180709 94780 97480 94010 96900 7559 72699293 3.70 1.01 3.19 2372 5187 0.46 1.13
20180706 93870 96960 93500 93900 5860 55657641 3.69 0.74 0.02 3177 2683 1.18 0.88
20180705 97980 97980 93400 93880 13766 130709528 4.67 2.27 -4.27 6373 7393 0.86 2.06
20180704 105840 105840 98070 98070 3920 39862481 7.42 0.57 -6.38 2372 1548 1.53 0.59
20180703 104890 105900 100650 104750 7761 79665102 5.00 1.31 -0.22 4077 3683 1.11 1.16
20180702 108490 108500 104000 104980 6111 64351825 4.13 1.16 -3.69 4515 1596 2.83 0.91
20180629 105100 109770 100500 109000 7863 82921993 8.75 1.76 2.93 2707 5156 0.53 1.17
20180628 108970 110990 105900 105900 4726 51107432 4.59 1.02 -4.54 2866 1860 1.54 0.71
20180627 111980 112970 106800 110940 8219 90035535 5.51 2.23 -0.95 5018 3201 1.57 1.23
20180626 110970 113480 108400 112000 2780 30884691 4.54 0.67 0.01 1478 1302 1.14 0.42
20180625 111270 115000 111270 111990 2832 32041738 3.32 0.67 -0.19 1163 1669 0.70 0.42
20180622 108550 112950 107050 112200 3841 42519980 5.36 0.81 2.00 1337 2505 0.53 0.57
20180621 112010 113480 107000 110000 5500 60761656 5.79 1.17 -1.79 2455 3045 0.81 0.82
20180620 110940 113900 108000 112000 3515 39170280 5.33 0.50 1.21 1449 2066 0.70 0.53
20180619 113760 115550 108090 110660 4933 55031803 6.51 0.74 -3.44 2887 2046 1.41 0.74
20180615 116410 116800 113010 114600 3455 39762010 3.31 0.46 0.17 1782 1673 1.07 0.52
20180614 111410 116300 111380 114410 6293 72151907 4.41 0.77 2.63 2080 4212 0.49 0.94
20180613 114800 114880 109800 111480 5356 60056312 4.46 0.62 -2.21 2731 2624 1.04 0.80
20180612 113180 114800 105860 114000 14909 164941214 7.81 1.97 -0.39 6408 8501 0.75 2.23
20180611 114000 115200 112110 114450 3433 39067409 2.71 0.45 0.22 1965 1468 1.34 0.51
20180608 114890 117010 111000 114200 7570 86279850 5.23 1.01 -0.60 3498 4072 0.86 1.13
20180607 121320 122410 114000 114890 9599 112565460 6.93 1.40 -5.30 5711 3889 1.47 1.43
20180606 121830 123320 117500 121320 7911 94844498 4.76 1.26 -0.82 4561 3349 1.36 1.18
20180605 124100 125570 121680 122320 9417 115912673 3.09 1.54 -2.84 5997 3419 1.75 1.41
20180604 126010 127490 122010 125900 3917 48999846 4.33 0.63 -0.50 2259 1658 1.36 0.59
20180601 127500 130860 122390 126530 6452 82196437 6.64 1.10 -0.76 2906 3547 0.82 0.96
20180531 122520 127990 122020 127500 6511 81355782 4.89 1.25 4.50 2339 4173 0.56 0.97
20180530 124830 126180 122010 122010 5051 62713300 3.34 1.00 -2.35 2733 2318 1.18 0.75
20180529 121990 129600 121990 124940 8702 110543644 6.22 1.78 2.18 4075 4627 0.88 1.30
20180528 124200 124410 121500 122280 4426 54496702 2.34 0.84 -1.85 2120 2307 0.92 0.66
20180525 122190 127300 121000 124590 4612 57686747 5.12 0.79 1.19 2012 2599 0.77 0.69
20180524 126090 127500 121300 123130 3180 39395183 4.92 0.41 -2.30 2121 1059 2.00 0.47
20180523 125400 129650 123180 126030 4283 54282048 5.16 0.49 0.45 2342 1941 1.21 0.64
20180522 118970 127000 117000 125460 7939 97858639 8.38 1.04 5.14 3184 4756 0.67 1.19
20180521 117000 120550 114140 119330 6414 75398506 5.43 0.93 1.15 3138 3276 0.96 0.96
20180518 118000 119770 115830 117970 7329 86004259 3.33 1.24 -0.15 4756 2573 1.85 1.09
20180517 127900 128970 118010 118150 13180 158633598 8.57 3.43 -7.62 6910 6270 1.10 1.97
20180516 126000 132800 121000 127900 8514 107497935 9.42 3.11 2.13 4230 4284 0.99 1.27
20180515 127970 127970 123020 125230 2604 32532762 4.01 0.94 1.54 1291 1314 0.98 0.39
20180514 225200 229680 219990 223000 2837 63693535 4.26 1.05 -1.98 1428 1408 1.01 0.76
20180511 228660 230600 226000 227500 2328 53255292 2.02 0.84 -0.21 1010 1318 0.77 0.63
20180510 223890 229770 220160 227980 2944 66740437 4.33 1.05 2.78 1305 1640 0.80 0.79
20180509 226580 227000 218600 221820 2960 65888712 3.73 0.91 -1.41 1652 1308 1.26 0.80
20180508 222500 230000 221600 225000 2720 61484745 3.78 0.90 1.12 1248 1472 0.85 0.73
20180507 218980 223700 216340 222500 2576 56744020 3.36 0.90 1.67 1152 1424 0.81 0.69
20180504 217650 220780 214000 218850 2664 58151752 3.13 0.98 1.16 1150 1513 0.76 0.72
20180503 212000 217630 211000 216350 3065 66016730 3.12 1.21 1.72 1466 1599 0.92 0.82
20180502 202280 217500 202000 212700 5286 112282036 7.66 2.35 5.15 2228 3058 0.73 1.42
20180427 199990 203110 197090 202280 1512 30388866 3.02 0.57 1.55 731 781 0.93 0.41
20180426 201900 204670 198000 199200 1734 34674353 3.27 0.63 -2.34 1216 518 2.35 0.47
20180425 198400 204800 198400 203980 2026 40924678 3.23 0.67 2.84 919 1107 0.83 0.54
20180424 194500 202000 193020 198350 2126 42316499 4.62 0.66 1.98 1069 1058 1.01 0.57
20180423 198000 198000 190560 194500 3868 74446730 3.74 1.25 -2.16 2365 1502 1.57 1.04
20180420 195500 200250 192550 198800 3481 68845186 3.92 1.29 1.22 1065 2416 0.44 0.94
20180419 199990 201980 196000 196400 2337 46348957 2.98 0.90 -2.04 1498 840 1.78 0.63
20180418 200560 201990 192160 200500 3320 65150950 4.94 1.40 0.76 1504 1817 0.83 0.89
20180417 206000 207880 198980 198980 3102 62628253 4.29 1.33 -4.01 1760 1342 1.31 0.83
20180416 198260 208800 198150 207290 3183 65424710 5.35 1.20 4.09 1201 1982 0.61 0.86
20180413 200500 204830 199150 199150 1502 30353494 2.81 0.45 -1.36 903 599 1.51 0.40
20180412 201730 202990 199670 201900 1823 36715312 1.66 0.51 1.20 841 981 0.86 0.49
20180411 201900 202330 199000 199500 2208 44185543 1.66 0.56 -0.28 1254 954 1.31 0.59
20180410 199970 201990 195500 200070 2902 57519180 3.26 0.66 0.59 1970 932 2.11 0.78
20180409 203980 203980 196510 198900 4831 96220840 3.65 1.25 -2.88 2683 2148 1.25 1.30
20180404 211230 212860 203000 204800 4903 101353281 4.67 1.48 -2.97 2918 1985 1.47 1.32
20180403 208000 215670 205100 211060 3009 63134217 5.01 0.84 0.03 1496 1512 0.99 0.81
20180402 209440 217600 207000 211000 4053 86044087 5.07 1.08 0.91 2129 1925 1.11 1.09
20180330 197500 212450 197500 209100 5181 107633333 7.51 1.47 5.07 2199 2982 0.74 1.39
20180329 196000 200500 195600 199010 2211 43647757 2.49 0.61 1.27 1321 890 1.49 0.59
20180328 198000 200880 195430 196510 2167 42985621 2.70 0.56 -2.55 1366 801 1.71 0.58
20180327 203000 207000 198000 201650 4253 85633071 4.47 1.19 0.07 2344 1909 1.23 1.14
20180326 195510 202280 191580 201500 4956 96899382 5.47 1.46 2.95 2286 2670 0.86 1.33
20180323 194990 203000 191000 195730 4029 79093650 6.02 1.13 -1.89 2360 1669 1.41 1.08
20180322 199110 203000 198280 199500 2779 55816169 2.39 0.75 0.84 1361 1418 0.96 0.75
20180321 203500 203930 197420 197830 3302 66052213 3.20 0.91 -2.62 2056 1246 1.65 0.89
20180320 200610 205000 200610 203160 2867 57943786 2.16 0.78 0.02 1872 995 1.88 0.77
20180319 203430 207000 200080 203110 4002 81420263 3.40 1.02 -0.13 2026 1976 1.03 1.08
20180316 198560 207000 198000 203380 4821 98243294 4.53 1.39 2.43 1798 3023 0.59 1.30
20180315 195040 198550 192000 198550 3451 67435598 3.34 1.05 1.29 1801 1650 1.09 0.93
20180314 195000 201980 195000 196020 2943 58357349 3.54 0.82 -0.70 1567 1377 1.14 0.79
20180313 195850 198500 192190 197400 3185 62572904 3.22 0.80 0.79 1378 1808 0.76 0.86
20180312 194810 200050 190050 195850 5252 103034882 5.32 1.31 4.20 2820 2432 1.16 1.41
20180309 183990 189600 182300 187950 2465 45889791 3.95 0.45 1.81 908 1557 0.58 0.66
20180308 181620 185500 179480 184600 2617 47936388 3.29 0.50 0.92 1241 1376 0.90 0.70
20180307 180280 191960 178100 182920 4521 83750783 7.62 0.98 0.51 2249 2273 0.99 1.22
20180306 187070 187070 177770 182000 5031 92949214 5.12 1.25 0.12 1961 3070 0.64 1.86
20180305 183520 185200 178050 181780 5361 97562140 3.90 1.67 -0.75 2605 2756 0.95 1.99
20180302 166000 183150 166000 183150 9610 170900033 10.30 6.42 10.00 3149 6461 0.49 3.56
20180301 161550 166790 161550 166500 1564 25731209 3.20 0.81 1.80 734 830 0.88 0.58
20180228 162000 166380 160900 163550 1468 24022096 3.32 0.76 -0.93 923 545 1.69 0.54
20180227 168580 168660 164530 165080 2181 36287686 2.46 1.25 -1.74 1105 1076 1.03 0.81
20180226 167490 169340 166000 168000 1206 20237764 2.00 0.61 0.46 533 673 0.79 0.45
20180223 168900 170000 166200 167230 1071 17954641 2.25 0.49 -1.05 679 393 1.73 0.40
20180222 166120 170740 166110 169000 3772 63862036 2.81 2.23 2.73 1102 2671 0.41 1.40
20180214 161680 167500 160920 164510 1430 23560840 4.07 0.74 1.81 470 960 0.49 0.53
20180213 161560 164430 160670 161590 1243 20291959 2.32 0.56 -0.27 756 487 1.55 0.46
20180212 155100 162500 155100 162030 2345 37474386 4.75 1.11 3.97 1082 1262 0.86 0.87
20180209 157790 161450 155000 155840 2234 35387679 4.01 0.85 -3.20 1187 1047 1.13 0.83
20180208 157030 162240 157030 161000 1202 19183875 3.28 0.36 1.26 581 621 0.94 0.45
20180207 162800 164230 157540 159000 2643 42571755 4.14 0.79 -1.58 1214 1429 0.85 0.98
20180206 164590 164590 160210 161550 2636 42689669 2.65 0.86 -2.37 1697 939 1.81 0.98
20180205 164610 165660 162370 165480 1850 30273634 2.00 0.58 0.50 1079 771 1.40 0.69
20180202 167000 168700 161580 164650 4858 80434740 4.20 1.43 -2.78 2609 2249 1.16 1.80
20180201 171000 172480 168160 169350 4541 77250933 2.54 1.54 -0.41 2352 2189 1.07 1.68
20180131 167280 170970 163910 170040 2853 47865857 4.22 1.02 1.67 1612 1241 1.30 1.06
20180130 167880 168000 166020 167250 1263 21108074 1.18 0.42 -0.44 793 470 1.69 0.47
20180129 171390 171390 167030 167990 2450 41431933 2.54 0.84 -1.99 1542 908 1.70 0.91
20180126 164340 172990 163010 171400 5830 99102735 6.07 2.79 4.30 1886 3945 0.48 2.16
20180125 167850 167850 163900 164340 2386 39353607 2.36 1.19 -1.65 1641 745 2.20 0.88
20180124 164010 167500 162940 167100 2035 33689049 2.75 0.96 0.83 937 1098 0.85 0.75
20180123 163000 167780 162600 165720 2467 40872686 3.18 0.99 1.67 1062 1405 0.76 0.91
20180122 163000 164700 161810 163000 1913 31152810 1.77 0.69 -0.20 953 960 0.99 0.71
20180119 164990 164990 162610 163320 1634 26654607 1.44 0.63 -0.98 1053 581 1.81 0.61
20180118 163160 167900 163160 164940 1961 32412349 2.91 0.81 1.10 1133 828 1.37 0.73
20180117 166100 166100 161700 163150 2637 43052165 2.65 1.14 -1.78 1518 1119 1.36 0.98
20180116 162000 169000 162000 166100 4349 72031132 4.32 2.16 2.53 2335 2013 1.16 1.61
20180115 158500 164000 157000 162000 3183 51320479 4.43 1.75 2.53 1312 1871 0.70 1.18
20180112 157580 158600 157580 158000 905 14281656 0.65 0.42 -0.01 705 200 3.53 0.34
20180111 158660 160000 157120 158010 1069 16932016 1.80 0.50 -1.21 597 472 1.26 0.40
20180110 158300 160500 156860 159950 2106 33455570 2.30 0.91 0.98 914 1192 0.77 0.78
20180109 161790 161790 158000 158400 2783 44334653 2.34 1.14 -2.14 1538 1245 1.24 1.03
20180108 163940 164100 161450 161860 2226 36149169 1.62 0.84 -1.27 1170 1057 1.11 0.82
20180105 159000 164700 158010 163950 2536 41252955 4.20 1.71 2.84 626 1910 0.33 0.94
20180104 161800 162220 159360 159420 1111 17868873 1.76 0.35 -1.77 533 578 0.92 0.41
20180103 159000 162650 158690 162300 2977 47853558 2.47 1.01 1.12 1044 1933 0.54 1.10
20180102 156890 161300 156890 160510 3348 53581190 2.79 1.19 1.58 1628 1720 0.95 1.24
20171229 154450 159890 153300 158020 3349 52615950 4.27 1.32 2.31 1571 1778 0.88 1.24
20171228 148900 156960 148600 154450 4010 61729691 5.64 1.83 4.15 1158 2851 0.41 1.49
20171227 152900 153280 148000 148300 2297 34548706 3.46 1.04 -2.88 1716 581 2.95 0.85
20171226 150950 153470 150950 152700 1749 26627783 1.67 0.74 1.17 839 910 0.92 0.65
20171225 151780 153430 150680 150930 2610 39759133 1.80 1.27 -1.29 1539 1071 1.44 0.97
20171222 156880 156880 152130 152900 2034 31335544 3.05 0.98 -1.80 1325 709 1.87 0.75
20171221 154980 157500 154050 155700 2283 35594797 2.21 1.21 -0.19 1071 1213 0.88 0.85
20171220 158050 158590 154800 156000 2340 36485541 2.39 1.30 -1.65 1447 893 1.62 0.87
20171219 153350 159500 153020 158620 2492 39180891 4.23 1.48 3.49 879 1613 0.55 0.92
20171218 154150 154880 152230 153270 1165 17881533 1.72 0.58 -0.58 531 634 0.84 0.43
20171215 156890 156890 151520 154170 2062 31658477 3.42 0.92 -1.78 1110 952 1.17 0.76
20171214 157010 157570 155900 156970 1339 20963852 1.06 0.52 -0.58 542 797 0.68 0.50
20171213 156390 158100 155000 157880 1922 30102216 1.99 0.62 1.35 460 1462 0.31 0.71
20171212 158380 160200 155660 155780 1929 30432637 2.84 0.51 -2.45 955 973 0.98 0.71
20171211 154970 159830 153700 159700 2751 43504801 3.95 0.51 2.99 988 1763 0.56 1.02
20171208 151120 155270 150700 155060 3267 50310352 3.01 0.57 2.01 1736 1531 1.13 1.21
20171207 151700 155600 149410 152000 3036 46445616 4.06 0.53 -0.31 1472 1564 0.94 1.12
20171206 149600 152840 147000 152480 4408 66007929 3.84 0.69 0.32 2497 1910 1.31 1.63
20171205 154400 157260 148000 152000 5520 83821223 5.86 0.75 -3.80 3245 2275 1.43 2.04
20171204 159970 160000 147600 158000 10934 168059744 7.57 1.76 -3.48 5191 5743 0.90 4.05
20171201 163280 163750 158880 163700 4801 77475229 2.98 0.80 0.18 2802 1999 1.40 1.78
20171130 166000 166370 163400 163400 3235 53162851 1.79 0.51 -1.57 2202 1033 2.13 1.20
20171129 170560 170560 163320 166000 7476 123940145 4.23 1.23 -2.92 5025 2451 2.05 2.77
20171128 163980 172820 163520 171000 10552 178800392 5.67 2.11 4.19 5314 5237 1.01 3.91
20171127 163000 165500 162900 164130 5019 82171637 1.59 0.98 0.60 2627 2392 1.10 1.86
20171124 161700 165440 161650 163150 3607 59196231 2.32 0.57 0.02 1484 2123 0.70 1.34
20171123 168070 168070 162370 163120 5276 86763137 3.39 0.88 -2.96 2859 2416 1.18 1.95
20171122 165000 169980 164950 168090 5951 99763622 3.04 1.02 1.67 2308 3643 0.63 2.20
20171121 168160 168160 163020 165330 5140 84894183 3.08 0.82 -0.99 3125 2014 1.55 1.90
20171120 161830 166990 161780 166990 5744 94387919 3.22 0.82 3.22 2604 3140 0.83 2.13
20171117 165220 166300 161660 161780 9635 157056756 2.81 1.62 -2.15 6364 3271 1.95 3.57
20171116 166400 167680 165010 165340 3412 56671519 1.61 0.56 -0.31 2258 1153 1.96 1.26
20171115 168800 169830 164180 165860 5292 88097177 3.35 0.86 -1.74 2904 2389 1.22 1.96
20171114 173500 173500 167000 168800 7393 125342863 3.77 1.35 -2.03 4811 2582 1.86 2.74
20171113 167500 173780 167000 172300 9321 158635832 4.07 1.58 3.53 4006 5315 0.75 3.45
20171110 165300 168660 165300 166420 4385 73441820 2.03 0.71 0.40 2275 2110 1.08 1.62
20171109 165000 166900 164000 165750 3995 66053744 1.76 0.59 0.45 2310 1685 1.37 1.48
20171108 168000 169000 164900 165000 5729 95525654 2.43 0.82 -2.37 3548 2181 1.63 2.12
20171107 168000 169500 165860 169000 3948 66234591 2.15 0.56 -0.18 2305 1643 1.40 1.46
20171106 168000 172150 165350 169310 11398 192280711 4.10 2.06 2.03 5824 5574 1.04 4.22
20171103 163000 165940 162550 165940 5725 94179759 2.08 1.15 1.81 2478 3246 0.76 2.12
20171102 161480 166900 161340 162990 7169 117631092 3.43 1.52 0.61 3987 3182 1.25 2.66
20171101 161050 163660 161000 162000 6848 110912244 1.64 1.42 0.14 4128 2720 1.52 2.54
20171031 157190 161770 156500 161770 4000 63491140 3.35 0.77 2.91 2136 1864 1.15 1.48
20171030 160400 161470 155000 157200 3920 61865195 4.03 0.72 -2.00 1881 2039 0.92 1.45
20171027 158970 161810 158080 160400 3046 48809403 2.33 0.56 0.00 1711 1335 1.28 1.13
20171026 163080 163080 159710 160400 5710 91897266 2.07 1.14 -1.64 3305 2404 1.37 2.11
20171025 159870 165000 157050 163070 7376 118785548 5.01 1.64 2.70 2961 4415 0.67 2.73
20171024 155500 159100 155410 158790 5941 93806035 2.38 1.46 2.25 2322 3619 0.64 2.20
20171023 155800 159880 155000 155300 5010 78562868 3.12 1.23 -0.64 2966 2045 1.45 1.86
20171020 157020 158490 153580 156300 3284 51069061 3.12 0.67 -0.76 2135 1148 1.86 1.22
20171019 158600 159760 156880 157490 3338 52664607 1.81 0.60 -0.81 1757 1581 1.11 1.24
20171018 159880 162380 158270 158780 4943 78709005 2.58 0.81 -0.33 2982 1961 1.52 1.83
20171017 159500 162500 158430 159300 3740 59861884 2.55 0.59 0.00 2131 1609 1.32 1.39
20171016 160000 160670 157510 159300 5022 79877318 1.98 0.85 -0.41 2707 2315 1.17 1.86
20171013 155900 160600 155900 159950 7540 119671217 3.01 1.49 2.53 2791 4749 0.59 2.79
20171012 157500 159550 155000 156000 6797 106763673 2.89 1.54 -0.98 4393 2404 1.83 2.52
20171011 153990 158770 153300 157540 7469 116908591 3.55 2.20 2.37 3180 4289 0.74 2.77
20171010 150070 156760 150070 153900 5131 79144341 4.43 1.68 1.92 1871 3260 0.57 1.90
20171009 153020 154470 150810 151000 2724 41290727 2.42 0.82 -0.20 1713 1011 1.69 1.01
20170929 151500 152590 149000 151300 3260 49207254 2.39 0.80 0.85 1241 2020 0.61 1.21
20170928 147510 150970 146500 150030 3495 52094743 3.04 0.86 2.01 1617 1878 0.86 1.29
20170927 145200 147240 144450 147080 2359 34388740 1.92 0.56 1.29 1101 1258 0.87 0.87
20170926 148400 148880 144360 145200 3446 50369690 3.04 0.72 -2.24 2481 966 2.57 1.28
20170925 149980 151000 148530 148530 4098 61323116 1.64 0.87 -1.11 2155 1943 1.11 1.52
20170922 146100 151080 145620 150190 6972 103739240 3.71 1.59 2.14 2154 4818 0.45 2.58
20170921 147950 147950 145130 147050 3499 51275178 1.91 0.75 -0.24 1378 2120 0.65 1.30
20170920 147450 147900 146120 147400 3158 46409689 1.21 0.66 -0.07 1738 1419 1.23 1.17
20170919 143790 148380 143290 147500 6084 89265043 3.53 1.21 2.43 2744 3340 0.82 2.25
20170918 140550 144650 140550 144000 3939 56507014 2.88 0.73 1.28 1362 2576 0.53 1.46
20170915 141440 143240 140200 142180 5219 74209733 2.14 0.91 0.13 2439 2781 0.88 1.93
20170914 141000 143000 140600 142000 4925 69942664 1.70 0.73 0.71 2748 2177 1.26 1.82
20170913 139150 141860 139140 141000 3784 52992399 1.94 0.34 0.68 1874 1910 0.98 1.40
20170912 145880 145980 140020 140050 7281 103078385 4.09 0.67 -3.82 4818 2462 1.96 2.70
20170911 142820 145970 141500 145610 5634 81198249 3.13 0.53 1.95 2765 2869 0.96 2.09
20170908 144800 145490 141020 142820 6955 99158986 3.09 0.70 -1.42 4060 2895 1.40 2.58
20170907 144990 148200 144120 144880 10141 148087800 2.79 1.14 -0.94 5835 4306 1.35 3.76
20170906 141110 149200 138100 146250 26461 380786960 8.16 5.22 7.58 8875 17586 0.50 9.80
20170905 132660 136110 132660 135950 5140 69185332 2.60 0.86 2.36 2166 2974 0.73 1.90
20170904 134440 136180 132520 132820 4927 66046707 2.74 0.70 -0.72 3110 1818 1.71 1.82
20170901 135000 136000 132580 133780 3271 43672575 2.55 0.46 -0.34 1871 1400 1.34 1.21
20170831 132260 135270 130800 134230 4549 60599767 3.38 0.69 1.37 1956 2593 0.75 1.68
20170830 133600 133660 129500 132420 7456 98143403 3.11 1.35 -0.95 4249 3207 1.33 2.76
20170829 133000 134420 131000 133690 9680 128169749 2.53 2.33 -1.04 5363 4316 1.24 3.59
20170828 129000 135180 129000 135090 10207 135985290 4.79 3.57 4.81 4398 5809 0.76 3.78
20170825 127000 129360 126560 128890 3287 42150887 2.20 1.26 1.44 1563 1724 0.91 1.22
20170824 127850 129280 126750 127060 2241 28525916 1.97 0.84 -1.25 1157 1085 1.07 0.83
20170823 128480 129460 126160 128670 2254 28879757 2.57 0.72 0.15 1060 1193 0.89 0.83
20170822 130480 130480 127510 128480 2803 35964563 2.29 0.86 -1.08 1503 1300 1.16 1.04
20170821 127530 130340 127530 129880 3726 47914465 2.21 1.12 2.24 1504 2221 0.68 1.38
20170818 128680 129160 127020 127030 1969 25167960 1.66 0.58 -1.30 1279 689 1.86 0.73
20170817 130600 131200 127500 128700 2622 33793598 2.82 0.77 -1.93 1392 1231 1.13 0.97
20170816 130610 132000 130290 131230 4601 60327743 1.30 1.50 -0.13 1826 2774 0.66 1.70
20170815 128500 131500 127450 131400 3432 44355942 3.15 1.14 2.30 1803 1629 1.11 1.27
20170814 123550 128500 123550 128450 3942 50137155 3.98 1.48 3.25 1485 2457 0.60 1.46
20170811 123900 124410 123010 124410 2448 30312670 1.13 0.79 0.31 1446 1001 1.44 0.91
20170810 123900 125140 123180 124020 2555 31788513 1.58 0.86 -0.12 1456 1099 1.33 0.95
20170809 124100 125600 123500 124170 2989 37285155 1.68 0.97 -0.58 1810 1179 1.54 1.11
20170808 125800 126500 122050 124890 3128 38887251 3.55 1.05 -0.28 1604 1525 1.05 1.16
20170807 125620 126830 124980 125240 2237 28148120 1.48 0.69 0.01 1044 1193 0.87 0.83
20170804 130100 131240 125180 125230 4533 57494668 4.65 1.38 -3.91 2550 1983 1.29 1.68
20170803 130110 131940 129580 130330 1981 25914224 1.81 0.47 -0.17 828 1153 0.72 0.73
20170802 133260 133260 130500 130550 3499 45987137 2.09 0.89 -1.25 1630 1869 0.87 1.30
20170801 132380 133430 131600 132200 2689 35550811 1.38 0.65 -0.36 1360 1329 1.02 1.00
20170731 133800 134500 132110 132680 3516 46722216 1.79 0.82 -0.84 1903 1613 1.18 1.30
20170728 134810 137280 133000 133800 4746 64066161 3.17 1.29 -0.90 2879 1867 1.54 1.76
20170727 131800 135480 131370 135010 6429 86026294 3.13 2.05 2.78 2757 3672 0.75 2.38
20170726 131600 133880 130500 131360 2220 29377768 2.57 0.53 -0.18 1132 1088 1.04 0.82
20170725 131520 132300 130320 131600 3815 50098086 1.50 0.87 -0.44 1806 2009 0.90 1.41
20170724 128080 132660 128080 132180 4265 55780832 3.54 0.79 2.16 1854 2411 0.77 1.58
20170721 129490 129490 128500 129390 1657 21381178 0.77 0.30 0.30 857 800 1.07 0.61
20170720 127990 129960 126680 129000 3716 47860629 2.56 0.57 0.70 1915 1802 1.06 1.38
20170719 125120 128200 123610 128100 7498 94008998 3.63 1.25 1.34 4395 3103 1.42 2.78
20170718 127780 128340 125600 126400 4688 59368249 2.13 0.80 -1.92 2522 2165 1.16 1.74
20170717 132570 132580 120300 128880 9487 121047090 9.22 1.72 -3.21 5497 3990 1.38 3.51
20170714 132990 134550 132670 133160 2347 31305767 1.41 0.32 -0.11 1338 1009 1.33 0.87
20170713 138110 139190 132650 133300 8836 119420101 4.71 1.38 -4.10 6560 2275 2.88 3.27
20170712 140000 140000 137650 139000 4753 65839622 1.70 0.74 0.65 2807 1946 1.44 1.76
20170711 139000 140260 137520 138100 4032 56016354 1.98 0.57 -0.30 2304 1728 1.33 1.49
20170710 140500 141000 137880 138510 7651 106481032 2.21 1.13 -1.89 5293 2357 2.25 2.83
20170707 139100 144800 139100 141180 11355 161692547 4.14 2.13 2.52 5676 5678 1.00 4.21
20170706 138100 140500 136810 137710 4201 58150637 2.67 0.83 -0.28 2564 1638 1.57 1.56
20170705 138260 138740 137000 138090 4806 66197657 1.26 0.88 0.07 2560 2246 1.14 1.78
20170704 139450 141170 137300 138000 7274 101588177 2.80 1.48 -0.15 4507 2767 1.63 2.69
20170703 135560 140110 134560 138210 6325 87499830 4.09 1.27 1.95 2874 3451 0.83 2.34
20170630 134500 136000 132800 135560 4073 55002476 2.38 0.75 0.94 1757 2316 0.76 1.51
20170629 134000 134990 133000 134300 2983 39959487 1.48 0.50 -0.15 1266 1717 0.74 1.10
20170628 136000 136000 132560 134500 6563 87878688 2.52 1.13 -1.39 4327 2236 1.93 2.43
20170627 137930 138580 136000 136400 4578 62605409 1.87 0.70 -1.12 2788 1790 1.56 1.70
20170626 134810 138030 134000 137940 6784 92452934 2.99 0.91 2.37 3427 3357 1.02 2.51
20170623 133000 135880 132880 134750 6271 84483856 2.25 0.88 0.88 2648 3624 0.73 2.32
20170622 138470 138470 133580 133580 5742 78164156 3.54 0.68 -3.23 3838 1904 2.02 2.13
20170621 138000 139950 137010 138040 5658 78189959 2.12 0.69 -0.48 3309 2349 1.41 2.10
20170620 135920 139520 135870 138700 8170 112834464 2.69 1.08 2.08 4095 4075 1.00 3.03
20170619 139400 140280 134800 135870 11531 159337661 4.07 1.90 0.79 5548 5983 0.93 4.27
20170616 137980 138000 133700 134800 4596 62159729 3.12 0.74 -2.18 2683 1913 1.40 1.70
20170615 129300 141280 128800 137810 12296 168158467 9.65 2.48 6.57 5175 7121 0.73 4.55
20170614 129000 131600 128180 129320 4243 55105185 2.63 0.70 -0.55 2089 2155 0.97 1.57
20170613 128320 131200 128320 130030 5081 66292093 2.24 0.76 1.33 2476 2605 0.95 1.88
20170612 130500 130890 127680 128320 4152 53617260 2.44 0.64 -2.49 2633 1519 1.73 1.54
20170609 130530 131700 128710 131600 5190 67546468 2.29 0.77 0.93 3050 2140 1.43 1.92
20170608 130370 133880 130150 130390 6096 80372982 2.84 0.92 -0.62 3583 2513 1.43 2.26
20170607 126000 132370 126000 131200 9856 128663212 5.02 1.54 3.38 4537 5319 0.85 3.65
20170606 121150 128340 121150 126910 8141 102113913 5.87 1.43 3.60 3783 4358 0.87 3.02
20170605 123000 123590 122000 122500 3272 40176825 1.30 0.54 0.13 1713 1559 1.10 1.21
20170602 120000 123280 119360 122340 6184 75175611 3.27 0.99 1.95 2216 3968 0.56 2.29
20170601 123390 123390 119810 120000 5608 67920493 2.88 0.92 -3.60 4154 1454 2.86 2.08
20170531 127800 128200 123580 124480 8766 109769059 3.73 1.55 0.38 5539 3228 1.72 3.25
20170526 124470 125450 121520 124010 4652 57604885 3.17 0.70 0.10 2419 2233 1.08 1.72
20170525 125190 125800 120400 123880 5303 65264743 4.32 0.74 -0.89 2728 2575 1.06 1.96
20170524 122020 127490 120160 124990 6766 84800748 5.95 0.74 1.50 3666 3101 1.18 2.51
20170523 124910 127000 120010 123140 5149 63490683 5.50 0.52 -3.04 2972 2176 1.37 1.91
20170522 130300 130890 124630 127000 6434 82274410 4.80 0.59 -2.53 4090 2344 1.74 2.38
20170519 129490 132990 128390 130300 9344 122993218 3.55 0.92 0.52 4725 4620 1.02 3.46
20170518 131000 132700 129500 129630 8269 108343491 2.43 0.83 -1.65 5420 2849 1.90 3.06
20170517 124530 134450 124510 131800 16580 214445281 8.06 1.85 6.90 7351 9229 0.80 6.14
20170516 122000 123750 119300 123290 8960 109107453 3.65 1.07 1.06 3926 5034 0.78 3.32
20170515 125620 125980 121460 122000 10999 135693814 3.60 1.50 -2.79 6089 4910 1.24 4.07
20170512 127090 128500 124390 125500 6252 78747738 3.23 0.88 -1.37 4183 2070 2.02 2.32
20170511 126880 127810 125000 127240 7196 90950966 2.20 0.97 -0.34 3949 3247 1.22 2.67
20170510 130340 132880 125010 127670 11330 146666430 6.05 1.60 -1.89 7229 4101 1.76 4.20
20170509 129280 131080 128560 130130 5916 77096040 1.95 0.74 0.63 2935 2981 0.98 2.19
20170508 129280 130990 129210 129320 5949 77478715 1.37 0.59 -0.68 3491 2458 1.42 2.20
20170505 130880 132500 130170 130200 5193 68103639 1.77 0.42 -0.82 2711 2482 1.09 1.92
20170504 130010 133250 130000 131270 8651 114219936 2.48 0.62 0.28 4629 4021 1.15 3.20
20170503 132520 134500 130260 130900 9782 128734038 3.17 0.70 -2.24 6125 3657 1.67 3.62
20170502 132800 134880 130250 133900 10655 141242890 3.46 0.76 0.19 5658 4997 1.13 3.95
20170428 137680 139590 133330 133650 16128 218808233 4.53 1.26 -3.35 10386 5742 1.81 5.97
20170427 134450 138800 132110 138280 15994 217460042 4.96 1.25 2.43 7392 8602 0.86 5.92
20170426 138000 141000 134660 135000 17162 235791293 4.51 1.34 -3.89 10934 6228 1.76 6.36
20170425 139890 142400 138780 140470 9515 133763211 2.58 0.70 0.04 4995 4521 1.10 3.52
20170424 140280 141700 136000 140420 11452 158866722 4.06 0.76 0.10 6863 4589 1.50 4.24
20170421 144000 144910 139500 140280 9925 140702653 3.78 0.61 -1.89 5264 4662 1.13 3.68
20170420 140930 143550 139680 142980 15884 226190866 2.74 0.98 1.30 8309 7575 1.10 5.88
20170419 136390 141380 135200 141150 17200 240360431 4.53 1.06 3.51 6422 10779 0.60 6.37
20170418 136000 137850 134520 136360 13214 180821028 2.48 0.75 1.53 6767 6446 1.05 4.89
20170417 133580 137580 133580 134300 18899 256185718 2.86 0.82 -4.07 9483 9416 1.01 7.00
20170414 143000 143000 139330 140000 16594 234279070 2.55 0.63 -2.64 8752 7842 1.12 6.15
20170413 142440 147480 142440 143800 14749 214662242 3.50 0.49 -0.25 7485 7265 1.03 5.46
20170412 148190 148200 144010 144160 17402 254058923 2.80 0.51 -3.53 10959 6443 1.70 6.45
20170411 148000 151830 145500 149430 21010 312652432 4.21 0.53 -0.65 11212 9798 1.14 7.78
20170410 147990 151790 141020 150410 44984 657705424 7.09 1.18 -0.98 22623 22361 1.01 16.66
20170407 157500 162000 151790 151900 32858 514109616 6.46 0.80 -3.86 18713 14145 1.32 12.17
20170406 154500 161000 151000 158000 35801 565426368 6.53 0.77 3.10 16424 19377 0.85 13.26
20170405 151080 155310 147000 153250 35120 533289600 5.40 0.73 -0.49 18584 16536 1.12 13.01
20170331 163510 165410 152600 154000 48657 766973360 7.86 0.96 -5.57 27468 21188 1.30 18.02
20170330 164500 168380 161180 163080 38166 629314304 4.31 0.59 -2.35 19078 19088 1.00 14.14
20170329 171780 174670 166010 167000 47294 802961552 5.07 0.60 -2.19 25788 21506 1.20 17.52
20170328 183990 184000 170600 170740 64123 1131339536 7.20 0.69 -8.21 39436 24687 1.60 23.75
20170327 185000 187730 181180 186020 43574 806889312 3.56 0.41 1.10 20982 22592 0.93 16.14
20170324 186000 190550 180960 183990 60280 1116654464 5.13 0.64 -1.57 34539 25741 1.34 22.33
20170323 194000 195990 182000 186930 106778 2034755824 6.96 1.45 -7.00 67585 39193 1.72 39.55
20170322 188750 201000 185240 201000 119605 2296255152 8.62 2.41 10.00 52634 66971 0.79 44.30
20170321 189000 191000 180010 182730 134234 2488588720 5.95 5.90 -0.99 133225 1009 131.99 49.72
20170320 184560 184560 178000 184560 111032 2035781328 3.91 186.41 10.00 64926 46106 1.41 41.12
20170317 167780 167780 167780 167780 1654 27747456 0.00 5.55 10.00 1631 23 70.90 0.61
20170316 152530 152530 152530 152530 810 12362251 0.00 5.62 10.00 810 - - 0.30
20170315 138660 138660 138660 138660 198 2745468 0.00 1.80 10.00 198 - - 0.07
20170314 126050 126050 126050 126050 129 1625540 0.00 1.13 10.00 129 - - 0.05
20170313 114590 114590 114590 114590 187 2142833 0.00 1.95 10.00 187 - - 0.07
20170310 104170 104170 104170 104170 165 1723075 0.00 2.27 10.00 164 1 164.41 0.06
20170309 94700 94700 94700 94700 41 390542 0.00 0.46 10.00 41 - - 0.02
20170308 86090 86090 86090 86090 27 229860 0.00 0.18 10.01 27 - - 0.01
20170307 65220 78260 65220 78260 151 1170512 23.99 - 43.99 108 43 2.51 0.06
