20180223 45340 46570 44920 46390 42267 193746506 3.60 0.65 1.22 21374 20893 1.02 21.13
20180222 44450 47100 43630 45830 46151 209675625 7.89 0.66 4.16 23474 22677 1.04 23.08
20180214 45000 46600 42460 44000 62236 276641632 8.77 0.83 -6.74 35257 26979 1.31 31.12
20180213 54000 54000 47180 47180 67513 334086608 13.01 0.91 -10.00 35232 32281 1.09 33.76
20180212 49600 52420 48700 52420 68528 347597232 7.81 0.97 10.01 34655 33874 1.02 34.26
20180209 45030 51490 45020 47650 82816 399998736 13.56 1.16 -0.10 40905 41912 0.98 41.41
20180208 45030 48850 43500 47700 69681 322202128 11.31 0.81 0.85 36575 33107 1.10 34.84
20180207 47000 48920 45000 47300 84385 402867440 8.81 1.21 6.36 43875 40510 1.08 42.19
20180206 44820 46800 44470 44470 64679 291226848 4.72 1.12 -10.00 29823 34855 0.86 32.34
20180205 50000 51200 49410 49410 51274 255326216 3.26 1.08 -10.00 23565 27709 0.85 25.64
20180202 58550 60440 54900 54900 85951 493262816 9.08 2.82 -10.00 40187 45764 0.88 42.98
20180201 60000 61800 57330 61000 145087 860153600 7.96 99.32 8.58 59242 85846 0.69 72.54
20180131 56180 56180 56180 56180 2814 15806355 0.00 3.07 10.01 2814 - - 1.41
20180130 51070 51070 51070 51070 3037 15509959 0.00 9.62 9.99 3037 - - 1.52
20180129 46430 46430 46430 46430 804 3733157 0.00 5.02 10.00 804 - - 0.40
20180126 42210 42210 42210 42210 488 2061578 0.00 7.49 10.01 488 - - 0.24
20180125 38370 38370 38370 38370 161 617757 0.00 3.41 10.01 161 - - 0.08
20180124 34880 34880 34880 34880 95 331360 0.00 2.70 10.00 95 - - 0.05
20180123 31710 31710 31710 31710 30 94590 0.00 0.81 9.99 30 - - 0.01
20180122 28830 28830 28830 28830 26 74958 0.00 0.61 10.00 26 - - 0.01
20180119 26210 26210 26210 26210 14 36694 0.00 0.20 9.99 14 - - 0.01
20180118 21850 23830 21850 23830 71 167873 11.96 - 43.99 71 - - 0.04
