20191129 25070 25390 25070 25310 4549 11480755 1.27 0.56 0.44 2399 2150 1.12 1.57
20191128 25560 25800 25110 25200 4746 12051105 2.72 0.59 -0.79 2674 2071 1.29 1.63
20191127 25410 25600 25040 25400 6180 15674198 2.19 0.71 -0.74 3391 2789 1.22 2.13
20191126 25360 26200 25310 25590 8989 23151493 3.55 1.06 1.95 4238 4752 0.89 3.09
20191125 26390 26460 25030 25100 10271 26086042 5.44 1.35 -4.56 5947 4325 1.38 3.53
20191122 26680 27290 25720 26300 10780 28611652 5.84 1.51 -2.19 5854 4927 1.19 3.71
20191121 26890 27120 26600 26890 4176 11225128 1.94 0.52 0.34 2341 1835 1.28 1.44
20191120 27600 27630 26730 26800 9579 26028673 3.26 1.26 -2.97 6491 3088 2.10 3.30
20191119 27460 27670 27050 27620 7709 21140434 2.29 1.06 1.88 3004 4706 0.64 2.65
20191118 26600 27560 26600 27110 5855 15899264 3.52 0.64 -0.66 3093 2763 1.12 2.01
20191115 27490 27640 26890 27290 8373 22902870 2.75 0.93 0.04 4630 3743 1.24 2.88
20191114 26980 27570 26800 27280 8669 23647887 2.89 1.05 2.25 3819 4850 0.79 2.98
20191113 27060 27270 26590 26680 7344 19758604 2.50 0.87 -1.88 4175 3169 1.32 2.53
20191112 27360 27680 26880 27190 6283 17104603 2.92 0.67 -0.73 3342 2941 1.14 2.16
20191111 28790 28790 26530 27390 14726 40606703 7.80 1.73 -5.49 8477 6250 1.36 5.07
20191108 29390 29390 28980 28980 8003 23366160 1.41 0.91 -0.41 4497 3506 1.28 2.75
20191107 28800 29250 28800 29100 5090 14788203 1.56 0.47 0.59 2639 2451 1.08 1.75
20191106 29060 29380 28780 28930 8234 23935381 2.05 0.66 -0.99 5098 3136 1.63 2.83
20191105 29420 29750 28880 29220 10678 31171089 2.95 0.69 -0.88 6570 4108 1.60 3.67
20191104 29710 30300 29430 29480 10615 31479704 2.92 0.55 -0.94 7288 3327 2.19 3.65
20191101 29600 30160 29600 29760 9491 28368404 1.89 0.42 0.20 5523 3968 1.39 3.27
20191031 31130 31380 29510 29700 15162 45760216 6.04 0.63 -4.01 8995 6167 1.46 5.22
20191030 31640 31640 30510 30940 15984 49425334 3.53 0.58 -3.31 8589 7395 1.16 5.50
20191029 33460 33490 32000 32000 25665 83219204 4.44 0.98 -4.73 17505 8161 2.15 8.83
20191028 32550 33600 32360 33590 30741 101760233 3.78 1.32 2.35 13672 17070 0.80 10.58
20191025 32600 33440 32190 32820 26419 86636588 3.84 1.19 0.89 12735 13684 0.93 9.09
20191024 32180 32880 31700 32530 21283 68662263 3.62 0.93 -0.18 11425 9858 1.16 7.32
20191023 31680 33290 31410 32590 32787 106824767 5.92 1.29 2.65 15130 17657 0.86 11.28
20191022 30710 33800 30710 31750 19442 62034866 10.05 0.66 3.22 9533 9910 0.96 6.69
20191021 32180 32180 29330 30760 16120 49264728 8.94 0.51 -3.51 8889 7232 1.23 5.55
20191018 32620 32850 31500 31880 21706 69357200 4.14 0.72 -2.27 13442 8263 1.63 7.47
20191017 32480 33150 32290 32620 24251 79411018 2.62 0.87 -0.46 14069 10182 1.38 8.34
20191016 31680 33750 31180 32770 45141 146810510 8.07 2.00 2.92 21880 23261 0.94 15.53
20191015 32330 32560 31220 31840 41196 131170098 4.17 2.26 -1.00 24257 16939 1.43 14.17
20191014 29270 32160 29270 32160 25954 81994972 9.88 1.38 9.99 15411 10543 1.46 8.93
20191011 30090 30300 29200 29240 13215 38981414 3.65 0.61 -2.86 8385 4830 1.74 4.55
20191010 30060 30280 29510 30100 13812 41343982 2.57 0.60 0.33 6996 6816 1.03 4.75
20191009 30020 30120 28930 30000 18780 55580000
20191008 30380 31580 29810 31000 19320 58975217 5.85 0.90 2.51 10314 9006 1.15 6.65
20190930 31860 31860 29910 30240 29031 89081445 6.12 1.54 -5.08 17703 11328 1.56 9.99
20190927 28500 31860 28500 31860 26669 83345178 11.60 1.55 10.01 12594 14075 0.89 9.18
20190926 30800 31400 28500 28960 20480 60517201 9.43 1.27 -5.85 11334 9146 1.24 7.05
20190925 32240 32240 30700 30760 16845 52616000
20190924 31910 32490 31910 32250 14035 45331508 1.82 0.81 0.97 7213 6822 1.06 4.83
20190923 32510 32540 31500 31940 16396 52012670 3.19 0.90 -1.90 9163 7233 1.27 5.64
20190920 32900 32900 32100 32560 18486 60201744 2.45 1.02 -0.34 10481 8005 1.31 6.36
20190919 32050 32750 31640 32670 14917 48314666 3.48 0.80 2.35 6601 8316 0.79 5.13
20190918 31800 32280 31550 31920 12905 41152048 2.29 0.60 0.35 6816 6089 1.12 4.44
20190917 33330 33330 31590 31810 24418 78867915 5.18 0.95 -5.36 14518 9900 1.47 8.40
20190916 34150 34500 33500 33610 20447 68920184 2.93 0.82 -1.52 13278 7169 1.85 7.04
20190912 34000 34190 33760 34130 18009 61180728 1.27 0.65 0.53 9393 8616 1.09 6.20
20190911 33870 34160 33710 33950 17821 60413000
20190910 34520 34520 33600 33870 27359 92805561 2.65 1.09 -2.48 15903 11457 1.39 9.41
20190909 32900 34980 32630 34730 45038 153454073 7.22 2.33 6.63 18826 26212 0.72 15.50
20190906 32300 32770 32130 32570 16549 53636982 1.98 0.80 0.93 8892 7657 1.16 5.69
20190905 32170 32960 32000 32270 32448 105628994 3.01 1.78 1.32 16196 16252 1.00 11.16
20190904 32180 32470 31660 31850 16841 53833540 2.52 0.73 -1.03 10319 6522 1.58 5.79
20190903 31980 32270 31780 32180 14482 46416000
20190902 31710 32500 31710 32090 16509 53078000
20190830 33190 33480 31660 31710 23491 76242545 5.48 0.54 -4.46 14807 8684 1.71 8.08
20190829 33000 33430 32680 33190 19691 65117841 2.27 0.44 0.36 10175 9516 1.07 6.78
20190828 33460 34150 32800 33070 41577 138985508 3.89 0.94 -4.70 23916 17661 1.35 14.30
20190827 35450 36700 34500 34700 62436 222152479 6.20 1.41 -2.14 35142 27295 1.29 21.48
20190826 31680 36090 31200 35460 70460 245292927 14.90 1.56 8.08 34334 36125 0.95 24.24
20190823 33570 34130 32780 32810 22509 75044542 4.01 0.44 -2.64 13317 9191 1.45 7.74
20190822 34290 34300 33020 33700 27537 92640290 3.79 0.47 -0.30 15157 12379 1.22 9.47
20190821 34000 34660 33300 33800 37390 126550848 3.90 0.58 -3.01 22217 15173 1.46 12.86
20190820 35000 35800 34340 34850 63379 221675662 4.16 0.96 -0.77 34713 28667 1.21 21.81
20190819 34390 35550 33200 35120 74438 254798841 7.19 1.28 7.40 35602 38836 0.92 25.61
20190816 32820 33280 32400 32700 51649 169492731 2.63 0.92 -2.10 29999 21650 1.39 17.77
20190815 30750 33860 30080 33400 66675 213649002 11.93 1.24 5.40 31313 35363 0.89 22.94
20190814 31400 32910 31330 31690 63933 204464573 5.17 1.05 3.66 33227 30707 1.08 22.00
20190813 31850 32680 30380 30570 72778 229517142 7.46 1.28 -0.81 38861 33917 1.15 25.04
20190812 28490 30820 28130 30820 36186 107197000
20190809 29360 29950 27830 28020 39726 114633260 7.15 0.84 -5.50 23473 16253 1.44 13.67
20190808 29880 30490 29610 29650 55533 166518805 2.78 1.45 -6.47 33888 21645 1.57 19.11
20190807 32310 33880 31350 31700 100018 328664592 8.21 4.76 2.92 57080 42938 1.33 34.41
20190806 27530 30800 26010 30800 52484 151852764 17.11 3.52 10.00 28269 24214 1.17 18.06
20190805 28000 28510 27390 28000 15274 43061706 4.03 1.08 0.65 7479 7795 0.96 5.26
20190802 27810 27930 26780 27820 13115 35995834 4.09 0.94 -1.07 6185 6930 0.89 4.51
20190801 28000 28480 27600 28120 11198 31461837 3.17 0.74 1.19 5392 5806 0.93 3.85
20190731 28050 28250 27680 27790 12975 36191528 2.03 0.84 -1.24 7194 5781 1.24 4.46
20190730 27400 28910 27140 28140 21949 62152856 6.49 1.70 3.11 10789 11159 0.97 7.55
20190729 26690 27400 26480 27290 11269 30618608 3.42 0.85 1.45 5285 5984 0.88 3.88
20190726 26750 27440 26620 26900 12706 34237871 3.05 1.03 -0.04 6618 6088 1.09 4.37
20190725 26330 27480 26330 26910 17215 46322570 4.38 1.57 2.40 7862 9353 0.84 5.92
20190724 25760 26510 25510 26280 13744 35989296 3.92 1.16 3.14 6090 7654 0.80 4.73
20190723 24860 25580 24860 25480 9589 24250613 2.89 0.81 2.17 4133 5456 0.76 3.30
20190722 26380 26780 24900 24940 13034 33048992 7.10 1.01 -5.78 8091 4944 1.64 4.48
20190719 26740 27180 26320 26470 7870 21103853 3.22 0.64 -1.01 4771 3099 1.54 2.71
20190718 27880 27880 26740 26740 10417 28311971 4.08 0.90 -4.33 6640 3777 1.76 3.58
20190717 27110 28990 26960 27950 18143 50878808 7.49 1.87 3.10 9008 9135 0.99 6.24
20190716 26970 27180 26720 27110 9988 26932094 1.71 1.01 0.52 5285 4703 1.12 3.44
20190715 28100 28100 26080 26970 18014 48040634 7.16 1.93 -4.36 9138 8876 1.03 6.20
20190712 28120 28500 28020 28200 5238 14784686 1.70 0.51 0.14 2813 2425 1.16 1.80
20190711 28500 28770 28070 28160 6462 18336238 2.48 0.57 -0.42 4396 2066 2.13 2.22
20190710 28990 29000 28220 28280 8783 25023201 2.68 0.72 -2.78 5615 3167 1.77 3.02
20190709 28620 29400 28260 29090 10919 31523967 3.98 0.82 1.61 4592 6327 0.73 3.76
20190708 29590 29590 28060 28630 15227 43629475 5.14 0.99 -3.89 10226 5001 2.04 5.24
20190705 29540 30050 29300 29790 9759 29012637 2.54 0.63 1.05 4270 5489 0.78 3.36
20190704 29760 29880 29100 29480 12159 35771869 2.62 0.80 -0.81 7063 5096 1.39 4.18
20190703 30630 30630 29510 29720 12722 38075886 3.67 0.90 -2.49 8352 4370 1.91 4.38
20190702 30800 30940 30200 30480 16505 50451986 2.42 1.24 -0.52 8984 7521 1.19 5.68
20190701 29650 30650 29320 30640 25744 77587298 4.59 2.32 5.69 11317 14426 0.78 8.86
20190628 29830 29830 28920 28990 10762 31479947 3.08 0.87 -1.90 6515 4247 1.53 3.70
20190627 29550 29800 29460 29550 10179 30166036 1.15 0.74 0.00 5334 4845 1.10 3.50
20190626 29460 29880 29310 29550 7688 22741985 1.93 0.48 0.03 4298 3390 1.27 2.65
20190625 30130 30220 29280 29540 12360 36516291 3.12 0.74 -1.96 7384 4976 1.48 4.25
20190624 30700 31180 29900 30130 14538 44070561 4.16 0.91 -2.14 9241 5297 1.74 5.00
20190621 30580 31250 30580 30790 16733 51717652 2.20 0.95 1.08 8423 8310 1.01 5.76
20190620 30530 30700 29710 30460 17741 53829073 3.28 1.07 0.86 8525 9216 0.93 6.10
20190619 30150 30670 30000 30200 18055 54808847 2.25 1.09 1.41 9578 8477 1.13 6.21
20190618 28860 30480 28640 29780 16685 49615320 6.37 0.96 3.08 7156 9529 0.75 5.74
20190617 29000 29600 28520 28890 11100 32164151 3.70 0.57 -1.03 5946 5154 1.15 3.82
20190614 31700 31700 29150 29190 24355 73375092 8.12 1.16 -7.04 14711 9644 1.53 8.38
20190613 31590 31700 31010 31400 12802 40279273 2.19 0.54 -0.16 6697 6105 1.10 4.40
20190612 31500 32130 31100 31450 18003 56734377 3.28 0.76 0.00 10161 7842 1.30 6.19
20190611 30310 31510 30300 31450 20563 64037996 3.97 0.84 3.18 9225 11338 0.81 7.08
20190610 30540 31530 29550 30480 21158 64404283 6.15 0.73 -5.25 11943 9215 1.30 7.28
20190606 33660 34980 32000 32170 32377 109108296 8.99 1.21 -2.96 18444 13933 1.32 11.14
20190605 32100 33270 31700 33150 25731 84361468 4.89 0.95 3.27 11893 13837 0.86 8.85
20190604 31900 32880 31510 32100 18099 58324270 4.29 0.66 0.56 8936 9163 0.98 6.23
20190603 33380 33380 31890 31920 24870 81036015 4.41 0.98 -5.42 14990 9880 1.52 8.56
20190531 32200 35320 32080 33750 44134 149152905 10.06 2.47 4.81 21283 22850 0.93 15.18
20190530 31450 32220 30750 32200 21168 66456083 4.61 1.41 0.91 10814 10353 1.04 7.28
20190529 30970 32500 30470 31910 27242 86653000
20190528 31500 31500 30470 30700 20003 62072959 3.23 2.45 -3.64 11700 8304 1.41 6.88
20190527 50260 51990 49810 51980 13794 70122529 4.34 2.08 3.59 6415 7379 0.87 7.59
20190524 49440 50350 49200 50180 7110 35553964 2.33 1.03 1.83 2717 4393 0.62 3.91
20190523 50630 50980 49100 49280 6781 33701521 3.70 0.94 -2.99 4216 2565 1.64 3.73
20190522 51260 51810 50500 50800 6241 31904622 2.58 0.78 0.00 3534 2708 1.31 3.44
20190521 50340 51300 50160 50800 6919 35153636 2.26 0.88 0.85 3699 3220 1.15 3.81
20190520 50500 50800 49400 50370 6167 30919255 2.82 0.74 1.61 2904 3263 0.89 3.40
20190517 51680 52190 49240 49570 8505 43187257 5.71 0.97 -4.03 5638 2868 1.97 4.68
20190516 52000 52620 51130 51650 8364 43414680 2.88 0.92 -0.02 4489 3874 1.16 4.60
20190515 50280 52090 50150 51660 9950 50948776 3.87 1.10 3.05 4608 5342 0.86 5.48
20190514 48940 50440 48510 50130 6540 32619598 3.89 0.69 1.15 2967 3573 0.83 3.60
20190513 49910 50500 49280 49560 8117 40500633 2.42 0.78 -1.82 4871 3246 1.50 4.47
20190510 49600 50850 48100 50480 11085 55467395 5.60 1.00 2.81 5420 5665 0.96 6.10
20190509 48170 49880 47880 49100 9815 48365910 4.15 0.79 1.97 5089 4726 1.08 5.40
20190508 46940 49300 46550 48150 9556 46118253 5.76 0.72 0.86 4848 4708 1.03 5.26
20190507 47750 48000 47000 47740 8704 41346293 2.14 0.58 2.34 4426 4278 1.03 4.79
20190506 49500 50500 46560 46650 12888 62486856 7.62 0.72 -9.73 7743 5144 1.51 7.09
20190430 53590 54000 51120 51680 14250 75236982 5.27 0.84 -5.45 7317 6932 1.06 7.84
20190429 60720 60800 54660 54660 17030 94188947 10.11 1.13 -10.00 9931 7099 1.40 9.37
20190426 61000 62280 60410 60730 13053 80163026 3.10 0.95 0.53 7303 5749 1.27 7.19
20190425 61990 62950 60000 60410 17258 106019502 4.78 1.40 -2.19 10013 7245 1.38 9.50
20190424 60500 64080 60000 61760 27973 173812808 6.98 3.34 5.72 14779 13195 1.12 15.40
20190423 59020 59300 58300 58420 9570 56295084 1.70 1.10 -0.83 5371 4199 1.28 5.27
20190422 58700 59340 58370 58910 7352 43301031 1.65 0.79 0.37 3872 3480 1.11 4.05
20190419 58700 58720 57790 58690 6526 38043948 1.59 0.67 0.22 3685 2841 1.30 3.59
20190418 59540 59580 58480 58560 10023 58872863 1.85 1.00 -1.65 7092 2931 2.42 5.52
20190417 59100 60120 59100 59540 8466 50634379 1.71 0.76 -0.03 4485 3982 1.13 4.66
20190416 58590 59620 57690 59560 10989 64384101 3.28 0.71 1.24 5935 5054 1.17 6.05
20190415 60000 60480 58800 58830 10778 64594609 2.83 0.66 -0.81 6128 4650 1.32 5.93
20190412 58440 59500 58410 59310 8538 50436787 1.87 0.49 1.56 4328 4210 1.03 4.70
20190411 59620 59950 58300 58400 11590 68395601 2.77 0.63 -2.11 7184 4405 1.63 6.38
20190410 60000 60170 58900 59660 13587 80824040 2.10 0.73 -1.47 7455 6132 1.22 7.48
20190409 62000 64000 59940 60550 33130 201382018 6.10 2.18 -9.08 19871 13259 1.50 18.24
20190408 69020 69130 66080 66600 14783 99927688 4.43 0.97 -3.27 8862 5921 1.50 8.14
20190404 69480 69480 68430 68850 13933 95825258 1.52 0.86 -0.36 8381 5552 1.51 7.67
20190403 67800 69720 67350 69100 16675 114879174 3.50 1.10 1.95 7326 9349 0.78 9.18
20190402 67750 68570 67420 67780 14995 102000405 1.70 0.95 0.30 7739 7256 1.07 8.25
20190401 65600 67750 65400 67580 15610 104623522 3.59 1.02 3.30 6892 8718 0.79 8.59
20190329 64150 65500 63030 65420 14945 96467733 3.84 0.93 1.73 6771 8174 0.83 8.23
20190328 66780 66970 64090 64310 18854 123764918 4.27 1.20 -4.56 12146 6707 1.81 10.38
20190327 68550 68830 66850 67380 11718 79087818 2.90 0.71 -1.25 7237 4482 1.61 6.45
20190326 67100 68680 66680 68230 18007 122381848 2.98 1.07 1.76 9089 8919 1.02 9.91
20190325 66170 68350 65810 67050 13241 89031565 3.77 0.77 -0.49 6582 6659 0.99 7.29
20190322 67800 68290 66150 67380 18223 122191430 3.14 1.07 -1.10 10735 7489 1.43 10.03
20190321 68930 68970 67700 68130 17267 118030000 1.84 0.88 -1.28 9812 7455 1.32 9.51
20190320 68150 69490 67620 69010 16035 109890135 2.75 0.73 1.31 7894 8141 0.97 8.83
20190319 68720 69480 67610 68120 19013 130182111 2.70 0.78 -1.53 11233 7780 1.44 10.47
20190318 68600 69180 67710 69180 14963 102434166 2.17 0.58 1.92 7704 7259 1.06 8.24
20190315 67220 68500 66950 67880 18030 122378544 2.31 0.59 1.24 10345 7685 1.35 9.93
20190314 71000 71880 65060 67050 30163 205075949 9.55 0.85 -6.08 16882 13281 1.27 16.60
20190313 74520 75200 70770 71390 27756 203829292 5.95 0.73 -4.11 15949 11807 1.35 15.28
20190312 73290 75300 72660 74450 31152 231376161 3.64 0.76 2.55 15522 15630 0.99 17.15
20190311 70680 72660 70600 72600 21859 156819767 2.91 0.50 2.69 11513 10346 1.11 12.03
20190308 73990 75260 70380 70700 43108 316784880 6.35 1.08 -7.95 26377 16730 1.58 23.73
20190307 75980 80180 73080 76810 53627 410918800 9.33 1.48 0.95 29223 24404 1.20 29.52
20190306 77000 77180 74000 76090 40099 303225280 4.13 1.07 -1.07 22373 17726 1.26 22.07
20190305 73260 77800 72800 76910 45472 345909216 6.83 1.27 4.98 20557 24914 0.83 25.03
20190304 71800 74960 70310 73260 37749 273718592 6.54 1.05 3.04 18364 19385 0.95 20.78
20190301 70550 72350 70350 71100 22985 163688100 2.83 0.63 0.78 12278 10707 1.15 12.65
20190228 72200 73000 69730 70550 35031 249696734 4.46 0.98 -3.76 21377 13654 1.57 19.28
20190227 71850 75850 71200 73310 45790 336854352 6.58 1.35 3.69 22813 22976 0.99 25.21
20190226 72960 73650 70500 70700 37740 271600304 4.31 1.08 -3.16 21847 15893 1.37 20.78
20190225 69500 73300 68700 73010 38011 272132176 6.66 1.09 5.69 17705 20307 0.87 20.93
20190222 68680 69240 67010 69080 26557 181558656 3.24 0.71 0.28 13812 12744 1.08 14.62
20190221 69770 71430 68600 68890 30108 209873196 4.03 0.77 -2.01 16272 13836 1.18 16.57
20190220 70700 71500 68010 70300 36699 256172163 4.87 0.90 -1.95 20955 15744 1.33 20.20
20190219 74900 75990 71070 71700 42840 314763232 6.64 0.97 -3.30 24332 18508 1.31 23.58
20190218 74300 74300 72210 74150 38647 283900768 2.83 0.89 0.39 21809 16838 1.30 21.28
20190215 72650 73950 71800 73860 37641 274732720 2.98 0.89 2.23 17715 19925 0.89 20.72
20190214 72790 74100 70890 72250 38833 281115296 4.39 0.88 -1.14 21835 16998 1.28 21.38
20190213 72900 75150 72310 73080 46983 345863904 3.87 1.03 -0.30 23061 23921 0.96 25.86
20190212 68860 75900 67650 73300 58291 416286944 11.96 1.26 6.23 31564 26728 1.18 32.09
20190211 65340 69790 65190 69000 34762 236360907 6.97 0.72 4.61 16319 18443 0.88 19.14
20190201 64120 66780 64120 65960 32075 210681905 4.19 0.60 3.81 15062 17013 0.89 17.66
20190131 64990 66800 61520 63540 47840 307040352 7.92 0.83 -4.74 26471 21369 1.24 26.34
20190130 69200 71450 66100 66700 55097 380760000 7.70 0.87 -4.01 30908 24189 1.28 30.33
20190129 66210 72880 63380 69490 61294 418112512 14.12 0.94 3.32 30928 30366 1.02 33.74
20190128 65490 67880 64400 67260 46021 304264176 5.42 0.72 4.78 22387 23633 0.95 25.33
20190125 66460 69440 63930 64190 59143 394205216 8.24 0.93 -4.02 31687 27456 1.15 32.56
20190124 68800 70600 65810 66880 67029 456054480 6.82 1.21 -4.82 36858 30171 1.22 36.90
20190123 63100 70270 62000 70270 82608 547041168 12.95 1.81 10.00 41993 40615 1.03 45.48
20190122 61500 66360 61500 63880 70904 458215696 8.06 1.72 5.88 40238 30666 1.31 39.03
20190121 60130 61000 58610 60330 40415 241789346 3.97 0.94 0.33 21047 19368 1.09 22.25
20190118 56400 61580 56400 60130 55911 329230704 9.14 1.29 6.12 25665 30246 0.85 30.78
20190117 56520 57490 56300 56660 26269 149284011 2.11 0.59 0.55 13824 12446 1.11 14.46
20190116 56300 58270 56050 56350 34548 197799128 3.94 0.73 -0.05 17752 16796 1.06 19.02
20190115 61110 62770 56800 56800 48643 286974688 9.75 1.19 -7.24 28889 19755 1.46 26.78
20190114 61110 62770 56800 56800 48644 286975000
20190111 57290 62890 57110 61230 58276 349508000
20190110 57640 57900 56480 57310 33641 192002000
20190109 56050 59280 55400 57790 45735 262655931 6.95 1.39 3.49 21357 24378 0.88 25.18
20190108 56400 57300 55810 55840 29843 168375065 2.64 0.86 -0.99 15494 14349 1.08 16.43
20190107 55690 57850 55550 56400 37393 211326880 4.13 1.05 1.20 19270 18123 1.06 20.58
20190104 53150 56090 53150 55730 30611 168322599 5.43 0.81 2.84 15232 15379 0.99 16.85
20190103 56830 57300 54010 54190 32805 182046002 5.73 0.81 -5.64 20050 12755 1.57 18.06
20190102 56530 57500 55110 57430 34370 193095214 4.19 0.82 0.77 20212 14158 1.43 18.92
20181228 59890 60300 56800 56990 37988 221657739 5.85 0.84 -4.78 22474 15514 1.45 20.91
20181227 61680 61950 59500 59850 42553 260514188 4.02 0.94 -1.80 22614 19939 1.13 23.43
20181226 59890 61190 58800 60950 41727 251214411 3.98 0.89 1.58 20686 21041 0.98 22.97
20181225 60770 60800 58280 60000 45907 273467904 4.03 0.99 -3.98 25892 20015 1.29 25.27
20181224 61000 62880 60790 62490 40179 248547910 3.41 0.79 1.91 19808 20371 0.97 22.12
20181221 64160 64800 59690 61320 55086 342982688 7.94 1.01 -4.77 32724 22362 1.46 30.32
20181220 63000 64580 62000 64390 43572 275907872 3.98 0.61 -0.79 22632 20940 1.08 23.99
20181219 65790 67250 64210 64900 49418 325217792 4.70 0.79 0.31 25408 24010 1.06 27.20
20181218 66200 66500 64099 64700 44599 290902000
20181217 65300 67790 64880 67160 60620 403355696 4.40 1.45 1.60 30447 30173 1.01 33.37
20181214 65200 67360 65000 66100 74939 497023024 3.58 2.77 0.15 36812 38127 0.97 41.25
20181213 70870 70870 63670 66000 127484 848175072 11.17 75.72 2.42 61065 66419 0.92 70.18
20181212 64440 64440 64440 64440 3890 25067997 0.00 4.16 10.00 3890 - - 2.14
20181211 58580 58580 58580 58580 2407 14100206 0.00 5.18 10.01 2407 - - 1.33
20181210 53250 53250 53250 53250 1024 5452374 0.00 3.86 10.00 1024 - - 0.56
20181207 48410 48410 48410 48410 663 3209583 0.00 3.98 10.00 663 - - 0.36
20181206 44010 44010 44010 44010 434 1910034 0.00 4.35 10.00 434 - - 0.24
20181205 40010 40010 40010 40010 147 588147 0.00 1.75 10.01 147 - - 0.08
20181204 36370 36370 36370 36370 57 208509 0.00 0.59 10.01 57 - - 0.03
20181203 33060 33060 33060 33060 24 79377 0.00 0.14 10.02 24 - - 0.01
20181130 25040 30050 25040 30050 171 511713 24.01 - 43.99 171 - - 0.09
