20180619 21350 21600 19500 19500 31580 64147917 9.69 0.59 -10.01 19655 11926 1.65 10.53
20180615 23010 23090 21130 21670 42420 93686803 8.51 0.69 -5.95 25976 16444 1.58 14.14
20180614 22670 23310 22330 23040 39469 90169153 4.29 0.56 0.83 17979 21490 0.84 13.16
20180613 23320 23570 22500 22850 50991 117354267 4.55 0.62 -2.89 31357 19635 1.60 17.00
20180612 23500 23790 22410 23530 64738 149969686 5.85 0.68 -0.17 32925 31814 1.03 21.58
20180611 24100 24430 23020 23570 69499 165063936 5.75 0.72 -3.95 40236 29264 1.37 23.17
20180608 24570 24710 23770 24540 82357 200257018 3.85 0.66 0.41 49539 32818 1.51 27.45
20180607 25000 25010 24010 24440 85978 210270377 3.96 0.78 -3.17 49942 36036 1.39 28.66
20180606 25000 25400 24530 25240 107421 268979040 3.51 0.87 1.73 54524 52897 1.03 35.81
20180605 24350 25220 23910 24810 132727 327129056 5.21 1.16 -1.39 69851 62876 1.11 44.24
20180604 26990 27420 25160 25160 75347 197015121 8.08 0.70 -10.01 34731 40616 0.86 25.12
20180601 32370 32370 27090 27960 222376 698457472 17.94 2.88 -4.99 177216 45160 3.92 74.13
20180531 29430 29430 29430 29430 16100 47382300 0.00 0.19 10.02 14652 1449 10.11 5.37
20180530 25550 26750 25550 26750 173535 461804384 4.93 2.53 9.99 136031 37503 3.63 57.84
20180529 22590 25530 22590 24320 85531 213824988 12.67 1.32 4.78 58146 27386 2.12 28.51
20180528 37330 37350 33780 35170 42540 149911560 9.56 0.70 -5.84 23061 19479 1.18 21.27
20180525 35870 39400 35870 37350 68408 257191196 9.84 1.34 4.16 30210 38198 0.79 34.20
20180524 34500 37250 34250 35860 53539 190687591 8.31 1.21 -0.66 28561 24978 1.14 26.77
20180523 36090 38560 35880 36100 92757 343364624 7.54 3.11 1.58 44914 47844 0.94 46.38
20180522 35300 35540 34200 35540 65727 231201025 4.15 3.11 10.00 40355 25372 1.59 32.86
20180521 31600 32400 31380 32310 24367 77588318 3.25 0.99 2.96 11621 12746 0.91 12.18
20180518 31100 31400 30500 31380 18631 57778689 2.89 0.52 0.80 10325 8306 1.24 9.32
20180517 30600 31890 30510 31130 18990 59319545 4.47 0.48 0.91 8932 10058 0.89 9.50
20180516 30720 31820 30720 30850 21359 66578774 3.52 0.54 -1.19 11752 9607 1.22 10.68
20180515 30790 31370 30550 31220 22462 69634300 2.66 0.59 1.26 11542 10920 1.06 11.23
20180514 31200 31800 30200 30830 41589 129111325 4.92 1.25 -5.28 24913 16676 1.49 20.79
20180511 37500 37960 32350 32550 74662 260680826 15.61 3.59 -9.43 41900 32762 1.28 37.33
20180510 34800 35940 34300 35940 37109 131564868 5.02 2.34 10.01 23869 13241 1.80 18.55
20180509 30450 32670 30450 32670 22565 72545636 7.47 1.72 10.00 16411 6154 2.67 11.28
20180508 29500 29980 29360 29700 14204 42066509 2.08 1.14 -0.13 7602 6602 1.15 7.10
20180507 29290 29740 28680 29740 17333 51076637 3.66 1.42 2.73 7714 9619 0.80 8.67
20180504 28560 29500 28450 28950 12842 37157048 3.68 0.82 1.40 6624 6218 1.07 6.42
20180503 28040 28690 27020 28550 12425 34733393 5.96 0.66 1.89 5758 6667 0.86 6.21
20180502 28500 28920 27600 28020 8731 24581382 4.63 0.47 -1.82 5109 3622 1.41 4.37
20180427 28600 29090 28310 28540 10828 30999666 2.75 0.55 0.56 4857 5971 0.81 5.41
20180426 29420 29710 28200 28380 16110 46659924 5.10 0.91 -4.12 9713 6397 1.52 8.06
20180425 30200 30460 29310 29600 29804 88498007 3.82 2.16 -1.73 16749 13055 1.28 14.90
20180424 27380 30120 27380 30120 28386 84183129 10.01 2.69 10.01 19735 8650 2.28 14.19
20180423 27000 27500 26670 27380 7193 19539050 2.98 0.65 -1.69 3736 3457 1.08 3.60
20180420 28190 29390 27820 27850 16245 46387052 5.66 1.58 0.40 7698 8547 0.90 8.12
20180419 28000 28240 27670 27740 7334 20457049 2.04 0.54 -0.93 3730 3605 1.03 3.67
20180418 27800 28150 26840 28000 9988 27482148 4.81 0.67 2.90 5321 4667 1.14 4.99
20180417 29000 29290 27210 27210 11982 33908375 7.20 0.68 -5.82 7268 4714 1.54 5.99
20180416 29500 29640 28540 28890 9590 27700505 3.71 0.48 -2.56 5347 4243 1.26 4.80
20180413 30100 30380 29550 29650 12480 37322609 2.77 0.58 -1.17 7336 5144 1.43 6.24
20180412 29340 30670 29310 30000 23918 72169318 4.62 1.17 2.01 12114 11804 1.03 11.96
20180411 28620 29580 28620 29410 16283 47593213 3.33 0.85 2.05 7666 8617 0.89 8.14
20180410 29500 29500 28220 28820 25838 74782890 4.18 1.60 -5.79 15289 10550 1.45 12.92
20180409 29530 30730 29220 30590 20912 62979659 5.00 1.50 1.32 10813 10100 1.07 10.46
20180404 29190 30460 29000 30190 20231 60029819 4.97 1.69 2.79 10230 10001 1.02 10.12
20180403 28020 29960 27800 29370 19196 55769157 7.56 1.91 2.80 8080 11116 0.73 9.60
20180402 28930 28940 28390 28570 10005 28660665 1.92 1.01 -0.45 4991 5013 1.00 5.00
20180330 28100 28760 27830 28700 10329 29457788 3.32 0.95 2.43 5083 5246 0.97 5.16
20180329 27480 28080 27330 28020 9949 27635886 2.74 0.90 2.26 5316 4633 1.15 4.97
20180328 27010 27800 26800 27400 10283 28263478 3.66 0.78 0.18 5186 5097 1.02 5.14
20180327 26450 27420 26450 27350 9698 26275305 3.67 0.72 3.40 4912 4786 1.03 4.85
20180326 25010 26900 24300 26450 9221 23514354 10.14 0.70 3.12 4776 4445 1.07 4.61
20180323 27500 27850 25650 25650 15104 40068759 7.72 1.34 -10.00 9751 5353 1.82 7.55
20180322 28300 28980 28280 28500 11266 32203946 2.44 0.97 -0.45 6856 4410 1.55 5.63
20180321 29950 30100 28600 28630 20332 59454390 5.24 1.80 -0.03 11281 9051 1.25 10.17
20180320 27350 28680 27350 28640 11862 33587358 4.80 1.09 3.32 4885 6977 0.70 5.93
20180319 27250 28050 27180 27720 7590 21045085 3.20 0.66 1.91 3076 4514 0.68 3.80
20180316 27080 27550 27080 27200 5359 14649948 1.73 0.42 0.29 2641 2718 0.97 2.68
20180315 28010 28250 26710 27120 12770 35033417 5.38 1.04 -5.31 7868 4902 1.61 6.39
20180314 28100 30200 27830 28640 18838 54701271 8.40 1.95 1.56 8933 9905 0.90 9.42
20180313 28620 28860 28070 28200 9785 27864348 2.77 1.01 -1.26 5362 4423 1.21 4.89
20180312 28700 29080 28500 28560 10776 30916826 2.03 1.21 0.11 5857 4919 1.19 5.39
20180309 27980 28780 27760 28530 11939 33787753 3.65 1.61 2.08 5730 6209 0.92 5.97
20180308 26860 28050 26820 27950 10191 28248242 4.56 1.63 3.63 4041 6150 0.66 5.10
20180307 27090 27260 26850 26970 5522 14930837 1.51 0.91 -0.70 3115 2407 1.29 2.76
20180306 26900 27750 26580 27160 10061 27473028 4.37 1.95 1.34 5501 4560 1.21 5.03
20180305 26300 26890 26100 26800 6683 17744166 3.01 1.36 2.21 3136 3547 0.88 3.34
20180302 26510 26830 26130 26220 4543 12034567 2.62 0.98 -1.76 2707 1836 1.47 2.27
20180301 26360 26710 26060 26690 4538 12058414 2.47 1.06 1.44 1804 2734 0.66 2.27
20180228 26420 26510 26180 26310 4367 11514288 1.23 1.12 -1.61 3006 1361 2.21 2.18
20180227 26550 26950 26300 26740 5644 15025657 2.44 1.60 0.26 3136 2508 1.25 2.82
20180226 26250 26780 26060 26670 5392 14308610 2.78 1.68 3.01 2677 2715 0.99 2.70
20180223 25520 25900 25320 25890 3237 8318885 2.27 0.90 1.45 1371 1866 0.73 1.62
20180222 25210 25660 25200 25520 2715 6916932 1.84 0.68 1.88 1292 1423 0.91 1.36
20180214 24880 25230 24730 25050 2591 6477585 2.02 0.55 1.01 1385 1206 1.15 1.30
20180213 25450 25450 24760 24800 3717 9299300 2.76 0.71 -0.96 2194 1523 1.44 1.86
20180212 24840 25390 24510 25040 3746 9392091 3.62 0.74 3.05 1783 1963 0.91 1.87
20180209 25190 25200 23830 24300 5185 12769721 5.33 1.07 -5.37 2952 2233 1.32 2.59
20180208 25370 25960 25180 25680 4687 12044673 3.08 0.89 1.34 1982 2705 0.73 2.34
20180207 26140 26140 24380 25340 6096 15445519 7.07 1.03 1.85 3152 2944 1.07 3.05
20180206 27350 27570 24880 24880 6519 17034016 9.73 1.20 -9.99 3788 2731 1.39 3.26
20180205 27500 27860 27310 27640 2915 8050030 1.97 0.51 -0.79 1806 1109 1.63 1.46
20180202 28190 28480 27260 27860 4075 11395792 4.33 0.61 -1.10 2449 1626 1.51 2.04
20180201 29760 30140 28080 28170 6774 19535578 6.92 0.95 -5.34 3713 3062 1.21 3.39
20180131 31650 31650 29350 29760 9391 28453533 7.31 1.33 -5.37 6233 3158 1.97 4.70
20180130 31260 31490 31050 31450 3979 12445751 1.41 0.54 1.13 2353 1626 1.45 1.99
20180129 31370 31870 30820 31100 4572 14276915 3.35 0.50 -0.77 2597 1975 1.31 2.29
20180126 31810 32140 31280 31340 8551 27092094 2.68 0.82 -2.15 5892 2659 2.22 4.28
20180125 32580 32980 32010 32030 9199 29908379 2.99 0.86 -1.39 5121 4078 1.26 4.60
20180124 31950 32860 31900 32480 9070 29391858 3.01 0.68 1.82 4341 4729 0.92 4.53
20180123 31710 32240 31600 31900 5578 17783053 2.01 0.35 0.00 3362 2216 1.52 2.79
20180122 33000 33000 31320 31900 13772 44119955 5.02 0.95 -4.69 8532 5240 1.63 6.89
20180119 33750 34560 33420 33470 14646 49631741 3.34 1.09 -1.96 7517 7129 1.05 7.32
20180118 34310 34580 33750 34140 10479 35625312 2.42 0.76 -0.55 6608 3870 1.71 5.24
20180117 33590 34980 33230 34330 22509 77023431 5.16 1.88 1.24 11654 10855 1.07 11.25
20180116 32240 33930 32030 33910 17285 57945041 5.88 1.33 4.98 6433 10851 0.59 8.64
20180115 32990 32990 32200 32300 7705 25011337 2.37 0.59 -2.97 4670 3035 1.54 3.85
20180112 33490 33570 32760 33290 9222 30601133 2.41 0.75 -0.92 5544 3678 1.51 4.61
20180111 33400 34090 32700 33600 12314 41278017 4.17 1.11 0.78 5682 6632 0.86 6.16
20180110 33800 33940 32800 33340 13377 44591931 3.34 1.31 -2.26 8899 4479 1.99 6.69
20180109 32110 35170 32110 34110 22274 74988306 9.49 3.01 5.83 10398 11877 0.88 11.14
20180108 32330 32530 31500 32230 7893 25092457 3.19 1.03 -0.25 4462 3430 1.30 3.95
20180105 32500 32680 32180 32310 5304 17187139 1.54 1.11 -0.28 3537 1767 2.00 2.65
20180104 32860 33160 32230 32400 6547 21360518 2.83 0.68 -1.55 4292 2255 1.90 3.27
20180103 33220 33220 32540 32910 8897 29193983 2.04 0.83 -1.05 4686 4211 1.11 4.45
20180102 32500 33550 31470 33260 8355 27610803 6.35 0.83 1.53 3929 4426 0.89 4.18
20171229 32880 33500 32500 32760 9293 30617061 3.06 1.03 0.28 5116 4177 1.22 4.65
20171228 32050 33570 32050 32670 11206 36852310 4.71 1.44 1.18 5921 5285 1.12 5.60
20171227 32680 32990 32240 32290 10292 33533756 2.29 1.56 -1.19 5551 4741 1.17 5.15
20171226 30970 32980 30820 32680 14403 46439742 6.97 3.22 5.49 5912 8492 0.70 7.20
20171225 30990 31050 30030 30980 5162 15773357 3.29 1.23 0.06 2918 2244 1.30 2.58
20171222 31090 31290 30850 30960 3942 12238561 1.42 0.91 0.13 2371 1571 1.51 1.97
20171221 30910 31190 30320 30920 5012 15420134 2.81 1.18 -0.23 2595 2416 1.07 2.51
20171220 31620 31640 30710 30990 4524 14102180 2.94 1.03 -1.96 3201 1323 2.42 2.26
20171219 31270 31810 31270 31610 3714 11716987 1.73 0.74 1.12 1802 1911 0.94 1.86
20171218 31850 31850 31050 31260 3826 12005705 2.54 0.71 -0.89 2176 1650 1.32 1.91
20171215 32060 32100 31110 31540 4565 14473431 3.08 0.75 -1.93 2889 1676 1.72 2.28
20171214 32190 32200 31600 32160 4612 14725044 1.87 0.68 0.03 2274 2338 0.97 2.31
20171213 31180 32320 31180 32150 5314 16906273 3.64 0.73 2.55 2082 3233 0.64 2.66
20171212 32500 32550 31350 31350 6812 21649377 3.69 0.86 -3.54 4580 2232 2.05 3.41
20171211 32250 32900 32070 32500 5821 18948784 2.57 0.67 0.68 2868 2954 0.97 2.91
20171208 31450 32600 31350 32280 8018 25841291 3.97 0.97 2.44 3656 4362 0.84 4.01
20171207 31170 31900 30900 31510 7715 24242364 3.20 0.98 0.80 4002 3713 1.08 3.86
20171206 30610 31380 30250 31260 8049 24897567 3.69 1.03 2.02 4003 4046 0.99 4.02
20171205 32600 33180 29990 30640 10021 31424738 9.72 1.42 -6.61 5969 4052 1.47 5.01
20171204 34600 34640 32680 32810 9770 32637053 5.67 1.54 -5.06 6400 3370 1.90 4.89
20171201 34030 34660 34030 34560 5654 19474794 1.84 0.90 0.88 2735 2919 0.94 2.83
20171130 34210 34790 33930 34260 5861 20151886 2.51 0.90 0.15 2824 3037 0.93 2.93
20171129 34740 34780 33800 34210 7722 26404696 2.82 1.24 -1.50 4049 3673 1.10 3.86
20171128 33940 34890 33930 34730 6195 21410531 2.83 0.93 2.45 3014 3181 0.95 3.10
20171127 35200 35260 33900 33900 6358 22034625 3.86 0.86 -3.78 3733 2625 1.42 3.18
20171124 35300 35790 35100 35230 5243 18568653 1.94 0.56 -1.04 2894 2349 1.23 2.62
20171123 36720 37080 35520 35600 6968 25379705 4.25 0.72 -3.05 4159 2809 1.48 3.48
20171122 36520 37360 36450 36720 6362 23472845 2.49 0.58 0.55 3415 2947 1.16 3.18
20171121 37190 37550 36050 36520 8202 30195085 4.02 0.65 -2.20 5086 3116 1.63 4.10
20171120 37120 37450 35890 37340 10391 38182589 4.20 0.75 0.59 4067 6324 0.64 5.20
20171117 39880 40010 36880 37120 15053 57642780 7.85 0.96 -6.92 9375 5677 1.65 7.53
20171116 40500 40970 39880 39880 8681 35147806 2.69 0.52 -1.53 5308 3373 1.57 4.34
20171115 41410 41800 40470 40500 12651 51671921 3.19 0.63 -2.95 8103 4549 1.78 6.33
20171114 43380 43480 41390 41730 16179 68618211 4.82 0.85 -3.78 10017 6162 1.63 8.09
20171113 42810 43650 42410 43370 16644 71461690 2.88 0.93 0.72 9660 6985 1.38 8.32
20171110 42750 44460 42750 43060 23839 103838527 4.02 1.58 1.27 11893 11946 1.00 11.92
20171109 42030 42690 42000 42520 14327 60636301 1.62 0.92 -0.47 8744 5583 1.57 7.16
20171108 41460 43440 41390 42720 28954 123531266 4.96 2.32 3.34 12514 16440 0.76 14.48
20171107 41300 41570 40900 41340 11174 46106761 1.62 0.93 -0.22 6175 4999 1.24 5.59
20171106 41000 41460 40700 41430 11395 47035410 1.87 0.82 2.14 4812 6583 0.73 5.70
20171103 41150 41390 40500 40560 9697 39615042 2.16 0.68 -1.67 5889 3808 1.55 4.85
20171102 40990 41470 40220 41250 16369 67164979 3.05 1.16 0.73 8271 8098 1.02 8.18
20171101 40470 41690 40250 40950 13648 55883151 3.58 0.99 1.76 6206 7441 0.83 6.82
20171031 39800 40390 39800 40240 9208 37032628 1.48 0.58 1.11 4590 4619 0.99 4.60
20171030 42390 42390 39510 39800 20856 84336738 6.76 1.41 -6.59 10993 9862 1.11 10.43
20171027 42980 43280 42580 42610 10751 46138409 1.63 0.65 -0.63 6331 4420 1.43 5.38
20171026 42950 43300 42470 42880 16058 68944279 1.92 0.90 -0.76 9122 6936 1.32 8.03
20171025 42860 43460 42750 43210 11712 50495083 1.66 0.54 0.82 5965 5746 1.04 5.86
20171024 44600 44600 42500 42860 20307 88178547 4.70 0.77 -4.16 12159 8148 1.49 10.15
20171023 44360 44830 44000 44720 15347 68172773 1.87 0.50 0.90 7884 7463 1.06 7.67
20171020 44450 44480 43530 44320 19477 85715981 2.12 0.61 -1.14 11265 8212 1.37 9.74
20171019 44510 45950 44000 44830 22189 99888881 4.39 0.66 0.99 11528 10661 1.08 11.09
20171018 45500 46450 44370 44390 31710 143840946 4.47 0.87 -4.60 19487 12223 1.59 15.85
20171017 44050 47640 44030 46530 43287 200291563 8.05 1.19 3.72 18822 24465 0.77 21.64
20171016 44800 45350 43100 44860 36682 161677092 4.89 0.88 -2.48 20990 15693 1.34 18.34
20171013 45600 47050 45560 46000 24675 114172037 3.25 0.44 0.28 12186 12490 0.98 12.34
20171012 47360 47360 45210 45870 31498 144689876 4.51 0.64 -3.86 17697 13801 1.28 15.75
20171011 49020 49880 47100 47710 46585 225008170 5.63 1.16 -3.42 26771 19814 1.35 23.29
20171010 48140 50080 47980 49400 43019 212036069 4.28 1.36 0.73 21051 21969 0.96 21.51
20171009 52810 54440 48750 49040 63065 318968832 10.75 3.31 -7.31 33882 29183 1.16 31.53
20170929 61230 61230 52030 52910 93370 520878192 16.53 243.50 -4.94 51827 41544 1.25 46.69
20170928 55660 55660 55660 55660 704 3920746 0.00 2.85 10.00 704 - - 0.35
20170927 50600 50600 50600 50600 671 3395260 0.00 5.59 10.00 671 - - 0.34
20170926 46000 46000 46000 46000 305 1402172 0.00 4.24 10.00 305 - - 0.15
20170925 41820 41820 41820 41820 201 840582 0.00 5.08 9.99 201 - - 0.10
20170922 38020 38020 38020 38020 36 136872 0.00 0.88 10.01 36 - - 0.02
20170921 34560 34560 34560 34560 23 79488 0.00 0.46 9.99 23 - - 0.01
20170920 31420 31420 31420 31420 35 109970 0.00 0.55 10.01 35 - - 0.02
20170919 26180 28560 26180 28560 64 182136 12.00 - 44.02 64 - - 0.03
