20191129 24190 24780 24100 24530 38232 93801659 2.81 0.74 1.36 16257 21975 0.74 3.55
20191128 24030 24350 24000 24200 29890 72326334 1.45 0.59 0.33 16123 13767 1.17 2.77
20191127 23640 24270 23620 24120 37407 90087125 2.73 0.75 1.30 19047 18359 1.04 3.47
20191126 24090 24350 23730 23810 32772 78701003 2.58 0.63 -0.83 18287 14485 1.26 3.04
20191125 25550 25550 23800 24010 76651 185714239 6.85 1.82 -6.06 48203 28448 1.69 7.11
20191122 25170 26150 25150 25560 80156 205628167 4.00 2.28 2.24 38709 41448 0.93 7.44
20191121 24960 25250 24650 25000 25024 62473737 2.40 0.63 0.16 12871 12153 1.06 2.32
20191120 25430 25480 24850 24960 35251 88733217 2.47 0.89 -2.12 21572 13678 1.58 3.27
20191119 24810 25500 24730 25500 42855 108140286 3.11 1.02 2.86 16561 26294 0.63 3.98
20191118 24700 25080 24600 24790 27216 67713919 1.94 0.56 0.32 13766 13450 1.02 2.53
20191115 24690 25250 24690 24710 45353 113305111 2.26 0.89 -0.28 22009 23344 0.94 4.21
20191114 24450 25050 24130 24780 46568 114690999 3.78 0.96 1.77 20426 26142 0.78 4.32
20191113 24190 24540 23900 24350 36064 87432422 2.63 0.73 -0.04 22128 13936 1.59 3.35
20191112 24650 24670 23580 24360 54920 132280389 4.47 1.20 -0.16 27871 27049 1.03 5.10
20191111 25510 25570 24400 24400 59971 149213590 4.53 1.41 -5.43 37562 22409 1.68 5.57
20191108 25710 26300 25600 25800 57965 150651440 2.75 1.51 1.49 27001 30964 0.87 5.38
20191107 25280 25720 25280 25420 33022 84207050 1.74 0.83 0.24 17530 15492 1.13 3.07
20191106 25750 26150 25350 25360 39908 102528774 3.11 0.97 -1.51 24694 15214 1.62 3.70
20191105 25780 25990 25330 25750 38776 99523612 2.55 0.76 -0.43 19947 18828 1.06 3.60
20191104 25500 26100 25500 25860 43405 112297068 2.36 0.77 1.53 21205 22201 0.96 4.03
20191101 25250 25750 25110 25470 36404 92821033 2.54 0.62 1.27 16584 19820 0.84 3.38
20191031 25650 26170 25050 25150 41322 105480956 4.35 0.69 -2.37 24990 16332 1.53 3.84
20191030 25920 26440 25600 25760 45173 117677588 3.24 0.73 -0.73 24858 20315 1.22 4.19
20191029 27370 27440 25910 25950 87557 231539630 5.58 1.40 -5.43 56291 31266 1.80 8.13
20191028 26630 27450 26400 27440 72152 195506216 3.91 1.15 2.08 32972 39180 0.84 6.70
20191025 26700 26990 26240 26880 45339 121070337 2.82 0.71 1.13 20048 25291 0.79 4.21
20191024 26690 26950 26100 26580 49218 130958873 3.18 0.76 -0.64 26677 22540 1.18 4.57
20191023 26950 27250 26630 26750 53814 144905015 2.31 0.84 -0.52 28559 25254 1.13 5.00
20191022 25710 26990 25530 26890 91078 241365340 5.72 1.58 5.33 37204 53875 0.69 8.45
20191021 26180 26360 24850 25530 74417 188888396 5.66 1.35 -4.24 39016 35400 1.10 6.91
20191018 26830 27420 26400 26660 50864 137216729 3.80 0.90 -0.78 26871 23993 1.12 4.72
20191017 26610 27250 26550 26870 52840 142660340 2.63 0.90 1.13 23742 29098 0.82 4.90
20191016 27350 27420 26530 26570 50218 135384767 3.29 0.83 -1.88 27975 22243 1.26 4.66
20191015 27610 27610 26740 27080 60320 163683469 3.11 0.97 -3.29 33924 26395 1.29 5.60
20191014 27860 28360 27760 28000 62057 174022976 2.17 1.03 1.27 34685 27372 1.27 5.76
20191011 27880 28060 27400 27650 57941 160818242 2.37 0.94 -0.79 33009 24932 1.32 5.38
20191010 27300 27880 27150 27870 63065 174539729 2.67 0.92 1.79 31203 31862 0.98 5.85
20191009 26650 27380 26250 27380 58371 157541000
20191008 27500 27650 26450 26810 69179 187137764 4.41 0.83 -1.47 35470 33709 1.05 6.42
20190930 27690 28100 27200 27210 51492 142072928 3.25 0.56 -1.73 26565 24926 1.07 4.78
20190927 27500 28180 27280 27690 65836 183042892 3.30 0.61 1.47 33742 32094 1.05 6.11
20190926 28980 29170 27180 27290 97530 271820928 6.94 0.85 -4.81 52786 44744 1.18 9.05
20190925 29900 30670 28670 28670 114425 336664000
20190924 30050 30850 30040 30340 89332 272380048 2.67 0.83 -0.03 47121 42212 1.12 8.29
20190923 30900 30940 29660 30350 89694 270463168 4.10 0.83 -2.76 52238 37456 1.39 8.33
20190920 30540 31440 30280 31210 144572 447584112 3.77 1.51 1.56 75406 69166 1.09 13.42
20190919 29500 30880 29380 30730 138570 421278720 5.08 1.55 4.10 58196 80373 0.72 12.86
20190918 29380 29770 29020 29520 68164 200604553 2.55 0.64 0.48 34221 33943 1.01 6.33
20190917 30100 30300 28900 29380 100243 294818320 4.61 0.80 -3.32 59996 40247 1.49 9.30
20190916 30450 30700 29600 30390 90479 273453504 3.64 0.61 0.70 44503 45976 0.97 8.40
20190912 30150 30540 29880 30180 81156 245645190 2.21 0.45 1.17 34852 46304 0.75 7.53
20190911 30780 30900 29800 29830 106378 322552000
20190910 31060 31780 30050 30400 153315 471939616 5.50 0.74 -3.34 89146 64169 1.39 14.23
20190909 31490 31780 30500 31450 193398 601951440 4.12 0.83 1.13 104488 88910 1.18 17.95
20190906 29730 31580 29720 31100 209473 641407616 6.27 0.92 4.78 98865 110608 0.89 19.44
20190905 29270 30950 28810 29680 236177 704310768 7.40 1.14 2.63 116998 119179 0.98 21.92
20190904 28870 29500 28500 28920 156651 453090336 3.45 0.76 -0.28 79369 77282 1.03 14.54
20190903 28400 29490 28150 29000 239890 689768000
20190902 26260 29000 26180 28720 321877 909800000
20190830 28000 28160 25920 26360 180099 484135584 8.12 1.46 -4.49 111494 68604 1.63 16.72
20190829 27280 27770 26900 27600 139508 381643600 3.20 1.11 1.36 66385 73124 0.91 12.86
20190828 26530 27750 26030 27230 146669 397750688 6.48 1.23 2.56 65746 80923 0.81 13.52
20190827 26460 27300 26360 26550 122758 329478752 3.55 1.02 0.34 64842 57915 1.12 11.32
20190826 25460 26730 25280 26460 107454 283236592 5.58 0.76 1.85 51401 56053 0.92 9.91
20190823 26690 26800 25830 25980 101921 267103511 3.64 0.62 -2.55 54585 47336 1.15 9.40
20190822 27170 27360 26330 26660 150738 402829152 3.77 0.89 -2.52 86562 64176 1.35 13.90
20190821 27230 27650 26820 27350 112440 306373680 3.05 0.62 0.44 58474 53966 1.08 10.37
20190820 27270 27760 27090 27230 130147 355854304 2.43 0.70 -1.23 76993 53154 1.45 12.00
20190819 26580 28150 26300 27570 214373 585023120 7.00 1.25 4.39 98813 115560 0.86 19.77
20190816 26200 27490 26080 26410 215559 574647248 5.33 1.47 -0.15 108708 106851 1.02 19.88
20190815 25000 26580 24810 26450 178310 460590144 6.85 1.31 2.32 79756 98554 0.81 16.44
20190814 25970 26100 25400 25850 175627 451836192 2.75 1.49 1.73 92223 83404 1.11 16.19
20190813 25700 25780 25200 25410 143609 365996528 2.23 1.32 -2.38 77691 65919 1.18 13.24
20190812 23950 26030 23560 26030 142988 352711000
20190809 24160 24400 23150 23660 92319 219207555 5.20 0.92 -1.54 52829 39490 1.34 8.51
20190808 23000 24270 22910 24030 123833 294582112 5.98 1.29 5.67 47126 76707 0.61 11.42
20190807 24290 24330 22500 22740 85633 201704820 7.63 0.84 -5.21 53250 32384 1.64 7.90
20190806 23260 24190 23110 23990 98600 233758894 4.41 0.92 -2.00 52839 45761 1.15 9.09
20190805 24480 25270 24270 24480 89478 221123671 4.12 0.77 0.74 43986 45492 0.97 8.25
20190802 24480 24930 24030 24300 104009 254310966 3.56 0.94 -3.99 58876 45133 1.30 9.59
20190801 25300 25720 25030 25310 102277 258775692 2.70 0.94 -0.98 57274 45002 1.27 9.43
20190731 25030 25800 24860 25560 117840 299535120 3.73 1.08 1.39 58745 59095 0.99 10.87
20190730 25000 25380 24790 25210 120674 302846224 2.36 1.17 0.64 64250 56424 1.14 11.13
20190729 24010 25080 23790 25050 137557 337580512 5.42 1.42 5.34 62434 75122 0.83 12.68
20190726 24060 24210 23530 23780 73843 175839214 2.83 0.69 -1.04 41410 32432 1.28 6.81
20190725 23830 24350 23830 24030 92963 224508728 2.17 0.84 0.13 45948 47015 0.98 8.57
20190724 23900 24440 23660 24000 119099 287198096 3.31 1.05 1.87 59342 59757 0.99 10.98
20190723 23050 23780 22900 23560 92180 216085895 3.85 0.73 3.11 41852 50328 0.83 8.50
20190722 24570 24570 22500 22850 106494 247088588 8.54 0.73 -5.77 62729 43765 1.43 9.82
20190719 24790 25300 24110 24250 121650 300593200 4.82 0.73 -1.70 69998 51652 1.36 11.22
20190718 25230 25230 24510 24670 116062 287491296 2.82 0.64 -3.29 67589 48473 1.39 10.70
20190717 26100 26180 25350 25510 132682 341260272 3.16 0.67 -3.00 77681 55001 1.41 12.23
20190716 26210 26510 25790 26300 154869 404480560 2.71 0.79 -0.90 87855 67014 1.31 14.28
20190715 25450 26880 25090 26540 206791 538154128 6.86 1.04 1.72 110100 96691 1.14 19.07
20190712 24320 26580 24320 26090 227894 587528784 9.17 1.07 5.84 98468 129426 0.76 21.01
20190711 25740 25760 24280 24650 185719 464525648 5.85 0.91 -2.49 103647 82072 1.26 17.13
20190710 24030 25800 23800 25280 220992 550665216 8.34 1.19 5.42 93241 127751 0.73 20.38
20190709 24490 24750 23500 23980 135235 324523216 5.05 0.65 -3.07 76986 58249 1.32 12.47
20190708 25070 25200 23660 24740 220954 541236112 5.99 1.02 -3.77 126045 94910 1.33 20.37
20190705 24270 26200 23900 25710 297340 757342432 9.66 1.44 7.93 139724 157616 0.89 27.42
20190704 24650 25400 23650 23820 143911 353085392 7.25 0.57 -1.37 77170 66741 1.16 13.27
20190703 23940 24660 23550 24150 134667 324280176 4.50 0.46 -2.15 69553 65114 1.07 12.42
20190702 25040 27000 24520 24680 245424 625479168 9.99 0.89 -0.56 126774 118650 1.07 22.63
20190701 24660 25900 24260 24820 257385 642857840 6.95 1.08 5.17 124068 133317 0.93 23.73
20190628 23800 24270 22680 23600 248978 586757120 6.31 1.20 -6.27 153578 95399 1.61 22.96
20190627 23000 25960 23000 25180 384279 963017344 12.54 2.55 6.69 189470 194809 0.97 35.43
20190626 23300 25640 22800 23600 328771 793757168 12.18 3.17 1.24 164219 164552 1.00 30.32
20190625 21020 23310 20810 23310 161175 356552928 11.80 1.96 10.00 73940 87235 0.85 14.86
20190624 21850 21850 21060 21190 68368 145931768 3.62 0.84 -2.89 40412 27956 1.45 6.30
20190621 21600 22250 21470 21820 94634 207050577 3.65 1.08 2.06 50176 44458 1.13 8.73
20190620 21230 21580 20280 21380 99724 209452660 6.06 1.10 -0.37 53071 46652 1.14 9.20
20190619 22200 22340 21460 21460 94716 207459294 4.10 0.89 0.09 49968 44748 1.12 8.73
20190618 21400 21790 21200 21440 53761 115354751 2.73 0.38 -0.74 29773 23989 1.24 4.96
20190617 21800 21980 21220 21600 66191 143016770 3.50 0.43 -0.60 37488 28702 1.31 6.10
20190614 22850 22970 21210 21730 122699 269027968 7.72 0.81 -4.65 69291 53408 1.30 11.31
20190613 23100 23500 22500 22790 115107 263819397 4.32 0.72 -1.51 63109 51998 1.21 10.61
20190612 22900 24080 22670 23140 177274 412599616 6.03 1.18 -0.98 90498 86776 1.04 16.35
20190611 22700 24770 22440 23620 233963 544172624 10.32 1.83 4.65 124034 109929 1.13 21.57
20190610 20920 22570 20500 22570 112060 247144343 10.09 0.84 9.99 68161 43899 1.55 10.33
20190606 22390 22390 20520 20520 118898 254429106 8.20 0.79 -10.00 74348 44550 1.67 10.96
20190605 22560 22870 21800 22800 151876 341587616 4.77 0.96 1.56 72832 79043 0.92 14.00
20190604 21690 22670 21180 22450 137125 302957024 6.75 0.91 1.63 68185 68940 0.99 12.64
20190603 22400 22810 21610 22090 118435 263487743 5.46 0.78 0.45 60396 58039 1.04 10.92
20190531 22100 22660 21700 21990 139879 308990000 4.30 0.94 -1.61 73241 66638 1.10 12.90
20190530 21580 22680 21000 22350 201729 444172096 7.83 1.42 4.15 101180 100549 1.01 18.60
20190529 20550 22330 20300 21460 190701 410386000
20190528 20880 20890 20200 20300 106062 218011919 3.37 0.58 -0.88 57423 48639 1.18 9.78
20190527 19240 20780 19240 20480 120171 241728317 8.02 0.67 6.61 56873 63298 0.90 11.08
20190524 20350 20990 19000 19210 126993 252864298 9.48 0.69 -8.48 70743 56250 1.26 11.71
20190523 22700 22710 20810 20990 168079 362592288 8.32 1.03 -8.10 91969 76110 1.21 15.50
20190522 22750 23850 22510 22840 187323 432108384 5.72 1.37 -2.56 102664 84659 1.21 17.27
20190521 24300 24800 23000 23440 307069 733706752 7.43 3.48 -3.22 156421 150648 1.04 28.31
20190520 24220 24220 23560 24220 107946 261106908 3.00 1.29 9.99 84551 23395 3.61 9.95
20190517 20050 22020 20040 22020 155525 338471408 9.89 2.38 9.99 117517 38008 3.09 14.34
20190516 19700 20340 19330 20020 61128 121410676 5.09 1.02 0.96 29536 31592 0.93 5.64
20190515 19780 19930 19460 19830 52246 102934273 2.37 0.98 0.00 27789 24458 1.14 4.82
20190514 19150 20270 18990 19830 64828 126885341 6.48 1.43 0.46 34600 30227 1.14 5.98
20190513 19310 20460 19270 19740 85027 168852596 6.15 2.44 1.96 47304 37723 1.25 7.84
20190510 17640 19360 17640 19360 63317 117365828 9.77 2.47 10.00 33084 30233 1.09 5.84
20190509 17280 17980 16800 17600 33350 58707835 6.89 1.29 2.80 16119 17231 0.94 3.08
20190508 16800 17480 16600 17120 20584 35346781 5.11 0.76 -0.64 10338 10246 1.01 1.90
20190507 17400 17430 16810 17230 23703 40752733 3.62 0.82 0.47 12785 10918 1.17 2.19
20190506 18000 18180 16980 17150 32996 58092247 6.40 1.17 -8.58 18147 14850 1.22 3.04
20190430 18510 18940 18510 18760 17295 32487737 2.31 0.53 0.64 9949 7346 1.35 1.59
20190429 19960 19960 18510 18640 34256 65462401 7.32 1.01 -5.91 20362 13893 1.47 3.16
20190426 19890 20130 19700 19810 26752 53192950 2.16 0.72 -0.40 14226 12527 1.14 2.47
20190425 20860 20990 19890 19890 34041 69492603 5.26 0.79 -4.97 20814 13227 1.57 3.14
20190424 20580 20980 20410 20930 28494 59157925 2.77 0.58 1.80 13291 15203 0.87 2.63
20190423 21070 21460 20510 20560 40026 83796517 4.47 0.76 -3.16 23203 16823 1.38 3.69
20190422 22000 22000 21210 21230 40579 87602032 3.61 0.78 -3.02 25098 15482 1.62 3.74
20190419 21840 22150 21450 21890 43749 95331625 3.20 0.91 0.00 24472 19277 1.27 4.03
20190418 21700 22180 21560 21890 63394 138927514 2.85 1.54 0.51 30546 32848 0.93 5.85
20190417 21730 21980 21340 21780 56453 122264701 2.95 1.58 0.37 28447 28006 1.02 5.21
20190416 20620 21750 20300 21700 60474 128407269 6.97 1.98 4.33 25353 35121 0.72 5.58
20190415 20980 21500 20800 20800 37411 79201635 3.37 1.08 0.10 20513 16898 1.21 3.45
20190412 20660 20960 20500 20780 22279 46097446 2.22 0.54 0.39 12267 10012 1.23 2.05
20190411 20940 21130 20620 20700 29431 61456196 2.45 0.64 -0.67 15567 13864 1.12 2.71
20190410 21100 21100 20160 20840 28581 59353557 4.45 0.50 -1.42 15790 12791 1.23 2.64
20190409 20920 21370 20620 21140 34865 73624817 3.59 0.56 1.10 15258 19607 0.78 3.21
20190408 21880 22090 20710 20910 58814 125190403 6.30 1.00 -4.48 37411 21402 1.75 5.42
20190404 22150 22260 21730 21890 55982 122779860 2.41 1.02 -0.45 32114 23868 1.35 5.16
20190403 21750 22200 21570 21990 52392 114369655 2.87 1.03 0.05 28626 23766 1.20 4.83
20190402 21400 22460 21300 21980 86508 188521510 5.46 1.86 3.39 42662 43846 0.97 7.98
20190401 20640 21270 20640 21260 55372 116789482 3.07 1.07 3.45 26592 28781 0.92 5.11
20190329 20220 20550 19950 20550 45044 91646509 2.99 0.88 2.29 20520 24524 0.84 4.15
20190328 20200 20600 19920 20090 34055 69161561 3.36 0.63 -0.79 18501 15554 1.19 3.40
20190327 20300 20560 20010 20250 32456 65801502 2.71 0.58 -0.15 17247 15209 1.13 3.24
20190326 21740 21880 20020 20280 65762 137535790 8.59 1.25 -6.33 40494 25267 1.60 6.56
20190325 20950 22100 20820 21650 80512 173952622 6.02 1.69 1.74 41035 39477 1.04 8.03
20190322 21160 21360 20860 21280 43504 92008469 2.36 0.88 0.57 24027 19477 1.23 4.34
20190321 21160 21330 20960 21160 46913 99292929 1.76 0.87 0.76 25198 21715 1.16 4.68
20190320 21350 21350 20650 21000 41662 87408255 3.29 0.66 -1.36 25604 16058 1.59 4.15
20190319 21400 21670 21080 21290 50361 107636733 2.77 0.63 -0.05 28889 21471 1.35 5.02
20190318 21130 21430 20730 21300 56421 119513678 3.32 0.62 0.90 32966 23454 1.41 5.63
20190315 21150 21360 20650 21110 52991 111986633 3.37 0.50 0.14 29185 23807 1.23 5.28
20190314 21500 21980 20550 21080 67082 142038469 6.57 0.60 -3.13 38024 29059 1.31 6.69
20190313 22570 23050 21510 21760 89053 198617781 6.81 0.80 -3.72 50453 38600 1.31 8.88
20190312 23500 23550 22340 22600 132620 302658800 5.33 1.23 -0.44 75538 57081 1.32 13.22
20190311 21810 22880 21400 22700 115495 256255188 6.97 1.13 6.97 57344 58151 0.99 11.52
20190308 20780 22980 20520 21220 128984 280567792 11.60 1.52 0.09 68139 60845 1.12 12.86
20190307 20790 21500 20740 21200 94114 199029433 3.61 1.17 0.76 45595 48519 0.94 9.38
20190306 21090 21350 20560 21040 88293 184401809 3.73 1.07 -0.66 52380 35912 1.46 8.80
20190305 20010 21200 19800 21180 112043 230886069 6.93 1.42 4.80 51270 60773 0.84 11.17
20190304 20300 20670 20110 20210 88187 180017708 2.79 1.00 0.55 47956 40231 1.19 8.79
20190301 20000 20160 19730 20100 41943 83561966 2.13 0.45 -0.25 23943 18000 1.33 4.18
20190228 20210 20780 19690 20150 70427 141751564 5.39 0.75 -0.35 41876 28551 1.47 7.02
20190227 19810 20930 19800 20220 98082 199492766 5.65 1.20 1.10 53690 44392 1.21 9.78
20190226 20030 20330 19530 20000 96079 191428694 3.93 1.26 -1.72 54165 41914 1.29 9.58
20190225 19320 20720 18920 20350 134814 264635210 9.49 2.19 7.27 63315 71499 0.89 13.44
20190222 18230 18980 18120 18970 65780 122956387 4.65 1.22 2.65 28310 37470 0.76 6.56
20190221 18470 19080 18250 18480 72549 135697270 4.48 1.53 -0.22 35076 37473 0.94 7.23
20190220 18590 18590 18170 18520 38915 71404885 2.25 0.78 -0.75 21034 17881 1.18 3.88
20190219 18450 18970 18120 18660 68131 126476756 4.61 1.62 1.14 38902 29229 1.33 6.79
20190218 17690 18500 17690 18450 62186 113076266 4.62 1.84 5.25 27305 34881 0.78 6.20
20190215 17570 17740 17460 17530 28372 50011800 1.59 0.89 -0.23 15257 13115 1.16 2.83
20190214 17840 17850 17480 17570 39220 68973462 2.08 1.30 -1.24 22915 16304 1.41 3.91
20190213 17050 17880 17000 17790 52182 91437484 5.16 2.24 4.34 21640 30542 0.71 5.20
20190212 17000 17170 16830 17050 28216 47960574 2.01 1.20 0.83 15149 13068 1.16 2.81
20190211 16400 16920 16380 16910 21138 35458792 3.30 0.88 3.30 9775 11363 0.86 2.11
20190201 15980 16420 15890 16370 19236 31227307 3.35 0.74 3.35 8848 10388 0.85 1.92
20190131 16300 16650 15340 15840 30599 49046133 7.98 1.09 -3.53 18305 12295 1.49 3.05
20190130 16650 16870 16410 16420 17098 28507733 2.77 0.61 -1.20 10343 6755 1.53 1.70
20190129 17400 17560 16550 16620 29363 49450976 5.82 1.13 -4.26 18948 10415 1.82 2.93
20190128 17880 17960 17330 17360 23557 41441099 3.57 0.87 -1.64 15081 8476 1.78 2.35
20190125 17820 18110 17650 17650 28692 51237169 2.58 1.06 -1.07 17988 10704 1.68 2.86
20190124 17610 18160 17510 17840 41111 73688237 3.69 1.61 1.36 18577 22534 0.82 4.10
20190123 17740 17740 17380 17600 17055 29937178 2.03 0.62 -0.79 10696 6359 1.68 1.70
20190122 17810 17820 17620 17740 19471 34467536 1.12 0.65 -0.62 11581 7890 1.47 1.94
20190121 17500 17860 17310 17850 28645 50519455 3.15 0.92 2.12 12859 15786 0.81 2.86
20190118 17390 17580 17160 17480 28935 50283944 2.42 0.75 0.52 16240 12695 1.28 2.89
20190117 17730 17860 17270 17390 33318 58535157 3.31 0.64 -2.52 22381 10937 2.05 3.32
20190116 18030 18050 17730 17840 26176 46896819 1.77 0.43 -1.44 16252 9925 1.64 2.61
20190115 18170 18280 17790 17810 35486 63713170 2.67 0.42 -3.10 23089 12397 1.86 3.54
20190114 18170 18280 17790 17810 35487 63714000
20190111 18100 18430 17650 18380 65201 117282000
20190110 18390 18630 17980 18150 100809 184435000
20190109 19370 19730 19100 19160 69108 134353264 3.23 0.93 -1.69 35284 33823 1.04 6.89
20190108 19700 20100 19200 19490 84500 165434947 4.52 1.32 -2.16 49556 34943 1.42 8.43
20190107 19460 19920 19000 19920 103175 201711784 4.78 1.94 3.48 48643 54532 0.89 10.29
20190104 18400 19250 18200 19250 82574 156503320 5.61 1.74 2.83 35991 46583 0.77 8.23
20190103 18340 19090 18320 18720 68032 127735813 4.18 1.43 1.74 33008 35024 0.94 6.78
20190102 18130 18590 18000 18400 33977 62299742 3.26 0.62 1.77 15029 18948 0.79 3.39
20181228 18060 18510 17990 18080 33136 60330867 2.87 0.59 -0.06 18170 14966 1.21 3.30
20181227 18580 18760 18090 18090 47532 87785409 3.67 0.90 -0.88 25667 21865 1.17 4.74
20181226 19070 19080 18150 18250 54039 100976947 4.87 1.07 -4.40 32787 21253 1.54 5.39
20181225 18580 19160 18060 19090 69385 129518772 5.84 1.61 1.33 35202 34183 1.03 6.92
20181224 18290 18990 18160 18840 70840 132350267 4.56 2.17 3.57 33005 37834 0.87 7.06
20181221 17800 18200 17710 18190 39748 71387230 2.73 1.34 1.45 19506 20242 0.96 3.96
20181220 17750 17950 17450 17930 31427 55713733 2.82 1.08 1.01 16713 14714 1.14 3.13
20181219 17800 18150 17610 17750 42226 75636256 3.03 1.69 -0.50 22888 19338 1.18 4.21
20181218 17300 17840 17120 17840 30877 54170000
20181217 17270 17560 17060 17490 18783 32517599 2.89 0.76 0.98 9342 9441 0.99 1.87
20181214 17610 17900 17300 17320 24739 43670287 3.38 0.97 -2.48 15106 9633 1.57 2.47
20181213 17590 17970 17420 17760 28504 50579430 3.13 1.09 0.97 13702 14802 0.93 2.84
20181212 17780 17780 17440 17590 21787 38266816 1.93 0.80 -0.06 12782 9005 1.42 2.17
20181211 17360 17600 17200 17600 24452 42694306 2.33 0.83 2.39 10383 14069 0.74 2.44
20181210 17410 17430 17070 17190 24554 42334913 2.06 0.65 -1.83 14267 10287 1.39 2.45
20181207 17970 17970 17500 17510 28629 50649278 2.63 0.71 -1.96 18201 10427 1.75 2.85
20181206 17900 18250 17620 17860 31524 56529216 3.53 0.78 0.00 16315 15209 1.07 3.14
20181205 17700 18040 17530 17860 26533 47220372 2.81 0.64 -1.49 13823 12710 1.09 2.65
20181204 18170 18270 17890 18130 35755 64676040 2.08 0.89 -0.93 21786 13969 1.56 3.57
20181203 18500 18650 18080 18300 66164 121364946 3.16 1.89 1.50 41745 24419 1.71 6.60
20181130 17200 18050 17110 18030 41636 73318857 5.47 1.14 4.83 20584 21052 0.98 4.15
20181129 18080 18260 17200 17200 32099 57251804 5.91 0.87 -4.18 20198 11901 1.70 3.20
20181128 17730 17970 17360 17950 30715 54516159 3.45 0.67 1.53 15472 15242 1.02 3.06
20181127 17250 17680 17250 17680 30763 53951586 2.50 0.67 2.79 13841 16922 0.82 3.07
20181126 17720 17990 16850 17200 39670 68877162 6.35 0.88 -4.12 25135 14535 1.73 3.96
20181123 19300 19370 17900 17940 49001 90720514 7.64 1.13 -6.76 32863 16137 2.04 4.89
20181122 18990 19440 18900 19240 33390 64069487 2.81 0.69 0.26 17511 15879 1.10 3.33
20181121 18640 19950 18640 19190 77991 148409592 6.33 1.68 -7.34 45057 32934 1.37 7.78
20181120 20660 21390 20630 20710 30935 64905000
20181119 21000 21080 20580 20880 34062 70890000
20181116 21500 21720 21200 21340 40795 87287000
20181115 20900 21730 20850 21700 57667 122581664 4.14 1.72 1.97 29604 28063 1.05 14.38
20181114 20450 21590 20130 21280 68708 143990202 7.20 2.77 4.88 30701 38007 0.81 17.13
20181113 20050 20530 19830 20290 35330 71096758 3.46 1.56 0.30 18927 16403 1.15 8.81
20181112 19610 20340 19610 20230 28647 57461599 3.69 1.10 2.22 14013 14634 0.96 7.14
20181109 19500 19940 19350 19790 17268 34050721 3.01 0.55 0.97 7626 9642 0.79 4.31
20181108 20250 20350 19600 19600 17624 35093637 3.75 0.51 -2.10 11033 6591 1.67 4.39
20181107 20220 20500 20000 20020 25020 50563481 2.48 0.73 -0.55 13835 11184 1.24 6.24
20181106 20100 20350 19800 20130 24449 48912651 2.69 0.73 -1.37 13770 10678 1.29 6.10
20181105 20700 21170 20090 20410 46191 95460586 5.24 1.59 -0.97 25527 20664 1.24 11.52
20181102 19910 20740 19910 20610 43754 88664594 4.21 1.79 4.46 18396 25358 0.73 10.91
20181101 20230 20450 19680 19730 34944 70027743 3.90 1.41 0.05 18776 16168 1.16 8.71
20181031 19690 19800 19430 19720 23025 45271090 1.91 0.98 1.65 10884 12141 0.90 5.74
20181030 19270 19670 18780 19400 20474 39515899 4.62 0.81 0.67 8968 11506 0.78 5.11
20181029 19830 19880 18970 19270 22703 44139052 4.58 0.82 -3.07 14651 8053 1.82 5.66
20181026 20440 20440 19610 19880 20999 41994781 4.15 0.77 -0.60 10854 10145 1.07 5.24
20181025 20840 20840 19340 20000 36716 73141138 6.98 1.61 -6.93 21213 15504 1.37 9.16
20181024 21620 22080 21430 21490 16520 35852913 2.97 0.70 -1.65 9374 7146 1.31 4.12
20181023 22990 23050 21670 21850 29606 66132522 6.00 1.22 -5.00 18987 10619 1.79 7.38
20181022 22300 23400 22210 23000 34835 79723402 5.37 1.73 3.79 17281 17554 0.98 8.69
20181019 21170 22490 21170 22160 19155 42392706 6.00 0.98 0.68 9149 10007 0.91 4.78
20181018 23000 23000 21900 22010 14232 31826170 4.74 0.64 -5.21 9230 5002 1.85 3.55
20181017 23060 23500 22300 23220 19771 45604211 5.15 0.89 -0.26 10696 9074 1.18 4.93
20181016 24840 25100 23110 23280 33230 80533206 8.68 1.93 1.57 17552 15677 1.12 8.29
20181015 22920 23490 22670 22920 14508 33414201 3.58 0.86 0.00 6213 8295 0.75 3.62
20181012 23630 23920 22000 22920 16095 36947629 8.48 1.03 1.24 8805 7291 1.21 4.01
20181011 23910 24310 22220 22640 28235 65179744 8.46 2.04 -8.30 14858 13377 1.11 7.04
20181010 23930 24800 23600 24690 18654 45509741 4.98 1.36 2.41 7958 10696 0.74 4.65
20181009 24010 24360 23810 24110 8486 20416522 2.29 0.57 0.42 4082 4404 0.93 2.12
20181008 24170 24590 23890 24010 13202 31959488 2.80 0.85 -3.88 8343 4859 1.72 3.29
20180928 24710 25150 24710 24980 9495 23746030 1.78 0.56 1.26 4523 4972 0.91 2.37
20180927 25890 25890 24670 24670 19319 48731864 4.71 1.03 -4.75 13021 6298 2.07 4.82
20180926 25900 26100 25480 25900 17840 46018228 2.39 1.01 0.04 9644 8196 1.18 4.45
20180925 25500 26010 25500 25890 14521 37453944 1.99 0.81 0.86 8352 6169 1.35 3.62
20180921 25670 25740 25100 25670 16885 43087873 2.51 0.91 0.86 7599 9287 0.82 4.21
20180920 25750 26190 25340 25450 16374 42029212 3.29 0.82 -1.36 9454 6920 1.37 4.08
20180919 25640 26150 24890 25800 28115 72054440 4.93 1.66 0.86 13498 14616 0.92 7.01
20180918 24960 25800 24960 25580 12610 31993791 3.34 0.75 1.63 5941 6669 0.89 3.14
20180917 25670 25950 25010 25170 15198 38525567 3.62 0.90 -3.04 9458 5740 1.65 3.79
20180914 27010 27180 25930 25960 20533 54543893 4.67 1.24 -3.06 12776 7757 1.65 5.12
20180913 26390 26950 26070 26780 22843 60822563 3.38 1.52 2.80 11314 11529 0.98 5.70
20180912 26170 26350 25800 26050 13285 34696449 2.13 0.76 0.66 5868 7417 0.79 3.31
20180911 25800 26280 25560 25880 11862 30749095 2.82 0.55 1.25 5550 6312 0.88 2.96
20180910 26190 26480 25500 25560 15867 41097172 3.72 0.65 -3.00 9398 6470 1.45 3.96
20180907 27080 27480 26320 26350 18954 50953655 4.30 0.75 -2.34 10402 8552 1.22 4.73
20180906 26850 27330 26620 26980 15029 40607354 2.64 0.58 0.19 7881 7148 1.10 3.75
20180905 27300 27480 26660 26930 25431 68944548 3.00 1.02 -1.32 15177 10255 1.48 6.34
20180904 26500 27490 25930 27290 32025 86435620 5.84 1.36 2.10 14952 17073 0.88 7.99
20180903 26340 26820 24950 26730 31386 81235189 7.05 1.35 0.83 17707 13679 1.29 7.83
20180831 27650 27780 26500 26510 23012 62572544 4.59 1.03 -4.85 14259 8753 1.63 5.74
20180830 28000 28460 27770 27860 18021 50648141 2.47 0.80 -0.32 9888 8133 1.22 4.49
20180829 28700 28750 27600 27950 19928 56022600 4.05 0.89 -1.58 12917 7011 1.84 4.97
20180828 28800 28800 28110 28400 25706 73019847 2.44 1.12 0.46 14748 10959 1.35 6.41
20180827 27600 28390 27560 28270 29859 84164995 3.02 1.30 2.95 12650 17209 0.74 7.45
20180824 28050 28070 27340 27460 18165 50340248 2.61 0.60 -1.68 11460 6704 1.71 4.53
20180823 27550 28220 27510 27930 19199 53716741 2.57 0.55 1.12 9105 10094 0.90 4.79
20180822 28140 28340 27620 27620 18517 51700467 2.54 0.45 -2.44 10642 7876 1.35 4.62
20180821 28130 28660 27400 28310 28744 80620905 4.47 0.57 0.50 15446 13299 1.16 7.17
20180820 27350 28330 27100 28170 30146 83646661 4.41 0.50 0.97 15417 14729 1.05 7.52
20180817 30650 30650 27030 27900 55398 158850311 12.08 0.85 -6.88 32092 23305 1.38 13.81
20180816 30010 31200 29650 29960 41627 126305824 4.98 0.55 -3.67 24047 17580 1.37 10.38
20180815 31110 32000 30820 31100 47948 150318238 3.76 0.62 -0.89 26650 21297 1.25 11.96
20180814 33140 33480 31300 31380 75372 244831594 6.74 0.96 -3.00 40711 34661 1.17 18.80
20180813 31650 32880 31020 32350 81200 262241953 5.78 1.08 0.50 39582 41618 0.95 20.25
20180810 31660 32390 31450 32190 79180 253199807 2.94 1.19 0.75 41001 38179 1.07 19.75
20180809 29840 32550 29200 31950 95154 301195824 11.06 1.58 5.48 41246 53908 0.77 23.73
20180808 31400 31770 30280 30290 56214 174345279 4.68 1.04 -4.87 35366 20847 1.70 14.02
20180807 30650 31880 29860 31840 80750 250845661 6.56 1.80 3.38 39131 41619 0.94 20.14
20180806 30500 31250 29330 30800 62953 193634033 6.40 1.66 2.74 29067 33886 0.86 15.70
20180803 30520 30900 29500 29980 36457 109832283 4.55 0.98 -2.66 21093 15365 1.37 9.09
20180802 29200 30990 27540 30800 63964 188652400 11.68 2.09 4.27 29455 34509 0.85 15.95
20180801 30750 30750 29200 29540 25525 76439938 5.21 0.72 -0.67 14141 11384 1.24 6.37
20180731 31000 31100 29570 29740 35824 108500849 5.22 0.98 1.50 19229 16595 1.16 8.93
20180730 29140 29560 28530 29300 27395 79548469 3.52 0.67 0.07 15168 12226 1.24 6.83
20180727 30390 30390 29010 29280 33861 99986922 4.54 0.78 -3.62 19122 14739 1.30 8.44
20180726 30720 30760 30120 30380 30297 91955373 2.09 0.63 -0.72 16141 14155 1.14 7.56
20180725 31600 32120 30480 30600 50487 158092997 5.19 0.96 -3.16 29512 20975 1.41 12.59
20180724 31940 31980 31150 31600 41571 131061854 2.61 0.65 -0.82 23471 18101 1.30 10.37
20180723 31450 32110 31170 31860 47438 150432159 3.00 0.58 1.79 23844 23594 1.01 11.83
20180720 30900 31650 30800 31300 46804 146210813 2.72 0.54 0.22 25140 21663 1.16 11.67
20180719 30900 31600 30300 31230 52660 162663007 4.13 0.58 -0.79 29042 23618 1.23 13.13
20180718 31940 32850 31480 31480 73812 237254931 4.31 0.82 -1.01 39869 33943 1.17 18.41
20180717 32830 33120 31000 31800 98231 312993056 6.48 1.13 -2.84 56722 41508 1.37 24.50
20180716 33300 34540 32040 32730 135924 457035824 7.96 1.78 4.24 86249 49675 1.74 33.90
20180713 30740 31500 30180 31400 72319 223038508 4.33 0.95 3.12 33269 39051 0.85 18.03
20180712 30060 31700 30020 30450 75233 230827059 5.70 1.10 3.29 34989 40244 0.87 18.76
20180711 29500 29980 28670 29480 67615 198291876 4.32 1.04 -2.71 37186 30429 1.22 16.86
20180710 29280 32340 28680 30300 84841 253854671 12.44 1.44 2.99 41149 43692 0.94 21.16
20180709 28390 30240 28390 29420 82865 242713325 6.62 1.60 5.26 37769 45096 0.84 20.66
20180706 26350 28750 26210 27950 71473 197882893 9.72 1.46 6.92 34200 37273 0.92 17.82
20180705 27650 28140 26100 26140 34154 92854564 7.40 0.69 -5.22 18468 15687 1.18 8.52
20180704 29230 29800 27340 27680 50305 143649899 8.42 1.08 -5.30 28808 21497 1.34 12.54
20180703 28030 29760 27620 29230 56073 160911131 7.65 1.25 4.54 23350 32724 0.71 13.98
20180702 28440 28980 27540 27960 46985 133073169 5.07 1.02 -1.55 27454 19531 1.41 11.72
20180629 27120 28690 26510 28400 57762 160785585 8.00 1.42 4.26 27887 29875 0.93 14.40
20180628 27140 27670 27100 27240 35669 97592525 2.10 0.85 0.33 18707 16962 1.10 8.90
20180627 27210 27510 26830 27150 36204 98322522 2.49 0.80 -0.66 19730 16474 1.20 9.03
20180626 26100 27800 26100 27330 48170 130745079 6.35 1.09 2.05 23626 24544 0.96 12.01
20180625 25990 27550 25790 26780 51937 139622308 6.86 1.31 4.32 23814 28124 0.85 12.95
20180622 24670 26080 24350 25670 30734 78470778 6.89 0.78 2.23 13642 17092 0.80 7.66
20180621 26130 26360 25070 25110 42501 109039768 4.86 1.17 -5.46 26526 15974 1.66 10.60
20180620 24400 26790 24400 26560 53629 138143916 9.82 1.62 9.08 23255 30374 0.77 13.37
20180619 26000 26880 24200 24350 42348 106314355 9.97 1.42 -9.45 22778 19571 1.16 10.56
20180615 28100 28270 26570 26890 29739 81051130 6.06 1.02 -4.07 18029 11710 1.54 7.42
20180614 27800 28400 27450 28030 29228 81986728 3.45 1.02 1.71 12935 16293 0.79 7.29
20180613 27830 28580 27560 27560 27275 76717258 3.62 0.88 -2.30 14561 12715 1.15 6.80
20180612 29080 29200 27020 28210 37000 103299661 7.56 1.17 -2.12 18313 18687 0.98 9.23
20180611 29210 29550 28580 28820 26090 75884629 3.30 0.81 -1.87 14428 11662 1.24 6.51
20180608 28980 29620 28710 29370 26387 77050892 3.11 0.78 0.41 13878 12508 1.11 6.58
20180607 30150 30200 29210 29250 27201 80226249 3.31 0.74 -2.11 16370 10831 1.51 6.78
20180606 29800 30000 29310 29880 37688 111761429 2.31 0.90 0.20 19163 18525 1.03 9.40
20180605 28570 29840 28480 29820 41110 120343380 4.79 0.90 5.00 17420 23690 0.74 10.25
20180604 28450 28860 27810 28400 29333 83268054 3.74 0.56 1.28 15257 14077 1.08 7.32
20180601 28080 29360 27500 28040 34215 97319414 6.45 0.51 -2.71 19108 15107 1.26 8.53
20180531 28710 29200 28000 28820 41837 120468780 4.20 0.59 0.98 21296 20542 1.04 10.43
20180530 31100 31100 28540 28540 62992 186512973 8.07 0.79 -10.00 37416 25576 1.46 15.71
20180529 33200 33780 31700 31710 60200 196414816 6.23 0.68 -5.06 34872 25328 1.38 15.01
20180528 34500 34890 33280 33400 64694 219608855 4.61 0.71 -4.41 38891 25803 1.51 16.13
20180525 33990 35280 33160 34940 105638 363765184 6.25 1.38 3.04 48584 57054 0.85 26.34
20180524 34030 34780 33630 33910 58203 198576659 3.36 0.79 -0.96 32286 25917 1.25 14.51
20180523 34190 35000 33510 34240 107749 369766976 4.35 1.78 -0.03 54807 52942 1.04 26.87
20180522 32880 34280 32600 34250 105673 354939024 5.11 2.11 4.17 49384 56289 0.88 26.35
20180521 31870 33250 31480 32880 76305 246887666 5.59 1.60 3.82 32864 43441 0.76 19.03
20180518 32100 32100 31200 31670 35523 112353120 2.81 0.56 -1.28 21411 14113 1.52 8.86
20180517 31680 32100 31200 32080 43081 136729344 2.86 0.67 1.97 18552 24529 0.76 10.74
20180516 32100 32300 31410 31460 42600 135410831 2.76 0.63 -2.57 26150 16450 1.59 10.62
20180515 31980 32290 31190 32290 52480 166542261 3.42 0.76 0.53 27931 24548 1.14 13.09
20180514 32390 32880 31680 32120 64812 208667037 3.62 0.97 -3.05 38779 26033 1.49 16.16
20180511 32890 34940 32890 33130 112448 380664752 6.45 1.85 4.31 54942 57506 0.96 28.04
20180510 32800 32960 31370 31760 51571 164460126 4.90 0.86 -2.22 30428 21143 1.44 12.86
20180509 32400 33380 32310 32480 57031 187145088 3.29 0.93 -0.25 30399 26633 1.14 14.22
20180508 33470 33750 32110 32560 57323 188198656 5.04 0.96 0.00 29947 27376 1.09 14.29
20180507 31680 33040 31680 32560 57319 186074473 4.24 0.92 1.43 28316 29003 0.98 14.29
20180504 31450 33770 31400 32100 80190 261633918 7.60 1.17 2.92 38667 41523 0.93 20.00
20180503 30250 31480 29640 31190 47963 147041977 6.09 0.63 3.28 23445 24518 0.96 11.96
20180502 32890 33200 29810 30200 65153 203095152 10.36 0.89 -7.73 38680 26473 1.46 16.25
20180427 33440 33740 32650 32730 46509 154472172 3.30 0.59 -0.91 25756 20753 1.24 11.60
20180426 34200 34200 33000 33030 72463 243724764 3.50 0.87 -3.79 40333 32130 1.26 18.07
20180425 32660 34860 32400 34330 109571 369362096 7.35 1.35 2.51 53060 56511 0.94 27.32
20180424 31900 33780 31900 33490 89927 298040400 5.96 1.08 6.22 40334 49593 0.81 22.43
20180423 31660 32930 30300 31530 49564 157917595 8.26 0.56 -0.94 26681 22883 1.17 12.36
20180420 32980 33480 31700 31830 73014 237123289 5.27 0.77 -5.69 40942 32072 1.28 18.21
20180419 33350 33930 32650 33750 94675 315976400 3.85 0.89 1.60 47827 46848 1.02 23.61
20180418 31700 34490 31010 33220 99278 324443904 11.07 0.79 5.66 46472 52806 0.88 24.76
20180417 35250 35250 31410 31440 100290 332414528 11.00 0.68 -9.91 56167 44123 1.27 25.01
20180416 34380 35100 34030 34900 75848 262462536 3.12 0.45 1.72 36421 39428 0.92 18.91
20180413 35030 35750 34230 34310 104087 361324736 4.23 0.55 -4.51 59604 44483 1.34 25.96
20180412 38700 40060 35930 35930 155278 581021424 10.35 0.77 -9.99 90751 64527 1.41 38.72
20180411 40000 41630 38620 39920 194058 781192464 7.12 0.90 -5.51 107693 86365 1.25 48.39
20180410 38080 42250 38000 42250 213075 858802464 11.06 1.02 10.00 99818 113257 0.88 53.14
20180409 38000 40800 37150 38410 176547 686925568 9.32 0.78 -1.89 95816 80731 1.19 44.03
20180404 37500 41600 36600 39150 214760 841623072 13.16 1.08 3.03 106223 108537 0.98 53.56
20180403 36600 40300 36200 38000 207956 798179312 11.08 1.31 2.67 101239 106717 0.95 51.86
20180402 40260 41790 35500 37010 261835 1007821232 16.49 2.27 -2.99 138265 123570 1.12 65.30
20180330 33660 38150 33330 38150 187161 665228912 13.90 1.93 10.01 94147 93015 1.01 46.67
20180329 33300 35880 32300 34680 262771 884096656 10.67 4.65 3.40 127466 135305 0.94 65.53
20180328 33540 33540 33540 33540 73354 246028745 0.00 1.20 10.00 73354 - - 18.29
20180327 30490 30490 30490 30490 8373 25528453 0.00 0.12 9.99 8373 - - 2.09
20180326 26150 27720 26150 27720 44302 121540030 6.23 0.64 10.00 35822 8480 4.22 11.05
20180323 23800 26480 22800 25200 96410 236073271 14.82 1.78 1.49 46529 49880 0.93 24.04
20180322 24060 25090 24060 24830 60019 147568657 4.20 1.14 1.35 31809 28210 1.13 14.97
20180321 24150 26200 24010 24500 95632 239127703 9.08 2.24 1.58 47694 47939 0.99 23.85
20180320 23640 24250 23400 24120 39246 93566894 3.53 0.91 0.17 20604 18642 1.11 9.79
20180319 22700 24900 22680 24080 53904 128568666 9.78 1.20 6.08 24319 29585 0.82 13.44
20180316 22900 23140 22700 22700 22545 51708201 1.91 0.43 -1.60 13420 9125 1.47 5.62
20180315 23530 23680 22080 23070 52655 120532508 6.63 1.00 -4.43 30585 22069 1.39 13.13
20180314 23700 25000 23630 24140 44941 109890035 5.73 0.91 0.88 21683 23258 0.93 11.21
20180313 24890 24890 23900 23930 41755 101804837 3.98 0.82 -3.82 25335 16420 1.54 10.41
20180312 25150 25880 24490 24880 62689 156694442 5.59 1.36 0.04 35789 26900 1.33 15.63
20180309 24190 25060 23900 24870 62394 153432365 4.81 1.63 3.15 30357 32036 0.95 15.56
20180308 23370 24170 23370 24110 50768 121158400 3.42 1.52 3.17 22568 28201 0.80 12.66
20180307 23390 23730 23180 23370 29939 70161945 2.34 0.90 -0.68 17268 12670 1.36 7.47
20180306 23280 24140 23050 23530 49304 116722206 4.64 1.50 0.21 25741 23563 1.09 12.30
20180305 22820 23990 22680 23480 38380 90061195 5.82 1.16 4.36 18526 19854 0.93 9.57
20180302 22620 23190 22480 22500 22619 51483653 3.09 0.66 -1.96 13293 9326 1.43 5.64
20180301 22430 23140 22310 22950 26764 61179098 3.68 0.81 1.77 12279 14485 0.85 6.67
20180228 22600 22980 22300 22550 28944 65452264 2.95 0.96 -2.13 18184 10760 1.69 7.22
20180227 22820 23800 22610 23040 47449 109830871 5.22 1.91 1.05 25001 22448 1.11 11.83
20180226 22400 22960 22000 22800 39049 88021335 4.42 1.86 5.02 17268 21781 0.79 9.74
20180223 21390 21880 21130 21710 28701 61533348 3.51 1.36 1.73 13895 14806 0.94 7.16
20180222 20860 21480 20780 21340 21355 45253320 3.40 0.97 3.64 11143 10212 1.09 5.33
20180214 21200 21280 20490 20590 13591 28254791 3.76 0.47 -2.05 7847 5744 1.37 3.39
20180213 21380 21540 20970 21020 21366 45390256 2.68 0.65 -1.18 13034 8333 1.56 5.33
20180212 21250 21630 20910 21270 20075 42749736 3.48 0.58 2.85 9758 10317 0.95 5.01
20180209 20500 21500 20120 20680 28814 59882514 6.38 0.86 -4.35 16419 12394 1.32 7.19
20180208 20880 21960 20880 21620 26417 57024824 5.06 0.75 1.22 14126 12291 1.15 6.59
20180207 21500 21690 19620 21360 48266 101502991 10.01 1.35 3.29 26641 21624 1.23 12.04
20180206 22240 22750 20680 20680 39762 86556485 9.01 1.16 -10.01 21113 18648 1.13 9.92
20180205 24000 24590 22950 22980 30621 72728578 6.65 0.82 -6.85 19228 11392 1.69 7.64
20180202 24870 25250 24000 24670 23302 57756090 5.03 0.49 -0.64 11980 11323 1.06 5.81
20180201 25790 26150 24000 24830 35037 88447605 8.32 0.61 -3.95 20125 14912 1.35 8.74
20180131 27650 27650 25680 25850 50203 132680772 7.09 0.78 -6.91 30455 19748 1.54 12.52
20180130 28270 28470 27600 27770 31809 88753236 3.07 0.44 -2.05 20587 11222 1.83 7.93
20180129 27880 28440 27180 28350 45604 127491316 4.49 0.50 1.11 24367 21237 1.15 11.37
20180126 28900 29250 27830 28040 72746 206930465 4.90 0.64 -3.21 47592 25153 1.89 18.14
20180125 29090 30310 28800 28970 88262 261341489 5.15 0.81 -1.13 42775 45486 0.94 22.01
20180124 28560 29550 28510 29300 82566 241040295 3.62 0.74 1.88 39081 43485 0.90 20.59
20180123 28100 29200 27980 28760 72145 206519704 4.26 0.66 0.38 37838 34308 1.10 17.99
20180122 29000 29660 28650 28650 139898 403418864 3.17 1.49 -9.99 63327 76571 0.83 34.89
20180119 30500 33100 30400 31830 184042 600356688 8.97 2.44 5.78 118875 65167 1.82 45.90
20180118 30310 30790 29800 30090 64761 195985134 3.24 0.77 -1.67 36432 28329 1.29 16.15
20180117 29000 31360 28590 30600 99398 299930816 9.58 1.19 5.88 43731 55667 0.79 24.79
20180116 28100 29440 27990 28900 55974 161195294 5.15 0.55 2.56 26703 29271 0.91 13.96
20180115 28980 29280 27960 28180 63735 181074908 4.45 0.58 -4.96 35703 28032 1.27 15.89
20180112 30790 30790 29200 29650 92503 276840016 5.10 0.84 -4.88 56117 36386 1.54 23.07
20180111 30320 32800 30220 31170 110902 352817376 8.31 0.96 0.35 56439 54463 1.04 27.66
20180110 31600 32200 30160 31060 94870 296568480 6.33 0.83 -3.69 54684 40186 1.36 23.66
20180109 30800 33390 30700 32250 144077 464265024 8.62 1.45 3.33 70648 73429 0.96 35.93
20180108 29800 31380 29050 31210 105457 318541600 7.80 1.07 4.52 49038 56419 0.87 26.30
20180105 29720 30440 29260 29860 93224 277417824 3.90 1.56 -1.32 54118 39105 1.38 23.25
20180104 28330 31670 28300 30260 139518 423973840 11.71 1.34 5.11 69050 70468 0.98 34.79
20180103 29500 30380 28250 28790 88531 258120849 7.24 0.82 -2.21 47750 40781 1.17 22.08
20180102 29260 29900 29010 29440 70008 205845686 3.08 0.66 1.87 35880 34128 1.05 17.46
20171229 29760 30750 28800 28900 99890 295029232 6.43 1.03 -4.68 54605 45284 1.21 24.91
20171228 27960 31180 27690 30320 140352 419863648 12.28 1.69 6.72 64960 75392 0.86 35.00
20171227 27750 29540 27750 28410 120102 343627648 6.37 1.69 1.10 60091 60011 1.00 29.95
20171226 26340 28750 26310 28100 106232 296244352 9.15 1.69 5.36 46443 59789 0.78 26.49
20171225 26340 26750 25300 26670 63501 164880100 5.49 0.96 0.95 33357 30143 1.11 15.84
20171222 26400 27280 26250 26420 52619 140861622 3.92 0.71 0.46 25350 27269 0.93 13.12
20171221 27010 27010 25510 26300 72372 190381424 5.54 0.92 -2.88 38257 34116 1.12 18.05
20171220 27970 28350 26860 27080 61432 168503730 5.28 0.74 -4.01 37138 24294 1.53 15.32
20171219 27960 28800 27810 28210 64662 183223778 3.52 0.66 0.36 35279 29383 1.20 16.13
20171218 28480 28680 26680 28110 81135 224026134 7.07 0.76 -0.67 46084 35051 1.31 20.23
20171215 28410 29700 28210 28300 91003 262858257 5.21 0.77 -1.08 48257 42746 1.13 22.69
20171214 27630 29380 27530 28610 96256 275243632 6.65 0.75 2.80 42362 53893 0.79 24.00
20171213 27400 28270 27020 27830 80267 223100212 4.55 0.56 1.20 38433 41834 0.92 20.02
20171212 29600 29810 27500 27500 137742 393095344 7.56 0.90 -9.98 83554 54188 1.54 34.35
20171211 30600 31260 29510 30550 127680 389173488 5.80 0.74 1.33 63743 63937 1.00 31.84
20171208 28010 31980 28010 30150 147852 443335280 13.56 1.03 2.97 70050 77802 0.90 36.87
20171207 29700 31940 29020 29280 146354 443711808 9.53 1.28 -4.41 76624 69730 1.10 36.50
20171206 30100 31340 28890 30630 158102 475900208 7.66 1.91 -4.25 88428 69674 1.27 39.43
20171205 32500 34540 31000 31990 188641 618826240 11.27 4.17 1.88 97884 90756 1.08 47.04
20171204 37910 37910 31210 31400 221884 751259936 19.44 235.68 -8.88 122982 98902 1.24 55.33
20171201 34460 34460 34460 34460 1614 5561327 0.00 2.52 9.99 1614 - - 0.40
20171130 31330 31330 31330 31330 1575 4933033 0.00 4.72 10.01 1575 - - 0.39
20171129 28480 28480 28480 28480 746 2125633 0.00 3.93 10.00 746 - - 0.19
20171128 25890 25890 25890 25890 557 1441244 0.00 5.71 9.98 557 - - 0.14
20171127 23540 23540 23540 23540 216 508369 0.00 3.18 10.00 216 - - 0.05
20171124 21400 21400 21400 21400 104 222196 0.00 1.86 10.03 104 - - 0.03
20171123 19450 19450 19450 19450 46 89470 0.00 0.76 10.01 46 - - 0.01
20171122 17680 17680 17680 17680 28 49928 0.00 0.30 10.02 28 - - 0.01
20171121 13390 16070 13390 16070 94 149946 24.01 - 44.00 94 - - 0.02
