20200203 57690 57690 57690 57690 3117 17981973 0.00 0.18 -10.00 5 3112 0.00 1.58
20200123 65700 67480 63620 64100 16333 106983682 5.84 1.00 -3.04 10118 6215 1.63 8.29
20200122 66810 67000 64800 66110 16645 109541000
20200121 68510 68780 67160 67200 15582 105847000
20200120 67580 69800 67580 68870 22598 154546000
20200117 72500 73270 72500 72520 13616 99153000
20200116 72750 73380 72480 72830 13309 97044000
20200115 74290 74780 72500 72650 21825 159591000
20200114 74740 75960 74400 74980 19410 145754000
20200113 74200 74670 73180 74650 18151 134127000
20200110 76000 76360 74020 74300 30443 227938000
20200109 76810 77200 75120 76750 41156 314385000
20200108 76390 82480 76200 79720 59756 473840000
20200107 75100 76500 75060 76000 27363 207748000
20200106 77460 78620 75220 76390 36838 282484000
20200103 74760 79500 74020 76620 46058 352424000
20200102 73430 76300 73430 75480 38090 285372000
20191231 73770 75750 72800 73000 36108 267172000
20191230 82100 82300 74230 74230 55848 424345000
20191227 81080 84000 81010 82480 52844 433677000
20191226 82000 84550 81550 82910 66339 548285000
20191225 81900 89900 81900 84870 101798 858644000
20191224 91000 91000 91000 91000 13606 123815000
20191223 101110 101110 101110 101110 1189 12022000
20191220 91920 91920 91920 91920 1068 9818000
20191219 83560 83560 83560 83560 1351 11289000
20191218 75960 75960 75960 75960 7011 53255000
20191217 69050 69050 69050 69050 1974 13631000
20191216 62770 62770 62770 62770 533 3346000
20191213 57060 57060 57060 57060 1079 6156000
20191212 51870 51870 51870 51870 1087 5635000
20191211 47150 47150 47150 47150 275 1297000
20191210 42860 42860 42860 42860 202 866000
20191209 38960 38960 38960 38960 226 881000
20191206 29520 35420 29520 35420 908 3198000
