20180223 5590 5610 5560 5600 154386 86276195 0.90 0.65 0.36 68922 85465 0.81 0.11
20180222 5540 5590 5530 5580 141848 78806456 1.09 0.42 1.27 63993 77855 0.82 0.10
20180214 5570 5590 5500 5510 147147 81448250 1.62 0.35 -1.08 104167 42980 2.42 0.11
20180213 5600 5630 5560 5570 155853 87098581 1.25 0.30 -0.36 96804 59049 1.64 0.11
20180212 5570 5650 5560 5590 193881 108597454 1.58 0.35 -1.58 115493 78388 1.47 0.14
20180209 5550 5710 5360 5680 557312 308093824 6.14 1.10 -0.35 308342 248969 1.24 0.41
20180208 5940 5950 5560 5700 632166 362542864 6.52 1.30 -4.68 420351 211815 1.98 0.46
20180207 6000 6040 5820 5980 561084 334360272 3.69 1.27 0.17 309013 252071 1.23 0.41
20180206 5870 6030 5850 5970 652899 388207600 3.02 1.84 0.00 316926 335973 0.94 0.48
20180205 5840 6000 5800 5970 368488 218372122 3.40 0.99 1.36 184765 183723 1.01 0.27
20180202 5850 5910 5760 5890 316528 185019449 2.54 0.82 -0.17 165822 150707 1.10 0.23
20180201 5780 5910 5730 5900 525084 305180800 3.10 1.17 1.72 253769 271314 0.94 0.39
20180131 5870 5890 5720 5800 339611 196414856 2.88 0.70 -1.69 214308 125303 1.71 0.25
20180130 5880 5920 5830 5900 227839 133837742 1.53 0.41 0.34 133526 94313 1.42 0.17
20180129 5970 6080 5850 5880 443607 263288787 3.85 0.68 -1.51 305019 138587 2.20 0.33
20180126 5930 6030 5870 5970 404681 240741549 2.70 0.65 0.67 194506 210175 0.93 0.30
20180125 5860 6150 5840 5930 820064 495099120 5.27 1.63 0.85 361179 458884 0.79 0.60
20180124 5890 5930 5800 5880 515904 301964848 2.21 1.12 -0.17 305107 210796 1.45 0.38
20180123 5920 5980 5850 5890 596515 351799728 2.20 1.50 -0.34 367535 228980 1.61 0.44
20180122 5540 6020 5540 5910 924451 542366560 8.66 3.56 6.68 387383 537068 0.72 0.68
20180119 5590 5610 5530 5540 243653 135671131 1.43 0.87 -1.25 135081 108571 1.24 0.18
20180118 5620 5640 5560 5610 229748 128383776 1.42 0.85 -0.18 112391 117357 0.96 0.17
20180117 5560 5640 5520 5620 317338 177574805 2.15 1.29 0.90 136655 180682 0.76 0.23
20180116 5450 5580 5440 5570 269687 149136603 2.56 1.20 2.01 92848 176840 0.53 0.20
20180115 5530 5590 5460 5460 238221 131260442 2.35 1.07 -1.27 133104 105117 1.27 0.18
20180112 5460 5560 5460 5530 351560 193984517 1.83 1.81 1.28 114763 236797 0.48 0.26
20180111 5440 5470 5420 5460 179447 97741382 0.92 0.93 0.37 99963 79484 1.26 0.13
20180110 5460 5500 5430 5440 194423 106213397 1.28 1.08 -0.18 93846 100577 0.93 0.14
20180109 5450 5480 5420 5450 159077 86727116 1.10 0.90 0.00 75009 84069 0.89 0.12
20180108 5400 5460 5380 5450 230671 125510565 1.48 1.59 0.93 91350 139321 0.66 0.17
20180105 5370 5410 5350 5400 210045 113099659 1.12 2.36 0.56 94781 115263 0.82 0.15
20180104 5400 5410 5360 5370 168222 90518558 0.93 1.54 -0.37 99218 69003 1.44 0.12
20180103 5370 5400 5360 5390 132460 71315359 0.74 1.23 0.37 38614 93846 0.41 0.10
20180102 5330 5380 5320 5370 144985 77726373 1.13 1.50 0.75 51869 93116 0.56 0.11
20171229 5340 5340 5320 5330 69162 36852856 0.37 0.68 -0.19 45813 23349 1.96 0.05
20171228 5340 5350 5320 5340 87736 46802891 0.56 0.84 -0.19 57240 30497 1.88 0.06
20171227 5350 5360 5320 5350 110628 59117723 0.75 1.00 0.00 68305 42323 1.61 0.08
20171226 5390 5390 5340 5350 125643 67284123 0.93 1.26 -0.74 93569 32074 2.92 0.09
20171225 5390 5400 5360 5390 89227 48022149 0.74 0.79 0.00 50909 38318 1.33 0.07
20171222 5360 5410 5350 5390 97718 52657646 1.12 0.69 0.56 36404 61315 0.59 0.07
20171221 5390 5400 5360 5360 100426 54001162 0.74 0.68 -0.56 60551 39875 1.52 0.07
20171220 5370 5420 5350 5390 137397 73868704 1.30 0.98 0.19 72544 64854 1.12 0.10
20171219 5370 5390 5350 5380 75624 40653852 0.74 0.51 -0.19 40956 34668 1.18 0.06
20171218 5370 5400 5330 5390 152351 81603348 1.30 0.99 0.00 93130 59222 1.57 0.11
20171215 5420 5430 5330 5390 242504 130247872 1.84 1.74 -0.74 154550 87955 1.76 0.18
20171214 5440 5460 5410 5430 126124 68443901 0.92 0.80 -0.18 72391 53733 1.35 0.09
20171213 5430 5460 5420 5440 105280 57286987 0.74 0.59 0.37 48257 57023 0.85 0.08
20171212 5460 5470 5410 5420 117679 64011248 1.10 0.42 -0.91 77675 40004 1.94 0.09
20171211 5450 5470 5430 5470 177101 96488795 0.73 0.65 0.00 130983 46118 2.84 0.13
20171208 5500 5520 5440 5470 171666 93933279 1.45 0.65 -0.91 113854 57812 1.97 0.13
20171207 5480 5540 5460 5520 220757 121416159 1.46 0.89 0.55 89304 131453 0.68 0.16
20171206 5480 5500 5440 5490 200508 109789810 1.09 0.84 0.00 94232 106276 0.89 0.15
20171205 5360 5510 5350 5490 637525 347427328 2.99 4.26 2.43 149507 488018 0.31 0.47
20171204 5330 5360 5310 5360 137218 73269857 0.93 0.87 0.19 56928 80290 0.71 0.10
20171201 5340 5350 5310 5350 127054 67681754 0.75 0.78 0.19 55267 71787 0.77 0.09
20171130 5330 5350 5300 5340 131656 70025823 0.94 0.76 0.00 83835 47821 1.75 0.10
20171129 5380 5390 5310 5340 156468 83642821 1.49 0.89 -0.56 107900 48568 2.22 0.12
20171128 5430 5430 5360 5370 195957 105625134 1.29 1.09 -1.29 125434 70523 1.78 0.14
20171127 5420 5440 5380 5440 174071 94421651 1.10 0.95 0.18 92010 82061 1.12 0.13
20171124 5390 5440 5370 5430 155095 83909208 1.29 0.60 0.18 61152 93943 0.65 0.11
20171123 5450 5450 5360 5420 189761 102518591 1.65 0.81 -0.55 116458 73303 1.59 0.14
20171122 5430 5460 5430 5450 164741 89705246 0.55 0.73 0.00 78387 86353 0.91 0.12
20171121 5410 5450 5390 5450 213536 115805946 1.11 0.99 0.55 96444 117092 0.82 0.16
20171120 5400 5430 5370 5420 194825 105109488 1.11 0.98 0.00 95726 99099 0.97 0.14
20171117 5300 5440 5260 5420 519358 278865184 3.40 4.24 2.26 151403 367955 0.41 0.38
20171116 5310 5310 5290 5300 81979 43469870 0.38 0.59 -0.19 43294 38685 1.12 0.06
20171115 5310 5320 5290 5310 125454 66571857 0.56 0.83 0.00 61670 63785 0.97 0.09
20171114 5370 5370 5300 5310 156693 83576580 1.30 1.08 -1.12 97338 59355 1.64 0.12
20171113 5370 5390 5360 5370 112777 60559882 0.56 0.77 0.00 70306 42471 1.66 0.08
20171110 5380 5390 5350 5370 136209 73139866 0.74 0.86 -0.37 82077 54132 1.52 0.10
20171109 5400 5410 5370 5390 161104 86767297 0.74 1.08 -0.19 78776 82328 0.96 0.12
20171108 5360 5420 5340 5400 192478 103812597 1.49 1.50 0.75 75874 116604 0.65 0.14
20171107 5340 5370 5330 5360 122044 65245106 0.75 1.01 0.19 76960 45084 1.71 0.09
20171106 5350 5370 5330 5350 122878 65652029 0.74 0.95 -0.37 82077 40801 2.01 0.09
20171103 5350 5390 5300 5370 191271 102170237 1.68 1.81 0.19 90102 101169 0.89 0.14
20171102 5320 5370 5300 5360 120498 64281099 1.31 1.24 0.56 51469 69029 0.75 0.09
20171101 5350 5360 5320 5330 86674 46310939 0.75 0.90 -0.37 56068 30606 1.83 0.06
20171031 5360 5370 5330 5350 80695 43161316 0.74 0.63 -0.37 44942 35753 1.26 0.06
20171030 5350 5390 5300 5370 170544 91119972 1.68 1.58 0.37 86992 83552 1.04 0.13
20171027 5380 5380 5340 5350 71040 38025396 0.74 0.64 -0.37 54938 16102 3.41 0.05
20171026 5370 5380 5350 5370 78104 41951528 0.56 0.65 -0.19 45449 32655 1.39 0.06
20171025 5370 5390 5360 5380 79473 42715798 0.56 0.66 0.19 29169 50304 0.58 0.06
20171024 5310 5390 5290 5370 236289 126566109 1.89 2.70 1.32 57157 179132 0.32 0.17
20171023 5290 5320 5280 5300 74440 39449737 0.75 0.72 0.00 34828 39611 0.88 0.05
20171020 5270 5300 5260 5300 84354 44599911 0.76 0.78 0.57 31246 53108 0.59 0.06
20171019 5320 5330 5270 5270 126377 66910192 1.13 1.03 -0.94 82673 43704 1.89 0.09
20171018 5340 5350 5310 5320 83182 44310785 0.75 0.61 -0.37 59041 24142 2.45 0.06
20171017 5340 5350 5320 5340 69846 37280592 0.56 0.46 0.19 39131 30715 1.27 0.05
20171016 5370 5370 5330 5330 155352 83050375 0.74 1.05 -0.93 105868 49484 2.14 0.11
20171013 5390 5390 5360 5380 106787 57319704 0.56 0.75 -0.37 69373 37414 1.85 0.08
20171012 5370 5400 5330 5400 195964 105220627 1.31 1.59 0.75 80734 115230 0.70 0.14
20171011 5360 5390 5350 5360 149790 80388099 0.74 1.37 -0.19 94202 55588 1.69 0.11
20171010 5370 5370 5320 5370 148880 79596386 0.93 1.53 0.00 100705 48175 2.09 0.11
20171009 5380 5390 5340 5370 139837 74998846 0.93 1.52 0.37 80150 59687 1.34 0.10
20170929 5320 5360 5320 5350 81876 43747974 0.75 0.87 0.56 36497 45379 0.80 0.06
20170928 5340 5350 5320 5320 96419 51470301 0.56 0.91 -0.56 62529 33890 1.85 0.07
20170927 5350 5360 5340 5350 79803 42712102 0.37 0.73 -0.19 55647 24156 2.30 0.06
20170926 5350 5370 5340 5360 88123 47151229 0.56 0.77 0.19 54675 33448 1.63 0.06
20170925 5370 5380 5340 5350 114450 61286492 0.74 1.00 -0.37 72871 41579 1.75 0.08
20170922 5390 5390 5360 5370 89388 47978832 0.56 0.80 -0.19 51413 37975 1.35 0.07
20170921 5410 5420 5370 5380 160347 86483786 0.92 1.63 -0.74 118430 41917 2.83 0.12
20170920 5420 5430 5400 5420 95220 51540658 0.55 0.98 0.00 64098 31121 2.06 0.07
20170919 5440 5450 5410 5420 110867 60142385 0.73 0.99 -0.55 73478 37389 1.97 0.08
20170918 5430 5450 5420 5450 116577 63351788 0.55 1.03 0.37 69581 46996 1.48 0.09
20170915 5420 5440 5410 5430 78169 42410739 0.55 0.61 0.18 41661 36508 1.14 0.06
20170914 5430 5450 5420 5420 90612 49215278 0.55 0.64 -0.37 61558 29054 2.12 0.07
20170913 5460 5460 5430 5440 91994 50055019 0.55 0.61 -0.37 57812 34182 1.69 0.07
20170912 5470 5480 5440 5460 180100 98356871 0.73 1.28 0.00 115694 64406 1.80 0.13
20170911 5470 5480 5450 5460 124412 67941034 0.55 0.82 -0.18 81567 42845 1.90 0.09
20170908 5470 5500 5460 5470 151122 82758156 0.73 0.86 -0.36 93060 58063 1.60 0.11
20170907 5480 5510 5470 5490 159987 87898414 0.73 0.93 0.18 69056 90931 0.76 0.12
20170906 5470 5490 5460 5480 133951 73323828 0.55 0.77 0.18 78743 55208 1.43 0.10
20170905 5480 5490 5470 5470 134194 73498790 0.36 0.65 -0.36 88940 45253 1.97 0.10
20170904 5520 5530 5470 5490 178545 98087862 1.08 0.83 -0.72 116946 61600 1.90 0.13
20170901 5490 5550 5480 5530 271452 149865040 1.28 1.44 1.10 119656 151795 0.79 0.20
20170831 5490 5500 5440 5470 139960 76519191 1.09 0.75 -0.36 104160 35800 2.91 0.10
20170830 5520 5520 5480 5490 151051 83093728 0.72 0.84 -0.54 83736 67315 1.24 0.11
20170829 5490 5580 5480 5520 289448 160089718 1.82 1.90 0.73 107447 182000 0.59 0.21
20170828 5450 5500 5440 5480 222270 121650194 1.10 1.35 0.55 89846 132424 0.68 0.16
20170825 5420 5460 5400 5450 142485 77393069 1.11 0.84 0.74 63812 78673 0.81 0.10
20170824 5460 5460 5380 5410 129392 70046212 1.47 0.74 -0.55 91177 38215 2.39 0.10
20170823 5460 5460 5420 5440 111873 60858401 0.73 0.61 -0.18 63827 48046 1.33 0.08
20170822 5470 5480 5440 5450 154927 84567270 0.73 0.87 -0.37 85671 69256 1.24 0.11
20170821 5440 5500 5430 5470 286019 156321512 1.30 1.84 1.48 118310 167709 0.71 0.21
20170818 5390 5430 5370 5390 164109 88598157 1.11 0.94 -0.19 75494 88615 0.85 0.12
20170817 5350 5410 5350 5400 153667 82736024 1.12 0.84 0.93 54086 99580 0.54 0.11
20170816 5370 5380 5340 5350 160516 85970257 0.74 0.92 -0.37 100705 59811 1.68 0.12
20170815 5380 5390 5360 5370 130752 70211686 0.56 0.74 -0.19 84513 46239 1.83 0.10
20170814 5360 5390 5350 5380 167218 89812034 0.75 0.96 0.37 97028 70190 1.38 0.12
20170811 5410 5460 5340 5360 261152 141167497 2.22 1.72 -0.74 146674 114478 1.28 0.19
20170810 5430 5440 5390 5400 193041 104527008 0.92 1.22 -0.55 99430 93610 1.06 0.14
20170809 5430 5440 5420 5430 124334 67502390 0.37 0.66 0.00 60800 63534 0.96 0.09
20170808 5450 5450 5420 5430 140152 76183809 0.55 0.75 -0.55 75945 64207 1.18 0.10
20170807 5420 5470 5420 5460 153956 83756516 0.92 0.81 0.55 70232 83724 0.84 0.11
20170804 5440 5470 5430 5430 145504 79282550 0.74 0.75 -0.18 70784 74720 0.95 0.11
20170803 5430 5470 5410 5440 226498 123167945 1.10 1.20 -0.18 107685 118813 0.91 0.17
20170802 5540 5540 5440 5450 269039 147767248 1.81 1.65 -1.62 173523 95516 1.82 0.20
20170801 5550 5550 5520 5540 144818 80160337 0.54 0.87 0.00 81646 63171 1.29 0.11
20170731 5520 5550 5520 5540 163944 90742821 0.54 0.95 0.18 96034 67910 1.41 0.12
20170728 5530 5580 5520 5530 164311 91045850 1.08 0.88 -0.18 93693 70618 1.33 0.12
20170727 5550 5590 5520 5540 205096 113798756 1.26 0.88 -0.18 109512 95584 1.15 0.15
20170726 5550 5560 5520 5550 137461 76154114 0.72 0.52 0.00 69773 67688 1.03 0.10
20170725 5560 5590 5520 5550 163651 90807638 1.26 0.63 -0.18 99962 63689 1.57 0.12
20170724 5570 5590 5540 5560 194549 108383835 0.90 0.67 0.18 106074 88475 1.20 0.14
20170721 5590 5620 5550 5550 227587 127024332 1.25 0.79 -0.54 122309 105278 1.16 0.17
20170720 5520 5610 5480 5580 439903 244414838 2.36 2.01 1.09 183201 256701 0.71 0.32
20170719 5440 5530 5420 5520 288072 158200628 2.02 1.51 1.47 110365 177707 0.62 0.21
20170718 5430 5460 5410 5440 154078 83759212 0.92 0.77 -0.37 77447 76632 1.01 0.11
20170717 5440 5480 5320 5460 346494 187610790 2.93 2.20 0.00 161849 184645 0.88 0.25
20170714 5420 5470 5410 5460 212239 115599310 1.10 1.46 0.55 81081 131157 0.62 0.16
20170713 5420 5430 5400 5430 95326 51608693 0.55 0.60 0.18 51927 43399 1.20 0.07
20170712 5440 5450 5400 5420 148881 80699382 0.92 0.95 -0.55 95432 53449 1.79 0.11
20170711 5420 5470 5410 5450 203626 110906005 1.11 1.41 0.55 51581 152044 0.34 0.15
20170710 5430 5440 5410 5420 125955 68320751 0.55 0.86 -0.37 76643 49312 1.55 0.09
20170707 5420 5450 5400 5440 151183 82032789 0.92 0.99 0.18 72667 78516 0.93 0.11
20170706 5420 5440 5390 5430 163762 88680121 0.92 1.17 0.00 86845 76917 1.13 0.12
20170705 5410 5430 5390 5430 143072 77339527 0.74 0.95 0.18 93862 49209 1.91 0.11
20170704 5440 5450 5410 5420 135944 73723634 0.74 0.87 -0.37 97641 38303 2.55 0.10
20170703 5460 5470 5420 5440 140136 76280594 0.92 0.89 -0.37 74727 65409 1.14 0.10
20170630 5430 5470 5410 5460 180987 98474507 1.10 1.14 0.55 62970 118017 0.53 0.13
20170629 5420 5440 5410 5430 97481 52904419 0.55 0.54 0.18 56784 40697 1.40 0.07
20170628 5450 5470 5420 5420 197180 107313208 0.92 1.21 -0.55 96237 100943 0.95 0.14
20170627 5490 5500 5440 5450 169254 92448076 1.09 1.15 -0.73 103561 65693 1.58 0.12
20170626 5480 5500 5440 5490 144164 78927772 1.09 1.07 0.18 67514 76651 0.88 0.11
20170623 5450 5480 5400 5480 183411 99866557 1.47 1.49 0.37 74912 108499 0.69 0.13
20170622 5440 5480 5430 5460 208092 113681560 0.92 1.57 0.37 77521 130571 0.59 0.15
20170621 5430 5450 5400 5440 109572 59422659 0.92 0.68 0.55 59569 50003 1.19 0.08
20170620 5440 5450 5410 5410 88905 48171588 0.74 0.54 -0.55 65862 23044 2.86 0.07
20170619 5420 5450 5410 5440 84977 46152410 0.74 0.47 0.37 38231 46747 0.82 0.06
20170616 5440 5460 5410 5420 122231 66340035 0.92 0.65 -0.55 73111 49120 1.49 0.09
20170615 5500 5510 5430 5450 256230 139934835 1.45 1.57 -1.27 171131 85099 2.01 0.19
20170614 5710 5770 5700 5750 252446 144787115 1.22 1.31 0.52 105927 146519 0.72 0.19
20170613 5700 5730 5680 5720 114124 65158838 0.87 0.56 0.00 59969 54154 1.11 0.08
20170612 5700 5750 5690 5720 161979 92649426 1.05 0.80 0.53 69633 92346 0.75 0.12
20170609 5700 5720 5670 5690 155114 88363596 0.88 0.76 0.18 89421 65693 1.36 0.11
20170608 5680 5690 5660 5680 134774 76475721 0.53 0.49 -0.53 77372 57403 1.35 0.10
20170607 5700 5720 5630 5710 399159 226247863 1.58 1.61 0.18 305327 93832 3.25 0.29
20170606 5740 5760 5680 5700 170326 97389733 1.39 0.70 -0.70 82447 87879 0.94 0.13
20170605 5750 5780 5710 5740 147230 84493230 1.21 0.62 -0.52 81184 66046 1.23 0.11
20170602 5760 5810 5750 5770 165018 95469483 1.04 0.68 -0.35 66778 98239 0.68 0.12
20170601 5710 5800 5640 5790 492631 283299168 2.80 2.18 1.22 175341 317291 0.55 0.36
20170531 5660 5750 5640 5720 261770 149189502 1.94 1.15 1.06 107039 154731 0.69 0.19
20170526 5640 5710 5630 5660 152721 86568103 1.42 0.69 0.35 77507 75215 1.03 0.11
20170525 5630 5670 5610 5640 110092 62108710 1.06 0.48 -0.35 58264 51828 1.12 0.08
20170524 5610 5670 5570 5660 193554 108684290 1.77 0.81 0.18 86756 106799 0.81 0.14
20170523 5540 5660 5500 5650 409195 229054013 2.86 2.19 1.07 144607 264588 0.55 0.30
20170522 5540 5610 5420 5590 275649 151990161 3.42 1.67 0.72 116137 159511 0.73 0.20
20170519 5520 5550 5490 5550 124260 68637750 1.08 0.79 0.36 44475 79785 0.56 0.09
20170518 5480 5540 5460 5530 141084 77683077 1.46 0.64 0.73 64973 76111 0.85 0.10
20170517 5590 5610 5480 5490 239923 132755769 2.33 1.10 -1.79 159062 80861 1.97 0.18
20170516 5580 5610 5500 5590 154490 85937666 1.97 0.66 0.18 81537 72954 1.12 0.11
20170515 5540 5600 5540 5580 167151 93106385 1.08 0.62 0.72 54082 113069 0.48 0.12
20170512 5570 5570 5530 5540 79899 44302166 0.72 0.26 -0.36 47704 32195 1.48 0.06
20170511 5460 5590 5440 5560 457251 252759224 2.73 1.76 1.28 167119 290132 0.58 0.34
20170510 5500 5540 5460 5490 231073 127022399 1.45 0.88 -0.18 108222 122851 0.88 0.17
20170509 5450 5560 5440 5500 238579 131434648 2.19 0.99 0.36 104031 134548 0.77 0.18
20170508 5360 5500 5340 5480 347983 189072462 2.97 1.62 1.67 105324 242659 0.43 0.26
20170505 5370 5390 5300 5390 258087 138083423 1.68 1.13 0.37 129286 128801 1.00 0.19
20170504 5350 5410 5330 5370 224378 120395516 1.49 0.71 0.00 106039 118339 0.90 0.16
20170503 5430 5450 5340 5370 236818 127708700 2.03 0.76 -1.10 160365 76453 2.10 0.17
20170502 5450 5470 5420 5430 137296 74693412 0.91 0.37 -0.73 95179 42118 2.26 0.10
20170428 5450 5480 5410 5470 217521 118421647 1.28 0.59 0.00 127150 90371 1.41 0.16
20170427 5500 5500 5400 5470 327536 178328319 1.81 0.92 -1.08 203285 124251 1.64 0.24
20170426 5720 5730 5510 5530 658854 369126224 3.82 2.29 -3.99 452179 206675 2.19 0.48
20170425 5770 5790 5740 5760 220454 127094089 0.86 0.73 -0.52 124784 95670 1.30 0.16
20170424 5760 5810 5660 5790 423366 242454865 2.60 1.57 0.52 173300 250066 0.69 0.31
20170421 5700 5780 5680 5760 213559 122271103 1.75 0.71 0.70 72408 141151 0.51 0.16
20170420 5680 5730 5640 5720 258167 146462253 1.58 0.78 0.18 133312 124855 1.07 0.19
20170419 5690 5720 5610 5710 322075 182291610 1.93 0.77 0.00 177939 144137 1.23 0.24
20170418 5780 5820 5700 5710 286007 164642334 2.07 0.67 -1.55 194207 91800 2.12 0.21
20170417 5760 5810 5710 5800 264890 152393978 1.73 0.59 0.35 121772 143118 0.85 0.19
20170414 5810 5850 5720 5780 371896 215408184 2.24 0.85 -0.34 212373 159524 1.33 0.27
20170413 5770 5850 5760 5800 415146 241242404 1.55 1.01 0.00 197078 218068 0.90 0.31
20170412 5710 5840 5680 5800 756487 437503152 2.80 2.24 1.40 258470 498017 0.52 0.56
20170411 5690 5720 5620 5720 325709 184916940 1.76 0.96 0.53 161826 163883 0.99 0.24
20170410 5720 5750 5680 5690 362073 207033643 1.22 1.01 -1.22 222947 139126 1.60 0.27
20170407 5750 5790 5720 5760 332752 191437788 1.22 1.00 0.00 163577 169175 0.97 0.24
20170406 5740 5780 5720 5760 279811 160838138 1.04 0.91 0.17 159173 120638 1.32 0.21
20170405 5680 5780 5660 5750 387563 221946175 2.11 1.45 0.88 160959 226605 0.71 0.28
20170331 5670 5750 5650 5700 341730 194932122 1.76 1.40 0.35 154607 187124 0.83 0.25
20170330 5610 5720 5560 5680 454691 256619937 2.84 2.17 0.89 205277 249415 0.82 0.33
20170329 5650 5650 5570 5630 195045 109466932 1.42 0.82 -0.18 122627 72419 1.69 0.14
20170328 5640 5650 5610 5640 161608 91009033 0.71 0.67 0.00 98350 63258 1.55 0.12
20170327 5620 5660 5610 5640 181180 102161184 0.89 0.72 0.36 70788 110392 0.64 0.13
20170324 5580 5640 5570 5620 223969 125596056 1.25 0.88 0.72 77228 146741 0.53 0.16
20170323 5590 5620 5540 5580 284034 158659467 1.43 1.03 -0.36 163147 120887 1.35 0.21
20170322 5670 5680 5590 5600 333596 187786437 1.58 1.21 -1.58 198111 135485 1.46 0.25
20170321 5710 5710 5670 5690 182026 103476715 0.70 0.64 -0.18 178136 3890 45.79 0.13
20170320 5680 5710 5660 5700 229946 130862594 0.88 0.85 0.35 104217 125729 0.83 0.17
20170317 5720 5730 5660 5680 249221 141760168 1.22 1.02 -0.70 155178 94043 1.65 0.18
20170316 5690 5750 5690 5720 388574 221754208 1.05 1.84 0.35 189241 199333 0.95 0.29
20170315 5690 5720 5640 5700 328543 186628040 1.40 1.75 0.00 140819 187724 0.75 0.24
20170314 5720 5750 5670 5700 220441 125897161 1.40 1.24 -0.35 96769 123672 0.78 0.16
20170313 5680 5730 5650 5720 160610 91479962 1.40 0.84 0.35 71778 88832 0.81 0.12
20170310 5700 5730 5680 5700 127987 72995935 0.87 0.60 -0.52 91240 36747 2.48 0.09
20170309 5720 5740 5670 5730 220096 125284619 1.22 0.86 0.00 103671 116425 0.89 0.16
20170308 5760 5770 5700 5730 209251 119754633 1.22 0.80 -0.35 119377 89874 1.33 0.15
20170307 5770 5780 5740 5750 172843 99439142 0.69 0.64 -0.35 85142 87701 0.97 0.13
20170306 5730 5800 5730 5770 220671 127416459 1.22 0.76 0.70 93079 127593 0.73 0.16
20170303 5710 5740 5690 5730 235539 134704672 0.87 0.78 0.17 140953 94586 1.49 0.17
20170302 5820 5830 5720 5720 434399 250536537 1.89 1.51 -1.72 303010 131389 2.31 0.32
20170301 5830 5850 5810 5820 252548 147249113 0.68 0.78 -0.34 157781 94767 1.66 0.19
20170228 5830 5850 5810 5840 197671 115225011 0.68 0.53 0.00 116557 81115 1.44 0.15
20170227 5870 5890 5830 5840 325357 190459378 1.02 0.81 -0.68 194915 130442 1.49 0.24
20170224 5850 5890 5810 5880 297437 173933898 1.36 0.65 0.17 155574 141864 1.10 0.22
20170223 5930 5940 5830 5870 369213 216689163 1.86 0.72 -0.84 248152 121060 2.05 0.27
20170222 5910 5940 5860 5920 435599 257145213 1.35 0.70 0.17 215920 219679 0.98 0.32
20170221 5890 5950 5880 5910 454898 269117264 1.19 0.70 0.34 218203 236696 0.92 0.33
20170220 5820 5890 5790 5890 463470 271724336 1.72 - 1.20 229655 233815 0.98 0.34
20170217 5880 5890 5790 5820 553418 323118784 1.69 0.72 -1.36 351206 202212 1.74 0.41
20170216 5800 5910 5780 5900 654674 383032800 2.24 0.83 1.55 287792 366882 0.78 0.48
20170215 5820 5930 5800 5810 966182 567358192 2.23 1.46 -0.34 443113 523069 0.85 0.71
20170214 5870 5880 5770 5830 630939 366604944 1.87 0.99 -0.68 364341 266598 1.37 0.46
20170213 5870 5870 5810 5870 635601 371200368 1.03 1.07 0.34 339134 296467 1.14 0.47
20170210 5730 5910 5720 5850 971210 567249520 3.30 2.21 1.74 480743 490467 0.98 0.71
20170209 5740 5760 5670 5750 728977 416394016 1.57 1.92 0.17 544099 184878 2.94 0.54
20170208 5730 5760 5680 5740 353128 202206257 1.39 0.94 -0.35 195161 157968 1.24 0.26
20170207 5670 5770 5640 5760 502838 286754736 2.29 1.31 1.59 226971 275867 0.82 0.37
20170206 5710 5730 5660 5670 401405 228170518 1.23 1.07 -0.70 270200 131205 2.06 0.30
20170203 5680 5730 5670 5710 213800 121796603 1.06 0.52 0.53 115058 98743 1.17 0.16
20170126 5750 5770 5660 5680 429908 245173114 1.92 1.19 -1.05 294423 135485 2.17 0.32
20170125 5750 5810 5730 5740 330063 190291927 1.39 0.87 -0.52 179173 150890 1.19 0.24
20170124 5720 5820 5710 5770 540962 312459072 1.92 1.60 0.70 264188 276774 0.95 0.40
20170123 5710 5770 5690 5730 361313 206925485 1.40 0.81 0.00 179669 181644 0.99 0.27
20170120 5640 5750 5630 5730 382538 217758113 2.12 0.86 1.24 180020 202519 0.89 0.28
20170119 5640 5670 5620 5660 198861 112205598 0.88 0.43 0.18 111534 87327 1.28 0.15
20170118 5710 5750 5630 5650 403179 229147265 2.10 0.88 -1.22 229944 173235 1.33 0.30
20170117 5670 5730 5650 5720 344777 196450310 1.40 0.71 0.18 169852 174925 0.97 0.25
20170116 5640 5750 5560 5710 906637 513322352 3.37 2.03 1.42 407800 498837 0.82 0.67
20170113 5580 5650 5560 5630 367510 205933535 1.61 0.73 0.72 203432 164078 1.24 0.27
20170112 5660 5680 5590 5590 287855 162035413 1.59 0.46 -1.41 187682 100173 1.87 0.21
20170111 5640 5760 5630 5670 393788 223938842 2.30 0.64 0.18 213973 179815 1.19 0.29
20170110 5770 5770 5650 5660 459495 262306373 2.08 0.78 -1.74 269968 189527 1.42 0.34
20170109 5620 5870 5620 5760 721556 414193184 4.43 1.49 2.13 327919 393637 0.83 0.53
20170106 5670 5730 5620 5640 662655 376136240 1.93 1.74 -0.88 338222 324434 1.04 0.49
20170105 5520 5740 5480 5690 894344 501920000 4.71 3.81 3.08 335261 559083 0.60 0.66
20170104 5500 5550 5470 5520 342064 188647242 1.45 1.63 0.36 172569 169495 1.02 0.25
20170103 5430 5500 5420 5500 324110 177459712 1.47 1.71 1.29 125222 198888 0.63 0.24
20161230 5400 5440 5360 5430 201163 108512342 1.48 0.84 0.74 97422 103741 0.94 0.15
20161229 5380 5420 5360 5390 143423 77324117 1.11 0.45 -0.19 97195 46227 2.10 0.11
20161228 5390 5430 5370 5400 162228 87502845 1.11 0.44 0.00 83949 78279 1.07 0.12
20161227 5440 5450 5390 5400 215479 116678681 1.10 0.59 -0.92 133690 81790 1.63 0.16
20161226 5400 5460 5360 5450 226124 122106726 1.84 0.58 0.18 121587 104537 1.16 0.17
20161223 5520 5530 5380 5440 454231.83 247053064.000
20161222 5450 5550 5450 5490 522187.34 287480171.000
20161221 5380 5490 5370 5460 427390.94 232145622.000
20161220 5330 5380 5330 5360 183438.16 98279285.000
20161219 5380 5390 5300 5350 368147.17 197175371.000
20161216 5370 5400 5350 5380 180903.54 97252784.000
20161215 5370 5420 5350 5380 201510.44 108473397.000
20161214 5430 5440 5350 5370 261564.19 141105159.000
20161213 5420 5460 5370 5440 242958.34 131608970.000
20161212 5570 5600 5370 5470 634592.52 346861411.000
20161209 5530 5590 5530 5560 219038.80 121783995.000
20161208 5580 5610 5540 5550 263140.28 146575506.000
20161207 5590 5600 5530 5600 314250.63 174887226.000
20161206 5640 5670 5570 5580 261349.72 146724232.000
20161205 5640 5700 5590 5660 498024.69 280567322.000
20161202 5710 5820 5650 5690 739118.70 423490471.000
20161201 5710 5720 5660 5710 479543.91 273022340.000
20161130 5750 5790 5670 5700 597673.80 341210340.000
20161129 5660 5840 5620 5770 1234308.21 710029463.000
20161128 5590 5770 5590 5670 1178750.02 669604600.000
20161125 5530 5580 5490 5570 353135.26 195544065.000
20161124 5530 5580 5510 5540 345329.46 191649552.000
20161123 5610 5650 5540 5550 495707.01 276725039.000
20161122 5610 5630 5570 5590 596949.66 334123775.000
20161121 5490 5680 5480 5610 649479.05 363103525.000
20161118 5580 5610 5480 5490 413203.46 228803815.000
20161117 5550 5590 5500 5580 440142.83 243852316.000
20161116 5460 5640 5450 5560 780604.49 433558831.000
20161115 5490 5500 5430 5460 317427.88 173374029.000
20161114 5420 5490 5410 5470 457140.71 249903523.000
20161111 5400 5450 5390 5420 404176.49 219046629.000
20161110 5340 5420 5340 5400 412567.53 222208944.000
20161109 5350 5360 5300 5330 229712.57 122427089.000
20161108 5360 5380 5340 5350 216212.13 115897725.000
20161107 5340 5370 5320 5340 189175.25 101052251.000
20161104 5340 5370 5320 5330 137008.24 73242107.000
20161103 5300 5380 5300 5340 248053.22 132511285.000
20161102 5380 5380 5310 5320 207323.40 110813253.000
20161101 5370 5380 5350 5380 141885.25 76174457.000
20161031 5360 5380 5330 5370 134076.15 71768767.000
20161028 5390 5420 5360 5370 202936.41 109286107.000
20161027 5410 5430 5370 5390 183390.75 98963304.000
20161026 5440 5460 5400 5420 191231.93 103756707.000
20161025 5460 5470 5400 5440 276541.05 150152067.000
20161024 5370 5480 5360 5450 510860.64 277630525.000
20161021 5350 5410 5330 5370 277495.26 148778324.000
20161020 5340 5370 5320 5340 183266.16 97816927.000
20161019 5370 5430 5330 5360 391733.45 211006370.000
20161018 5260 5350 5240 5350 285889.74 151704217.000
20161017 5290 5320 5250 5260 153059.85 80963143.000
20161014 5290 5310 5260 5300 130022.07 68734685.000
20161013 5310 5320 5290 5310 125204.44 66443364.000
20161012 5330 5330 5290 5310 125826.07 66746794.000
20161011 5300 5330 5290 5330 156315.10 83056709.000
20161010 5250 5300 5250 5300 153173.96 80844468.000
20160930 5230 5250 5220 5240 90568.72 47421140.000
20160929 5220 5250 5220 5230 97913.49 51267494.000
20160928 5270 5270 5210 5220 94297.85 49301529.000
20160927 5230 5250 5210 5250 114130.52 59697136.000
20160926 5310 5330 5220 5230 169754.75 89480808.000
20160923 5350 5360 5310 5310 93811.28 49972730.000
20160922 5370 5390 5330 5340 172633.00 92503968.000
20160921 5340 5390 5330 5360 148735.64 79736402.000
20160920 5350 5360 5320 5330 113794.19 60738416.000
20160919 5300 5370 5290 5340 158635.91 84773571.000
20160914 5320 5330 5290 5300 118167.41 62736569.000
20160913 5320 5360 5290 5350 207113.58 110170550.000
20160912 5280 5380 5190 5370 462373.68 244158499.000
20160909 5380 5410 5340 5340 197790.05 106326980.000
20160908 5400 5410 5360 5380 145834.41 78443264.000
20160907 5400 5430 5380 5400 256313.00 138638084.000
20160906 5390 5420 5340 5400 210668.16 113373518.000
20160905 5390 5440 5360 5390 243077.67 131126189.000
20160902 5330 5390 5300 5380 290828.28 155165946.000
20160901 5350 5380 5320 5320 217469.83 116486545.000
20160831 5360 5360 5310 5350 165250.37 88263462.000
20160830 5360 5370 5340 5360 156030.46 83549335.000
20160829 5350 5380 5330 5350 173462.09 92863143.000
20160826 5330 5360 5320 5340 166329.09 88907134.000
20160825 5370 5380 5310 5340 258440.94 137775377.000
20160824 5400 5420 5370 5380 180903.17 97555827.000
20160823 5400 5450 5370 5390 239465.45 129552822.000
20160822 5440 5460 5390 5410 241477.83 130842866.000
20160819 5470 5480 5370 5440 430898.25 233498163.000
20160818 5460 5530 5440 5480 464559.31 254493771.000
20160817 5400 5470 5370 5470 452346.74 245091509.000
20160816 5430 5510 5390 5420 609492.93 331234039.000
20160815 5280 5470 5260 5410 935342.14 503830031.000
20160812 5180 5290 5170 5260 358289.27 187204924.000
20160811 5210 5230 5180 5180 191962.04 99901946.000
20160810 5240 5240 5210 5220 153178.46 80019731.000
20160809 5200 5260 5190 5240 297156.58 155314213.000
20160808 5180 5210 5140 5200 177864.82 92140898.000
20160805 5180 5200 5160 5180 134971.74 69921451.000
20160804 5180 5200 5150 5190 134532.78 69619916.000
20160803 5170 5190 5150 5170 132814.02 68692501.000
20160802 5190 5210 5150 5190 155984.89 80610134.000
20160801 5150 5200 5100 5200 266847.72 137653034.000
20160729 5210 5220 5150 5170 204138.64 106015179.000
20160728 5120 5210 5110 5200 301983.53 156163199.000
20160727 5230 5260 5020 5170 474370.74 243981761.000
20160726 5190 5240 5180 5230 198782.45 103567565.000
20160725 5200 5220 5170 5200 141954.51 73724000.000
20160722 5220 5240 5180 5190 191531.35 99560960.000
20160721 5240 5260 5210 5220 212664.16 111392070.000
20160720 5290 5300 5230 5230 255974.02 134353572.000
20160719 5250 5360 5240 5290 452530.66 239896674.000
20160718 5260 5280 5230 5240 270128.71 141824812.000
20160715 5260 5290 5240 5260 217156.38 114285091.000
20160714 5250 5270 5230 5260 284969.43 149637830.000
20160713 5250 5320 5230 5270 601915.70 317774065.000
20160712 5150 5230 5140 5230 475823.25 247399905.000
20160711 5160 5190 5140 5150 226023.70 116815896.000
20160708 5180 5190 5140 5160 156161.00 80525008.000
20160707 5180 5200 5140 5190 231279.56 119599391.000
20160706 5190 5190 5140 5180 242433.22 125243648.000
20160705 5150 5260 5140 5200 467132.01 242980522.000
20160704 5060 5170 5050 5160 382319.91 196244599.000
20160701 5100 5100 5060 5060 139252.23 70725873.000
20160630 5100 5120 5060 5090 163030.27 82897463.000
20160629 5080 5120 5060 5100 222712.40 113613167.000
20160628 5050 5080 5030 5080 238810.69 120626286.000
20160627 5010 5080 5000 5070 224205.58 113274436.000
20160624 5130 5150 4960 5040 241885.27 122349706.000
20160623 5230 5230 5100 5130 321529.66 165756940.000
20160622 5490 5520 5480 5510 279600.03 153609131.000
20160621 5490 5520 5450 5490 255116.32 140143405.000
20160620 5500 5520 5450 5480 214227.16 117413869.000
20160617 5450 5510 5420 5490 351027.64 191788388.000
20160616 5370 5570 5340 5470 594594.95 326145993.000
20160615 5240 5390 5240 5350 237630.78 126712410.000
20160614 5250 5310 5220 5300 155495.41 82051957.000
20160613 5280 5370 5250 5260 293663.92 156075958.000
20160608 5330 5360 5290 5330 232177.25 123645163.000
20160607 5360 5360 5330 5350 145043.43 77511745.000
20160606 5350 5370 5330 5360 203253.37 108682948.000
20160603 5320 5370 5290 5350 264719.65 141118930.000
20160602 5290 5320 5280 5310 171596.17 90944184.000
20160601 5310 5340 5280 5300 246337.76 130665171.000
20160531 5170 5330 5170 5320 354091.14 186714726.000
20160530 5180 5190 5150 5170 101511.41 52479055.000
20160527 5180 5200 5160 5180 106400.67 55137872.000
20160526 5180 5200 5120 5190 141973.59 73210986.000
20160525 5210 5220 5160 5180 107195.90 55678889.000
20160524 5210 5220 5160 5190 137497.97 71317173.000
20160523 5190 5230 5190 5220 133853.39 69720908.000
20160520 5160 5200 5150 5190 105501.77 54553562.000
20160519 5180 5220 5140 5170 128744.18 66763056.000
20160518 5210 5210 5110 5180 223205.62 115272173.000
20160517 5240 5270 5210 5240 140668.34 73727040.000
20160516 5220 5250 5180 5250 140600.05 73474581.000
20160513 5270 5300 5200 5220 233813.00 122810000
20160512 5180 5380 5120 5290 449206.00 236230000
20160511 5230 5240 5170 5200 181701.00 94600000
20160510 5220 5250 5170 5200 192794.00 100230000
20160509 5330 5360 5190 5210 291669.00 152690000
20160506 5510 5520 5350 5360 325601.00 176630000
20160505 5510 5520 5470 5510 183644.00 100970000
20160504 5510 5540 5480 5510 238350.00 131390000
20160503 5420 5540 5400 5530 314888.00 172780000
20160429 5400 5450 5380 5420 178066.00 96580000
20160428 5420 5440 5340 5400 198239.00 106730000
20160427 5420 5450 5400 5410 151473.00 82150000
20160426 5360 5420 5360 5420 120960.00 65280000
20160425 5420 5420 5360 5390 140068.00 75440000
20160422 5370 5430 5350 5420 143355.00 77320000
20160421 5420 5470 5390 5400 228418.00 124110000
20160420 5630 5650 5330 5450 544969.00 298070000
20160419 5640 5660 5590 5610 222424.00 125000000
20160418 5690 5690 5590 5620 320409.00 180460000
20160415 5780 5790 5700 5720 395113.00 226370000
20160414 5780 5820 5730 5780 411707.00 237330000
20160413 5670 5840 5660 5750 969875.00 559990000
20160412 5680 5690 5590 5650 443148.00 249780000
20160411 5610 5710 5600 5700 702089.00 396810000
20160408 5600 5610 5510 5580 372627.00 207230000
20160407 5690 5730 5600 5640 665524.00 376970000
20160406 5650 5700 5620 5660 480503.00 271950000
20160405 5570 5680 5520 5670 673403.00 378560000
20160401 5570 5590 5450 5570 335837.00 185530000
20160331 5550 5610 5510 5580 441900.00 245670000
20160330 5430 5520 5420 5520 340835.00 186830000
20160329 5520 5530 5370 5390 284480.00 154770000
20160328 5570 5610 5490 5510 312478.00 173770000
20160325 5510 5580 5500 5560 301854.00 167110000
20160324 5600 5680 5520 5530 485666.00 272330000
20160323 5630 5660 5590 5650 340315.00 191430000
20160322 5680 5700 5620 5640 495012.00 280210000
20160321 5640 5720 5610 5700 767098.00 435010000
20160318 5580 5660 5530 5610 1046752.00 587090000
20160317 5510 5570 5440 5530 356558.00 196780000
20160316 5440 5540 5420 5480 397641.00 218130000
20160315 5450 5480 5360 5440 194088.00 105300000
20160314 5350 5520 5350 5450 270245.00 147610000
20160311 5290 5350 5240 5330 133007.00 70460000
20160310 5420 5450 5310 5320 167452.00 90180000
20160309 5410 5470 5340 5460 250400.00 135150000
20160308 5590 5590 5330 5540 322223.00 175630000
20160307 5640 5690 5550 5610 311541.00 174530000
20160304 5470 5650 5390 5590 630600.00 349360000
20160303 5490 5560 5440 5500 432448.00 237780000
20160302 5230 5540 5220 5470 456305.00 245260000
20160301 5160 5240 5090 5230 230784.00 119520000
20160229 5280 5300 5010 5140 301886.00 154150000
20160226 5290 5340 5180 5290 279844.00 147670000
20160225 5680 5690 5160 5200 562473.00 305460000
20160224 5520 5770 5510 5730 572453.00 323510000
20160223 5630 5650 5500 5570 287216.00 160060000
20160222 5570 5650 5530 5620 367592.00 205950000
20160219 5520 5550 5460 5510 224600.00 123490000
20160218 5550 5650 5500 5540 385828.00 214560000
20160217 5500 5540 5440 5520 322351.00 176980000
20160216 5250 5560 5240 5540 433593.00 235530000
20160215 5100 5250 5080 5210 161887.00 83570000
20160205 5340 5360 5250 5260 209883.00 111410000
20160204 5230 5340 5220 5330 290583.00 153500000
20160203 5160 5230 5110 5220 203781.00 105100000
20160202 5100 5270 5090 5220 247072.00 128680000
20160201 5190 5250 5030 5090 216065.00 110700000
20160129 5050 5220 5040 5210 284092.00 146310000
20160128 5200 5340 5000 5030 288296.00 148860000
20160127 5600 5600 5100 5270 458188.00 243240000
20160126 6020 6030 5500 5530 335509.00 193960000
20160125 6060 6130 6040 6080 157844.00 96060000
20160122 6060 6100 5960 6060 177741.00 107420000
20160121 6120 6190 6000 6010 306115.00 186650000
20160120 6190 6480 6030 6240 518054.00 323590000
20160119 5970 6240 5970 6180 295698.00 181040000
20160118 5930 6110 5890 6010 220406.00 132930000
20160115 6260 6270 5990 6030 344692.00 210180000
20160114 6090 6320 5980 6320 350970.00 215660000
20160113 6400 6470 6180 6190 241114.00 153050000
20160112 6350 6380 6220 6340 256433.00 162230000
20160111 6470 6610 6250 6260 375498.00 241380000
20160108 6750 6760 6310 6630 420689.00 278250000
20160107 7020 7020 6450 6490 79404.00 53570000
20160106 6970 7110 6970 7100 446004.00 314020000
20160105 6780 7130 6710 6950 356677.00 247610000
20160104 7490 7500 6840 6900 254103.00 183390000
20151231 7480 7540 7450 7490 176885.00 132640000
20151230 7480 7530 7440 7490 215102.00 160890000
20151229 7480 7510 7390 7500 266469.00 198300000
20151228 7670 7670 7480 7490 403561.00 305750000
20151225 7640 7700 7610 7670 179740.00 137560000
20151224 7740 7770 7580 7640 293789.00 224880000
20151223 7880 7900 7760 7780 342412.00 268110000
20151222 7870 7940 7800 7880 349028.00 274160000
20151221 7700 7900 7670 7870 435176.00 339740000
20151218 7810 7820 7680 7720 293800.00 227240000
20151217 7690 7850 7680 7790 379516.00 295530000
20151216 7650 7690 7580 7620 194117.00 148140000
20151215 7670 7750 7600 7630 240953.00 184870000
20151214 7380 7680 7340 7670 318421.00 241080000
20151211 7520 7530 7380 7440 251216.00 186780000
20151210 7630 7660 7510 7520 276309.00 209740000
20151209 7610 7680 7570 7610 236391.00 180290000
20151208 7830 7830 7610 7630 336307.00 259200000
20151207 7900 7920 7800 7850 265616.00 208770000
20151204 8000 8030 7850 7860 384872.00 304760000
20151203 8000 8090 7970 8060 431349.00 346410000
20151202 7870 8060 7790 8050 459802.00 363800000
20151201 7800 7940 7770 7870 343037.00 268830000
20151130 7680 7950 7590 7860 498128.00 388210000
20151127 8480 8550 7700 7810 737540.00 600800000
20151126 8620 8660 8480 8530 493927.00 423400000
20151125 8490 8670 8430 8600 460869.00 395350000
20151124 8500 8500 8330 8490 445370.00 374840000
20151123 8590 8640 8470 8500 489646.00 419500000
20151120 8630 8660 8530 8610 551735.00 473910000
20151119 8560 8670 8510 8630 426719.00 366480000
20151118 8680 8720 8510 8520 512285.00 441680000
20151117 8850 8900 8580 8610 871038.00 762690000
20151116 8580 8750 8500 8740 744765.00 644010000
20151113 8890 9370 8750 8830 1667023.00 1511310000
20151112 8630 9080 8550 8940 1580984.00 1388820000
20151111 8600 8630 8510 8600 651257.00 557870000
20151110 8600 8700 8460 8580 860920.00 740090000
20151109 8600 8880 8530 8720 1275000.00 1108810000
20151106 8540 8750 8470 8630 1167715.00 1001340000
20151105 8800 8850 8510 8550 2393592.00 2074410000
20151104 7950 8420 7900 8420 893367.00 740270000
20151103 7690 7730 7560 7650 281275.00 215170000
20151102 7640 7840 7620 7670 355101.00 275190000
20151030 7750 7830 7590 7740 378414.00 291790000
20151029 7820 7860 7690 7770 472105.00 367140000
20151028 7790 7870 7650 7690 454244.00 353050000
20151027 7880 7920 7530 7820 509498.00 393790000
20151026 8020 8050 7870 7920 643141.00 511560000
20151023 7890 7930 7710 7890 666474.00 521320000
20151022 7640 7840 7540 7810 583743.00 450740000
20151021 8240 8330 7590 7640 922719.00 738740000
20151020 8120 8230 8030 8220 672128.00 545470000
20151019 8190 8310 8010 8130 888259.00 726440000
20151016 8110 8140 7980 8110 821173.00 662450000
20151015 7750 8050 7720 8010 692830.00 551030000
20151014 7950 8010 7770 7790 527621.00 416590000
20151013 7850 8050 7810 7960 668506.00 530610000
20151012 7630 8070 7600 7910 743653.00 585840000
20151009 7500 7630 7500 7570 393566.00 298390000
20151008 7540 7690 7450 7540 549659.00 416450000
20150930 7250 7390 7200 7250 290614.00 211630000
20150929 7220 7280 7100 7180 317861.00 228700000
20150928 7300 7450 7300 7390 216826.00 160200000
20150925 7560 7640 7210 7280 440929.00 326150000
20150924 7600 7690 7480 7640 406862.00 309000000
20150923 7700 7770 7490 7500 485929.00 370780000
20150922 7830 7960 7760 7810 551532.00 432050000
20150921 7470 7850 7410 7800 538164.00 415570000
20150918 7640 7760 7390 7590 697763.00 527580000
20150917 7790 8070 7480 7510 943527.00 735270000
20150916 7190 7850 7120 7730 713237.00 532630000
20150915 7420 7600 7030 7140 582177.00 424610000
20150914 8150 8180 7220 7680 1019276.00 778620000
20150911 8030 8210 7940 8020 541272.00 436390000
20150910 8060 8370 8000 8080 857033.00 700560000
20150909 8160 8410 8070 8240 1267824.00 1044640000
20150908 7600 8200 7600 8170 899959.00 717730000
20150907 8370 8780 7730 7800 1819719.00 1494410000
20150902 7550 8660 7500 8410 2380363.00 1950810000
20150901 7600 8070 7280 7930 2123564.00 1643290000
20150831 7680 7830 7220 7790 1499736.00 1134280000
20150828 7310 7780 7210 7740 1625020.00 1212940000
20150827 7060 7200 6530 7200 1371593.00 956980000
20150826 7440 7670 6690 6760 1790012.00 1288390000
20150825 7410 7780 7370 7370 1564535.00 1165680000
20150824 8580 8750 8190 8190 1444568.00 1191280000
20150821 9500 9800 8880 9100 1989033.00 1870590000
20150820 9240 10200 9010 9550 2301897.00 2219560000
20150819 8880 9620 8440 9470 2032533.00 1837790000
20150818 10210 10340 9340 9340 2522860.00 2470140000
20150817 9920 10730 9700 10380 3497408.00 3554990000
20150814 9900 10470 9900 10100 4895978.00 676882704
20150813 8950 9720 8950 9720 4097470.00 3932060000
20150812 8890 9120 8820 8840 1057954.00 948580000
20150811 9100 9200 8950 9040 1854989.00 1684290000
20150810 8800 9280 8720 9190 2021082.00 1835050000
20150807 8520 8700 8440 8690 1114856.00 959930000
20150806 8320 8680 8180 8420 776676.00 655680000
20150805 8800 8940 8460 8540 1111254.00 967030000
20150804 8520 8960 8460 8880 1338815.00 1164700000
20150803 8100 8530 8080 8510 1336139.00 1098270000
20150731 8040 8280 8030 8250 1225172.00 995510000
20150730 8360 8750 8150 8200 1630525.00 1378090000
20150729 8050 8450 7840 8380 1346845.00 1091470000
20150728 7650 8330 7500 7920 1953700.00 1534010000
20150727 8970 9170 8330 8330 2097584.00 1848820000
20150724 9260 9880 9060 9250 3248218.00 3057680000
20150723 8900 9350 8820 9250 2516409.00 2298200000
20150722 8830 9100 8500 8930 2112097.00 1863370000
20150721 8600 9160 8460 8910 2133211.00 1897620000
20150720 8670 8950 8440 8810 2060570.00 1799280000
20150717 8240 8850 8150 8650 1803962.00 1533450000
20150716 8120 8570 7500 8210 1746871.00 1421050000
20150715 8800 8810 8120 8120 1685256.00 1413620000
20150714 9300 9850 8930 9020 3388676.00 3157310000
20150713 9000 9540 8680 9540 3496782.00 3212730000
20150710 8170 8670 7980 8670 2475888.00 2114900000
20150709 7160 7880 6510 7880 2692525.00 2026970000
20150708 7210 7500 7160 7160 1948668.00 1410030000
20150707 7300 8090 7000 7960 3611535.00 2744990000
20150706 8570 8570 7150 7750 2753344.00 2168510000
20150703 8410 8790 7790 7790 2155742.00 1741770000
20150702 9650 9750 8640 8650 2147416.00 1962340000
20150701 9800 10600 9500 9600 2662445.00 2677370000
20150630 9320 9970 8600 9920 2353550.00 2220710000
20150629 10050 10080 8720 9320 2472905.00 2361670000
20150626 10350 10410 9640 9690 2157896.00 2154410000
20150625 11470 11480 10510 10710 2057852.00 2295760000
20150624 10990 11850 10820 11470 2729880.00 3105350000
20150623 10610 10860 9860 10820 1759886.00 1852520000
20150619 11530 11840 10670 10710 1704992.00 1912190000
20150618 12400 12400 11800 11860 1912429.00 2316990000
20150617 12310 12770 11410 12620 2583241.00 3126350000
20150616 12850 13190 12300 12480 2109335.00 2704690000
20150615 13250 13320 12600 12760 2447211.00 3143090000
20150612 13170 13350 13050 13180 2187654.00 2884200000
20150611 13600 13650 13050 13220 3148965.00 4166020000
20150610 13960 14490 13550 13820 4760473.00 2384852704
20150609 13660 14940 13180 14940 5455523.00 3314732704
20150608 13380 13850 12650 13580 4062017.00 1105742704
20150605 13300 13820 12750 13290 4118213.00 1197862704
20150604 13500 13810 12150 13110 4660956.00 1760592704
20150603 15000 15380 13110 13490 8223389.00 2902755408
20150602 14440 14440 14440 14440 250089.00 361120000
20150601 12500 13130 12200 13130 1781422.00 2300080000
20150529 11370 11940 10200 11940 7072999.00 3746132704
20150528 10950 11370 10710 10850 4823988.00 1095392704
20150527 9490 10340 9360 10340 3839286.00 3887980000
20150526 9280 9450 9010 9400 3980052.00 3690710000
20150525 8460 9270 8410 9200 4386643.00 3918220000
20150522 8320 8490 8210 8480 2771766.00 2314470000
20150521 8120 8230 8000 8220 1745337.00 1415710000
20150520 8200 8340 8100 8210 1997225.00 1642600000
20150519 7900 8180 7880 8170 1295744.00 1042250000
20150518 7940 8050 7900 7930 845188.00 672510000
20150515 8250 8250 7900 8000 1165187.00 935980000
20150514 8180 8440 8120 8280 1375922.00 1136860000
20150513 8290 8290 8100 8140 1249062.00 1020540000
20150512 8170 8400 8100 8360 1704492.00 1411580000
20150511 8100 8190 7930 8180 1274231.00 1026770000
20150508 7820 7960 7710 7940 859931.00 675440000
20150507 8190 8240 7730 7750 1067015.00 845740000
20150506 8700 8810 8100 8300 1531345.00 1301170000
20150505 9340 9380 8650 8740 1744619.00 1573530000
20150504 8990 9450 8740 9440 2282841.00 2105360000
20150430 9050 9350 8950 8980 1231328.00 1124550000
20150429 8780 9030 8570 8920 1049447.00 924380000
20150428 9410 9420 8760 8840 1723761.00 1556710000
20150427 9260 9450 9160 9370 1801152.00 1677020000
20150424 9400 9510 9080 9250 2058427.00 1916440000
20150423 9390 9700 9210 9630 4310535.00 4069470000
20150422 8540 9160 8540 9160 1919536.00 1718470000
20150421 8150 8340 8080 8330 971299.00 798000000
20150420 8200 8430 8050 8100 1554188.00 1274600000
20150417 8280 8540 8240 8380 2241706.00 1878110000
20150416 7960 8380 7860 8210 979203.00 801130000
20150415 8380 8420 8000 8010 992932.00 814580000
20150414 8160 8900 8130 8550 1282398.00 1079430000
20150413 8220 8350 8150 8270 551678.00 455020000
20150410 7970 8160 7880 8150 469406.00 379240000
20150409 8240 8240 7800 7990 589566.00 469160000
20150408 8400 8430 8010 8200 565655.00 464300000
20150407 8290 8680 8270 8380 737981.00 620880000
20150403 7900 8460 7860 8280 933559.00 764700000
20150402 8080 8080 7830 7990 1007690.00 800220000
20150401 7310 8040 7310 8040 862900.00 676240000
20150331 7560 7640 7290 7310 508978.00 378600000
20150330 7270 7500 7260 7480 596762.00 442070000
20150327 7130 7270 7120 7210 318472.00 228890000
20150326 7090 7210 7060 7130 364266.00 260050000
20150325 7260 7260 7100 7120 416498.00 297980000
20150324 7320 7470 7100 7290 587518.00 429240000
20150323 7240 7360 7230 7320 453632.00 330350000
20150320 7200 7330 7130 7170 434897.00 313550000
20150319 7050 7200 7000 7200 519851.00 370470000
20150318 6960 7120 6960 7100 436370.00 308190000
20150317 6900 7050 6870 6960 428324.00 297650000
20150316 6730 6930 6710 6880 371847.00 254070000
20150313 6750 6750 6660 6720 240379.00 161150000
20150312 6640 6700 6570 6700 275685.00 183210000
20150311 6650 6700 6570 6600 180137.00 119560000
20150310 6590 6680 6550 6640 202281.00 134190000
20150309 6520 6600 6400 6600 240161.00 155910000
20150306 6570 6620 6510 6560 142322.00 93460000
20150305 6670 6710 6520 6580 205914.00 135460000
20150304 6600 6700 6580 6690 222353.00 147940000
20150303 6680 6770 6630 6640 297540.00 199310000
20150302 6630 6770 6600 6730 309734.00 207260000
20150227 6570 6650 6540 6600 200173.00 132030000
20150226 6460 6580 6440 6580 214305.00 139620000
20150225 6470 6550 6420 6480 160503.00 104010000
20150217 6470 6550 6420 6470 191831.00 124200000
20150216 6390 6450 6380 6440 130665.00 83880000
20150213 6360 6450 6360 6390 159037.00 101840000
20150212 6300 6360 6270 6320 109435.00 69140000
20150211 6280 6330 6260 6290 90587.00 56970000
20150210 6210 6280 6200 6280 118866.00 74280000
20150209 6250 6280 6180 6200 116056.00 72420000
20150206 6430 6430 6180 6220 240185.00 150560000
20150205 6710 6720 6430 6440 246312.00 162130000
20150204 6700 6720 6620 6630 223519.00 148970000
20150203 6610 6660 6550 6650 204992.00 135360000
20150202 6700 6710 6530 6580 258190.00 170530000
20150130 6920 7080 6810 6840 571318.00 395960000
20150129 6660 6890 6610 6860 568700.00 386840000
20150128 6660 6730 6570 6660 219334.00 146380000
20150127 6750 6780 6560 6670 340978.00 227340000
20150126 6630 6750 6570 6750 271433.00 181020000
20150123 6640 6770 6600 6630 388363.00 259300000
20150122 6640 6660 6560 6630 251307.00 166050000
20150121 6430 6630 6370 6600 353230.00 230280000
20150120 6310 6450 6290 6400 266408.00 169900000
20150119 6550 6690 6170 6290 458272.00 297360000
20150116 6950 7050 6820 6850 353839.00 244730000
20150115 6750 6820 6690 6820 284051.00 191730000
20150114 6760 6830 6610 6720 267668.00 179470000
20150113 6570 6790 6550 6670 297437.00 198720000
20150112 7050 7060 6560 6590 566831.00 384180000
20150109 7250 7360 7090 7110 437411.00 316290000
20150108 7440 7540 7260 7290 443161.00 326690000
20150107 7210 7520 7170 7480 650523.00 480820000
20150106 7290 7320 7150 7260 414939.00 300020000
20150105 7170 7460 7110 7370 698385.00 509610000
20141231 6900 7250 6880 7170 443439.00 314480000
20141230 7090 7160 6830 6940 453727.00 315420000
20141229 7240 7410 7070 7140 575382.00 417200000
20141226 7100 7280 7020 7190 565272.00 405170000
20141225 6860 7150 6730 7140 505309.00 351160000
20141224 6870 7190 6760 6830 618352.00 430870000
20141223 7500 7500 6820 6910 700172.00 497910000
20141222 7110 7770 7110 7470 1173783.00 874200000
20141219 6760 7200 6540 7070 955241.00 658740000
20141218 6680 6950 6640 6810 675956.00 461170000
20141217 6640 6710 6530 6690 535151.00 354750000
20141216 6710 6750 6500 6680 579203.00 382480000
20141215 6720 6750 6560 6710 400823.00 267010000
20141212 6670 6750 6540 6720 482730.00 321870000
20141211 6500 6730 6440 6670 579601.00 382540000
20141210 6310 6560 6220 6530 526949.00 337790000
20141209 6470 6940 6260 6320 1155816.00 766550000
20141208 6140 6650 6060 6550 983606.00 632290000
20141205 6560 6660 6100 6200 773688.00 493370000
20141204 6380 6490 6280 6440 720978.00 459390000
20141203 6210 6500 6180 6310 805532.00 508340000
20141202 6080 6250 6070 6210 549852.00 340180000
20141201 6060 6180 6020 6080 359827.00 219440000
20141128 6100 6100 6000 6060 368100.00 222450000
20141127 6150 6160 6050 6110 368103.00 224070000
20141126 6160 6250 6020 6150 467168.00 287000000
20141125 6110 6210 6080 6130 451121.00 276970000
20141124 6030 6160 5970 6110 465947.00 282510000
20141121 5920 5990 5860 5970 249623.00 148080000
20141120 5900 5980 5860 5920 180595.00 107140000
20141119 5850 5960 5820 5920 218774.00 128750000
20141118 5910 5910 5810 5840 200135.00 117130000
20141117 5880 5940 5810 5890 238990.00 140730000
20141114 5960 5960 5800 5860 341087.00 199750000
20141113 6120 6120 5950 5990 341367.00 205290000
20141112 6000 6130 5950 6120 354783.00 215560000
20141111 6340 6370 5970 6020 714353.00 439260000
20141110 6100 6370 6070 6340 673527.00 419910000
20141107 6230 6350 6090 6110 726762.00 453220000
20141106 6000 6300 5960 6210 632391.00 388100000
20141105 6070 6310 6040 6050 648621.00 398260000
20141104 6080 6100 5940 6040 503937.00 303290000
20141103 6090 6150 6040 6100 517949.00 315430000
20141031 6100 6170 5980 6080 740168.00 448530000
20141030 5930 6340 5880 6140 1177814.00 716390000
20141029 5810 6150 5750 6020 1198188.00 714430000
20141028 5650 5780 5640 5770 538747.00 308450000
20141027 5550 5720 5520 5630 316698.00 178200000
20141024 5780 5820 5580 5600 490780.00 278880000
20141023 5680 5810 5660 5740 574022.00 328300000
20141022 6000 6090 5740 5810 1314623.00 774050000
20141021 5490 5980 5490 5980 1174726.00 692830000
20141020 5410 5460 5380 5440 149113.00 80900000
20141017 5540 5580 5330 5390 345170.00 187930000
20141016 5520 5680 5490 5550 335077.00 188000000
20141015 5550 5570 5470 5560 217006.00 119830000
20141014 5550 5600 5500 5540 199799.00 110850000
20141013 5640 5640 5480 5560 270939.00 149930000
20141010 5710 5720 5600 5640 306320.00 173290000
20141009 5700 5780 5610 5740 492017.00 280020000
20141008 5660 5680 5550 5630 299683.00 168030000
20140930 5690 5740 5620 5650 248648.00 140620000
20140929 5660 5750 5600 5670 340787.00 192990000
20140926 5650 5680 5570 5640 310947.00 175120000
20140925 5550 5820 5520 5630 815761.00 462920000
20140924 5390 5550 5370 5520 381820.00 208940000
20140923 5370 5440 5320 5400 200065.00 107660000
20140922 5380 5470 5330 5360 236790.00 127820000
20140919 5360 5400 5320 5380 176460.00 94620000
20140918 5340 5390 5300 5360 183527.00 98180000
20140917 5400 5440 5260 5350 370040.00 197730000
20140916 5480 5770 5410 5410 666918.00 369890000
20140915 5480 5500 5420 5470 277977.00 151640000
20140912 5390 5490 5300 5470 319346.00 173670000
20140911 5440 5530 5380 5400 393767.00 214570000
20140910 5420 5490 5360 5470 277694.00 150550000
20140909 5560 5560 5420 5450 372004.00 203540000
20140905 5560 5630 5510 5560 333592.00 185420000
20140904 5550 5620 5530 5560 389464.00 216930000
20140903 5430 5720 5380 5620 708664.00 392320000
20140902 5400 5480 5340 5430 406269.00 219920000
20140901 5410 5500 5360 5390 338540.00 183080000
20140829 5260 5440 5200 5420 420497.00 222980000
20140828 5290 5320 5180 5280 369571.00 193240000
20140827 5360 5510 5250 5290 574967.00 308440000
20140826 5500 5590 5360 5420 885909.00 484010000
20140825 5450 5890 5380 5650 1949042.00 1095270000
20140822 4850 5350 4840 5350 884774.00 457430000
20140821 4890 4910 4820 4860 228453.00 110870000
20140820 4800 4950 4770 4900 457667.00 222680000
20140819 4810 4820 4760 4800 172473.00 82580000
20140818 4780 4820 4770 4810 196577.00 94300000
20140815 4790 4790 4730 4780 162481.00 77370000
20140814 4820 4840 4750 4770 194063.00 93110000
20140813 4770 4880 4760 4840 308483.00 148910000
20140812 4780 4790 4750 4770 135916.00 64800000
20140811 4760 4790 4730 4790 177937.00 84810000
20140808 4780 4800 4730 4750 177594.00 84480000
20140807 4770 4870 4760 4790 308313.00 148380000
20140806 4800 4810 4740 4780 173805.00 82980000
20140805 4770 4800 4740 4800 205297.00 97900000
20140804 4710 4780 4700 4770 231366.00 109680000
20140801 4780 4850 4710 4720 302599.00 144850000
20140731 4720 4780 4720 4780 207553.00 98660000
20140730 4730 4750 4700 4730 225126.00 106380000
20140729 4750 4770 4710 4740 273472.00 129580000
20140728 4640 4820 4630 4760 439949.00 208170000
20140725 4590 4640 4580 4630 225515.00 103890000
20140724 4520 4670 4510 4590 327562.00 150580000
20140723 4540 4550 4510 4510 114679.00 51850000
20140722 4500 4550 4500 4540 102550.00 46480000
20140721 4560 4570 4510 4520 99768.00 45190000
20140718 4550 4600 4550 4560 116345.00 53160000
20140717 4630 4630 4540 4570 165337.00 75640000
20140716 4550 4650 4530 4640 333190.00 153360000
20140715 4540 4560 4530 4540 134399.00 61020000
20140714 4530 4550 4510 4550 147019.00 66540000
20140711 4540 4550 4520 4530 129900.00 58870000
20140710 4480 4550 4470 4530 153854.00 69580000
20140709 4530 4540 4470 4470 119434.00 53720000
20140708 4510 4540 4490 4540 108531.00 49050000
20140707 4530 4530 4490 4510 112906.00 50910000
20140704 4530 4550 4510 4530 110150.00 49920000
20140703 4540 4550 4510 4530 108958.00 49340000
20140702 4530 4540 4500 4540 115471.00 52160000
20140701 4520 4540 4510 4540 89654.00 40530000
20140630 4540 4570 4510 4520 107114.00 48520000
20140627 4530 4610 4530 4540 120345.00 54910000
20140626 4490 4580 4480 4550 141380.00 64170000
20140625 4530 4530 4460 4480 89538.00 40200000
20140624 4520 4540 4480 4540 92108.00 41570000
20140623 4520 4560 4510 4520 82631.00 37380000
20140620 4550 4560 4490 4540 101309.00 45900000
20140619 4670 4690 4540 4590 91749.00 42330000
20140618 6380 6420 6270 6280 139554.00 88220000
20140617 6410 6450 6320 6390 179796.00 114780000
20140616 6360 6500 6350 6370 212351.00 135810000
20140613 6230 6320 6200 6300 221062.00 138800000
20140612 6170 6230 6150 6200 102468.00 63570000
20140611 6140 6200 6130 6190 70025.00 43210000
20140610 6150 6170 6100 6170 64156.00 39380000
20140609 6180 6200 6140 6150 68937.00 42520000
20140606 6170 6240 6140 6200 124283.00 77050000
20140605 6120 6180 6100 6170 84430.00 51920000
20140604 6140 6150 6080 6140 64122.00 39170000
20140603 6120 6140 6100 6130 54734.00 33510000
20140530 6090 6130 6070 6110 54936.00 33500000
20140529 6150 6150 6090 6090 54063.00 33010000
20140528 6110 6140 6090 6130 58893.00 36000000
20140527 6120 6130 6090 6100 46905.00 28660000
20140526 6110 6140 6090 6120 55431.00 33850000
20140523 6100 6110 6070 6100 41744.00 25400000
20140522 6120 6150 6070 6080 79239.00 48460000
20140521 6080 6120 6040 6120 55959.00 34060000
20140520 6090 6150 6080 6100 58461.00 35720000
20140519 6110 6110 6030 6070 51805.00 31400000
20140516 6070 6130 6050 6110 55408.00 33730000
20140515 6150 6180 6070 6080 81043.00 49680000
20140514 6160 6180 6130 6150 56712.00 34880000
20140513 6200 6230 6140 6170 93219.00 57560000
20140512 6070 6230 6050 6210 160106.00 98720000
20140509 6050 6080 6020 6050 60033.00 36280000
20140508 6060 6110 6020 6050 55451.00 33680000
20140507 6120 6130 6050 6060 64667.00 39290000
20140506 6120 6140 6090 6140 54546.00 33350000
20140505 6090 6120 6050 6110 55362.00 33680000
20140430 6060 6090 6050 6080 64729.00 39290000
20140429 6020 6080 6010 6070 59692.00 36090000
20140428 6100 6110 6010 6030 102440.00 61820000
20140425 6230 6240 6090 6100 83659.00 51500000
20140424 6220 6260 6190 6210 54377.00 33770000
20140423 6240 6280 6220 6240 48353.00 30190000
20140422 6240 6270 6170 6250 91675.00 56980000
20140421 6280 6350 6230 6250 113356.00 71470000
20140418 6290 6310 6240 6270 113872.00 71420000
20140417 6360 6400 6290 6300 99712.00 63220000
20140416 6330 6380 6300 6350 113484.00 71960000
20140415 6470 6470 6330 6350 159698.00 101900000
20140414 6380 6490 6370 6460 183173.00 117960000
20140411 6340 6500 6320 6380 275704.00 177090000
20140410 6290 6370 6260 6360 210108.00 132720000
20140409 6320 6330 6260 6300 139861.00 87970000
20140408 6220 6320 6210 6320 182583.00 114780000
20140404 6180 6240 6170 6240 80521.00 49990000
20140403 6250 6260 6180 6200 105372.00 65530000
20140402 6270 6280 6220 6250 117517.00 73380000
20140401 6210 6290 6180 6250 106309.00 66390000
20140331 6210 6320 6200 6220 181580.00 113570000
20140328 6170 6210 6120 6160 98071.00 60290000
20140327 6230 6230 6130 6150 130389.00 80530000
20140326 6280 6330 6210 6240 145850.00 91100000
20140325 6240 6430 6190 6310 291015.00 184300000
20140324 6260 6290 6180 6230 167490.00 104240000
20140321 6020 6210 6000 6190 155852.00 95510000
20140320 6190 6210 6030 6040 151862.00 92920000
20140319 6230 6240 6130 6190 117221.00 72450000
20140318 6180 6300 6160 6240 162652.00 101350000
20140317 6130 6180 6110 6180 95433.00 58700000
20140314 6160 6180 6100 6130 98659.00 60510000
20140313 6130 6270 6130 6220 166496.00 103430000
20140312 6170 6170 6040 6120 116036.00 70770000
20140311 6050 6170 6010 6140 138935.00 84720000
20140310 6250 6250 6090 6100 209409.00 129130000
20140307 6520 6590 6300 6330 227429.00 146610000
20140306 6540 6580 6460 6520 202957.00 132290000
20140305 6550 6690 6440 6590 323693.00 212510000
20140304 6520 6630 6410 6530 246880.00 160800000
20140303 6510 6740 6480 6570 337580.00 222990000
20140228 6410 6560 6380 6540 319183.00 206690000
20140227 6230 6570 6160 6480 433772.00 277190000
20140226 6200 6240 6100 6230 194466.00 120020000
20140225 6470 6550 6110 6210 300862.00 191810000
20140224 6530 6560 6370 6450 230481.00 148410000
20140221 6720 6720 6500 6570 369881.00 243520000
20140220 6690 6950 6680 6740 509190.00 347240000
20140219 6700 6870 6600 6700 491070.00 331150000
20140218 6600 6960 6490 6780 888341.00 600850000
20140217 6430 6650 6410 6610 551637.00 360440000
20140214 6290 6390 6260 6370 237356.00 150590000
20140213 6420 6480 6280 6290 392245.00 250320000
20140212 6370 6570 6310 6490 551372.00 355370000
20140211 6340 6440 6250 6370 470893.00 298300000
20140210 6230 6370 6180 6350 347015.00 218850000
20140207 6150 6200 6060 6200 174308.00 107060000
20140130 6290 6290 6160 6200 171365.00 106500000
20140129 6330 6400 6240 6310 335056.00 210960000
20140128 6240 6570 6190 6380 595110.00 381000000
20140127 6310 6340 6130 6160 358131.00 222290000
20140124 6270 6440 6240 6370 400576.00 254660000
20140123 6370 6380 6250 6290 371079.00 233890000
20140122 6200 6470 6180 6400 470709.00 299580000
20140121 6110 6390 6110 6260 367661.00 229930000
20140120 6090 6240 6060 6140 231580.00 142310000
20140117 6330 6410 6120 6150 525635.00 328960000
20140116 6060 6660 6040 6460 932880.00 602310000
20140115 6150 6150 6010 6050 291268.00 176560000
20140114 6090 6170 6010 6140 338162.00 206290000
20140113 6410 6460 6070 6110 423987.00 264650000
20140110 6490 6580 6330 6400 393363.00 253380000
20140109 6680 6760 6480 6530 430980.00 286280000
20140108 6650 6910 6620 6740 469374.00 318110000
20140107 6730 6760 6580 6680 313350.00 208980000
20140106 6690 6960 6660 6770 569596.00 388620000
20140103 6780 6820 6540 6730 606903.00 404480000
20140102 6750 6900 6740 6820 445451.00 303900000
20131231 6800 6880 6650 6760 616967.00 417550000
20131230 7310 7350 6880 6920 858976.00 610040000
20131227 7140 7430 7110 7280 668386.00 487250000
20131226 7250 7480 7110 7210 702193.00 511820000
20131225 7370 7560 7280 7340 842498.00 621180000
20131224 7290 7590 7120 7530 1207822.00 888550000
20131223 7190 7820 7190 7400 1514652.00 1115780000
20131220 8000 8170 7990 7990 331145.00 265410000
20131219 8500 9390 8360 8880 2774659.00 2439180000
