20151204 7100 7400 7100 7400 625474 454330000
20151203 6730 7260 6730 7050 318476.00 224460000
20151202 7010 7110 6880 6970 381639.00 269950000
20151201 6530 6770 6500 6770 78092.00 52130000
20151130 6610 6740 6450 6450 279843.00 181910000
20151127 7090 7120 6790 6790 264564.00 183530000
20151126 6980 7330 6970 7150 451985.00 317520000
20151125 7340 7440 7340 7340 184237.00 135280000
20151124 8100 8130 7670 7730 191385.00 148910000
20151123 8030 8240 8030 8070 92023.00 74780000
20151120 8140 8260 8060 8150 106391.00 86750000
20151119 8320 8500 8030 8150 162514.00 133420000
20151118 8110 8500 8100 8360 125270.00 104300000
20151117 8160 8460 8030 8140 172829.00 142340000
20151116 7620 8090 7620 8070 160435.00 125550000
20151113 7750 7940 7550 7700 142165.00 110150000
20151112 7670 7950 7510 7800 198935.00 152690000
20151111 7810 7810 7450 7810 311726.00 240230000
20151110 7440 7440 7440 7440 9105.00 6770000
20151109 7090 7090 7090 7090 16352.00 11590000
20151106 6560 6770 6560 6750 67628.00 45360000
20151105 6580 6720 6550 6580 79214.00 52440000
20151104 6450 6630 6410 6610 58515.00 38460000
20151103 6330 6510 6330 6420 59659.00 38400000
20151102 6420 6560 6240 6350 83650.00 53700000
20151030 6560 6630 6380 6560 100231.00 65210000
20151029 6740 6840 6520 6550 104850.00 70090000
20151028 6660 6960 6580 6730 168124.00 114910000
20151027 6280 6630 6190 6630 129131.00 83110000
20151026 6260 6470 6130 6310 81330.00 50980000
20151023 6100 6340 6100 6240 78293.00 48750000
20151022 5920 6150 5880 6100 95756.00 57560000
20151021 6040 6340 5830 5930 185745.00 115050000
20151020 5940 6080 5920 6040 82049.00 49340000
20151019 6080 6100 5870 5980 86313.00 51650000
20151016 6100 6170 5910 6100 88204.00 53380000
20151015 5890 6090 5780 6070 70454.00 42280000
20151014 5860 6190 5850 5890 113277.00 67980000
20151013 5550 5900 5530 5900 74395.00 42450000
20151012 5660 5690 5530 5620 120923.00 67890000
20151009 5220 5510 5220 5510 110399.00 59500000
20151008 5290 5350 5190 5250 68670.00 36080000
20150930 5150 5210 5130 5190 68425.00 35390000
20150929 5030 5250 5020 5110 65452.00 33710000
20150928 5040 5110 4970 5090 44400.00 22380000
20150925 5150 5190 4920 5070 76842.00 38890000
20150924 5160 5200 5090 5150 60479.00 31060000
20150923 5010 5270 4960 5130 94041.00 48180000
20150922 5010 5280 5010 5080 157887.00 80980000
20150918 4800 5040 4750 5040 156546.00 77610000
20150917 4780 5040 4750 4800 137280.00 66910000
20150916 4660 4940 4520 4800 151890.00 71160000
20150915 4760 4900 4720 4720 109107.00 51620000
20150914 5160 5250 4970 4970 175870.00 88810000
20150911 5320 5420 5150 5230 270972.00 144170000
20150910 4990 5160 4920 5160 214894.00 109450000
20150909 4890 5000 4890 4910 576017.00 282070000
20150908 5150 5150 5150 5150 5132.00 2640000
20150907 5420 5420 5420 5420 15815.00 8570000
20150902 5710 5710 5710 5710 2014.00 1140000
20150901 6010 6010 6010 6010 1767.00 1060000
20150831 6330 6330 6330 6330 22342.00 14140000
20150408 6660 6660 6660 6660 30268.00 20150000
20150407 6290 6380 6220 6340 152632.00 95810000
20150403 6000 6310 5960 6280 159065.00 98060000
20150402 5890 6030 5890 6010 115738.00 69070000
20150401 5790 5980 5760 5880 154854.00 91150000
20150331 5630 6070 5630 5850 330720.00 190060000
20150330 5930 5930 5930 5930 29689.00 17600000
20150327 6130 6270 6120 6240 82258.00 50920000
20150326 6250 6350 6070 6110 115320.00 71230000
20150325 6190 6390 6010 6280 143210.00 88880000
20150324 6530 6550 6110 6170 258208.00 161540000
20150323 6120 6430 6120 6430 205843.00 131740000
20150320 5820 6120 5760 6120 123180.00 73140000
20150319 5700 5870 5700 5830 96526.00 56010000
20150318 5570 5760 5570 5700 87804.00 49920000
20150317 5490 5650 5480 5570 119357.00 66320000
20150316 5350 5540 5330 5490 102905.00 56280000
20150313 5280 5370 5270 5330 59180.00 31470000
20150312 5380 5550 5220 5280 89869.00 48280000
20150311 5350 5450 5340 5360 69711.00 37550000
20150310 5410 5550 5350 5360 86630.00 46970000
20150309 5460 5620 5350 5400 150323.00 82030000
20150306 5120 5390 5110 5390 115750.00 61570000
20150305 5010 5190 4990 5130 81660.00 41720000
20150304 5000 5040 4910 5020 73914.00 36780000
20150303 5060 5120 5000 5010 86861.00 43930000
20150302 4990 5100 4960 5080 94557.00 47830000
20150227 4860 5060 4850 4970 108495.00 53690000
20150226 4850 4900 4820 4860 63347.00 30730000
20150225 4880 4900 4830 4840 59762.00 29010000
20150217 4850 4880 4820 4860 60264.00 29240000
20150216 4760 4870 4760 4850 73154.00 35340000
20150213 4690 4810 4690 4760 64484.00 30610000
20150212 4640 4700 4640 4670 53592.00 25080000
20150211 4600 4700 4560 4630 25926.00 12030000
20150210 4620 4690 4540 4630 39393.00 18220000
20150209 4660 4710 4620 4630 45646.00 21260000
20150206 4840 4840 4640 4680 71039.00 33780000
20150205 4910 4990 4810 4850 74910.00 36740000
20150204 4820 4950 4820 4910 81156.00 39650000
20150203 4840 4870 4800 4810 56803.00 27430000
20150202 4700 4970 4620 4830 121005.00 58620000
20150130 4820 4840 4720 4730 80528.00 38440000
20150129 4750 4850 4720 4840 73058.00 35110000
20150128 4760 4840 4750 4780 65153.00 31270000
20150127 4720 4860 4680 4760 83935.00 39930000
20150126 4660 4740 4620 4740 81286.00 38090000
20150123 4660 4710 4640 4650 71007.00 33130000
20150122 4580 4690 4540 4650 79817.00 37000000
20150121 4450 4680 4440 4560 66690.00 30490000
20150120 4400 4480 4380 4470 57906.00 25730000
20150119 4500 4600 4360 4360 104366.00 46590000
20150116 4560 4610 4520 4590 54008.00 24600000
20150115 4540 4590 4490 4550 40527.00 18410000
20150114 4620 4650 4520 4530 41170.00 18800000
20150113 4550 4650 4550 4620 38825.00 17880000
20150112 4660 4710 4540 4570 60473.00 27850000
20150109 4700 4780 4670 4680 69944.00 33070000
20150108 4740 4830 4720 4750 91233.00 43570000
20150107 4630 4800 4620 4730 121874.00 57530000
20150106 4560 4650 4510 4620 78263.00 35960000
20150105 4580 4610 4440 4580 97305.00 43940000
20141231 4600 4670 4540 4580 85663.00 39570000
20141230 4830 4830 4500 4540 147322.00 67960000
20141229 5100 5100 4690 4740 217422.00 105940000
20141226 4790 4900 4680 4900 302548.00 146300000
20141225 4670 4670 4670 4670 10598.00 4940000
20141224 4450 4450 4450 4450 4914.00 2180000
20141223 4240 4240 4240 4240 25334.00 10740000
20141217 4210 4240 4040 4040 216080.00 88170000
20141216 4450 4470 4230 4250 175748.00 75750000
20141215 4380 4520 4380 4440 114284.00 50850000
20141212 4550 4650 4450 4550 135599.00 61660000
20141211 4400 4670 4400 4670 102850.00 46640000
20141210 4280 4490 4180 4450 88750.00 38380000
20141209 4560 4610 4340 4340 149550.00 66140000
20141208 4510 4630 4470 4570 76039.00 34610000
20141205 4800 4800 4570 4570 159831.00 73860000
20141204 4800 4880 4780 4810 101308.00 49030000
20141203 5000 5030 4740 4790 187700.00 90520000
20141202 4960 5030 4950 4990 82612.00 41230000
20141201 5000 5060 4930 4990 89979.00 44900000
20141128 5110 5150 5000 5030 90977.00 46100000
20141127 5030 5140 4990 5090 82230.00 41660000
20141126 4920 5090 4870 5040 65985.00 32650000
20141125 4860 5010 4860 4920 54153.00 26720000
20141124 5000 5100 4890 4900 108530.00 53800000
20141121 4720 4960 4710 4960 90052.00 43940000
20141120 4700 4740 4640 4720 47120.00 22130000
20141119 4690 4770 4620 4740 62166.00 29270000
20141118 4590 4800 4580 4700 74835.00 35300000
20141117 4600 4640 4380 4630 106488.00 48120000
20141114 4660 4690 4550 4610 92914.00 42830000
20141113 4760 4850 4670 4700 103760.00 49220000
20141112 4620 4730 4600 4710 182531.00 84590000
20141111 4910 5050 4840 4840 138684.00 67630000
20141110 5170 5180 5060 5090 66523.00 34030000
20141107 5170 5280 5120 5140 100964.00 52430000
20141106 5130 5200 5090 5170 58915.00 30330000
20141105 5180 5200 5070 5140 59011.00 30300000
20141104 5250 5250 5150 5170 58405.00 30310000
20141103 5190 5260 5150 5260 76806.00 40050000
20141031 5160 5240 5140 5210 96341.00 50070000
20141030 5200 5260 5100 5140 80062.00 41360000
20141029 5160 5320 5130 5180 107592.00 56290000
20141028 4990 5200 4990 5190 79336.00 40620000
20141027 4860 5040 4810 4980 76299.00 37810000
20141024 4800 4940 4750 4800 75541.00 36360000
20141023 5130 5180 4870 4870 117788.00 58570000
20141022 5230 5300 5110 5130 56759.00 29590000
20141021 5150 5360 5150 5210 74854.00 39280000
20141020 4960 5230 4960 5190 113473.00 57790000
20141017 5370 5470 5170 5220 169098.00 88780000
20141016 5510 5640 5430 5440 107807.00 59840000
20141015 5680 5770 5610 5660 82384.00 46740000
20141014 5640 5830 5550 5680 166483.00 95270000
20141013 5620 5620 5380 5550 135382.00 74350000
20141010 5700 5700 5480 5660 152159.00 85030000
20141009 5790 5980 5520 5710 235178.00 136420000
20141008 5480 5790 5430 5790 121901.00 69250000
20140930 5800 5800 5460 5510 277484.00 156460000
20140929 5320 5520 5320 5520 60839.00 33500000
20140926 4980 5260 4930 5260 148695.00 76150000
20140925 5010 5130 4970 5010 127160.00 64200000
20140924 4930 5030 4870 4980 101268.00 50130000
20140923 4920 4980 4840 4950 127348.00 62360000
20140922 4970 5040 4860 4900 106742.00 52680000
20140919 5080 5170 4950 5060 141761.00 71470000
20140918 5130 5200 5040 5130 76608.00 39270000
20140917 5030 5150 4980 5130 114178.00 57820000
20140916 5090 5300 4960 5000 157234.00 80880000
20140915 5160 5300 5070 5110 130494.00 67530000
20140912 5000 5170 4920 5110 183864.00 92970000
20140911 4900 4980 4870 4980 241377.00 119810000
20140910 4490 4740 4490 4740 87797.00 41220000
20140909 4520 4550 4480 4510 74370.00 33560000
20140905 4550 4600 4460 4520 91482.00 41230000
20140904 4380 4550 4350 4530 129994.00 58450000
20140903 4330 4410 4290 4370 107392.00 46650000
20140902 4280 4330 4270 4310 72987.00 31400000
20140901 4240 4340 4210 4260 70249.00 29940000
20140829 4110 4270 4100 4240 65413.00 27410000
20140828 4090 4130 4060 4120 56091.00 22970000
20140827 4110 4120 3980 4070 83629.00 33990000
20140826 4320 4330 4110 4120 113180.00 47440000
20140825 4370 4410 4310 4330 48740.00 21180000
20140822 4250 4390 4250 4370 78145.00 33670000
20140821 4200 4290 4180 4250 60119.00 25460000
20140820 4110 4290 4100 4210 84923.00 35690000
20140819 4130 4130 4080 4120 74343.00 30450000
20140818 4170 4170 4070 4120 90186.00 37090000
20140815 4080 4160 4070 4160 51037.00 21010000
20140814 4110 4160 4050 4080 74186.00 30540000
20140813 4190 4200 4070 4100 105444.00 43500000
20140812 4160 4240 4150 4190 57940.00 24220000
20140811 4190 4220 4140 4180 58695.00 24480000
20140808 4150 4250 4100 4180 66462.00 27790000
20140807 4010 4230 4000 4140 94012.00 39040000
20140806 3880 4070 3860 4050 97184.00 38770000
20140805 3880 3900 3790 3890 80952.00 31110000
20140804 3870 3950 3820 3870 84279.00 32770000
20140801 3880 3910 3840 3870 50224.00 19430000
20140731 3860 3920 3800 3890 50032.00 19370000
20140730 3780 3960 3760 3860 81927.00 31590000
20140729 3680 3860 3670 3830 107597.00 40860000
20140728 3640 3730 3610 3680 85766.00 31520000
20140725 3470 3660 3470 3660 135257.00 49030000
20140724 3520 3570 3480 3490 57882.00 20370000
20140723 3500 3580 3490 3520 87976.00 31070000
20140722 3450 3500 3430 3490 44689.00 15550000
20140721 3500 3510 3450 3480 35495.00 12340000
20140718 3530 3530 3450 3500 31023.00 10850000
20140717 3490 3580 3470 3520 75580.00 26690000
20140716 3470 3480 3440 3480 53755.00 18590000
20140715 3490 3530 3450 3470 54339.00 18900000
20140714 3450 3530 3440 3490 55598.00 19380000
20140711 3410 3440 3390 3430 40319.00 13760000
20140710 3360 3420 3340 3390 44651.00 15160000
20140709 3410 3430 3330 3350 42959.00 14470000
20140708 3380 3450 3380 3400 39975.00 13630000
20140707 3460 3460 3330 3370 90399.00 30560000
20140704 3420 3540 3420 3500 74272.00 25990000
20140703 3380 3470 3360 3450 95903.00 32950000
20140702 3330 3460 3310 3370 75227.00 25390000
20140701 3340 3350 3300 3330 44127.00 14630000
20140630 3300 3340 3270 3320 53900.00 17870000
20140627 3310 3330 3250 3290 57535.00 18940000
20140626 3330 3360 3270 3310 71946.00 23860000
20140625 3340 3390 3290 3310 45525.00 15230000
20140624 3200 3340 3190 3340 78088.00 25920000
20140623 3110 3220 3100 3180 41669.00 13230000
20140620 3070 3140 3050 3110 44601.00 13860000
20140619 3220 3250 3140 3140 113853.00 35970000
20140618 3310 3330 3300 3300 39966.00 13240000
20140617 3300 3360 3250 3320 51669.00 17120000
20140616 3350 3390 3290 3310 62718.00 20900000
20140613 3380 3420 3330 3350 55488.00 18710000
20140612 3320 3380 3310 3370 37561.00 12580000
20140611 3290 3340 3290 3320 36509.00 12130000
20140610 3350 3350 3280 3330 56409.00 18700000
20140609 3260 3390 3250 3320 113699.00 37780000
20140606 3230 3320 3220 3250 94863.00 31030000
20140605 3110 3260 3100 3240 140662.00 45450000
20140604 3120 3130 3100 3100 40373.00 12550000
20140603 3130 3140 3110 3130 33561.00 10480000
20140530 3120 3140 3110 3120 39655.00 12390000
20140529 3100 3140 3100 3110 76461.00 23840000
20140528 3120 3130 3080 3110 64524.00 20020000
20140527 3130 3140 3110 3120 32842.00 10250000
20140526 3130 3150 3110 3130 27061.00 8440000
20140523 3100 3130 3080 3120 28571.00 8860000
20140522 3110 3140 3080 3080 45919.00 14250000
20140521 3080 3140 3060 3110 45876.00 14220000
20140520 3060 3120 3050 3080 49645.00 15350000
20140519 3030 3080 2990 3040 59597.00 18120000
20140516 3150 3160 3010 3060 130624.00 39950000
20140515 3330 3330 3170 3170 93060.00 30000000
20140514 3340 3360 3320 3340 32723.00 10930000
20140513 3340 3380 3310 3330 58714.00 19640000
20140512 3310 3370 3290 3350 79335.00 26440000
20140509 3360 3380 3290 3310 67851.00 22630000
20140508 3360 3420 3340 3360 99216.00 33440000
20140507 3390 3430 3340 3360 97561.00 33140000
20140506 3410 3470 3410 3410 256494.00 87610000
20140505 3590 3590 3590 3590 8142.00 2920000
20140429 3980 4000 3780 3780 247289.00 94370000
20140428 4190 4250 4090 4200 96415.00 40360000
20140425 4200 4300 4170 4190 99279.00 42300000
20140424 4100 4330 4060 4230 94694.00 39780000
20140423 4100 4150 4030 4100 48310.00 19750000
20140422 4190 4200 4030 4110 76318.00 31110000
20140421 4290 4290 4140 4150 69065.00 29030000
20140418 4320 4350 4250 4310 54528.00 23370000
20140417 4380 4390 4290 4370 69247.00 29980000
20140416 4370 4470 4350 4400 146229.00 64340000
20140415 4470 4510 4360 4390 151068.00 67330000
20140414 4440 4550 4380 4510 129092.00 57610000
20140411 4410 4480 4340 4480 68650.00 30130000
20140410 4480 4490 4390 4430 85281.00 37740000
20140409 4500 4510 4450 4500 54479.00 24360000
20140408 4450 4660 4420 4490 161360.00 72830000
20140404 4480 4490 4400 4480 34175.00 15190000
20140403 4370 4520 4340 4470 125068.00 55650000
20140402 4400 4410 4280 4370 33678.00 14650000
20140401 4350 4450 4300 4410 34970.00 15290000
20140331 4400 4450 4300 4340 23501.00 10250000
20140328 4460 4520 4370 4380 35372.00 15680000
20140327 4510 4540 4460 4500 35921.00 16180000
20140326 4500 4550 4370 4510 63055.00 28100000
20140325 4470 4560 4430 4490 45398.00 20470000
20140324 4450 4520 4380 4480 33558.00 14990000
20140321 4320 4500 4220 4480 49661.00 21810000
20140320 4450 4540 4200 4360 145633.00 63900000
20140319 4680 4840 4560 4570 164712.00 76840000
20140318 4600 4760 4520 4740 107334.00 50070000
20140317 4630 4640 4520 4600 30303.00 13870000
20140314 4650 4650 4460 4600 97702.00 44460000
20140313 4650 4730 4620 4720 56349.00 26390000
20140312 4590 4660 4500 4660 52959.00 24320000
20140311 4500 4600 4430 4590 52099.00 23620000
20140310 4700 4710 4440 4490 79760.00 36330000
20140307 4830 4860 4690 4750 80070.00 38160000
20140306 4940 4950 4790 4820 82193.00 39840000
20140305 4950 4970 4840 4950 95960.00 47010000
20140304 4790 4980 4740 4920 155116.00 76050000
20140303 4660 4830 4650 4790 174936.00 82980000
20140228 4770 4870 4500 4720 112723.00 52780000
20140227 4710 4790 4600 4780 143154.00 67040000
20140226 4720 4800 4610 4730 97588.00 46130000
20140225 4850 4910 4670 4730 106132.00 50790000
20140224 4800 4920 4750 4880 141747.00 68370000
20140221 4720 4880 4700 4850 299944.00 143690000
20140220 4500 4790 4500 4760 202126.00 94390000
20140219 4480 4560 4450 4490 71896.00 32260000
20140218 4500 4600 4430 4530 98485.00 44510000
20140217 4500 4570 4380 4500 125559.00 56250000
20140214 4450 4930 4420 4500 172673.00 78280000
20140213 4420 4490 4340 4480 76939.00 33970000
20140212 4460 4480 4370 4420 71630.00 31610000
20140211 4410 4490 4340 4460 118028.00 52340000
20140210 4400 4500 4340 4440 120750.00 53530000
20140207 4260 4450 4160 4440 61061.00 26220000
20140130 4180 4310 4130 4260 66374.00 28240000
20140129 3890 4260 3890 4200 113340.00 46690000
20140128 3890 3940 3880 3910 50152.00 19620000
20140127 3980 3980 3830 3910 111726.00 43590000
20140124 4140 4250 4070 4090 56537.00 23430000
20140123 4290 4290 4130 4170 43842.00 18320000
20140122 4170 4210 4110 4200 52064.00 21710000
20140121 4100 4230 4100 4170 57688.00 24060000
20140120 4020 4160 4000 4100 68612.00 28100000
20140117 3980 4080 3950 4020 61492.00 24780000
20140116 3970 4030 3930 3990 33465.00 13340000
20140115 3920 3980 3910 3970 36426.00 14390000
20140114 3840 3930 3780 3930 24452.00 9460000
20140113 3790 3900 3790 3820 18271.00 7040000
20140110 3810 3850 3750 3830 18679.00 7110000
20140109 3920 3950 3810 3840 27419.00 10670000
20140108 3930 3990 3880 3940 58625.00 23030000
20140107 3800 3940 3700 3940 56470.00 21800000
20140106 3860 3880 3770 3780 48347.00 18500000
20140103 3860 3870 3820 3860 24333.00 9350000
20140102 3850 3880 3820 3860 41259.00 15860000
20131231 3810 3860 3800 3840 31746.00 12160000
20131230 3810 3840 3790 3820 32163.00 12250000
20131227 3760 3830 3730 3810 20064.00 7600000
20131226 3870 3900 3730 3760 31131.00 11850000
20131225 3870 3900 3840 3870 15099.00 5830000
20131224 3830 3910 3820 3870 23337.00 8990000
20131223 3910 3910 3810 3820 26228.00 10100000
20131220 3990 4000 3860 3900 24501.00 9610000
20131219 3980 4030 3970 3980 26367.00 10540000
20131218 3970 4020 3950 3980 20505.00 8160000
20131217 4010 4030 3950 3970 27900.00 11090000
20131216 4150 4150 3980 3990 58257.00 23580000
20131213 4130 4160 4060 4150 38880.00 15990000
20131212 4150 4180 4120 4130 21889.00 9070000
20131211 4230 4280 4130 4150 37049.00 15480000
20131210 4230 4290 4210 4270 40183.00 17080000
20131209 4180 4230 4180 4230 28397.00 11960000
20131206 4180 4220 4140 4180 43588.00 18230000
20131205 4240 4260 4160 4220 67348.00 28270000
20131204 4180 4330 4170 4240 79699.00 33910000
20131203 4200 4220 4130 4180 64980.00 27160000
20131202 4370 4420 4110 4200 90963.00 38480000
20131129 4420 4520 4420 4490 46300.00 20740000
20131128 4500 4570 4460 4460 64620.00 29170000
20131127 4410 4500 4360 4500 50125.00 22280000
20131126 4350 4440 4350 4380 21938.00 9640000
20131125 4480 4480 4370 4380 26890.00 11890000
20131122 4500 4570 4450 4460 45072.00 20300000
20131121 4490 4590 4420 4560 117265.00 53160000
20131120 4330 4590 4270 4500 112129.00 49770000
20131119 4310 4330 4260 4310 43618.00 18710000
20131118 4200 4390 4180 4290 70738.00 30290000
20131115 4170 4260 4110 4200 74375.00 31080000
20131114 4270 4330 4060 4160 49199.00 20370000
20131113 4430 4450 4250 4270 28508.00 12410000
20131112 4390 4550 4360 4460 20231.00 8960000
20131111 4490 4490 4360 4430 21412.00 9480000
20131108 4450 4510 4350 4480 21141.00 9440000
20131107 4580 4580 4440 4480 34728.00 15650000
20131106 4650 4750 4570 4600 53489.00 24880000
20131105 4580 4700 4520 4660 52277.00 24270000
20131104 4500 4740 4480 4580 32883.00 15170000
20131101 4580 4730 4480 4510 25117.00 11460000
20131031 4560 4750 4450 4590 45772.00 20940000
20131030 4430 4670 4380 4560 54676.00 24820000
20131029 4710 4790 4280 4430 72160.00 32490000
20131028 4810 4840 4670 4700 34115.00 16150000
20131025 4900 4990 4750 4810 57733.00 28070000
20131024 4900 5090 4850 4960 102677.00 51140000
20131023 4980 5050 4860 4890 55309.00 27230000
20131022 4930 5050 4890 4980 68920.00 34200000
20131021 4800 5100 4740 4990 105865.00 52440000
20131018 4820 4860 4750 4810 63490.00 30420000
20131017 4970 5000 4800 4850 86223.00 42400000
20131016 5040 5080 4870 4920 87945.00 44020000
20131015 5080 5150 5040 5080 76372.00 38810000
20131014 4990 5110 4960 5080 72563.00 36700000
20131011 4860 5020 4860 4980 88032.00 43760000
20131010 4950 4970 4820 4850 69651.00 34140000
20131009 4940 5010 4910 4960 65288.00 32310000
20131008 5070 5080 4930 4950 94152.00 47000000
20130930 5100 5210 5050 5080 91350.00 46760000
20130927 4920 5140 4880 5100 186519.00 94280000
20130926 4830 5100 4770 4920 194652.00 95740000
20130925 4700 4810 4700 4780 89122.00 42400000
20130924 4760 4760 4680 4740 57347.00 27030000
20130923 4750 4760 4610 4750 84481.00 39630000
20130918 4640 4750 4640 4740 63886.00 30120000
20130917 4670 4720 4590 4690 68083.00 31740000
20130916 4720 4780 4620 4690 121022.00 56480000
20130913 4770 4790 4620 4710 101389.00 47790000
20130912 4710 4960 4680 4820 125548.00 60580000
20130911 4850 4890 4660 4720 91513.00 43530000
20130910 4770 4910 4770 4860 89571.00 43380000
20130909 4830 4910 4740 4800 105072.00 50740000
20130906 4700 4930 4660 4870 165234.00 80100000
20130905 4600 4800 4560 4720 132816.00 62250000
20130904 4560 4670 4510 4640 88772.00 40670000
20130903 4540 4620 4460 4550 117301.00 53330000
20130902 4400 4610 4350 4580 135885.00 60950000
20130830 4390 4500 4360 4390 67259.00 29730000
20130829 4450 4480 4360 4400 43780.00 19280000
20130828 4480 4530 4380 4430 75320.00 33500000
20130827 4430 4560 4380 4480 84210.00 37570000
20130826 4290 4430 4240 4430 86956.00 37890000
20130823 4290 4320 4200 4260 49202.00 20940000
20130822 4260 4310 4240 4290 56477.00 24140000
20130821 4300 4350 4220 4350 49387.00 21170000
20130820 4380 4430 4260 4300 85649.00 37020000
20130819 4350 4470 4310 4370 88789.00 38910000
20130816 4450 4550 4300 4350 104148.00 45850000
20130815 4320 4700 4280 4470 165924.00 74450000
20130814 4360 4390 4300 4340 68168.00 29610000
20130813 4380 4410 4250 4340 138972.00 60130000
20130812 4070 4490 4060 4450 274162.00 120560000
20130809 4050 4110 4030 4080 48279.00 19650000
20130808 4090 4140 4030 4080 44643.00 18160000
20130807 4150 4230 4090 4100 63521.00 26310000
20130806 4090 4180 4070 4150 64341.00 26600000
20130805 4040 4120 4030 4110 56423.00 23020000
20130802 4020 4150 4020 4060 76422.00 31240000
20130801 3960 4060 3960 4040 54442.00 21900000
20130731 4000 4090 3920 3990 57484.00 22990000
20130730 3950 4120 3950 4010 82429.00 33230000
20130729 4100 4130 3940 3970 70714.00 28410000
20130726 4200 4300 4000 4100 185259.00 77050000
20130725 3800 4180 3710 4180 144749.00 59370000
20130724 3810 3850 3730 3800 35523.00 13420000
20130723 3740 3870 3710 3840 38015.00 14510000
20130722 3660 3760 3610 3740 40370.00 14860000
20130719 3810 3900 3700 3700 41369.00 15750000
20130718 3930 3950 3830 3840 41105.00 15960000
20130717 3960 4020 3890 3970 62147.00 24570000
20130716 3980 3980 3890 3960 36979.00 14520000
20130715 3920 3980 3880 3960 58393.00 22970000
20130712 4020 4030 3860 3880 80462.00 31810000
20130711 3910 4150 3910 4030 120671.00 48690000
20130710 3840 4090 3800 3960 179772.00 71220000
20130709 3480 3840 3450 3840 115930.00 43330000
20130708 3630 3630 3450 3490 44117.00 15420000
20130705 3650 3760 3610 3660 53098.00 19510000
20130704 3590 3680 3500 3640 52510.00 18960000
20130703 3690 3690 3550 3580 34424.00 12420000
20130702 3710 3720 3650 3700 20718.00 7630000
20130701 3610 3720 3590 3710 26232.00 9570000
20130628 3600 3730 3460 3650 54646.00 19890000
20130627 3670 3760 3520 3520 45503.00 16770000
20130626 3680 3740 3560 3670 67396.00 24540000
20130625 3700 3760 3450 3710 91825.00 33030000
20130624 4260 4260 3830 3830 76442.00 30110000
20130621 4300 4300 4140 4260 29071.00 12200000
20130620 4380 4460 4320 4340 33786.00 14790000
20130619 4420 4460 4320 4420 36133.00 15860000
20130618 4540 4570 4480 4520 25373.00 11460000
20130617 4600 4600 4500 4570 29933.00 13620000
20130614 4550 4630 4510 4600 26316.00 11980000
20130613 4620 4630 4410 4550 46907.00 21180000
20130607 4860 4880 4660 4700 49333.00 23390000
20130606 4870 4880 4820 4840 36923.00 17860000
20130605 4910 4920 4820 4860 30819.00 14980000
20130604 4980 5020 4860 4880 67772.00 33390000
20130603 4990 5050 4930 5020 48706.00 24360000
20130531 5080 5080 4980 4980 68819.00 34550000
20130530 5090 5110 5030 5050 58782.00 29830000
20130529 5090 5150 5060 5110 61418.00 31410000
20130528 5010 5110 4980 5080 66098.00 33450000
20130527 5020 5030 4980 5000 42222.00 21120000
20130524 5010 5040 4950 5000 53156.00 26520000
20130523 5110 5120 4900 4980 73961.00 37380000
20130522 5140 5160 5080 5120 70877.00 36220000
20130521 5130 5190 5080 5150 82519.00 42390000
20130520 5060 5180 5030 5140 110508.00 56260000
20130517 5000 5100 4950 5060 100987.00 50780000
20130516 5000 5030 4920 5000 62662.00 31260000
20130515 5010 5040 4970 5010 28550.00 14280000
20130514 5080 5080 4980 5020 34477.00 17270000
20130513 5080 5130 5040 5080 23375.00 11820000
20130510 5080 5100 5010 5080 34083.00 17190000
20130509 5090 5170 5020 5080 37510.00 19030000
20130508 4960 5110 4930 5090 49556.00 25010000
20130507 4870 4990 4860 4970 21626.00 10700000
20130506 4930 4950 4860 4920 23649.00 11620000
20130503 4920 4930 4810 4850 20314.00 9930000
20130502 4790 4830 4710 4800 22279.00 10650000
20130426 4960 5040 4820 4830 38743.00 19030000
20130425 5040 5040 4910 4940 43662.00 21780000
20130424 5040 5080 4990 5040 36091.00 18150000
20130423 5070 5120 4990 5000 53460.00 26870000
20130422 5120 5180 5020 5080 40539.00 20630000
20130419 5070 5230 5060 5180 36291.00 18720000
20130418 5140 5180 5080 5090 24617.00 12590000
20130417 5070 5180 5040 5160 21773.00 11040000
20130416 4850 5080 4850 5070 39382.00 19740000
20130415 5200 5250 5080 5100 37482.00 19200000
20130412 5220 5300 5200 5250 24879.00 13030000
20130411 5290 5360 5240 5250 32018.00 16940000
20130410 5390 5390 5180 5280 65388.00 34410000
20130409 5560 5570 5390 5410 110475.00 60380000
20130408 5480 5670 5400 5630 186108.00 103530000
20130403 5330 5830 5210 5770 118698.00 64500000
20130402 5160 5370 5160 5340 87951.00 46420000
20130401 5010 5200 5010 5180 54138.00 27820000
20130329 5040 5060 4950 5040 33388.00 16750000
20130328 5190 5190 4970 5020 76054.00 38310000
20130327 5290 5340 5210 5260 55771.00 29390000
20130326 5500 5500 5220 5290 88008.00 46700000
20130325 5580 5640 5470 5500 82882.00 45780000
20130322 5370 5650 5330 5580 154910.00 85740000
20130321 5390 5450 5340 5370 49527.00 26690000
20130320 5300 5440 5270 5390 56489.00 30270000
20130319 5250 5320 5190 5280 27930.00 14670000
20130318 5230 5390 5230 5250 29473.00 15670000
20130315 5360 5400 5250 5320 30692.00 16370000
20130314 5410 5440 5260 5300 50116.00 26810000
20130313 5500 5580 5340 5400 66906.00 36440000
20130312 5300 5630 5280 5540 145133.00 79320000
20130311 5410 5410 5280 5300 43716.00 23260000
20130308 5350 5440 5340 5410 43732.00 23570000
20130307 5350 5520 5340 5370 82801.00 44840000
20130306 5290 5440 5280 5380 78260.00 41840000
20130305 5280 5380 5180 5360 81054.00 43000000
20130304 5830 5830 5210 5270 175656.00 94760000
20130301 5810 5830 5700 5790 58899.00 33930000
20130228 5700 5830 5690 5810 57322.00 33030000
20130227 5690 5800 5600 5750 56579.00 32250000
20130226 5770 5780 5690 5690 65952.00 37770000
20130225 5840 5890 5720 5780 49832.00 28870000
20130222 5950 6090 5780 5820 74314.00 43750000
20130221 6090 6100 5910 5950 83831.00 50060000
20130220 6000 6160 5970 6090 124521.00 75390000
20130219 6060 6170 5890 6010 129974.00 77770000
20130218 5790 6210 5760 6100 195805.00 117750000
20130208 6000 6000 5740 5770 100719.00 58720000
20130206 5990 5990 5820 5850 98452.00 58050000
20130205 5810 6050 5720 5990 170103.00 100910000
20130204 5710 6030 5620 5900 217551.00 126570000
20130201 5710 5810 5650 5720 86081.00 49270000
20130131 5670 5840 5580 5790 156748.00 89950000
20130130 5560 5820 5490 5740 159601.00 90870000
20130129 5580 5620 5470 5560 82406.00 45560000
20130128 5510 5600 5360 5590 88254.00 48530000
20130125 5530 5640 5480 5510 85171.00 47370000
20130124 5790 5850 5480 5530 190803.00 108110000
20130123 5510 5920 5490 5830 332404.00 189850000
20130122 5400 5610 5310 5590 190631.00 104310000
20130121 5360 5540 5320 5390 128439.00 69600000
20130118 5330 5410 5320 5380 76354.00 41050000
20130117 5400 5400 5190 5300 83323.00 44090000
20130116 5350 5480 5310 5400 126399.00 68110000
20130115 5270 5390 5230 5380 122993.00 65210000
20130114 5150 5290 5060 5280 105475.00 54740000
20130111 5400 5430 5180 5190 71003.00 37520000
20130110 5400 5440 5330 5400 73441.00 39540000
20130109 5400 5490 5300 5410 85238.00 46090000
20130108 5440 5460 5360 5410 101230.00 54700000
20130107 5350 5550 5310 5470 136830.00 74630000
20130104 5380 5430 5280 5350 71941.00 38340000
20121231 5310 5400 5270 5310 69795.00 37090000
20121228 5370 5400 5210 5340 109369.00 57990000
20121227 5170 5620 5130 5370 227665.00 123470000
20121226 5120 5160 5090 5150 65620.00 33610000
20121225 5000 5130 4980 5110 90317.00 45820000
20121224 4990 5060 4930 5030 62077.00 31070000
20121221 5170 5250 4650 4990 76767.00 39140000
20121220 5220 5270 5070 5160 66750.00 34320000
20121219 5270 5330 5190 5250 84209.00 44070000
20121218 5290 5350 5180 5330 122994.00 64660000
20121217 5180 5340 5150 5330 127526.00 67060000
20121214 5100 5300 5040 5210 153600.00 79630000
20121213 4940 5150 4900 5050 101673.00 51220000
20121212 5030 5090 4900 4980 100108.00 49970000
20121211 5030 5330 4980 5070 140755.00 72760000
20121210 5030 5150 4910 5070 102777.00 51770000
20121207 4910 5080 4840 5010 94546.00 47060000
20121206 4930 5000 4890 4920 62982.00 30980000
20121205 4820 5060 4760 4980 103982.00 51170000
20121204 4650 4870 4650 4800 72053.00 34420000
20121203 4660 4800 4640 4650 38223.00 18080000
20121130 4550 4750 4510 4700 45453.00 21250000
20121129 4700 4740 4580 4590 44113.00 20570000
20121128 4610 4760 4600 4640 36877.00 17230000
20121127 4990 4990 4640 4660 52099.00 24900000
20121126 4930 5050 4840 4990 57491.00 28560000
20121123 4830 5050 4830 4930 53024.00 26350000
20121122 4990 5050 4860 4890 67863.00 33630000
20121121 4700 5120 4680 5030 133065.00 65410000
20121120 4670 4820 4650 4750 63469.00 29970000
20121119 4660 4690 4530 4660 43802.00 20150000
20121116 4740 4780 4590 4660 50993.00 23630000
20121115 4760 4880 4680 4730 56761.00 27200000
20121114 5150 5200 4720 4880 107342.00 52820000
20121113 5200 5310 5120 5170 50806.00 26510000
20121112 5130 5330 5100 5240 66743.00 34960000
20121109 5170 5220 5050 5110 58873.00 30110000
20121108 5350 5400 5150 5160 116244.00 60970000
20121107 5600 5720 5490 5500 94833.00 53180000
20121106 5470 5680 5410 5650 133943.00 74690000
20121105 5400 5650 5320 5510 140254.00 77950000
20121102 5500 5590 5290 5440 143036.00 77370000
20121101 5600 5750 5510 5550 143853.00 80840000
20121031 5580 5690 5450 5640 93035.00 51880000
20121030 5700 5830 5380 5670 176574.00 98340000
20121029 5670 5950 5670 5790 147748.00 86190000
20121026 5650 5830 5560 5670 147783.00 84250000
20121025 6060 6100 5730 5740 272745.00 160300000
20121024 5700 6280 5630 6150 372204.00 226460000
20121023 5680 6100 5640 5810 219597.00 130050000
20121022 5660 5750 5500 5680 134032.00 75740000
20121019 5970 6040 5790 5800 146929.00 86700000
20121018 5850 6150 5750 6030 214628.00 127510000
20121017 5790 6000 5710 5890 173574.00 101580000
20121016 5900 6080 5730 5880 261645.00 153730000
20121015 5860 6260 5710 5990 453451.00 270220000
20121012 5350 5850 5330 5850 446282.00 254670000
20121011 5550 5550 5300 5320 236490.00 128010000
20121010 5670 5780 5560 5640 237528.00 134200000
20121009 5440 5900 5410 5690 442939.00 249050000
20121008 5150 5670 5070 5590 431381.00 236380000
20120928 5050 5250 5020 5150 173165.00 88540000
20120927 4860 5260 4650 5140 278772.00 139740000
20120926 4640 5160 4610 4880 248784.00 123390000
20120925 4620 4710 4540 4690 69642.00 32350000
20120924 4650 4670 4430 4630 99283.00 45300000
20120921 4890 4910 4650 4710 151347.00 71870000
20120920 5040 5160 4890 4910 196091.00 98560000
20120919 5230 5340 5030 5190 297782.00 153630000
20120918 4830 5250 4740 5250 428704.00 221660000
20120917 4720 4950 4580 4770 104032.00 49500000
20120914 4860 4920 4700 4720 71852.00 34320000
20120913 4950 5030 4720 4730 95493.00 46890000
20120912 4950 5060 4880 4970 117489.00 58350000
20120911 4870 5100 4850 4990 162149.00 80970000
20120910 4780 5040 4750 4950 178121.00 86880000
20120907 4690 4880 4600 4780 127008.00 60570000
20120906 4740 4790 4550 4630 96880.00 44840000
20120905 4730 4970 4690 4750 114333.00 54890000
20120904 4640 4950 4640 4810 147736.00 71000000
20120903 4700 4850 4590 4700 142911.00 67170000
20120831 4630 5050 4550 4840 201818.00 97760000
20120830 4890 5110 4630 4730 224903.00 109250000
20120829 4800 5070 4520 5070 402638.00 196010000
20120824 4410 4610 4390 4610 267580.00 121790000
20120823 4400 4400 4300 4390 37402.00 16440000
20120822 4080 4200 4080 4200 159682.00 66590000
20120821 3950 4050 3930 4000 79358.00 31720000
20120820 4130 4130 3920 4000 106228.00 42690000
20120817 3830 3930 3830 3930 24684.00 9640000
20120816 3670 3770 3670 3740 39478.00 14740000
20120815 3750 3790 3640 3710 42271.00 15720000
20120814 3880 3890 3700 3800 67746.00 25430000
20120813 4060 4070 3880 3890 57566.00 22990000
20120810 3970 4080 3940 4080 85231.00 34160000
20120809 3980 4050 3940 4000 92374.00 36860000
20120808 4030 4060 3950 3970 63804.00 25530000
20120807 4040 4100 3960 4050 102085.00 41110000
20120806 3940 4110 3880 4090 101023.00 40230000
20120803 3980 4050 3870 4010 112740.00 44070000
20120802 4150 4250 4070 4070 55093.00 22610000
20120801 4280 4280 4280 4280 49305.00 21100000
20120731 4500 4500 4500 4500 1243.00 550000
20120730 4740 4740 4740 4740 3470.00 1640000
20120727 5090 5270 4970 4990 79227.00 40440000
20120726 4850 5080 4850 5080 88900.00 44840000
20120725 4770 5030 4770 4840 59709.00 29380000
20120724 4600 4850 4570 4830 48893.00 23370000
20120723 4660 4700 4600 4620 18327.00 8510000
20120720 4700 4800 4680 4720 17010.00 8030000
20120719 4700 4820 4680 4760 21850.00 10390000
20120718 4580 4770 4530 4730 41442.00 19250000
20120717 4570 4650 4510 4600 25038.00 11510000
20120716 4760 4780 4580 4580 33813.00 15740000
20120713 4800 4880 4760 4790 38225.00 18440000
20120712 4670 4820 4660 4820 49074.00 23590000
20120711 4700 4820 4530 4590 39258.00 18150000
20120710 4870 4940 4750 4770 20426.00 9830000
20120709 4930 4950 4730 4750 26566.00 12900000
20120706 4970 5010 4770 4930 23670.00 11560000
20120705 5060 5080 4910 4950 16076.00 7960000
20120704 5100 5140 5050 5090 23162.00 11790000
20120703 5060 5150 5010 5110 29664.00 15080000
20120702 5030 5120 5010 5080 26725.00 13590000
20120629 4950 5040 4810 5010 29506.00 14460000
20120628 5220 5290 4990 5010 35241.00 18220000
20120627 5250 5340 5230 5230 20471.00 10780000
20120626 5160 5320 5130 5300 22286.00 11650000
20120625 5410 5470 5230 5230 42108.00 22350000
20120621 5630 5630 5460 5500 25122.00 13870000
20120620 5710 5770 5610 5630 37009.00 20930000
20120619 5530 5740 5530 5700 64751.00 36670000
20120618 5550 5640 5510 5550 38769.00 21600000
20120615 5490 5650 5480 5550 42721.00 23720000
20120614 5630 5760 5490 5500 79417.00 44760000
20120613 5330 5540 5300 5540 34540.00 18950000
20120612 5290 5320 5240 5280 19615.00 10370000
20120611 5300 5350 5220 5300 24070.00 12740000
20120608 5210 5390 5180 5290 43080.00 22770000
20120607 5340 5400 5170 5190 30641.00 16130000
20120606 5340 5400 5260 5310 32355.00 17260000
20120605 5210 5400 5130 5350 49695.00 26150000
20120604 5380 5450 5230 5230 52871.00 28190000
20120601 5650 5670 5450 5500 75400.00 41660000
20120531 5650 5740 5590 5650 53652.00 30320000
20120530 5810 5880 5570 5720 108320.00 62080000
20120529 5720 5880 5600 5860 99212.00 57460000
20120528 5410 5710 5330 5660 64684.00 36060000
20120525 5550 5630 5430 5440 46223.00 25600000
20120524 5480 5650 5480 5590 75405.00 41930000
20120523 5710 5710 5460 5480 106550.00 59090000
20120522 5700 5830 5670 5750 58435.00 33490000
20120521 5530 5850 5480 5710 76296.00 43510000
20120518 5820 5940 5600 5600 106640.00 60910000
20120517 5870 5960 5720 5890 107768.00 63010000
20120516 6000 6120 5840 5910 136152.00 81320000
20120515 6700 6700 6090 6090 231951.00 142500000
20120514 7020 7020 6360 6410 485483.00 327450000
20120511 6690 6690 6690 6690 6254.00 4180000
20120510 6370 6370 6370 6370 7205.00 4580000
20120509 6070 6070 6070 6070 2873.00 1740000
20120508 5780 5780 5780 5780 10786.00 6230000
20120507 5500 5500 5500 5500 1457.00 800000
20120207 5240 5240 4950 5240 339326.00 174070000
20120206 4990 4990 4990 4990 29720.00 14830000
20120202 4830 4860 4630 4750 150008.00 71000000
20120201 4780 4980 4730 4860 204222.00 99180000
20120131 4520 4800 4500 4800 209379.00 98400000
20120130 4480 4690 4390 4570 123079.00 55830000
20120120 4410 4540 4350 4480 145793.00 65110000
20120119 4500 4660 4410 4410 247381.00 110640000
20120118 4620 4900 4620 4640 390813.00 182420000
20120117 4860 4860 4860 4860 137941.00 67030000
20120116 5120 5120 5120 5120 7566.00 3870000
20120113 5670 5690 5390 5390 85423.00 46740000
20120112 5770 5830 5650 5670 108726.00 62230000
20120111 5860 5950 5740 5860 173035.00 100480000
20120110 5790 6080 5520 6040 259248.00 146610000
20120109 5890 5940 5630 5810 52314.00 30440000
20120106 6210 6210 5630 5910 70641.00 42680000
20111228 5900 6100 5800 5910 45566.00 26880000
20111227 6050 6120 5800 5850 59762.00 35240000
20111226 6000 6190 6000 6100 38287.00 23270000
20111223 6050 6170 5800 6100 68779.00 41590000
20111222 6000 6150 5820 6110 93366.00 55960000
20111221 6110 6210 6110 6130 201451.00 123240000
20111220 6430 6430 6430 6430 13465.00 8650000
20111219 6770 6770 6770 6770 20559.00 13910000
20111216 7450 7480 7130 7130 56532.00 40390000
20111215 7500 7640 7430 7500 21370.00 15990000
20111214 7470 7600 7450 7540 56863.00 42850000
20111213 7410 7510 7310 7490 27757.00 20580000
20111212 7530 7530 7410 7500 12117.00 9050000
20111209 7550 7590 7430 7530 22824.00 17080000
20111208 7550 7620 7450 7590 33852.00 25520000
20111207 7500 7650 7350 7590 43712.00 32900000
20111206 7790 7800 7430 7580 78617.00 58790000
20111205 7950 8020 7720 7820 28914.00 22590000
20111202 8200 8200 7800 7950 42030.00 33560000
20111201 8220 8310 8090 8200 56743.00 46510000
20111130 8040 8380 8000 8120 88443.00 72490000
20111129 7960 8030 7930 8010 26270.00 20950000
20111128 7960 8120 7900 7960 31966.00 25580000
20111125 7900 8010 7840 8000 26886.00 21350000
20111124 7920 8050 7880 7900 21465.00 17070000
20111123 7750 8080 7710 7970 46342.00 36830000
20111122 7850 7850 7630 7750 31537.00 24290000
20111121 7850 7920 7730 7810 25042.00 19510000
20111118 7950 8030 7740 7910 20982.00 16490000
20111117 7820 8050 7820 7970 33337.00 26420000
20111116 8110 8150 7740 7890 53330.00 42420000
20111115 8230 8240 8090 8150 45324.00 36910000
20111114 8190 8270 8130 8250 36368.00 29790000
20111111 8220 8220 8090 8160 15494.00 12600000
20111110 8280 8320 8100 8170 38565.00 31600000
20111109 8290 8400 8230 8310 35044.00 29140000
20111108 8280 8310 8160 8270 30497.00 25120000
20111107 8300 8420 8200 8280 26524.00 21970000
20111104 8330 8390 8220 8380 68153.00 56430000
20111103 8400 8400 8210 8310 61289.00 51020000
20111102 8280 8480 8180 8380 46640.00 38780000
20111101 8200 8610 8120 8370 57165.00 47540000
20111031 8370 8380 8140 8220 37022.00 30490000
20111028 8450 8450 8150 8370 55821.00 46520000
20111026 8290 8590 8190 8230 56414.00 47290000
20111025 8050 8340 7950 8290 49092.00 40280000
20111024 7880 7960 7820 7940 23429.00 18460000
20111021 7900 7950 7830 7880 16335.00 12860000
20111020 7910 7950 7730 7920 26739.00 20950000
20111019 7910 7940 7700 7910 23284.00 18230000
20111018 8030 8030 7640 7900 37259.00 28900000
20111017 7990 8100 7950 8040 12394.00 9910000
20111014 8000 8060 7910 8030 19355.00 15460000
20111013 8120 8130 7940 8070 34193.00 27430000
20111012 8040 8130 7910 8100 27493.00 22110000
20111011 8180 8210 7900 8010 23635.00 19010000
20111010 8050 8100 7830 8090 49727.00 39540000
20110930 8150 8280 7960 8070 26171.00 21150000
20110929 8200 8310 8000 8120 30047.00 24580000
20110928 8190 8390 8120 8240 52852.00 43670000
20110927 8070 8130 7940 8090 62919.00 50420000
20110926 8000 8110 7890 7960 23717.00 18990000
20110923 7960 8030 7800 8020 34252.00 27160000
20110922 7900 8220 7820 8080 54056.00 43640000
20110921 7700 8090 7480 7980 47538.00 37260000
20110920 7790 8030 7560 7740 49138.00 37660000
20110919 8280 8320 7960 7960 57484.00 46260000
20110916 8320 8410 8280 8380 21187.00 17700000
20110915 8460 8460 8300 8360 21898.00 18280000
20110914 8640 8710 8260 8430 47990.00 40500000
20110913 8710 8730 8530 8680 18888.00 16290000
20110909 8380 8860 8380 8750 50096.00 43640000
20110908 8710 8750 8320 8540 32789.00 28090000
20110907 8770 8770 8550 8730 28575.00 24800000
20110906 8790 8890 8600 8690 25164.00 21970000
20110905 8870 8870 8670 8760 21060.00 18490000
20110902 8700 8900 8580 8860 28281.00 24690000
20110901 8990 8990 8600 8770 55971.00 49270000
20110831 9000 9060 8840 8940 43163.00 38530000
20110830 9130 9130 8960 9060 39025.00 35200000
20110829 9060 9070 8900 9060 34505.00 30960000
20110826 9110 9150 8990 9080 26604.00 24020000
20110825 9130 9150 8980 9090 22964.00 20850000
20110824 9270 9270 8910 9080 29151.00 26500000
20110823 9080 9310 8990 9230 41880.00 38440000
20110822 9080 9080 8850 8980 31937.00 28670000
20110819 8770 8900 8730 8880 50475.00 44590000
20110818 9400 9400 8980 9060 81006.00 73850000
20110817 9500 9550 9330 9440 56613.00 53280000
20110816 9650 9660 9270 9370 68298.00 64160000
20110815 9720 9780 9590 9740 36766.00 35440000
20110812 9590 9800 9590 9690 33755.00 32740000
20110811 9260 9590 9000 9480 39959.00 37410000
20110810 9350 9670 9350 9470 46808.00 44810000
20110809 9350 9450 9220 9220 76559.00 71020000
20110808 10080 10100 9700 9700 57845.00 56630000
20110805 9760 10260 9760 10210 52160.00 52550000
20110804 10400 10430 9970 10100 54870.00 55750000
20110803 10380 10510 10270 10300 42084.00 43580000
20110802 10510 10600 10250 10520 39408.00 41040000
20110801 10350 10580 10180 10490 60605.00 63390000
20110729 10250 10480 10050 10180 53101.00 54460000
20110728 10240 10350 10150 10250 43386.00 44480000
20110727 9880 10300 9770 10260 59393.00 60540000
20110726 9710 10000 9560 9890 36712.00 35970000
20110725 10000 10010 9560 9590 63493.00 62350000
20110722 10040 10170 9880 10060 44974.00 45240000
20110721 10320 10320 9950 9970 42045.00 42400000
20110720 10050 10300 9970 10260 56209.00 57130000
20110719 10420 10420 9850 9970 74815.00 74980000
20110718 10100 10530 10090 10320 65311.00 67320000
20110715 10080 10600 9890 10240 104528.00 106950000
20110714 10110 10400 9930 10320 66257.00 67590000
20110713 9550 10160 9440 10110 125683.00 124620000
20110712 9580 10050 9420 9680 69873.00 68230000
20110711 9550 9740 9390 9570 113810.00 109040000
20110708 9010 9380 9000 9380 59531.00 55640000
20110707 9030 9120 8900 8930 41975.00 37790000
20110706 9010 9280 9000 9080 94315.00 86260000
20110705 8620 9060 8560 9060 131087.00 117260000
20110704 8540 8680 8420 8630 48685.00 41670000
20110701 8580 8650 8390 8500 52457.00 44660000
20110630 8260 8440 8200 8400 32001.00 26590000
20110629 8470 8600 8190 8200 46456.00 38890000
20110628 8400 8530 8230 8450 41154.00 34460000
20110627 8370 8470 8250 8430 32658.00 27350000
20110624 8170 8410 8000 8360 42945.00 35560000
20110623 8050 8250 7940 8220 36731.00 29970000
20110622 8050 8250 7810 8130 46369.00 37410000
20110621 8280 8450 7870 8000 68151.00 54430000
20110620 8650 8710 8270 8280 57051.00 47670000
20110617 8840 8950 8700 8710 38242.00 33690000
20110616 8850 9050 8750 8870 43657.00 38870000
20110615 8970 9040 8810 8960 44087.00 39410000
20110614 8810 9290 8730 8990 97297.00 88590000
20110613 8600 8930 8600 8850 49964.00 43990000
20110610 8800 9150 8650 9050 79651.00 70670000
20110609 8940 9260 8800 8850 132333.00 119650000
20110607 8620 8820 8530 8820 107251.00 94390000
20110603 8300 8570 8250 8400 42172.00 35620000
20110602 8260 8380 8210 8300 46091.00 38200000
20110601 8440 8640 8320 8420 60552.00 51220000
20110531 8450 8480 8180 8450 91122.00 75670000
20110530 8380 8690 8310 8560 192612.00 166350000
20110527 8460 8490 8280 8280 146923.00 122220000
20110526 8670 8990 8650 8720 274295.00 238750000
20110525 9110 9110 9110 9110 6012.00 5470000
20110524 9590 9590 9590 9590 680.00 650000
20110520 10090 10090 10090 10090 1240.00 1250000
20110519 10620 10620 10620 10620 733.00 770000
20110518 11180 11180 11180 11180 3559.00 3970000
20110401 11250 11770 11250 11770 104654.00 122440000
20110331 11180 11430 11080 11210 84862.00 95550000
20110330 10950 11200 10730 11100 60479.00 66390000
20110329 11200 11200 10800 10970 55727.00 61290000
20110328 11270 11350 11070 11160 86472.00 96840000
20110325 11150 11470 11090 11240 116497.00 131280000
20110324 10720 11150 10520 11120 141534.00 154650000
20110323 10650 10750 10550 10660 51039.00 54410000
20110322 10770 10960 10170 10720 77477.00 82390000
20110321 10800 10960 10500 10710 74048.00 79310000
20110318 10290 10870 10250 10850 127921.00 134670000
20110317 10900 10900 10350 10350 145456.00 152690000
20110316 11160 11250 10850 10890 128481.00 140820000
20110315 11180 11340 10700 11090 159360.00 176010000
20110314 10720 11200 10450 11200 193643.00 212210000
20110311 10380 10790 10260 10670 146414.00 155640000
20110310 10150 10420 10130 10280 73542.00 75690000
20110309 10260 10510 10110 10140 93276.00 96050000
20110308 9800 10260 9730 10260 148341.00 150310000
20110307 9700 9800 9540 9770 59884.00 58040000
20110304 9600 9740 9560 9690 59221.00 57220000
20110303 9650 9700 9310 9650 70709.00 67340000
20110302 9390 9620 9280 9610 69784.00 66110000
20110301 9450 9550 9260 9380 42648.00 39940000
20110228 9320 9610 9210 9450 69675.00 66130000
20110225 9160 9360 9070 9340 52174.00 47920000
20110224 8980 9170 8980 9150 37203.00 33850000
20110223 8810 9070 8700 8970 25574.00 22930000
20110222 9140 9150 8800 8800 43666.00 39030000
20110221 8970 9180 8900 9120 35071.00 31850000
20110218 9170 9250 8900 8970 35525.00 32180000
20110217 9300 9480 9160 9240 40537.00 37530000
20110215 9160 9530 9090 9220 52665.00 48950000
20110214 9130 9180 9020 9160 43605.00 39640000
20110211 9010 9180 8970 9130 25464.00 23170000
20110210 8900 9150 8880 8990 29167.00 26350000
20110209 8830 8940 8770 8890 23509.00 20790000
20110201 8680 9020 8680 8910 28339.00 25240000
20110131 8590 8780 8580 8640 24801.00 21420000
20110128 8710 8860 8590 8650 23972.00 20830000
20110127 8400 8840 8400 8710 17927.00 15650000
20110126 8560 8700 8400 8600 13670.00 11710000
20110125 8900 8900 8560 8560 26333.00 22660000
20110121 8850 9170 8810 9010 37146.00 33450000
20110120 8750 9220 8700 8880 46918.00 41900000
20110119 8780 8920 8590 8820 44229.00 38750000
20110118 8410 8820 8330 8810 48275.00 42040000
20110117 8310 8600 8280 8400 29065.00 24400000
20110114 8470 8580 8250 8500 27819.00 23540000
20110113 8600 8830 8470 8500 44269.00 38320000
20110112 8200 8620 8150 8620 55162.00 46180000
20110111 8500 8660 8170 8210 90109.00 74070000
20110110 8950 9190 8590 8600 43798.00 38980000
20110107 9340 9550 8960 9040 88280.00 81400000
20110106 8800 9190 8790 9190 99548.00 90550000
20110105 8550 8750 8400 8750 54226.00 47080000
20101230 8190 8420 8110 8330 76018.00 62910000
20101229 8560 8700 8130 8170 106410.00 87490000
20101228 8910 9100 8560 8560 66927.00 57920000
20101227 9380 9450 8910 9010 51135.00 47160000
20101224 9770 9800 9280 9310 72496.00 68070000
20101223 9510 10020 9220 9770 116253.00 112190000
20101222 10050 10080 9710 9710 129817.00 127360000
20101221 10600 10680 10220 10220 137522.00 141670000
20101220 11100 11100 10380 10760 407300.00 446070000
20101209 10180 10640 10060 10570 194929.00 205470000
20101208 9740 10200 9640 10130 75008.00 74300000
20101207 9810 9960 9500 9760 85481.00 82600000
20101206 10000 10130 9670 9790 46185.00 45480000
20101203 10030 10270 9770 10040 56286.00 56090000
20101202 10200 10320 9950 10020 69825.00 70160000
20101201 9810 10360 9640 10130 127109.00 128640000
20101130 9800 10060 9390 9900 155440.00 152580000
20101129 9340 9590 9260 9590 98865.00 94560000
20101126 9140 9270 9050 9130 36212.00 33160000
20101125 9100 9250 9080 9140 34102.00 31270000
20101124 8800 9220 8700 9140 43653.00 39230000
20101123 9180 9230 8770 8920 63754.00 56980000
20101122 9300 9430 9180 9230 44230.00 41000000
20101119 9250 9350 9020 9300 38156.00 35060000
20101118 9170 9300 9070 9230 33983.00 31110000
20101117 8910 9300 8910 9100 55220.00 50290000
20101116 9410 9870 8970 9170 106979.00 100790000
20101115 9320 9400 8940 9400 86018.00 78300000
20101112 10050 10100 9410 9410 89329.00 86010000
20101111 9920 10370 9800 9900 74806.00 75310000
20101110 9880 10160 9690 9960 138540.00 138950000
20101108 9310 9680 9220 9680 99322.00 95820000
20101105 9250 9350 9100 9220 62087.00 57120000
20101104 9170 9350 9070 9200 71735.00 66030000
20101103 9100 9450 9020 9170 127854.00 118720000
20101102 9150 9620 9090 9110 157438.00 147470000
20101101 8940 9180 8650 9160 120739.00 107270000
20101029 8370 8750 8330 8750 125718.00 109150000
20101028 8120 8380 8060 8330 48621.00 39810000
20101027 8290 8350 8110 8120 41489.00 34010000
20101026 8310 8350 8150 8280 59334.00 48970000
20101025 7850 8140 7850 8140 65797.00 52770000
20101022 7780 7870 7710 7750 36753.00 28580000
20101021 7670 7880 7600 7800 36081.00 27980000
20101020 7610 7740 7500 7640 49968.00 38160000
20101019 7680 7880 7600 7780 35426.00 27480000
20101018 7980 7980 7660 7670 80569.00 61990000
20101015 7930 8340 7850 8060 88025.00 70670000
20101014 8850 8860 8230 8230 89566.00 74770000
20101011 8430 8880 8430 8660 85564.00 73990000
20101008 8320 8510 8230 8460 51223.00 43040000
20100930 8090 8280 8010 8260 28183.00 23060000
20100929 8460 8550 8100 8140 62446.00 51640000
20100928 8450 8660 8390 8530 52201.00 44540000
20100927 8530 8640 8320 8470 63983.00 54060000
20100921 8350 8600 8280 8490 75604.00 63740000
20100920 8390 8390 8130 8250 99792.00 82620000
20100917 8050 8310 7920 8310 81449.00 67460000
20100916 8030 8180 7760 7910 65625.00 52000000
20100915 7920 8250 7910 8050 93536.00 75790000
20100914 7720 8070 7700 7990 90306.00 71500000
20100913 7640 7800 7590 7740 39686.00 30610000
20100910 7720 7770 7600 7650 33918.00 26020000
20100909 7850 7890 7700 7710 49389.00 38370000
20100908 7780 7850 7670 7840 35106.00 27270000
20100907 7740 7850 7680 7790 34558.00 26790000
20100906 7720 7840 7680 7730 38992.00 30240000
20100903 7660 7760 7550 7720 40219.00 30850000
20100902 7650 7760 7590 7660 41630.00 31940000
20100901 7850 7890 7500 7590 73241.00 56150000
20100831 8020 8080 7810 7850 44171.00 34770000
20100830 8040 8150 7970 8020 47940.00 38500000
20100827 7970 8060 7850 8030 45407.00 36080000
20100826 7970 8100 7900 7970 46476.00 37100000
20100825 7840 8080 7700 7970 73496.00 58090000
20100824 7810 7990 7770 7840 50201.00 39580000
20100823 7710 7920 7590 7810 67039.00 52210000
20100820 7750 7750 7550 7640 36683.00 27960000
20100819 7650 7900 7560 7770 84054.00 65430000
20100818 7650 7650 7460 7570 39589.00 29820000
20100817 7600 7720 7570 7660 39202.00 29990000
20100816 7510 7650 7440 7610 36133.00 27250000
20100813 7500 7530 7350 7510 23846.00 17760000
20100812 7400 7510 7270 7500 44886.00 33230000
20100811 7500 7550 7350 7470 30331.00 22650000
20100810 7850 7870 7530 7540 41252.00 31600000
20100809 7850 7880 7740 7850 44978.00 35100000
20100806 7450 7820 7420 7820 112229.00 87100000
20100805 7440 7580 7300 7450 30145.00 22560000
20100804 7500 7580 7240 7450 31696.00 23400000
20100803 7720 7750 7470 7500 30605.00 23350000
20100802 7500 7750 7500 7720 43433.00 33080000
20100730 7590 7680 7510 7580 35368.00 26870000
20100729 7680 7750 7480 7590 37894.00 28770000
20100728 7630 7820 7580 7700 25971.00 20050000
20100727 7550 7630 7490 7600 29863.00 22630000
20100726 7560 7650 7440 7550 13965.00 10540000
20100723 7620 7620 7430 7460 26478.00 19830000
20100722 7560 7660 7530 7620 16888.00 12840000
20100721 7600 7680 7530 7600 25545.00 19410000
20100720 7450 7670 7450 7600 33006.00 24910000
20100719 7230 7610 7180 7450 32398.00 24290000
20100716 7190 7410 7100 7360 17690.00 12730000
20100715 7360 7360 7160 7190 18090.00 13090000
20100714 7250 7420 7180 7380 27591.00 20150000
20100713 7300 7300 7120 7140 29629.00 21330000
20100712 7040 7300 6950 7300 58899.00 42210000
20100709 6630 6950 6600 6950 32140.00 22100000
20100708 6830 6860 6580 6620 17995.00 12020000
20100707 6870 7020 6750 6830 20194.00 13890000
20100706 6760 6860 6640 6800 14701.00 9950000
20100705 6530 6760 6530 6720 11355.00 7570000
20100702 6580 6710 6400 6670 12228.00 8070000
20100701 6710 6800 6370 6710 24044.00 15880000
20100630 7020 7020 6670 6700 34093.00 22800000
20100629 7490 7560 7020 7020 22133.00 15800000
20100628 7350 7560 7350 7390 9765.00 7260000
20100625 7500 7680 7300 7450 15711.00 11740000
20100624 7600 7680 7530 7600 19601.00 14890000
20100623 7510 7930 7510 7680 23886.00 18460000
20100622 7580 7650 7490 7550 14479.00 10920000
20100621 7220 7630 7220 7620 21716.00 16350000
20100618 7900 7950 7480 7480 35944.00 27480000
20100617 8030 8100 7810 7870 25381.00 20080000
20100611 7900 8070 7880 8050 34333.00 27390000
20100610 8250 8480 7850 7920 86083.00 69990000
20100607 7800 8280 7700 8260 58113.00 46780000
20100604 7790 8030 7790 7920 20576.00 16270000
20100603 7980 8180 7850 7930 55241.00 44270000
20100602 7880 8040 7760 7980 46962.00 37230000
20100601 8000 8140 7680 8000 77543.00 61470000
20100531 7900 8160 7660 7890 127389.00 101140000
20100528 7660 7770 7520 7770 69712.00 53800000
20100527 7300 7430 7110 7400 54292.00 39580000
20100526 7250 7360 7110 7300 46987.00 34090000
20100525 7070 7380 7010 7180 50300.00 36280000
20100524 6900 7180 6880 7110 49525.00 35060000
20100521 6670 6890 6550 6860 74338.00 49500000
20100520 7270 7270 6860 6890 43083.00 30060000
20100519 7510 7510 7110 7110 80768.00 57780000
20100518 7800 7950 7480 7480 67336.00 50740000
20100517 8210 8400 7840 7870 64402.00 52360000
20100514 8280 8360 8190 8250 34714.00 28650000
20100513 8100 8450 8100 8290 56939.00 46880000
20100512 8090 8480 8030 8240 59395.00 49340000
20100511 8510 8600 8170 8230 134932.00 112920000
20100510 8220 8220 7830 8220 133021.00 109130000
20100506 7810 8420 7810 7830 170078.00 136490000
20100505 8220 8220 8220 8220 13259.00 10890000
20100504 8650 8650 8650 8650 26525.00 22940000
20100429 8800 9560 8800 9110 191096.00 175410000
20100428 9300 9470 8750 8940 125447.00 114090000
20100427 10200 10200 9270 9470 153264.00 146610000
20100423 9900 10500 9800 10200 225875.00 230750000
20100422 10000 10290 9870 9890 221185.00 222470000
20100421 9970 10480 9820 10060 273118.00 275990000
20100420 9000 9980 8780 9980 235407.00 223960000
20100419 9770 9770 9020 9070 160598.00 151340000
20100416 9510 10100 9380 9780 219123.00 216870000
20100415 9390 9730 9250 9590 173867.00 164360000
20100414 8900 9790 8860 9500 315405.00 298230000
20100413 8810 8990 8590 8910 118840.00 104840000
20100412 8740 8870 8680 8810 75960.00 66770000
20100409 8600 8730 8510 8700 67760.00 58540000
20100408 8650 8770 8400 8650 97329.00 83110000
20100407 8730 8740 8610 8650 56766.00 49150000
20100406 8670 9120 8660 8770 123836.00 109270000
20100402 8720 8870 8570 8680 99225.00 86600000
20100401 8240 8790 8190 8750 174184.00 149610000
20100331 8120 8210 8050 8190 33244.00 27060000
20100330 8200 8240 8080 8120 34373.00 27930000
20100329 8090 8290 8090 8170 37790.00 30950000
20100326 8000 8140 7980 8080 33717.00 27220000
20100325 8260 8260 7990 8040 58459.00 47210000
20100324 8430 8460 8210 8260 52072.00 43220000
20100323 8360 8450 8340 8400 35562.00 29850000
20100322 8490 8520 8340 8400 32985.00 27700000
20100319 8530 8540 8390 8490 41997.00 35530000
20100318 8480 8550 8400 8470 43109.00 36510000
20100317 8350 8490 8300 8480 35556.00 29920000
20100316 8240 8360 8200 8350 24770.00 20470000
20100315 8380 8380 8200 8240 24510.00 20240000
20100312 8490 8490 8260 8270 39309.00 32730000
20100311 8450 8560 8370 8400 32908.00 27730000
20100310 8650 8670 8450 8480 42805.00 36570000
20100309 8590 8700 8390 8690 59271.00 50410000
20100308 8570 8770 8550 8590 58594.00 50690000
20100305 8330 8530 8310 8470 50066.00 42300000
20100304 8850 8900 8390 8410 100145.00 86480000
20100303 8900 9040 8740 8850 83909.00 74390000
20100302 8990 9000 8660 8980 148704.00 131520000
20100301 8750 9140 8600 8970 137013.00 122380000
20100226 8610 8900 8550 8690 88844.00 77810000
20100225 8590 8650 8450 8610 80741.00 69010000
20100224 8400 8560 8360 8550 71519.00 60650000
20100223 8300 8540 8280 8500 85495.00 71960000
20100222 8180 8450 8080 8340 83198.00 69340000
20100212 8000 8090 7930 8050 25381.00 20400000
20100211 7950 8080 7850 8000 33337.00 26620000
20100210 8010 8080 7860 7940 25871.00 20540000
20100209 7810 8200 7810 7980 39602.00 31940000
20100208 7900 7940 7780 7900 46413.00 36390000
20100205 7990 8050 7850 8030 50291.00 39960000
20100204 8070 8250 8060 8140 52793.00 43020000
20100203 8050 8220 7740 8190 58576.00 47270000
20100202 8140 8250 8000 8100 57352.00 46770000
20100201 8060 8160 7900 8040 50417.00 40380000
20100129 7950 8270 7930 8030 63759.00 51780000
20100128 7810 8030 7770 8020 62078.00 49000000
20100127 7750 7940 7680 7810 34924.00 27350000
20100126 8100 8110 7700 7780 95662.00 75300000
20100125 8390 8440 8050 8080 54763.00 44790000
20100122 8720 8720 8000 8350 144447.00 120730000
20100121 8820 9150 8800 8840 141703.00 126460000
20100120 8690 9180 8610 8810 232004.00 208130000
20100119 8780 8880 8600 8680 97654.00 85130000
20100118 8470 8880 8380 8780 173683 151180000
20100115 8350 8550 8160 8460 113986 95017000
20100114 8280 8380 8160 8350 71987 59482000
20100113 8290 8490 8180 8280 69780 57976000
20100112 8350 8600 8250 8540 76407 64791000
20100111 8200 8670 8119 8450 131889 111760000
20100108 8050 8180 7990 8180 39480 31915000
20100107 8360 8460 8029 8109 70676 58020000
20100106 8330 8560 8320 8340 104044 88046000
20100105 8100 8300 7950 8280 70231 56915000
20100104 8020 8210 8020 8100 70062 56911000
20091230 8090 8090 7750 7910 59865 47289000
20091229 8080 8220 8000 8050 52669 42494000
20091228 8020 8180 8000 8080 42237 34181000
20091225 8029 8119 7940 8039 37709 30277000
20091224 7870 8050 7800 8029 65296 52140000
20091223 7540 7870 7540 7860 58207 45033000
20091222 7780 7850 7480 7580 50070 38404000
20091221 7770 7890 7580 7780 45572 35188000
20091218 8000 8000 7530 7800 72373 56276000
20091217 8300 8400 7980 8000 101195 81659000
20091216 8340 8480 8280 8340 55087 46154000
20091215 8510 8550 8310 8350 61411 51619000
20091214 8460 8590 8220 8470 81674 68932000
20091211 8250 8580 8029 8460 98189 81806000
20091210 8029 8350 8029 8250 76951 63205000
20091209 8390 8390 8000 8029 128118 104583000
20091208 8600 8690 8300 8470 111612 94372000
20091207 8520 8700 8430 8660 93882 80519000
20091204 8840 9180 8320 8560 234296 204790000
20091203 8820 9130 8590 8920 199623 176233000
20091202 8510 8970 8510 8800 233722 204955000
20091201 8490 8660 8310 8550 266804 227028000
20091130 7740 8520 7740 8430 242398 198954000
20091127 8000 8220 7700 7800 147593 117695000
20091126 8050 8280 7630 8200 219581 175449000
20091125 7600 8100 7500 8010 174213 136014000
20091124 8109 8500 7400 7570 254952 205807000
20091123 7820 8119 7790 8109 185905 148492000
20091120 7750 8070 7680 7880 213179 168088000
20091119 7690 7810 7570 7750 141961 109117000
20091118 7700 7800 7550 7750 245603 188631000
20091117 7200 7910 7200 7850 454218 356030000
20091116 7160 7270 7050 7190 106879 76908000
20091113 7160 7180 6950 7100 90987 64296000
20091112 7180 7290 7120 7150 94096 67751000
20091111 7090 7270 6930 7200 146477 104677000
20091110 7100 7250 7050 7090 122307 87349000
20091109 6900 7200 6800 7170 130434 90668000
20091106 6740 7080 6300 6890 170393 118123000
20091105 6660 6740 6560 6710 72591 48302000
20091104 6760 6800 6580 6680 63524 42338000
20091103 6480 6750 6410 6740 104755 69712000
20091102 6180 6430 6100 6400 41693 26221000
20091030 6270 6360 6200 6280 36980 23215000
20091029 6300 6400 6070 6220 40889 25344000
20091028 6320 6390 6220 6380 32258 20364000
20091027 6540 6550 6270 6310 50817 32352000
20091026 6700 6730 6500 6550 48663 31934000
20091023 6660 6770 6560 6660 74628 49741000
20091022 6750 6850 6650 6670 56361 37877000
20091021 6650 6850 6580 6830 80330 54200000
20091020 6620 6750 6580 6670 62324 41445000
20091019 6510 6660 6450 6650 63174 41660000
20091016 6630 6670 6370 6560 65234 42561000
20091014 6290 6660 6250 6550 85128 55041000
20091013 6150 6250 6110 6250 30329 18782000
20091012 6110 6280 6100 6190 40156 24803000
20091009 5990 6150 5920 6120 60104 36259000
20090930 5990 6080 5810 5870 40775 24357000
20090929 6200 6300 5650 6000 39698 23676000
20090928 6450 6510 6110 6210 35934 22664000
20090925 6250 6430 6220 6400 34479 21853000
20090924 6530 6530 6080 6320 80981 51395000
20090923 7030 7160 6500 6580 121758 82641000
20090922 7200 7450 7050 7090 143309 104274000
20090921 6760 7270 6730 7240 157643 112057000
20090918 7150 7390 6770 6920 189048 134391000
20090917 6700 6970 6700 6910 106595 73105000
20090916 6750 6980 6650 6750 92616 62893000
20090915 6690 7020 6690 6820 143734 98956000
20090914 6550 6770 6520 6690 103172 68394000
20090911 6480 6940 6480 6630 155059 103749000
20090910 6420 6590 6280 6530 113419 73074000
20090909 6490 6490 6270 6430 82759 52712000
20090908 6300 6560 6130 6430 102079 65374000
20090907 6490 6560 6290 6370 210457 135456000
20090904 5750 6370 5710 6370 179678 110931000
20090903 5480 5800 5460 5790 61762 35179000
20090902 5550 5600 5420 5520 33785 18614000
20090901 5500 5690 5470 5560 47249 26348000
20090831 5840 5840 5430 5480 48677 27222000
20090828 6050 6150 5870 5910 54396 32303000
20090827 6050 6190 5910 6100 91233 55317000
20090826 5850 6200 5630 6040 98057 59226000
20090825 5900 5900 5620 5800 83801 48039000
20090824 5670 6140 5610 5940 130495 77091000
20090821 5500 5790 5370 5700 107008 60001000
20090820 5270 5630 5250 5550 86816 47079000
20090819 5760 5760 5220 5330 75083 41117000
20090818 5500 5820 5410 5760 84374 47449000
20090817 6030 6030 5510 5570 95133 54177000
20090814 6610 6660 6090 6120 96137 60385000
20090813 6770 6790 6480 6640 50085 33258000
20090812 7050 7050 6620 6760 66283 45006000
20090811 7100 7170 6980 7060 95824 67793000
20090810 6800 7020 6650 6970 101865 69465000
20090807 7070 7120 6750 6790 76122 52724000
20090806 7220 7220 6930 7070 78575 55345000
20090805 7000 7250 6890 7180 122134 86593000
20090804 7200 7220 6940 7040 105399 74478000
20090803 7160 7240 7090 7180 91656 65531000
20090731 6860 7200 6720 7160 135318 94469000
20090730 6890 7090 6430 6860 155592 104996000
20090729 7600 7600 6910 6980 203833 149066000
20090728 7740 7760 7550 7680 131822 100467000
20090727 7850 7940 7630 7770 147651 114308000
20090724 7760 8050 7640 7880 221373 174814000
20090723 7660 7820 7460 7730 160084 122373000
20090722 7600 7710 7420 7650 126947 96316000
20090721 7950 7950 7500 7610 172232 132850000
20090720 7950 8039 7810 7950 163506 128691000
20090717 7920 8039 7810 7950 103174 81869000
20090716 8100 8150 7800 7940 179507 142575000
20090715 8250 8320 8039 8100 193787 157112000
20090714 8250 8500 8200 8250 224447 186909000
20090713 8000 8420 7920 8280 284206 233175000
20090710 7830 8200 7680 8100 253142 200028000
20090709 7650 7860 7610 7780 142203 109939000
20090708 7600 7850 7400 7730 177420 135784000
20090707 7600 7770 7520 7630 151482 115003000
20090706 7880 7990 7560 7750 221856 172082000
20090703 7690 8300 7610 8060 262706 211854000
20090702 7690 7780 7550 7640 201791 153895000
20090701 7550 7900 7420 7760 232270 178643000
20090630 8380 8530 7590 7700 395627 312140000
20090629 8410 8700 8280 8430 285732 241723000
20090626 7880 8720 7820 8500 343316 282210000
20090625 7500 8200 7400 7970 292847 232172000
20090624 7410 7580 7200 7490 188719 139618000
20090623 6900 7590 6800 7380 236325 172780000
20090622 6990 7190 6710 6960 167464 117071000
20090618 7000 7130 6820 6900 193671 134753000
20090617 6600 7200 6520 7040 297587 206923000
20090616 6950 7060 6650 6740 335304 227845000
20090615 6060 6600 6060 6600 186607 121243000
20090612 6110 6130 5920 6000 91196 54767000
20090611 6000 6140 5870 6140 137535 82545000
20090610 6120 6180 5900 5970 149180 89331000
20090609 6000 6360 5980 6110 186216 114282000
20090605 6000 6350 5860 5910 201767 122980000
20090604 5990 6380 5680 6070 353316 211959000
20090603 5250 5820 5210 5820 236039 132356000
20090602 5100 5360 5010 5290 140052 72289000
20090601 5090 5230 5080 5110 86751 44524000
20090527 5120 5190 5000 5090 82879 42097000
20090526 5150 5320 5070 5120 133514 68838000
20090525 5030 5290 4950 5240 163091 83426000
20090522 5330 5600 4900 5290 368717 195043000
20090514 4940 5310 4800 5310 602043 313835000
20090513 4490 4980 4390 4830 244275 115507000
20090512 4300 4540 4250 4540 95725 42434000
20090511 4590 4660 4350 4350 128565 57778000
20090508 4570 4700 4470 4590 149388 68611000
20090507 4750 4900 4430 4690 281309 132226000
20090506 4600 5050 4400 4860 390495 186371000
20090505 4250 4590 4160 4590 249034 110278000
20090504 4130 4280 4080 4170 97455 40801000
20090430 3900 4120 3900 4070 93097 37641000
20090429 3820 4040 3820 3930 89970 35483000
20090428 3700 3970 3700 3870 101068 38915000
20090423 3980 4150 3850 4090 139473 55796000
20090422 4460 4470 4010 4010 201287 85032000
20090421 4250 4490 4160 4460 213787 91779000
20090420 4240 4580 4059 4410 532919 231980000
20090417 3780 4160 3760 4160 375111 151749000
20090416 3790 3850 3700 3780 135611 51430000
20090415 3670 3890 3600 3830 166469 62054000
20090414 3650 3730 3600 3680 113479 41722000
20090413 3620 3780 3590 3650 147218 54210000
20090410 3530 3630 3490 3620 107666 38476000
20090409 3440 3530 3420 3510 57345 19904000
20090408 3580 3580 3420 3440 89834 31440000
20090407 3600 3660 3490 3580 109032 38849000
20090403 3760 3800 3580 3600 174956 64173000
20090402 3570 3900 3530 3770 300835 113230000
20090401 3540 3590 3500 3550 105462 37413000
20090331 3450 3520 3410 3480 82985 28755000
20090330 3410 3550 3390 3510 123304 42874000
20090327 3400 3420 3350 3400 75422 25567000
20090326 3290 3380 3270 3380 59566 19838000
20090325 3410 3420 3310 3310 76995 25973000
20090324 3480 3510 3390 3430 68891 23598000
20090323 3380 3470 3380 3450 90501 31070000
20090320 3350 3540 3290 3440 157907 54032000
20090319 3390 3390 3290 3350 79963 26706000
20090318 3290 3350 3260 3280 88165 29120000
20090317 3180 3290 3160 3280 55279 17908000
20090316 3070 3210 3070 3180 21317 6732000
20090313 3210 3230 3120 3150 38205 12137000
20090312 3200 3250 3070 3210 44023 13899000
20090311 3270 3320 3190 3220 50949 16531000
20090310 3120 3250 3060 3240 41075 13018000
20090309 3310 3330 3100 3120 56797 18228000
20090306 3240 3350 3230 3290 59943 19681000
20090305 3300 3440 3220 3340 100804 33370000
20090304 3100 3270 3090 3270 68944 22073000
20090303 3020 3150 2970 3100 48901 15037000
20090302 2980 3110 2920 3080 46858 14323000
20090227 3130 3160 2900 2980 79177 23962000
20090226 3460 3480 3110 3170 84399 27971000
20090225 3520 3580 3300 3460 108192 36988000
20090224 3690 3820 3500 3520 171377 62920000
20090223 3530 3750 3470 3720 145104 52510000
20090220 3510 3550 3360 3530 95468 33064000
20090219 3420 3530 3410 3480 96887 33553000
20090218 3540 3580 3350 3380 164651 56933000
20090217 3900 3900 3600 3670 214357 80639000
20090216 3560 3910 3510 3910 326813 125011000
20090213 3300 3620 3300 3550 248826 87753000
20090212 3270 3350 3150 3330 148988 48467000
20090211 3240 3380 3180 3250 228808 75019000
20090210 3180 3310 3130 3310 155365 50220000
20090209 3190 3220 3100 3190 140102 44411000
20090206 2990 3160 2990 3140 131049 40539000
20090205 3110 3150 2950 2990 122816 37559000
20090204 3050 3200 2990 3120 124318 38358000
20090203 3020 3050 2960 3040 88304 26534000
20090202 2920 3020 2910 3010 83966 25095000
20090123 2820 3030 2810 2910 134233 39524000
20090122 2800 2850 2780 2820 30199 8508000
20090121 2800 2840 2750 2790 30984 8679000
20090120 2880 2880 2780 2850 43428 12252000
20090119 2860 2940 2810 2890 77406 22305000
20090116 2850 2910 2810 2850 103733 29655000
20090115 2770 2880 2770 2830 64276 18275000
20090114 2720 2840 2710 2820 55538 15485000
20090113 2790 2800 2700 2710 42149 11541000
20090112 2820 2830 2750 2800 47329 13216000
20090109 2810 2840 2720 2800 66226 18417000
20090108 2770 2920 2710 2800 142904 40557000
20090107 2660 2800 2660 2800 85549 23471000
20090106 2610 2720 2570 2700 62193 16518000
20090105 2560 2620 2520 2610 29103 7518000
20081231 2600 2700 2510 2520 32043 8234000
20081230 2630 2780 2600 2660 69910 18910000
20081229 2500 2770 2360 2670 54512 13903000
20081226 2560 2560 2480 2520 31659 7976000
20081225 2590 2600 2510 2560 27966 7144000
20081224 2550 2630 2520 2580 38591 9954000
20081223 2850 2870 2600 2610 55726 15132000
20081222 2850 2900 2770 2850 46383 13117000
20081219 2860 2890 2820 2850 55514 15858000
20081218 2820 2850 2760 2820 52438 14687000
20081217 2780 2920 2780 2830 76498 21882000
20081215 2700 2800 2690 2740 65918 18040000
20081212 2800 2810 2610 2660 82344 22268000
20081211 2970 2980 2820 2830 95254 27583000
20081210 2910 3000 2870 2970 88639 26112000
20081209 3070 3090 2930 2940 131400 39503000
20081208 2930 3120 2860 3110 245634 73844000
20081205 2950 3000 2800 2890 146495 42572000
20081204 3000 3080 2920 2970 174942 52458000
20081203 2920 3000 2860 2970 140045 41087000
20081202 2930 2980 2800 2910 143526 41425000
20081201 2920 3050 2920 2990 148189 44214000
20081128 2840 3080 2820 3010 207536 61768000
20081127 2890 3000 2750 2890 250402 71986000
20081126 2800 2880 2720 2740 178140 49961000
20081125 2680 2860 2600 2810 183664 50809000
20081124 2720 2850 2600 2640 133661 36609000
20081121 2510 2860 2460 2750 182369 49432000
20081120 2530 2690 2440 2600 97764 25357000
20081119 2430 2680 2340 2630 129214 32389000
20081118 2800 2800 2510 2510 112675 29604000
20081117 2660 2840 2610 2790 140653 38431000
20081114 2660 2800 2610 2710 187982 50912000
20081113 2430 2740 2400 2730 177192 45769000
20081112 2330 2500 2280 2490 130879 31180000
20081111 2270 2460 2220 2400 161393 37567000
20081110 2150 2300 2140 2280 92748 20659000
20081107 2040 2180 2040 2140 67014 14166000
20081106 2020 2090 2009 2070 38350 7877000
20081105 2000 2120 1990 2090 71113 14707000
20081104 1950 2130 1880 2060 65138 13083000
20081103 1930 1980 1920 1950 15123 2944000
20081031 1960 1990 1910 1930 20166 3937000
20081030 1990 2020 1900 1990 48565 9519000
20081029 2120 2120 1960 1980 34580 7074000
20081028 1910 2070 1910 2060 52911 10549000
20081027 2130 2170 2000 2000 44869 9309000
20081024 2160 2300 2160 2220 64870 14509000
20081023 2170 2210 2150 2180 42900 9330000
20081022 2100 2350 2090 2250 84520 19012000
20081021 2160 2190 2110 2140 34772 7504000
20081020 2110 2160 2009 2160 28372 6004000
20081017 2080 2180 2060 2110 27280 5773000
20081016 2190 2190 2050 2060 30977 6569000
20081015 2140 2290 2060 2260 64067 14266000
20081014 2200 2230 2120 2160 41109 8903000
20081013 2040 2140 1990 2130 27874 5700000
20081010 2200 2200 2090 2100 25702 5481000
20081009 2350 2360 2250 2280 21304 4871000
20081008 2290 2340 2250 2280 15772 3619000
20081007 2300 2370 2250 2340 23166 5362000
20081006 2430 2430 2320 2350 26333 6201000
20080926 2490 2530 2400 2450 39962 9811000
20080925 2450 2520 2410 2480 45997 11407000
20080924 2340 2470 2300 2440 32710 7779000
20080923 2500 2560 2390 2400 51930 12776000
20080922 2640 2750 2510 2640 114738 30412000
20080919 2500 2500 2420 2500 59137 14705000
20080918 2300 2340 2130 2270 58250 12920000
20080917 2590 2600 2330 2370 62087 15266000
20080916 2680 2700 2560 2570 39277 10238000
20080912 2680 2730 2630 2680 49706 13318000
20080911 2680 2750 2610 2730 73208 19712000
20080910 2640 2730 2560 2670 80638 21413000
20080909 2600 2700 2590 2670 77033 20404000
20080908 2850 2890 2600 2620 114061 30725000
20080905 3050 3160 2870 2890 119920 36070000
20080904 3250 3290 3010 3190 157433 49465000
20080903 3110 3290 3090 3290 315513 100472000
20080902 2680 2990 2650 2990 113859 33349000
20080901 2760 2770 2660 2720 21112 5739000
20080829 2720 2850 2700 2780 38979 10788000
20080828 2710 2810 2710 2730 18046 4973000
20080827 2750 2820 2730 2770 17024 4727000
20080826 2940 2940 2720 2740 34518 9623000
20080825 2870 3020 2860 2920 34787 10285000
20080822 3000 3000 2850 2950 40169 11761000
20080821 2850 3170 2810 3020 107227 32398000
20080820 2610 2900 2560 2900 54234 15318000
20080819 2590 2680 2510 2640 20336 5316000
20080818 2940 2940 2620 2640 25149 6917000
20080815 2900 2950 2840 2910 30342 8822000
20080814 2890 2950 2830 2900 21069 6112000
20080813 2930 2940 2770 2880 23718 6764000
20080812 2870 2980 2800 2930 33711 9817000
20080811 3200 3240 2860 2890 33595 10079000
20080808 3500 3500 3160 3170 43226 14423000
20080807 3590 3600 3400 3510 37401 13049000
20080806 3650 3680 3450 3560 33368 11817000
20080805 3710 3790 3570 3600 33184 12169000
20080804 3810 3810 3690 3700 38092 14260000
20080801 3710 3860 3690 3830 68752 25918000
20080731 4090 4150 3770 3820 138802 54129000
20080730 4160 4340 4100 4190 134731 56712000
20080729 4200 4360 4150 4270 91443 38940000
20080728 4100 4260 4100 4250 49565 20744000
20080725 4140 4150 4070 4080 33349 13704000
20080724 4120 4200 4100 4190 45456 18921000
20080723 4140 4210 4100 4120 38694 16033000
20080722 4100 4170 4050 4110 40708 16759000
20080721 3950 4130 3900 4110 39155 15821000
20080718 3830 3970 3750 3960 25620 9921000
20080717 3980 3990 3800 3820 28258 11024000
20080716 4100 4100 3770 3920 45088 17744000
20080715 4250 4330 4100 4120 45723 19170000
20080714 4070 4280 4070 4260 38053 15923000
20080711 4260 4340 4040 4140 54552 22606000
20080710 4280 4570 4250 4280 80721 35711000
20080709 4280 4400 4250 4350 77919 33819000
20080708 4270 4380 4220 4310 77852 33296000
20080707 4090 4400 4090 4350 111553 47384000
20080704 3980 4130 3930 4059 57448 23236000
20080703 3790 4070 3700 4050 70288 27628000
20080702 3810 3900 3710 3810 20844 7984000
20080701 3850 3920 3750 3810 15439 5901000
20080630 3820 3900 3700 3850 23513 8976000
20080627 3980 4059 3730 3780 46527 18090000
20080626 4210 4260 4090 4130 48191 20154000
20080625 3920 4230 3900 4200 46991 19368000
20080624 3760 4070 3730 3980 42585 16896000
20080623 3800 3860 3600 3810 27976 10593000
20080620 3700 3910 3490 3790 51159 19206000
20080619 4090 4090 3670 3670 51070 19631000
20080618 3640 4100 3570 4080 64248 24875000
20080617 4100 4190 3700 3740 40343 15901000
20080616 4280 4310 4010 4100 31996 13184000
20080613 4550 4570 4120 4200 36884 16101000
20080612 4350 4630 4280 4530 53467 23762000
20080611 4580 4580 4250 4390 55632 24537000
20080610 4960 4970 4650 4650 42189 20035000
20080606 5150 5210 5100 5170 31835 16363000
20080605 5400 5430 5050 5160 63875 33178000
20080604 5400 5570 5320 5380 48800 26417000
20080603 5550 5600 5400 5430 61048 33415000
20080602 5560 5800 5350 5690 107275 59304000
20080530 5750 5840 5500 5650 120916 68156000
20080529 5410 5810 5330 5810 207109 118328000
20080527 5330 5430 5100 5280 85687 44957000
20080526 5620 5860 5350 5370 91595 51016000
20080523 6320 6330 5750 5780 154618 91439000
20080522 6400 6800 6260 6320 223963 145549000
20080521 6860 6860 5650 6370 352156 227326000
20080520 6100 6520 6050 6250 477407 303534000
20080519 5390 5930 5390 5930 169887 98432000
20080516 5570 5650 5300 5390 94018 51461000
20080515 5990 6090 5600 5610 251233 146967000
20080514 5820 5820 5520 5820 117859 68406000
20080512 5050 5390 4960 5290 111842 58418000
20080509 5100 5150 4830 5110 82943 41356000
20080508 4830 5120 4740 5110 75510 37349000
20080507 5520 5520 4950 4960 136342 69996000
20080506 5540 5640 5380 5500 65427 35927000
20080505 5500 5640 5310 5580 81424 44505000
20080430 5450 5630 5370 5490 79834 43719000
20080429 5430 5550 5300 5360 68144 36658000
20080428 5380 5790 5250 5550 166622 92793000
20080425 5040 5400 4900 5370 112813 58140000
20080424 4930 5040 4820 5040 107272 53105000
20080423 4150 4650 4150 4580 47023 20749000
20080422 4390 4450 4010 4270 34863 14579000
20080421 4800 4880 4380 4460 34373 15764000
20080418 4780 4780 4410 4450 29191 13268000
20080417 5090 5290 4660 4780 32129 15824000
20080416 5230 5330 5050 5130 21508 11159000
20080415 5040 5240 4960 5230 26984 13772000
20080414 5290 5340 4980 5040 34043 17474000
20080411 5350 5490 5280 5460 27874 14998000
20080410 5180 5350 5070 5330 30241 15830000
20080409 5670 5770 5150 5240 60721 33842000
20080408 5490 5680 5360 5590 48912 27078000
20080407 5180 5550 5000 5520 36177 19493000
20080403 5000 5300 4830 5200 39022 19734000
20080402 5460 5610 4960 5010 46178 24002000
20080401 6010 6090 5410 5410 50325 28084000
20080331 6200 6330 6000 6010 39263 24062000
20080328 6190 6470 6000 6400 36195 22683000
20080327 6730 6750 6240 6270 41890 27179000
20080326 6750 7060 6700 6810 43167 29721000
20080325 6370 6900 6320 6890 40676 26833000
20080324 6780 6960 6460 6490 47681 32151000
20080321 6530 6850 6530 6730 47917 32110000
20080320 6430 6810 5900 6610 62127 39683000
20080319 6360 6640 6250 6510 45895 29712000
20080318 6700 7050 6150 6240 59488 38463000
20080317 7510 7580 6760 6830 44671 31825000
20080314 7450 7680 7400 7510 25841 19467000
20080313 7740 7950 7330 7550 59507 45303000
20080311 7790 8180 7630 8140 48029 38131000
20080310 8080 8130 7750 7810 58600 46638000
20080307 8400 8620 8119 8180 74451 61716000
20080306 8400 8990 8300 8480 147244 127148000
20080305 8180 8350 7980 8320 110473 90676000
20080304 8020 8250 7860 8100 111443 90165000
20080303 7700 8070 7660 7990 65955 52161000
20080229 7690 7790 7620 7780 40207 31072000
20080228 7580 7750 7500 7650 44577 33908000
20080227 7450 7680 7330 7580 43228 32621000
20080226 7600 7740 7050 7360 69024 50952000
20080225 8080 8170 7310 7450 68555 53483000
20080222 8000 8280 7830 8029 103301 83371000
20080221 7850 8140 7700 7990 79953 63316000
20080220 8010 8180 7850 7900 80890 64655000
20080219 7990 8140 7830 8090 90297 72215000
20080218 7910 8170 7800 8070 87317 70027000
20080215 7930 7930 7610 7810 67792 52522000
20080214 7760 7990 7660 7930 57639 45093000
20080213 7610 8160 7610 7760 97482 76698000
20080205 7700 7880 7500 7600 90046 68726000
20080204 7180 7730 7180 7730 96589 72685000
20080201 7480 7800 6920 7030 132612 95266000
20080131 8189 8189 7610 7690 129761 103186000
20080130 8610 8800 8119 8320 140149 118626000
20080129 8800 9150 8109 8850 213475 181304000
20080128 9900 9900 9010 9010 254473 234355000
20080125 10120 11080 9660 10010 418074 432799000
20080123 9000 10390 9000 10120 695362 679865000
20080122 8780 9490 8660 9490 803875 745030000
20080121 8980 9030 8350 8630 118826 103008000
20080118 9210 9450 8860 9010 190699 173746000
20080117 8900 9050 8510 9020 102174 90042000
20080116 9100 9100 8780 8960 69939 62252000
20080115 9280 9280 8980 9070 66213 60127000
20080114 8980 9250 8750 9170 78374 70216000
20080111 9240 9260 8820 9010 67114 60507000
20080110 9210 9530 9100 9210 101429 94536000
20080109 8890 9290 8860 9200 106056 96635000
20080108 8980 9150 8790 8910 130129 117170000
20080107 8880 9020 8760 8970 88848 79093000
20080104 9070 9080 8880 8920 70620 63116000
20080103 8710 9130 8570 9070 132625 117019000
20080102 8760 8800 8560 8730 88375 76767000
20071228 8760 8880 8580 8650 83477 72437000
20071227 8600 8840 8500 8770 139551 120540000
20071226 8470 8670 8400 8650 121700 103769000
20071225 8630 8670 8390 8470 175580 148826000
20071224 8380 8600 8310 8570 166020 140173000
20071221 8230 8400 8170 8290 55165 45671000
20071220 8340 8410 8210 8320 61850 51441000
20071219 8119 8380 8039 8350 100346 82502000
20071218 8160 8200 7950 8060 40120 32279000
20071217 8220 8340 8100 8220 57402 47126000
20071214 8029 8130 7800 8100 47008 37572000
20071213 8029 8320 8029 8100 87113 71291000
20071212 8010 8100 7880 8020 56576 45058000
20071211 8150 8189 7880 8039 64381 51655000
20071210 7730 8150 7650 8100 101896 81302000
20071207 7550 7950 7500 7910 71069 55421000
20071206 7700 7700 7450 7540 30603 23127000
20071205 7690 7800 7570 7720 40662 31130000
20071204 7690 7780 7550 7720 26464 20236000
20071203 7810 7900 7520 7710 27701 21223000
20071130 7950 8039 7760 7880 27959 21972000
20071129 7850 8150 7660 8039 64639 51032000
20071128 7800 7930 7630 7750 16884 13139000
20071127 8000 8000 7700 7830 15931 12400000
20071126 8090 8280 7800 8000 28777 22909000
20071123 7880 8070 7650 8060 22480 17655000
20071122 8150 8160 7780 7950 33825 26885000
20071121 8280 8280 7900 8100 30650 24674000
20071120 8300 8300 8100 8180 19040 15518000
20071119 8200 8480 8150 8270 54909 45556000
20071115 8070 8400 8000 8080 41068 33522000
20071114 8090 8340 7890 8160 53814 43949000
20071113 8200 8290 7710 8070 61221 49017000
20071112 7800 8150 7500 8090 75038 60075000
20071109 7600 7890 7250 7860 53541 41167000
20071108 7700 8000 7460 7650 54999 42991000
20071107 7420 7800 7040 7750 43565 32270000
20071106 7250 7490 7110 7390 16476 12077000
20071105 7020 7300 6880 7260 28060 20141000
20071102 7000 7200 6800 7000 33950 23596000
20071101 7640 7690 7110 7170 25328 18784000
20071031 7400 7800 7250 7650 45050 33980000
20071030 7300 7790 7090 7630 51161 38089000
20071029 6890 7310 6790 7300 26044 18293000
20071026 7030 7230 6690 6890 26937 18672000
20071025 7610 7800 6940 7120 28551 20599000
20071024 8109 8160 7700 7710 26383 20651000
20071023 7950 8200 7800 8100 26789 21336000
20071022 8400 8600 7780 7890 32365 26701000
20071019 8880 9070 8420 8590 30301 26463000
20071018 8750 9110 8310 8500 60060 51796000
20071017 9080 9330 8740 8990 31315 28345000
20071016 8670 9000 8600 8980 28550 25089000
20071015 9120 9250 8600 8680 53086 46630000
20071012 9880 9890 8880 9110 77227 70889000
20071011 10030 10140 9600 9870 46618 46212000
20071010 9740 10200 9710 9990 64541 64434000
20071009 9640 9880 9400 9650 24643 23619000
20071008 9980 10090 9560 9630 35474 34393000
20070928 9760 9980 9680 9860 39966 39239000
20070927 10270 10350 9330 9740 66701 66045000
20070926 9560 10140 9460 10110 82448 82015000
20070925 9480 9780 9400 9560 48248 46248000
20070924 9160 9650 8960 9370 60174 55973000
20070921 9500 9700 9040 9220 63280 58721000
20070920 9900 10100 9560 9660 67530 65681000
20070919 10210 10220 9850 9940 43061 43073000
20070918 10120 10280 9860 10220 67517 67836000
20070917 9950 10360 9950 10130 59476 60491000
20070914 10290 10500 9880 10130 60420 61184000
20070913 10370 10650 10150 10290 52614 54241000
20070912 10000 10500 9960 10320 77060 78508000
20070911 10180 11200 9910 10060 153981 165218000
20070910 9720 10540 9200 10250 78355 77157000
20070907 10550 10550 9800 9880 116524 117994000
20070906 10600 10790 10350 10520 94070 98882000
20070905 10750 11090 10500 10660 63990 68445000
20070904 10980 11100 10600 10790 73270 79027000
20070903 11300 11390 10970 11010 102925 114758000
20070831 10890 11350 10750 11110 88921 97857000
20070830 10970 11280 10750 11040 113473 124195000
20070829 10800 11520 10500 10890 212305 234078000
20070828 9800 10600 9220 10600 172279 177845000
20070827 10200 10360 9500 9640 96630 95330000
20070824 10310 10590 10000 10100 78510 80406000
20070823 10150 10330 9780 10150 84366 84699000
20070822 9500 10180 9250 10000 119173 118879000
20070821 9500 9610 9040 9250 68228 62863000
20070820 9460 9790 9200 9380 88391 83832000
20070817 10640 10640 9350 9360 159790 158935000
20070815 8800 9670 8800 9670 177567 167464000
20070814 8800 8900 8600 8790 89309 78297000
20070813 8450 9190 8050 8910 175334 153084000
20070809 7590 8350 7560 8350 131063 105441000
20070808 7650 7650 7320 7590 48414 36050000
20070807 7900 8000 7600 7730 51598 40165000
20070806 7900 8270 7800 7900 58924 47259000
20070803 7900 8000 7580 7850 59226 46045000
20070802 7280 7870 7280 7820 56426 42831000
20070801 8000 8150 7300 7340 67290 52521000
20070731 8090 8170 7760 8090 70827 56423000
20070730 8250 8300 8000 8109 113533 92712000
20070727 7450 8140 7200 8140 122127 97282000
20070726 7180 7480 7010 7400 50617 36753000
20070725 7180 7220 7010 7180 45075 32144000
20070724 7050 7260 6850 6880 42505 30110000
20070723 6570 7100 6560 7000 58329 40431000
20070720 6390 6650 6300 6560 43034 28044000
20070719 6420 6420 6240 6370 14131 8920000
20070718 6390 6500 6260 6350 21612 13748000
20070717 6360 6590 6110 6480 19941 12745000
20070716 6490 6600 6210 6380 21793 13820000
20070713 6600 6660 6450 6540 12428 8099000
20070712 6540 6770 6360 6660 28299 18682000
20070711 6420 6580 6280 6540 21637 13851000
20070710 6810 6810 6370 6430 36665 23880000
20070709 6780 7090 6500 6810 50061 34170000
20070706 6280 6750 6000 6660 58276 37324000
20070705 6990 6990 6280 6280 55166 35693000
20070704 7320 7400 6900 6980 32876 23325000
20070703 7400 7470 7010 7320 32686 23736000
20070702 7200 7450 6880 7370 46191 32969000
20070629 7090 7590 6900 7250 80185 58557000
20070628 7850 8220 7110 7120 68221 52492000
20070627 7840 7950 7320 7890 93687 72232000
20070626 7150 7840 6890 7750 97721 70303000
20070625 8660 8860 7610 7660 100616 82561000
20070622 8400 8970 8050 8460 98347 84370000
20070621 8600 9000 8310 8430 81944 70041000
20070620 9460 9460 8700 8830 110386 101093000
20070619 9500 9670 9100 9460 108466 102275000
20070618 9800 10250 9490 9710 218546 215080000
20070615 9180 9840 8540 9640 160520 146557000
20070614 9790 9790 9150 9270 146836 138537000
20070613 10410 10500 9360 9910 265295 266550000
20070612 9300 9910 8800 9910 189612 180577000
20070611 8870 9010 8400 9010 176205 154547000
20070608 7900 8450 7650 8189 194116 158076000
20070607 7150 7680 7000 7680 157272 114801000
20070606 7220 7360 6490 6980 175863 122937000
20070605 6530 7250 6530 7210 236811 156773000
20070604 7690 7700 7260 7260 26691 19608000
20070601 8710 9000 8070 8070 117108 97352000
20070531 9060 9500 8960 8970 146094 132438000
20070530 9960 10580 9960 9960 146493 148969000
20070529 11280 11300 10750 11070 157687 173180000
20070528 11280 11520 11000 11280 122580 138122000
20070525 10700 11490 10470 11250 131469 145583000
20070524 11250 11250 10490 10780 151441 162476000
20070523 11490 12000 11060 11210 184772 210320000
20070521 9780 11030 9600 11030 227701 238628000
20070518 9850 10180 9800 10030 123146 123522000
20070517 9700 10160 9690 9790 121918 120360000
20070516 9000 9990 8850 9690 146413 136036000
20070515 9950 10080 9060 9120 138135 131511000
20070514 10000 10660 9820 9980 123224 125703000
20070511 10260 10990 9700 10150 161895 165612000
20070510 9940 11010 9700 10590 159222 169636000
20070509 10560 10560 9700 10020 311436 318585000
20070508 9600 9600 9000 9600 37994 36471000
20070430 7880 8730 7850 8730 266644 225797000
20070427 8050 8090 7800 7940 114531 90697000
20070426 7950 8170 7700 8010 154413 122610000
20070425 7980 8029 7600 7910 130449 102289000
20070424 8170 8340 7850 8080 205371 167050000
20070423 7710 8230 7700 8180 356095 287683000
20070420 6800 7480 6800 7480 166330 122330000
20070419 7250 7250 6600 6800 201092 140881000
20070418 7030 7420 7000 7250 186718 135348000
20070417 6760 7050 6700 7030 227878 157070000
20070416 6690 6760 6580 6750 164031 109666000
20070413 6880 6880 6600 6630 195107 132315000
20070412 6680 6910 6550 6850 191501 129592000
20070411 6800 6800 6540 6680 149800 99833000
20070410 6620 6940 6570 6850 231349 156573000
20070409 6630 6660 6500 6600 174871 115364000
20070406 6630 6730 6550 6600 226299 149966000
20070405 6230 6660 6000 6580 239263 154531000
20070404 6400 6450 6150 6240 116067 73225000
20070403 6350 6400 6200 6290 145083 91672000
20070402 5900 6400 5830 6330 160767 99225000
20070330 5700 5880 5520 5820 84302 48656000
20070329 6180 6190 5700 5740 144427 85578000
20070328 6480 6500 5900 6200 177266 110287000
20070327 6350 6590 6300 6510 141112 90632000
20070326 6270 6500 6200 6450 148939 95045000
20070323 6280 6280 6100 6270 88274 54617000
20070322 6260 6300 6080 6290 131055 81032000
20070321 6250 6360 6180 6250 88483 55214000
20070320 6400 6430 6180 6290 127447 80463000
20070319 5800 6440 5680 6260 166756 101829000
20070315 5950 6360 5910 6070 183433 112330000
20070314 5420 6310 5420 6020 248908 149758000
20070313 5580 5900 5560 5740 286623 163816000
20070312 5300 5900 5270 5900 195617 110360000
20070309 5520 5520 5260 5360 105446 56777000
20070308 5480 5630 5300 5540 126342 69046000
20070307 5400 5500 5170 5420 141582 75669000
20070306 5760 5760 5120 5400 298776 164927000
20070305 5240 5240 5240 5240 57278 30014000
20070302 4700 4860 4650 4760 54719 26130000
20070301 5000 5000 4620 4720 100366 47748000
20070228 4730 5130 4610 5020 125597 60558000
20070227 5400 5450 4810 4810 143968 73772000
20070226 5120 5350 5020 5340 100747 53091000
20070216 5450 5460 5100 5140 183414 96774000
20070215 4780 5260 4720 5260 184446 93706000
20070214 4660 4890 4610 4780 98304 47066000
20070213 4690 4720 4500 4650 63540 29237000
20070212 4540 4710 4450 4670 98525 45183000
20070209 4770 4830 4580 4590 92269 42888000
20070208 4840 4840 4690 4770 89042 42227000
20070207 4600 4940 4560 4850 172577 82686000
20070206 5130 5130 4300 4710 302787 143543000
20070205 4720 4720 4720 4720 34697 16377000
20070202 4180 4290 4180 4290 64952 27815000
20070201 3750 3910 3650 3900 61246 23212000
20070131 4150 4180 3700 3750 96206 37542000
20070130 4290 4330 4080 4110 68341 28536000
20070129 4100 4380 4059 4300 99091 41753000
20070126 4050 4090 3680 4059 116920 45140000
20070125 4400 4400 4080 4090 104255 44040000
20070124 4430 4600 4300 4460 114614 51265000
20070123 4180 4540 4059 4490 181816 78301000
20070122 3760 4140 3760 4140 136590 53658000
20070119 3800 3880 3700 3760 77988 29516000
20070118 3600 3810 3600 3780 65144 24182000
20070117 4000 4000 3700 3760 125323 47948000
20070116 3920 4030 3830 4000 122318 48262000
20070115 3600 3900 3590 3900 87008 33045000
20070112 3800 3820 3530 3610 94807 35030000
20070111 3960 4030 3780 3810 139537 54086000
20070110 3750 4100 3620 3970 131143 50504000
20070109 3720 3900 3610 3740 145594 54550000
20070108 3410 3730 3300 3730 140804 50188000
20070105 3260 3490 3230 3390 150461 50804000
20070104 2980 3260 2970 3250 210761 67468000
20061229 2930 3010 2930 2960 59191 17597000
20061228 2960 3050 2870 2970 91750 27118000
20061227 2820 3000 2760 2940 79166 22881000
20061226 2960 2980 2770 2830 67173 19065000
20061225 2930 3020 2860 2920 84468 24699000
20061222 2870 3070 2780 2910 196796 57673000
20061221 2710 3000 2690 2910 312696 88626000
20061220 2580 2750 2520 2740 117551 31164000
20061219 2620 2620 2540 2590 43677 11222000
20061218 2690 2690 2580 2630 68686 18011000
20061215 2660 2700 2620 2690 85112 22693000
20061214 2620 2670 2570 2660 48870 12807000
20061213 2580 2640 2540 2640 49783 12903000
20061212 2530 2600 2490 2600 66554 16959000
20061211 2420 2540 2410 2530 39792 9859000
20061208 2530 2530 2400 2430 47844 11728000
20061207 2550 2580 2510 2530 68738 17437000
20061206 2670 2680 2490 2550 69633 17953000
20061205 2700 2720 2640 2670 48577 12954000
20061204 2660 2750 2630 2700 65221 17561000
20061201 2700 2770 2610 2680 74621 20023000
20061130 2510 2750 2500 2680 162578 43171000
20061129 2450 2530 2350 2500 62651 15564000
20061128 2390 2520 2370 2490 76791 18752000
20061127 2350 2400 2330 2390 35691 8452000
20061124 2350 2360 2310 2350 24677 5755000
20061123 2360 2370 2300 2360 40826 9522000
20061122 2350 2380 2280 2380 38839 9062000
20061121 2360 2370 2310 2340 39885 9289000
20061120 2390 2460 2350 2400 86671 20922000
20061117 2330 2400 2290 2360 37583 8896000
20061116 2330 2370 2300 2330 38590 8987000
20061115 2270 2360 2250 2350 42296 9753000
20061114 2300 2340 2190 2310 35906 8110000
20061113 2400 2440 2300 2300 28407 6698000
20061110 2530 2530 2380 2420 64166 15793000
20061109 2580 2600 2410 2550 57009 14239000
