20180223 4960 5020 4940 4990 16384 8183840 1.61 0.75 0.40 7634 8750 0.87 0.18
20180222 4910 4980 4910 4970 21179 10489227 1.43 1.00 1.43 8988 12191 0.74 0.23
20180214 4900 4930 4840 4900 16486 8047403 1.84 0.72 0.00 10352 6134 1.69 0.18
20180213 4930 4980 4860 4900 17345 8548745 2.44 0.62 -0.20 9439 7906 1.19 0.19
20180212 4820 4930 4820 4910 18190 8894184 2.29 0.59 2.08 6631 11559 0.57 0.19
20180209 4910 4910 4760 4810 36087 17452868 3.01 1.18 -3.41 24030 12056 1.99 0.39
20180208 4930 4990 4900 4980 17690 8786052 1.83 0.47 1.01 8563 9128 0.94 0.19
20180207 4950 4980 4870 4930 25769 12675817 2.26 0.64 1.44 12590 13179 0.96 0.28
20180206 4950 5020 4850 4860 43231 21433662 3.34 1.24 -4.52 28285 14945 1.89 0.46
20180205 5100 5120 5020 5090 30635 15557944 1.94 0.90 -1.36 17551 13083 1.34 0.33
20180202 5240 5240 5040 5160 35940 18540994 3.80 1.12 -1.90 19629 16312 1.20 0.38
20180201 5500 5520 5240 5260 54264 29049528 5.10 2.00 -4.19 35975 18289 1.97 0.58
20180131 5580 5610 5480 5490 36806 20315550 2.32 1.51 -1.96 27064 9743 2.78 0.39
20180130 5610 5630 5580 5600 17032 9536108 0.89 0.65 -0.36 10538 6494 1.62 0.18
20180129 5640 5700 5600 5620 26274 14835986 1.77 0.98 -0.35 14517 11757 1.23 0.28
20180126 5660 5700 5640 5640 25948 14711253 1.06 1.00 -0.53 16042 9906 1.62 0.28
20180125 5680 5720 5660 5670 29541 16810749 1.06 1.26 -0.18 15689 13852 1.13 0.32
20180124 5670 5690 5640 5680 23064 13078298 0.88 0.96 0.18 12684 10379 1.22 0.25
20180123 5690 5700 5650 5670 26305 14899457 0.88 1.18 -0.18 21607 4698 4.60 0.28
20180122 5600 5690 5590 5680 29219 16480817 1.78 1.20 1.25 13071 16148 0.81 0.31
20180119 5590 5630 5570 5610 21164 11858168 1.07 0.83 0.36 9616 11548 0.83 0.23
20180118 5550 5600 5550 5590 17083 9527394 0.90 0.66 0.36 8650 8433 1.03 0.18
20180117 5550 5580 5500 5570 25890 14343291 1.44 0.93 0.54 13005 12885 1.01 0.28
20180116 5520 5580 5510 5540 18567 10307709 1.27 0.54 0.54 9895 8672 1.14 0.20
20180115 5650 5650 5500 5510 39365 21871893 2.65 1.25 -2.48 30825 8540 3.61 0.42
20180112 5690 5710 5630 5650 25881 14648514 1.41 0.82 -0.70 19321 6560 2.95 0.28
20180111 5690 5740 5670 5690 19146 10911411 1.23 0.53 0.00 11867 7279 1.63 0.20
20180110 5730 5780 5670 5690 35777 20432946 1.91 0.94 -1.22 23737 12040 1.97 0.38
20180109 5730 5820 5680 5760 51883 29867770 2.45 1.56 0.70 20455 31428 0.65 0.55
20180108 5710 5730 5670 5720 24982 14269750 1.05 0.80 0.18 10941 14040 0.78 0.27
20180105 5680 5710 5670 5710 26678 15177245 0.70 0.87 0.35 12506 14172 0.88 0.29
20180104 5730 5730 5660 5690 40109 22802459 1.22 2.69 -0.70 27050 13059 2.07 0.43
20180103 5700 5750 5670 5730 47303 27057891 1.41 1.76 0.70 21780 25523 0.85 0.51
20180102 5640 5690 5630 5690 27335 15468110 1.06 0.92 0.89 9570 17765 0.54 0.29
20171229 5600 5640 5590 5640 15375 8630565 0.89 0.36 0.53 9060 6316 1.43 0.16
20171228 5620 5660 5600 5610 23807 13399974 1.07 0.55 -0.36 15993 7815 2.05 0.25
20171227 5630 5680 5610 5630 26284 14828101 1.23 0.59 -0.88 16515 9769 1.69 0.28
20171226 5610 5680 5520 5680 41738 23341837 2.85 1.04 1.25 22139 19599 1.13 0.45
20171225 5680 5720 5600 5610 41300 23360962 2.10 1.13 -1.75 28534 12766 2.24 0.44
20171222 5580 5750 5550 5710 80597 45755646 3.59 2.77 2.51 25150 55446 0.45 0.86
20171221 5620 5640 5530 5570 28044 15653587 1.96 0.97 -0.71 16441 11603 1.42 0.30
20171220 5590 5640 5570 5610 32657 18329048 1.25 1.29 0.18 13454 19202 0.70 0.35
20171219 5570 5610 5560 5600 18387 10275835 0.90 0.73 0.36 9677 8710 1.11 0.20
20171218 5610 5620 5550 5580 22729 12690446 1.25 0.96 -0.53 15664 7064 2.22 0.24
20171215 5560 5630 5530 5610 43612 24347594 1.80 2.27 1.08 14070 29542 0.48 0.47
20171214 5500 5610 5490 5550 26616 14794285 2.18 1.47 0.73 11348 15268 0.74 0.28
20171213 5490 5520 5480 5510 15713 8649742 0.73 0.85 0.00 7577 8135 0.93 0.17
20171212 5560 5570 5500 5510 17979 9944666 1.26 0.84 -1.08 11439 6539 1.75 0.19
20171211 5530 5570 5510 5570 15022 8327438 1.08 0.61 0.54 6938 8084 0.86 0.16
20171208 5510 5550 5510 5540 20623 11403012 0.72 0.68 0.36 10674 9950 1.07 0.22
20171207 5530 5540 5500 5520 21289 11739204 0.72 0.66 -0.36 12702 8587 1.48 0.23
20171206 5490 5550 5460 5540 18054 9928354 1.64 0.53 0.73 9617 8437 1.14 0.19
20171205 5630 5630 5490 5500 31479 17448480 2.49 1.00 -2.31 22477 9002 2.50 0.34
20171204 5700 5700 5610 5630 32137 18138704 1.58 1.12 -1.23 19929 12208 1.63 0.34
20171201 5600 5730 5580 5700 47628 27011262 2.68 2.05 1.79 14931 32697 0.46 0.51
20171130 5570 5610 5550 5600 31925 17852738 1.08 1.37 0.54 11100 20826 0.53 0.34
20171129 5550 5590 5500 5570 26150 14510636 1.62 1.01 0.00 17039 9111 1.87 0.28
20171128 5550 5590 5520 5570 19068 10597045 1.27 0.66 0.72 10998 8070 1.36 0.20
20171127 5550 5560 5520 5530 18690 10355410 0.72 0.53 -0.36 12536 6154 2.04 0.20
20171124 5500 5590 5500 5550 20325 11285209 1.62 0.47 0.00 10482 9843 1.06 0.22
20171123 5600 5630 5530 5550 32677 18245438 1.79 0.81 -0.89 21522 11156 1.93 0.35
20171122 5600 5610 5550 5600 38471 21481345 1.07 0.93 0.00 23141 15330 1.51 0.41
20171121 5640 5660 5570 5600 33671 18883890 1.60 0.72 -0.53 23304 10367 2.25 0.36
20171120 5750 5750 5530 5630 50040 27974176 3.83 1.05 -2.09 27279 22762 1.20 0.54
20171117 5980 5980 5730 5750 60301 35123090 4.18 1.40 -3.85 43609 16692 2.61 0.64
20171116 5970 5990 5940 5980 19866 11866058 0.84 0.43 0.00 10991 8875 1.24 0.21
20171115 5940 6000 5920 5980 43054 25669431 1.34 0.96 0.50 16391 26663 0.61 0.46
20171114 6000 6000 5910 5950 59855 35556943 1.50 1.56 -0.83 39707 20148 1.97 0.64
20171113 6070 6070 5980 6000 55886 33595186 1.48 1.75 -1.15 39391 16496 2.39 0.60
20171110 6100 6100 6050 6070 36742 22298115 0.82 1.20 -0.33 20828 15914 1.31 0.39
20171109 6110 6120 6080 6090 35550 21664575 0.65 1.12 -0.33 23975 11575 2.07 0.38
20171108 6110 6160 6080 6110 35812 21930546 1.31 1.14 0.00 18660 17152 1.09 0.38
20171107 6100 6110 6060 6110 27348 16637699 0.82 0.86 0.33 13734 13614 1.01 0.29
20171106 6060 6100 6060 6090 24037 14605209 0.66 0.61 0.33 14445 9592 1.51 0.26
20171103 6140 6140 6050 6070 30605 18637397 1.47 0.77 -0.98 20879 9726 2.15 0.33
20171102 6200 6210 6110 6130 40958 25189657 1.62 1.08 -0.97 29950 11008 2.72 0.44
20171101 6230 6240 6190 6190 34206 21240692 0.80 0.94 -0.48 27043 7163 3.78 0.37
20171031 6220 6260 6200 6220 29234 18196357 0.96 0.82 0.00 18259 10976 1.66 0.31
20171030 6370 6370 6200 6220 63299 39614025 2.67 2.29 -2.35 43717 19582 2.23 0.68
20171027 6370 6380 6350 6370 31483 20053934 0.47 1.21 -0.31 15580 15903 0.98 0.34
20171026 6390 6400 6370 6390 31583 20148430 0.47 1.14 0.00 19763 11820 1.67 0.34
20171025 6380 6400 6360 6390 27099 17293670 0.63 0.93 0.31 15317 11782 1.30 0.29
20171024 6390 6410 6360 6370 24153 15400243 0.78 0.78 -0.31 17556 6597 2.66 0.26
20171023 6390 6430 6380 6390 23723 15172839 0.78 0.49 0.00 13974 9748 1.43 0.25
20171020 6330 6390 6330 6390 23134 14739104 0.94 0.31 0.31 15242 7892 1.93 0.25
20171019 6400 6420 6350 6370 40368 25745374 1.09 0.55 -0.62 23398 16970 1.38 0.43
20171018 6420 6460 6380 6410 34832 22361428 1.24 0.47 -0.31 24174 10658 2.27 0.37
20171017 6440 6480 6410 6430 33741 21730100 1.09 0.45 -0.31 19799 13943 1.42 0.36
20171016 6600 6610 6380 6450 109825 71344535 3.48 1.79 -2.42 78200 31625 2.47 1.17
20171013 6440 6630 6430 6610 158205 103941894 3.11 4.14 2.64 49973 108232 0.46 1.69
20171012 6480 6480 6420 6440 32660 21073895 0.93 0.79 -0.46 23143 9517 2.43 0.35
20171011 6480 6510 6460 6470 39233 25425795 0.77 0.97 -0.15 17716 21517 0.82 0.42
20171010 6440 6480 6410 6480 38655 24920133 1.09 0.99 0.62 15867 22787 0.70 0.41
20171009 6400 6440 6390 6440 37628 24168951 0.78 0.92 1.10 13217 24410 0.54 0.40
20170929 6370 6380 6320 6370 42984 27298781 0.94 1.07 0.00 24101 18883 1.28 0.46
20170928 6400 6400 6340 6370 49285 31327575 0.94 1.27 -0.62 31753 17532 1.81 0.53
20170927 6370 6440 6370 6410 34360 22008992 1.10 0.88 0.47 17984 16376 1.10 0.37
20170926 6400 6420 6360 6380 30657 19585539 0.94 0.77 -0.16 17622 13035 1.35 0.33
20170925 6480 6480 6380 6390 46475 29811750 1.55 1.22 -1.24 34706 11769 2.95 0.50
20170922 6520 6520 6460 6470 39712 25714908 0.92 1.09 -0.92 28115 11597 2.42 0.42
20170921 6540 6570 6520 6530 43292 28342833 0.76 1.24 -0.15 22943 20349 1.13 0.46
20170920 6530 6550 6510 6540 34448 22484356 0.61 0.96 0.00 22109 12339 1.79 0.37
20170919 6560 6580 6530 6540 34765 22777607 0.76 0.91 -0.30 18817 15948 1.18 0.37
20170918 6520 6560 6510 6560 38146 24964075 0.77 0.98 0.77 16827 21320 0.79 0.41
20170915 6510 6520 6490 6510 31559 20539958 0.46 0.74 0.00 19032 12526 1.52 0.34
20170914 6490 6520 6490 6510 36291 23607794 0.46 0.78 -0.15 20625 15666 1.32 0.39
20170913 6520 6520 6470 6520 39163 25446764 0.77 0.85 0.00 24464 14699 1.66 0.42
20170912 6540 6560 6510 6520 46518 30399509 0.76 0.97 -0.46 27800 18719 1.49 0.50
20170911 6550 6560 6530 6550 41707 27275723 0.46 0.83 0.00 29760 11947 2.49 0.45
20170908 6560 6570 6530 6550 49431 32370109 0.61 1.01 -0.15 27362 22068 1.24 0.53
20170907 6560 6590 6550 6560 55977 36761258 0.61 1.23 -0.15 35206 20771 1.69 0.60
20170906 6550 6570 6530 6570 35426 23212260 0.61 0.72 0.15 19396 16030 1.21 0.38
20170905 6590 6590 6520 6560 56191 36889326 1.06 1.25 -0.46 38442 17749 2.17 0.60
20170904 6630 6630 6570 6590 54498 35880502 0.91 1.24 -0.15 36202 18296 1.98 0.58
20170901 6590 6610 6570 6600 42509 28002950 0.61 0.95 -0.15 28656 13853 2.07 0.45
20170831 6610 6630 6570 6610 38505 25385280 0.91 0.86 0.00 24448 14057 1.74 0.41
20170830 6590 6620 6570 6610 53079 35023569 0.76 1.28 0.30 22482 30597 0.73 0.57
20170829 6600 6610 6570 6590 36086 23767413 0.61 0.87 -0.15 19972 16114 1.24 0.39
20170828 6550 6600 6550 6600 49688 32717266 0.76 1.18 0.61 25258 24431 1.03 0.53
20170825 6500 6580 6490 6560 46103 30172326 1.38 0.94 0.92 17970 28133 0.64 0.49
20170824 6580 6580 6490 6500 39016 25520056 1.37 0.70 -1.22 24964 14051 1.78 0.42
20170823 6590 6610 6570 6580 36225 23872549 0.61 0.67 0.00 18732 17493 1.07 0.39
20170822 6620 6630 6560 6580 36856 24284873 1.06 0.71 -0.45 20232 16624 1.22 0.39
20170821 6610 6640 6570 6610 51600 34066819 1.06 1.12 0.00 27036 24564 1.10 0.55
20170818 6520 6620 6510 6610 81616 53664370 1.68 2.20 1.07 31912 49704 0.64 0.87
20170817 6570 6570 6510 6540 72249 47164683 0.91 2.42 -0.46 50375 21874 2.30 0.77
20170816 6530 6570 6500 6570 28375 18560828 1.07 0.90 0.46 13850 14526 0.95 0.30
20170815 6520 6550 6490 6540 24477 15960816 0.92 0.78 0.31 13182 11295 1.17 0.26
20170814 6430 6520 6430 6520 24465 15890457 1.40 0.78 1.09 11273 13192 0.85 0.26
20170811 6510 6520 6440 6450 35888 23257230 1.23 1.18 -1.07 22384 13503 1.66 0.38
20170810 6600 6600 6510 6520 35970 23552163 1.36 1.19 -1.21 25136 10834 2.32 0.38
20170809 6550 6620 6540 6600 37160 24490429 1.22 1.20 0.61 18037 19122 0.94 0.40
20170808 6550 6570 6520 6560 24245 15875809 0.76 0.63 0.15 12535 11710 1.07 0.26
20170807 6520 6550 6500 6550 23137 15112063 0.77 0.57 0.46 12110 11026 1.10 0.25
20170804 6520 6550 6510 6520 31714 20708692 0.61 0.79 -0.31 19079 12635 1.51 0.34
20170803 6550 6590 6520 6540 34429 22561512 1.06 0.82 -0.61 20831 13598 1.53 0.37
20170802 6600 6630 6540 6580 41087 27006232 1.36 1.08 -0.75 25062 16025 1.56 0.44
20170801 6540 6640 6520 6630 63124 41574887 1.83 1.97 1.38 20422 42702 0.48 0.67
20170731 6500 6540 6480 6540 33720 21987900 0.92 1.06 0.62 14957 18763 0.80 0.36
20170728 6520 6520 6480 6500 28910 18782068 0.61 0.91 -0.31 18605 10305 1.81 0.31
20170727 6450 6520 6410 6520 43073 27905810 1.71 1.41 1.40 19461 23612 0.82 0.46
20170726 6470 6470 6410 6430 21229 13649796 0.93 0.63 -0.31 13978 7251 1.93 0.23
20170725 6510 6510 6430 6450 32949 21259296 1.23 0.98 -0.92 23257 9691 2.40 0.35
20170724 6440 6520 6440 6510 33553 21764638 1.23 0.75 0.46 16452 17101 0.96 0.36
20170721 6450 6510 6420 6480 28865 18669974 1.40 0.64 0.47 12628 16237 0.78 0.31
20170720 6450 6490 6420 6450 36432 23506813 1.09 0.84 0.00 20175 16256 1.24 0.39
20170719 6390 6460 6360 6450 37470 24027415 1.57 0.79 1.10 18026 19445 0.93 0.40
20170718 6380 6410 6330 6380 32171 20478915 1.26 0.66 0.47 18520 13651 1.36 0.34
20170717 6660 6680 6350 6350 87868 57045963 4.94 2.26 -4.94 60356 27511 2.19 0.94
20170714 6700 6730 6660 6680 31740 21226476 1.04 0.75 -0.60 21059 10681 1.97 0.34
20170713 6730 6740 6680 6720 27310 18301426 0.89 0.58 0.15 15615 11694 1.34 0.29
20170712 6800 6810 6660 6710 58663 39402346 2.20 1.30 -1.47 39694 18969 2.09 0.63
20170711 6860 6870 6800 6810 39301 26873877 1.02 0.87 -0.73 24352 14949 1.63 0.42
20170710 6840 6870 6820 6860 37625 25760795 0.73 0.80 0.15 18349 19276 0.95 0.40
20170707 6860 6860 6800 6850 47870 32691918 0.87 1.10 -0.15 29115 18755 1.55 0.51
20170706 6920 6920 6840 6860 53664 36856431 1.16 1.40 -0.87 37601 16062 2.34 0.57
20170705 6900 6920 6840 6920 47399 32587741 1.16 1.35 0.44 26981 20418 1.32 0.51
20170704 6890 6930 6880 6890 38740 26731633 0.73 1.10 0.00 19417 19323 1.00 0.41
20170703 6880 6900 6840 6890 46987 32349038 0.87 1.30 0.29 18778 28209 0.67 0.50
20170630 6880 6890 6830 6870 30240 20742088 0.87 0.81 -0.29 16788 13452 1.25 0.32
20170629 6850 6900 6850 6890 28495 19597191 0.73 0.62 0.73 14926 13570 1.10 0.30
20170628 6930 6930 6840 6840 31063 21336028 1.31 0.68 -0.73 20340 10723 1.90 0.33
20170627 6980 7000 6940 7000 38626 26905999 0.86 0.79 0.29 22561 16065 1.40 0.41
20170626 6860 6980 6860 6980 52442 36376334 1.75 1.18 1.60 25312 27130 0.93 0.56
20170623 6830 6880 6790 6870 36614 25003356 1.31 0.86 0.29 22655 13959 1.62 0.39
20170622 7000 7020 6830 6850 69807 48368177 2.71 1.85 -2.14 50159 19648 2.55 0.75
20170621 7030 7050 6970 7000 30794 21515395 1.14 0.78 0.14 17451 13343 1.31 0.33
20170620 7000 7070 6990 6990 54291 38189017 1.14 1.56 0.00 30149 24142 1.25 0.58
20170619 6940 6990 6940 6990 31005 21618095 0.72 0.88 0.72 13827 17178 0.80 0.33
20170616 6960 6970 6930 6940 27021 18763127 0.57 0.74 -0.43 17430 9591 1.82 0.29
20170615 6900 6980 6870 6970 45873 31833070 1.60 1.21 1.16 17265 28609 0.60 0.49
20170614 6890 6910 6860 6890 38197 26281140 0.72 0.83 -0.29 27034 11163 2.42 0.41
20170613 6830 6940 6820 6910 32255 22250282 1.75 0.64 0.58 14942 17313 0.86 0.34
20170612 6900 6920 6860 6870 32658 22507830 0.87 0.57 -0.72 18107 14552 1.24 0.35
20170609 6900 6950 6880 6920 33414 23088000
20170608 6950 6980 6900 6920 53295 36948106 1.15 0.83 -0.43 33634 19661 1.71 0.57
20170607 6780 6960 6780 6950 77621 53382935 2.65 1.36 2.36 27225 50396 0.54 0.83
20170606 6730 6790 6680 6790 54167 36526950 1.64 0.97 1.04 17849 36318 0.49 0.58
20170605 6730 6790 6690 6720 68873 46306789 1.48 1.19 -0.30 40009 28864 1.39 0.74
20170602 6790 6830 6610 6740 79927 53541905 3.24 1.27 -0.88 54257 25670 2.11 0.85
20170601 6910 6930 6790 6800 40611 27802690 2.02 0.40 -2.02 29288 11323 2.59 0.43
20170531 7030 7030 6920 6940 41219 28741526 1.58 0.40 -0.29 26593 14626 1.82 0.44
20170526 6950 7010 6930 6960 48253 33632345 1.15 0.48 0.00 29692 18561 1.60 0.52
20170525 6950 6970 6830 6960 80066 55341416 2.01 0.86 0.14 46187 33879 1.36 0.86
20170524 6980 6980 6720 6950 105437 72385412 3.66 1.31 -2.25 63663 41774 1.52 1.13
20170523 7170 7340 7040 7110 238641 171975702 4.29 5.66 1.72 116104 122537 0.95 2.55
20170522 7020 7070 6950 6990 41396 29027057 1.71 1.05 -0.57 29515 11881 2.48 0.44
20170519 7070 7100 6980 7030 32247 22681642 1.70 0.82 -0.57 21433 10815 1.98 0.34
20170518 6980 7160 6960 7070 50172 35556392 2.85 1.25 0.86 22265 27907 0.80 0.54
20170517 7000 7080 6970 7010 39832 28003949 1.56 0.87 -0.28 24641 15192 1.62 0.43
20170516 6880 7030 6830 7030 47236 32827514 2.91 1.03 2.33 15145 32090 0.47 0.51
20170515 6910 6940 6830 6870 27568 18937394 1.60 0.52 -0.29 16193 11375 1.42 0.29
20170512 6880 6930 6830 6890 30809 21206555 1.45 0.50 -0.29 16964 13845 1.23 0.33
20170511 6830 6960 6760 6910 56002 38407241 2.86 0.82 -1.29 32631 23371 1.40 0.60
20170510 7010 7120 7000 7000 67780 47929645 1.71 1.02 0.00 30973 36807 0.84 0.72
20170509 6970 7020 6930 7000 46058 32153117 1.29 0.66 0.14 29773 16285 1.83 0.49
20170508 7120 7120 6990 6990 63947 44996242 1.82 0.93 -2.37 45356 18592 2.44 0.68
20170505 7230 7260 7120 7160 73064 52519150 1.93 0.98 -1.24 41760 31304 1.33 0.78
20170504 7250 7320 7230 7250 88643 64382311 1.23 1.27 -0.96 58932 29711 1.98 0.95
20170503 7360 7380 7250 7320 60075 43906395 1.77 0.86 -0.41 34257 25818 1.33 0.64
20170502 7460 7480 7310 7350 62537 46192691 2.28 0.83 -1.61 39164 23373 1.68 0.67
20170428 7490 7510 7430 7470 59089 44112904 1.06 0.83 -0.93 34188 24901 1.37 0.63
20170427 7480 7590 7220 7540 102677 76041927 4.91 1.55 0.00 53565 49111 1.09 1.10
20170426 7520 7550 7430 7540 65052 48795878 1.60 0.88 0.53 34734 30318 1.15 0.70
20170425 7590 7640 7430 7500 61224 46249842 2.78 0.78 -0.66 38730 22494 1.72 0.65
20170424 7930 7940 7540 7550 87920 67618583 5.06 1.12 -4.43 59688 28232 2.11 0.94
20170421 7830 7940 7830 7900 39463 31106650 1.40 0.40 0.51 21407 18057 1.19 0.42
20170420 7920 8010 7820 7860 78140 61790252 2.40 0.65 -0.63 41312 36827 1.12 0.84
20170419 8040 8110 7840 7910 103157 81993768 3.35 0.79 -1.86 63878 39279 1.63 1.10
20170418 8150 8240 8050 8060 83651 68095152 2.33 0.56 -1.10 48623 35028 1.39 0.89
20170417 8190 8260 8090 8150 86390 70528394 2.06 0.49 -1.09 57512 28878 1.99 0.92
20170414 8370 8400 8230 8240 136943 113574269 2.02 0.71 -2.25 101787 35156 2.90 1.46
20170413 8290 8540 8250 8430 187780 158351685 3.49 1.05 1.44 81102 106677 0.76 2.01
20170412 8340 8470 8260 8310 155907 130468961 2.50 0.87 -0.95 85741 70165 1.22 1.67
20170411 8330 8400 8180 8390 178706 148137151 2.64 1.07 0.60 105788 72918 1.45 1.91
20170410 8350 8500 8240 8340 225571 188833217 3.12 1.44 0.12 116233 109338 1.06 2.41
20170407 8180 8340 8150 8330 216804 179463367 2.32 1.30 1.71 98979 117825 0.84 2.32
20170406 8260 8270 8180 8190 114405 93909674 1.09 0.43 -1.09 73246 41159 1.78 1.22
20170405 8120 8300 8050 8280 160752 131410199 3.08 0.64 2.10 81651 79101 1.03 1.72
20170331 8120 8190 8040 8110 114808 93120414 1.85 0.47 -0.12 71346 43462 1.64 1.23
20170330 8290 8290 8100 8120 175354 143001035 2.29 0.79 -2.17 110316 65038 1.70 1.88
20170329 8280 8400 8150 8300 265567 219610739 2.97 1.46 -1.43 165409 100158 1.65 2.84
20170328 8300 8570 8300 8420 624866 526686416 3.34 8.78 4.08 280018 344847 0.81 6.68
20170327 7990 8100 7920 8090 77254 61793633 2.25 1.05 1.25 26615 50639 0.53 0.83
20170324 7960 8000 7880 7990 69109 54868251 1.50 0.94 0.13 36477 32632 1.12 0.74
20170323 8070 8080 7950 7980 77593 62138620 1.61 1.00 -0.99 48214 29380 1.64 0.83
20170322 8070 8110 8040 8060 63733 51400682 0.86 0.88 -0.86 36502 27231 1.34 0.68
20170321 8180 8190 8080 8130 68055 55221934 1.34 0.98 -0.73 66635 1420 46.93 0.73
20170320 8060 8200 8060 8190 91016 74168216 1.73 1.47 1.49 32674 58342 0.56 0.97
20170317 8110 8160 8070 8070 67234 54542581 1.11 1.15 -0.49 43020 24214 1.78 0.72
20170316 8020 8150 8020 8110 99125 80225635 1.62 1.83 1.25 47987 51138 0.94 1.06
20170315 7990 8020 7970 8010 38693 30926903 0.62 0.58 -0.12 22457 16236 1.38 0.41
20170314 8090 8100 8010 8020 50090 40257797 1.11 0.59 -0.74 27709 22381 1.24 0.54
20170313 8030 8100 7950 8080 53648 43134384 1.86 0.62 0.37 31205 22443 1.39 0.57
20170310 8080 8120 8040 8050 49780 40177912 0.99 0.56 -0.37 30347 19433 1.56 0.53
20170309 8140 8190 8070 8080 78910 63929426 1.47 0.91 -1.34 53007 25903 2.05 0.84
20170308 8190 8260 8100 8190 103102 84140019 1.95 1.12 -0.36 59527 43575 1.37 1.10
20170307 8180 8320 8160 8220 140665 116074197 1.97 1.72 1.23 66076 74589 0.89 1.50
20170306 8070 8150 8070 8120 60092 48768229 0.99 0.66 0.62 33609 26483 1.27 0.64
20170303 8130 8130 8020 8070 65247 52661734 1.35 0.65 -0.74 41484 23763 1.75 0.70
20170302 8190 8240 8120 8130 65226 53142462 1.47 0.61 -0.61 46351 18875 2.46 0.70
20170301 8160 8400 8100 8180 128828 106104701 3.67 1.11 0.12 64737 64091 1.01 1.38
20170228 8060 8180 8040 8170 89676 72930638 1.74 0.75 1.62 32169 57507 0.56 0.96
20170227 8160 8170 8010 8040 106431 86106458 1.97 0.78 -0.86 63523 42909 1.48 1.14
20170224 8210 8210 8070 8110 110480 89704610 1.70 0.84 -1.46 64502 45978 1.40 1.18
20170223 8220 8240 8120 8230 100317 81961188 1.46 0.78 0.37 49065 51252 0.96 1.07
20170222 8080 8270 8080 8200 172937 141464307 2.35 1.52 1.36 75138 97798 0.77 1.85
20170221 8140 8170 8030 8090 110054 88957517 1.73 1.05 -0.12 62332 47721 1.31 1.18
20170220 7860 8130 7850 8100 184393 148092797 3.57 - 3.32 80261 104132 0.77 1.97
20170217 7890 7940 7840 7840 93565 73792751 1.26 1.12 -1.01 58809 34756 1.69 1.00
20170216 7840 7920 7810 7920 86237 67887087 1.40 1.00 1.02 39066 47171 0.83 0.92
20170215 7880 7960 7830 7840 94131 74191111 1.65 1.20 -0.51 53034 41097 1.29 1.01
20170214 7880 7890 7820 7880 65821 51704806 0.89 0.86 0.25 34422 31398 1.10 0.70
20170213 7830 7890 7830 7860 85488 67172207 0.77 1.20 0.38 37133 48355 0.77 0.91
20170210 7860 7890 7800 7830 84751 66375012 1.15 1.39 -0.25 47973 36778 1.30 0.91
20170209 7740 7850 7720 7850 100388 78432477 1.68 1.98 1.42 36615 63773 0.57 1.07
20170208 7710 7750 7650 7740 55136 42443337 1.30 1.13 0.26 30105 25031 1.20 0.59
20170207 7740 7740 7670 7720 58145 44752457 0.90 1.04 -0.39 42220 15924 2.65 0.62
20170206 7690 7760 7680 7750 57409 44333304 1.04 0.93 0.91 28408 29001 0.98 0.61
20170203 7750 7770 7660 7680 33380 25700616 1.43 0.41 -0.39 19959 13421 1.49 0.36
20170126 7690 7710 7660 7710 49716 38231139 0.65 0.41 0.26 26221 23495 1.12 0.53
20170125 7670 7710 7610 7690 45807 35183083 1.30 0.39 0.00 27816 17991 1.55 0.49
20170124 7860 7860 7660 7690 92319 71361620 2.55 0.85 -2.04 64305 28014 2.30 0.99
20170123 7920 7920 7820 7850 87272 68621327 1.26 0.82 -0.76 54195 33077 1.64 0.93
20170120 7780 7930 7780 7910 129049 101479532 1.89 1.44 -0.13 79335 49714 1.60 1.38
20170119 7810 8190 7810 7920 254746 202351650 5.03 5.58 4.90 112701 142045 0.79 2.72
20170118 7530 7570 7480 7550 23534 17739693 1.19 0.45 0.00 12206 11328 1.08 0.25
20170117 7560 7580 7420 7550 50306 37701332 2.11 0.92 -0.26 28277 22029 1.28 0.54
20170116 7740 7740 7220 7570 74068 55941340 6.72 1.23 -2.20 47601 26466 1.80 0.79
20170113 7780 7860 7720 7740 46838 36497935 1.79 0.71 -1.15 26711 20127 1.33 0.50
20170112 7870 7870 7780 7830 33606 26279728 1.15 0.45 -0.38 22003 11603 1.90 0.36
20170111 7900 7970 7820 7860 57344 45253797 1.89 0.76 -1.01 35609 21735 1.64 0.61
20170110 8070 8070 7930 7940 61208 48745291 1.75 0.83 -1.00 35337 25871 1.37 0.65
20170109 7870 8030 7840 8020 101865 81148649 2.41 1.71 1.65 45774 56091 0.82 1.09
20170106 7850 7940 7800 7890 76383 60094998 1.78 1.49 0.38 30986 45397 0.68 0.82
20170105 7820 7940 7800 7860 77862 61338406 1.79 1.76 0.51 33261 44601 0.75 0.83
20170104 7790 7820 7730 7820 57543 44797560 1.15 1.20 0.26 30136 27407 1.10 0.62
20170103 7730 7810 7710 7800 55317 43019152 1.30 0.93 1.04 15762 39556 0.40 0.59
20161230 7720 7760 7660 7720 31088 23957373 1.30 0.50 0.00 18308 12780 1.43 0.33
20161229 7720 7770 7660 7720 34082 26315878 1.42 0.46 0.00 15344 18738 0.82 0.36
20161228 7780 7800 7700 7720 42771 33073367 1.29 0.50 -0.77 25400 17371 1.46 0.46
20161227 7650 7880 7630 7780 77064 60042693 3.26 0.96 1.57 33637 43427 0.77 0.82
20161226 7720 7720 7520 7660 110830 84138173 2.57 1.67 -1.67 54340 56491 0.96 1.19
20161223 7870 7870 7750 7790 48213.54 37596308.000
20161222 7980 7990 7830 7870 93661.30 73921215.000
20161221 7740 7900 7740 7890 96223.13 75278377.000
20161220 7730 7760 7650 7720 52684.63 40588902.000
20161219 7760 7810 7730 7730 40769.00 31669656.000
20161216 7730 7830 7730 7800 45436.38 35421096.000
20161215 7720 7790 7700 7760 59323.29 45969388.000
20161214 7820 7830 7680 7740 62296.31 48280017.000
20161213 7910 7920 7720 7840 98819.64 77115106.000
20161212 8410 8410 7890 7910 145293.18 117877256.000
20161209 8470 8480 8400 8410 38709.52 32625658.000
20161208 8560 8560 8460 8470 47352.50 40286530.000
20161207 8460 8520 8400 8520 57077.72 48232513.000
20161206 8450 8490 8420 8450 27980.68 23649001.000
20161205 8420 8510 8380 8420 40212.08 33981546.000
20161202 8510 8510 8410 8420 56400.09 47690364.000
20161201 8510 8560 8490 8530 45737.30 38983918.000
20161130 8470 8540 8450 8510 64880.07 55197178.000
20161129 8510 8560 8450 8470 83935.64 71439965.000
20161128 8540 8580 8510 8570 67661.26 57881166.000
20161125 8550 8550 8400 8540 84144.16 71265542.000
20161124 8660 8670 8540 8550 107343.20 92041620.000
20161123 8680 8710 8630 8650 90597.93 78540962.000
20161122 8620 8700 8600 8670 98442.82 85311258.000
20161121 8640 8700 8600 8630 78582.62 67843537.000
20161118 8680 8690 8630 8670 86505.41 74962704.000
20161117 8660 8660 8600 8640 70265.10 60580401.000
20161116 8670 8680 8610 8660 98547.80 85209607.000
20161115 8630 8670 8610 8660 83964.75 72547318.000
20161114 8560 8640 8530 8620 86504.87 74473644.000
20161111 8530 8560 8460 8560 90334.87 76955061.000
20161110 8530 8580 8520 8520 94011.58 80307153.000
20161109 8630 8660 8360 8470 149477.64 127414107.000
20161108 8640 8680 8620 8660 81582.64 70549813.000
20161107 8700 8720 8610 8640 74296.00 64175322.000
20161104 8670 8770 8630 8690 80685.36 70152568.000
20161103 8660 8720 8610 8690 96779.91 83917057.000
20161102 8800 8800 8680 8690 90847.42 79197056.000
20161101 8700 8840 8700 8810 108277.91 94918009.000
20161031 8740 8750 8610 8700 76923.35 66623191.000
20161028 8790 8830 8720 8740 98327.00 86194626.000
20161027 8760 8790 8710 8770 135292.25 118281839.000
20161026 9120 9130 8680 8830 542391.03 476950741.000
20161025 9250 9260 9200 9250 65534.93 60476597.000
20161024 9230 9300 9150 9260 69702.89 64438288.000
20161021 9280 9280 9150 9230 75625.41 69632540.000
20161020 9320 9350 9210 9290 68955.08 63885106.000
20161019 9330 9400 9250 9280 95412.76 88874624.000
20161018 9170 9340 9100 9320 110894.35 102427216.000
20161017 9350 9490 9160 9230 128466.40 119564276.000
20161014 9530 9540 9340 9460 130636.91 123458037.000
20161013 9290 9680 9270 9630 270392.28 256405362.000
20161012 9300 9300 9210 9270 104534.75 96651453.000
20161011 9400 9450 9280 9360 131051.66 122039089.000
20161010 9260 9460 9240 9400 110822.79 103741692.000
20160930 9150 9240 9100 9210 60772.39 55698473.000
20160929 9170 9260 9140 9200 67068.59 61755307.000
20160928 9240 9280 9040 9170 103020.32 94342984.000
20160927 9660 9680 8980 9310 247704.46 228808736.000
20160926 9750 9910 9630 9660 118155.03 115313452.000
20160923 9920 10140 9700 9820 148597.14 147222651.000
20160922 10120 10270 9930 9960 177012.86 178674018.000
20160921 9970 10070 9820 10000 123952.32 123103693.000
20160920 9700 10150 9650 10020 253016.48 252734306.000
20160919 9540 9750 9520 9670 126790.51 122273551.000
20160914 9800 9830 9500 9540 222315.25 213966260.000
20160913 9890 10110 9800 9940 212306.59 210941478.000
20160912 9970 10060 9730 9840 224224.71 221570597.000
20160909 10300 10360 10100 10180 256618.03 262103651.000
20160908 10590 10680 10100 10350 599693.02 619887359.000
20160907 9540 10530 9510 10530 369498.41 380955982.000
20160906 9280 9670 9200 9570 239419.85 226558627.000
20160905 9300 9430 9210 9280 126364.11 118038869.000
20160902 9200 9400 9120 9290 130795.46 121675396.000
20160901 9260 9570 9180 9230 184303.38 172859133.000
20160831 9220 9250 9150 9220 78886.48 72520494.000
20160830 9450 9450 9170 9260 179246.57 166302236.000
20160829 9000 9550 8950 9350 291472.85 272463003.000
20160826 8960 9060 8880 8980 82493.58 74139637.000
20160825 9000 9000 8800 8960 97438.32 86579978.000
20160824 9060 9130 9020 9070 67504.10 61189428.000
20160823 9110 9160 8990 9040 78894.06 71567308.000
20160822 9330 9330 9090 9110 113256.56 103920438.000
20160819 9230 9470 9200 9310 136077.95 126538523.000
20160818 9230 9610 9200 9320 270813.18 254014888.000
20160817 8990 9420 8830 9300 259331.30 236756972.000
20160816 9010 9070 8890 8990 172398.86 154608977.000
20160815 8710 9070 8710 8940 273432.86 244356886.000
20160812 8610 8670 8530 8650 79264.00 68212093.000
20160811 8850 8930 8580 8610 160838.85 139921172.000
20160810 8880 8960 8730 8810 134170.86 118146840.000
20160809 8440 9220 8400 8910 335178.56 297489206.000
20160808 8400 8470 8230 8430 91404.20 76291374.000
20160805 8530 8540 8410 8460 96230.87 81550736.000
20160804 8570 8660 8470 8580 91533.90 78175765.000
20160803 8540 8600 8460 8600 90303.29 77188820.000
20160802 8600 8610 8450 8550 85865.29 73277979.000
20160801 8530 8600 8320 8600 111100.57 94210263.000
20160729 8530 8590 8440 8530 117376.60 99661703.000
20160728 8530 8690 8450 8620 142968.11 122604793.000
20160727 8970 9000 8300 8540 255206.26 220781576.000
20160726 8860 9040 8750 8950 216101.32 192082596.000
20160725 8950 9080 8720 8980 279183.06 246589328.000
20160722 8750 9160 8680 8910 563576.99 505734133.000
20160721 8250 8750 8250 8750 538358.00 465754846.000
20160720 7950 7990 7940 7950 40723.71 32424919.000
20160719 7960 8030 7910 7970 53863.79 42766546.000
20160718 7940 8050 7890 7980 75266.29 60024778.000
20160715 8020 8020 7930 7950 55760.63 44412005.000
20160714 8020 8020 7950 7980 62742.97 50059310.000
20160713 7970 8020 7920 7980 108581.99 86616784.000
20160712 7920 7960 7840 7950 83559.16 66018737.000
20160711 7990 8000 7890 7900 75874.58 60228421.000
20160708 7950 8000 7900 7940 52776.73 41964346.000
20160707 8040 8040 7880 7970 106354.17 84399652.000
20160706 8090 8090 7890 7990 134261.18 106900221.000
20160705 8160 8190 8000 8080 142105.31 114495223.000
20160704 7990 8180 7950 8160 211203.55 171011129.000
20160701 7780 8150 7720 8050 115805.14 90993561.000
20160630 7780 7930 7700 7780 126579.15 98925780.000
20160629 7850 7940 7730 7770 128528.05 100691098.000
20160628 7500 7860 7500 7820 188273.05 145919205.000
20160627 7340 7600 7320 7570 95355.14 71483954.000
20160624 7670 7670 7180 7410 141076.82 105079568.000
20160623 7600 7690 7600 7640 111704.26 85563806.000
20160622 7520 7640 7520 7600 90178.35 68412206.000
20160621 7600 7640 7500 7510 125303.65 94671990.000
20160620 7800 7810 7480 7560 173027.46 130541106.000
20160617 7830 7920 7730 7780 136143.81 106432629.000
20160616 8050 8090 7800 7880 171906.03 135556508.000
20160615 7900 8200 7800 8190 80859.32 65272556.000
20160614 16070 16390 15880 16180 53202.05 85493648.000
20160613 16370 16670 16100 16120 59415.45 97263734.000
20160608 16810 16810 16370 16500 70033.56 115685803.000
20160607 17100 17110 16710 16820 76510.82 128984392.000
20160606 16560 16970 16510 16890 108500.26 182365916.000
20160603 16530 16550 16330 16490 75363.25 123889857.000
20160602 16590 16610 16350 16530 79637.39 131092748.000
20160601 16400 16670 16280 16550 100474.91 165808721.000
20160531 15970 16490 15970 16430 117119.87 190097058.000
20160530 16100 16290 15880 15890 108539.89 174227279.000
20160527 16000 16840 15910 16420 157536.29 258706970.000
20160526 16980 16980 15560 16250 246299.35 395891647.000
20160525 17990 18180 16970 17070 198615.82 346085472.000
20160524 19630 19630 17920 18260 208612.17 382222021.000
20160523 19370 19930 19370 19910 49930.53 98695299.000
20160520 19030 19470 18900 19460 42931.66 82731603.000
20160519 19490 19870 19180 19240 56672.40 110520565.000
20160518 19810 19980 18740 19630 96914.36 187685819.000
20160517 20680 20920 20160 20230 89047.67 181964968.000
20160516 20000 20940 19840 20870 120449.16 247864190.000
20160513 19280 20330 19140 20150 92959.00 184920000
20160512 19780 20500 18880 19470 131134.00 259010000
20160511 19570 20090 19320 20000 138907.00 276000000
20160510 19020 19640 18730 19580 108077.00 209910000
20160509 18100 19680 17600 19160 113814.00 213120000
20160506 19080 19800 18570 18580 131999.00 255190000
20160505 18810 19080 18610 19010 56057.00 105880000
20160504 18980 18990 18660 18720 53694.00 101190000
20160503 18050 18950 17880 18820 76904.00 142850000
20160429 17880 18160 17670 17960 59553.00 106670000
20160428 18540 18700 17560 17890 82091.00 147570000
20160427 19110 19180 18500 18540 62617.00 117350000
20160426 18890 19110 18770 19080 72375.00 137260000
20160425 18220 19020 18100 18990 101718.00 191330000
20160422 18380 18700 18110 18360 56114.00 102800000
20160421 18550 19160 18200 18590 109974.00 205980000
20160420 18610 19420 17350 18870 194845.00 364430000
20160419 18000 18300 17800 18280 56345.00 101890000
20160418 18550 18600 17850 17920 55477.00 100250000
20160415 18680 18780 18520 18650 52466.00 97800000
20160414 18370 18790 18370 18740 63026.00 117390000
20160413 18440 18780 18290 18340 68894.00 127850000
20160412 19170 19170 18170 18360 109875.00 203330000
20160411 19050 19430 18970 19180 73005.00 140320000
20160408 18670 19250 18610 19050 75197.00 142300000
20160407 19000 19340 18730 18850 119428.00 226460000
20160406 18200 19490 18100 19250 197406.00 371940000
20160405 17800 18400 17390 18350 117292.00 211600000
20160401 17880 17900 17330 17650 54404.00 95530000
20160331 17900 18100 17760 17820 79934.00 143130000
20160330 17400 17930 17350 17880 104411.00 183960000
20160329 17260 17480 17150 17220 52264.00 90470000
20160328 17350 17500 17120 17320 58252.00 100990000
20160325 17600 17770 16960 17260 98444.00 170740000
20160324 17780 18070 17600 17730 102963.00 184100000
20160323 17730 17910 17580 17850 84825.00 150810000
20160322 18020 18080 17530 17850 149698.00 265790000
20160321 18100 18500 17870 18210 188142.00 341730000
20160318 17690 18170 17500 18090 211042.00 376770000
20160317 17460 18000 17320 17930 139411.00 247590000
20160316 18180 18190 17020 17690 150792.00 264450000
20160315 16900 18270 16700 17980 176483.00 310330000
20160314 16500 17450 16460 16960 118496.00 200720000
20160311 15900 16400 15710 16240 80618.00 130640000
20160310 16060 16300 15710 16050 77527.00 123580000
20160309 15680 16700 15520 16080 140912.00 227030000
20160308 15030 16450 15030 16270 252733.00 397580000
20160307 14800 15150 14480 14960 83111.00 123500000
20160304 15530 15530 14400 14660 102921.00 154010000
20160303 15300 16140 15240 15660 132557.00 206780000
20160302 14500 15310 14140 15290 136351.00 202280000
20160301 15200 15250 13800 14760 167904.00 242020000
20160229 16500 16500 15330 15330 126994.00 197490000
20160226 15510 17470 15250 17030 183975.00 298890000
20160225 16450 16450 15450 15880 221179.00 353390000
20160224 15280 15380 14800 15070 23539.00 35570000
20160223 15500 15550 15190 15340 21150.00 32400000
20160222 15150 15550 15150 15480 36615.00 56310000
20160219 15050 15150 14910 15020 19713.00 29590000
20160218 15160 15470 15030 15040 29584.00 45020000
20160217 14900 15160 14900 15120 22250.00 33400000
20160216 14910 15150 14800 15140 24386.00 36640000
20160215 14000 14850 13800 14630 21909.00 31640000
20160205 14800 14870 14500 14550 16905.00 24920000
20160204 14570 15200 14570 14780 24805.00 36870000
20160203 14470 14650 14330 14550 15723.00 22770000
20160202 13930 14670 13920 14590 23229.00 33580000
20160201 13670 14230 13630 13910 30314.00 42260000
20160129 13000 13860 12730 13680 40651.00 54520000
20160128 13500 13500 12600 12650 21966.00 28800000
20160127 13710 13950 13070 13420 37674.00 50840000
20160126 14760 14920 13630 13710 35609.00 51170000
20160125 14820 15040 14610 14900 26518.00 39320000
20160122 14630 14870 14350 14600 26570.00 38620000
20160121 14950 15260 14510 14540 33606.00 49950000
20160120 14750 15800 14690 15130 55479.00 84930000
20160119 14270 14960 14100 14870 43364.00 63760000
20160118 13890 14300 13690 14220 28280.00 39950000
20160115 14580 14590 13930 14070 32347.00 46270000
20160114 13800 14690 13510 14620 45712.00 65720000
20160113 14500 14600 13850 14000 44561.00 63810000
20160112 14000 14500 13500 14370 50966.00 71490000
20160111 14770 14770 13710 13800 65824.00 94490000
20160108 15470 15700 14000 14990 71609.00 107410000
20160107 16580 16580 15090 15090 15753.00 24690000
20160106 16710 16870 16030 16770 64954.00 107160000
20160105 16290 17440 15780 16620 72866.00 120120000
20160104 19120 19120 17150 17160 61097.00 109440000
20151231 18820 19380 18820 19050 91411.00 175150000
20151230 19430 19430 18840 18930 62801.00 119480000
20151229 18470 19290 18470 19190 89006.00 167860000
20151228 19020 19100 18440 18470 68715.00 129170000
20151225 18820 19070 18750 19020 63123.00 119190000
20151224 18680 19080 18470 19050 91572.00 171460000
20151223 19250 19250 18630 18680 118996.00 224590000
20151222 19110 19470 19110 19270 89206.00 171660000
20151221 19380 19800 18850 19400 157354.00 301970000
20151218 20420 21300 20200 20230 78101.00 160710000
20151217 39400 40570 38730 40490 83042.00 330710000
20151216 38810 39500 38350 39020 42756.00 166430000
20151215 39650 40500 38240 38620 50698.00 198880000
20151214 39200 39600 38500 39590 36690.00 143680000
20151211 39020 39370 38030 38900 22088.00 85210000
20151210 38890 39750 38890 39080 18028.00 70610000
20151209 39480 39900 38830 39050 26151.00 102620000
20151208 40510 40870 39400 39480 42921.00 171590000
20151207 39800 41670 39100 41130 48644.00 197300000
20151204 39110 39640 38810 39440 34599.00 135760000
20151203 38800 39680 38580 39630 41896.00 164160000
20151202 38290 39180 36610 38660 37251.00 142730000
20151201 37100 38820 36950 38290 40871.00 155990000
20151130 36550 37270 35010 37180 37843.00 138050000
20151127 38410 39100 35300 36570 55063.00 206070000
20151126 38360 39320 38130 38850 44580.00 173120000
20151125 38150 38380 37880 38120 43433.00 165450000
20151124 37300 38210 37150 38090 38322.00 144770000
20151123 38180 38470 37000 37440 59141.00 223950000
20151120 35070 37990 35070 37830 74898.00 276290000
20151119 34310 34900 34310 34850 19341.00 67030000
20151118 35020 35200 34200 34320 21857.00 76040000
20151117 35310 35480 34900 35110 40946.00 144050000
20151116 34900 35180 34400 35000 42951.00 149280000
20151113 35410 36080 35060 35320 25673.00 91350000
20151112 35200 36100 35200 35660 32935.00 117590000
20151111 35400 35600 34920 35300 34824.00 122510000
20151110 35480 35930 34720 35590 43645.00 154070000
20151109 35660 36170 34910 35940 44219.00 157290000
20151106 35610 36220 35480 35990 38416.00 137770000
20151105 35150 35780 34250 35630 51770.00 181620000
20151104 33700 35370 33660 35240 38564.00 133400000
20151103 34120 34210 33000 33550 25918.00 87190000
20151102 33000 34400 32880 34070 38204.00 129680000
20151030 33300 34220 33250 33550 22392.00 75490000
20151029 33750 34200 33300 33400 32377.00 108990000
20151028 33120 34740 32820 33800 59436.00 202960000
20151027 32900 33160 31710 33120 39181.00 127660000
20151026 33120 33900 32290 32980 50194.00 164840000
20151023 31900 32810 31640 32780 30544.00 98490000
20151022 30650 32000 30650 31640 21506.00 66880000
20151021 33120 33460 30500 30560 40620.00 131050000
20151020 33020 33130 32450 33060 40323.00 132040000
20151019 34780 34780 32730 33330 52265.00 174980000
20151016 33980 36600 33650 34560 56553.00 197630000
20151015 32830 33880 32220 33520 27871.00 93080000
20151014 33480 33480 32640 32830 25474.00 83920000
20151013 33640 33850 32880 33100 40582.00 135470000
20151012 32000 33300 31980 33190 28878.00 94780000
20151009 31850 32160 31680 31690 9838.00 31340000
20151008 32200 32650 31600 31900 15802.00 50850000
20150930 30710 32000 30710 31250 16509.00 52240000
20150929 29900 32000 29900 31020 19658.00 61460000
20150928 29990 30500 29330 30450 10152.00 30490000
20150925 29910 30000 28890 29670 21358.00 63040000
20150924 29310 30480 29310 29870 18051.00 54230000
20150923 28450 30500 28000 29540 31374.00 93740000
20150922 29720 29750 28540 29090 39312.00 114150000
20150917 28100 28500 27080 27400 21392.00 59520000
20150916 25600 28610 25600 28200 25742.00 70120000
20150915 24100 26700 24100 26010 33466.00 84880000
20150914 29310 29310 25450 25520 29285.00 79040000
20150911 27710 28300 27650 27990 24817.00 69640000
20150910 27600 28200 27400 27650 17004.00 47400000
20150909 28200 28900 27400 28090 29602.00 83240000
20150908 24700 27580 24500 27400 35300.00 91930000
20150907 24990 25780 24410 25090 27753.00 69840000
20150902 24000 26390 22880 23630 32268.00 79090000
20150901 27900 27900 25260 25310 35085.00 91400000
20150831 29400 29400 27780 28070 30545.00 87280000
20150828 28800 29950 27880 29590 47544.00 136670000
20150827 26200 27650 26200 27500 54014.00 146160000
20150826 27100 27970 25010 25890 74479.00 197130000
20150825 25820 28800 25810 25810 70713.00 188650000
20150824 30100 30750 28680 28680 35649.00 102970000
20150821 32030 32950 31000 31870 43170.00 136500000
20150820 33240 34880 32920 33140 46044.00 156010000
20150819 31300 34210 31300 33240 63130.00 208800000
20150818 34700 35610 32700 32770 105745.00 363820000
20150817 32300 35000 31850 34470 85942.00 288270000
20150814 31800 33350 31700 31830 64201.00 208500000
20150813 30300 31820 30270 31520 55462.00 173670000
20150812 31900 32560 31000 31030 74324.00 234260000
20150811 31900 32580 30600 32570 162231.00 509090000
20150810 29620 29620 29620 29620 3208.00 9500000
20150807 26930 26930 26930 26930 5442.00 14650000
20150706 29920 29920 24480 24480 82766.00 219890000
20150703 28310 31500 27100 27200 69418.00 197290000
20150702 34000 34510 29880 30110 63435.00 199200000
20150701 34500 37130 32900 33200 67943.00 242000000
20150630 32050 35260 28850 35260 87412.00 280910000
20150629 37000 37340 32200 32280 72012.00 246160000
20150626 39000 39000 35780 35780 84380.00 309620000
20150625 41830 43000 38790 39760 110060.00 457440000
20150624 39100 40780 38220 39790 66593.00 263560000
20150623 35100 39120 33060 38840 74454.00 269370000
20150619 34800 37030 34800 35670 39343.00 141700000
20150618 36900 38140 36500 36530 40778.00 152260000
20150617 35090 37200 34800 36930 40308.00 144350000
20150616 38200 38200 35080 35430 75796.00 273480000
20150615 40630 40630 38160 38570 57066.00 223620000
20150612 40090 41780 39560 40730 53568.00 217340000
20150611 40000 40160 39120 39630 51660.00 203920000
20150610 39360 40980 38560 40090 50956.00 204460000
20150609 43500 43560 39990 40080 59907.00 246330000
20150608 42000 44100 40500 42340 91847.00 387620000
20150605 38660 42120 37130 42090 102787.00 405920000
20150604 38890 38890 35030 38290 84434.00 310540000
20150603 38730 39350 37000 38920 96842.00 371730000
20150602 36000 39380 35990 39380 137221.00 533140000
20150601 32700 35950 32700 35800 64524.00 222450000
20150529 33200 33800 29940 32760 55187.00 178290000
20150528 36150 37300 33250 33250 68175.00 242560000
20150527 38500 38500 36300 36940 76567.00 283860000
20150526 37200 38280 36080 37800 80614.00 301240000
20150525 35600 37400 35150 37190 97450.00 354850000
20150522 36370 38000 34880 36180 96154.00 346340000
20150521 34800 36650 34800 36200 121189.00 432400000
20150520 30650 33430 30290 33430 88071.00 283800000
20150519 29840 30560 29600 30390 51092.00 154290000
20150518 29880 29970 29200 29840 59570.00 176280000
20150515 32400 32400 30300 30370 80257.00 247390000
20150514 31600 32700 31310 32490 52573.00 168820000
20150513 30700 31870 30020 31550 50982.00 159350000
20150512 30850 31440 30410 30950 56333.00 174450000
20150511 29530 31220 28650 30860 76341.00 227490000
20150508 29110 29590 27930 29240 72910.00 208790000
20150507 30190 30300 27520 28260 52696.00 151660000
20150506 31930 31970 29720 30270 30887.00 96070000
20150505 33500 33610 30600 31260 35351.00 113960000
20150504 35160 35500 33050 33410 36428.00 122450000
20150430 36000 36620 34700 34740 32988.00 116380000
20150429 35000 38200 35000 36740 42569.00 154870000
20150428 36890 39280 34110 38290 44621.00 161250000
20150427 32880 36270 32000 36270 65732.00 229000000
20150424 32400 33100 31000 32970 33580.00 106420000
20150423 32460 33380 31440 32970 42770.00 139150000
20150422 31580 32680 31580 32440 44978.00 145210000
20150421 30900 31980 30000 31450 46194.00 144050000
20150420 31280 31280 29900 30970 61172.00 187650000
20150417 30900 32390 30870 31620 72243.00 228830000
20150416 31350 34000 28460 30510 57012.00 176640000
20150415 30570 32170 29510 31620 45232.00 140640000
20150414 31970 32680 30500 31040 39716.00 126660000
20150413 29780 31450 29680 31300 63953.00 196120000
20150410 29660 30190 29200 29840 36830.00 109400000
20150409 28260 30130 27960 29580 55833.00 162710000
20150408 28700 29270 27900 28330 43332.00 123570000
20150407 27430 29100 27430 29030 59477.00 168180000
20150403 26280 27510 25910 27470 37322.00 100200000
20150402 26050 26760 26050 26460 34298.00 90640000
20150401 25770 26150 25770 26020 22229.00 57810000
20150331 26040 26240 25610 25830 20680.00 53410000
20150330 25850 26340 25770 25990 21129.00 54820000
20150327 25580 25970 25510 25770 16832.00 43320000
20150326 26290 26290 25500 25590 34310.00 88440000
20150325 27120 27120 26310 26420 41089.00 109240000
20150324 24660 27130 23690 27130 75754.00 192470000
20150323 24480 24850 24100 24660 29425.00 72080000
20150320 24500 24800 24220 24380 27085.00 66290000
20150319 24620 24940 24010 24540 32061.00 78370000
20150318 23090 24970 22990 24810 50833.00 122860000
20150317 22840 23320 22560 23190 35013.00 80380000
20150316 22680 22880 22480 22850 25422.00 57740000
20150313 22950 23000 22010 22740 25016.00 56400000
20150312 22850 23200 22700 22940 22244.00 51040000
20150311 22600 22990 22450 22840 18730.00 42490000
20150310 22400 22880 22200 22750 23431.00 53220000
20150309 21680 22660 21630 22540 25065.00 55990000
20150306 22420 22680 21850 21900 26681.00 59040000
20150305 22590 23180 22310 22410 25461.00 57920000
20150304 22400 22680 22030 22430 34082.00 75890000
20150303 22710 23340 22400 22770 45178.00 103850000
20150302 22630 23500 22620 22820 58876.00 135730000
20150227 21750 22500 21210 22420 52039.00 114040000
20150226 22000 22700 21100 21850 59836.00 132530000
20150225 20320 22190 20290 21830 54915.00 118630000
20150217 20570 20660 20150 20320 22363.00 45430000
20150216 20470 20700 20470 20560 14820.00 30530000
20150213 20200 20580 20160 20410 19313.00 39450000
20150212 19650 20330 19620 20130 12642.00 25350000
20150211 19490 19720 19470 19650 10573.00 20730000
20150210 19730 19840 19460 19480 10126.00 19920000
20150209 19710 19850 19620 19730 7437.00 14670000
20150206 20000 20440 19710 19740 15808.00 31620000
20150205 20400 20560 19900 20000 16106.00 32330000
20150204 20250 20580 20140 20270 18105.00 36920000
20150203 19840 20350 19800 20220 18556.00 37260000
20150202 19700 20000 19600 19830 14058.00 27920000
20150130 20360 20850 20120 20140 24227.00 49680000
20150129 20030 20540 19830 20360 19606.00 39500000
20150128 20260 20660 20150 20180 24036.00 49070000
20150127 20350 20560 20080 20440 36009.00 73330000
20150126 19980 20290 19810 20230 21974.00 44190000
20150123 19720 20500 19710 20040 44644.00 90150000
20150122 19730 19810 19380 19720 26483.00 51730000
20150121 19250 19680 19250 19600 22789.00 44490000
20150120 18830 19240 18830 19190 18332.00 34970000
20150119 19020 19370 18610 18800 30762.00 58490000
20150116 19410 19630 19120 19470 19174.00 37070000
20150115 19110 19680 19100 19420 20276.00 39500000
20150114 19060 19380 19010 19160 17280.00 33160000
20150113 19120 19270 18890 19200 16095.00 30770000
20150112 18930 19150 18680 19120 26564.00 50120000
20150109 18910 19170 18830 18850 13562.00 25780000
20150108 19250 19440 18900 19030 19016.00 36330000
20150107 19510 19720 19100 19240 25525.00 49550000
20150106 19050 19950 18760 19910 43000.00 83110000
20150105 19060 19460 18550 19200 35744.00 67980000
20141231 18800 19160 18550 19140 41123.00 77000000
20141230 20700 20700 18800 18960 51300.00 100420000
20141222 20350 20350 19110 19910 47576.00 94370000
20141219 19950 20400 19480 20390 43901.00 87320000
20141218 19870 20950 19800 19980 43485.00 88630000
20141217 20580 20580 19660 19970 45294.00 90880000
20141216 20460 20990 20430 20780 48339.00 100380000
20141215 20830 20890 20300 20650 41838.00 85970000
20141212 21130 21130 20380 20720 57293.00 118400000
20141211 20730 21940 20730 21200 137064.00 292190000
20141210 18400 20380 18350 20350 93032.00 183680000
20141209 19530 19700 18500 18570 60364.00 115970000
20141208 19490 19920 19200 19860 52010.00 102390000
20141205 20600 20600 19480 19640 82802.00 164550000
20141204 20360 20750 20120 20560 87068.00 177200000
20141203 21000 21530 20100 20490 160350.00 332940000
20141202 18200 19670 18200 19670 41038.00 79260000
20141201 18320 18330 17750 17880 27189.00 48680000
20141128 18580 18690 18180 18310 27110.00 49740000
20141127 18060 18810 18060 18500 51131.00 94580000
20141126 18180 18180 17800 18020 24277.00 43720000
20141125 17680 18120 17590 18020 35104.00 62850000
20141124 17890 17950 17570 17680 29709.00 52580000
20141121 17490 17720 17400 17710 27001.00 47410000
20141120 17310 17580 17280 17440 11228.00 19560000
20141119 17300 17590 17200 17440 19117.00 33310000
20141118 17150 17280 17030 17240 14734.00 25280000
20141117 16880 17330 16780 17090 17599.00 29940000
20141114 16960 17050 16770 16880 13332.00 22490000
20141113 17250 17260 16850 16970 11781.00 20030000
20141112 16800 17340 16800 17260 13522.00 23130000
20141111 17800 17860 16900 16930 27915.00 48210000
20141110 17760 17830 17600 17800 13146.00 23300000
20141107 17430 18080 17430 17720 24144.00 43070000
20141106 17420 17570 17320 17510 11451.00 19990000
20141105 17700 17720 17400 17420 13109.00 22950000
20141104 17680 17820 17550 17730 15689.00 27780000
20141103 17530 17810 17410 17730 21964.00 38720000
20141031 17200 17610 17200 17470 23328.00 40590000
20141030 17240 17340 17150 17180 16429.00 28280000
20141029 17040 17360 17040 17250 17865.00 30780000
20141028 16790 17120 16700 17020 19223.00 32630000
20141027 16680 16960 16500 16750 22404.00 37490000
20141024 17310 17590 16630 16640 44871.00 76300000
20141023 17450 17600 17090 17390 23015.00 39760000
20141022 17600 17650 17390 17520 17587.00 30800000
20141021 17800 17910 17620 17640 13685.00 24350000
20141020 17440 17900 17300 17840 14456.00 25610000
20141017 17710 17810 17150 17440 20635.00 36100000
20141016 17970 18180 17660 17710 24059.00 42970000
20141015 17900 18130 17820 18000 13559.00 24410000
20141014 17860 18100 17750 18020 15159.00 27220000
20141013 18060 18160 17580 17920 24179.00 42990000
20141010 18080 18490 17990 18100 21354.00 38920000
20141009 18250 18690 17960 18230 31944.00 58670000
20141008 18250 18340 17830 18200 23780.00 43120000
20140930 18130 18300 17990 18170 32583.00 59140000
20140929 17300 18230 17300 18140 55216.00 98370000
20140926 17300 17400 17050 17160 27212.00 46720000
20140925 17590 17760 17200 17400 28815.00 50460000
20140924 17610 17760 17470 17620 30033.00 52950000
20140923 17250 17800 17250 17600 31012.00 54630000
20140922 17400 17400 17060 17250 20645.00 35590000
20140919 17270 17530 17200 17370 32221.00 56010000
20140918 17200 17700 16990 17350 33418.00 57850000
20140917 16870 17500 16800 17240 47768.00 82160000
20140916 17350 17570 16830 16860 47131.00 81030000
20140915 16700 17850 16680 17460 58387.00 100570000
20140912 16500 16730 16430 16690 34356.00 57000000
20140911 16660 16950 16410 16490 40106.00 66860000
20140910 16760 16890 16520 16720 38494.00 64270000
20140909 16600 16960 16460 16760 53517.00 89600000
20140905 16200 16780 16020 16590 73085.00 120490000
20140904 16100 16310 15900 16240 42132.00 68240000
20140903 15930 16200 15860 16040 34199.00 54770000
20140902 15750 15980 15750 15930 25354.00 40220000
20140901 15590 15770 15570 15740 17362.00 27210000
20140829 15600 15600 15440 15560 11987.00 18590000
20140828 15490 15600 15390 15560 19130.00 29650000
20140827 15560 15670 15330 15440 24630.00 38200000
20140826 16200 16290 15520 15570 43412.00 68840000
20140825 16510 16550 16110 16190 37902.00 61720000
20140822 15910 16500 15880 16490 65756.00 107130000
20140821 16010 16080 15780 15900 20958.00 33340000
20140820 16160 16200 15970 15990 29805.00 48030000
20140819 16040 16170 15970 16170 44011.00 70740000
20140818 15890 16020 15830 15990 26072.00 41500000
20140815 15730 15940 15730 15890 17139.00 27160000
20140814 15770 15850 15710 15770 20985.00 33090000
20140813 15940 16110 15750 15780 26717.00 42460000
20140812 15910 16020 15860 15980 22204.00 35420000
20140811 15830 15940 15750 15920 20892.00 33130000
20140808 15720 15880 15670 15830 18911.00 29880000
20140807 15890 15920 15690 15710 19910.00 31430000
20140806 15800 16000 15700 15940 27536.00 43770000
20140805 15890 15890 15660 15820 31188.00 49070000
20140804 15670 16050 15660 15920 46730.00 73690000
20140801 15960 16000 15700 15720 55602.00 88250000
20140731 16050 16150 15880 16000 54237.00 86690000
20140730 16500 16500 15970 16160 81069.00 130810000
20140729 16320 16440 16090 16210 84716.00 137890000
20140728 16080 16400 16030 16250 81191.00 131670000
20140725 15750 16060 15670 15990 48144.00 76470000
20140724 15620 15800 15490 15730 21545.00 33640000
20140723 15830 15890 15540 15650 29323.00 45880000
20140722 15880 16160 15800 15900 35041.00 55910000
20140721 15960 16260 15710 15950 44140.00 70780000
20140718 16150 16400 15800 15970 67919.00 109400000
20140717 15890 16380 15810 16250 113709.00 183560000
20140716 16100 16220 15870 15890 29196.00 46810000
20140715 15900 16150 15820 16100 49651.00 79570000
20140714 16000 16150 15770 16000 36234.00 57890000
20140711 15630 16000 15580 15960 38720.00 61610000
20140710 15600 15770 15490 15700 27789.00 43280000
20140709 15800 15950 15650 15650 34882.00 55150000
20140708 15900 16140 15780 15910 39768.00 63410000
20140707 15730 16300 15700 15980 64049.00 102370000
20140704 15570 15770 15480 15750 30517.00 47760000
20140703 15450 15650 15380 15600 36346.00 56620000
20140702 15400 15570 15370 15480 24869.00 38500000
20140701 15550 15600 15160 15440 49984.00 76760000
20140630 15430 15590 15340 15520 17088.00 26440000
20140627 15440 15580 15350 15490 28421.00 43970000
20140626 15140 15520 15100 15480 48957.00 75300000
20140625 15150 15190 15030 15110 19889.00 30000000
20140624 14970 15200 14910 15150 23765.00 35730000
20140623 15200 15370 14950 15000 17894.00 27070000
20140620 15110 15300 15020 15180 7190.00 10890000
20140619 15410 15550 14800 15210 30556.00 46210000
20140618 15640 15700 15420 15470 19932.00 30940000
20140617 15800 15840 15480 15690 23599.00 36900000
20140616 16050 16200 15870 15950 62574.00 100510000
20140613 15840 16000 15680 15970 44286.00 70430000
20140612 16180 16200 15830 15850 33060.00 52750000
20140611 15800 16360 15770 16260 138150.00 223150000
20140610 15410 15800 15380 15780 49918.00 78100000
20140609 15590 15650 15330 15410 20342.00 31440000
20140606 15730 15900 15580 15650 31208.00 49170000
20140605 15510 15800 15410 15740 34159.00 53390000
20140604 15640 15800 15410 15560 33739.00 52670000
20140603 15440 15730 15330 15680 62182.00 96810000
20140530 15560 15650 15320 15440 14299.00 22130000
20140529 15470 15670 15440 15540 50683.00 78830000
20140528 15380 15500 15240 15470 32187.00 49510000
20140527 15320 15470 15270 15390 23210.00 35720000
20140526 15070 15400 15010 15370 23779.00 36310000
20140523 15060 15180 14950 15130 11994.00 18020000
20140522 15270 15500 15090 15110 24511.00 37540000
20140521 15320 15500 15150 15310 39614.00 60960000
20140520 15150 15350 15070 15350 42477.00 64830000
20140519 14880 15150 14830 15070 26159.00 39260000
20140516 14970 15030 14770 14890 12763.00 18990000
20140515 15190 15230 14920 14970 17940.00 26930000
20140514 15210 15300 15080 15240 13364.00 20310000
20140513 15400 15540 15160 15190 20434.00 31310000
20140512 15450 15530 15180 15450 32518.00 50070000
20140509 15210 15400 14870 15400 33315.00 50650000
20140508 15030 15470 14990 15240 56373.00 86320000
20140507 14970 15140 14780 15080 18014.00 26840000
20140506 15200 15400 14910 14970 27512.00 41700000
20140505 15100 15280 15000 15200 44478.00 67450000
20140430 14800 15250 14720 15170 57652.00 87100000
20140429 14290 15500 14290 14890 24180.00 36050000
20140428 14710 14710 14210 14340 16276.00 23410000
20140425 15060 15060 14690 14740 23283.00 34620000
20140424 15010 15200 14860 15090 61641.00 92920000
20140423 14810 15100 14750 15060 82745.00 123960000
20140422 14550 14870 14440 14850 50547.00 74190000
20140421 14790 14790 14520 14640 29236.00 42770000
20140418 14470 14930 14350 14870 55087.00 81230000
20140417 14280 14550 14280 14520 23464.00 33850000
20140416 14060 14310 14050 14310 18622.00 26500000
20140415 14200 14200 14060 14100 25815.00 36440000
20140414 14100 14280 14100 14250 32268.00 45820000
20140411 14160 14160 14000 14050 29951.00 42050000
20140410 14300 14300 14130 14200 15819.00 22470000
20140409 14140 14270 14090 14220 15522.00 22010000
20140408 13980 14200 13880 14140 17910.00 25210000
20140404 13950 14040 13840 14030 9287.00 12930000
20140403 14030 14140 13980 14060 7559.00 10620000
20140402 14090 14130 13930 14000 6828.00 9540000
20140401 13800 14100 13800 14090 8824.00 12300000
20140331 14100 14170 13750 13790 10325.00 14330000
20140328 14370 14560 14000 14010 14857.00 21170000
20140327 14750 14750 14330 14340 12483.00 18140000
20140326 14790 14870 14670 14710 8529.00 12560000
20140325 14760 14900 14750 14790 10097.00 14960000
20140324 14630 14800 14580 14780 9694.00 14270000
20140321 14410 14750 14200 14640 17868.00 25880000
20140320 14900 15000 14450 14460 16789.00 24780000
20140319 14960 14980 14810 14900 12295.00 18310000
20140318 15020 15090 14930 15060 16473.00 24740000
20140317 14680 15010 14680 14990 15938.00 23690000
20140314 14870 14920 14600 14680 14437.00 21280000
20140313 14800 15050 14780 14920 18478.00 27590000
20140312 15000 15110 14560 14760 23371.00 34650000
20140311 15250 15250 14800 14990 44791.00 67340000
20140310 16000 16750 15590 15600 123034.00 199160000
20140307 15600 16090 15590 16000 65910.00 104670000
20140306 15150 15550 14980 15510 25130.00 38450000
20140305 15310 15550 15260 15280 21303.00 32820000
20140304 15380 15380 15070 15320 13853.00 21070000
20140303 14880 15440 14780 15390 20324.00 30810000
20140228 14630 14800 14410 14780 13804.00 20210000
20140227 14820 15120 14600 14630 12867.00 19160000
20140226 14720 14980 14320 14910 15676.00 22940000
20140225 15380 15650 14480 14720 27190.00 41130000
20140224 15250 15270 14900 15260 16328.00 24640000
20140221 15470 15630 15150 15210 19283.00 29440000
20140220 15660 15950 15420 15470 30016.00 47020000
20140219 15400 16600 15350 15820 62381.00 99940000
20140218 15170 15280 14900 15220 19714.00 29800000
20140217 15080 15340 15040 15180 18982.00 28790000
20140214 14890 15160 14880 15040 21947.00 32990000
20140213 15200 15200 14800 14820 20564.00 30830000
20140212 15100 15480 15100 15220 36023.00 55160000
20140211 14670 15400 14530 14940 31246.00 47010000
20140210 14330 14750 14300 14640 21366.00 31180000
20140207 13910 14380 13840 14360 12114.00 17180000
20140130 14150 14150 13880 13940 7028.00 9830000
20140129 14090 14320 14050 14220 8798.00 12510000
20140128 14050 14170 13910 14090 6162.00 8630000
20140127 14110 14230 14010 14050 9582.00 13510000
20140124 14000 14250 13910 14210 11957.00 16920000
20140123 14050 14150 13900 14010 12147.00 17020000
20140122 13730 14050 13730 14030 13873.00 19360000
20140121 13530 13860 13500 13820 8488.00 11660000
20140120 13470 13730 13450 13530 5668.00 7700000
20140117 13660 13700 13410 13470 6465.00 8730000
20140116 13780 13910 13730 13750 5562.00 7680000
20140115 13860 13960 13680 13780 7208.00 9940000
20140114 13470 13870 13430 13780 9428.00 12890000
20140113 13560 13690 13340 13470 7089.00 9560000
20140110 14120 14200 13480 13540 17889.00 24610000
20140109 14200 14420 14160 14200 9343.00 13340000
20140108 14360 14580 14200 14230 12900.00 18540000
20140107 14660 14780 14330 14400 14219.00 20550000
20140106 15070 15090 14600 14670 18874.00 27950000
20140103 14590 15030 14420 14980 29981.00 44600000
20140102 14330 14600 14330 14590 8917.00 12910000
20131231 14490 14510 14280 14360 10050.00 14450000
20131230 14510 14670 14480 14510 9055.00 13170000
20131227 14210 14560 14210 14440 8935.00 12880000
20131226 14630 14630 14180 14200 10295.00 14770000
20131225 14300 14650 14300 14630 12493.00 18130000
20131224 14200 14400 14110 14280 7986.00 11390000
20131223 14380 14390 14100 14130 10681.00 15200000
20131220 14620 14690 14230 14290 10754.00 15490000
20131219 14700 14890 14590 14620 6209.00 9170000
20131218 14620 14780 14620 14690 6603.00 9700000
20131217 14710 14830 14630 14670 8965.00 13170000
20131216 15100 15100 14750 14770 11431.00 17000000
20131213 14870 15160 14860 15100 8140.00 12240000
20131212 15020 15140 14900 14950 8866.00 13330000
20131211 15370 15370 14880 15030 15325.00 23110000
20131210 15500 15500 15260 15440 13732.00 21140000
20131209 15150 15450 15150 15400 14542.00 22300000
20131206 15100 15300 15020 15120 11673.00 17660000
20131205 15040 15420 15040 15150 16465.00 25120000
20131204 15010 15360 14930 15150 24135.00 36660000
20131203 14620 15170 14610 15050 22718.00 33800000
20131202 15600 15950 14650 14710 48873.00 74390000
20131129 15760 16140 15760 16040 32302.00 51660000
20131128 15800 16020 15680 15770 25260.00 40060000
20131127 15850 15850 15450 15780 23514.00 36800000
20131126 15590 15830 15590 15780 16347.00 25710000
20131125 15650 15850 15420 15580 15966.00 24980000
20131122 15700 15940 15510 15600 21003.00 33000000
20131121 16030 16030 15600 15730 26828.00 42310000
20131120 15850 16080 15730 16060 35129.00 55890000
20131119 16020 16490 15770 15950 44822.00 72120000
20131118 16180 16320 15940 16200 51382.00 82810000
20131115 15220 16680 15020 16060 83289.00 132450000
20131114 15160 15270 14620 15160 35993.00 53660000
20131113 15670 15680 15150 15190 34714.00 53500000
20131112 15550 15960 15300 15860 44808.00 70130000
20131111 14880 15950 14880 15680 51658.00 79900000
20131108 15210 15430 14690 14790 30303.00 45590000
20131107 14800 15370 14620 15310 38385.00 58190000
20131106 15090 15460 14720 14800 36714.00 55660000
20131105 14600 15210 14430 15190 32392.00 48210000
20131104 14420 14910 14420 14780 25695.00 37850000
20131101 14600 14610 14200 14480 25064.00 36070000
20131031 15160 15160 14630 14650 32028.00 47420000
20131030 14970 15220 14760 15160 31880.00 48040000
20131029 15550 15760 14500 14940 54581.00 82140000
20131028 15350 15800 14880 15780 50485.00 77790000
20131025 15160 15690 15000 15280 46306.00 71140000
20131024 15830 15830 15220 15270 55152.00 85460000
20131023 15700 16160 15100 16100 86582.00 135360000
20131022 15860 16790 15500 15940 160990.00 258920000
20131021 14080 15410 14000 15410 100196.00 150310000
20131018 14010 14230 13850 14010 37052.00 51910000
20131017 13620 14580 13620 14140 89512.00 127630000
20131016 13720 13740 13390 13480 16452.00 22260000
20131015 13750 13860 13560 13800 22025.00 30230000
20131014 13680 13850 13630 13740 28192.00 38750000
20131011 13430 13740 13430 13710 27234.00 37170000
20131010 13570 13580 13370 13410 12212.00 16430000
20131009 13330 13620 13330 13560 17498.00 23690000
20131008 13220 13500 13180 13440 10227.00 13720000
20130930 13100 13320 13100 13290 8691.00 11510000
20130927 13160 13260 13010 13090 10625.00 13950000
20130926 13460 13510 13160 13180 13958.00 18580000
20130925 13460 13510 13400 13460 13178.00 17730000
20130924 13450 13500 13240 13450 16335.00 21840000
20130923 13310 13490 13290 13460 12814.00 17170000
20130918 13450 13510 13180 13300 18070.00 24080000
20130917 13550 13760 13400 13500 16371.00 22280000
20130916 13720 13750 13500 13510 14875.00 20180000
20130913 13610 13860 13610 13690 20457.00 28090000
20130912 13540 13750 13540 13680 17773.00 24300000
20130911 13750 13780 13520 13630 26714.00 36340000
20130910 13680 13850 13520 13750 24409.00 33500000
20130909 13670 13770 13520 13690 24979.00 34090000
20130906 13420 13860 13420 13670 28391.00 38760000
20130905 13510 13620 13390 13490 15530.00 20920000
20130904 13600 13600 13410 13560 27410.00 36970000
20130903 13160 13660 13160 13620 60159.00 81220000
20130902 13030 13140 12810 13080 10343.00 13400000
20130830 13150 13210 13010 13040 15931.00 20840000
20130829 13240 13400 13160 13170 13366.00 17740000
20130828 13130 13270 13060 13240 16542.00 21800000
20130827 13140 13210 13080 13180 10510.00 13820000
20130826 12870 13160 12870 13140 11105.00 14460000
20130823 13100 13180 12790 12870 13199.00 17100000
20130822 13100 13210 13070 13090 8012.00 10520000
20130821 13090 13240 13050 13160 8278.00 10890000
20130820 13150 13210 13010 13090 10321.00 13530000
20130819 12950 13200 12880 13190 10045.00 13130000
20130816 13150 13380 13020 13040 14324.00 18880000
20130815 13400 13570 13170 13200 20895.00 27850000
20130814 13800 13800 13420 13480 19676.00 26730000
20130813 13670 13830 13590 13750 18708.00 25680000
20130812 13500 13750 13500 13670 23734.00 32330000
20130809 13580 13580 13180 13390 21331.00 28600000
20130808 13600 13690 13400 13550 20519.00 27740000
20130807 13700 13900 13350 13680 28826.00 39380000
20130806 13560 13700 13530 13650 20442.00 27830000
20130805 13300 13650 13300 13640 22910.00 31000000
20130802 13500 13560 13320 13360 19026.00 25580000
20130801 13180 13540 13140 13490 31726.00 42520000
20130731 13070 13300 13010 13080 17480.00 22980000
20130730 13030 13100 12600 13070 13630.00 17660000
20130729 13120 13200 12880 13060 13424.00 17480000
20130726 13180 13390 13000 13220 14821.00 19570000
20130725 13580 13640 13150 13190 25737.00 34460000
20130724 13070 13740 12880 13650 37453.00 49950000
20130723 12860 13160 12850 13100 18412.00 24030000
20130722 12400 12840 12350 12820 11043.00 14000000
20130719 13060 13120 12530 12590 16346.00 21040000
20130718 13000 13190 12950 13080 15010.00 19630000
20130717 13240 13340 13020 13050 19031.00 25060000
20130716 13230 13480 13210 13350 29542.00 39360000
20130715 12670 13020 12670 12970 15205.00 19630000
20130712 12850 13060 12660 12670 19681.00 25310000
20130711 12500 13030 12500 12870 26894.00 34520000
20130710 12280 12610 12260 12600 18639.00 23180000
20130709 12370 12480 12190 12270 14906.00 18350000
20130708 13330 13330 12260 12290 44993.00 57190000
20130705 13900 14090 13600 13620 34199.00 47470000
20130704 13780 14040 13500 13850 38230.00 52890000
20130703 13940 14110 13400 13880 45459.00 62710000
20130702 13950 14160 13710 14150 62167.00 86790000
20130701 13800 13990 13650 13920 65357.00 90380000
20130628 13590 13930 13530 13710 61765.00 84950000
20130627 13250 14200 13250 13640 50352.00 69260000
20130626 12800 13400 12610 13330 38884.00 50990000
20130625 12950 13150 12180 12880 18781.00 23730000
20130624 13620 13660 12730 13010 21426.00 28300000
20130621 13400 14000 13080 13740 22234.00 29870000
20130620 13970 14230 13700 13780 46611.00 65070000
20130619 13940 14050 13710 13960 15244.00 21160000
20130618 13760 14360 13480 14120 27261.00 38210000
20130617 13550 13800 13440 13760 13972.00 19090000
20130614 13500 13640 13230 13560 13987.00 18840000
20130613 13250 13600 13110 13360 14656.00 19520000
20130607 13700 14000 13420 13540 24065.00 32770000
20130606 14180 14200 13640 13820 40257.00 55910000
20130605 14200 14670 14060 14310 43381.00 62330000
20130604 14100 14950 14100 14410 76002.00 110320000
20130603 13830 14050 13760 13850 13904.00 19310000
20130531 13900 14060 13760 13760 14592.00 20320000
20130530 14100 14100 13830 13900 14276.00 19870000
20130529 14120 14300 14010 14070 14339.00 20230000
20130528 13960 14200 13730 14160 30293.00 42420000
20130527 14050 14500 13920 14020 37502.00 52990000
20130524 13740 14240 13680 14180 30857.00 43030000
20130523 13610 13850 13600 13740 14496.00 19890000
20130522 13940 13940 13650 13700 21712.00 29940000
20130521 13710 14100 13630 13980 32614.00 45420000
20130520 13580 13790 13500 13730 23181.00 31770000
20130517 13200 13520 13120 13500 18881.00 25270000
20130516 13200 13330 13110 13220 17324.00 22930000
20130515 13150 13250 13100 13210 10903.00 14350000
20130514 13500 13570 13110 13140 11894.00 15760000
20130513 13530 13570 13350 13500 10511.00 14100000
20130510 13200 13650 13150 13530 22681.00 30540000
20130509 13090 13300 13090 13250 16622.00 21940000
20130508 13190 13210 12990 13080 11643.00 15210000
20130507 13140 13290 13020 13170 12359.00 16270000
20130506 12900 13130 12900 13070 13092.00 17120000
20130503 12590 12990 12590 12860 9037.00 11620000
20130502 12520 12670 12500 12650 3770.00 4750000
20130426 12580 12630 12510 12550 5901.00 7410000
20130425 12810 12810 12560 12580 10479.00 13250000
20130424 12730 12980 12650 12870 8517.00 10960000
20130423 13160 13200 12710 12710 10672.00 13700000
20130422 13220 13260 13080 13130 11969.00 15730000
20130419 13160 13350 13050 13280 20540.00 27110000
20130418 12950 13230 12930 13150 11873.00 15580000
20130417 12890 13080 12840 13060 8467.00 10960000
20130416 12510 12900 12510 12890 6422.00 8190000
20130415 12910 12910 12600 12690 5173.00 6570000
20130412 12830 12970 12750 12920 9734.00 12540000
20130411 12780 12960 12730 12790 8011.00 10280000
20130410 12970 12970 12650 12750 7387.00 9440000
20130409 12790 13000 12780 12950 9421.00 12160000
20130408 12600 12840 12430 12840 14271.00 17970000
20130403 12920 13010 12720 12760 9753.00 12510000
20130402 13140 13220 12830 12900 12458.00 16230000
20130401 13000 13250 12910 13150 11471.00 15010000
20130329 13200 13350 12920 12950 16702.00 21910000
20130328 13610 13610 13280 13290 17731.00 23660000
20130327 13690 13840 13650 13700 13933.00 19150000
20130326 14180 14180 13600 13700 23094.00 31740000
20130325 14150 14490 14100 14190 24365.00 34810000
20130322 14260 14380 14080 14160 25150.00 35610000
20130321 14040 14700 13880 14370 58830.00 84350000
20130320 13680 14110 13630 14010 38655.00 53790000
20130319 13600 13840 13510 13660 12564.00 17170000
20130318 13550 13830 13400 13720 16666.00 22760000
20130315 13450 13770 13330 13530 14661.00 19910000
20130314 13490 13700 13370 13450 9171.00 12370000
20130313 13680 13690 13340 13490 16502.00 22220000
20130312 14250 14340 13410 13570 39797.00 55140000
20130311 14250 14460 14160 14220 17920.00 25660000
20130308 14300 14400 14160 14240 16309.00 23280000
20130307 14590 14590 14160 14300 34484.00 49240000
20130306 14880 14990 14510 14630 40214.00 59120000
20130305 14400 15090 14100 14900 63188.00 93170000
20130304 14150 15170 14070 14400 71563.00 104350000
20130301 13850 14480 13700 14340 53052.00 75510000
20130228 13760 13930 13600 13920 33330.00 46070000
20130227 13560 14010 13560 13730 24776.00 34200000
20130226 13910 13940 13700 13790 32556.00 44970000
20130225 13260 14180 13260 14010 73480.00 102420000
20130222 13350 13490 13000 13200 21093.00 27910000
20130221 13600 13670 13240 13340 18144.00 24410000
20130220 13360 13740 13350 13640 27476.00 37440000
20130219 13600 13640 13350 13360 22487.00 30340000
20130218 13400 13850 13270 13680 44727.00 60790000
20130208 13170 13320 13160 13290 13512.00 17900000
20130207 13260 13340 13110 13210 9612.00 12690000
20130206 13290 13400 13230 13270 12467.00 16580000
20130205 12980 13400 12880 13320 24820.00 32920000
20130204 13100 13190 12900 13120 11268.00 14700000
20130201 13010 13140 12920 13100 11269.00 14680000
20130131 12920 13090 12920 13010 8915.00 11580000
20130130 13080 13080 12900 12990 9688.00 12570000
20130129 12980 13110 12900 13020 13760.00 17900000
20130128 12720 12980 12670 12980 9698.00 12480000
20130125 12620 12780 12610 12650 7373.00 9340000
20130124 13000 13040 12620 12620 18892.00 24230000
20130123 12960 13070 12710 12970 10091.00 12990000
20130122 13300 13300 12800 12920 16341.00 21310000
20130121 13090 13500 13010 13310 31979.00 42510000
20130118 13090 13150 12930 13090 16400.00 21410000
20130117 12980 13170 12830 13080 23274.00 30320000
20130116 12870 13070 12710 13050 26884.00 34590000
20130115 12700 13480 12650 13000 41473.00 54120000
20130114 12180 12670 12150 12620 19750.00 24610000
20130111 12590 12590 12170 12200 15167.00 18800000
20130110 12360 12540 12360 12490 16350.00 20370000
20130109 12310 12450 12230 12400 18984.00 23460000
20130108 12250 12450 12140 12310 16180.00 19900000
20130107 12070 12250 12070 12240 9379.00 11410000
20130104 12370 12460 12060 12100 15967.00 19480000
20121231 12260 12400 12240 12340 10976.00 13510000
20121228 12150 12320 12000 12260 13852.00 16880000
20121227 12350 12710 12160 12170 28549.00 35370000
20121226 12010 12240 12010 12180 18601.00 22520000
20121225 11820 12140 11720 12050 22296.00 26730000
20121224 11770 11840 11730 11800 6429.00 7570000
20121221 11800 11970 11710 11800 10266.00 12170000
20121220 11770 11830 11670 11810 7294.00 8570000
20121219 11790 11870 11680 11780 5384.00 6340000
20121218 11830 11880 11670 11710 9161.00 10780000
20121217 11750 11950 11700 11770 8781.00 10340000
20121214 11350 11760 11340 11760 14159.00 16510000
20121213 11500 11580 11350 11380 4666.00 5340000
20121212 11360 11540 11350 11490 4687.00 5360000
20121211 11650 11650 11390 11420 6808.00 7820000
20121210 11500 11750 11460 11670 10244.00 11850000
20121207 11490 11580 11300 11500 9757.00 11140000
20121206 11310 11380 11210 11300 3489.00 3930000
20121205 10860 11800 10860 11280 9447.00 10660000
20121204 10710 10980 10710 10910 4750.00 5140000
20121203 11160 11250 10810 10970 3738.00 4140000
20121130 11170 11220 11110 11220 2708.00 3020000
20121129 11130 11230 11040 11140 2587.00 2880000
20121128 11330 11430 11110 11130 5453.00 6090000
20121127 11860 11860 11390 11400 6292.00 7260000
20121126 11920 12060 11790 11830 4059.00 4810000
20121123 11940 11990 11850 11950 4065.00 4840000
20121122 12100 12100 11800 11880 5367.00 6410000
20121121 12060 12110 11850 12090 4720.00 5640000
20121120 12130 12220 12000 12040 4198.00 5070000
20121119 11930 12130 11860 12080 3532.00 4230000
20121116 11900 12070 11850 11990 4678.00 5580000
20121115 12130 12290 11900 11900 5473.00 6590000
20121114 12230 12280 12090 12230 4601.00 5600000
20121113 12460 12470 12160 12240 6795.00 8370000
20121112 12400 12560 12280 12460 7848.00 9780000
20121109 12190 12290 12130 12220 2428.00 2960000
20121108 12340 12340 12080 12220 8020.00 9780000
20121107 12400 12500 12340 12400 4323.00 5360000
20121106 12510 12600 12250 12400 6666.00 8240000
20121105 12680 12750 12480 12590 6290.00 7900000
20121102 12630 12720 12610 12680 4646.00 5870000
20121101 12470 12730 12440 12660 9669.00 12210000
20121031 12310 12480 12310 12450 2672.00 3300000
20121030 12270 12480 12270 12390 3298.00 4070000
20121029 12250 12350 12160 12290 2145.00 2630000
20121026 12410 12490 12200 12250 5512.00 6790000
20121025 12590 12700 12370 12420 5509.00 6900000
20121024 12590 12650 12500 12590 4624.00 5810000
20121023 12850 12870 12610 12640 5850.00 7410000
20121022 12750 12780 12590 12730 5612.00 7100000
20121019 12880 12920 12700 12710 7172.00 9160000
20121018 12830 12950 12760 12890 10651.00 13700000
20121017 12860 12860 12660 12750 6220.00 7930000
20121016 12590 12970 12520 12840 13745.00 17590000
20121015 12620 12690 12540 12650 5896.00 7440000
20121012 12570 12690 12510 12620 6609.00 8320000
20121011 12650 12820 12560 12580 8542.00 10810000
20121010 12680 12920 12650 12740 12865.00 16420000
20121009 12390 12760 12390 12700 10585.00 13380000
20121008 12530 12530 12330 12410 5126.00 6360000
20120928 12280 12500 12250 12490 8644.00 10730000
20120927 12010 12430 12000 12310 8213.00 10080000
20120926 12290 12330 12010 12090 6686.00 8100000
20120925 12380 12450 12200 12280 3297.00 4060000
20120924 12200 12470 12150 12390 5144.00 6330000
20120921 12130 12420 12130 12290 4813.00 5930000
20120920 12760 12780 12200 12260 10085.00 12570000
20120919 12630 12790 12620 12710 6933.00 8810000
20120918 12540 12670 12510 12650 9070.00 11420000
20120917 12910 13000 12570 12590 15932.00 20360000
20120914 13050 13140 12860 12960 16668.00 21670000
20120913 13210 13280 12910 12920 17176.00 22570000
20120912 13300 13410 13100 13330 21375.00 28340000
20120911 13250 13340 13080 13220 23416.00 30880000
20120910 13370 13500 13040 13400 68952.00 91350000
20120907 12680 13750 12530 13590 81236.00 108740000
20120906 12310 12510 12250 12500 10323.00 12770000
20120905 12240 12330 12110 12210 7213.00 8810000
20120904 12540 12540 12220 12240 9045.00 11160000
20120903 12260 12510 12190 12490 7571.00 9370000
20120831 12300 12330 12030 12260 8381.00 10240000
20120830 12440 12640 12020 12270 15953.00 19650000
20120829 12590 12700 12410 12490 18201.00 22870000
20120828 12730 12880 12410 12680 43320.00 54790000
20120827 12860 12980 12600 12730 47663.00 61030000
20120824 12640 12990 12450 12950 55929.00 71580000
20120823 12500 12680 12470 12660 14896.00 18730000
20120822 12550 12690 12360 12550 18886.00 23660000
20120821 12150 12890 12150 12540 26714.00 33580000
20120820 12140 12200 12010 12190 5968.00 7220000
20120817 12100 12200 11990 12200 6192.00 7470000
20120816 12170 12320 12060 12070 7603.00 9250000
20120815 12210 12340 12130 12180 7692.00 9400000
20120814 12240 12460 12010 12370 13660.00 16670000
20120813 12470 12660 12330 12350 20540.00 25700000
20120810 12380 12570 12350 12440 12040.00 14980000
20120809 12280 12520 12230 12470 14621.00 18120000
20120808 12400 12400 12180 12290 10781.00 13230000
20120807 12300 12400 12220 12370 13413.00 16500000
20120806 12010 12310 12010 12300 14795.00 18060000
20120803 11910 12120 11780 12120 11475.00 13750000
20120802 12030 12040 11660 11910 12109.00 14330000
20120801 11880 12090 11870 12040 9162.00 10980000
20120731 12390 12400 11850 11870 14210.00 17160000
20120730 12460 12570 12280 12370 8219.00 10210000
20120727 12680 12680 12360 12390 12017.00 14950000
20120726 12590 12700 12510 12560 10901.00 13730000
20120725 12720 12950 12530 12580 17196.00 21850000
20120724 12650 13100 12560 12880 20169.00 25900000
20120723 12570 12940 12550 12780 18733.00 23940000
20120720 12760 12810 12530 12570 14410.00 18270000
20120719 12700 12920 12650 12750 23098.00 29570000
20120718 12520 12840 12320 12810 21287.00 26880000
20120717 12350 12570 12300 12560 11889.00 14800000
20120716 12720 12720 12280 12380 23786.00 29500000
20120713 12910 13080 12680 12720 19943.00 25650000
20120712 12810 13060 12760 13010 23011.00 29800000
20120711 12660 12900 12550 12890 19058.00 24300000
20120710 13260 13390 12680 12690 34324.00 44400000
20120709 14000 14010 13240 13260 37420.00 51290000
20120706 14190 14230 13670 14150 53547.00 74670000
20120705 13800 14780 13750 14350 91884.00 131780000
20120704 14200 14250 13910 13930 31340.00 44090000
20120703 13820 14290 13700 14160 45768.00 64210000
20120702 13860 14150 13800 13900 36267.00 50590000
20120629 13500 13880 13430 13780 34178.00 46690000
20120628 13930 14240 13560 13580 41800.00 58120000
20120627 13750 14480 13490 14140 59056.00 82400000
20120626 14150 14150 13400 13850 52140.00 71540000
20120625 14150 14820 14000 14310 61341.00 88620000
20120621 14610 14710 14220 14390 65929.00 95280000
20120620 13860 15300 13780 14900 109558.00 158330000
20120619 14190 14250 13850 13950 91229.00 127810000
20120618 14290 14840 14260 14590 163752.00 237820000
20120615 12460 13710 12460 13710 49508.00 65910000
20120614 12500 12610 12440 12460 5074.00 6350000
20120613 12360 12550 12360 12530 5926.00 7390000
20120612 12470 12470 12360 12360 5935.00 7350000
20120611 12310 12690 12240 12530 7808.00 9750000
20120608 12440 12530 12230 12280 11475.00 14120000
20120607 12630 12690 12330 12360 10834.00 13520000
20120606 12510 12640 12420 12500 4896.00 6120000
20120605 12550 12600 12450 12500 5453.00 6820000
20120604 12610 12770 12510 12520 7140.00 9010000
20120601 12970 13070 12830 12860 9182.00 11870000
20120531 12920 13100 12880 12980 10885.00 14130000
20120530 12860 13110 12860 13000 14304.00 18580000
20120529 12810 12950 12760 12910 10814.00 13910000
20120528 12610 12880 12430 12850 8812.00 11190000
20120525 12670 12790 12620 12650 5675.00 7200000
20120524 12660 12780 12650 12660 4855.00 6160000
20120523 12730 12850 12660 12710 7405.00 9440000
20120522 12760 12860 12700 12850 7832.00 10010000
20120521 12770 12840 12590 12670 6008.00 7620000
20120518 12870 12980 12710 12790 7409.00 9510000
20120517 12800 12950 12780 12910 5248.00 6750000
20120516 12890 12950 12760 12780 4902.00 6290000
20120515 13120 13120 12780 12920 9777.00 12590000
20120514 13300 13330 13120 13180 9775.00 12910000
20120511 13180 13320 13130 13210 8641.00 11430000
20120510 13100 13250 13100 13210 11341.00 14930000
20120509 13400 13560 13180 13190 18835.00 25140000
20120508 13570 13690 13340 13430 20568.00 27680000
20120507 13180 13860 13100 13590 34859.00 47030000
20120504 13080 13330 13080 13250 17602.00 23340000
20120503 13100 13130 12960 13080 9292.00 12120000
20120502 12790 13140 12790 13100 15870.00 20640000
20120427 12940 12950 12500 12740 10371.00 13210000
20120426 12880 12980 12790 12900 9158.00 11800000
20120425 12720 12930 12720 12870 8376.00 10750000
20120424 12820 12950 12520 12810 10902.00 13900000
20120423 13270 13280 12910 12970 11495.00 15030000
20120420 13170 13260 13030 13240 12310.00 16170000
20120419 13140 13230 13100 13170 13003.00 17110000
20120417 13110 13190 12930 12960 9210.00 12010000
20120416 13150 13290 13010 13180 8696.00 11430000
20120413 13130 13340 13030 13180 13421.00 17640000
20120412 12870 13150 12730 13120 12134.00 15800000
20120411 12700 12950 12620 12920 9431.00 12050000
20120410 12670 12850 12460 12840 8462.00 10710000
20120409 12780 12840 12630 12670 7599.00 9680000
20120406 12710 12960 12700 12930 12981.00 16660000
20120405 12550 12810 12400 12800 15036 19004000
20120330 12680 12720 12300 12400 14265 17821000
20120329 13000 13000 12400 12600 23187 29360000
20120328 13900 14020 13410 13440 11937 16312000
20120327 13910 14050 13820 13930 7319 10205000
20120326 14050 14090 13700 13860 10568 14679000
20120323 14350 14510 13990 14010 15196 21614000
20120322 14470 14590 14310 14420 12789 18437000
20120321 14550 14650 14220 14500 14329 20681000
20120320 14730 14770 14260 14470 24361 35188000
20120319 14450 14890 14320 14830 37827 55520000
20120316 14400 14680 14360 14500 48407 70260000
20120315 14210 14630 14140 14480 29978 43181000
20120314 14700 14980 14130 14230 53522 78448000
20120313 14090 14780 14090 14740 43667 63381000
20120312 14270 14270 14060 14170 14702 20846000
20120309 14050 14240 14020 14230 13234 18712000
20120308 13840 14080 13840 14030 10669 14924000
20120307 13860 14050 13770 13820 13202 18362000
20120306 14180 14280 13920 13940 16538 23193000
20120305 14390 14540 14180 14230 21965 31536000
20120302 14230 14550 14230 14390 23339 33612000
20120301 14160 14360 14060 14160 15789 22484000
20120229 14300 14450 14210 14230 27862 39893000
20120228 14000 14550 13840 14380 51909 73858000
20120227 14120 14360 14030 14040 32047 45522000
20120224 14080 14130 13930 14100 24697 34662000
20120223 13990 14070 13830 14000 22168 30950000
20120222 13820 13980 13730 13980 28295 39316000
20120221 13720 13850 13560 13850 15893 21787000
20120220 14020 14040 13660 13700 24472 33933000
20120217 14160 14220 13660 13880 30602 42508000
20120216 13750 14220 13700 14010 45694 63632000
20120215 13510 13800 13440 13700 23635 32295000
20120214 13430 13530 13340 13510 11417 15348000
20120213 13260 13520 13200 13410 11625 15542000
20120210 13350 13560 13250 13360 14341 19184000
20120209 13280 13650 13250 13340 18585 25006000
20120208 13000 13360 12900 13340 13463 17782000
20120207 13310 13310 12970 13040 10214 13344000
20120206 13260 13390 13200 13350 12861 17113000
20120203 13180 13350 13040 13260 12522 16536000
20120202 12980 13200 12920 13190 10968 14311000
20120201 12870 13250 12850 12980 9215 12031000
20120131 12880 13020 12750 12940 4194 5384000
20120130 13070 13110 12900 12930 8180 10665000
20120120 13060 13350 12950 13050 10498 13732000
20120119 12800 13070 12800 12910 10256 13256000
20120118 13000 13220 12660 12790 8905 11542000
20120117 12340 13130 12290 13110 7170 9167000
20120116 12680 12810 12340 12340 5720 7205000
20120113 13460 13480 12710 12860 11170 14666000
20120112 13100 13810 13050 13550 18058 24253000
20120111 13200 13370 13060 13160 9195 12121000
20120110 12820 13240 12740 13190 11968 15592000
20120109 12310 12830 12100 12800 9233 11625000
20120106 12380 12570 11980 12300 8527 10396000
20120105 13130 13250 12400 12460 9088 11683000
20120104 13550 13630 13160 13190 4451 5965000
20111230 13430 13590 13350 13440 5413 7292000
20111229 13390 13440 13250 13330 4227 5644000
20111228 13180 13430 13060 13390 7358 9739000
20111227 13670 13720 13200 13210 9449 12657000
20111226 13840 14000 13610 13650 6735 9308000
20111223 13700 14200 13610 13930 11530 16013000
20111222 13400 14050 13120 13850 15481 21119000
20111221 14250 14390 13550 13580 8494 11910000
20111220 14000 14250 13940 14120 8086 11414000
20111219 13970 14180 13700 14120 10536 14685000
20111216 13510 14250 13420 14090 10520 14546000
20111215 13610 13760 13460 13490 8582 11681000
20111214 13660 13820 13580 13620 6111 8369000
20111213 14100 14180 13610 13660 10955 15080000
20111212 14790 14790 14200 14210 9648 13859000
20111209 14490 14740 14470 14630 6378 9319000
20111208 14510 14830 14400 14650 11773 17248000
20111207 14440 14750 14210 14620 13115 19041000
20111206 14210 14500 14150 14340 11242 16065000
20111205 14830 14860 14100 14160 13266 19195000
20111202 15300 15300 14860 14870 14734 22150000
20111201 15560 15650 15250 15310 25109 38907000
20111130 15640 15700 14720 15050 24344 37106000
20111129 15760 15840 15450 15790 25410 39742000
20111128 15020 16000 15020 15760 51036 79797000
20111125 14940 15260 14940 15000 12350 18639000
20111124 14780 15150 14600 15040 12746 18995000
20111123 15180 15250 14880 14930 9461 14210000
20111122 15160 15300 14810 15190 13532 20443000
20111121 14920 15340 14870 15320 14262 21500000
20111118 15050 15270 14800 14930 20937 31453000
20111117 15410 15680 15010 15120 30136 46286000
20111116 16100 16250 15380 15500 37393 58889000
20111115 15830 16170 15810 16100 33448 53587000
20111114 15330 16379 15300 15990 58607 93017000
20111111 15700 15800 15240 15260 35815 55414000
20111110 15340 16290 15260 15690 83775 133277000
20111109 15260 15520 14880 15500 31423 47920000
20111108 15080 15550 14990 15280 41444 63598000
20111107 15090 15280 14960 15110 19590 29658000
20111104 15170 15220 14990 15080 19958 30123000
20111103 15430 15680 15020 15080 53717 82611000
20111102 14770 15400 14600 15350 44071 66079000
20111101 15010 15270 14780 15030 41705 62608000
20111031 14900 15600 14820 15370 71786 110044000
20111028 14200 15170 14030 15090 58389 84912000
20111027 13840 14380 13710 14030 35534 50203000
20111026 13490 13860 13410 13750 17130 23507000
20111025 13250 13640 13190 13600 11464 15443000
20111024 13120 13320 12880 13310 7825 10292000
20111021 13000 13250 12990 13070 6003 7846000
20111020 13300 13330 12910 13000 10466 13652000
20111019 13500 13660 13280 13330 8545 11468000
20111018 13800 13950 13400 13410 7762 10624000
20111017 13940 14050 13800 13930 10221 14276000
20111014 13890 13930 13690 13920 8054 11118000
20111013 13600 13980 13500 13890 16265 22528000
20111012 13150 13670 13030 13630 9457 12754000
20111011 13440 13580 13070 13220 5895 7847000
20111010 13310 13330 13100 13100 4159 5486000
20110930 13240 13360 13130 13240 4855 6420000
20110929 13530 13750 13170 13230 7539 10120000
20110928 13960 14030 13630 13690 9517 13228000
20110927 13820 13940 13760 13880 4459 6180000
20110926 13850 13970 13710 13760 5500 7597000
20110923 13850 13990 13710 13930 8293 11480000
20110922 14300 14400 13880 13930 9884 14038000
20110921 14270 14510 14060 14480 12010 17262000
20110920 13810 14390 13810 14130 7434 10460000
20110919 14120 14120 13800 13850 5629 7823000
20110916 14150 14290 14130 14170 6211 8830000
20110915 14200 14280 14110 14120 6162 8760000
20110914 14040 14210 13680 14190 8826 12310000
20110913 14100 14160 13750 14000 7187 10046000
20110909 14270 14450 14210 14260 5753 8230000
20110908 14640 14680 14250 14270 9657 14023000
20110907 14240 14530 14240 14500 10961 15782000
20110906 14160 14430 14000 14240 7344 10442000
20110905 14320 14500 14180 14200 10946 15659000
20110902 14890 15110 14450 14560 17563 25845000
20110901 15170 15480 14940 14990 28657 43674000
20110831 14730 15200 14730 15190 22003 33015000
20110830 15030 15140 14720 14730 15502 23175000
20110829 15140 15190 14800 14870 20454 30642000
20110826 15190 15360 15110 15230 22644 34454000
20110825 15300 15800 15250 15380 53151 82267000
20110824 15160 15420 14880 14900 23096 35082000
20110823 14960 15170 14910 15130 19212 28929000
20110822 14650 15190 14650 14930 15181 22721000
20110819 14650 14820 14510 14760 13929 20426000
20110818 14830 15060 14700 14890 20170 30066000
20110817 14890 15100 14650 14810 19671 29230000
20110816 15100 15500 14810 14990 40935 62029000
20110815 14000 15360 13960 15250 41801 61746000
20110812 13900 14100 13890 13960 17311 24233000
20110811 13550 13900 13330 13890 15093 20657000
20110810 13750 13950 13690 13690 15665 21620000
20110809 12990 13460 12800 13400 15022 19747000
20110808 14310 14310 13410 13510 19414 26832000
20110805 14490 14550 14200 14480 12145 17521000
20110804 14700 14930 14700 14880 15290 22693000
20110803 14400 14760 14360 14730 14244 20882000
20110802 14450 14600 14150 14600 11951 17136000
20110801 14450 14600 14310 14500 8907 12887000
20110729 14700 14780 14450 14480 12846 18735000
20110728 14400 14580 14270 14490 12850 18556000
20110727 14310 14540 14180 14510 12553 18110000
20110726 14300 14420 14150 14320 11490 16399000
20110725 14950 14960 14220 14310 22823 33181000
20110722 15150 15150 14950 15030 12479 18754000
20110721 15310 15480 14940 14960 18354 27907000
20110720 15410 15510 15270 15390 16639 25562000
20110719 15780 15780 15280 15310 28967 44804000
20110718 15650 15870 15600 15820 29667 46713000
20110715 15620 15880 15610 15700 24744 38920000
20110714 15420 15770 15330 15740 33867 52840000
20110713 15300 15520 15140 15420 24443 37510000
20110712 15210 15790 14910 15310 42205 65335000
20110711 15520 15860 15380 15410 43582 67931000
20110708 15280 15350 15120 15280 18356 27961000
20110707 15120 15540 15120 15340 39934 61286000
20110706 15130 15150 14850 15110 19927 29878000
20110705 15220 15240 15020 15140 20474 30904000
20110704 15000 15250 14910 15210 38378 58040000
20110701 14740 15200 14620 14980 34339 51350000
20110630 14580 14790 14580 14710 21031 30934000
20110629 14670 14990 14600 14680 27416 40530000
20110628 14760 14870 14500 14770 21239 31121000
20110627 14680 15060 14460 14760 43956 65029000
20110624 14280 14880 14200 14670 43518 63598000
20110623 13920 14500 13700 14440 40264 57234000
20110622 14180 14180 13880 13930 17589 24588000
20110621 14020 14200 13930 14150 16982 23905000
20110620 14200 14250 13800 14070 24565 34328000
20110617 14600 14600 14100 14240 50232 72167000
20110616 16000 16000 15070 15100 26534 40884000
20110615 16500 16500 16040 16070 19235 31237000
20110614 16200 16600 16140 16520 16419 26947000
20110610 16450 16560 16100 16329 15843 25793000
20110609 16680 16940 16440 16450 19995 33285000
20110608 16910 17080 16450 16750 25071 41872000
20110607 17320 17550 16800 17060 32764 55974000
20110603 17600 17600 17180 17390 22323 38667000
20110602 18010 18080 17370 17430 31565 55540000
20110601 17850 18280 17630 18250 49661 89950000
20110531 17990 18070 17300 17960 38959 68903000
20110530 17440 18280 17440 18160 64476 116263000
20110527 16820 17890 16820 17390 46662 81910000
20110526 16930 17320 16820 17000 17805 30347000
20110525 17350 17470 16700 16980 30048 51397000
20110524 16200 17980 16100 17530 52780 90908000
20110523 16239 16780 16120 16400 19889 32853000
20110520 16309 16540 16250 16270 5550 9077000
20110519 16640 16640 16300 16329 6155 10110000
20110518 16300 16500 16300 16490 5403 8873000
20110517 16440 16480 16260 16340 9023 14781000
20110516 16580 16700 16390 16400 5922 9795000
20110513 16540 16660 16360 16580 7290 12006000
20110512 16520 16740 16329 16520 9697 16045000
20110511 16500 16820 16400 16670 14017 23422000
20110510 16470 16500 16340 16490 6942 11394000
20110509 16129 16520 16129 16500 9177 15054000
20110506 16090 16280 16000 16219 5988 9699000
20110504 16400 16440 16050 16090 8553 13891000
20110503 16440 16500 16200 16460 7000 11476000
20110429 16309 16480 16059 16450 7840 12799000
20110428 16880 17000 16260 16280 12894 21438000
20110427 17100 17220 16800 16840 10451 17783000
20110426 17410 17470 17000 17060 12615 21615000
20110425 17820 17900 17380 17400 18059 31676000
20110422 17930 17970 17810 17820 15027 26837000
20110421 18100 18110 17890 17920 14159 25431000
20110420 17860 18190 17850 18090 18840 33932000
20110419 18240 18240 17780 17880 29013 52092000
20110418 18380 18670 18200 18280 19517 35884000
20110415 18010 18590 18010 18400 35694 65698000
20110414 18250 18260 18080 18100 13831 25129000
20110413 18060 18320 18040 18280 14679 26700000
20110412 18190 18190 18030 18080 20766 37533000
20110411 18470 18470 18180 18200 22477 41013000
20110408 18430 18480 18320 18410 16342 30093000
20110407 18230 18480 18200 18440 20209 36996000
20110406 18400 18450 18170 18200 25372 46330000
20110401 18310 18530 18310 18520 16690 30764000
20110331 19010 19060 18300 18340 47390 88173000
20110330 19400 19460 19000 19010 39635 75804000
20110329 19350 19500 19120 19480 49148 95180000
20110328 19430 19520 19220 19350 40617 78600000
20110325 19330 19460 19160 19440 41681 80431000
20110324 19690 19690 19320 19340 47343 92005000
20110323 19410 19750 19350 19590 53976 105391000
20110322 19540 19700 19280 19450 62651 121937000
20110321 19170 20390 19060 19880 122744 241220000
20110318 19810 19970 19310 19440 160914 315439000
20110317 21510 21980 20370 20550 331765 703422000
