20191129 10290 10290 10100 10150 23142 23557580 1.85 0.86 -0.98 12995 10147 1.28 0.50
20191128 10220 10280 10120 10250 20896 21348444 1.58 0.84 1.08 8469 12427 0.68 0.45
20191127 10160 10230 10120 10140 12813 13028489 1.08 0.48 -0.20 7864 4950 1.59 0.28
20191126 10240 10340 10130 10160 25627 26213606 2.04 1.01 -1.07 17116 8510 2.01 0.56
20191125 10020 10280 9970 10270 48866 49805663 3.09 2.45 2.50 19039 29826 0.64 1.06
20191122 10000 10080 9930 10020 26173 26217574 1.50 1.07 0.20 15633 10539 1.48 0.57
20191121 10000 10040 9940 10000 11364 11359178 1.00 0.28 -0.40 7644 3719 2.06 0.25
20191120 10130 10150 10020 10040 20699 20832346 1.28 0.50 -1.08 14936 5763 2.59 0.45
20191119 10070 10150 9980 10150 20344 20562800 1.70 0.48 1.70 9626 10718 0.90 0.44
20191118 9920 10100 9900 9980 21181 21145883 1.99 0.48 -0.50 12445 8736 1.42 0.46
20191115 10150 10350 10010 10030 48726 49482001 3.34 1.24 -1.47 29766 18960 1.57 1.06
20191114 10010 10490 9970 10180 91674 93030521 5.23 3.70 2.31 52503 39170 1.34 1.99
20191113 10030 10110 9910 9950 24155 24129673 2.00 0.95 -0.50 14575 9580 1.52 0.53
20191112 9950 10030 9870 10000 27044 26895677 1.61 0.91 0.40 14493 12552 1.15 0.59
20191111 10250 10250 9920 9960 28150 28257932 3.23 0.83 -2.54 20480 7669 2.67 0.61
20191108 10320 10350 10200 10220 26208 26913005 1.46 0.67 -0.58 20928 5280 3.96 0.57
20191107 10260 10350 10260 10280 18433 18979876 0.88 0.37 0.00 12694 5739 2.21 0.40
20191106 10420 10460 10240 10280 27033 27981989 2.11 0.54 -1.25 15353 11680 1.31 0.59
20191105 10270 10440 10220 10410 49498 51139122 2.14 1.03 1.36 14218 35280 0.40 1.08
20191104 10470 10480 10190 10270 48939 50703596 2.77 0.98 -1.91 30674 18265 1.68 1.06
20191101 10410 10520 10350 10470 51948 54198940 1.63 1.21 0.38 26368 25580 1.03 1.13
20191031 10820 10820 10420 10430 69344 73216661 3.70 2.16 -3.52 42783 26561 1.61 1.51
20191030 11010 11040 10760 10810 32734 35692470 2.54 1.17 -1.91 21091 11643 1.81 0.71
20191029 11210 11230 11010 11020 36429 40512491 1.96 1.57 -1.78 24571 11858 2.07 0.79
20191028 11290 11290 11120 11220 59869 67102066 1.51 4.31 -0.53 28826 31044 0.93 1.30
20191025 11240 11320 11180 11280 16149 18176164 1.25 1.02 0.45 8966 7184 1.25 0.35
20191024 11260 11340 11200 11230 15522 17473785 1.24 0.93 -0.27 8221 7301 1.13 0.34
20191023 11370 11370 11260 11260 11964 13512528 0.97 0.63 -0.97 8165 3799 2.15 0.26
20191022 11200 11370 11140 11370 12256 13857762 2.04 0.56 0.62 6630 5626 1.18 0.27
20191021 11240 11380 11120 11300 13622 15355448 2.31 0.49 0.53 6429 7194 0.89 0.30
20191018 11390 11460 11180 11240 25451 28738227 2.45 0.82 -1.49 17201 8250 2.09 0.55
20191017 11470 11550 11380 11410 20359 23319443 1.48 0.57 -0.52 11268 9091 1.24 0.44
20191016 11570 11630 11430 11470 22843 26318357 1.73 0.65 -0.69 12763 10079 1.27 0.50
20191015 11730 11730 11470 11550 28018 32382995 2.21 0.81 -1.62 16906 11112 1.52 0.61
20191014 11720 11820 11680 11740 42115 49488676 1.20 1.44 0.34 23459 18656 1.26 0.92
20191011 11640 11760 11620 11700 41071 47982159 1.19 1.72 -0.93 22498 18573 1.21 0.89
20191010 11980 11990 11730 11810 43626 51473620 2.18 2.13 -1.01 25105 18521 1.36 0.95
20191009 11850 11950 11800 11930 20367 24232000
20191008 11620 12020 11620 11840 26600 31576836 3.44 1.02 1.81 10169 16431 0.62 0.58
20190930 11690 11760 11610 11630 14253 16665104 1.28 0.44 -0.85 8464 5789 1.46 0.31
20190927 11710 11790 11630 11730 14407 16906271 1.37 0.33 0.17 5050 9358 0.54 0.31
20190926 11890 11980 11610 11710 26600 31282282 3.11 0.64 -1.51 15212 11388 1.34 0.58
20190925 12020 12040 11850 11890 36290 43338000
20190924 12070 12140 12010 12010 39069 47214683 1.08 1.02 -0.66 27615 11454 2.41 0.85
20190923 12380 12390 12060 12090 46098 56003396 2.65 1.30 -2.74 32352 13745 2.35 1.01
20190920 12800 12940 12380 12430 67751 85079484 4.55 2.33 0.97 38042 29708 1.28 1.48
20190919 12250 12350 12170 12310 18020 22112407 1.48 0.55 1.07 7770 10250 0.76 0.39
20190918 12330 12340 12160 12180 21304 26065648 1.47 0.59 -0.81 15697 5607 2.80 0.47
20190917 12260 12410 12220 12280 39047 48086455 1.53 0.89 -0.89 23063 15985 1.44 0.85
20190916 12570 12590 12350 12390 31651 39350492 1.92 0.61 -0.72 19571 12081 1.62 0.69
20190912 12380 12530 12370 12480 35264 43903577 1.29 0.46 0.89 13614 21650 0.63 0.77
20190911 12410 12490 12340 12370 35449 44014000
20190910 12350 12410 12280 12370 38456 47572946 1.06 0.41 0.41 16129 22327 0.72 0.84
20190909 12410 12440 12220 12320 79686 98083370 1.79 0.89 0.49 52115 27572 1.89 1.74
20190906 12430 12500 12210 12260 71911 88324524 2.33 0.90 -1.68 48882 23028 2.12 1.57
20190905 12830 12900 12430 12470 157006 197836222 3.71 3.04 -1.66 93606 63399 1.48 3.43
20190904 12510 12990 12510 12680 105401 134728735 3.88 2.68 2.59 50548 54853 0.92 2.31
20190903 12100 12460 12100 12360 51650 63573000
20190902 11710 12200 11710 12100 61191 73656000
20190830 11860 12010 11780 11810 25156 29859875 1.94 0.66 -0.51 15050 10106 1.49 0.55
20190829 11980 11980 11860 11870 14467 17207736 1.01 0.33 -0.59 9945 4523 2.20 0.32
20190828 11950 12020 11770 11940 44235 52632281 2.09 0.99 -0.08 28270 15965 1.77 0.97
20190827 11720 12020 11700 11950 68655 81861223 2.73 1.22 1.96 30540 38115 0.80 1.50
20190826 11480 11740 11430 11720 28464 33043182 2.65 0.46 0.26 12318 16147 0.76 0.62
20190823 11830 11870 11650 11690 35800 41950299 1.87 0.57 -0.76 28135 7665 3.67 0.78
20190822 11920 11930 11710 11780 45274 53363473 1.84 0.78 -1.34 31325 13949 2.25 0.99
20190821 11810 12070 11740 11940 46187 55028912 2.76 0.86 0.00 23418 22769 1.03 1.01
20190820 11550 12240 11550 11940 125605 150769863 6.04 4.06 4.55 64353 61252 1.05 2.75
20190819 11390 11480 11320 11420 58947 67309079 1.42 2.72 1.06 26194 32753 0.80 1.29
20190816 11430 11630 11240 11300 35378 40460367 3.42 2.11 -0.96 21447 13930 1.54 0.77
20190815 11360 11500 11290 11410 23218 26481060 1.83 1.65 -0.78 11881 11338 1.05 0.51
20190814 11430 11620 11420 11500 24033 27666345 1.77 2.08 1.95 12935 11098 1.17 0.53
20190813 11370 11390 11210 11280 13071 14738721 1.58 0.84 -0.88 8647 4424 1.95 0.28
20190812 11150 11420 11140 11380 12635 14293000
20190809 11450 11450 11130 11150 10883 12286937 2.82 0.58 -1.76 8273 2611 3.17 0.24
20190808 11430 11510 11280 11350 9698 11018655 2.02 0.52 -0.53 6569 3129 2.10 0.21
20190807 11440 11580 11260 11410 11591 13210074 2.82 0.48 0.44 6829 4763 1.43 0.25
20190806 11690 11720 11140 11360 33387 37891403 4.93 1.67 -3.48 21341 12045 1.77 0.73
20190805 12000 12070 11750 11770 15871 18921231 2.65 0.84 -2.40 10319 5553 1.86 0.35
20190802 11950 12070 11810 12060 22571 26913769 2.15 1.27 -0.17 12020 10551 1.14 0.49
20190801 12010 12110 11970 12080 10476 12636900 1.16 0.48 0.17 5815 4660 1.25 0.23
20190731 12350 12350 11980 12060 37437 45455749 2.99 1.72 -2.43 27688 9748 2.84 0.81
20190730 12360 12460 12300 12360 13804 17104644 1.29 0.62 0.00 9031 4772 1.89 0.30
20190729 12380 12480 12300 12360 10129 12530702 1.45 0.38 -0.24 6641 3487 1.90 0.22
20190726 12420 12460 12310 12390 16694 20648169 1.21 0.57 0.00 10378 6317 1.64 0.36
20190725 12510 12510 12350 12390 30446 37828318 1.28 1.14 -0.72 24348 6098 3.99 0.66
20190724 12560 12660 12410 12480 37972 47548841 2.00 1.72 -0.08 27606 10365 2.66 0.83
20190723 12600 12600 12390 12490 16608 20760097 1.68 0.70 0.00 7983 8626 0.93 0.36
20190722 12680 12680 12320 12490 31645 39453981 2.87 1.36 -0.48 14173 17471 0.81 0.69
20190719 12370 12630 12370 12550 30137 37803437 2.11 1.52 1.87 8587 21550 0.40 0.66
20190718 12380 12480 12300 12320 16909 20951549 1.44 0.92 -1.52 11464 5445 2.11 0.37
20190717 12500 12600 12440 12510 14917 18669416 1.27 0.83 -0.40 8778 6138 1.43 0.32
20190716 12320 12600 12300 12560 24339 30350331 2.44 1.40 2.20 8011 16328 0.49 0.53
20190715 12440 12550 12150 12290 30363 37326701 3.21 1.74 -1.29 16727 13635 1.23 0.66
20190712 12530 12620 12390 12450 12638 15736800 1.84 0.61 -0.64 6455 6184 1.04 0.27
20190711 12460 12560 12450 12530 9748 12182083 0.88 0.33 0.56 4337 5412 0.80 0.21
20190710 12550 12660 12430 12460 12886 16083587 1.83 0.39 -0.72 7093 5793 1.22 0.28
20190709 12500 12660 12360 12550 21160 26466666 2.40 0.60 0.32 8525 12635 0.67 0.46
20190708 12860 12860 12510 12510 30753 38900001 2.72 0.81 -2.80 16030 14723 1.09 0.67
20190705 12950 13060 12830 12870 29148 37576387 1.78 0.75 -0.62 16167 12981 1.25 0.63
20190704 12680 13000 12600 12950 53570 68996259 3.16 1.47 2.29 21720 31850 0.68 1.16
20190703 12580 12700 12480 12660 29970 37631240 1.75 0.84 0.64 15804 14166 1.12 0.65
20190702 12640 12710 12470 12580 34336 43253631 1.90 0.92 -0.47 22053 12283 1.80 0.75
20190701 12650 12730 12480 12640 42785 53946567 2.01 1.19 1.53 22095 20690 1.07 0.94
20190628 12800 12850 12450 12450 33510 42232644 3.13 0.85 -2.51 22269 11241 1.98 0.73
20190627 12890 12920 12760 12770 42130 54119834 1.24 0.97 -0.70 23260 18870 1.23 0.92
20190626 12780 12890 12740 12860 25841 33164979 1.17 0.46 0.23 12964 12878 1.01 0.57
20190625 12770 12920 12670 12830 42574 54490329 1.95 0.69 0.31 20891 21683 0.96 0.93
20190624 12760 12850 12640 12790 35392 45182848 1.64 0.48 -0.08 15844 19549 0.81 0.77
20190621 12770 12880 12700 12800 51402 65755327 1.41 0.52 0.31 24221 27181 0.89 1.12
20190620 12710 12860 12530 12760 61933 78763659 2.60 0.34 0.39 35323 26610 1.33 1.35
20190619 13100 13180 12710 12710 86826 111744443 3.63 0.30 -1.78 56596 30230 1.87 1.90
20190618 12800 12950 12660 12940 73048 93781818 2.27 0.25 1.25 34962 38086 0.92 1.60
20190617 12700 12940 12520 12780 94484 120314123 3.27 0.34 -0.39 52600 41885 1.26 2.07
20190614 12720 13050 12600 12830 175113 223521401 3.47 0.72 -1.00 95552 79561 1.20 3.83
20190613 13260 13390 12710 12960 483286 631352624 4.91 3.12 -6.43 295085 188201 1.57 10.57
20190612 14800 14910 13710 13850 632536 931925616 8.86 19.35 2.21 447932 184604 2.43 13.84
20190611 13550 13550 13550 13550 63910 86597793 0.00 2.39 9.98 60937 2972 20.50 1.40
20190610 12180 12490 12070 12320 18691 23030645 3.45 0.56 1.07 8333 10358 0.80 0.41
20190606 12160 12260 12010 12190 24871 30195865 2.06 0.66 0.25 12327 12544 0.98 0.54
20190605 11940 12320 11810 12160 34051 41198987 4.33 0.88 3.14 10033 24018 0.42 0.74
20190604 11660 11880 11660 11790 21884 25811980 1.88 0.56 0.77 10102 11782 0.86 0.48
20190603 11840 12150 11630 11700 34453 40867208 4.37 0.96 -1.68 21283 13170 1.62 0.75
20190531 11780 12160 11750 11900 50623 60566223 3.47 1.71 0.76 26874 23749 1.13 1.11
20190530 11980 11980 11650 11810 48816 57457581 2.74 2.05 -1.91 26831 21985 1.22 1.07
20190529 12220 12220 11870 12040 37142 44681000
20190528 12460 12500 12140 12220 23679 29055628 2.90 0.77 -1.53 15050 8629 1.74 0.52
20190527 12040 12420 11950 12410 19339 23693366 3.91 0.63 3.33 8509 10830 0.79 0.42
20190524 12090 12160 11750 12010 18642 22251100 3.42 0.61 0.08 11975 6666 1.80 0.41
20190523 12250 12280 11950 12000 20518 24709054 2.69 0.66 -2.04 11201 9317 1.20 0.45
20190522 12760 12870 12040 12250 54222 67222586 6.51 2.07 -3.92 33380 20842 1.60 1.19
20190521 12920 12960 12620 12750 40055 51129204 2.64 1.91 -1.09 24867 15188 1.64 0.88
20190520 12680 12920 12430 12890 20857 26482646 3.85 1.02 1.18 9293 11564 0.80 0.46
20190517 12710 13000 12710 12740 17432 22340721 2.24 0.68 -1.47 9181 8250 1.11 0.38
20190516 19520 19630 19400 19510 23657 46186257 1.18 0.98 -0.05 9471 14186 0.67 0.77
20190515 19500 19530 19210 19520 29153 56425312 1.65 1.35 0.88 13954 15198 0.92 0.94
20190514 19430 19550 19330 19350 14009 27213001 1.12 0.61 -1.43 8788 5222 1.68 0.45
20190513 19700 19700 19260 19630 18089 35216565 2.23 0.70 -0.66 11050 7039 1.57 0.59
20190510 18680 19870 18660 19760 42471 82219198 6.53 1.87 6.64 18794 23676 0.79 1.37
20190509 18600 18760 18380 18530 16494 30553308 2.03 0.72 -1.12 9475 7020 1.35 0.53
20190508 18800 18990 18560 18740 16764 31490754 2.26 0.67 -1.52 9509 7255 1.31 0.54
20190507 18710 19140 18710 19030 20821 39512598 2.29 0.74 1.22 10144 10677 0.95 0.67
20190506 19300 19580 18410 18800 31839 60692942 5.98 1.22 -3.84 18913 12926 1.46 1.03
20190430 19360 19690 19000 19550 27493 53188690 3.61 1.11 2.20 8644 18849 0.46 0.89
20190429 19100 19760 19100 19130 17696 34331935 3.44 0.66 -0.42 9004 8692 1.04 0.57
20190426 19260 19390 19180 19210 27815 53658024 1.09 1.13 -0.26 14713 13102 1.12 0.90
20190425 20150 20240 19200 19260 36260 71884627 5.17 1.69 -4.27 22805 13455 1.69 1.17
20190424 20050 20360 19900 20120 20838 42024884 2.29 1.01 0.35 9791 11047 0.89 0.67
20190423 20280 20280 20010 20050 21409 43089119 1.34 1.01 -0.55 11789 9619 1.23 0.69
20190422 20500 20850 20120 20160 27322 55975797 3.55 1.25 -2.09 17069 10253 1.66 0.88
20190419 20460 20680 20250 20590 16828 34483758 2.09 0.75 0.24 8122 8707 0.93 0.54
20190418 20410 20660 20210 20540 20931 42749570 2.20 0.85 0.44 9496 11435 0.83 0.68
20190417 20530 20540 20270 20450 16573 33806583 1.31 0.61 -0.49 10595 5977 1.77 0.54
20190416 20500 20550 20030 20550 24468 49500562 2.54 0.93 0.39 13016 11452 1.14 0.79
20190415 20410 20880 20410 20470 30652 63454708 2.33 1.08 1.29 16867 13784 1.22 0.99
20190412 20380 20610 20020 20210 19494 39454758 2.89 0.51 -1.03 12148 7346 1.65 0.63
20190411 21200 21200 20420 20420 32227 66884773 3.68 0.73 -3.72 22924 9303 2.46 1.04
20190410 20980 21250 20740 21210 30007 62936783 2.43 0.68 1.10 12081 17927 0.67 0.97
20190409 21010 21150 20810 20980 19596 41026430 1.62 0.39 -0.10 9110 10485 0.87 0.63
20190408 21600 21600 20880 21000 40456 85681039 3.39 0.83 -1.27 17738 22718 0.78 1.31
20190404 21150 21270 20770 21270 68594 143944915 2.37 1.63 0.71 33392 35201 0.95 2.22
20190403 20860 21250 20590 21120 61418 128191207 3.17 1.63 1.54 27351 34067 0.80 1.99
20190402 21000 21060 20570 20800 31028 64706625 2.34 0.81 -0.62 17185 13843 1.24 1.00
20190401 20720 21100 20720 20930 52182 109235194 1.84 1.54 1.31 24854 27327 0.91 1.69
20190329 20250 20770 20110 20660 30198 61892389 3.29 0.90 3.04 10659 19539 0.55 0.98
20190328 20750 20750 19990 20050 35298 71719111 3.69 1.00 -2.67 20090 15209 1.32 1.14
20190327 21350 21350 20200 20600 40195 82650724 5.47 1.19 -1.95 20463 19732 1.04 1.30
20190326 21680 21760 20820 21010 33370 70659972 4.39 0.97 -1.87 18182 15188 1.20 1.08
20190325 21560 22150 21410 21410 30856 67262854 3.41 0.83 -1.25 14586 16271 0.90 1.00
20190322 21880 22320 21510 21680 27242 59178422 3.69 0.68 -1.23 13987 13255 1.06 0.88
20190321 21330 22430 21330 21950 44383 98100618 5.14 1.16 2.52 19175 25208 0.76 1.44
20190320 21710 21820 21110 21410 33225 71340123 3.25 0.84 -1.88 17922 15303 1.17 1.08
20190319 21620 22080 21580 21820 35721 77949507 2.31 0.77 1.02 14557 21164 0.69 1.16
20190318 21000 21640 20820 21600 45236 96778345 3.90 0.98 2.86 17070 28166 0.61 1.46
20190315 20730 21150 20500 21000 42823 89475435 3.13 0.85 1.20 21987 20836 1.06 1.39
20190314 21150 21300 20400 20750 33953 70540524 4.25 0.55 -2.08 16000 17953 0.89 1.10
20190313 21790 21790 21150 21190 39500 84904824 2.93 0.55 -2.84 18663 20837 0.90 1.28
20190312 21340 21990 21100 21810 69389 149276559 4.16 0.96 2.01 31425 37964 0.83 2.25
20190311 20630 21430 20620 21380 45934 96923831 3.89 0.62 2.64 21440 24494 0.88 1.49
20190308 20960 21460 20690 20830 63099 132691354 3.59 0.91 -2.94 32715 30384 1.08 2.04
20190307 20610 22360 20610 21460 90133 195285701 8.47 1.51 3.92 37207 52927 0.70 2.92
20190306 21150 21150 20380 20650 87863 181596938 3.83 1.58 2.74 37147 50715 0.73 2.84
20190305 19780 20440 19510 20100 75339 151246428 4.72 1.39 2.03 28942 46397 0.62 2.44
20190304 18900 20080 18900 19700 56866 110815363 6.23 1.05 4.07 20961 35905 0.58 1.84
20190301 18880 19100 18500 18930 34673 65152202 3.17 0.59 0.00 19679 14994 1.31 1.12
20190228 18790 19090 18760 18930 43549 82552750 1.76 0.77 0.91 18709 24841 0.75 1.41
20190227 18370 18900 18280 18760 67641 126505235 3.37 1.44 2.01 28791 38850 0.74 2.19
20190226 17780 18680 17680 18390 67734 124435150 5.63 1.79 3.49 30949 36785 0.84 2.19
20190225 16960 17790 16890 17770 56748 98201314 5.34 1.80 5.40 21964 34784 0.63 1.84
20190222 17280 17280 16630 16860 58898 98742996 3.77 2.71 -2.15 37666 21232 1.77 1.91
20190221 17170 17540 17100 17230 31082 53744638 2.54 1.58 -0.40 19269 11813 1.63 1.01
20190220 17600 17690 17150 17300 21193 36664696 3.07 1.19 -1.54 12142 9051 1.34 0.69
20190219 17780 17990 17500 17570 21637 38343634 2.74 1.30 -1.68 11175 10462 1.07 0.70
20190218 17580 17940 17530 17870 24520 43392658 2.34 1.73 1.88 12064 12456 0.97 0.79
20190215 17560 17770 17510 17540 10242 18069127 1.48 0.71 -0.28 5407 4835 1.12 0.33
20190214 17670 17800 17450 17590 20595 36234935 1.98 1.73 -0.51 10711 9884 1.08 0.67
20190213 17650 17780 17520 17680 11783 20747751 1.47 1.08 0.00 7147 4636 1.54 0.38
20190212 17150 17740 17120 17680 15768 27662481 3.59 1.71 2.37 9664 6104 1.58 0.51
20190211 16790 17330 16790 17270 12668 21768731 3.22 1.45 2.98 6744 5924 1.14 0.41
20190201 16790 16930 16650 16770 11558 19370701 1.67 1.32 0.12 7130 4428 1.61 0.37
20190131 16970 16970 16670 16750 7576 12737075 1.78 0.71 -0.71 3623 3953 0.92 0.25
20190130 16850 17110 16660 16870 7100 11994188 2.66 0.59 -0.30 3824 3276 1.17 0.23
20190129 16690 16950 16600 16920 7310 12291064 2.08 0.39 0.53 4246 3064 1.39 0.24
20190128 17370 17370 16800 16830 10222 17434194 3.31 0.49 -2.32 7118 3105 2.29 0.33
20190125 17010 17380 16980 17230 11423 19638968 2.34 0.54 0.94 6559 4864 1.35 0.37
20190124 16920 17280 16780 17070 17255 29399083 2.95 0.88 0.59 7834 9421 0.83 0.56
20190123 16690 17060 16510 16970 13681 23082226 3.29 0.69 1.43 5747 7935 0.72 0.44
20190122 17300 17300 16540 16730 41038 68785182 4.41 2.99 -3.01 24113 16925 1.42 1.33
20190121 17690 17770 17170 17250 21598 37458352 3.39 2.08 -2.49 13155 8442 1.56 0.70
20190118 17720 17950 17670 17690 12072 21419998 1.56 1.35 -1.17 5416 6656 0.81 0.39
20190117 17760 18050 17760 17900 10154 18254198 1.63 1.12 0.67 3617 6537 0.55 0.33
20190116 17950 18060 17600 17780 14190 25259779 2.56 1.77 -0.95 9233 4956 1.86 0.46
20190115 17890 18050 17880 17880 4923 8834627 0.95 0.51 -0.22 2754 2169 1.27 0.16
20190114 17890 18050 17880 17880 4924 8835000
20190111 18010 18010 17780 17920 4670 8342000
20190110 17830 18180 17710 18000 11087 19967000
20190109 17900 18100 17740 17740 8819 15859736 2.01 0.71 -0.89 5124 3695 1.39 0.29
20190108 17770 17950 17650 17900 6617 11830684 1.68 0.48 0.45 1871 4746 0.39 0.21
20190107 17330 17900 17330 17820 17129 30386498 3.30 1.25 3.07 5575 11554 0.48 0.55
20190104 16940 17400 16690 17290 17491 29789138 4.18 1.30 1.71 6149 11342 0.54 0.57
20190103 17300 17360 16900 17000 10316 17702068 2.65 0.63 -2.07 5433 4883 1.11 0.33
20190102 17420 17550 17210 17360 10272 17831406 1.95 0.65 -0.34 4386 5886 0.75 0.33
20181228 16930 17640 16930 17420 13823 23998353 4.11 0.89 0.87 6026 7798 0.77 0.45
20181227 17500 17750 16880 17270 16699 28791481 4.99 1.11 -1.03 7763 8936 0.87 0.54
20181226 17480 17520 17120 17450 16399 28411029 2.29 1.02 -0.29 8236 8163 1.01 0.53
20181225 17500 17500 16710 17500 24217 41385278 4.50 1.41 -0.34 11201 13016 0.86 0.78
20181224 17580 17660 17500 17560 7691 13511323 0.91 0.31 -0.34 3385 4306 0.79 0.25
20181221 17600 17790 17400 17620 12956 22778168 2.21 0.51 -0.11 4542 8414 0.54 0.42
20181220 17810 17870 17380 17640 13660 23975409 2.75 0.43 -0.90 6442 7219 0.89 0.44
20181219 18020 18020 17380 17800 21594 38422758 3.53 0.71 -1.93 12025 9569 1.26 0.70
20181218 18190 18260 17810 18150 29736 53579000
20181217 17830 18420 17450 18310 44527 80291471 5.44 1.72 2.69 14474 30053 0.48 1.44
20181214 17920 18060 17690 17830 17863 31784203 2.05 0.65 -1.00 10723 7141 1.50 0.58
20181213 17610 18230 17530 18010 43544 78455516 3.98 2.09 2.33 14423 29121 0.50 1.41
20181212 17760 17760 17410 17600 15477 27297879 1.99 0.77 0.00 6646 8831 0.75 0.50
20181211 17520 17810 17430 17600 19642 34732547 2.17 0.88 0.57 6483 13159 0.49 0.64
20181210 17340 17690 17040 17500 32694 57261519 3.75 1.63 0.92 14497 18197 0.80 1.06
20181207 16770 17490 16710 17340 26283 45375818 4.65 1.40 3.40 10232 16051 0.64 0.85
20181206 16950 17130 16720 16770 9940 16773910 2.39 0.50 -2.27 7165 2776 2.58 0.32
20181205 17220 17290 17080 17160 12130 20838658 1.20 0.65 -1.55 6650 5481 1.21 0.39
20181204 17070 17500 16910 17430 30096 51835863 3.46 2.01 2.11 9906 20191 0.49 0.97
20181203 17100 17600 17050 17070 21788 37688827 3.22 1.56 -0.06 11349 10439 1.09 0.71
20181130 16560 17230 16510 17080 20206 34305499 4.33 1.47 2.83 10193 10013 1.02 0.65
20181129 16880 17040 16560 16610 14219 23833039 2.83 0.96 -2.24 10275 3944 2.61 0.46
20181128 17060 17080 16520 16990 7604 12868971 3.29 0.43 -0.12 4004 3600 1.11 0.25
20181127 17240 17240 16880 17010 10920 18575010 2.11 0.55 -0.18 5248 5672 0.93 0.35
20181126 17180 17180 16710 17040 16791 28448309 2.77 0.68 0.29 7105 9686 0.73 0.54
20181123 17350 17460 16800 16990 19071 32760070 3.80 0.78 -2.07 10312 8759 1.18 0.62
20181122 17020 17500 17020 17350 19746 34338750 2.82 0.86 1.94 9333 10413 0.90 0.64
20181121 17060 17380 16860 17020 21641 36935513 3.02 0.99 -1.16 7691 13950 0.55 0.70
20181120 16880 17490 16880 17220 22295 38556000
20181119 17200 18070 16810 17100 40119 69400000
20181116 17200 17420 17010 17230 18524 31870000
20181115 17460 17460 17120 17310 12098 20916615 1.97 0.67 0.12 6511 5587 1.17 0.39
20181114 17160 17500 17000 17290 16807 28949935 2.89 0.87 -0.06 8794 8013 1.10 0.54
20181113 16930 17350 16820 17300 19315 33276161 3.13 1.02 2.13 7026 12290 0.57 0.63
20181112 16420 16970 16420 16940 28038 47271193 3.34 1.23 2.92 11024 17014 0.65 0.91
20181109 16600 16680 16400 16460 10431 17265973 1.69 0.40 -0.36 4202 6230 0.67 0.34
20181108 16690 16790 16430 16520 15361 25540375 2.17 0.47 -0.30 9057 6304 1.44 0.50
20181107 16300 16650 16300 16570 23106 38290140 2.15 0.68 1.66 9104 14002 0.65 0.75
20181106 16220 16380 16150 16300 17908 29131592 1.42 0.53 0.49 6700 11208 0.60 0.58
20181105 15840 16650 15710 16220 47579 77665217 5.92 1.76 2.08 20972 26606 0.79 1.54
20181102 15990 16340 15460 15890 25915 40954517 5.56 1.10 0.44 15350 10565 1.45 0.84
20181101 15950 16600 15810 15820 47672 77337346 5.07 3.04 1.48 25107 22565 1.11 1.54
20181031 15050 15810 14990 15590 31893 49545148 5.45 2.51 3.59 12307 19586 0.63 1.03
20181030 14730 15170 14410 15050 15064 22515592 5.14 1.00 1.83 6146 8917 0.69 0.49
20181029 14960 15210 14750 14780 14680 21960247 3.13 0.94 0.48 7024 7657 0.92 0.48
20181026 14560 14720 14490 14710 9006 13203556 1.59 0.58 1.52 4323 4682 0.92 0.29
20181025 14480 14510 14200 14490 7864 11315174 2.11 0.50 -1.29 3606 4259 0.85 0.25
20181024 14680 15000 14560 14680 17006 25173461 2.97 1.22 -0.94 10459 6547 1.60 2.70
20181023 14700 15150 14570 14820 26592 39796728 3.95 2.54 0.82 12196 14396 0.85 0.86
20181022 14300 14840 14160 14700 17673 25727352 4.83 2.11 4.40 10148 7525 1.35 0.57
20181019 13850 14160 13700 14080 8446 11785698 3.32 0.80 1.66 4847 3599 1.35 0.27
20181018 14200 14200 13760 13850 9152 12783062 3.08 0.72 -3.08 5750 3402 1.69 0.30
20181017 14400 14500 14000 14290 7791 11038272 3.50 0.59 -0.07 5275 2516 2.10 0.25
20181016 14680 14680 14050 14300 9384 13361327 4.38 0.72 -0.56 6310 3075 2.05 0.30
20181015 14550 14830 13800 14380 7092 10257014 7.10 0.53 -0.83 3912 3180 1.23 0.23
20181012 14860 14860 14000 14500 19542 28089161 5.78 1.73 -2.62 11457 8085 1.42 0.63
20181011 15090 15490 14550 14890 19799 29622320 6.09 2.03 -3.56 13211 6588 2.01 0.64
20181010 15340 15720 15240 15440 10488 16282673 3.13 1.05 0.65 5689 4800 1.19 0.34
20181009 15490 15550 15160 15340 7949 12218509 2.52 0.77 -0.97 3554 4395 0.81 0.26
20181008 15620 15650 15300 15490 8583 13254358 2.22 0.76 -1.59 5440 3143 1.73 0.28
20180928 15780 15880 15610 15740 9804 15390297 1.71 0.85 -0.25 6249 3555 1.76 0.32
20180927 15790 16060 15630 15780 11888 18818605 2.72 0.89 -0.13 6668 5220 1.28 0.38
20180926 15720 15850 15550 15800 11615 18243108 1.90 0.73 0.06 6999 4615 1.52 0.38
20180925 16100 16100 15710 15790 9800 15547678 2.43 0.62 -1.74 6527 3274 1.99 0.32
20180921 15970 16160 15890 16070 13461 21601680 1.69 0.80 0.63 7866 5594 1.41 0.44
20180920 16010 16140 15800 15970 10724 17149181 2.11 0.57 -0.81 6654 4070 1.63 0.35
20180919 16210 16360 16000 16100 21505 34765936 2.20 1.32 -1.59 12895 8610 1.50 0.70
20180918 15250 16390 15240 16360 23779 37957446 7.55 1.63 7.42 8629 15150 0.57 0.77
20180917 15150 15350 15100 15230 9459 14377755 1.64 0.54 -0.26 5432 4028 1.35 0.31
20180914 15780 15840 15230 15270 18990 29273432 3.86 1.04 -3.42 13507 5483 2.46 0.61
20180913 16180 16260 15500 15810 20158 31764673 4.74 1.21 -1.43 13342 6815 1.96 0.65
20180912 16170 16240 16030 16040 9186 14786361 1.29 0.49 -1.29 6270 2916 2.15 0.30
20180911 16420 16450 16080 16250 15222 24695966 2.23 0.84 -2.17 9956 5266 1.89 0.49
20180910 16560 16630 15990 16610 24003 38997737 3.84 1.48 -0.24 13455 10548 1.28 0.78
20180907 16950 17140 16320 16650 23125 38832743 4.84 1.42 -1.77 13547 9578 1.41 0.75
20180906 16780 17000 16650 16950 11874 19970891 2.06 0.54 -0.29 6682 5192 1.29 0.38
20180905 16720 17000 16460 17000 19147 31839815 3.21 0.91 1.07 11977 7169 1.67 0.62
20180904 16730 16870 16550 16820 12688 21239441 1.91 0.57 0.48 6063 6624 0.92 0.41
20180903 16760 16870 16430 16740 14287 23760091 2.63 0.54 0.06 6981 7306 0.96 0.46
20180831 16700 16930 16430 16730 23451 39104113 2.97 0.90 -0.65 12205 11246 1.09 0.76
20180830 17350 17610 16500 16840 41100 69975815 6.40 1.91 -2.94 26391 14710 1.79 1.33
20180829 17580 17690 17300 17350 13551 23577510 2.21 0.57 -1.64 7242 6309 1.15 0.44
20180828 17800 17830 17500 17640 18868 33277696 1.85 0.70 -1.34 12352 6516 1.90 0.61
20180827 17740 17910 17560 17880 36448 64485967 1.97 1.52 0.68 24388 12059 2.02 1.18
20180824 17880 18380 17700 17760 21031 37913528 3.80 0.84 -0.73 11074 9958 1.11 0.68
20180823 17560 17950 17410 17890 17818 31512046 3.08 0.64 1.88 8292 9526 0.87 0.58
20180822 18160 18330 17480 17560 24531 43569431 4.67 0.71 -3.52 15062 9469 1.59 0.79
20180821 17450 18420 17410 18200 34059 61681172 5.77 0.82 4.06 15569 18490 0.84 1.10
20180820 17540 17860 17200 17490 22640 39604304 3.73 0.45 -1.07 13451 9189 1.46 0.73
20180817 18250 18270 17550 17680 25702 45926313 4.00 0.51 -1.67 16628 9073 1.83 0.83
20180816 18300 18610 17880 17980 33124 60348256 3.92 0.69 -3.54 18984 14140 1.34 1.07
20180815 18520 18980 18180 18640 57491 107680471 4.34 1.41 1.08 31150 26341 1.18 1.86
20180814 18090 18880 17930 18440 69061 128120255 5.20 1.72 0.99 31297 37764 0.83 2.24
20180813 17310 18490 17300 18260 68957 123551787 6.93 2.12 6.29 26623 42334 0.63 2.23
20180810 17600 17600 17060 17180 25177 43343200 3.08 0.79 -2.05 17178 7999 2.15 0.82
20180809 17440 17830 17240 17540 19367 33974773 3.36 0.59 0.00 11757 7609 1.55 0.63
20180808 17820 17820 17410 17540 21961 38718903 2.28 0.62 -2.34 15681 6279 2.50 0.71
20180807 17300 18200 16920 17960 65420 116084451 7.42 2.36 4.06 22864 42557 0.54 2.12
20180806 16480 17460 16200 17260 30451 52168929 7.59 1.04 3.98 15477 14974 1.03 0.99
20180803 16640 16950 16250 16600 22655 37650839 4.20 0.71 -0.30 8737 13919 0.63 0.73
20180802 16360 16660 15900 16650 22361 36401434 4.59 0.58 0.48 13257 9104 1.46 0.72
20180801 16720 17260 16390 16570 37395 63187375 5.25 0.80 0.06 17486 19909 0.88 1.21
20180731 16840 17050 16310 16560 25700 42528527 4.33 0.45 -3.10 18163 7538 2.41 0.83
20180730 16900 17700 16680 17090 38824 66731893 6.07 0.72 1.73 19128 19696 0.97 1.26
20180727 16860 17530 16750 16800 34645 59215993 4.62 0.70 -0.59 15752 18892 0.83 1.12
20180726 17450 17630 16730 16900 55807 94476519 5.13 1.33 -3.59 31993 23815 1.34 1.81
20180725 17910 18130 17410 17530 79079 140217999 4.10 2.69 -0.17 43359 35720 1.21 2.56
20180724 16420 17560 16420 17560 74259 129047411 7.14 4.69 10.03 44083 30176 1.46 2.40
20180723 15320 16070 15110 15960 24557 38622240 6.27 1.95 4.25 7503 17053 0.44 0.80
20180720 15470 15550 15190 15310 13446 20559797 2.31 1.22 -1.80 9529 3916 2.43 0.44
20180719 15050 15640 15050 15590 17826 27483118 3.90 1.80 3.11 8071 9754 0.83 0.58
20180718 15400 15420 15050 15120 16979 25919558 2.40 2.17 -1.75 11353 5627 2.02 0.55
20180717 15380 15410 15130 15390 6426 9809288 1.82 0.88 0.20 3671 2756 1.33 0.21
20180716 15590 15590 15210 15360 8181 12564686 2.43 1.24 -1.79 4474 3707 1.21 0.26
20180713 15870 15870 15600 15640 5915 9299854 1.71 0.92 -1.20 3497 2418 1.45 0.19
20180712 15730 15860 15620 15830 12029 18984491 1.52 2.33 0.51 6719 5310 1.27 0.39
20180711 15750 15790 15380 15750 6593 10269379 2.59 1.26 -0.69 3124 3469 0.90 0.21
20180710 15800 15890 15720 15860 3601 5693510 1.07 0.61 0.25 1895 1706 1.11 0.12
20180709 15630 15850 15630 15820 4970 7842254 1.41 0.75 1.22 1939 3031 0.64 0.16
20180706 15590 15700 15380 15630 5050 7873401 2.05 0.64 0.19 2232 2819 0.79 0.16
20180705 15600 15700 15340 15600 5611 8703826 2.31 0.66 -0.06 1834 3777 0.49 0.18
20180704 15810 15810 15310 15610 6973 10828846 3.17 0.85 -1.01 3397 3576 0.95 0.23
20180703 15920 15920 15610 15770 7058 11096463 1.95 0.65 -0.57 3935 3123 1.26 0.23
20180702 15950 15950 15600 15860 8364 13187693 2.21 0.69 0.13 4179 4184 1.00 0.27
20180629 15650 15870 15500 15840 11526 18076217 2.38 0.77 2.00 4296 7231 0.59 0.37
20180628 15700 15730 15490 15530 8325 12969771 1.52 0.49 -1.65 4289 4035 1.06 0.27
20180627 15900 15900 15580 15790 5580 8761035 2.03 0.30 0.13 2457 3123 0.79 0.18
20180626 15650 15800 15440 15770 20114 31321363 2.30 1.11 0.57 6413 13700 0.47 0.65
20180625 15700 15760 15420 15680 14872 23091140 2.17 0.83 -0.06 5115 9757 0.52 0.48
20180622 15490 15750 15390 15690 25582 39765554 2.34 1.77 2.02 11180 14402 0.78 0.83
20180621 15100 15410 15070 15380 18327 27962519 2.23 1.50 0.79 6784 11543 0.59 0.59
20180620 14900 15320 14780 15260 12692 19126702 3.67 1.15 3.74 5950 6742 0.88 0.41
20180619 15010 15150 14110 14710 19385 28527412 6.83 2.19 -3.35 12208 7177 1.70 0.63
20180615 15180 15330 14950 15220 13454 20278405 2.50 1.68 0.33 8300 5154 1.61 0.44
20180614 15290 15430 15150 15170 8253 12574225 1.82 0.92 -1.49 6627 1626 4.08 0.27
20180613 15250 15540 15190 15400 7107 10927018 2.28 0.79 0.20 3435 3672 0.94 0.23
20180612 15370 15400 15150 15370 7068 10809450 1.63 0.71 0.20 3568 3500 1.02 0.23
20180611 15490 15500 15120 15340 8389 12758558 2.45 0.76 -1.10 5251 3137 1.67 0.27
20180608 15680 15800 15300 15510 9128 14103233 3.19 0.88 -0.89 6523 2605 2.50 0.30
20180607 15680 15830 15620 15650 13167 20714194 1.34 1.44 -0.13 7998 5169 1.55 0.43
20180606 15700 15700 15560 15670 7489 11714718 0.89 0.75 -0.19 4447 3041 1.46 0.24
20180605 15500 15720 15470 15700 11656 18191560 1.61 1.15 1.29 6068 5588 1.09 0.38
20180604 15770 15940 15390 15500 13504 21027680 3.49 1.47 -1.71 10021 3483 2.88 0.44
20180601 16020 16020 15700 15770 6134 9725525 2.00 0.65 -1.62 3602 2532 1.42 0.20
20180531 16010 16170 15880 16030 6814 10915470 1.83 0.72 1.01 3983 2830 1.41 0.22
20180530 16230 16230 15830 15870 11762 18863432 2.46 1.34 -2.46 6701 5061 1.32 0.38
20180529 16720 16820 16200 16270 12491 20524731 3.71 1.56 -2.57 7884 4607 1.71 0.41
20180528 16750 16920 16640 16700 8623 14453414 1.68 1.07 0.00 4435 4188 1.06 0.28
20180525 16900 17020 16670 16700 7858 13205116 2.07 1.03 -1.30 5328 2530 2.11 0.26
20180524 16910 17050 16880 16920 6290 10659102 1.00 0.73 -0.76 3811 2479 1.54 0.20
20180523 17250 17260 16980 17050 8760 14971348 1.62 0.89 -1.39 6297 2463 2.56 0.28
20180522 17240 17340 17150 17290 8530 14718127 1.11 0.90 0.70 3270 5259 0.62 0.28
20180521 17330 17330 17120 17170 8728 15004063 1.23 1.00 0.23 5598 3130 1.79 0.28
20180518 17110 17230 17000 17130 5963 10217664 1.34 0.66 -0.29 3066 2897 1.06 0.19
20180517 17390 17430 17110 17180 11081 19088805 1.84 1.30 -1.43 7111 3971 1.79 0.36
20180516 17340 17700 17160 17430 14669 25513808 3.11 2.17 0.40 6777 7892 0.86 0.48
20180515 17250 17450 17190 17360 6772 11726431 1.51 0.97 0.70 2621 4151 0.63 0.22
20180514 17420 17420 17150 17240 5062 8739308 1.56 0.65 -0.52 3112 1950 1.60 0.16
20180511 17510 17550 17280 17330 7328 12725004 1.55 0.77 -0.69 4059 3269 1.24 0.24
20180510 17430 17610 17330 17450 8717 15211883 1.61 0.74 0.23 4278 4439 0.96 0.28
20180509 17500 17600 17360 17410 5887 10264239 1.37 0.43 -0.57 3531 2355 1.50 0.19
20180508 17560 17620 17430 17510 7773 13621443 1.09 0.45 0.00 4588 3185 1.44 0.25
20180507 17380 17580 17300 17510 9280 16204005 1.61 0.55 0.52 4653 4627 1.01 0.30
20180504 17200 17560 17140 17420 15725 27328334 2.43 1.02 0.64 6924 8801 0.79 0.51
20180503 16830 17440 16750 17310 20068 34222110 4.10 1.45 2.85 6744 13324 0.51 0.65
20180502 17200 17200 16590 16830 15948 26806012 3.59 1.24 -1.00 7684 8264 0.93 0.52
20180427 17670 17800 16810 17000 25724 43956951 5.54 2.63 -4.82 14629 11095 1.32 0.84
20180426 18450 18450 17860 17860 6378 11509957 3.24 0.54 -1.92 4103 2275 1.80 0.21
20180425 27180 27570 27050 27370 9151 24983483 1.90 0.75 -0.07 4925 4227 1.17 0.44
20180424 26710 27490 26310 27390 11976 32378494 4.42 1.02 2.66 5584 6392 0.87 0.58
20180423 27360 27360 26500 26680 10924 29450108 3.16 0.97 -1.95 7353 3570 2.06 0.53
20180420 27600 27600 26860 27210 10384 28221668 2.69 0.89 -0.91 5492 4892 1.12 0.50
20180419 27220 27660 27210 27460 17156 47118572 1.67 1.45 2.20 8838 8318 1.06 0.82
20180418 27090 27140 26450 26870 10568 28259734 2.58 0.90 0.34 5445 5123 1.06 0.51
20180417 27190 27300 26650 26780 9675 26070607 2.40 0.84 -1.07 6206 3469 1.79 0.47
20180416 27330 27520 26920 27070 8550 23249789 2.18 0.67 -1.71 5312 3238 1.64 0.41
20180413 28000 28080 27400 27540 12250 33837225 2.43 1.01 -1.50 7703 4547 1.69 0.59
20180412 27460 28080 27460 27960 18092 50503186 2.27 1.65 2.19 8140 9952 0.82 0.87
20180411 27400 27480 27170 27360 9852 26892794 1.14 0.85 0.29 5684 4168 1.36 0.47
20180410 27000 27290 26900 27280 8897 24086056 1.46 0.75 2.13 3929 4968 0.79 0.43
20180409 27200 27320 26520 26710 14618 39273148 2.93 1.44 -2.09 9729 4889 1.99 0.70
20180404 27110 27550 27080 27280 9348 25533007 1.74 0.94 0.92 3821 5527 0.69 0.45
20180403 27700 27700 26990 27030 12146 33020716 2.55 1.29 -2.84 8696 3450 2.52 0.58
20180402 27660 28000 27410 27820 12670 35090398 2.13 1.49 0.58 5742 6927 0.83 0.61
20180330 27570 27790 27200 27660 10633 29345002 2.15 1.15 0.66 5060 5573 0.91 0.51
20180329 27630 27630 27170 27480 6112 16775382 1.68 0.62 0.26 3352 2760 1.21 0.29
20180328 27530 27840 27180 27410 7929 21760531 2.38 0.76 -1.26 5474 2455 2.23 0.38
20180327 27210 27900 27210 27760 9560 26411844 2.55 0.95 2.55 3507 6054 0.58 0.46
20180326 26800 27180 26490 27070 8341 22401082 2.56 0.90 0.26 3537 4804 0.74 0.40
20180323 27380 27600 26620 27000 14143 38295196 3.53 1.76 -2.84 7610 6533 1.16 0.68
20180322 28440 28500 27700 27790 9651 27083527 2.81 1.19 -2.53 5744 3907 1.47 0.46
20180321 28610 28760 28280 28510 10815 30802565 1.68 1.45 -0.31 6974 3841 1.82 0.52
20180320 28540 28680 28200 28600 7186 20414099 1.68 0.81 0.21 3262 3924 0.83 0.35
20180319 28580 28690 28370 28540 4646 13268210 1.12 0.45 0.14 2056 2591 0.79 0.22
20180316 28330 28760 28330 28500 7813 22301562 1.51 0.68 0.11 4144 3669 1.13 0.38
20180315 28810 28880 28230 28470 10025 28688557 2.26 0.80 -1.18 5516 4509 1.22 0.48
20180314 28520 29030 28520 28810 7667 22159645 1.78 0.51 0.31 2896 4771 0.61 0.37
20180313 29390 29500 28660 28720 14307 41587803 2.86 0.95 -2.25 7329 6978 1.05 0.69
20180312 29130 29500 29030 29380 12211 35788132 1.61 0.70 0.65 5298 6913 0.77 0.59
20180309 29490 29650 29010 29190 13389 39087805 2.20 0.78 0.27 7208 6181 1.17 0.64
20180308 28680 29340 28480 29110 14860 42980901 2.98 0.92 0.80 7821 7039 1.11 0.71
20180307 28550 29480 28500 28880 21069 61060999 3.47 1.56 2.34 11365 9704 1.17 1.01
20180306 28080 28390 28050 28220 14034 39635281 1.21 1.16 0.64 6424 7610 0.84 0.67
20180305 28600 28680 27950 28040 24492 69225497 2.64 2.76 1.34 13087 11405 1.15 1.18
20180302 27600 28050 27520 27670 11035 30575379 1.90 1.44 -0.86 5651 5384 1.05 0.53
20180301 27260 27970 27260 27910 10539 29205604 2.58 1.49 1.45 4530 6009 0.75 0.51
20180228 27080 27530 26820 27510 7537 20641226 2.62 1.06 1.33 2898 4639 0.62 0.36
20180227 27450 27560 27000 27150 7115 19327297 2.05 0.90 -0.55 4243 2872 1.48 0.34
20180226 26640 27400 26560 27300 8125 21973802 3.17 0.98 3.17 3453 4671 0.74 0.39
20180223 26160 26630 26160 26460 4914 12989611 1.79 0.53 0.68 2011 2903 0.69 0.24
20180222 26120 26360 25990 26280 7720 20262086 1.43 0.87 1.78 3487 4233 0.82 0.37
20180214 25860 26340 25680 25820 7750 20062011 2.55 0.85 -0.23 3884 3866 1.00 0.37
20180213 26200 26790 25820 25880 10976 28970002 3.73 1.22 -0.50 7102 3874 1.83 0.53
20180212 25380 26150 25100 26010 10037 25868294 4.18 1.09 3.67 3942 6095 0.65 0.48
20180209 25300 25680 24840 25090 9775 24678047 3.25 0.86 -2.83 5507 4268 1.29 0.47
20180208 25590 25840 25440 25820 5750 14780440 1.57 0.46 1.41 2915 2835 1.03 0.28
20180207 25530 25790 24740 25460 8941 22635201 4.18 0.72 1.35 5357 3584 1.49 0.43
20180206 25960 26390 25020 25120 10495 26992966 5.18 0.82 -4.96 7077 3418 2.07 0.50
20180205 25980 26840 25620 26430 11221 29347381 4.68 0.72 1.30 5102 6119 0.83 0.54
20180202 26780 27150 25900 26090 20523 54139051 4.65 1.12 -3.01 11087 9436 1.17 0.99
20180201 27200 27570 26700 26900 11767 31810763 3.19 0.55 -1.25 7867 3900 2.02 0.57
20180131 27510 27710 27130 27240 7810 21333054 2.10 0.34 -1.48 5052 2758 1.83 0.38
20180130 27800 28080 27550 27650 12306 34208611 1.91 0.52 -0.43 7327 4979 1.47 0.59
20180129 28200 28200 27510 27770 25367 70796090 2.43 1.23 -2.18 17050 8317 2.05 1.22
20180126 27530 28670 27530 28390 34646 97458043 4.25 2.28 5.89 14740 19906 0.74 1.67
20180125 26300 26820 26200 26810 26470 70288762 2.36 2.22 2.09 11260 15210 0.74 1.27
20180124 26510 26560 26180 26260 17045 44775506 1.43 1.52 -0.91 8080 8965 0.90 0.82
20180123 26800 26930 26380 26500 15097 40113749 2.04 1.62 -1.52 7332 7766 0.94 0.73
20180122 26960 27180 26790 26910 9647 26013113 1.45 1.05 -0.07 3827 5820 0.66 0.46
20180119 26670 27070 26530 26930 7625 20508235 2.03 0.87 1.28 3856 3769 1.02 0.37
20180118 26970 26970 26480 26590 10301 27413048 1.83 1.32 -0.56 5052 5250 0.96 0.50
20180117 27220 27220 26520 26740 13349 35621261 2.57 2.10 -1.76 6046 7304 0.83 0.64
20180116 27400 27480 27150 27220 5535 15072481 1.21 0.83 -0.37 3984 1551 2.57 0.27
20180115 27800 27890 27270 27320 8922 24449454 2.23 1.27 -1.73 5703 3219 1.77 0.43
20180112 28130 28130 27760 27800 5914 16494425 1.32 0.81 -0.93 3962 1953 2.03 0.28
20180111 27800 28170 27710 28060 5177 14472515 1.65 0.64 0.54 2827 2350 1.20 0.25
20180110 28010 28010 27720 27910 6171 17170099 1.03 0.76 -0.43 3994 2177 1.83 0.30
20180109 27950 28150 27720 28030 7355 20492294 1.54 0.91 0.61 4701 2654 1.77 0.35
20180108 28420 28670 27750 27860 10422 29221078 3.21 1.54 -2.83 6655 3767 1.77 0.50
20180105 29080 29160 28510 28670 7472 21462763 2.24 1.21 -1.41 5579 1893 2.95 0.36
20180104 28650 29190 28570 29080 9018 26066788 2.16 1.65 1.43 3662 5356 0.68 0.43
20180103 28350 28700 28160 28670 6550 18618465 1.91 1.15 1.20 2836 3714 0.76 0.31
20180102 28500 28780 28130 28330 6800 19259037 2.27 1.15 -0.94 5135 1664 3.09 0.33
20171229 28500 28870 28450 28600 4072 11636556 1.48 0.60 0.78 2148 1924 1.12 0.20
20171228 28270 28530 28270 28380 4431 12605974 0.92 0.59 -0.04 2587 1844 1.40 0.21
20171227 28600 28600 28330 28390 5422 15413952 0.94 0.73 -0.73 3516 1906 1.84 0.26
20171226 28310 28680 28310 28600 7670 21886573 1.30 1.18 0.46 2819 4851 0.58 0.37
20171225 28150 28890 28100 28470 8085 22961069 2.81 1.33 1.43 3872 4213 0.92 0.39
20171222 27320 28230 27320 28070 8066 22558640 3.31 1.50 2.15 3084 4982 0.62 0.39
20171221 27700 27840 27300 27480 8368 22948531 1.95 1.84 -0.94 3976 4393 0.90 0.40
20171220 27770 27950 27440 27740 4774 13235268 1.85 0.98 0.51 2448 2326 1.05 0.23
20171219 27550 27900 27510 27600 3342 9246372 1.42 0.62 0.40 1164 2178 0.53 0.16
20171218 28020 28380 27350 27490 5851 16236535 3.65 1.07 -2.69 3661 2190 1.67 0.28
20171215 28330 28400 28010 28250 4596 12958247 1.38 0.70 0.18 1155 3441 0.34 0.22
20171214 28530 28640 28130 28200 4150 11755717 1.80 0.60 -0.70 2652 1498 1.77 0.20
20171213 27940 28500 27940 28400 6426 18187179 2.00 0.76 1.36 2451 3975 0.62 0.31
20171212 27750 28150 27730 28020 6005 16806335 1.51 0.46 0.68 1916 4089 0.47 0.29
20171211 27660 28250 27650 27830 6244 17382177 2.16 0.47 0.11 2842 3402 0.84 0.30
20171208 27290 27850 27290 27800 9827 27220877 2.05 0.79 1.76 5402 4425 1.22 0.47
20171207 27470 27570 26950 27320 5895 16101892 2.25 0.50 -0.94 3336 2559 1.30 0.28
20171206 26880 27590 26880 27580 14236 38928552 2.63 1.41 2.26 6658 7578 0.88 0.68
20171205 28300 28500 26810 26970 28712 79818932 5.68 5.44 -9.31 16163 12549 1.29 1.38
20171204 29860 30240 29620 29740 7627 22811676 2.07 1.56 -0.60 3643 3984 0.91 0.37
20171201 29300 30040 29290 29920 5556 16547463 2.56 1.26 2.26 1796 3760 0.48 0.27
20171130 29440 29440 29190 29260 3298 9653788 0.85 0.50 -0.27 2093 1205 1.74 0.16
20171129 29330 29500 29090 29340 5461 15972853 1.40 0.79 0.10 3072 2389 1.29 0.26
20171128 29010 29330 29010 29310 4457 13026994 1.10 0.52 0.62 1690 2767 0.61 0.21
20171127 29680 29850 28900 29130 5621 16410940 3.20 0.64 -1.75 3761 1860 2.02 0.27
20171124 29600 29880 29210 29650 3233 9579471 2.28 0.27 0.88 1771 1463 1.21 0.16
20171123 29410 30250 29300 29390 14121 41989581 3.23 1.13 -0.20 6568 7553 0.87 0.68
20171122 29600 29690 29200 29450 6945 20448863 1.66 0.55 -0.14 3381 3564 0.95 0.33
20171121 30030 30050 29390 29490 12564 37334381 2.19 0.91 -2.16 8423 4141 2.03 0.60
20171120 30000 30200 29800 30140 6795 20389037 1.33 0.45 0.43 4245 2550 1.66 0.33
20171117 30900 30950 29800 30010 18512 55847472 3.73 1.31 -2.69 11549 6963 1.66 0.89
20171116 31600 31750 30810 30840 17402 54247996 2.97 1.42 -2.41 12102 5301 2.28 0.84
20171115 31550 31820 31550 31600 7634 24148130 0.85 0.62 -0.09 5379 2255 2.39 0.37
20171114 31880 32090 31530 31630 18369 58219754 1.76 1.70 -0.75 10777 7591 1.42 0.88
20171113 32220 32350 31710 31870 13209 42138391 1.99 1.10 -1.15 8187 5023 1.63 0.64
20171110 32990 33170 32160 32240 14106 45791610 3.06 1.20 -2.27 8861 5246 1.69 0.68
20171109 32650 33020 32600 32990 7871 25877313 1.28 0.63 0.76 2986 4885 0.61 0.38
20171108 32950 33040 32580 32740 7654 25121207 1.40 0.58 -0.27 4456 3198 1.39 0.37
20171107 33150 33200 32580 32830 11261 36848891 1.87 0.73 -0.97 5667 5594 1.01 0.54
20171106 33070 33440 32620 33150 19093 62988633 2.48 1.32 0.39 10372 8721 1.19 0.92
20171103 33470 33700 32950 33020 12700 42296860 2.24 0.75 -1.34 6913 5787 1.19 0.61
20171102 34000 34150 33450 33470 11704 39487343 2.07 0.68 -0.98 7958 3746 2.12 0.56
20171101 33700 34100 33500 33800 11295 38072509 1.77 0.71 -0.27 6769 4526 1.50 0.54
20171031 33190 34100 33150 33890 22856 77273102 2.89 1.86 3.20 9557 13299 0.72 1.10
20171030 33510 33800 32560 32840 13810 45624230 3.70 1.33 -2.03 8568 5242 1.63 0.66
20171027 32600 33780 32460 33520 25169 83839523 4.05 4.09 2.79 9594 15574 0.62 1.21
20171026 32270 32740 31910 32610 13150 42468251 2.59 2.68 1.65 4466 8684 0.51 0.63
20171025 32050 32130 31770 32080 4945 15796486 1.12 0.95 0.09 2713 2233 1.21 0.24
20171024 32080 32110 31800 32050 4344 13873121 0.97 0.68 -0.09 2579 1765 1.46 0.21
20171023 32150 32150 31860 32080 4159 13294824 0.91 0.55 0.12 2405 1754 1.37 0.20
20171020 32280 32420 31750 32040 4181 13341336 2.08 0.49 -0.71 2551 1630 1.57 0.20
20171019 32070 32290 31860 32270 6944 22319188 1.34 0.84 0.50 3321 3623 0.92 0.33
20171018 32300 32300 31970 32110 6435 20623257 1.03 0.67 0.03 3336 3100 1.08 0.31
20171017 31730 32500 31720 32100 10270 33038781 2.44 1.10 0.56 4716 5554 0.85 0.49
20171016 31750 32040 31610 31920 9792 31193473 1.36 1.06 0.76 4379 5413 0.81 0.47
20171013 31420 31680 31330 31680 9618 30305550 1.11 1.00 0.67 5233 4385 1.19 0.76
20171012 31240 31590 31240 31470 5212 16398119 1.12 0.51 0.74 2269 2943 0.77 0.41
20171011 31960 31980 31140 31240 13210 41543369 2.62 1.55 -2.50 8367 4843 1.73 1.05
20171010 31950 32110 31480 32040 9036 28650736 1.97 1.22 0.28 4431 4606 0.96 0.72
20171009 31650 32200 31650 31950 9331 29806829 1.74 1.28 1.33 3183 6148 0.52 0.74
20170929 31950 31950 31450 31530 11517 36444050 1.57 1.91 -0.72 6763 4754 1.42 0.91
20170928 32370 32370 31570 31760 7621 24453202 2.48 1.30 -1.46 4895 2727 1.80 0.61
20170927 32200 32500 32080 32230 5160 16653949 1.30 0.87 -0.40 3617 1543 2.34 0.41
20170926 32700 32820 32150 32360 3452 11177225 2.05 0.51 -0.92 2364 1088 2.17 0.27
20170925 32500 32980 32500 32660 8566 28112723 1.48 1.34 0.40 3779 4787 0.79 0.68
20170922 32470 32650 32260 32530 5323 17263702 1.20 0.81 -0.03 2171 3152 0.69 0.42
20170921 32900 32900 32450 32540 6759 22005821 1.37 1.02 -1.00 4161 2598 1.60 0.54
20170920 32700 32900 32610 32870 5682 18613195 0.88 0.73 -0.15 3014 2668 1.13 0.45
20170919 32970 33000 32700 32920 7396 24321803 0.91 0.85 -0.03 4376 3020 1.45 0.59
20170918 32670 33060 32670 32930 6709 22085357 1.19 0.62 0.86 2634 4074 0.65 0.53
20170915 32560 32660 32380 32650 6247 20303372 0.86 0.53 0.28 2839 3408 0.83 0.50
20170914 32640 32680 32400 32560 7139 23226241 0.86 0.57 -0.25 3522 3617 0.97 0.57
20170913 32640 32780 32100 32640 11648 37844699 2.10 0.88 1.02 5986 5662 1.06 0.93
20170912 32780 32780 32030 32310 11934 38577649 2.30 0.93 -0.74 8524 3410 2.50 0.95
20170911 32510 32840 32280 32550 17358 56335613 1.72 1.53 -0.12 10586 6772 1.56 1.38
20170908 32630 32900 32420 32590 10725 34922200 1.47 0.96 -0.18 4566 6159 0.74 0.85
20170907 33020 33290 32630 32650 10673 35011923 2.00 1.03 -1.06 7464 3209 2.33 0.85
20170906 33370 33570 32740 33000 15736 51947295 2.47 1.66 -1.96 9788 5948 1.65 1.25
20170905 33420 33840 33300 33660 9994 33649173 1.62 0.87 1.08 5185 4809 1.08 0.79
20170904 33440 33550 33100 33300 9578 31845319 1.35 0.80 -0.42 5833 3745 1.56 0.76
20170901 33680 33680 33150 33440 9836 32860113 1.59 0.85 0.30 4837 4999 0.97 0.78
20170831 33000 33830 33000 33340 6445 21521401 2.48 0.54 -0.21 4023 2422 1.66 0.51
20170830 34160 34160 33020 33410 11407 38303009 3.35 0.93 -1.71 6542 4864 1.34 0.91
20170829 33560 34340 33040 33990 19955 67474670 3.87 2.07 1.31 8343 11612 0.72 1.59
20170828 33380 33700 33210 33550 12064 40480965 1.48 1.41 1.18 5625 6439 0.87 0.96
20170825 32880 33360 32710 33160 8177 27136101 1.98 0.99 1.07 2292 5885 0.39 0.65
20170824 32530 33270 32530 32810 7952 26239358 2.25 0.96 -0.27 3481 4472 0.78 0.63
20170823 32600 33200 32330 32900 13470 44097953 2.70 1.54 1.98 6154 7317 0.84 1.07
20170822 32400 32560 32060 32260 6490 20935086 1.54 0.61 -0.74 3117 3373 0.92 0.52
20170821 32360 32800 32060 32500 6778 21935095 2.28 0.68 0.22 3834 2944 1.30 0.54
20170818 32250 32700 31970 32430 6681 21560804 2.24 0.66 -0.55 4152 2529 1.64 0.53
20170817 32660 32900 32380 32610 7946 25903943 1.59 0.82 -0.06 4240 3706 1.14 0.63
20170816 32410 32650 32020 32630 15809 51225850 1.94 1.91 0.46 9968 5841 1.71 1.26
20170815 31240 32600 31230 32480 15589 49798974 4.39 2.21 4.10 5313 10276 0.52 1.24
20170814 30920 31360 30830 31200 3960 12337341 1.72 0.51 1.07 1552 2408 0.64 0.31
20170811 31290 31290 30760 30870 6986 21593565 1.69 0.95 -1.41 4422 2564 1.72 0.56
20170810 31990 32280 31210 31310 5920 18682603 3.36 0.78 -1.76 4245 1675 2.53 0.47
20170809 31470 31980 31120 31870 8961 28298569 2.71 1.28 0.57 3871 5090 0.76 0.71
20170808 31620 32180 31530 31690 9390 29897613 2.06 1.47 0.48 5249 4141 1.27 0.75
20170807 30850 31810 30850 31540 7930 25016152 3.09 1.26 1.68 3011 4919 0.61 0.63
20170804 31050 31340 30810 31020 4503 13977172 1.71 0.67 -0.10 2493 2011 1.24 0.36
20170803 31060 31570 30800 31050 6978 21774475 2.46 1.04 -0.64 3949 3029 1.30 0.55
20170802 31710 31900 31000 31250 6134 19221619 2.84 0.88 -1.45 3233 2901 1.11 0.49
20170801 32350 32400 31410 31710 6318 20161898 3.09 0.89 -1.18 3357 2961 1.13 0.50
20170731 32040 32490 32000 32090 7616 24585316 1.53 1.11 0.47 4294 3322 1.29 0.61
20170728 31500 32150 31500 31940 6750 21534118 2.06 0.97 1.30 2983 3767 0.79 0.54
20170727 31090 31630 30490 31530 6600 20531524 3.69 0.86 2.04 2674 3927 0.68 0.52
20170726 31300 31490 30500 30900 7589 23464438 3.20 0.89 -0.19 3723 3866 0.96 0.60
20170725 31690 31890 30800 30960 7076 22106669 3.44 0.71 -2.24 4663 2413 1.93 0.56
20170724 31700 31970 31230 31670 6192 19528276 2.33 0.58 -0.31 3497 2695 1.30 0.49
20170721 31970 32380 31720 31770 7484 24034081 2.08 0.72 0.00 4469 3016 1.48 0.59
20170720 32850 33220 31600 31770 10039 32219496 4.98 1.07 -2.40 7038 3002 2.34 0.80
20170719 31100 32690 30920 32550 11718 37630259 5.73 1.41 5.34 4608 7110 0.65 0.93
20170718 31840 31910 30410 30900 14554 45069291 4.71 2.13 -2.95 8681 5873 1.48 1.16
20170717 32000 33100 31810 31840 9768 31624712 3.91 1.59 -3.57 5679 4088 1.39 0.78
20170714 32790 33060 32510 33020 6092 19976437 1.68 0.93 0.76 2832 3260 0.87 0.48
20170713 32420 32930 32400 32770 4821 15746985 1.63 0.54 1.08 2237 2585 0.87 0.38
20170712 32670 32910 32050 32420 6247 20237925 2.63 0.55 -0.80 3736 2511 1.49 0.50
20170711 33460 33460 32620 32680 7204 23713616 2.51 0.64 -2.21 4539 2665 1.70 0.57
20170710 33680 33680 33130 33420 6398 21292737 1.63 0.51 -0.98 4237 2161 1.96 0.51
20170707 33600 33810 33280 33750 8237 27686266 1.59 0.64 1.38 3114 5123 0.61 0.65
20170706 33650 33740 33150 33290 16174 53951220 1.75 1.23 -1.19 9354 6820 1.37 1.29
20170705 33040 33780 32760 33690 18612 62609733 3.09 1.73 1.97 6691 11921 0.56 1.48
20170704 32910 33130 32770 33040 6513 21493307 1.09 0.57 0.12 3230 3283 0.98 0.52
20170703 32390 33100 32200 33000 13327 43416330 2.78 1.03 1.88 6297 7030 0.90 1.06
20170630 33330 33330 32120 32390 9333 30304164 3.75 0.73 0.50 6198 3136 1.98 0.74
20170629 31800 32760 31760 32230 18228 59150848 3.15 1.78 1.38 9212 9016 1.02 1.45
20170628 31790 31900 31360 31790 6339 20013512 1.69 0.61 -0.66 4220 2119 1.99 0.50
20170627 31960 32200 31610 32000 9412 30018180 1.85 0.87 0.13 5191 4221 1.23 0.75
20170626 30680 32110 30400 31960 21118 66781667 5.62 2.93 4.96 7434 13684 0.54 1.68
20170623 30200 30520 29910 30450 8927 26958892 2.02 1.35 0.59 4538 4389 1.03 0.71
20170622 30660 30880 30230 30270 5465 16743427 2.11 0.71 -1.72 3962 1502 2.64 0.43
20170621 31170 31170 30710 30800 7334 22638835 1.49 1.05 -0.55 3565 3769 0.95 0.58
20170620 30500 31240 30500 30970 11047 34254071 2.42 1.98 1.24 5489 5557 0.99 0.88
20170619 30700 30700 30370 30590 3307 10098118 1.08 0.53 0.39 1395 1912 0.73 0.26
20170616 30500 30780 30190 30470 5859 17852474 1.92 0.94 -0.97 3320 2538 1.31 0.47
20170615 30510 30900 30480 30770 10913 33592603 1.37 1.40 0.46 4492 6421 0.70 0.87
20170614 30330 30750 30240 30630 3766 11486432 1.67 0.39 0.39 1387 2379 0.58 0.30
20170613 30120 30590 30120 30510 4094 12459455 1.55 0.39 0.59 2167 1927 1.12 0.33
20170612 30160 30600 30030 30330 6387 19405996 1.87 0.59 -0.69 3570 2816 1.27 0.51
20170609 30610 30740 30400 30540 6072 18558000
20170608 30600 31030 30100 30440 18774 57431907 3.04 1.79 -0.62 11750 7024 1.67 1.49
20170607 29460 30680 29180 30630 12509 37646223 5.09 1.33 4.01 5194 7316 0.71 0.99
20170606 28890 29480 28560 29450 8656 25267623 3.17 0.98 1.41 2825 5831 0.48 0.69
20170605 29190 29470 28610 29040 8440 24573941 2.97 0.97 0.24 4598 3842 1.20 0.67
20170602 28980 29200 28310 28970 13748 39479474 3.07 1.97 0.03 7304 6445 1.13 1.09
20170601 30100 30350 28950 28960 9073 26731793 4.60 1.14 -4.92 5613 3459 1.62 0.72
20170531 30760 31160 30320 30460 7200 22127679 2.76 0.95 -0.07 3504 3696 0.95 0.57
20170526 29810 30650 29810 30480 5613 17001379 2.80 0.72 1.46 1928 3685 0.52 0.45
20170525 29940 30050 29200 30040 8031 23884594 2.84 1.15 0.40 3840 4191 0.92 0.64
20170524 29680 30050 29400 29920 4983 14843148 2.19 0.67 0.81 2471 2512 0.98 0.40
20170523 31030 31290 29510 29680 13919 42062627 5.69 2.27 -5.18 8975 4944 1.82 1.11
20170522 32250 32450 31020 31300 5426 17259655 4.43 0.85 -2.98 2799 2627 1.07 0.43
20170519 32480 32650 32130 32260 6732 21731545 1.60 1.10 -0.68 4468 2264 1.97 0.53
20170518 32400 32830 32190 32480 4005 13029392 1.97 0.51 0.00 2011 1994 1.01 0.32
20170517 32500 32950 32340 32480 7233 23618934 1.89 0.90 0.43 3390 3843 0.88 0.57
20170516 31760 32350 31500 32340 7232 23174474 2.67 0.88 1.51 3822 3410 1.12 0.57
20170515 31700 32510 31400 31860 6612 21117012 3.51 0.63 0.73 4345 2267 1.92 0.53
20170512 31380 31700 31110 31630 5610 17725909 1.88 0.49 0.70 2997 2612 1.15 0.45
20170511 31800 31820 30400 31410 12528 39019662 4.45 1.10 -1.47 7183 5345 1.34 1.00
20170510 32900 33140 31820 31880 8057 26227595 4.01 0.72 -3.10 5269 2788 1.89 0.64
20170509 32800 33160 32200 32900 8258 26946205 2.91 0.76 -0.12 4952 3305 1.50 0.66
20170508 34320 34590 32810 32940 17764 59427058 5.14 1.84 -4.96 12152 5611 2.17 1.41
20170505 34480 35260 34470 34660 10131 35287486 2.27 1.00 -0.49 6492 3639 1.78 0.80
20170504 34610 35370 34310 35140 12653 44275362 3.07 1.44 1.71 5386 7267 0.74 1.01
20170503 34460 34720 34200 34550 7451 25699719 1.51 0.88 0.17 4513 2938 1.54 0.59
20170502 34680 34720 34330 34490 6033 20810041 1.13 0.70 -0.23 4257 1776 2.40 0.48
20170428 34900 34900 34160 34570 11989 41353145 2.11 1.54 -1.23 7459 4530 1.65 0.95
20170427 34540 35280 34230 35000 12379 43083647 3.07 1.37 2.34 5535 6844 0.81 0.98
20170426 34300 34700 34030 34200 6135 21090278 1.95 0.47 -0.61 3037 3098 0.98 0.49
20170425 34330 34730 33910 34410 5760 19846715 2.40 0.43 0.88 2501 3259 0.77 0.46
20170424 34430 34700 33850 34110 6548 22430669 2.44 0.41 -2.07 3589 2959 1.21 0.52
20170421 34950 35300 34720 34830 8179 28664182 1.66 0.44 -0.51 4913 3266 1.50 0.65
20170420 34600 35320 34010 35010 18666 64908515 3.74 1.05 0.03 9032 9634 0.94 1.48
20170419 34980 35080 33230 35000 25502 86770742 5.29 1.71 0.14 15273 10229 1.49 2.03
20170418 34870 35370 34870 34950 8729 30654579 1.43 0.51 0.17 4982 3746 1.33 0.69
20170417 35580 35690 34520 34890 18461 64883252 3.30 1.08 -1.72 11759 6702 1.75 1.47
20170414 36710 36790 35480 35500 21205 76527679 3.58 1.41 -3.01 12669 8536 1.48 1.68
20170413 37050 37550 36450 36600 15229 56327417 2.95 0.94 -1.74 8301 6928 1.20 1.21
20170412 37010 37600 36800 37250 10917 40556412 2.15 0.59 0.32 5009 5908 0.85 0.87
20170411 37450 37450 36410 37130 19307 71221752 2.78 1.10 -0.70 10803 8503 1.27 1.53
20170410 37930 38550 37320 37390 18480 70258998 3.26 0.99 -0.85 10344 8136 1.27 1.47
20170407 38120 38300 37600 37710 11340 42921390 1.83 0.58 -1.39 7311 4030 1.81 0.90
20170406 37960 38340 37460 38240 20741 78906155 2.33 1.21 1.24 9061 11680 0.78 1.65
20170405 36670 37930 36650 37770 22512 84393534 3.49 1.43 3.06 10987 11524 0.95 1.79
20170331 36830 37170 36180 36650 14743 53953473 2.66 0.85 -1.53 8120 6623 1.23 1.17
20170330 36800 37800 36610 37220 24034 89416359 3.22 1.32 0.84 10681 13352 0.80 1.91
20170329 37560 37860 36900 36910 15133 56259038 2.58 0.62 -0.97 9270 5863 1.58 1.20
20170328 37470 37690 37190 37270 9365 35004541 1.33 0.32 -0.85 5593 3771 1.48 0.74
20170327 38520 38540 37490 37590 15607 59139276 2.74 0.55 -1.98 8850 6757 1.31 1.24
20170324 38250 38540 37360 38350 22878 86821005 3.09 0.87 0.29 12899 9979 1.29 1.82
20170323 38300 39020 37450 38240 28076 107618332 4.10 1.22 -0.13 12602 15473 0.81 2.23
20170322 37340 38800 37170 38290 46872 179546307 4.35 2.77 2.13 23874 22998 1.04 3.72
20170321 36670 37500 36510 37490 31903 118622554 2.70 2.56 2.38 30704 1199 25.61 2.53
20170320 36020 36800 35730 36620 11631 42132806 2.97 0.92 1.64 5559 6073 0.92 0.92
20170317 36690 36880 35900 36030 12446 45511098 2.68 1.09 -1.50 6156 6290 0.98 0.99
20170316 36310 36680 36260 36580 12028 43894327 1.15 1.11 0.19 6088 5940 1.02 0.96
20170315 35970 36590 35540 36510 16464 59260955 2.90 1.72 0.80 9712 6751 1.44 1.31
20170314 36230 36430 35800 36220 9704 35094321 1.75 0.96 0.36 4151 5552 0.75 0.77
20170313 36150 36270 35600 36090 12266 43998013 1.85 0.98 -0.25 5498 6767 0.81 0.97
20170310 35860 36340 35690 36180 6812 24483706 1.81 0.55 0.81 3124 3688 0.85 0.54
20170309 36450 36480 35850 35890 8698 31329783 1.73 0.73 -1.40 6248 2450 2.55 0.69
20170308 36660 36730 36070 36400 10257 37241317 1.81 0.91 -0.27 5840 4417 1.32 0.81
20170307 36410 36720 36400 36500 12436 45491458 0.87 1.17 -0.30 7062 5374 1.31 0.99
20170306 35690 36870 35690 36610 24473 89311433 3.32 2.65 2.92 10561 13912 0.76 1.94
20170303 35570 35660 35250 35570 6610 23437463 1.16 0.65 0.34 3855 2755 1.40 0.53
20170302 35610 35750 35400 35450 5570 19815911 0.98 0.51 -0.84 2175 3395 0.64 0.44
20170301 35600 35850 35450 35750 7005 24993733 1.12 0.50 0.42 3275 3730 0.88 0.56
20170228 35500 35940 35430 35600 9539 33915906 1.42 0.69 -0.64 6257 3282 1.91 0.76
20170227 36270 36270 35360 35830 17388 62087664 2.51 1.34 -1.35 12226 5162 2.37 1.38
20170224 36800 36800 36270 36320 11147 40604562 1.43 0.86 -1.76 7385 3762 1.96 0.89
20170223 36730 37050 36450 36970 9914 36410141 1.62 0.83 -0.05 6986 2929 2.39 0.79
20170222 36210 37000 36210 36990 22603 83107096 2.18 2.37 2.18 8458 14145 0.60 1.80
20170221 36610 36830 36120 36200 8209 29764501 1.94 0.85 -0.88 4715 3494 1.35 0.65
20170220 36020 36610 35830 36520 13204 47956242 2.16 1.28 1.33 5898 7307 0.81 1.05
20170217 35480 36490 35480 36040 11215 40557276 2.82 0.99 0.75 4988 6227 0.80 0.89
20170216 35700 35880 35600 35770 4242 15162530 0.78 0.32 -0.03 1858 2384 0.78 0.34
20170215 36000 36300 35750 35780 10752 38622470 1.52 0.89 -1.32 6990 3762 1.86 0.85
20170214 36500 36580 36120 36260 9054 32856031 1.26 0.81 -0.55 4351 4703 0.93 0.72
20170213 36020 36480 35880 36460 16464 59664196 1.66 1.82 0.89 7129 9335 0.76 1.31
20170210 35670 36380 35270 36140 16286 58561685 3.10 2.43 0.84 7122 9164 0.78 1.29
20170209 34990 36000 34990 35840 13257 47174554 2.88 2.82 2.14 6438 6819 0.94 1.05
20170208 34750 35120 34620 35090 5360 18678346 1.44 1.23 0.92 2640 2720 0.97 0.43
20170207 35050 35170 34710 34770 4338 15138557 1.31 1.01 -0.86 2281 2056 1.11 0.34
20170206 34890 35240 34680 35070 5870 20525979 1.61 1.30 0.52 2174 3696 0.59 0.47
20170203 34800 34980 34510 34890 4724 16433602 1.35 1.03 0.40 1853 2870 0.65 0.38
20170126 34430 34890 34430 34750 3246 11271980 1.33 0.57 0.43 1595 1650 0.97 0.26
20170125 34660 35120 34500 34600 3600 12492766 1.79 0.60 0.00 1529 2071 0.74 0.29
20170124 34860 34860 34400 34600 4058 14055959 1.32 0.59 -0.75 2304 1754 1.31 0.32
20170123 34150 34900 34150 34860 6912 24015051 2.20 0.73 2.17 2548 4364 0.58 0.55
20170120 33450 34270 33450 34120 5050 17199257 2.43 0.51 0.95 2191 2859 0.77 0.40
20170119 33910 33990 32880 33800 8700 29279037 3.27 0.87 -0.41 4696 4004 1.17 0.69
20170118 33600 34020 33340 33940 5309 17868203 2.01 0.51 0.50 3059 2250 1.36 0.42
20170117 32370 33880 32370 33770 8438 28080956 4.57 0.81 2.21 3882 4556 0.85 0.67
20170116 33800 33800 30610 33040 19731 64407796 9.38 2.02 -2.85 12703 7028 1.81 1.57
20170113 34310 34740 33990 34010 6868 23541137 2.16 0.68 -2.27 3635 3233 1.12 0.55
20170112 34900 35390 34200 34800 9624 33308510 3.39 0.93 -0.88 4355 5269 0.83 0.76
20170111 35200 35500 34800 35110 7669 26880431 1.97 0.64 -1.10 4542 3128 1.45 0.61
20170110 35490 35650 35210 35500 8375 29654383 1.24 0.62 0.03 3520 4856 0.72 0.67
20170109 34800 35580 34750 35490 16189 57239402 2.39 1.26 2.10 9138 7051 1.30 1.29
20170106 34660 34990 34400 34760 8944 30973943 1.69 0.74 -0.32 4272 4672 0.91 0.71
20170105 35670 35670 34830 34870 10674 37412938 2.37 0.89 -1.75 6487 4187 1.55 0.85
20170104 35200 35540 35100 35490 15562 55034142 1.25 1.24 0.88 6133 9428 0.65 1.24
20170103 34650 35260 34300 35180 15940 55606375 2.78 1.46 1.94 6553 9388 0.70 1.27
20161230 34000 34750 33750 34510 12977 44680001 2.94 1.35 1.38 6930 6046 1.15 1.03
20161229 33970 34440 33970 34040 5457 18606908 1.37 0.53 -0.64 3414 2042 1.67 0.43
20161228 34370 34430 33820 34260 10308 35190255 1.79 1.02 0.35 4965 5343 0.93 0.82
20161227 33680 34680 33460 34140 18022 61828999 3.65 2.25 2.18 8435 9587 0.88 1.43
20161226 32600 33480 32470 33410 7679 25328762 3.07 0.97 1.52 3318 4361 0.76 0.61
20161223 33160 33580 32820 32910 6546.08 21658296.000
20161222 33130 33400 33010 33390 8786.18 29223340.000
20161221 32850 33390 32710 33150 9536.75 31633080.000
20161220 32880 32920 32420 32630 7560.97 24693971.000
20161219 33090 33330 32730 32880 7072.81 23232526.000
20161216 32680 33190 32560 33080 8604.11 28395172.000
20161215 32420 32960 32420 32670 8312.07 27164345.000
20161214 32660 33080 32320 32370 7257.14 23703959.000
20161213 32440 32790 32250 32750 7294.66 23789952.000
20161212 33730 33740 32300 32470 19779.35 65460869.000
20161209 33610 34280 33400 34000 14845.32 50467690.000
20161208 34550 34560 33600 33610 19034.33 64747110.000
20161207 34750 34750 34360 34570 12835.23 44304067.000
20161206 34660 35180 34660 34770 7669.46 26780568.000
20161205 34460 34750 34110 34680 9284.55 32090205.000
20161202 35380 35700 34730 34880 17457.05 61274756.000
20161201 35460 35670 35200 35430 13496.24 47752942.000
20161130 35820 36020 35070 35450 17090.10 60652122.000
20161129 36020 36540 35820 35860 21477.00 77676049.000
20161128 36890 37070 36100 36160 30338.77 110920242.000
20161125 36600 37100 36500 36950 14727.27 54176570.000
20161124 37110 37310 36700 36850 18635.00 68744796.000
20161123 37500 37840 36930 37000 25155.10 93854095.000
20161122 38700 38880 37400 37680 32669.50 123604510.000
20161121 37110 38140 36900 37890 42633.19 160287095.000
20161118 36330 37150 36000 36960 34824.51 128229108.000
20161117 36400 36590 35860 36180 18002.49 64977195.000
20161116 36400 36850 36190 36530 17445.30 63657612.000
20161115 36100 37140 36100 36540 28732.21 105339282.000
20161114 36030 36640 35990 36050 21021.08 76150492.000
20161111 36540 36650 36200 36270 21004.00 76325272.000
20161110 36470 36690 36050 36560 28393.35 103355877.000
20161109 36880 36880 35500 36020 36922.21 133594170.000
20161108 37600 37600 36500 36930 37163.42 137229488.000
20161107 36210 38490 36210 37450 69667.75 261811546.000
20161104 36010 36640 35630 36060 35046.37 126744657.000
20161103 35400 36290 35040 36140 59718.65 214420238.000
20161102 35390 36200 35000 35640 48690.61 173696907.000
20161101 35010 36900 34750 36440 80660.49 292608889.000
20161031 35240 35300 34500 34850 83962.15 292641487.000
20161028 36220 36650 35450 35600 90441.24 325707134.000
20161027 37970 38540 36690 37120 144612.65 548204678.000
20161026 34100 35660 34100 35040 58888.46 206254367.000
20161025 34080 34300 33740 33960 18138.64 61608992.000
20161024 33060 34100 32800 34080 41437.77 139866721.000
20161021 33260 33260 32660 33060 17515.85 57752514.000
20161020 33030 33400 33030 33150 11869.41 39396579.000
20161019 33310 33400 32850 33040 11612.79 38516686.000
20161018 32760 33320 32660 33240 15480.73 51135342.000
20161017 33300 33470 32600 32760 20154.00 66407015.000
20161014 33780 33920 32850 33330 18084.11 60474006.000
20161013 33330 33790 33050 33710 24744.82 82881418.000
20161012 33350 33350 32850 33030 12377.01 40950930.000
20161011 33260 33480 33000 33370 15441.00 51319784.000
20161010 33300 33480 32800 33250 16930.90 56208498.000
20160930 32810 33300 32400 33000 16613.61 54848088.000
20160929 32020 32900 31900 32880 24627.35 80205271.000
20160928 31400 32220 31220 32130 25115.70 80096691.000
20160927 31800 32170 30920 31440 35042.68 110118794.000
20160926 32990 33800 32000 32140 38116.23 126340101.000
20160923 32990 33280 32730 33010 19570.76 64639546.000
20160922 32670 33040 32380 33020 25223.21 82494274.000
20160921 32390 32700 32100 32350 15853.55 51322542.000
20160920 32140 32880 32080 32330 21559.88 70148622.000
20160919 32100 32390 31800 31970 18314.25 58610002.000
20160914 31850 32350 31500 32160 17108.33 54563876.000
20160913 32510 32750 31730 32120 29453.26 94447013.000
20160912 32500 32790 31810 32150 33101.43 106923815.000
20160909 34450 34500 33110 33150 39170.58 132494565.000
20160908 33390 34840 33300 34560 52882.78 181864313.000
20160907 33000 34810 32880 33760 61025.15 208283252.000
20160906 31930 32990 31600 32950 24134.19 78366157.000
20160905 32300 32600 31800 32220 13857.82 44751631.000
20160902 32800 32800 31580 32080 30410.32 97501844.000
20160901 33040 33550 32740 32810 20476.05 67859477.000
20160831 33130 33420 32580 33290 28206.54 92997192.000
20160830 33780 33790 32820 33130 40190.24 133156160.000
20160829 31850 34850 31800 33810 87132.74 291722526.000
20160826 31420 32050 31230 31730 27381.22 86815336.000
20160825 31570 31570 30300 31310 19097.86 59310973.000
20160824 30550 31820 30550 31750 35131.09 110859331.000
20160823 30980 30980 30210 30650 13615.36 41759935.000
20160822 31400 31410 30640 30790 17521.96 54093834.000
20160819 31510 31670 31210 31430 15013.42 47160158.000
20160818 31390 31700 31130 31340 13950.07 43806000.000
20160817 31640 32310 31250 31390 21016.96 66629305.000
20160816 31160 32450 30920 31700 35668.97 113643086.000
20160815 30400 31190 30230 31150 18293.29 56556539.000
20160812 30500 30520 29980 30450 11780.04 35594993.000
20160811 30720 30960 30240 30290 15969.17 48727582.000
20160810 30680 31650 30680 30990 36766.15 115205559.000
20160809 29250 31390 29180 30910 41827.80 128483705.000
20160808 28990 29290 28620 29250 10800.68 31365037.000
20160805 28890 29170 28710 29090 8950.69 25936528.000
20160804 28510 28990 28510 28900 9787.53 28131546.000
20160803 28540 28770 28340 28630 12123.86 34612514.000
20160802 28400 28650 28370 28540 9481.00 27027173.000
20160801 29190 29400 28010 28370 18297.27 51796893.000
20160729 30000 30220 29310 29460 15801.00 46896777.000
20160728 29680 30390 29540 29980 14573.70 43617786.000
20160727 31600 31990 29280 30000 35284.31 109264781.000
20160726 31190 31540 31190 31510 13751.77 43135705.000
20160725 31300 31580 31000 31200 12964.11 40475238.000
20160722 31300 31400 31100 31170 13895.28 43353792.000
20160721 31210 31580 31140 31330 16399.59 51429231.000
20160720 31420 31680 31120 31300 17034.31 53493252.000
20160719 31390 31780 31020 31420 23289.73 72774261.000
20160718 31650 32000 31410 31640 26514.82 84181965.000
20160715 31340 31720 31200 31360 17298.38 54324144.000
20160714 31390 32080 31180 31420 28699.05 90691819.000
20160713 31380 31770 31100 31240 33706.38 105721432.000
20160712 30930 31660 30810 31530 28614.65 89446537.000
20160711 31310 31630 30910 30940 35415.88 110663502.000
20160708 32420 32480 31080 31440 46905.93 147952470.000
20160707 33200 34400 31610 32030 112042.80 369644655.000
20160706 29460 32420 29360 32420 57628.38 181634568.000
20160705 29580 29820 29370 29470 24272.96 71883662.000
20160704 28690 29430 28540 29270 23440.28 68454238.000
20160701 28810 29100 28620 28680 17519.85 50493718.000
20160630 29000 29200 28800 28860 20583.55 59615921.000
20160629 28770 29080 28500 28900 23174.98 66800477.000
20160628 28190 28930 28080 28870 28341.01 81005472.000
20160627 27570 28240 27290 28210 17703.46 49449584.000
20160624 28310 28470 26800 27540 24006.21 66589807.000
20160623 27950 29060 27730 28330 29112.47 82945331.000
20160622 27300 28000 27220 27970 17857.62 49452384.000
20160621 27640 28200 27110 27440 19351.24 53736910.000
20160620 27290 27500 26890 27480 15001.57 40914697.000
20160617 26980 27670 26980 27280 16686.18 45581365.000
20160616 27220 27390 26840 26980 14609.87 39533699.000
20160615 26280 27500 26100 27330 17210.42 46641144.000
20160614 26200 26840 26110 26520 11669.30 30820616.000
20160613 27950 28380 26200 26380 23193.42 63832482.000
20160608 28150 28650 27880 28510 22369.81 63508706.000
20160607 28310 28310 27800 28100 13444.26 37643434.000
20160606 28540 28710 27980 28260 17423.34 49275378.000
20160603 28420 28680 28100 28480 22388.23 63770290.000
20160602 28290 28480 27890 28370 21023.62 59282757.000
20160601 29000 29080 28160 28280 32633.32 93060300.000
20160531 27330 28500 27330 28430 29671.34 83224350.000
20160530 26860 27580 26630 27320 20297.10 55304844.000
20160527 26430 27190 26350 27040 23538.99 63243405.000
20160526 26050 26590 25810 26570 17658.81 46155109.000
20160525 26540 26860 26230 26510 16159.81 42917948.000
20160524 26900 26900 26110 26250 14559.94 38450176.000
20160523 26630 26990 26200 26850 17234.55 46086133.000
20160520 25970 26440 25330 26370 14671.29 38122036.000
20160519 26000 26540 25890 25980 16239.26 42499889.000
20160518 27480 27480 25580 25800 33078.43 86907967.000
20160517 27730 28140 27400 27660 18496.45 51316265.000
20160516 27350 27800 27000 27720 16589.18 45625396.000
20160513 27310 28290 27030 27550 25311.00 70230000
20160512 28000 28480 26840 27490 45990.00 125980000
20160511 31810 32680 29800 29820 21069.00 64730000
20160510 64150 64740 63500 63900 13730.00 87970000
20160509 65830 66200 63000 64380 19459.00 125180000
20160506 68400 69880 65210 66000 32846.00 221460000
20160505 63900 68170 63590 68150 33614.00 223240000
20160504 63950 66370 63020 64490 24149.00 156700000
20160503 60150 62300 60060 62270 10531.00 64970000
20160429 60080 61110 59610 60650 7842.00 47450000
20160428 60460 60590 59010 59980 6088.00 36410000
20160427 60300 60860 59920 60020 7585.00 45840000
20160426 59570 60350 59060 60310 6668.00 39770000
20160425 60580 60580 58660 59790 5230.00 31040000
20160422 58840 60490 58840 60270 5751.00 34380000
20160421 59440 60390 58850 58990 7580.00 45250000
20160420 64550 64550 58200 59550 20658.00 125310000
20160419 64750 65250 63000 64210 8175.00 52390000
20160418 65990 65990 63700 64150 10805.00 69660000
20160415 65040 66680 65000 66400 16259.00 107660000
20160414 64800 65130 64000 64940 11686.00 75510000
20160413 64370 65510 64000 64320 13545.00 87800000
20160412 64500 65170 62720 63790 12458.00 79540000
20160411 63070 65190 62990 64640 11729.00 75550000
20160408 63500 64480 61900 62660 15239.00 96050000
20160407 65000 67430 64550 64590 25820.00 170620000
20160406 63320 64790 62700 64720 15829.00 101130000
20160405 62000 63710 61200 63410 16861.00 105820000
20160401 62000 62600 60500 62110 14445.00 89090000
20160331 61600 62900 60790 62230 20075.00 123780000
20160330 59530 61300 59120 61170 19874.00 119530000
20160329 64290 64290 58600 58800 31879.00 192930000
20160328 65100 67690 64000 64830 30675.00 200740000
20160325 62310 63990 61900 63670 19258.00 121300000
20160324 59840 64280 59600 62990 26160.00 164540000
20160323 59160 60500 58200 60500 14711.00 88090000
20160322 57900 60500 57500 59160 16909.00 100540000
20160321 58040 58790 57300 58530 15650.00 90910000
20160318 54990 57550 54690 57010 17375.00 97990000
20160317 53210 54960 53170 54890 14573.00 79180000
20160316 53550 54130 52400 53360 5766.00 30690000
20160315 53870 54330 53010 53550 7269.00 38970000
20160314 52910 54720 52860 54240 11526.00 62480000
20160311 51500 52390 51010 52270 3707.00 19170000
20160310 52000 52890 51780 52070 5558.00 29090000
20160309 52300 52600 51600 52190 5019.00 26190000
20160308 53180 53480 50600 53230 7521.00 39120000
20160307 52120 54010 52120 53450 7603.00 40600000
20160304 53770 54160 51110 51990 8953.00 47010000
20160303 53980 55460 53750 53840 11496.00 62780000
20160302 52150 54390 51080 54210 12138.00 64600000
20160301 51370 52500 50250 52080 9650.00 49800000
20160229 54780 54780 50610 51370 11192.00 57890000
20160226 54580 55870 53570 55040 8754.00 48050000
20160225 60280 60280 54430 54430 14453.00 81910000
20160224 61080 61850 58980 60480 11047.00 66450000
20160223 60980 61990 60460 61550 11395.00 69820000
20160222 60970 61500 60510 60990 11327.00 68980000
20160219 59480 60500 59480 59980 7712.00 46190000
20160218 60750 60990 59590 59830 13600.00 82010000
20160217 58100 61000 57770 60680 15463.00 91760000
20160216 56310 58450 56300 58340 12523.00 72290000
20160215 55080 56180 54660 55830 6409.00 35420000
20160205 56710 56990 56500 56900 10127.00 57460000
20160204 55680 57280 55680 56700 13515.00 76650000
20160203 54960 55850 54120 55550 7356.00 40330000
20160202 54000 55950 53580 55670 10126.00 56040000
20160201 54560 55110 53100 53620 8102.00 43830000
20160129 53000 55490 52060 54820 10655.00 57570000
20160128 55000 55860 52640 52730 7335.00 39830000
20160127 56000 57770 53330 55850 9654.00 52960000
20160126 60500 60800 55400 55890 13797.00 80320000
20160125 61030 61720 60390 61240 8240.00 50360000
20160122 60380 61000 58560 60730 10419.00 62460000
20160121 62480 63300 59410 59490 16324.00 100170000
20160120 63090 64600 62620 62940 11092.00 70430000
20160119 61110 64170 61110 63540 13921.00 87310000
20160118 58970 62480 58040 61780 9485.00 57960000
20160115 60570 62080 59600 60100 12106.00 73840000
20160114 57010 61500 57000 61010 10877.00 64900000
20160113 62940 62940 58010 58610 10313.00 62990000
20160112 61150 62750 58510 61650 10931.00 67330000
20160111 64000 65500 60900 61020 15716.00 99420000
20160108 65980 66650 61330 65260 18085.00 117590000
20160107 69000 69150 63880 63970 4055.00 26730000
20160106 69920 71430 68600 70890 12813.00 89840000
20160105 67000 71430 66600 69810 15762.00 108680000
20160104 76640 76900 69230 69370 12903.00 94980000
20151231 80110 80480 76670 76860 14073.00 109870000
20151230 80800 80800 79000 79790 10202.00 81440000
20151229 78550 80520 78550 80090 14606.00 115910000
20151228 84990 85420 79880 79930 30189.00 248690000
20151225 85050 85670 83540 85560 20772.00 175600000
20151224 82420 86880 82420 85200 29509.00 250010000
20151223 83520 84160 81500 82480 20011.00 164720000
20151222 81100 83880 81100 83380 24528.00 203330000
20151221 79990 82680 79990 80880 17230.00 140540000
20151218 80600 83100 80080 80780 23077.00 188400000
20151217 79670 80800 78790 80770 24625.00 197010000
20151216 76960 79880 76950 78370 17208.00 135790000
20151215 77020 78000 76020 76880 9526.00 73640000
20151214 74200 77000 74200 76990 9397.00 71490000
20151211 77120 77120 75520 75620 11340.00 86440000
20151210 77510 77790 76000 77130 16170.00 124180000
20151209 79800 80880 76760 77150 22257.00 173830000
20151208 79600 82000 78860 80410 22875.00 184250000
20151207 81000 81290 78900 79690 14442.00 115300000
20151204 80010 82250 79000 80820 22239.00 179300000
20151203 77900 80500 77650 80370 19287.00 152630000
20151202 80270 80270 74500 77580 22248.00 171840000
20151201 82750 85490 78700 80720 34443.00 284700000
20151130 78050 83770 75950 82880 34061.00 271170000
20151127 79500 82490 75700 77500 29336.00 232340000
20151126 82410 84960 80400 80810 29693.00 246020000
20151125 82080 83280 80670 82740 32949.00 270530000
20151124 75990 83670 75990 83310 45621.00 371590000
20151123 78300 78880 75690 76060 18706.00 144610000
20151120 74750 78870 74320 77530 20718.00 158880000
20151119 72000 74650 71800 74460 14846.00 108380000
20151118 74450 75570 71060 71650 20184.00 147870000
20151117 77490 79200 74500 74680 20058.00 154000000
20151116 73120 76600 73120 76520 19562.00 147950000
20151113 80000 80460 74010 74610 37776.00 290460000
20151112 79100 84980 79100 81980 39222.00 322440000
20151111 75050 79000 74000 78980 31489.00 244680000
20151110 75300 76300 73030 75060 25739.00 192640000
20151109 73990 78000 73880 76320 36249.00 276310000
20151106 68250 75460 68250 74420 34985.00 253420000
20151105 69600 72000 67980 68770 29009.00 201900000
20151104 68800 70600 68000 69980 26752.00 185970000
20151103 66080 69880 64810 68970 31246.00 211040000
20151102 61550 67990 61300 65940 33500.00 220370000
20151030 63050 63460 61520 62640 11595.00 72540000
20151029 62080 63900 62080 63040 14897.00 94100000
20151028 61700 63100 61500 61800 14615.00 91050000
20151027 61510 63260 59600 62450 19168.00 117150000
20151026 62800 64820 61750 63110 20923.00 132890000
20151023 60320 61740 60060 61460 13802.00 83950000
20151022 58670 60540 58590 60320 14439.00 85760000
20151021 63200 63700 58030 58610 19065.00 116700000
20151020 62500 63360 62310 63070 12411.00 78110000
20151019 63510 64000 62020 62310 13212.00 83000000
20151016 64000 64800 63000 63700 11365.00 72460000
20151015 61030 64300 61030 63770 16218.00 102140000
20151014 60010 65000 59620 62370 27809.00 173420000
20151013 60000 63100 59600 61690 11874.00 72470000
20151012 56880 61160 56870 60960 16863.00 100360000
20151009 56880 57300 55620 56690 9562.00 53940000
20151008 55510 57450 55510 56700 10246.00 57860000
20150930 54700 55130 53530 54130 5114.00 27690000
20150929 54010 54900 53900 54620 4842.00 26350000
20150928 53510 55490 52630 55400 6379.00 34650000
20150925 56200 56990 53000 53550 8864.00 48430000
20150924 55550 57430 55530 56670 8949.00 50610000
20150923 55880 56330 54820 55700 8831.00 49100000
20150922 56110 57500 55310 56630 11725.00 66260000
20150921 53000 56000 52200 55990 10422.00 57240000
20150918 53100 53890 52600 53470 6873.00 36540000
20150917 54290 55700 52700 52870 12793.00 69490000
20150916 50880 54730 50010 54250 11404.00 59680000
20150915 51230 53450 49550 49750 11893.00 60750000
20150914 60100 60600 54060 54060 12718.00 71420000
20150911 58810 60620 58610 60070 7759.00 46190000
20150910 59970 61890 58000 59640 14669.00 88580000
20150909 58800 62200 57980 60430 20442.00 123490000
20150908 53900 58390 53380 58370 14646.00 82410000
20150907 53000 57500 53000 54660 13999.00 77600000
20150902 52800 58980 52100 53160 16309.00 89960000
20150901 60010 62300 57470 57470 17067.00 100080000
20150831 68800 69900 63850 63850 20354.00 135040000
20150828 66020 71000 65640 70940 24814.00 167640000
20150827 64480 66850 60000 65380 20142.00 128080000
20150826 65500 69990 60020 62320 28068.00 183660000
20150825 65500 69050 65420 65420 22911.00 151790000
20150824 74460 77950 72690 72690 20398.00 150460000
20150821 80860 85500 75010 80770 25374.00 205930000
20150820 82260 82900 77640 78590 16865.00 134880000
20150819 76500 84800 75020 83860 26852.00 214450000
20150818 86600 89970 77820 77950 27784.00 231050000
20150817 89000 90020 86200 86470 22210.00 194710000
20150814 93880 95450 90300 91510 21259.00 196170000
20150813 88700 95680 87010 94510 29108.00 267360000
20150812 91010 94000 88000 88910 30273.00 275050000
20150811 89890 99000 88470 94460 42530.00 404650000
20150810 91260 94000 88100 90240 51117.00 465640000
20150807 77900 86020 77900 86020 22398.00 188790000
20150806 80800 83000 75700 78200 44710.00 353800000
20150805 78600 83690 78600 83690 53905.00 447680000
20150804 70140 76080 70140 76080 21938.00 161940000
20150803 70800 72900 67600 69160 24478.00 170800000
20150731 77800 79800 72860 72860 40290.00 307450000
20150730 79900 81830 78020 80960 47848.00 388200000
20150729 74390 74390 74390 74390 9599.00 71410000
20150728 62850 69680 60000 67630 26710.00 176410000
20150727 71650 75500 66050 66050 28384.00 201160000
20150724 75850 80130 72660 73390 25651.00 195990000
20150723 71200 78500 70760 76250 29133.00 218190000
20150722 68000 71980 67590 71390 27376.00 190920000
20150721 66150 68400 65080 67800 15377.00 103210000
20150720 66700 69900 66000 67020 21449.00 145340000
20150717 65280 67990 64500 67480 29881.00 198910000
20150716 65790 69990 62110 64410 24899.00 165190000
20150715 67500 71600 64880 67990 48319.00 326580000
20150714 65050 72350 65020 70020 74484.00 513410000
20150713 64000 68990 63010 68440 67871.00 447950000
20150710 58900 63170 58010 63170 47940.00 299060000
20150709 46990 57430 46990 57430 52314.00 270940000
20150708 52210 52210 52210 52210 1986.00 10360000
20150707 58050 60800 58010 58010 7092.00 41160000
20150706 64490 71500 64450 64450 77572.00 505890000
20150703 71610 71610 71610 71610 1108.00 7930000
20150407 80940 82380 78560 79920 45841.00 368240000
20150403 70710 78030 70300 78030 53330.00 396200000
20150402 70650 71740 70030 70940 24402.00 172820000
20150401 69520 71680 69500 70750 22916.00 161540000
20150331 70820 70820 68230 69900 39335.00 274200000
20150330 72200 74720 72200 72200 55245.00 401310000
20150327 74010 82880 74010 80220 39155.00 309310000
20150326 78100 78100 73000 75350 29538.00 223680000
20150325 69200 75930 69200 75930 39657.00 294470000
20150324 69390 70800 66860 69030 22765.00 156860000
20150323 67720 69880 67720 69640 17401.00 119950000
20150320 66610 68580 66610 67360 12397.00 83790000
20150319 66080 66600 65650 66260 11669.00 77130000
20150318 65000 66460 64830 66380 15260.00 100710000
20150317 65380 65540 64460 64990 12056.00 78270000
20150316 63500 65120 63500 64890 19806.00 127780000
20150313 62300 63300 62300 62890 9432.00 59170000
20150312 62340 62900 61500 61980 8339.00 51800000
20150311 63010 63160 62160 62310 7714.00 48240000
20150310 63050 63880 62730 62930 7597.00 48000000
20150309 63920 63920 62000 63520 8008.00 50360000
20150306 62990 65400 62420 64260 14588.00 93230000
20150305 63050 63110 61950 62390 11900.00 74190000
20150304 62170 63630 61810 63280 14456.00 90910000
20150303 64000 67090 62830 62960 37592.00 244570000
20150227 61740 61740 60810 61690 10223.00 62610000
20150226 58300 61780 58100 61740 16780.00 101650000
20150225 59470 59470 58090 58410 5226.00 30570000
20150217 60100 60100 59330 59370 5274.00 31410000
20150216 60010 60190 59210 59990 5955.00 35570000
20150213 59350 60000 59270 59470 6407.00 38180000
20150212 57290 59500 57200 59070 8473.00 49850000
20150211 57000 57260 56820 57110 4290.00 24470000
20150210 56280 57050 56030 57020 5077.00 28710000
20150209 56390 57300 56030 56200 4366.00 24670000
20150206 57720 57880 56150 56390 8650.00 49120000
20150205 59400 59450 57980 58000 7360.00 43160000
20150204 60050 60490 58920 59000 6497.00 38700000
20150203 58290 60030 58290 59980 7544.00 44820000
20150202 58060 58760 57360 58040 5845.00 33930000
20150130 59620 59700 58550 58580 4708.00 27840000
20150129 59880 60260 59180 59400 5943.00 35430000
20150128 60000 60710 59650 60220 5660.00 34100000
20150127 60860 60980 59510 60370 8896.00 53530000
20150126 60000 61410 59700 60810 9644.00 58480000
20150123 61970 62890 60280 60600 14626.00 90250000
20150122 61400 62590 61100 61980 12024.00 74480000
20150121 61120 61860 60550 61370 15754.00 96120000
20150120 59010 61590 59010 61010 22135.00 134440000
20150119 58400 60690 57000 58860 15168.00 89750000
20150116 57110 59440 57010 58840 9810.00 57300000
20150115 56800 57880 56360 57110 6372.00 36380000
20150114 57250 57390 56100 56720 9373.00 52870000
20150113 55510 57650 55480 57200 10871.00 61450000
20150112 57500 57510 55100 55410 12098.00 67560000
20150109 58300 59170 57700 57730 7743.00 45210000
20150108 58780 59650 58580 58610 5834.00 34480000
20150107 60010 60170 58600 59140 8651.00 51130000
20150106 57580 60490 57580 60200 12169.00 72160000
20150105 59580 59580 57250 58170 9976.00 57740000
20141231 60000 60230 58500 59940 8451.00 50260000
20141230 60490 60800 58880 59470 7442.00 44360000
20141229 61700 61700 59130 60240 9958.00 59810000
20141226 61900 63230 61210 62140 8329.00 51860000
20141225 61750 62580 60800 62010 10149.00 62440000
20141224 59180 62400 59180 61830 16143.00 98970000
20141223 57310 60680 57010 58740 13182.00 77860000
20141222 59850 59870 56350 56930 13059.00 74860000
20141219 62000 63500 60000 60500 15196.00 92810000
20141218 63830 64550 62650 62680 11243.00 71330000
20141217 65890 65890 63200 63920 15817.00 101570000
20141216 67200 67670 65440 65990 12644.00 83770000
20141215 65780 67710 65080 67310 13594.00 90960000
20141212 65990 66420 64810 66120 8921.00 58590000
20141211 65510 66460 64580 66180 12128.00 79410000
20141210 63600 66500 63010 65700 16149.00 105270000
20141209 66500 67430 63110 63260 28745.00 188460000
20141208 68680 68680 67000 67210 21150.00 143300000
20141205 72500 72500 69180 69240 34527.00 243560000
20141204 74700 74700 72800 73000 25151.00 184090000
20141203 73700 75500 72000 74530 30923.00 227160000
20141202 70150 74950 70100 74010 41595.00 305080000
20141201 70000 71630 68680 70540 20657.00 144630000
20141128 69620 70680 68730 69550 23583.00 164460000
20141127 67260 72000 67110 69840 31186.00 217860000
20141126 65810 67350 65710 66550 16080.00 107200000
20141125 67210 67750 65010 65740 28436.00 187610000
20141124 68100 68390 67000 67400 23493.00 158930000
20141121 67000 68300 66810 67150 22605.00 152680000
20141120 65770 67900 65250 67280 19110.00 127890000
20141119 67110 67380 65510 66430 17235.00 114400000
20141118 65640 67770 65080 67440 23546.00 157430000
20141117 65020 67250 64300 65610 24729.00 163280000
20141114 71600 72420 64820 65610 54604.00 368040000
20141113 70750 73500 70400 71720 36395.00 261720000
20141112 69190 73280 68670 72850 44769.00 320810000
20141111 70960 71160 68090 69190 38500.00 267280000
20141110 68370 72300 68370 71160 37161.00 262290000
20141107 69050 72010 67000 68160 51907.00 361040000
20141106 65060 70160 65060 69030 49196.00 336110000
20141105 65780 66920 64500 65490 35461.00 233010000
20141104 62600 67680 62150 66820 56339.00 368410000
20141103 62780 64900 62000 62970 43496.00 276390000
20141031 58800 64300 58500 62390 55002.00 338120000
20141030 58020 59190 57700 58760 38034.00 222780000
20141029 56350 58550 56150 58240 39850.00 229240000
20141028 54800 56450 54800 56150 25501.00 142380000
20141027 56700 56700 53940 53980 34236.00 187110000
20141024 57450 57870 56760 56900 25159.00 143970000
20141023 57350 57980 56890 57380 27547.00 157880000
20141022 59310 60200 57620 57830 47387.00 279520000
20141021 57080 60450 56780 59410 66112.00 388430000
20141020 57500 58300 56650 57090 56463.00 324040000
20141017 64440 64440 56500 58560 128855.00 765030000
20141016 61830 61830 61830 61830 2860.00 17680000
20141015 56210 56210 56210 56210 395.00 2220000
20141014 51100 51100 51100 51100 254.00 1290000
20141013 38710 46450 38710 46450 485.00 2220000
