20180619 15480 15480 14270 14680 15074 22241421 7.78 2.67 -5.66 7111 7964 0.89 2.41
20180615 15880 15880 15500 15560 7489 11683087 2.40 1.28 -1.58 5015 2474 2.03 1.20
20180614 15850 16030 15700 15810 3162 5017404 2.08 0.48 -0.44 1811 1351 1.34 0.51
20180613 16110 16110 15830 15880 6449 10277970 1.75 0.95 -0.87 4152 2298 1.81 1.03
20180612 15950 16040 15700 16020 5313 8458353 2.13 0.72 0.44 2746 2567 1.07 0.85
20180611 16000 16050 15860 15950 5851 9327887 1.18 0.76 -1.18 3202 2649 1.21 0.94
20180608 16180 16210 15860 16140 8415 13505640 2.16 1.07 -0.43 3819 4596 0.83 1.35
20180607 16450 16470 16190 16210 6710 10916138 1.73 0.68 -0.12 4066 2644 1.54 1.07
20180606 16250 16300 16180 16230 7719 12522876 0.74 0.53 -0.49 3847 3872 0.99 1.23
20180605 16160 16320 16150 16310 8021 13016583 1.05 0.36 0.93 3711 4310 0.86 1.28
20180604 16200 16350 16140 16160 7666 12442819 1.29 0.30 -0.80 4657 3009 1.55 1.23
20180601 16350 16380 16060 16290 9205 14897829 1.97 0.34 0.25 5403 3802 1.42 1.47
20180531 16180 16390 16170 16250 16718 27170537 1.36 0.60 0.43 10575 6143 1.72 2.67
20180530 16460 16500 15710 16180 31063 50451616 4.63 1.23 -5.27 18604 12460 1.49 4.97
20180529 17440 18450 16910 17080 47984 84447408 9.11 2.27 1.01 23881 24104 0.99 7.68
20180528 17190 17450 16670 16910 21882 37529537 4.53 0.97 -1.69 13363 8519 1.57 3.50
20180525 16960 17410 16960 17200 17434 30072193 2.63 0.73 0.53 8616 8818 0.98 2.79
20180524 16960 17450 16910 17110 20384 35045852 3.20 0.87 1.36 8570 11815 0.73 3.26
20180523 17010 17260 16850 16880 18860 32246933 2.39 0.86 -1.57 10260 8600 1.19 3.02
20180522 17030 17220 16840 17150 26911 45901347 2.24 1.45 1.12 15173 11738 1.29 4.31
20180521 16940 17040 16690 16960 29045 49105709 2.09 2.04 1.31 12698 16346 0.78 4.65
20180518 16570 16950 16400 16740 24164 40406221 3.32 2.13 1.09 11957 12207 0.98 3.87
20180517 16290 16590 16290 16560 18024 29661131 1.84 1.73 1.66 6587 11437 0.58 2.88
20180516 16400 16470 16230 16290 10959 17943120 1.46 0.98 -0.67 6293 4666 1.35 1.75
20180515 16280 16440 16130 16400 10472 17060382 1.91 0.91 1.05 4675 5797 0.81 1.68
20180514 16200 16390 16150 16230 7597 12336769 1.48 0.66 0.25 4676 2921 1.60 1.22
20180511 16460 16490 16060 16190 9794 15904940 2.62 0.92 -1.52 6433 3361 1.91 1.57
20180510 16460 16500 16310 16440 13195 21635660 1.16 1.41 0.31 7384 5811 1.27 2.11
20180509 16250 16430 16220 16390 14778 24132552 1.29 1.89 0.74 7482 7297 1.03 2.36
20180508 16020 16280 15940 16270 11942 19236232 2.12 1.75 1.56 4522 7420 0.61 1.91
20180507 15860 16090 15770 16020 7997 12772146 2.02 1.10 1.01 4870 3127 1.56 1.28
20180504 15840 16010 15750 15860 5059 8023021 1.63 0.63 -0.81 3660 1399 2.62 0.81
20180503 15790 16090 15650 15990 7072 11245150 2.79 0.69 1.52 2891 4181 0.69 1.13
20180502 15900 16080 15650 15750 6935 10917050 2.72 0.48 -0.51 3897 3038 1.28 1.11
20180427 15880 16050 15800 15830 7106 11294191 1.58 0.49 -0.25 3925 3181 1.23 1.14
20180426 16190 16480 15850 15870 10232 16475359 3.89 0.70 -1.92 6745 3487 1.93 1.64
20180425 16160 16330 16140 16180 8808 14263140 1.16 0.61 -1.04 5398 3410 1.58 1.41
20180424 15920 16390 15550 16350 18396 29509043 5.19 1.44 0.99 8832 9565 0.92 2.94
20180423 16500 17160 16160 16190 28022 46593356 6.29 3.06 1.76 14305 13717 1.04 4.48
20180420 16140 16200 15850 15910 6739 10785546 2.17 0.67 -1.43 3851 2888 1.33 1.08
20180419 16260 16420 16060 16140 10648 17321765 2.24 0.94 0.62 5682 4966 1.14 1.70
20180418 15880 16120 15550 16040 8444 13397776 3.59 0.68 1.07 3758 4686 0.80 1.35
20180417 16290 16420 15820 15870 9884 15837752 3.71 0.79 -1.98 6295 3589 1.75 1.58
20180416 16090 16370 16090 16190 10052 16261985 1.70 0.83 -1.52 6264 3788 1.65 1.61
20180413 16590 16690 16410 16440 11271 18652574 1.69 0.92 -0.78 6515 4756 1.37 1.80
20180412 16600 16750 16550 16570 17091 28471880 1.20 1.59 -0.24 8298 8793 0.94 2.73
20180411 16470 16650 16380 16610 14120 23395555 1.64 1.25 0.91 7058 7062 1.00 2.26
20180410 16210 16520 16210 16460 10144 16633564 1.90 0.63 1.11 5418 4726 1.15 1.62
20180409 16160 16430 16000 16280 8035 13037939 2.63 0.45 -0.31 4536 3499 1.30 1.29
20180404 16220 16670 16180 16330 12199 20057702 3.02 0.65 0.68 6216 5983 1.04 1.95
20180403 16180 16300 16130 16220 9317 15092570 1.03 0.51 -1.76 5820 3497 1.66 1.49
20180402 16720 16770 16360 16510 16905 28007402 2.44 0.97 -1.84 10166 6739 1.51 2.70
20180330 16760 17480 16710 16820 33901 57656897 4.61 2.37 0.60 20800 13101 1.59 5.42
20180329 16650 16820 16360 16720 17349 28818004 2.78 1.42 1.03 9512 7837 1.21 2.78
20180328 16100 16800 16060 16550 15900 26239435 4.55 1.47 1.72 6248 9652 0.65 2.54
20180327 16280 16330 16140 16270 7621 12371499 1.18 0.68 1.12 3860 3761 1.03 1.22
20180326 15410 16110 15310 16090 12304 19401610 5.10 1.25 2.61 3788 8516 0.44 1.97
20180323 15360 15880 15360 15680 18353 28727832 3.22 2.50 -2.79 7713 10640 0.72 2.94
20180322 16170 16380 16020 16130 6870 11108774 2.22 0.76 -0.31 4089 2781 1.47 1.10
20180321 16350 16470 16110 16180 9067 14828957 2.20 0.96 -1.04 5332 3735 1.43 1.45
20180320 16100 16380 15890 16350 9268 14961362 3.03 0.91 1.11 4229 5039 0.84 1.48
20180319 16040 16290 16040 16170 5618 9095160 1.56 0.45 0.75 2763 2855 0.97 0.90
20180316 16060 16190 16030 16050 5910 9515433 0.99 0.35 -0.37 3679 2231 1.65 0.95
20180315 16470 16470 15900 16110 15284 24699155 3.46 0.74 -2.13 10335 4949 2.09 2.45
20180314 16680 16750 16420 16460 11036 18272628 1.98 0.53 -1.38 7518 3518 2.14 1.77
20180313 16650 16830 16650 16690 13109 21909617 1.07 0.64 -1.18 9096 4013 2.27 2.10
20180312 16800 16930 16700 16890 17124 28768600 1.36 0.94 0.24 9918 7206 1.38 2.74
20180309 16940 17500 16730 16850 27889 47267250 4.55 1.85 -0.47 15615 12274 1.27 4.46
20180308 16270 17160 16220 16930 34637 58017508 5.78 3.44 4.06 12065 22572 0.53 5.54
20180307 16520 16570 16220 16270 10548 17291039 2.12 0.98 -1.63 6296 4252 1.48 1.69
20180306 16490 16550 16210 16540 11688 19242106 2.08 0.99 1.16 4449 7239 0.61 1.87
20180305 16400 16420 16270 16350 6623 10822021 0.92 0.38 0.49 3224 3399 0.95 1.06
20180302 16390 16530 16150 16270 11718 19089098 2.30 0.47 -1.39 7359 4359 1.69 1.87
20180301 16440 16610 16100 16500 9811 16133929 3.10 0.41 0.18 5685 4126 1.38 1.57
20180228 16320 16860 16280 16470 13974 23094553 3.52 0.64 -0.12 7287 6687 1.09 2.24
20180227 16660 16680 16400 16490 16712 27604382 1.66 0.86 -2.08 10457 6255 1.67 2.67
20180226 16550 16870 16150 16840 36020 59630581 4.30 2.74 0.48 21431 14590 1.47 5.76
20180223 15890 17070 15800 16760 47471 80040206 8.18 9.40 7.99 26909 20562 1.31 7.59
20180222 15390 15590 15250 15520 5474 8461919 2.24 1.06 2.24 2467 3007 0.82 0.88
20180214 15380 15440 15150 15180 3705 5657205 1.89 0.64 -1.11 2546 1159 2.20 0.59
20180213 15400 15770 15300 15350 4114 6373286 3.05 0.55 -0.32 2758 1356 2.03 0.66
20180212 15390 15450 15160 15400 4970 7618668 1.91 0.67 1.65 1593 3377 0.47 0.80
20180209 15020 15320 15000 15150 6999 10613234 2.06 0.84 -2.70 3703 3296 1.12 1.12
20180208 15380 15700 15230 15570 6137 9550655 3.06 0.63 1.24 3104 3033 1.02 0.98
20180207 15600 15850 15000 15380 6703 10327508 5.53 0.58 0.13 4038 2665 1.52 1.07
20180206 15910 16140 15350 15360 12763 20045170 4.93 1.25 -4.24 8531 4232 2.02 2.04
20180205 16250 16250 15800 16040 4619 7415646 2.77 0.39 -1.41 2777 1842 1.51 0.74
20180202 16200 16710 15660 16270 11641 18810687 6.42 0.99 -0.49 4650 6991 0.67 1.86
20180201 16880 17090 16340 16350 12748 21195941 4.44 1.00 -3.14 7539 5209 1.45 2.04
20180131 17300 17380 16750 16880 15942 27047695 3.64 1.16 -2.37 10072 5870 1.72 2.55
20180130 17290 17450 17280 17290 6233 10804060 0.98 0.37 -0.23 4080 2153 1.90 1.00
20180129 17450 17600 17240 17330 13117 22809817 2.05 0.61 -1.25 8390 4727 1.77 2.10
20180126 17350 17570 17350 17550 10596 18502532 1.26 0.30 0.75 5661 4935 1.15 1.70
20180125 17450 17680 17380 17420 17775 31122350 1.71 0.38 -0.85 11581 6194 1.87 2.84
20180124 17640 17770 17520 17570 20991 36967600 1.42 0.47 0.11 10888 10103 1.08 3.36
20180123 17690 17780 17480 17550 20773 36525955 1.69 0.49 -1.35 12417 8356 1.49 3.32
20180122 18020 18230 17320 17790 37549 66277874 4.99 1.03 -2.41 22172 15377 1.44 6.01
20180119 19510 19980 18160 18230 79038 148985357 9.55 3.57 -4.35 45852 33187 1.38 12.64
20180117 18350 19060 18190 19060 74758 141815083 5.02 7.81 9.98 61134 13624 4.49 11.96
20180116 17000 17370 17000 17330 9074 15635704 2.17 0.93 1.40 4368 4707 0.93 1.45
20180115 17650 17870 17010 17090 11667 20260935 4.88 1.23 -2.95 7213 4454 1.62 1.87
20180112 17850 17910 17590 17610 7613 13497203 1.80 0.69 -1.07 4793 2820 1.70 1.22
20180111 17760 17880 17530 17800 7661 13565609 1.97 0.52 0.23 3723 3938 0.95 1.23
20180110 17830 18030 17610 17760 11865 21123842 2.33 0.56 -1.39 6325 5540 1.14 1.90
20180109 18050 18200 17930 18010 10116 18278949 1.51 0.49 0.45 5573 4543 1.23 1.62
20180108 17960 18130 17910 17930 10239 18396036 1.21 0.52 -0.99 6300 3939 1.60 1.64
20180105 18150 18250 17920 18110 15227 27538949 1.81 0.81 -0.77 7941 7286 1.09 2.44
20180104 18590 18830 18200 18250 26776 49200897 3.38 1.63 -2.09 17564 9212 1.91 4.28
20180103 17990 18990 17970 18640 42728 79699395 5.70 4.44 4.25 19446 23282 0.84 6.84
20180102 17660 18000 17660 17880 7683 13708710 1.92 0.72 0.79 3668 4015 0.91 1.23
20171229 17560 17840 17560 17740 6288 11148446 1.58 0.57 -0.17 3325 2963 1.12 1.01
20171228 17800 17900 17710 17770 10592 18854786 1.08 0.92 0.62 5586 5006 1.12 1.69
20171227 17930 17930 17600 17660 14785 26182077 1.84 1.40 -1.45 7795 6990 1.12 2.37
20171226 17990 17990 17800 17920 8757 15685320 1.07 0.81 0.56 4555 4202 1.08 1.40
20171225 17500 17900 17370 17820 13088 23156465 3.00 1.15 1.02 5826 7262 0.80 2.09
20171222 17670 17690 17550 17640 7763 13694477 0.79 0.54 -0.06 4069 3694 1.10 1.24
20171221 17800 17800 17510 17650 12863 22676016 1.63 0.75 -0.68 6004 6859 0.88 2.06
20171220 17990 18080 17710 17770 10390 18519898 2.06 0.43 -1.11 6555 3835 1.71 1.66
20171219 17890 18030 17880 17970 9680 17375924 0.84 0.22 0.17 5517 4163 1.33 1.55
20171218 18220 18230 17780 17940 15986 28760916 2.46 0.37 -2.02 10072 5913 1.70 2.56
20171215 18250 18560 18050 18310 23624 43120008 2.80 0.56 0.38 11313 12312 0.92 3.78
20171214 18400 18430 18100 18240 26311 47890724 1.77 0.66 -1.99 14916 11395 1.31 4.21
20171213 18910 18930 18030 18610 45392 83508880 4.63 1.39 -4.17 25800 19592 1.32 7.26
20171212 20100 20460 19300 19420 108487 216186279 5.95 8.27 -0.31 71637 36849 1.94 17.36
20171211 19150 19500 19070 19480 14979 28971014 2.26 1.23 2.31 6711 8269 0.81 2.40
20171208 18500 19090 18480 19040 17394 32852657 3.29 1.66 2.70 7865 9529 0.83 2.78
20171207 18880 18880 18300 18540 12638 23359012 3.13 1.29 0.16 6473 6165 1.05 2.02
20171206 17870 18560 17800 18510 9831 17865908 4.26 0.95 3.76 3585 6246 0.57 1.57
20171205 18650 18650 17700 17840 10714 19424980 5.13 1.03 -3.72 6480 4234 1.53 1.71
20171204 18880 18880 18240 18530 10510 19409341 3.38 0.85 -2.11 6201 4309 1.44 1.68
20171201 18830 19100 18750 18930 8848 16782407 1.86 0.62 0.48 5305 3543 1.50 1.42
20171130 18970 19160 18830 18840 9029 17109206 1.74 0.55 -0.74 6262 2767 2.26 1.44
20171129 18780 19000 18610 18980 12711 23963071 2.08 0.78 1.01 5982 6729 0.89 2.03
20171128 18550 18850 18410 18790 10801 20168739 2.36 0.66 0.59 5362 5439 0.99 1.73
20171127 18100 19000 18020 18680 20346 37788946 5.41 1.35 3.03 9835 10510 0.94 3.25
20171124 17700 18170 17500 18130 18063 32291651 3.77 1.04 2.03 8271 9792 0.84 2.89
20171123 18600 18600 17600 17770 20607 37210472 5.38 1.32 -4.41 11871 8736 1.36 3.30
20171122 18760 18860 18520 18590 11325 21138426 1.82 0.70 -0.64 5445 5880 0.93 1.81
20171121 18900 19180 18550 18710 11718 22120394 3.33 0.64 -1.16 6509 5209 1.25 1.87
20171120 18840 19040 18170 18930 13564 25191731 4.61 0.74 0.37 6071 7493 0.81 2.17
20171117 20250 20300 18600 18860 30037 58184031 8.46 1.96 -6.12 18614 11423 1.63 4.81
20171116 20160 20400 20070 20090 11456 23136604 1.63 0.73 -0.99 7434 4022 1.85 1.83
20171115 20360 20530 20270 20290 14489 29508689 1.27 0.91 -0.83 7949 6540 1.22 2.32
20171114 20620 20710 20380 20460 21391 43870333 1.60 1.32 -0.78 11662 9729 1.20 3.42
20171113 20640 20800 20580 20620 13728 28359956 1.06 0.79 -0.39 7680 6049 1.27 2.20
20171110 20840 21030 20600 20700 15380 32052353 2.06 0.75 -0.96 9869 5511 1.79 2.46
20171109 20930 21080 20770 20900 13199 27618566 1.48 0.62 -0.10 6907 6292 1.10 2.11
20171108 20880 21150 20830 20920 15527 32637004 1.52 0.77 -0.43 8824 6703 1.32 2.48
20171107 21120 21240 20810 21010 23168 48587703 2.02 1.32 -1.13 15007 8160 1.84 3.71
20171106 21450 21510 21010 21250 20076 42547712 2.36 1.17 0.14 11180 8896 1.26 3.21
20171103 20960 21360 20860 21220 30978 65573749 2.41 2.10 2.07 16069 14909 1.08 4.96
20171102 20750 21180 20680 20790 16681 34930065 2.42 1.13 0.43 9509 7172 1.33 2.67
20171101 20690 20880 20610 20700 10169 21074156 1.30 0.67 -0.19 5696 4473 1.27 1.63
20171031 20620 20770 20360 20740 9671 19971624 1.99 0.58 0.58 4909 4762 1.03 1.55
20171030 21080 21130 20500 20620 17954 37129145 2.97 0.95 -2.69 10391 7564 1.37 2.87
20171027 21000 21260 20950 21190 19375 40955789 1.47 1.15 0.52 9812 9562 1.03 3.10
20171026 20900 21140 20770 21080 16656 34981716 1.76 0.93 0.29 8182 8474 0.97 2.66
20171025 20940 21100 20740 21020 11915 24978861 1.72 0.64 0.43 5629 6286 0.90 1.91
20171024 21000 21110 20620 20930 18104 37700446 2.30 1.05 -1.69 11369 6735 1.69 2.90
20171023 20800 21680 20610 21290 28655 61001543 5.17 1.80 2.95 11746 16909 0.69 4.58
20171020 20570 20750 20430 20680 9201 18921296 1.56 0.49 1.03 4634 4567 1.01 1.47
20171019 21140 21170 20390 20470 21266 43786342 3.70 1.15 -2.80 12364 8902 1.39 3.40
20171018 21140 21500 20900 21060 15613 33182029 2.84 0.81 -0.38 8758 6855 1.28 2.50
20171017 21150 21400 20950 21140 11650 24690584 2.13 0.60 0.05 6449 5201 1.24 1.86
20171016 21800 21950 21000 21130 22049 47382886 4.38 1.24 -2.58 14198 7851 1.81 3.53
20171013 21120 21800 21040 21690 23749 51120991 3.60 1.47 2.70 8749 15000 0.58 3.80
20171012 21560 21560 21000 21120 19000 40329402 2.60 1.21 -1.77 12163 6837 1.78 3.04
20171011 21870 21900 21480 21500 19376 41859203 1.92 1.34 -1.87 13087 6289 2.08 3.10
20171010 21680 21950 21680 21910 13477 29388490 1.24 0.82 1.01 5793 7684 0.75 2.16
20171009 21980 22000 21580 21690 13065 28427745 1.95 0.81 0.46 7673 5392 1.42 2.09
20170929 21210 21640 21210 21590 15682 33671164 2.02 0.98 1.65 6731 8951 0.75 2.51
20170928 21250 21660 21180 21240 17053 36581255 2.25 1.01 -0.23 8597 8457 1.02 2.73
20170927 21170 21330 21020 21290 12883 27293542 1.47 0.69 1.09 5989 6894 0.87 2.06
20170926 21350 21490 20820 21060 23719 49850606 3.11 1.32 -2.14 13451 10268 1.31 3.79
20170925 21760 21910 21500 21520 11623 25257027 1.89 0.58 -0.78 6904 4719 1.46 1.86
20170922 21730 21860 21620 21690 14838 32250593 1.10 0.72 -0.14 8863 5975 1.48 2.37
20170921 22170 22290 21710 21720 21030 46232019 2.61 0.92 -2.38 13670 7360 1.86 3.36
20170920 22220 22450 21860 22250 22435 49700234 2.66 0.99 0.50 10972 11463 0.96 3.59
20170919 21930 22270 21930 22140 19821 43844610 1.55 0.77 0.87 9696 10125 0.96 3.17
20170918 22070 22150 21680 21950 21298 46560069 2.12 0.78 -0.95 13010 8288 1.57 3.41
20170915 22330 22350 22100 22160 19058 42302798 1.12 0.59 -0.36 10423 8635 1.21 3.05
20170914 22570 22740 22150 22240 31333 70190656 2.60 0.73 -1.90 20317 11016 1.84 5.01
20170913 22430 22870 22410 22670 21911 49661617 2.04 0.49 0.49 11224 10687 1.05 3.51
20170912 23150 23240 22530 22560 35828 81823952 3.09 0.80 -1.87 23086 12742 1.81 5.73
20170911 22820 23070 22770 22990 28449 65198557 1.31 0.57 0.44 15811 12638 1.25 4.55
20170908 23040 23240 22750 22890 43334 99406917 2.10 0.75 -1.76 29136 14197 2.05 6.93
20170907 22800 23800 22760 23300 84019 196392430 4.57 1.64 2.33 36904 47115 0.78 13.44
20170906 23030 23150 22680 22770 33449 76319396 2.04 0.58 -1.21 21170 12279 1.72 5.35
20170905 23010 23200 22840 23050 35037 80661831 1.55 0.48 -0.47 21462 13575 1.58 5.61
20170904 23700 23700 23080 23160 53774 125096424 2.62 0.70 -2.24 31853 21921 1.45 8.60
20170901 23370 24280 23020 23690 80846 191132263 5.42 1.19 1.85 37029 43817 0.85 12.93
20170831 22880 23390 22760 23260 52925 122290766 2.74 0.82 1.17 24877 28048 0.89 8.47
20170830 23350 23490 22910 22990 67197 155968316 2.47 1.16 -2.05 40843 26354 1.55 10.75
20170829 22500 23500 22480 23470 106778 247595246 4.47 2.51 2.85 45920 60858 0.75 17.08
20170828 22600 23580 22170 22820 77158 175596329 6.35 2.29 2.75 34945 42214 0.83 12.34
20170825 21980 22450 21710 22210 35371 77963399 3.38 0.95 1.37 14356 21016 0.68 5.66
20170824 21580 22340 21580 21910 35019 77156713 3.50 0.92 0.78 15592 19427 0.80 5.60
20170823 22090 22260 21550 21740 35539 77511644 3.20 0.94 -1.98 21605 13934 1.55 5.69
20170822 22640 22720 22110 22180 29645 66355174 2.69 0.70 -2.08 18762 10883 1.72 4.74
20170821 22560 22710 22220 22650 33067 74231106 2.17 0.69 0.40 17067 16000 1.07 5.29
20170818 22400 23060 22300 22560 53257 121026395 3.37 1.09 0.04 26999 26258 1.03 8.52
20170817 22300 22640 22020 22550 37844 84520503 2.78 0.77 0.94 18020 19824 0.91 6.05
20170816 22280 22560 22120 22340 35547 79358710 1.96 0.70 -0.62 19828 15719 1.26 5.69
20170815 22880 23050 22370 22480 52334 118669246 2.99 1.04 -1.10 29414 22920 1.28 8.37
20170814 22100 22790 22100 22730 62218 140024923 3.13 1.35 3.18 28165 34053 0.83 9.95
20170811 21400 22690 21320 22030 56754 125042997 6.35 1.23 2.04 26528 30226 0.88 9.08
20170810 22010 22330 21310 21590 39433 85784459 4.59 0.63 -2.92 22946 16487 1.39 6.31
20170809 22310 22800 21930 22240 42461 95069423 3.87 0.55 -0.98 22617 19844 1.14 6.79
20170808 22180 22880 21900 22460 50576 113306129 4.49 0.66 2.84 26880 23695 1.13 8.09
20170807 21970 22600 21720 21840 41492 92170320 4.01 0.58 -0.59 20926 20566 1.02 6.64
20170804 22580 22700 21860 21970 57380 127058730 3.73 0.89 -2.40 33936 23444 1.45 9.18
20170803 23090 23940 22430 22510 121441 281716736 6.58 2.62 -1.87 64720 56721 1.14 19.43
20170802 20990 22940 20750 22940 117175 259686445 10.50 4.36 10.02 49138 68037 0.72 18.74
20170801 20330 20950 20210 20850 45962 95055837 3.64 2.10 2.61 20619 25343 0.81 7.35
20170731 20300 20580 20200 20320 17040 34740742 1.86 0.70 -0.44 10246 6794 1.51 2.73
20170728 20580 20740 20380 20410 22095 45343530 1.74 0.90 -1.45 12306 9790 1.26 3.53
20170727 20110 20760 20100 20710 29571 60761061 3.26 1.23 2.17 12440 17131 0.73 4.73
20170726 20420 20560 20200 20270 19560 39938349 1.76 0.78 -0.69 11044 8516 1.30 3.13
20170725 20580 20780 20270 20410 20947 42810971 2.47 0.77 -1.26 13227 7720 1.71 3.35
20170724 20500 20750 20200 20670 29587 60707410 2.68 0.96 0.63 13881 15706 0.88 4.73
20170721 20900 21020 20510 20540 23290 48286398 2.45 0.76 -1.30 13630 9660 1.41 3.73
20170720 20800 21400 20570 20810 27145 57084901 3.98 0.87 -0.14 14734 12411 1.19 4.34
20170719 20800 20970 20250 20840 24205 50188327 3.45 0.63 -0.10 13244 10960 1.21 3.87
20170718 20380 20950 20000 20860 31013 63866785 4.66 0.78 2.31 15601 15411 1.01 4.96
20170717 22300 22300 20180 20390 48265 100639007 9.49 1.20 -8.73 28339 19926 1.42 7.72
20170714 22550 22680 22300 22340 22878 51340647 1.69 0.46 -0.76 13565 9313 1.46 3.66
20170713 22770 22880 22250 22510 28798 64818286 2.75 0.55 -1.75 16880 11918 1.42 4.61
20170712 22250 22950 21300 22910 61134 135743193 7.42 1.30 2.97 31602 29532 1.07 9.78
20170711 23130 23570 22230 22250 38955 89192098 5.77 0.83 -4.14 24556 14399 1.71 6.23
20170710 23720 23910 23160 23210 48751 114337287 3.11 1.15 -3.65 30772 17979 1.71 7.80
20170707 23610 24440 23500 24090 73285 176453812 3.97 2.13 1.69 31452 41832 0.75 11.72
20170706 23650 23760 23150 23690 41256 96975511 2.59 1.30 0.64 22567 18689 1.21 6.60
20170705 23470 23620 23140 23540 33338 77987478 2.03 1.01 -0.34 18436 14903 1.24 5.33
20170704 23370 23940 23350 23620 37184 88049754 2.52 1.12 1.07 19252 17933 1.07 5.95
20170703 23130 23440 23060 23370 26623 62027542 1.65 0.72 1.26 12055 14568 0.83 4.26
20170630 23350 23490 22860 23080 33454 77436656 2.70 0.78 -1.16 19379 14076 1.38 5.35
20170629 23400 23720 23330 23350 27853 65475866 1.67 0.49 -0.26 15161 12692 1.19 4.46
20170628 24120 24120 23050 23410 39992 93899700 4.45 0.64 -2.58 24405 15588 1.57 6.40
20170627 24000 24490 23890 24030 37673 90919032 2.48 0.53 -0.66 21382 16292 1.31 6.03
20170626 23650 24450 23400 24190 46824 112313872 4.43 0.62 2.02 22510 24314 0.93 7.49
20170623 24000 24120 23300 23710 63146 149451376 3.40 0.79 -1.74 38329 24818 1.54 10.10
20170622 25290 25670 24100 24130 96176 237531692 6.18 1.22 -5.07 60754 35422 1.72 15.39
20170621 25700 25700 25000 25420 68930 174402524 2.72 0.74 -1.05 39189 29741 1.32 11.03
20170620 25400 25970 25360 25690 79268 203489779 2.39 0.81 0.78 37485 41783 0.90 12.68
20170619 25850 26130 25310 25490 68000 174139475 3.20 0.65 -0.51 36493 31507 1.16 10.88
20170616 25400 25990 25210 25620 88579 227186972 3.07 0.73 0.75 44306 44273 1.00 14.17
20170615 25340 25990 25180 25430 90662 231706113 3.18 0.62 -0.08 46815 43847 1.07 14.50
20170614 26530 26840 24970 25450 141932 364142224 7.04 0.84 -4.25 86739 55193 1.57 22.71
20170613 26150 27180 26150 26580 99787 266411643 3.88 0.54 0.15 53810 45976 1.17 15.96
20170612 26350 26950 26130 26540 99008 262586576 3.03 0.47 -1.78 54418 44589 1.22 15.84
20170609 27700 27700 25960 27020 174690 466659000
20170608 29000 29010 27500 27750 216540 610008400 5.26 0.94 -3.28 119046 97494 1.22 34.64
20170607 25800 28690 25720 28690 253231 693873760 11.39 1.04 10.01 112922 140309 0.80 40.51
20170606 25550 26260 24500 26080 185907 469729552 6.73 0.68 -0.31 106748 79159 1.35 29.74
20170605 27400 27950 26000 26160 215895 583625040 7.09 0.77 -4.84 115768 100127 1.16 34.54
20170602 25600 27900 24610 27490 218988 573611936 12.12 0.87 1.25 114100 104889 1.09 35.03
20170601 28000 29370 26900 27150 273050 773093824 8.73 1.27 -4.06 137454 135595 1.01 43.68
20170531 29900 30000 27010 28300 320280 911641008 10.30 1.77 -2.51 175935 144346 1.22 51.24
20170526 28000 29030 27840 29030 340454 978342448 4.51 2.71 10.00 186608 153846 1.21 54.46
20170525 25400 26390 25200 26390 246836 641636800 4.96 2.68 10.00 125850 120985 1.04 39.49
20170524 22050 23990 21610 23990 71025 163962930 10.91 0.67 10.00 42576 28449 1.50 11.36
20170523 23180 23680 21810 21810 100256 226758603 7.72 0.94 -9.99 62577 37679 1.66 16.04
20170522 26600 26600 24200 24230 145570 371295520 9.93 1.45 0.21 77200 68370 1.13 23.29
20170519 23550 24270 23410 24180 63971 152930442 3.64 0.60 2.41 31279 32693 0.96 10.23
20170518 23950 24950 23380 23610 79544 191542955 6.40 0.81 -3.75 46476 33068 1.41 12.73
20170517 24880 26200 24450 24530 139369 351208128 7.18 1.74 0.62 75106 64263 1.17 22.30
20170516 23580 24420 23030 24380 107322 256093226 5.84 1.64 2.35 51995 55327 0.94 17.17
20170515 23600 24740 23200 24120 110266 266280846 6.65 2.03 4.15 53091 57174 0.93 17.64
20170512 21540 23720 21420 23160 96206 221933471 10.67 2.19 7.42 40141 56065 0.72 15.39
20170511 20730 21640 20420 21560 40304 84742957 5.83 0.81 3.11 19392 20912 0.93 6.45
20170510 21740 22100 20700 20910 45856 98056069 6.46 0.84 -3.55 27142 18714 1.45 7.34
20170509 21010 21750 21010 21680 35495 76229284 3.48 0.61 1.83 16797 18698 0.90 5.68
20170508 23090 23220 21200 21290 53084 116967623 8.78 0.87 -7.48 34043 19041 1.79 8.49
20170505 23010 23850 22990 23010 44919 105073454 3.67 0.67 -1.71 24714 20205 1.22 7.19
20170504 23190 24400 22960 23410 69061 164119424 6.11 1.13 -0.72 34717 34344 1.01 11.05
20170503 23230 24650 23010 23580 71179 169828405 7.00 1.31 0.68 37377 33802 1.11 11.39
20170502 23150 23750 22790 23420 53174 124088330 4.11 1.01 0.39 26889 26285 1.02 8.51
20170428 22500 23780 22450 23330 65171 151656110 5.79 1.43 1.52 32625 32546 1.00 10.43
20170427 21750 23500 21510 22980 75009 170636067 9.20 1.87 6.19 35294 39716 0.89 12.00
20170426 21250 21700 20900 21640 41973 90204862 3.76 0.98 1.60 19224 22749 0.85 6.71
20170425 21160 21670 20860 21300 35974 76723560 3.89 0.79 2.31 17566 18408 0.95 5.75
20170424 22380 22580 20600 20820 45068 95144766 8.85 0.86 -6.93 26001 19067 1.36 7.21
20170421 22900 23290 22300 22370 30610 69638088 4.32 0.53 -2.44 18176 12434 1.46 4.90
20170420 23560 23750 22340 22930 46756 107893035 5.95 0.77 -3.21 29146 17610 1.66 7.48
20170419 23150 23820 22000 23690 54692 127091620 7.92 0.74 3.13 24539 30153 0.81 8.75
20170418 22310 23300 22310 22970 51683 118600303 4.38 0.50 1.73 26829 24854 1.08 8.27
20170417 23200 24330 22360 22580 77021 176719863 7.93 0.58 -9.06 45942 31079 1.48 12.32
20170414 25150 25790 24670 24830 56611 142481873 4.35 0.36 -3.61 34764 21847 1.59 9.06
20170413 25390 26500 25000 25760 65261 169110844 5.89 0.37 1.14 34460 30802 1.12 10.44
20170412 27000 27330 25470 25470 120275 314612640 6.57 0.70 -10.00 72887 47388 1.54 19.24
20170411 29600 29880 26820 28300 194750 553910368 10.46 1.37 -3.28 107726 87024 1.24 31.16
20170410 29000 31260 28420 29260 224725 672748608 9.81 1.97 1.11 107209 117516 0.91 35.95
20170407 27190 29580 26580 28940 174936 497775744 10.87 1.72 4.86 82213 92723 0.89 27.99
20170406 27480 28720 27070 27600 159194 443662848 6.20 1.95 3.72 67586 91608 0.74 25.47
20170405 26610 26610 25500 26610 110823 292434336 4.59 1.59 10.00 64021 46803 1.37 17.73
20170331 24140 24800 23800 24190 43683 106234175 4.14 0.59 0.12 23040 20643 1.12 6.99
20170330 25270 25400 23830 24160 81327 199016054 6.22 1.05 -4.32 41475 39851 1.04 13.01
20170329 27380 27790 25150 25250 114191 296675344 9.56 1.49 -8.58 58754 55437 1.06 18.27
20170328 28250 28680 27510 27620 57420 162396763 4.13 0.62 -2.44 28579 28841 0.99 9.19
20170327 28880 29280 28210 28310 51520 147132944 3.71 0.51 -1.77 28448 23072 1.23 8.24
20170324 28520 29270 28260 28820 63155 182254199 3.52 0.49 0.45 32630 30526 1.07 10.10
20170323 29150 29500 27580 28690 101400 292381056 6.56 0.67 -2.05 53489 47911 1.12 16.22
20170322 28930 29650 28710 29290 108662 316610144 3.20 0.62 -0.37 57361 51301 1.12 17.38
20170321 28170 29660 27890 29400 135241 390993424 6.25 0.68 3.85 131863 3378 39.04 21.64
20170320 27980 28480 27240 28310 95488 266952612 4.48 0.45 2.31 46614 48874 0.95 15.28
20170317 29350 29900 27300 27670 202643 579623264 8.65 1.08 -7.95 113041 89602 1.26 32.42
20170316 29000 31300 28880 30060 216568 651334688 8.19 1.30 1.73 118288 98280 1.20 34.65
20170315 27500 29950 27310 29550 229028 661885936 9.48 1.42 6.14 107279 121749 0.88 36.64
20170314 28800 29380 27700 27840 249015 708928672 6.02 1.51 -0.18 132006 117008 1.13 39.84
20170313 25120 27890 24670 27890 153712 407488992 12.70 1.05 10.02 78146 75567 1.03 24.59
20170310 25800 25990 25180 25350 87138 223058820 3.14 0.63 -1.74 49407 37731 1.31 13.94
20170309 26040 26200 25300 25800 116803 299585360 3.42 0.87 -1.90 63973 52830 1.21 18.69
20170308 26720 27130 26090 26300 200275 531169568 3.89 1.79 -1.61 104655 95619 1.09 32.04
20170307 24250 26730 24250 26730 267904 692626720 10.21 3.64 10.00 115598 152305 0.76 42.86
20170306 23820 24400 23760 24300 62724 151465861 2.69 0.77 2.14 27819 34905 0.80 10.03
20170303 24030 24090 23680 23790 49394 117693712 1.70 0.46 -1.45 27927 21467 1.30 7.90
20170302 23590 24550 23480 24140 94586 228209629 4.51 0.85 1.73 48850 45736 1.07 15.13
20170301 24500 24950 23680 23730 84037 204056182 5.28 0.73 -1.29 43705 40332 1.08 13.44
20170228 23800 24130 23410 24040 77052 183047343 3.01 0.59 0.33 40153 36899 1.09 12.33
20170227 24400 24980 23910 23960 103885 253305481 4.35 0.83 -2.56 57360 46525 1.23 16.62
20170224 23820 24950 23760 24590 171626 419578096 4.94 1.47 2.12 83856 87770 0.96 27.46
20170223 23620 24120 23050 24080 119487 282795792 4.51 1.11 1.56 59858 59629 1.00 19.11
20170222 24000 24170 23410 23710 104390 247345291 3.14 0.89 -2.11 57798 46592 1.24 16.70
20170221 22980 24470 22840 24220 154152 366705232 7.06 1.51 4.94 71491 82661 0.86 24.66
20170220 23000 23400 22440 23080 76777 175415249 4.13 0.77 -0.60 42267 34511 1.22 12.28
20170217 22500 23880 22310 23220 130381 300493680 6.98 1.47 3.25 66201 64180 1.03 20.86
20170216 22640 22940 22110 22490 73762 165191396 3.62 0.84 -2.00 41945 31817 1.32 11.80
20170215 22630 24150 22500 22950 150803 352425312 7.29 2.08 1.46 70658 80144 0.88 24.12
20170214 22250 22780 21900 22620 78497 175801302 3.98 1.06 2.21 34866 43632 0.80 12.56
20170213 21550 22340 21380 22130 66504 146577179 4.44 0.78 2.36 33527 32977 1.02 10.64
20170210 22330 22600 21510 21620 72965 161107055 4.89 0.86 -2.92 42589 30376 1.40 11.67
20170209 22650 22880 22200 22270 72547 162757108 2.99 0.91 -2.24 42375 30171 1.40 11.61
20170208 22620 22960 22210 22780 72597 164381573 3.29 0.93 -0.18 38934 33663 1.16 11.61
20170207 23200 23240 22500 22820 87034 198618032 3.15 1.20 -2.85 51035 35999 1.42 13.92
20170206 21970 23550 21970 23490 120538 275987184 7.21 2.13 7.21 58078 62460 0.93 19.28
20170203 20990 22350 20720 21910 73048 158373643 7.77 1.39 4.38 37223 35825 1.04 11.69
20170126 20660 21120 20500 20990 47504 99349673 3.03 0.85 2.44 19453 28051 0.69 7.60
20170125 19910 20860 19880 20490 63217 129615996 4.91 1.18 2.66 30674 32543 0.94 10.11
20170124 20490 20500 19920 19960 58715 117954241 2.83 0.98 -2.49 35796 22919 1.56 9.39
20170123 20310 20850 20310 20470 40152 82662263 2.66 0.59 0.79 21564 18588 1.16 6.42
20170120 19900 20700 19880 20310 53414 108894090 4.09 0.73 1.40 26883 26531 1.01 8.54
20170119 19650 20380 19250 20030 62915 125733982 5.70 0.85 1.01 33368 29547 1.13 10.06
20170118 20020 20190 19730 19830 52889 105322589 2.26 0.68 -2.36 27502 25388 1.08 8.46
20170117 19050 20650 18900 20310 89557 177335428 8.95 1.27 3.83 45930 43627 1.05 14.33
20170116 19360 20070 18500 19560 83292 161927029 8.03 1.26 0.00 41272 42020 0.98 13.32
20170113 20100 20220 19300 19560 76340 150289722 4.57 1.06 -2.78 40547 35792 1.13 12.21
20170112 21010 21180 20070 20120 68066 140117870 5.27 0.83 -4.51 36465 31601 1.15 10.89
20170111 21800 21800 21020 21070 69563 148252539 3.58 0.73 -3.22 36196 33366 1.08 11.13
20170110 22000 22350 21720 21770 54143 119433998 2.84 0.46 -1.76 28589 25554 1.12 8.66
20170109 21950 22480 21850 22160 62957 140016360 2.84 0.48 0.05 25790 37167 0.69 10.07
20170106 23510 23600 22000 22150 106992 242762391 6.75 0.70 -6.54 60363 46629 1.29 17.12
20170105 24290 24620 23500 23700 117513 282142752 4.55 0.60 -3.66 70475 47038 1.50 18.80
20170104 24950 25080 24420 24600 132728 327371168 2.61 0.78 -2.73 78925 53803 1.47 21.23
20170103 23980 25790 23960 25290 172185 430393632 7.60 1.25 5.07 84037 88148 0.95 27.55
20161230 24110 25200 23980 24070 131330 321427280 5.03 1.18 -0.70 70189 61141 1.15 21.01
20161229 24490 25280 23990 24240 208563 513394128 4.87 3.00 -8.49 115051 93512 1.23 33.36
20161228 28340 28340 26460 26490 337989 924174416 7.30 171.08 2.83 195059 142930 1.36 54.07
20161227 25760 25760 25760 25760 5400 13911147 0.00 5.78 9.99 5400 - - 0.86
20161226 23420 23420 23420 23420 3353 7853429 0.00 11.79 10.00 3353 - - 0.54
20161223 21290 21290 21290 21290 695.64 1481018.000
20161222 19350 19350 19350 19350 337.02 652134.000
20161221 17590 17590 17590 17590 92.00 161828.000
20161220 15990 15990 15990 15990 194.36 310782.000
20161219 14540 14540 14540 14540 103.00 149762.000
20161216 13220 13220 13220 13220 264.33 349444.000
