20191129 10180 10270 10010 10080 15899 16077804 2.56 0.57 -0.69 10903 4996 2.18 0.27
20191128 10090 10330 10020 10150 50015 50824276 3.08 2.16 0.69 14027 35988 0.39 0.86
20191127 10090 10140 10030 10080 13218 13324859 1.09 0.47 -0.10 8622 4597 1.88 0.23
20191126 10160 10190 10020 10090 11465 11583099 1.68 0.35 -0.39 7079 4386 1.61 0.20
20191125 10080 10210 9990 10130 24024 24206369 2.17 0.73 0.00 15093 8931 1.69 0.41
20191122 10440 10480 10050 10130 39612 40457029 4.14 1.38 -2.41 28334 11278 2.51 0.68
20191121 10550 10580 10340 10380 27591 28826749 2.31 0.97 -0.29 14423 13168 1.10 0.48
20191120 10700 10850 10390 10410 37392 39270919 4.31 1.45 -2.53 24009 13383 1.79 0.65
20191119 10380 10720 10310 10680 35832 38080538 3.93 1.45 2.50 15775 20057 0.79 0.62
20191118 10410 10530 9970 10420 23651 24466321 5.45 0.80 1.36 11747 11905 0.99 0.41
20191115 10400 10440 10280 10280 18737 19356872 1.55 0.47 -0.58 11904 6832 1.74 0.37
20191114 10320 10550 10200 10340 26029 26897532 3.37 0.55 -0.39 15973 10056 1.59 0.51
20191113 10480 10650 10310 10380 24799 25868482 3.24 0.40 -0.95 15975 8825 1.81 0.49
20191112 10490 10620 10330 10480 30594 32039226 2.75 0.49 -0.76 19685 10910 1.80 0.60
20191111 11000 11000 10530 10560 46832 50046648 4.28 0.77 -3.83 28630 18202 1.57 0.92
20191108 10800 11050 10680 10980 71552 78295761 3.42 1.22 1.39 34371 37181 0.92 1.41
20191107 10780 10890 10520 10830 62997 67682084 3.45 1.25 0.93 29985 33012 0.91 1.24
20191106 10250 10950 10200 10730 98202 104085577 7.34 2.81 4.99 39641 58561 0.68 1.93
20191105 10320 10350 10130 10220 32188 33030032 2.15 0.91 0.10 12641 19546 0.65 0.63
20191104 10180 10330 10100 10210 37658 38490419 2.25 1.07 -0.10 19557 18101 1.08 0.74
20191101 10400 10480 10010 10220 63099 64571840 4.66 2.28 1.39 33509 29591 1.13 1.24
20191031 10190 10260 10030 10080 20560 20833194 2.26 0.74 -1.08 11327 9234 1.23 0.40
20191030 10270 10380 10130 10190 21136 21615371 2.43 0.78 -0.78 12595 8541 1.47 0.42
20191029 10260 10370 10210 10270 33597 34575362 1.56 1.34 0.20 13031 20566 0.63 0.66
20191028 9990 10300 9870 10250 38256 38909421 4.31 1.71 2.71 15876 22381 0.71 0.75
20191025 9820 9980 9630 9980 24854 24342404 3.56 1.17 1.63 9527 15327 0.62 0.49
20191024 9880 9920 9760 9820 20681 20304013 1.61 0.93 -1.01 12717 7964 1.60 0.41
20191023 9940 10060 9860 9920 18180 18084751 1.99 0.70 -1.10 12671 5508 2.30 0.36
20191022 9750 10150 9750 10030 23567 23511079 4.05 0.74 1.62 9790 13777 0.71 0.46
20191021 10050 10070 9710 9870 24550 24107945 3.59 0.68 -1.69 15843 8707 1.82 0.48
20191018 10020 10130 9940 10040 19078 19146622 1.89 0.51 -0.30 10689 8389 1.27 0.38
20191017 10070 10150 10000 10070 25657 25846295 1.51 0.68 1.10 11015 14642 0.75 0.50
20191016 10140 10210 9880 9960 36197 36294137 3.26 1.01 -1.58 23130 13067 1.77 0.71
20191015 10510 10510 10000 10120 53625 54302366 4.89 1.83 -2.88 35497 18129 1.96 1.06
20191014 10180 10550 10180 10420 45561 47461364 3.65 1.78 2.86 15253 30309 0.50 0.90
20191011 10370 10390 10080 10130 26063 26457487 3.03 0.97 -0.98 15984 10079 1.59 0.51
20191010 10130 10300 10100 10230 27891 28514525 1.99 0.84 1.59 10137 17754 0.57 0.55
20191009 10170 10170 10000 10070 25211 25340000
20191008 9980 10380 9980 10190 21547 22087073 3.93 0.39 0.10 10311 11236 0.92 0.42
20190930 10470 10540 10180 10180 26988 27763659 3.44 0.46 -2.77 16521 10467 1.58 0.53
20190927 10560 10560 10310 10470 32054 33477326 2.41 0.52 0.77 17780 14274 1.25 0.63
20190926 10630 10740 10320 10390 61059 63891738 3.96 1.08 -2.07 38314 22744 1.68 1.20
20190925 10700 10800 10450 10610 79523 84578000
20190924 10980 11140 10800 10870 77824 85314776 3.10 1.65 -1.00 40716 37108 1.10 1.53
20190923 10930 11000 10800 10980 43070 46920956 1.82 0.74 -0.18 23849 19221 1.24 0.85
20190920 10860 11050 10860 11000 47018 51605868 1.74 0.77 0.92 22565 24454 0.92 0.93
20190919 10850 10920 10800 10900 36061 39174229 1.11 0.55 0.46 17994 18067 1.00 0.71
20190918 10700 10900 10700 10850 34403 37239915 1.85 0.46 0.28 19569 14834 1.32 0.68
20190917 10770 10960 10750 10820 75163 81672842 1.95 1.01 0.37 34305 40858 0.84 1.48
20190916 11080 11110 10750 10780 100296 109453416 3.21 1.40 -3.75 70317 29979 2.35 1.97
20190912 11130 11210 10910 11200 61350 67713492 2.70 0.76 0.63 33477 27872 1.20 1.21
20190911 11250 11410 11070 11130 55656 62390000
20190910 11280 11350 11110 11180 79491 89279311 2.14 0.82 -0.45 41360 38131 1.08 1.56
20190909 11100 11320 10920 11230 75701 84485801 3.66 0.65 2.74 30840 44862 0.69 1.49
20190906 11120 11180 10910 10930 86269 94870838 2.41 0.78 -2.41 61751 24517 2.52 1.70
20190905 11030 11240 10950 11200 106094 117772692 2.63 1.08 1.63 47732 58363 0.82 2.09
20190904 10910 11100 10830 11020 89764 98406098 2.45 1.01 -0.09 50228 39537 1.27 1.77
20190903 10970 11190 10680 11030 126624 138775000
20190902 10500 11060 10410 10820 177792 190626000
20190830 10330 10550 10210 10220 52628 54571229 3.30 0.72 -0.78 31614 21014 1.50 1.04
20190829 10430 10500 10280 10300 45834 47414452 2.11 0.63 -1.25 27702 18132 1.53 0.90
20190828 10500 10550 10320 10430 41166 42895869 2.20 0.54 -0.38 22314 18853 1.18 0.81
20190827 10360 10590 10360 10470 83929 88016441 2.19 1.19 -0.19 48655 35274 1.38 1.65
20190826 10210 10580 10210 10490 90075 93722166 3.53 1.28 0.19 42053 48022 0.88 1.77
20190823 10190 10570 10130 10470 105455 109730190 4.35 1.79 3.46 54756 50699 1.08 2.07
20190822 10080 10210 9930 10120 45096 45359396 2.78 0.73 0.60 26310 18786 1.40 0.89
20190821 9910 10190 9890 10060 54984 55438208 3.01 0.90 1.00 31322 23662 1.32 1.08
20190820 10130 10200 9950 9960 58336 58663165 2.49 0.93 -0.99 39212 19124 2.05 1.15
20190819 9760 10160 9700 10060 86806 86760582 4.75 1.48 3.93 40017 46789 0.86 1.71
20190816 9650 9860 9640 9680 49030 47814529 2.27 0.86 -0.21 25620 23410 1.09 0.96
20190815 9200 9740 9190 9700 61474 58922239 5.74 1.00 1.25 23533 37941 0.62 1.21
20190814 9770 9820 9580 9580 49105 47516514 2.51 0.66 0.31 28316 20789 1.36 0.97
20190813 9290 9730 9290 9550 65592 62671861 4.69 0.64 1.70 30344 35248 0.86 1.29
20190812 9260 9440 9180 9390 67993 63289000
20190809 9220 9370 9200 9260 42264 39160635 1.83 0.29 -0.22 20765 21499 0.97 0.83
20190808 9260 9320 9040 9280 83259 76313457 3.01 0.58 -0.11 42885 40374 1.06 1.64
20190807 9410 9580 9010 9290 111956 103513926 6.06 0.82 -1.17 64371 47585 1.35 2.20
20190806 9790 9920 9400 9400 209378 199621842 4.98 2.03 -9.96 120987 88391 1.37 4.12
20190805 11020 11510 10370 10440 266260 289872416 10.90 4.76 -0.19 160081 106179 1.51 5.24
20190802 10380 10560 10210 10460 56131 58418521 3.29 1.10 -1.60 30195 25936 1.16 1.10
20190801 10700 10820 10530 10630 71929 76494122 2.71 1.51 -0.65 46331 25598 1.81 1.42
20190731 10230 10730 10150 10700 83112 87096906 5.67 2.07 4.59 32755 50357 0.65 1.64
20190730 10140 10310 10120 10230 39352 40297695 1.88 0.93 1.09 20108 19243 1.04 0.77
20190729 10120 10190 10030 10120 29264 29589996 1.58 0.60 0.00 15733 13531 1.16 0.58
20190726 10040 10180 9970 10120 31088 31335575 2.08 0.57 0.20 17854 13234 1.35 0.61
20190725 10070 10130 9930 10100 54921 54986936 1.99 0.92 0.30 30517 24403 1.25 1.08
20190724 10100 10230 10030 10070 46516 47154503 1.98 0.64 -0.30 27214 19302 1.41 0.92
20190723 10100 10260 9970 10100 49284 49803845 2.83 0.65 -1.37 28963 20321 1.43 0.97
20190722 10180 10300 9850 10240 63663 64460316 4.39 0.76 -0.10 30241 33422 0.90 1.25
20190719 10180 10410 10060 10250 59297 60822715 3.41 0.57 0.00 34227 25071 1.37 1.17
20190718 10380 10380 10010 10250 81001 82365770 3.59 0.77 -0.49 46064 34937 1.32 1.59
20190717 10560 10660 10230 10300 112469 116516699 4.03 1.19 -3.38 67463 45006 1.50 2.21
20190716 10780 10800 10500 10660 64879 68886238 2.84 0.64 0.76 39396 25483 1.55 1.28
20190715 10820 10870 10400 10580 100151 106700577 4.41 0.96 -0.75 54216 45934 1.18 1.97
20190712 10890 11100 10150 10660 162498 170816132 8.82 1.62 -1.02 87409 75089 1.16 3.20
20190711 11030 11170 10730 10860 84915 93014416 4.00 0.84 -1.27 45277 39638 1.14 1.67
20190710 11280 11350 10950 11000 58679 65240353 3.61 0.57 -0.63 34606 24073 1.44 1.15
20190709 10960 11470 10880 11070 103226 115267069 5.41 1.04 1.56 60915 42311 1.44 2.03
20190708 11460 11500 10830 10900 112918 125168055 5.80 1.17 -5.63 74139 38779 1.91 2.22
20190705 10950 11740 10930 11550 141306 160078376 7.48 1.72 6.65 61985 79321 0.78 2.78
20190704 11080 11210 10790 10830 87582 95623114 3.76 1.03 -3.04 55579 32003 1.74 1.72
20190703 10940 11240 10900 11170 73032 80874138 3.08 0.75 1.18 35980 37052 0.97 1.44
20190702 10870 11200 10770 11040 81812 90175315 3.97 0.81 1.85 35402 46410 0.76 1.61
20190701 10840 10980 10700 10840 98342 106834132 2.65 0.94 2.46 58512 39829 1.47 1.93
20190628 10760 10760 10300 10580 69877 73152840 4.33 0.64 -0.47 40895 28982 1.41 1.37
20190627 10700 10890 10520 10630 102450 109306907 3.43 0.93 -1.57 63343 39108 1.62 2.02
20190626 9910 10800 9800 10800 131391 136304915 10.07 1.24 8.76 42065 89326 0.47 2.59
20190625 9910 10170 9760 9930 99981 99484150 4.13 0.90 0.10 50806 49175 1.03 1.97
20190624 9400 9920 9400 9920 118368 115456124 5.47 0.92 4.31 44288 74080 0.60 2.33
20190621 9610 9820 9290 9510 97498 92551045 5.60 0.84 0.42 48659 48840 1.00 1.92
20190620 9190 9670 9170 9470 102849 96847825 5.45 0.98 3.27 50857 51992 0.98 2.02
20190619 8870 9270 8870 9170 112064 102277741 4.54 1.24 3.97 49417 62647 0.79 2.20
20190618 8800 8940 8410 8820 123916 108321718 6.02 1.60 0.11 61191 62724 0.98 2.44
20190617 9660 9710 8810 8810 204011 182392295 9.19 4.73 -10.01 66950 137061 0.49 4.01
20190614 9960 9990 9600 9790 34682 34040271 3.92 0.75 -1.61 18359 16323 1.12 0.68
20190613 10050 10050 9840 9950 48641 48149790 2.10 1.12 -0.70 28055 20585 1.36 0.96
20190612 10160 10270 9990 10020 41305 41861805 2.76 0.79 -1.09 21746 19560 1.11 0.81
20190611 9850 10150 9840 10130 59554 59982284 3.15 0.87 2.95 18203 41352 0.44 1.17
20190610 10080 10090 9800 9840 31264 31023142 2.90 0.44 -1.70 20524 10740 1.91 0.62
20190606 10310 10310 9840 10010 49452 49491490 4.56 0.74 -2.82 33622 15830 2.12 0.97
20190605 10530 10530 10260 10300 36150 37401955 2.60 0.52 -0.96 24556 11594 2.12 0.71
20190604 10810 10950 10320 10400 83411 88926688 5.81 1.26 -4.15 45427 37984 1.20 1.64
20190603 10550 11050 10430 10850 141985 153294798 5.91 2.76 3.43 64687 77298 0.84 2.79
20190531 10390 10520 10180 10490 41024 42601501 3.28 0.73 1.25 21518 19506 1.10 0.81
20190530 10390 10440 10210 10360 32534 33460501 2.21 0.56 -0.48 20728 11806 1.76 0.64
20190529 10310 10510 10160 10410 47678 49555000
20190528 10180 10440 10040 10260 66672 68316027 3.94 1.07 1.08 39936 26736 1.49 1.31
20190527 9910 10200 9820 10150 69099 69194064 3.82 0.99 2.01 33455 35644 0.94 1.36
20190524 9950 9970 9580 9950 63677 62241875 3.92 0.89 0.00 37770 25907 1.46 1.25
20190523 10070 10140 9780 9950 45482 45353216 3.60 0.56 -0.50 27728 17755 1.56 0.89
20190522 10270 10270 9940 10000 50324 50635016 3.25 0.54 -1.57 27000 23324 1.16 0.99
20190521 10300 10370 10060 10160 83718 85637604 3.01 0.89 -1.36 42302 41416 1.02 1.65
20190520 10400 10400 9770 10300 106452 106741811 6.11 1.17 -0.10 53012 53439 0.99 2.09
20190517 10550 10690 10280 10310 69824 73062292 3.87 0.63 -2.64 44029 25795 1.71 1.37
20190516 10260 10720 10220 10590 93437 98255946 4.85 0.74 2.82 44974 48462 0.93 1.84
20190515 10040 10460 9870 10300 115081 117551332 5.94 0.75 3.73 68009 47072 1.44 2.26
20190514 9670 10070 9580 9930 86431 85834853 4.96 0.48 0.51 45697 40734 1.12 1.70
20190513 9980 10060 9680 9880 90479 89322645 3.81 0.48 -1.00 45849 44630 1.03 1.78
20190510 9520 10240 9000 9980 167263 159093258 13.22 0.91 6.40 94386 72876 1.30 3.29
20190509 9270 9510 9050 9380 173303 161116982 4.87 1.02 -0.74 113555 59748 1.90 3.41
20190508 9980 9980 9230 9450 250837 235361823 7.32 1.84 -7.80 162694 88143 1.85 4.93
20190507 11390 11500 10250 10250 221258 230151917 10.97 2.04 -10.01 115856 105402 1.10 4.35
20190506 12000 12560 11390 11390 134830 158460621 9.24 1.41 -10.03 52691 82139 0.64 2.65
20190430 12090 12830 12000 12660 138769 174219368 7.02 1.41 7.02 62019 76750 0.81 2.73
20190429 11970 12420 11600 11830 104559 125581153 6.85 1.23 -1.17 49728 54831 0.91 2.06
20190426 12290 12500 11850 11970 81679 98481295 5.23 0.99 -3.78 39286 42393 0.93 1.61
20190425 12600 12920 12250 12440 82252 103389966 5.33 0.98 -1.03 46815 35437 1.32 1.62
20190424 12080 12570 12070 12570 71224 88249788 4.08 0.83 2.53 26511 44713 0.59 1.40
20190423 12550 12650 11610 12260 151648 184187899 8.06 2.20 -4.96 75400 76248 0.99 2.98
20190422 13100 13250 12880 12900 37933 49242071 2.81 0.46 -2.20 21784 16149 1.35 0.75
20190419 13000 13200 12780 13190 68397 88997899 3.20 0.80 0.38 34540 33857 1.02 1.35
20190418 13050 13300 12650 13140 92460 119046105 4.96 1.01 0.31 46516 45944 1.01 1.82
20190417 13210 13460 13040 13100 80043 106388046 3.19 0.74 -0.38 48420 31623 1.53 1.57
20190416 12940 13220 12720 13150 65972 85639088 3.84 0.51 0.92 31355 34617 0.91 1.30
20190415 13150 13200 12900 13030 105834 138016552 2.33 0.78 1.09 62572 43262 1.45 2.08
20190412 12870 13140 12400 12890 81209 103797624 5.83 0.54 1.50 38542 42668 0.90 1.60
20190411 13340 13340 12610 12700 123992 159137598 5.55 0.84 -3.42 73963 50029 1.48 2.44
20190410 13040 13600 13000 13150 164260 217963113 4.62 1.26 1.15 84035 80225 1.05 3.23
20190409 13450 13870 12790 13000 169522 224180879 7.99 1.43 -3.77 97702 71820 1.36 3.34
20190408 13750 14300 13330 13510 143581 196193366 6.98 1.27 -2.74 85512 58068 1.47 2.82
20190404 13350 13980 13230 13890 148916 202918443 5.63 1.44 4.36 69459 79457 0.87 2.93
20190403 12550 13540 12410 13310 109086 141722372 8.98 1.05 5.72 48492 60595 0.80 2.15
20190402 12450 12750 12350 12590 79533 99533642 3.20 0.70 0.72 37788 41744 0.91 1.56
20190401 12180 12680 12060 12500 112240 139294508 5.11 0.94 2.97 45441 66799 0.68 2.21
20190329 11690 12190 11580 12140 116315 137420784 5.17 0.81 2.97 58406 57909 1.01 2.29
20190328 11900 12190 11720 11790 100112 119960224 3.93 0.68 -1.42 59213 40899 1.45 1.97
20190327 11620 12170 11550 11960 109891 130407356 5.35 0.75 3.19 53649 56242 0.95 2.16
20190326 11590 11800 11410 11590 128302 148665370 3.39 0.88 0.70 70091 58212 1.20 2.52
20190325 11680 11950 11410 11510 142806 165870949 4.58 0.96 -2.37 99409 43397 2.29 2.81
20190322 10850 11950 10750 11790 232519 264961073 11.05 1.77 8.56 90381 142138 0.64 4.57
20190321 10690 10970 10690 10860 123593 134084711 2.63 0.91 2.16 53558 70035 0.76 2.43
20190320 10800 10960 10500 10630 101947 109185921 4.27 0.70 -1.30 58556 43391 1.35 2.01
20190319 11060 11100 10610 10770 124206 134312256 4.39 0.79 -3.49 79321 44885 1.77 2.44
20190318 11110 11420 10870 11160 161244 179841197 5.02 1.00 1.82 95901 65343 1.47 3.17
20190315 10620 11080 10600 10960 146975 159929358 4.49 0.89 2.62 83910 63065 1.33 2.89
20190314 10850 10900 10100 10680 147525 153709561 7.39 0.80 -1.39 73960 73565 1.01 2.90
20190313 10820 11380 10790 10830 145414 160614684 5.34 0.82 -1.90 80608 64806 1.24 2.86
20190312 10800 11290 10590 11040 186184 203743319 6.56 1.18 3.47 70262 115922 0.61 3.66
20190311 10030 10700 9860 10670 183516 188576339 8.37 1.29 6.38 66766 116750 0.57 3.61
20190308 10000 10300 9800 10030 162839 163852922 4.85 1.36 -2.62 88511 74328 1.19 3.20
20190307 9510 10370 9430 10300 241031 235520134 9.97 2.90 9.23 99348 141683 0.70 4.74
20190306 9280 9570 9230 9430 115854 108607008 3.66 1.43 1.62 60491 55363 1.09 2.28
20190305 9050 9280 8970 9280 83335 76323919 3.43 0.88 2.54 33347 49988 0.67 1.64
20190304 9050 9240 8960 9050 107642 97843607 3.11 0.99 0.67 60638 47004 1.29 2.12
20190301 9000 9100 8850 8990 48694 43559808 2.79 0.43 0.33 27320 21374 1.28 0.96
20190228 8930 9080 8810 8960 60711 54493118 3.02 0.51 0.34 29821 30890 0.97 1.19
20190227 8800 9130 8760 8930 105960 94628252 4.16 1.01 0.45 53526 52434 1.02 2.08
20190226 8630 9110 8490 8890 152192 134414882 7.18 1.67 3.01 76594 75598 1.01 2.99
20190225 8190 8740 8190 8630 175121 148138589 6.72 2.53 5.37 77255 97866 0.79 3.45
20190222 8040 8200 7940 8190 77938 62847601 3.21 1.16 1.11 38765 39173 0.99 1.53
20190221 8020 8290 7970 8100 81105 65968818 3.98 1.13 0.75 34361 46744 0.74 1.60
20190220 8100 8130 7930 8040 40029 32102141 2.46 0.46 -1.23 26637 13392 1.99 0.79
20190219 8060 8200 7920 8140 82028 66167961 3.48 0.86 1.12 43773 38255 1.14 1.61
20190218 7760 8080 7760 8050 65632 52227385 4.12 0.67 3.74 28201 37431 0.75 1.29
20190215 7790 7880 7700 7760 65928 51335630 2.31 0.69 -0.39 34378 31550 1.09 1.30
20190214 7560 7860 7460 7790 103697 79378808 5.28 1.21 2.77 45590 58107 0.78 2.04
20190213 7530 7590 7390 7580 115581 86577069 2.65 1.51 0.53 57648 57934 1.00 2.27
20190212 7340 7750 7330 7540 123754 93401451 5.70 1.88 2.31 55373 68381 0.81 2.43
20190211 7090 7400 7000 7370 80365 58023614 5.67 1.33 4.39 31570 48795 0.65 1.58
20190201 6930 7100 6900 7060 51579 36218920 2.88 0.85 1.58 24061 27518 0.87 1.01
20190131 6930 7050 6780 6950 57188 39445104 3.85 0.94 -0.86 34954 22234 1.57 1.13
20190130 6960 7020 6810 7010 69102 47606904 3.00 1.33 0.00 36259 32842 1.10 1.36
20190129 6900 7240 6740 7010 71391 49373089 7.22 1.61 1.15 39216 32175 1.22 1.40
20190128 6880 7000 6880 6930 53428 37108208 1.74 1.20 0.43 32093 21334 1.50 1.05
20190125 6920 6970 6900 6900 53568 37107743 1.01 1.18 -0.14 34224 19344 1.77 1.05
20190124 7050 7050 6880 6910 56912 39455986 2.41 1.28 -1.99 36037 20875 1.73 1.12
20190123 7020 7080 7000 7050 24127 16984817 1.14 0.53 0.43 12903 11224 1.15 0.47
20190122 7120 7140 6960 7020 33995 23933793 2.54 0.75 -1.13 21178 12817 1.65 0.67
20190121 7070 7240 7050 7100 54602 38981199 2.69 1.29 0.42 25575 29027 0.88 1.07
20190118 6990 7080 6920 7070 57821 40543327 2.29 1.40 1.29 28118 29703 0.95 1.14
20190117 7180 7180 6970 6980 51710 36422277 2.94 1.26 -2.38 35762 15948 2.24 1.02
20190116 7140 7210 7110 7150 29920 21417824 1.40 0.54 0.14 16279 13641 1.19 0.59
20190115 7100 7160 7070 7100 39448 28077799 1.27 0.57 -0.14 19829 19619 1.01 0.78
20190114 7100 7160 7070 7100 39448 28078000
20190111 7140 7160 7030 7110 52840 37517000
20190110 7160 7250 7120 7140 50404 36190000
20190109 7340 7340 7100 7180 102562 74094844 3.27 1.68 -2.18 63668 38893 1.64 2.02
20190108 7100 7790 7010 7340 101484 74150720 10.88 1.83 2.37 55851 45633 1.22 2.00
20190107 7130 7220 7110 7170 41345 29643692 1.55 0.58 0.99 23823 17522 1.36 0.81
20190104 6810 7110 6810 7100 53456 37339743 4.32 0.73 2.16 24813 28643 0.87 1.05
20190103 7030 7150 6860 6950 60429 42305036 4.11 0.88 -1.56 41616 18813 2.21 1.19
20190102 7250 7260 6920 7060 49308 34994090 4.73 0.70 -1.81 31499 17809 1.77 0.97
20181228 7200 7280 6960 7190 73449 52610661 4.45 0.99 0.00 38853 34597 1.12 1.45
20181227 7600 7650 7170 7190 118814 87194572 6.30 1.60 -5.64 76617 42197 1.82 2.34
20181225 7740 7740 7400 7620 63550 48140501 4.36 0.84 -2.31 32034 31516 1.02 1.25
20181224 7660 7920 7600 7800 39315 30579593 4.16 0.40 1.30 19505 19810 0.98 0.77
20181221 7720 7790 7610 7700 57810 44479102 2.33 0.62 -0.13 33045 24765 1.33 1.14
20181220 7460 7730 7410 7710 92220 69967649 4.32 1.09 4.05 43623 48597 0.90 1.81
20181219 7770 7840 7380 7410 118306 89508195 5.93 1.83 -4.51 68354 49953 1.37 2.33
20181218 7800 7960 7720 7760 71678 56222000
20181217 8530 8600 7790 8000 149128 118844920 9.36 4.42 -7.51 88015 61113 1.44 2.93
20181214 8930 9050 8600 8650 34089 30026948 5.01 0.94 -3.78 21112 12977 1.63 0.67
20181213 8790 9150 8690 8990 48583 43493795 5.25 1.37 2.63 24340 24242 1.00 0.96
20181212 8730 8840 8680 8760 20435 17910634 1.83 0.51 0.11 8959 11476 0.78 0.40
20181211 8750 8840 8580 8750 29603 25839503 3.01 0.74 1.39 13363 16240 0.82 0.58
20181210 8770 8970 8600 8630 36166 31610236 4.16 0.83 -3.03 17009 19157 0.89 0.71
20181207 9040 9170 8760 8900 45875 41082471 4.51 1.15 -2.09 23051 22824 1.01 0.90
20181206 9120 9260 8840 9090 45830 41600129 4.57 1.21 -1.09 25187 20643 1.22 0.90
20181205 8870 9300 8820 9190 42088 38399637 5.31 1.10 1.66 16869 25219 0.67 0.83
20181204 9040 9090 8930 9040 29807 26909906 1.77 0.78 0.00 16911 12896 1.31 0.59
20181203 8920 9240 8870 9040 53546 48454746 4.24 1.16 3.67 25954 27593 0.94 1.05
20181130 8490 8790 8480 8720 27726 24013839 3.64 0.45 2.47 11399 16327 0.70 0.55
20181129 8700 8960 8400 8510 35767 31360209 6.44 0.56 -2.18 19755 16012 1.23 0.70
20181128 8640 8750 8400 8700 44241 37938846 4.03 0.70 0.23 23904 20338 1.18 0.87
20181127 8700 8790 8600 8680 30264 26258809 2.19 0.44 0.00 18802 11462 1.64 0.60
20181126 9020 9150 8610 8680 92630 81323120 5.87 1.56 -5.65 58208 34422 1.69 1.82
20181123 9970 10070 9060 9200 107832 102777080 10.58 2.23 -3.66 60008 47824 1.25 2.12
20181122 9470 9680 9350 9550 45965 43704608 3.50 0.90 1.38 22618 23347 0.97 0.90
20181121 9270 9440 9180 9420 37221 34800255 2.81 0.65 1.84 16571 20651 0.80 0.73
20181120 9440 9700 9210 9250 57031 53815000
20181119 9780 9890 9390 9530 48161 46050000
20181116 9600 9670 9520 9580 53849 51667000
20181115 9450 9660 9250 9610 59638 56718023 4.37 1.25 2.34 24775 34863 0.71 1.17
20181114 9410 9540 9100 9390 67627 63295394 4.64 1.46 -1.05 34740 32888 1.06 1.33
20181113 9050 9560 9020 9490 60698 56689485 5.85 1.44 2.82 26747 33951 0.79 1.19
20181112 8840 9350 8740 9230 48136 43716731 6.92 1.07 4.65 16431 31705 0.52 0.95
20181109 8830 9010 8720 8820 32229 28621538 3.27 0.53 -0.68 16938 15292 1.11 0.63
20181108 8950 9030 8810 8880 29386 26210292 2.48 0.39 0.11 15559 13827 1.13 0.58
20181107 9010 9140 8800 8870 61643 55069520 3.76 0.79 -1.99 40184 21460 1.87 1.21
20181106 8940 9050 8850 9050 39613 35511874 2.21 0.46 0.22 19827 19786 1.00 0.78
20181105 9000 9250 8800 9030 62214 56100300 4.98 0.73 -0.11 38604 23610 1.64 1.22
20181102 8710 9110 8600 9040 109349 97704698 5.94 1.42 5.24 47772 61576 0.78 2.15
20181101 8180 8920 8100 8590 101656 87002566 10.11 1.44 5.92 44179 57477 0.77 2.00
20181031 7960 8240 7770 8110 76983 62150408 5.94 0.89 2.53 36977 40005 0.92 1.51
20181030 7420 8150 7420 7910 76591 59769668 9.80 0.88 6.17 34406 42186 0.82 1.51
20181029 7840 7840 7410 7450 60242 45783306 5.51 0.63 -4.61 39659 20583 1.93 1.19
20181026 7750 7890 7700 7810 70898 55276334 2.48 0.77 1.83 31429 39469 0.80 1.39
20181025 7390 7760 7390 7670 68940 52458219 4.81 0.81 -0.39 40678 28262 1.44 1.36
20181024 8030 8200 7480 7700 156438 120414921 8.83 2.66 -5.52 83773 72665 1.15 66.29
20181023 8400 8440 7970 8150 76327 62939835 5.62 1.61 -2.51 29362 46965 0.63 1.50
20181022 8050 8550 7990 8360 108134 90257523 7.08 3.42 5.69 37857 70277 0.54 2.13
20181019 7610 7990 7580 7910 52028 40752223 5.27 1.60 1.67 20892 31136 0.67 1.02
20181018 8080 8140 7760 7780 31019 24413438 4.66 0.85 -4.66 20794 10225 2.03 0.61
20181017 8250 8340 8000 8160 26964 22036900 4.17 0.80 0.00 12777 14187 0.90 0.53
20181016 8160 8350 8120 8160 18357 15078907 2.77 0.56 -1.81 10276 8081 1.27 0.36
20181015 8260 8470 8050 8310 29898 24914204 5.07 0.90 0.36 16141 13757 1.17 0.59
20181012 8180 8600 7900 8280 56224 46152919 8.70 1.55 2.86 32737 23486 1.39 1.11
20181011 8700 8700 8010 8050 51316 42493084 7.75 1.39 -9.55 33397 17919 1.86 1.01
20181010 9100 9120 8810 8900 12148 10877805 3.42 0.29 -1.77 8329 3819 2.18 0.24
20181009 9020 9150 8990 9060 13331 12066701 1.76 0.31 -0.33 8460 4871 1.74 0.26
20181008 9380 9380 8950 9090 32635 29874307 4.56 0.77 -3.71 25273 7362 3.43 0.64
20180928 9690 9690 9350 9440 72443 68475953 3.50 2.35 -2.78 44757 27686 1.62 1.43
20180927 9530 9900 9450 9710 54559 52334050 4.74 2.02 2.21 32622 21937 1.49 1.07
20180926 9580 9610 9480 9500 33735 32177555 1.37 1.39 0.00 15034 18701 0.80 0.66
20180925 9630 9630 9490 9500 19589 18654979 1.45 0.78 -1.55 14989 4600 3.26 0.39
20180921 9580 9650 9470 9650 30555 29258693 1.89 1.11 1.47 11959 18596 0.64 0.60
20180920 9540 9590 9460 9510 15649 14892498 1.36 0.48 -0.31 7918 7731 1.02 0.31
20180919 9360 9630 9340 9540 35556 33904967 3.09 1.26 1.81 18880 16677 1.13 0.70
20180918 9340 9450 9240 9370 20161 18910107 2.25 0.70 0.32 11280 8881 1.27 0.40
20180917 9590 9590 9290 9340 23563 22167820 3.13 0.80 -2.61 18651 4913 3.80 0.46
20180914 9750 9780 9420 9590 42295 40518343 3.68 1.64 -2.04 27574 14721 1.87 0.83
20180913 9910 9970 9620 9790 41339 40180452 3.56 2.00 -0.31 21750 19589 1.11 0.81
20180912 9820 9940 9780 9820 13291 13086892 1.63 0.59 -0.20 7747 5544 1.40 0.26
20180911 9840 9950 9750 9840 23607 23216736 2.04 1.09 0.31 9977 13630 0.73 0.46
20180910 10000 10150 9690 9810 26195 25869271 4.56 1.14 -2.68 14831 11364 1.31 0.52
20180907 9980 10220 9970 10080 24714 25044631 2.51 1.14 1.00 12382 12332 1.00 0.49
20180906 10000 10110 9900 9980 15337 15366887 2.09 0.56 -0.89 8522 6815 1.25 0.30
20180905 10060 10240 10000 10070 23423 23782581 2.39 0.71 0.10 8952 14471 0.62 0.46
20180904 9840 10120 9840 10060 19020 19041078 2.83 0.55 1.62 9097 9923 0.92 0.37
20180903 9990 9990 9810 9900 32006 31597290 1.80 0.92 -0.80 22283 9723 2.29 0.63
20180831 10000 10130 9960 9980 18161 18210444 1.68 0.51 -1.58 12969 5192 2.50 0.36
20180830 10600 10660 10030 10140 44583 45606739 5.92 1.42 -4.79 29184 15400 1.90 0.88
20180829 10350 10780 10350 10650 50723 53779830 4.18 1.88 3.50 20018 30705 0.65 1.00
20180828 10450 10500 10180 10290 28809 29755260 3.09 1.14 -0.68 16300 12509 1.30 0.57
20180827 10100 10400 10030 10360 31536 32299430 3.69 1.29 3.29 13364 18173 0.74 0.62
20180824 10000 10160 9960 10030 21864 21980807 1.99 0.83 -0.30 12744 9119 1.40 0.43
20180823 9890 10100 9750 10060 23665 23569849 3.55 0.86 2.13 9760 13905 0.70 0.47
20180822 9900 10090 9750 9850 28734 28342355 3.41 0.96 -1.10 19604 9129 2.15 0.57
20180821 9810 9980 9720 9960 20564 20327705 2.67 0.72 2.15 9984 10580 0.94 0.40
20180820 9740 9950 9660 9750 27153 26479757 2.94 0.99 -1.32 18135 9018 2.01 0.53
20180817 10400 10450 9850 9880 30844 30774298 5.90 1.05 -2.85 19779 11065 1.79 0.61
20180816 9800 10220 9560 10170 29692 29684110 6.65 0.95 2.42 13536 16157 0.84 0.58
20180815 10300 10390 9850 9930 40990 41073226 5.20 1.25 -4.43 26092 14898 1.75 0.81
20180814 10390 10600 10250 10390 14928 15491465 3.37 0.34 0.00 10003 4925 2.03 0.29
20180813 10330 10450 10180 10390 20288 20936450 2.57 0.32 -0.95 11128 9160 1.21 0.40
20180810 10180 10600 9900 10490 40449 41955774 6.92 0.62 3.66 15570 24879 0.63 0.80
20180809 9700 10180 9630 10120 38991 39183807 5.62 0.56 3.37 16271 22720 0.72 0.77
20180808 9960 10170 9700 9790 48878 48632447 4.72 0.70 -1.61 27696 21182 1.31 0.96
20180807 9730 10010 9620 9950 73573 72387949 3.94 1.17 0.40 39195 34379 1.14 1.45
20180806 10390 10390 9910 9910 112707 112283030 4.36 2.13 -9.99 58628 54078 1.08 2.22
20180803 11590 11590 10700 11010 50326 56165697 7.67 0.96 -5.09 33336 16990 1.96 0.99
20180802 11480 11690 11050 11600 60437 69447353 5.57 1.28 1.05 23373 37064 0.63 1.19
20180801 11930 12150 11260 11480 52861 61776962 7.44 1.10 -4.01 28410 24451 1.16 1.04
20180731 11920 12230 11870 11960 38715 46568787 3.06 0.80 1.53 19166 19549 0.98 0.76
20180730 12450 12600 11580 11780 62240 74403063 8.27 1.23 -4.54 38408 23832 1.61 1.22
20180727 12470 12750 12310 12340 48893 60868338 3.52 0.86 -1.28 29018 19876 1.46 0.96
20180726 12800 12830 12420 12500 34192 42961007 3.22 0.53 -1.81 18570 15621 1.19 0.67
20180725 12950 12980 12480 12730 55932 71141638 3.89 0.59 -1.01 35154 20778 1.69 1.10
20180724 12990 13120 12730 12860 39708 51034720 3.00 0.36 -1.15 24703 15005 1.65 0.78
20180723 12400 13380 12300 13010 73853 96030703 8.39 0.70 1.01 30752 43101 0.71 1.45
20180720 12700 13170 12420 12880 78947 101466068 5.94 0.72 1.98 38436 40510 0.95 1.55
20180719 12580 13170 12500 12630 75261 96520558 5.33 0.70 0.40 37264 37997 0.98 1.48
20180718 12690 13500 12370 12580 206538 266949748 8.92 2.71 -0.71 102048 104489 0.98 4.06
20180717 12200 12670 12200 12670 123046 155668551 4.08 1.97 9.98 103798 19248 5.39 2.42
20180716 11460 11660 11250 11520 44729 51267813 3.54 0.71 -0.52 21217 23511 0.90 0.88
20180713 10900 11820 10680 11580 100667 114140130 10.49 1.73 6.53 45803 54864 0.83 1.98
20180712 10500 11060 10500 10870 60941 65969178 5.22 1.13 1.30 30778 30164 1.02 1.20
20180711 10510 10820 10100 10730 52142 54735407 6.75 1.01 0.66 23986 28155 0.85 1.03
20180710 10360 10800 10210 10660 53147 55678704 5.78 0.99 4.51 20469 32678 0.63 1.05
20180709 10200 10420 9990 10200 47119 48451701 4.25 0.84 0.79 22447 24673 0.91 0.93
20180706 10550 10660 9670 10120 77472 78333645 9.40 1.54 -3.89 44888 32584 1.38 1.52
20180705 10640 10950 10480 10530 40224 42981339 4.43 0.81 -0.75 20161 20063 1.00 0.79
20180704 10750 11090 10580 10610 40366 43712448 4.71 0.77 -1.94 17595 22771 0.77 0.79
20180703 10520 10870 10290 10820 62254 65924181 5.51 1.16 2.75 29581 32673 0.91 1.22
20180702 11220 11280 10460 10530 60184 64891336 7.31 1.09 -6.15 40807 19378 2.11 1.18
20180629 11200 11300 10820 11220 48015 53509196 4.35 0.85 1.72 22423 25592 0.88 0.94
20180628 11370 11370 10850 11030 38969 43270777 4.67 0.62 -0.99 19564 19405 1.01 0.77
20180627 11150 11500 11020 11140 54325 61391429 4.29 0.83 -0.54 25088 29237 0.86 1.07
20180626 11040 11380 10770 11200 66129 73463401 5.63 0.94 3.42 31585 34543 0.91 1.30
20180625 11380 11800 10710 10830 69419 78211728 9.66 1.02 -3.99 40950 28470 1.44 1.37
20180622 10470 11440 10440 11280 53659 59732863 9.18 0.81 3.58 25284 28375 0.89 1.06
20180621 11620 11850 10870 10890 71686 80424651 8.30 1.18 -7.79 44576 27110 1.64 1.41
20180620 12070 12200 11360 11810 65747 77776226 6.96 0.83 -2.15 33814 31933 1.06 1.29
20180619 13370 13370 12070 12070 90321 112328907 9.69 0.75 -9.99 54859 35462 1.55 1.78
20180615 13900 14080 13250 13410 57621 77970016 5.99 0.47 -3.18 27171 30449 0.89 1.13
20180614 13590 14110 13470 13850 47620 66075108 4.67 0.35 1.02 24855 22765 1.09 0.94
20180613 13700 13940 13450 13710 41881 57251241 3.54 0.30 -0.87 20479 21402 0.96 0.82
20180612 14180 14250 13280 13830 159338 217424902 6.78 1.36 -3.29 89518 69821 1.28 3.13
20180611 14150 15950 13960 14300 294421 428851728 12.83 4.36 -7.80 149113 145308 1.03 5.79
20180413 16180 16270 15580 15590 69532 110296963 4.30 1.05 -2.87 41847 27685 1.51 3.13
20180412 15320 16120 15320 16050 120276 189936818 5.26 1.93 5.45 56037 64239 0.87 5.42
20180411 15730 15850 15120 15220 52425 80748232 4.66 0.77 -2.93 32522 19902 1.63 2.36
20180410 15500 15860 15370 15680 48089 75292259 3.16 0.60 1.16 17163 30927 0.55 2.17
20180409 15270 15640 15010 15500 47420 72917629 4.13 0.55 1.57 25799 21622 1.19 2.14
20180404 15620 15950 15210 15260 63056 97926154 4.70 0.74 -3.11 39060 23996 1.63 2.84
20180403 15960 15980 15150 15750 100580 155843548 5.13 1.00 -2.72 65111 35469 1.84 4.53
20180402 16370 16370 15780 16190 81067 130379433 3.61 0.74 -0.92 45600 35467 1.29 3.65
20180330 15990 16500 15610 16340 105820 170121641 5.61 1.00 3.03 55122 50698 1.09 4.77
20180329 16030 16030 15470 15860 82672 129951307 3.49 0.81 -1.25 46600 36072 1.29 3.73
20180328 16020 16460 15890 16060 56805 91529452 3.50 0.52 -1.41 30889 25916 1.19 2.56
20180327 15610 16570 15410 16290 178015 286064240 7.48 1.62 5.03 83112 94904 0.88 8.02
20180326 14320 15570 14200 15510 127050 190776797 9.55 1.21 8.08 43873 83177 0.53 5.73
20180323 14610 15070 14110 14350 82056 119893351 6.36 0.87 -4.90 50402 31653 1.59 3.70
20180322 15210 15360 14700 15090 66850 100877118 4.39 0.75 0.33 35366 31484 1.12 3.01
20180321 15000 15320 14910 15040 96049 145321539 2.71 1.15 -0.66 48982 47067 1.04 4.33
20180320 14700 15380 14600 15140 176129 265564010 5.28 3.09 2.51 68987 107143 0.64 7.94
20180319 14100 14870 14070 14770 101998 149375658 5.67 1.92 4.75 46544 55454 0.84 4.60
20180316 14110 14250 14050 14100 28403 40167190 1.42 0.40 -0.07 15896 12507 1.27 1.28
20180315 14030 14230 13930 14110 40927 57741983 2.13 0.46 0.00 24537 16390 1.50 1.84
20180314 14600 14700 14010 14110 70914 101289545 4.70 0.80 -3.95 44468 26446 1.68 3.20
20180313 14880 14890 14550 14690 42654 62743479 2.30 0.39 -0.61 23647 19008 1.24 1.92
20180312 14650 15050 14520 14780 83107 122889963 3.61 0.67 0.61 43281 39825 1.09 3.75
20180309 14700 14850 14360 14690 113151 165431140 3.30 0.87 -1.01 69523 43628 1.59 5.10
20180308 14450 15080 14320 14840 133372 196180992 5.26 0.86 2.70 66617 66755 1.00 6.01
20180307 14490 14670 14420 14450 69950 101507116 1.72 0.48 -0.55 42442 27508 1.54 3.15
20180306 14700 15020 14350 14530 153267 225593221 4.59 1.22 -0.48 82329 70938 1.16 6.91
20180305 14000 14830 13990 14600 146350 211258447 5.99 1.35 4.14 69574 76776 0.91 6.60
20180302 13980 14300 13850 14020 145533 204880207 3.17 1.68 -1.34 79687 65846 1.21 6.56
20180301 13170 14280 13080 14210 256398 356953328 9.24 6.14 9.48 102351 154047 0.66 11.56
20180228 13010 13060 12820 12980 27097 35138328 1.83 0.59 -1.22 15676 11420 1.37 1.22
20180227 13100 13380 12950 13140 51536 68004553 3.28 0.84 0.23 27588 23948 1.15 2.32
20180226 12890 13120 12460 13110 62038 79366358 5.12 0.79 1.79 30610 31428 0.97 2.80
20180223 13140 13190 12820 12880 35998 46605574 2.82 0.43 -1.98 21592 14406 1.50 1.62
20180222 13000 13180 13000 13140 32117 41990554 1.38 0.29 1.00 19214 12903 1.49 1.45
20180214 13310 13310 12900 13010 47971 62620930 3.08 0.38 -2.18 31821 16150 1.97 2.16
20180213 13580 13800 13260 13300 130291 175410401 3.99 1.15 -1.85 87282 43009 2.03 5.87
20180212 12900 13800 12880 13550 146751 196838708 7.07 1.52 4.07 60643 86108 0.70 6.61
20180209 13200 13260 12300 13020 59730 77299439 7.12 0.57 -3.41 31845 27884 1.14 2.69
20180208 13420 13630 13270 13480 170003 229055092 2.68 1.60 0.45 80761 89242 0.90 7.66
20180207 12710 13580 12550 13420 127299 168195519 8.17 1.09 6.51 51463 75836 0.68 5.74
20180206 13210 13500 12200 12600 64173 83639668 9.59 0.49 -7.08 37505 26668 1.41 2.89
20180205 13610 13790 13320 13560 61293 82708260 3.39 0.42 -2.31 31867 29425 1.08 2.76
20180202 13700 13950 13210 13880 98053 134795060 5.35 0.63 0.29 44216 53837 0.82 4.42
20180201 14100 14300 13650 13840 181801 253767762 4.60 1.19 -2.12 98460 83341 1.18 8.19
20180131 14300 14450 13580 14140 178524 249115188 6.20 1.21 0.78 83100 95423 0.87 8.05
20180130 13880 14400 13790 14030 134397 188037926 4.39 0.92 0.94 68951 65446 1.05 6.06
20180129 14020 14350 13250 13900 139893 192743579 7.86 1.12 -0.71 78446 61447 1.28 6.31
20180126 13720 14300 13690 14000 144752 201913480 4.39 1.39 0.79 74844 69908 1.07 6.52
20180125 13500 14300 13440 13890 169188 234531066 6.27 1.92 1.31 86104 83084 1.04 7.63
20180124 13020 13850 12920 13710 151618 202638941 7.14 2.30 5.22 69274 82344 0.84 6.83
20180123 12630 13300 12580 13030 123251 160638027 5.69 2.30 3.00 49586 73665 0.67 5.56
20180122 12610 12840 12570 12650 35190 44516182 2.12 0.67 -0.78 22289 12901 1.73 1.59
20180119 12680 12850 12560 12750 41424 52527361 2.25 0.87 -1.16 23943 17480 1.37 1.87
20180118 12110 13210 12030 12900 89691 114578309 9.77 2.66 6.79 36711 52980 0.69 4.04
20180117 11850 12350 11850 12080 40204 48476704 4.23 1.28 2.20 27927 12277 2.27 1.81
20180116 12110 12150 11780 11820 61142 72955505 3.05 2.24 -2.48 42114 19028 2.21 2.76
20180115 12560 12560 12110 12120 29271 36153097 3.57 0.91 -3.73 16986 12285 1.38 1.32
20180112 12560 12730 12460 12590 18664 23436995 2.14 0.56 -0.32 11026 7638 1.44 0.84
20180111 12790 12790 12500 12630 19615 24817332 2.27 0.54 -1.17 12688 6927 1.83 0.88
20180110 12610 12880 12610 12780 28242 36006857 2.13 0.75 0.79 13503 14739 0.92 1.27
20180109 12800 13020 12590 12680 40794 52297844 3.33 1.06 -1.93 27272 13521 2.02 1.84
20180108 13200 13280 12880 12930 53491 69705469 3.18 1.61 2.70 28607 24885 1.15 2.41
20180105 12510 12720 12350 12590 24238 30460446 2.96 0.75 0.64 11094 13144 0.84 1.09
20180104 12720 12720 12500 12510 33978 42662365 1.71 1.21 -2.57 23406 10572 2.21 1.53
20180103 12600 12900 12510 12840 35418 44747195 3.06 1.32 0.63 20686 14732 1.40 1.60
20180102 12250 13090 12130 12760 44544 56779365 7.84 1.49 4.16 16206 28338 0.57 2.01
20171229 12330 12420 12020 12250 27937 33963830 3.25 0.84 -0.49 17727 10210 1.74 1.26
20171228 12320 12460 12200 12310 18647 23054962 2.11 0.51 0.00 8273 10374 0.80 0.84
20171227 12320 12540 12220 12310 13700 16972430 2.58 0.35 -0.65 6060 7640 0.79 0.62
20171226 12190 12550 12080 12390 29318 36302494 3.86 0.76 1.64 13980 15338 0.91 1.32
20171225 13050 13080 11880 12190 59966 73908070 9.27 1.95 -5.87 35943 24023 1.50 2.70
20171222 13310 13480 12920 12950 45554 60080420 4.19 1.84 -3.21 30431 15123 2.01 2.05
20171221 13620 13730 13370 13380 35176 47595816 2.63 1.68 -2.34 23929 11247 2.13 1.59
20171220 13950 13990 13650 13700 26256 36226859 2.45 1.40 -1.37 14741 11515 1.28 1.18
20171219 13620 13930 13620 13890 26399 36574156 2.27 1.54 1.76 11270 15129 0.74 1.19
20171218 13540 13780 13500 13650 20336 27855707 2.06 1.19 0.29 10243 10093 1.01 0.92
20171215 13490 13670 13410 13610 15904 21605578 1.93 0.97 0.81 5073 10831 0.47 0.72
20171214 13400 13530 13330 13500 15864 21313271 1.48 1.00 0.15 6657 9207 0.72 0.72
20171213 13400 13520 13300 13480 15438 20736113 1.67 0.99 2.04 6218 9220 0.67 0.70
20171212 13530 13650 13200 13210 18101 24227292 3.30 1.16 -3.01 13240 4861 2.72 0.82
20171211 13670 13810 13560 13620 20164 27522601 1.82 1.23 -0.80 12825 7340 1.75 0.91
20171208 13630 13950 13570 13730 12077 16641535 2.78 0.62 0.59 6196 5880 1.05 0.54
20171207 13640 13770 13410 13650 13550 18531358 2.64 0.71 0.00 5153 8397 0.61 0.61
20171206 13610 13750 13200 13650 14277 19248044 4.01 0.67 -0.51 7720 6556 1.18 0.64
20171205 13740 13880 13200 13720 18079 24635538 4.94 0.86 -0.36 9298 8780 1.06 0.81
20171204 13520 13980 13500 13770 24231 33421414 3.51 1.16 0.81 12465 11766 1.06 1.09
20171201 13250 13720 13170 13660 26814 36487934 4.14 1.33 2.86 9632 17182 0.56 1.21
20171130 13140 13300 13060 13280 11383 14982222 1.83 0.50 1.07 6014 5369 1.12 0.51
20171129 13420 13420 12930 13140 26249 34450479 3.67 1.08 -1.57 16463 9786 1.68 1.18
20171128 13180 13500 13180 13350 16409 21939802 2.41 0.61 0.53 8745 7664 1.14 0.74
20171127 13690 13740 13000 13280 23279 31239363 5.40 0.86 -3.07 15256 8023 1.90 1.05
20171124 13990 14090 13580 13700 23291 32090204 3.65 0.83 -2.07 14510 8781 1.65 1.05
20171123 14220 14320 13980 13990 24494 34575327 2.40 0.82 -1.13 17219 7275 2.37 1.10
20171122 14370 14450 14060 14150 34226 48531887 2.73 1.14 -0.98 20136 14090 1.43 1.54
20171121 14630 14700 14160 14290 30050 43254872 3.69 0.98 -2.32 20473 9577 2.14 1.35
20171120 14850 14850 14140 14630 23851 34786538 4.77 0.73 -1.68 13941 9910 1.41 1.08
20171117 15390 15400 14750 14880 27973 42206208 4.22 0.86 -3.31 20885 7088 2.95 1.26
20171116 15380 15650 15140 15390 32734 50506198 3.29 1.10 -0.77 16023 16712 0.96 1.48
20171115 15500 15740 14950 15510 35992 55213835 5.13 1.31 0.71 16217 19776 0.82 1.62
20171114 15150 15450 15100 15400 33337 51045042 2.32 1.21 2.05 13486 19851 0.68 1.50
20171113 15370 15650 15070 15090 34162 52348590 3.79 1.15 -1.44 23434 10728 2.18 1.54
20171110 15410 15520 15130 15310 25682 39246637 2.53 0.89 -0.65 12551 13130 0.96 1.16
20171109 15670 15670 15350 15410 20215 31282527 2.05 0.69 -1.15 12833 7382 1.74 0.91
20171108 15710 15750 15560 15590 23893 37349124 1.21 0.65 -0.76 14594 9299 1.57 1.08
20171107 15610 15780 15500 15710 34299 53680404 1.79 0.94 0.19 17962 16336 1.10 1.55
20171106 15250 15800 15250 15680 43911 68582144 3.61 1.21 2.95 16463 27449 0.60 1.98
20171103 15300 15480 15150 15230 21982 33549156 2.15 0.48 -0.91 13196 8786 1.50 0.99
20171102 15510 15580 15300 15370 22924 35304307 1.80 0.47 -1.41 15739 7185 2.19 1.03
20171101 15150 15650 15150 15590 60043 93113725 3.27 1.41 2.03 21258 38785 0.55 2.71
20171031 15040 15280 14830 15280 33650 50761677 2.99 0.85 1.60 15018 18632 0.81 1.52
20171030 15270 15500 14710 15040 43432 65756416 5.17 1.22 -1.57 24238 19194 1.26 1.96
20171027 14850 15560 14850 15280 69662 106252670 4.79 2.83 3.17 30549 39113 0.78 3.14
20171026 14590 14970 14470 14810 37931 56178255 3.43 1.80 1.51 13622 24309 0.56 1.71
20171025 14510 14700 14430 14590 28866 42003065 1.83 1.52 -0.88 16109 12757 1.26 1.30
20171024 15100 15100 14590 14720 17622 26003501 3.42 0.94 -1.41 11365 6257 1.82 0.79
20171023 14250 15000 14250 14930 23759 34977472 5.17 1.10 2.89 6644 17115 0.39 1.07
20171020 14580 14580 14350 14510 14780 21366714 1.59 0.54 0.42 8495 6285 1.35 0.67
20171019 14380 14620 14110 14450 20594 29849517 3.54 0.64 0.42 9738 10856 0.90 0.93
20171018 14590 14680 14380 14390 18026 26190840 2.06 0.38 -1.10 12560 5466 2.30 0.81
20171017 14600 14740 14500 14550 16083 23514206 1.64 0.22 -0.34 7881 8201 0.96 0.72
20171016 15190 15190 14450 14600 38183 56366895 4.87 0.52 -3.88 26397 11786 2.24 1.72
20171013 15110 15410 15050 15190 43541 66450033 2.37 0.60 0.00 18785 24755 0.76 1.96
20171012 14950 15230 14690 15190 45100 67230068 3.58 0.65 0.60 20561 24539 0.84 2.03
20171011 15570 15600 14950 15100 91363 139460431 4.26 1.54 -0.98 46544 44819 1.04 4.12
20171010 14070 15270 14000 15250 147939 218931425 9.03 2.94 8.39 50758 97181 0.52 6.67
20171009 14160 14230 14020 14070 37100 52280240 1.49 0.71 0.07 25137 11963 2.10 1.67
20170929 14020 14280 14000 14060 39850 56207499 1.99 0.81 0.00 25414 14436 1.76 1.80
20170928 14460 14460 14030 14060 32260 45757516 2.99 0.64 -2.16 19554 12705 1.54 1.45
20170927 14270 14500 14130 14370 40252 57745623 2.62 0.83 1.77 19941 20310 0.98 1.81
20170926 14580 14580 13980 14120 101851 144888909 4.00 2.73 -5.80 60569 41282 1.47 4.59
20170918 15120 15170 14850 14990 45534 68146552 2.11 1.40 -0.99 29005 16528 1.75 2.05
20170915 15220 15260 15000 15140 25283 38165981 1.71 0.77 -0.46 17138 8146 2.10 1.14
20170914 15440 15440 15080 15210 40480 61461696 2.34 1.39 -1.23 24752 15728 1.57 1.82
20170913 15460 15460 15200 15400 28819 44101708 1.68 1.02 -0.32 17466 11353 1.54 1.30
20170912 15810 15950 15450 15450 46537 72494960 3.15 1.55 -2.71 32235 14302 2.25 2.10
20170911 15780 15990 15730 15880 21496 34097095 1.65 0.63 0.63 9662 11834 0.82 0.97
20170908 15810 16040 15700 15780 25900 41009444 2.15 0.69 -0.13 12567 13333 0.94 1.17
20170907 15900 16080 15770 15800 23297 36984334 1.93 0.60 -1.50 14330 8967 1.60 1.05
20170906 16070 16100 15880 16040 23871 38127785 1.37 0.64 -0.37 13736 10135 1.36 1.08
20170905 15550 16170 15400 16100 55325 87801838 4.94 1.65 3.21 23316 32009 0.73 2.49
20170904 15500 15650 15210 15600 42829 66115805 2.83 1.43 0.32 24955 17874 1.40 1.93
20170901 15600 15740 15410 15550 41513 64511010 2.10 1.68 -0.89 22558 18955 1.19 1.87
20170831 15900 15980 15580 15690 32035 50424799 2.51 1.32 -1.38 22091 9944 2.22 1.44
20170830 15830 16030 15830 15910 15756 25103641 1.26 0.66 -0.06 8987 6769 1.33 0.71
20170829 16380 16380 15900 15920 35568 57090780 2.93 1.82 -2.87 22976 12592 1.82 1.60
20170828 16130 16460 16030 16390 25125 40838826 2.67 1.25 1.61 11570 13555 0.85 1.13
20170825 15970 16220 15920 16130 15426 24809304 1.86 0.64 -0.12 7382 8044 0.92 0.70
20170824 16240 16540 16010 16150 29175 47527443 3.30 1.38 0.56 15156 14018 1.08 1.32
20170823 16190 16250 16030 16060 14833 23899251 1.36 0.66 -0.62 8096 6737 1.20 0.67
20170822 16200 16290 16050 16160 13334 21554219 1.48 0.52 -0.31 6271 7063 0.89 0.60
20170821 16300 16380 16020 16210 27501 44534060 2.20 1.12 -1.10 18998 8504 2.23 1.24
20170818 15900 16480 15830 16390 35028 56825346 4.08 1.53 2.82 15469 19560 0.79 1.58
20170817 15910 16060 15760 15940 15289 24281948 1.88 0.53 0.00 8100 7188 1.13 0.69
20170816 15960 16080 15720 15940 20407 32367254 2.26 0.65 -0.13 12702 7705 1.65 0.92
20170815 15810 16360 15810 15960 29375 47103870 3.46 1.05 0.44 19271 10104 1.91 1.32
20170814 15480 16150 15480 15890 22262 35416868 4.28 0.82 1.53 12212 10050 1.22 1.00
20170811 15890 16100 15520 15650 27475 43604845 3.59 1.05 -3.04 16781 10693 1.57 1.24
20170810 16110 16580 15980 16140 43674 71153586 3.77 1.73 1.51 23441 20233 1.16 1.97
20170809 15690 16150 15560 15900 33365 53139323 3.76 1.06 1.34 14052 19312 0.73 1.50
20170808 15550 15740 15420 15690 12777 19941729 2.05 0.33 0.64 4972 7805 0.64 0.58
20170807 15820 15820 15490 15590 18328 28622380 2.10 0.45 -0.64 10345 7983 1.30 0.83
20170804 15440 15830 15440 15690 23101 36257027 2.50 0.57 0.71 9918 13183 0.75 1.04
20170803 15200 15850 15160 15580 38648 59956358 4.50 0.98 1.50 19859 18790 1.06 1.74
20170802 15590 15730 14990 15350 64248 97669386 4.75 1.95 -1.41 33494 30754 1.09 2.90
20170801 16000 16050 15450 15570 47016 73772717 3.75 1.77 -2.69 27373 19643 1.39 2.12
20170731 16260 16270 15930 16000 29107 46658780 2.09 1.07 -1.66 18730 10377 1.80 1.31
20170728 16470 16590 16180 16270 23057 37659540 2.49 0.87 -1.21 13610 9447 1.44 1.04
20170727 16050 16480 15850 16470 34471 55918894 3.95 1.28 3.26 13295 21175 0.63 1.55
20170726 16220 16390 15840 15950 31111 49957538 3.36 1.10 -2.45 17123 13988 1.22 1.40
20170725 16300 16530 16220 16350 14811 24232950 1.90 0.40 0.43 9148 5663 1.62 0.67
20170724 16600 16650 16210 16280 32989 53895567 2.65 0.77 -1.99 20793 12196 1.70 1.49
20170721 16830 16960 16610 16610 19850 33184961 2.07 0.46 -1.72 11616 8235 1.41 0.89
20170720 16790 17230 16300 16900 36082 61222368 5.61 0.86 1.87 19057 17026 1.12 1.63
20170719 16160 16800 16010 16590 37774 62382772 4.89 0.88 2.79 19968 17806 1.12 1.70
20170718 16450 16680 15820 16140 58690 94875638 5.15 1.48 -3.30 31522 27167 1.16 2.65
20170717 17470 17770 16650 16690 61009 104374167 6.49 1.41 -3.30 31466 29543 1.07 2.75
20170714 17220 17380 16860 17260 23712 40604216 3.02 0.44 0.12 11866 11846 1.00 1.07
20170713 16990 17580 16960 17240 27765 47960979 3.65 0.40 1.59 14086 13679 1.03 1.25
20170712 17240 17470 16600 16970 43380 73397224 5.05 0.66 -1.57 26730 16650 1.61 1.96
20170711 17630 17900 17000 17240 41857 72625009 5.11 0.68 -2.10 25613 16244 1.58 1.89
20170710 17230 18510 17230 17610 79676 141915695 7.49 1.61 3.04 41880 37797 1.11 3.59
20170707 16540 17290 16370 17090 75324 127632289 5.66 1.72 5.10 32832 42492 0.77 3.40
20170706 16300 17190 16240 16260 108563 180680661 6.00 3.55 2.72 53540 55022 0.97 4.89
20170705 15720 15970 15720 15830 22087 35027406 1.59 0.60 0.64 13111 8976 1.46 1.00
20170704 16050 16050 15690 15730 20322 32122012 2.25 0.46 -1.75 12449 7873 1.58 0.92
20170703 15920 16230 15920 16010 21298 34183672 1.95 0.44 0.50 10222 11076 0.92 0.96
20170630 15730 16150 15680 15930 47096 75257483 2.99 1.06 1.27 19384 27712 0.70 2.12
20170629 15760 16090 15600 15730 42011 66558835 3.11 0.92 -0.13 23236 18775 1.24 1.89
20170628 15330 15830 15260 15750 54752 85439515 3.67 1.28 1.42 23896 30856 0.77 2.47
20170627 15420 15580 15160 15530 54986 84440606 2.73 1.46 0.84 24011 30975 0.78 2.48
20170626 15480 15700 15310 15400 43660 67572531 2.53 1.08 0.00 21995 21665 1.02 1.97
20170623 15380 15780 15220 15400 27574 42634766 3.63 0.65 -0.06 16373 11201 1.46 1.24
20170622 15540 15740 15300 15410 47634 74141783 2.85 1.07 -0.26 25939 21695 1.20 2.15
20170621 15120 15480 15050 15450 40824 62515357 2.84 0.83 2.18 17448 23376 0.75 1.84
20170620 15050 15300 15020 15120 28486 43218854 1.85 0.52 0.00 14102 14384 0.98 1.28
20170619 15320 15400 14850 15120 57688 86886266 3.58 1.03 -1.50 37981 19707 1.93 2.60
20170616 15490 15640 15340 15350 36618 56653371 1.93 0.53 -1.03 19423 17195 1.13 1.65
20170615 14900 15530 14900 15510 59248 90298698 4.24 0.69 4.44 22560 36689 0.61 2.67
20170614 15300 15400 14740 14850 63594 95810499 4.29 0.59 -3.57 43328 20267 2.14 2.87
20170613 15300 15500 15110 15400 55705 85330395 2.54 0.56 0.33 30233 25472 1.19 2.51
20170612 15270 15650 15200 15350 63616 98213502 2.95 0.74 0.59 33621 29995 1.12 2.87
20170609 15510 15620 14990 15260 101209 154407000
20170608 16000 16070 15350 15700 147399 230781943 4.44 4.01 -3.21 76261 71138 1.07 6.64
20170607 15480 16790 15460 16220 166925 264918922 8.26 49.20 0.68 87193 79733 1.09 7.52
20170606 16110 16110 16110 16110 16965 27330615 0.00 - -10.00 - 16965 - 0.76
20170208 31600 32470 31090 32290 40595 130056930 4.40 1.65 2.97 18241 22355 0.82 3.29
20170207 29980 31450 29760 31360 39161 121219534 5.62 1.84 4.29 16097 23064 0.70 3.18
20170206 30200 30890 29680 30070 17667 53318788 4.00 0.90 -0.66 8705 8961 0.97 1.43
20170203 31190 31380 30070 30270 18160 55102186 4.20 0.98 -2.86 12946 5213 2.48 1.47
20170126 30400 31420 30400 31160 29386 91348820 3.35 1.91 2.40 16645 12741 1.31 2.38
20170125 29500 30800 29500 30430 18396 55449085 4.37 1.15 2.29 8445 9952 0.85 1.49
20170124 28770 30000 28620 29750 22932 67804766 4.79 1.46 3.37 12142 10789 1.13 1.86
20170123 28700 28990 28400 28780 9793 28162183 2.05 0.45 0.10 6392 3401 1.88 0.79
20170120 27800 28880 27650 28750 11836 33755001 4.41 0.53 3.05 6215 5621 1.11 0.96
20170119 27760 27990 27100 27900 14058 38879080 3.25 0.55 2.01 8341 5716 1.46 1.14
20170118 28330 28330 27180 27350 21471 59441952 4.06 0.86 -3.46 11573 9899 1.17 1.74
20170117 28550 28600 27620 28330 21270 59713696 3.43 0.95 -0.84 12476 8795 1.42 1.73
20170116 29220 29670 27500 28570 39527 112153356 7.43 2.20 -2.16 24991 14536 1.72 3.21
20170113 29480 29770 29100 29200 14548 42769364 2.28 0.72 -0.85 8028 6519 1.23 1.18
20170112 30510 30740 29320 29450 30670 91621832 4.60 1.70 -4.54 16242 14427 1.13 2.49
20170111 31500 31500 30500 30850 19224 59526884 3.18 1.10 -2.03 9794 9431 1.04 1.56
20170110 32000 32000 31350 31490 7638 24171027 2.04 0.34 -1.29 3304 4334 0.76 0.62
20170109 31370 31980 31000 31900 17643 55617117 3.12 0.79 1.66 9452 8191 1.15 1.43
20170106 32400 32610 31000 31380 25288 79585377 4.99 1.18 -2.70 15394 9893 1.56 2.05
20170105 32200 33000 31960 32250 20331 65723664 3.21 1.08 -0.59 12636 7695 1.64 1.65
20170104 32000 32550 31900 32440 16275 52368309 2.01 0.92 0.56 9966 6309 1.58 1.32
20170103 30600 32810 30600 32260 32300 102575867 7.23 2.33 5.56 14931 17369 0.86 2.62
20161230 30990 31460 30500 30560 17563 54284774 3.14 1.29 0.00 9906 7657 1.29 1.42
20161229 31710 31800 30020 30560 20557 63973389 5.60 1.80 -3.84 11740 8817 1.33 1.67
20161228 31850 31850 31500 31780 7819 24771701 1.10 0.66 -0.25 5067 2752 1.84 0.63
20161227 31900 32220 31570 31860 10513 33546146 2.04 0.91 -0.25 5294 5219 1.01 0.85
20161226 31610 31950 31080 31940 12852 40388863 2.73 1.09 0.35 6592 6260 1.05 1.04
20161223 31400 32430 31400 31830 16480.50 52699731.000
20161222 31470 31580 31150 31520 9540.95 29885365.000
20161221 31290 31790 31010 31470 9915.33 31232761.000
20161220 31040 31420 31040 31270 9095.59 28384520.000
20161219 31540 31700 31100 31190 13753.16 43136566.000
20161216 31880 32360 31500 31570 13326.11 42495977.000
20161215 31700 32390 31460 31870 11050.69 35286613.000
20161214 32110 32550 31000 31660 23253.58 73879942.000
20161213 31920 32980 31920 32360 23962.02 77458072.000
20161212 34500 34530 31700 31900 47115.65 155785560.000
20161209 34000 34950 33880 34640 34192.66 118309029.000
20161208 34230 34550 33900 34280 25010.52 85442316.000
20161207 33730 34960 33730 34590 64549.51 221828701.000
20161206 32810 33630 32600 33530 29654.13 98624885.000
20161205 32690 33530 32100 32780 22395.51 73973349.000
20161202 33400 33400 32220 32750 29616.00 96684592.000
20161201 33000 33680 32900 33480 40269.80 134187219.000
20161130 32400 33370 32170 33160 37838.67 123881068.000
20161129 33000 33330 32400 32710 57365.35 188080304.000
20161128 31010 34460 31010 33790 119162.34 401739525.000
20161125 30870 31380 30330 31330 16698.92 51715576.000
20161124 30900 31450 30750 31030 20019.51 62292983.000
20161123 30910 31360 30610 30820 20602.06 63618705.000
20161122 31560 31850 30760 30940 30363.19 94445881.000
20161121 31250 31770 31040 31590 19997.07 63091437.000
20161118 31120 31360 30900 30970 13669.65 42435417.000
20161117 31500 31540 30830 31090 12158.65 37800680.000
20161116 31270 31980 31270 31570 25227.12 80052632.000
20161115 30520 31420 30300 31270 23447.13 72712026.000
20161114 30970 31130 30250 30660 33733.47 103127341.000
20161111 31270 31320 30500 30960 17382.74 53677441.000
20161110 30850 31390 30270 31350 23501.57 72319046.000
20161109 30750 31110 30000 30570 15299.16 47056098.000
20161108 30700 31150 30660 30850 14916.38 46067018.000
20161107 31750 31850 30780 30890 32134.19 99812730.000
20161104 31360 31900 31360 31760 12944.02 41033470.000
20161103 31110 31860 31110 31490 15048.34 47505576.000
20161102 31480 31650 31100 31380 20132.57 63139673.000
20161101 31450 31870 31220 31450 19749.53 62126285.000
20161031 32150 32180 31000 31400 26496.81 83640921.000
20161028 33070 33500 32200 32320 28114.96 92821276.000
20161027 32120 33280 32120 33180 29745.49 97726593.000
20161026 32200 32490 32100 32190 10497.60 33848453.000
20161025 32300 32650 32000 32190 16234.68 52442848.000
20161024 32050 32520 32000 32140 13661.95 44026949.000
20161021 32790 32900 31820 32260 16455.52 53043038.000
20161020 33010 33300 32500 32790 28412.97 92984581.000
20161019 33160 33230 32610 33110 18734.30 61641008.000
20161018 31960 33180 31960 33130 36039.90 117791839.000
20161017 32450 32850 31920 31960 20454.37 66073686.000
20161014 32050 32640 32000 32580 14623.90 47273821.000
20161013 32960 33110 32010 32230 30253.85 97909991.000
20161012 33400 33600 32630 32870 26299.00 86934562.000
20161011 33200 33800 32850 33720 29629.41 98776472.000
20161010 33210 33480 32650 33210 34376.79 113811082.000
20160930 32790 33470 32450 33120 30554.62 100561326.000
20160929 31190 33090 31190 32790 46503.52 150546209.000
20160928 31060 31500 30510 30930 18408.29 57417539.000
20160927 31000 31170 30390 31010 18863.86 57997701.000
20160926 31700 32460 31040 31060 38979.68 124281072.000
20160923 30800 31700 30710 31690 20728.90 64895782.000
20160922 31060 31390 30870 30980 12169.14 37810138.000
20160921 31110 31660 30950 31060 12858.98 40293537.000
20160920 31620 31750 31050 31260 14305.63 44889094.000
20160919 30380 31690 30200 31540 25659.49 80183513.000
20160914 30950 31430 30280 30430 17479.09 53694059.000
20160913 31590 31760 30980 31090 27869.88 87145172.000
20160912 31800 32120 30600 31540 48296.16 151199373.000
20160909 31670 32800 31410 32400 42204.64 136339213.000
20160908 31990 32530 31450 31600 22403.40 71369776.000
20160907 31250 32170 31250 31780 35397.10 112640599.000
20160906 30500 31290 30350 31090 22570.60 69841483.000
20160905 30500 31580 30490 30630 27484.31 85388020.000
20160902 30280 31000 29800 30520 41265.26 125433709.000
20160901 31690 31950 30000 30120 41654.40 129278393.000
20160831 31450 32870 31400 31790 41249.33 132786191.000
20160830 31170 31790 30950 31770 28950.70 90896811.000
20160829 31600 31600 31000 31180 23094.96 72196949.000
20160826 32300 32370 30860 31730 56154.64 177224637.000
20160825 31020 32160 30600 32020 60607.19 190195573.000
20160824 31660 31990 31200 31480 63324.32 199871693.000
20160823 29950 31680 29880 31670 102139.35 318264931.000
20160822 29710 30880 29660 30220 76609.19 231443970.000
20160819 28770 29700 28280 29480 50517.63 147277470.000
20160818 28680 29180 28410 28770 37055.94 106984384.000
20160817 28720 29240 28210 28750 51329.27 147623608.000
20160816 28400 29000 28130 28250 67329.93 192147667.000
20160815 26780 28230 26770 28050 57028.99 158207307.000
20160812 26490 26940 26210 26870 17671.65 47016895.000
20160811 27060 27060 26000 26500 14073.81 37607844.000
20160810 26980 27140 26910 27020 14534.85 39264235.000
20160809 26870 27150 26780 27040 20657.50 55644675.000
20160808 26800 27250 26620 27000 21193.19 57008606.000
20160805 27000 27980 27000 27220 41133.11 112606573.000
20160804 26200 26470 26000 26350 11418.94 29989630.000
20160803 26080 26480 25890 26370 15133.41 39651412.000
20160802 25700 26270 25700 26080 22111.76 57483185.000
20160801 26240 26300 25700 25970 18360.57 47509660.000
20160729 26430 26770 25980 26240 14399.54 37994799.000
20160728 26750 27080 25610 26430 31319.08 82736275.000
20160727 28330 28570 25500 26830 48736.22 133753037.000
20160726 27750 28360 27620 28330 18828.27 52873012.000
20160725 27800 27980 27460 27770 25219.40 69930003.000
20160722 28300 28350 27950 28020 24006.44 67455205.000
20160721 28200 28800 28130 28370 38319.07 109250659.000
20160720 28310 28380 28010 28100 19880.32 56048305.000
20160719 28510 28580 27900 28380 20236.03 56914147.000
20160718 28350 28640 28070 28450 26662.34 75655204.000
20160715 28150 28440 28020 28300 22872.42 64563490.000
20160714 28090 28280 27930 28150 25823.44 72422787.000
20160713 28400 28560 27910 28210 35760.62 101107633.000
20160712 27990 28250 27090 28190 75214.62 208200978.000
20160711 28550 28980 27350 27450 95748.64 268926661.000
20160708 29680 29990 28700 28760 48543.60 141715492.000
20160707 28950 30560 28770 29650 77651.78 231664798.000
20160706 28630 29100 28220 28930 47324.45 136190096.000
20160705 29380 29380 28580 28880 53312.35 154161523.000
20160704 28810 29660 28750 29420 89483.05 261116019.000
20160701 28180 29270 28010 28260 108718.77 312500624.000
20160630 26900 28580 26600 28190 103862.88 288824571.000
20160629 27770 27980 26800 27150 121104.26 329629047.000
20160628 25410 26770 25020 26570 139213.17 363369015.000
20160627 25070 25550 24820 25370 39799.27 100625965.000
20160624 25130 25480 24390 25080 32468.48 81032412.000
20160623 25670 25820 25000 25210 29889.97 75757090.000
20160622 25680 25840 25300 25690 36152.99 92272881.000
20160621 26750 26760 25650 25860 39009.81 101936135.000
20160620 26820 26980 26400 26490 54608.99 145889532.000
20160617 25530 26590 25530 26430 73121.67 190742547.000
20160616 25600 27300 25600 25930 47894.04 125839483.000
20160615 23760 24940 23420 24890 22610.21 55391437.000
20160614 23400 23880 23330 23860 18835.24 44464112.000
20160613 25380 25670 23380 23450 31026.00 76929576.000
20160608 26280 26280 25700 25910 22587.79 58614078.000
20160607 26110 26490 25740 26350 30830.04 80617973.000
20160606 26380 26580 25910 26110 32165.50 84363460.000
20160603 25710 26290 25280 26030 45750.87 117753066.000
20160602 25000 25660 24880 25620 32474.62 81900252.000
20160601 24900 25480 24690 25200 42424.85 106557059.000
20160531 23850 24900 23780 24790 35330.86 86383992.000
20160530 24020 24450 23720 23770 20483.80 49353570.000
20160527 24200 24730 23910 24020 30348.59 73640539.000
20160526 24000 24250 23110 24190 28452.08 67245511.000
20160525 25100 25200 24100 24250 28810.75 70932715.000
20160524 25780 25780 24570 24970 33902.79 84715256.000
20160523 24200 25950 24050 25790 47847.57 118720651.000
20160520 24110 24880 23810 24570 58772.11 142814017.000
20160519 27050 28510 25600 26040 23280.23 63066332.000
20160518 83000 83600 77010 79660 14938.42 120119703.000
20160517 80440 84190 80310 83500 14433.38 118678033.000
20160516 79250 80450 78000 80300 6800.62 53952329.000
20160513 78350 80000 77000 78240 5606.00 44240000
20160512 79000 79500 75030 78350 8927.00 69240000
20160511 85600 86000 81800 81840 10050.00 84460000
20160510 84900 85300 83510 83780 6629.00 55880000
20160509 87430 87430 83000 85310 13761.00 116580000
20160506 91210 92860 88080 88130 19137.00 172350000
20160505 86280 91880 86280 91820 19484.00 175040000
20160504 87000 88470 86370 87530 11914.00 104550000
20160503 83670 87450 82060 87420 13372.00 114230000
20160429 84170 85140 83560 84130 7193.00 60730000
20160428 85500 85570 82000 84140 5967.00 50130000
20160427 86300 86940 85010 85500 5322.00 45680000
20160426 85690 86390 84800 86370 5453.00 46720000
20160425 84990 85800 84100 85400 6764.00 57510000
20160422 83810 85750 83760 85600 7023.00 59670000
20160421 84990 87500 84190 84600 8707.00 74480000
20160420 90800 91280 82880 84990 13361.00 115610000
20160419 90480 91980 89040 90970 10983.00 99440000
20160418 90110 90580 87470 88790 9671.00 85430000
20160415 92000 92580 90010 90580 8192.00 74430000
20160414 93000 94000 90000 92070 9825.00 89890000
20160413 92000 93490 91280 92650 14311.00 132210000
20160412 93800 96240 89610 91080 20081.00 187990000
20160411 90850 95790 89700 93950 18981.00 176770000
20160408 91700 91700 87850 88900 16450.00 147120000
20160407 94000 94200 92050 92440 19660.00 183030000
20160406 90990 95310 90350 94780 21877.00 204470000
20160405 90300 90770 88580 90330 19206.00 173070000
20160401 87110 90000 86100 89520 23401.00 207000000
20160331 88000 91600 85990 88460 29174.00 257550000
20160330 83000 89200 80350 88400 36919.00 309850000
20160329 83600 85300 80000 82990 22287.00 184060000
20160325 76000 83480 75780 83150 31920.00 261170000
20160324 75250 76580 74130 75890 13010.00 98460000
20160323 75160 76130 73300 75960 8319.00 62220000
20160322 75000 76690 74500 74930 5593.00 42240000
20160321 76000 76790 74000 76210 9212.00 69790000
20160318 71400 75580 71000 73880 10457.00 76780000
20160317 67930 72000 67930 71370 8347.00 58700000
20160316 69280 69290 67260 67930 6646.00 45360000
20160315 68800 69060 67790 67830 7869.00 53790000
20160314 64210 69170 64000 68980 14750.00 99990000
20160311 62780 63480 61200 62880 4073.00 25450000
20160310 65650 65800 62660 62860 4827.00 30930000
20160309 63500 65900 62580 65350 6137.00 39760000
20160308 65050 65220 61150 64920 10462.00 66200000
20160307 67330 69000 65000 65470 11415.00 76210000
20160304 69990 70370 65800 66530 7633.00 51550000
20160303 71640 73000 69610 71120 12982.00 92340000
20160302 68050 72260 67970 71640 8908.00 62280000
20160301 68000 69450 63310 68710 9007.00 59950000
20160229 73500 76460 68180 68180 10742.00 74300000
20160226 78500 79980 73000 75750 8263.00 63450000
20160225 85270 85500 77050 77830 6499.00 52760000
20160224 87540 88490 83090 85270 7127.00 60870000
20160223 90160 90780 86680 87570 4793.00 42460000
20160222 90680 91870 88390 90170 8188.00 74010000
20160219 86650 88660 86650 88620 4374.00 38400000
20160218 88940 89850 86980 87660 5092.00 45030000
20160217 86800 88880 85890 88390 6564.00 57190000
20160216 85000 88200 85000 87420 7991.00 69450000
20160215 80500 86000 80110 85000 4717.00 39550000
20160205 83280 84600 82620 83690 5127.00 42740000
20160204 80840 85180 79820 83280 9027.00 74920000
20160203 79720 80500 77220 80070 3170.00 25020000
20160202 77000 80950 77000 80660 5772.00 45960000
20160201 77900 79730 75110 77020 6225.00 48190000
20160129 75000 81450 71400 78830 12044.00 91080000
20160128 83000 85970 76480 76480 13098.00 103740000
20160127 84170 86500 82130 84980 15868.00 131800000
20160125 90600 93800 90400 91260 4532.00 41710000
20160122 90500 91780 86200 90400 5980.00 52970000
20160121 91600 92600 87700 88130 6925.00 62300000
20160120 92000 94880 89630 91870 6914.00 63680000
20160119 89880 93800 88910 92020 9180.00 84170000
20160118 82020 94210 81800 90670 10238.00 91500000
20160115 82020 89300 81260 85650 16276.00 140620000
20160114 76990 84500 74000 84020 11246.00 89130000
20160113 89000 89800 80370 80370 14923.00 125050000
20160112 89460 93000 85000 89300 12226.00 109320000
20160111 95180 97000 89460 89460 23054.00 209930000
20160108 100000 104500 91500 99400 20344.00 203550000
20160107 103280 106500 96360 96370 5868.00 59830000
20160106 96600 107070 96100 107070 18729.00 193420000
20160105 88000 99630 88000 97340 18522.00 177980000
20160104 101000 102500 93010 93350 13187.00 128560000
20151231 108000 108480 101600 102580 19697.00 204350000
20151230 103950 110400 103080 106980 34850.00 371190000
20151229 100100 106990 100100 102490 42836.00 446900000
20151228 96880 102110 96880 102110 44845.00 456730000
20151211 93000 94780 91500 92830 6211.00 57980000
20151210 96000 96990 92000 93290 15325.00 143610000
20151209 98000 101000 94480 95500 12850.00 125050000
20151208 96000 99500 96000 98600 11950.00 117080000
20151207 99000 99000 95600 96230 11359.00 109810000
20151204 94700 99580 94700 96950 19710.00 191920000
20151203 91000 95600 91000 94840 11647.00 108910000
20151202 94790 94790 86200 91890 22287.00 201950000
20151201 103690 105880 92800 94650 27927.00 278320000
20151130 97200 104000 97030 103050 32282.00 325720000
20151127 98800 104650 95510 97000 21984.00 220720000
20151126 99550 106200 99300 99920 32764.00 337620000
20151125 97480 101670 95400 100340 20157.00 198100000
20151124 90010 98980 89750 98080 23558.00 221520000
20151123 93000 93190 90000 90210 12775.00 116010000
20151120 92500 93650 89390 93000 14624.00 134490000
20151119 88490 92280 87900 91990 13768.00 123860000
20151118 90740 92500 86000 87070 13046.00 116880000
20151117 96000 96600 90700 91140 15729.00 146240000
20151116 92000 96000 90300 94450 18677.00 174190000
20151113 105500 105500 97080 97080 22919.00 228710000
20151112 105000 108000 99990 107870 21752.00 225220000
20151111 97040 105000 97040 103290 17094.00 174270000
20151110 97600 101000 94860 97840 18043.00 176320000
20151109 93880 104320 93500 98780 21970.00 218380000
20151106 90240 96650 89110 95430 14251.00 133680000
20151105 92180 92940 87970 91220 20136.00 181510000
20151104 87750 93100 86800 92180 21377.00 191860000
20151103 86530 89900 85100 88290 13586.00 119170000
20151102 84790 91450 84030 87430 23379.00 207770000
20151030 83100 88680 81200 85600 11651.00 100470000
20151029 83000 84800 80800 84680 13666.00 112480000
20151028 84200 86080 80950 82000 21679.00 182220000
20151027 79880 85000 77500 84910 20809.00 168240000
20151026 79500 83500 77000 81220 29884.00 240440000
20151023 77990 81300 77000 80420 31364.00 248010000
20151022 68350 74980 68290 74980 21571.00 156240000
20151021 73120 74700 66500 68160 19599.00 139960000
20151020 72000 74380 70500 73220 17823.00 129710000
20151019 73540 73540 70250 71500 20431.00 145860000
20151016 77000 77600 71000 73900 23406.00 174870000
20151015 71050 75960 70120 74850 19949.00 147250000
20151014 72270 72660 70400 70820 15872.00 113620000
20151013 69130 73890 68880 72840 23773.00 170730000
20151012 68200 71800 67760 70130 29272.00 204830000
20151009 68390 69720 66680 67450 22459.00 152450000
20151008 70000 72300 67000 67930 22745.00 159910000
20150930 71650 72300 66650 68140 14633.00 100030000
20150929 68900 72300 68800 71650 12804.00 91290000
20150928 65500 71300 65440 70560 14523.00 100120000
20150925 69770 70700 64550 65290 13882.00 93010000
20150924 66900 72200 66900 70960 18692.00 131550000
20150923 66960 68900 65610 66600 11122.00 74540000
20150922 68500 71100 66750 67750 19095.00 131960000
20150921 62110 69500 62110 69260 20761.00 138610000
20150918 61100 64100 60800 63450 11327.00 71050000
20150917 59500 64620 59500 60330 22758.00 142250000
20150916 55000 60430 53880 60420 12997.00 74010000
20150915 53850 56400 53150 54940 11460.00 63370000
20150914 59400 60800 53950 53990 15683.00 90830000
20150911 59300 60480 58500 59940 11000.00 65440000
20150910 56950 60580 56500 59100 19862.00 117930000
20150909 56030 58800 56030 57790 19371.00 111790000
20150908 51000 55980 50070 55760 12126.00 64750000
20150907 51000 53000 50460 51430 8790.00 45590000
20150902 49150 53510 47080 50000 14833.00 75600000
20150901 53500 53680 49340 49760 17364.00 89500000
20150831 55800 59900 54790 54800 21078.00 119430000
20150828 53700 57550 53700 56700 22104.00 123010000
20150827 51820 54000 49350 52500 13454.00 69320000
20150826 50110 53010 47900 50600 17957.00 91240000
20150825 51700 54500 47900 48280 17715.00 90540000
20150824 56000 56000 52520 52520 23304.00 122940000
20150821 59500 61880 58010 58360 12329.00 73750000
20150820 60980 62350 59000 59880 12397.00 75460000
20150819 61370 63400 55850 61790 26642.00 159220000
20150818 66660 67980 60180 61370 18200.00 117890000
20150817 69300 69300 65010 66580 13700.00 91460000
20150814 71360 71990 68890 69370 16980.00 118600000
20150813 69520 70990 68200 70630 14655.00 102130000
20150812 71510 73960 70210 70600 13127.00 94360000
20150811 74200 75180 72080 72810 18909.00 139500000
20150810 71950 75430 70000 75010 21589.00 157370000
20150807 68000 71980 67000 70970 21631.00 151080000
20150806 64700 69200 64000 67340 17831.00 120040000
20150805 65800 69690 64880 67430 25126.00 169080000
20150804 63110 66500 62000 66430 22909.00 147330000
20150803 66490 68000 61700 62440 29227.00 188610000
20150731 68150 73500 67020 68550 19720.00 136800000
20150730 70010 74000 68200 70840 24774.00 176290000
20150729 68000 72000 64120 71970 22534.00 151440000
20150728 66000 72480 63550 66320 20713.00 138420000
20150727 74200 79580 69800 69930 29194.00 220810000
20150724 82120 85000 74210 77300 39400.00 315980000
20150723 76500 84000 75320 82460 28512.00 228170000
20150722 74000 80000 73450 77040 29136.00 223980000
20150721 73500 75890 72500 74680 27113.00 202240000
20150720 69080 76690 69010 75850 40098.00 293490000
20150717 66000 72160 65000 71080 36246.00 248760000
20150716 57880 68300 57880 65680 27655.00 178770000
20150715 70000 70000 63000 63490 59374.00 398850000
20150714 63640 63640 63640 63640 350.00 2220000
20150713 57850 57850 57850 57850 722.00 4170000
20150707 55550 57400 52590 52590 21955.00 118880000
20150706 63060 63060 53010 58430 41630.00 250150000
20150703 57000 62880 52200 57330 42035.00 237810000
20150702 61000 66680 57980 58000 45501.00 278440000
20150701 69000 75000 64420 64420 43855.00 311390000
20150630 67000 73800 64330 71580 43386.00 297050000
20150629 76000 79310 71480 71480 26804.00 195880000
20150626 80600 81990 79420 79420 29977.00 239010000
20150625 95000 95000 88240 88240 61199.00 552450000
20150624 104310 104310 92000 98040 83151.00 838190000
20150623 90500 94830 87000 94830 25532.00 236030000
20150619 83800 101000 83800 86210 80594.00 745450000
20150618 83490 92030 82500 92030 76806.00 672480000
20150617 83730 88400 83660 83660 66637.00 560530000
20150616 92950 92950 83010 92950 119865.00 1083200000
20150615 84500 84500 84500 84500 984.00 8310000
20150612 76820 76820 76820 76820 392.00 3010000
20150611 69840 69840 69840 69840 199.00 1380000
20150610 63490 63490 63490 63490 437.00 2770000
20150609 57720 57720 57720 57720 221.00 1270000
20150608 52470 52470 52470 52470 193.00 1010000
20150605 47700 47700 47700 47700 70.00 330000
20150604 43360 43360 43360 43360 124.00 530000
20150603 39420 39420 39420 39420 45.00 170000
20150602 35840 35840 35840 35840 51.00 180000
20150601 32580 32580 32580 32580 25.00 80000
20150529 29620 29620 29620 29620 55.00 160000
20150528 26930 26930 26930 26930 19.00 50000
20150527 24480 24480 24480 24480 105.00 250000
