20180214 30680 30950 30300 30510 8419 25659789 2.11 0.60 -0.91 5377 3042 1.77 1.48
20180213 31590 31650 30610 30790 11272 35049415 3.32 0.71 -1.63 7372 3900 1.89 1.98
20180212 31250 31440 30910 31300 12570 39175840 1.72 0.84 1.43 5955 6615 0.90 2.21
20180209 30900 31270 29730 30860 13753 42131517 4.87 0.93 -2.47 8220 5533 1.49 2.42
20180208 32000 32020 31530 31640 12379 39359893 1.53 0.68 -1.06 7402 4978 1.49 2.18
20180207 31280 31990 30040 31980 20675 64449226 6.30 1.01 3.33 9714 10961 0.89 3.63
20180206 30500 30990 29890 30950 20270 61961068 3.55 1.14 0.00 10616 9654 1.10 3.56
20180205 30650 31650 30600 30950 7900 24623771 3.31 0.42 -2.40 4483 3416 1.31 1.39
20180202 31300 31870 30010 31710 12911 40470192 5.95 0.63 1.44 7081 5830 1.21 2.27
20180201 32570 33000 31150 31260 28850 92222683 5.51 1.51 -6.85 17963 10887 1.65 5.07
20180131 34300 34830 33520 33560 31924 109322838 3.92 1.83 0.36 15701 16223 0.97 5.61
20180130 33280 33500 33080 33440 6939 23089464 1.26 0.37 0.42 3827 3113 1.23 1.22
20180129 33650 33890 32900 33300 13512 45128789 2.92 0.69 -1.71 8322 5191 1.60 2.37
20180126 34400 34680 33450 33880 20839 70502202 3.58 1.02 -1.28 14304 6535 2.19 3.66
20180125 35140 35350 34260 34320 22136 77130489 3.11 1.10 -2.14 13882 8253 1.68 3.89
20180124 34370 35180 34010 35070 23979 83347687 3.41 1.02 2.07 9565 14414 0.66 4.21
20180123 34620 34810 34010 34360 13409 46078025 2.31 0.57 -0.64 7870 5538 1.42 2.36
20180122 34350 34690 33330 34580 17029 58130414 3.96 0.71 0.67 9194 7835 1.17 2.99
20180119 34450 35290 34210 34350 25174 87719578 3.10 1.17 -1.26 13292 11882 1.12 4.42
20180118 34580 35010 34380 34790 20666 71653773 1.81 0.99 -0.23 11300 9367 1.21 3.63
20180117 33160 35220 32800 34870 41583 143153570 7.30 2.63 5.16 17352 24231 0.72 7.31
20180116 32800 33550 32750 33160 13552 44939611 2.44 0.87 1.25 7348 6203 1.18 2.38
20180115 34190 34320 32500 32750 18248 60946257 5.29 1.20 -4.82 12526 5722 2.19 3.21
20180112 34070 34680 33810 34410 13941 47730417 2.54 0.92 0.56 6976 6965 1.00 2.45
20180111 33380 34500 33020 34220 17444 59023388 4.40 1.09 1.85 7646 9798 0.78 3.07
20180110 34640 34760 33300 33600 15733 53648602 4.24 0.88 -2.52 10479 5254 1.99 2.77
20180109 34380 34770 34040 34470 12718 43818059 2.12 0.71 0.15 6766 5952 1.14 2.24
20180108 34560 34580 33730 34420 16352 55703984 2.46 0.95 -0.32 9232 7119 1.30 2.87
20180105 34610 34610 34100 34530 13596 46713147 1.48 0.75 -0.06 7852 5744 1.37 2.39
20180104 35100 35280 34330 34550 21627 74967003 2.71 2.86 -1.57 14226 7401 1.92 3.80
20180103 34690 35320 34290 35100 24790 86719833 2.99 1.24 1.89 11088 13702 0.81 4.36
20180102 34570 34720 34200 34450 12969 44652868 1.52 0.63 0.53 6841 6128 1.12 2.28
20171229 34130 34650 34000 34270 12810 44011604 1.90 0.65 0.38 6714 6096 1.10 2.25
20171228 33800 34580 33680 34140 17962 61404499 2.65 0.91 0.35 8866 9096 0.97 3.16
20171227 34300 34780 33860 34020 24856 85050365 2.67 1.42 -1.28 14292 10564 1.35 4.37
20171226 32900 34650 32700 34460 31059 105602928 5.91 2.33 4.42 11266 19794 0.57 5.46
20171225 33220 33740 32500 33000 15975 52729084 3.74 1.31 -0.57 9046 6930 1.31 2.81
20171222 33110 33490 33110 33190 8492 28267427 1.15 0.66 0.03 4936 3556 1.39 1.49
20171221 32360 33740 32360 33180 18115 60130521 4.21 1.46 1.31 9550 8565 1.11 3.18
20171220 33410 33750 32610 32750 13914 45888136 3.37 1.17 -3.14 8424 5490 1.53 2.45
20171219 33480 34060 33480 33810 10247 34555039 1.72 0.80 0.30 5445 4801 1.13 1.80
20171218 34050 34470 33500 33710 10358 35059154 2.90 0.68 0.81 6174 4184 1.48 1.82
20171215 33800 34000 33200 33440 11872 39834465 2.34 0.67 -1.99 7390 4482 1.65 2.09
20171214 34250 34490 33800 34120 15490 52874320 2.05 0.90 1.16 8173 7317 1.12 2.72
20171213 33040 33850 33040 33730 11581 38866987 2.43 0.62 1.11 5365 6216 0.86 2.04
20171212 34100 34440 33270 33360 14846 49979743 3.42 0.71 -2.63 9304 5541 1.68 2.61
20171211 34190 35500 34190 34260 22699 78664611 3.88 0.95 1.48 12701 9998 1.27 3.99
20171208 32550 33800 32400 33760 23998 79813900 4.32 1.07 4.23 11419 12579 0.91 4.22
20171207 32080 32490 31900 32390 12881 41472944 1.82 0.53 0.12 7204 5677 1.27 2.26
20171206 31410 32390 31030 32350 18838 59640126 4.35 0.77 3.35 8454 10384 0.81 3.31
20171205 32980 33430 30890 31300 26036 83491789 7.70 1.09 -5.09 15424 10612 1.45 4.58
20171204 35800 35800 32810 32980 38027 129978984 8.29 1.88 -8.54 23323 14705 1.59 6.68
20171201 35510 36100 35000 36060 16594 59342497 3.10 0.81 1.52 7486 9107 0.82 2.92
20171130 35870 36800 35500 35520 21333 76854587 3.61 0.94 -1.36 12920 8413 1.54 3.75
20171129 36000 36470 35360 36010 20537 73920518 3.09 0.85 0.39 11351 9186 1.24 3.61
20171128 35490 36280 35100 35870 22988 82416095 3.32 0.89 0.84 10976 12012 0.91 4.04
20171127 37020 37500 35500 35570 19795 71811927 5.39 0.72 -4.20 12908 6887 1.87 3.48
20171124 37190 38070 36980 37130 17210 64419712 2.91 0.45 -0.77 9546 7664 1.25 3.02
20171123 40140 40290 37250 37420 32724 127268752 7.54 0.73 -7.19 19425 13299 1.46 5.75
20171122 40580 40970 39720 40320 27533 110788787 3.06 0.57 -1.30 16969 10564 1.61 4.84
20171121 41590 42370 40400 40850 31490 129402474 4.68 0.60 -2.90 19660 11831 1.66 5.53
20171120 42000 42500 40300 42070 28244 117521804 5.18 0.46 -0.90 14967 13277 1.13 4.96
20171117 45000 45000 40820 42450 71389 301818736 9.22 1.28 -6.42 42499 28890 1.47 12.55
20171116 45670 46980 45200 45360 66703 308208784 3.87 1.32 -1.41 31711 34991 0.91 11.72
20171115 44300 46080 43850 46010 45577 205064412 4.98 0.91 2.84 22137 23440 0.94 8.01
20171114 45500 46300 44310 44740 48778 220815198 4.33 0.95 -2.63 29545 19232 1.54 8.57
20171113 44520 46000 44010 45950 72274 327482720 4.57 1.52 5.41 29399 42875 0.69 12.70
20171110 44200 44720 43330 43590 45480 199582170 3.13 0.96 -1.71 26053 19427 1.34 7.99
20171109 44500 45380 44200 44350 40223 179487111 2.63 0.71 -1.14 24905 15317 1.63 7.07
20171108 45080 45730 44550 44860 44211 199665438 2.62 0.65 -0.44 22255 21955 1.01 7.77
20171107 46450 46690 44680 45060 53641 243250838 4.36 0.81 -2.23 34152 19490 1.75 9.43
20171106 45300 46350 44790 46090 53880 246579311 3.46 0.82 2.20 26285 27594 0.95 9.47
20171103 45280 45600 44570 45100 44781 201527791 2.26 0.70 -0.97 23997 20784 1.15 7.87
20171102 44890 46470 44450 45540 88035 401072832 4.48 1.36 0.93 45223 42812 1.06 15.47
20171101 43500 46510 42900 45120 97616 436086752 8.34 1.74 4.28 45068 52548 0.86 17.16
20171031 41550 43300 41300 43270 48614 206103276 4.84 0.88 4.82 20848 27766 0.75 8.54
20171030 43390 43500 40820 41280 47517 197996545 6.18 0.84 -4.84 28507 19010 1.50 8.35
20171027 44000 44000 43050 43380 39637 172081895 2.16 0.72 -1.39 23046 16591 1.39 6.97
20171026 43080 44450 42850 43990 89541 390250432 3.77 1.85 3.58 44472 45069 0.99 15.74
20171025 41340 42920 41050 42470 54423 230143849 4.52 1.05 2.71 26411 28011 0.94 9.56
20171024 41040 41450 40510 41350 46478 190518362 2.27 0.89 -0.31 28262 18216 1.55 8.17
20171023 40200 41990 40120 41480 52774 217967584 4.66 0.92 3.42 22582 30193 0.75 9.27
20171020 39780 40350 39500 40110 32101 128198400 2.11 0.48 -0.42 17483 14618 1.20 5.64
20171019 42100 42100 40000 40280 56166 228998905 4.99 0.87 -4.35 34519 21647 1.59 9.87
20171018 41700 43200 41510 42110 70996 302421360 4.05 1.18 0.91 34392 36604 0.94 12.48
20171017 41610 42180 40660 41730 47752 198086702 3.61 0.75 -1.02 25155 22597 1.11 8.39
20171016 42300 42810 41500 42160 81234 343080144 3.13 1.47 0.62 39894 41341 0.97 14.28
20171013 39770 42900 39420 41900 80812 334600896 8.78 1.55 5.73 34542 46270 0.75 14.20
20171012 40400 40450 39110 39630 40846 162114120 3.30 0.76 -2.49 24279 16567 1.47 7.18
20171011 41320 41700 40330 40640 50357 206147608 3.28 0.94 -2.68 31603 18753 1.69 8.85
20171010 40290 41820 40210 41760 66698 275297872 4.03 1.11 4.58 31581 35117 0.90 11.72
20171009 40070 40290 39460 39930 38247 152166966 2.10 0.58 1.24 19554 18693 1.05 6.72
20170929 41000 41160 39020 39440 64606 257938494 5.27 0.96 -2.95 36597 28009 1.31 11.35
20170928 41310 41950 40430 40640 50152 207281048 3.67 0.67 -1.91 28058 22094 1.27 8.81
20170927 41420 41910 40380 41430 48420 199693811 3.70 0.55 0.31 25142 23278 1.08 8.51
20170926 44500 44700 41090 41300 98662 417704304 8.03 1.13 -8.10 56198 42464 1.32 17.34
20170925 44000 45450 43900 44940 66800 299363184 3.50 0.69 1.51 31857 34943 0.91 11.74
20170922 44430 45450 43720 44270 71855 319146912 3.84 0.61 -1.64 38773 33082 1.17 12.63
20170921 46600 47500 45000 45010 88484 409424528 5.32 0.62 -4.15 50910 37574 1.35 15.55
20170920 46350 47500 44700 46960 117788 540878080 6.00 0.64 0.60 59587 58201 1.02 20.70
20170919 46400 48410 46020 46680 92298 433540480 5.08 0.52 -0.85 51695 40604 1.27 16.22
20170918 46000 49000 45800 47080 116088 550083104 6.81 0.75 0.13 61685 54403 1.13 20.40
20170915 50000 50300 46710 47020 173105 834545504 7.01 1.43 -8.16 92559 80547 1.15 30.42
20170914 53000 54510 50500 51200 208726 1094628336 7.23 2.62 -7.68 114780 93947 1.22 36.68
20170913 53000 56000 51400 55460 336425 1835791984 9.01 27.38 8.68 159278 177146 0.90 59.13
20170912 51030 51030 51030 51030 50049 255402292 0.00 21.65 10.00 50049 - - 8.80
20170911 46390 46390 46390 46390 5288 24532795 0.00 4.10 10.01 5288 - - 0.93
20170908 42170 42170 42170 42170 4336 18284743 0.00 8.94 9.99 4336 - - 0.76
20170907 38340 38340 38340 38340 1500 5751307 0.00 6.50 10.01 1500 - - 0.26
20170906 34850 34850 34850 34850 264 919169 0.00 1.20 10.01 264 - - 0.05
20170905 31680 31680 31680 31680 173 548064 0.00 0.71 10.00 173 - - 0.03
20170904 28800 28800 28800 28800 174 501206 0.00 0.56 10.01 174 - - 0.03
20170901 26180 26180 26180 26180 313 819434 0.00 - 44.00 313 - - 0.06
