20180302 5270 5290 5220 5230 22002 11565374 1.32 0.93 -1.13 14597 7405 1.97 0.28
20180301 5180 5300 5170 5290 26926 14170657 2.49 1.24 1.15 11562 15364 0.75 0.34
20180228 5200 5240 5150 5230 17641 9174975 1.72 0.87 0.00 9802 7839 1.25 0.22
20180227 5200 5260 5180 5230 25058 13069552 1.54 1.38 0.58 11493 13565 0.85 0.31
20180226 5130 5220 5120 5200 27897 14435323 1.95 1.72 1.56 11160 16737 0.67 0.35
20180223 5130 5150 5090 5120 20322 10407390 1.17 1.11 -0.58 12852 7470 1.72 0.25
20180222 5110 5160 5080 5150 17634 9033907 1.57 0.91 1.18 10898 6736 1.62 0.22
20180214 5100 5110 5050 5090 10992 5581898 1.18 0.47 0.20 6261 4732 1.32 0.14
20180213 5100 5140 5070 5080 14167 7236434 1.38 0.52 0.00 8079 6088 1.33 0.18
20180212 4970 5090 4970 5080 18082 9135458 2.42 0.64 2.63 8176 9906 0.83 0.23
20180209 5030 5070 4920 4950 30559 15267313 2.94 0.97 -2.94 17472 13087 1.34 0.38
20180208 5000 5170 4970 5100 22906 11702103 3.99 0.59 1.80 10996 11910 0.92 0.29
20180207 4980 5010 4880 5010 30032 14904981 2.66 0.70 2.45 15301 14731 1.04 0.38
20180206 5100 5100 4880 4890 34749 17331988 4.28 0.82 -4.86 21400 13349 1.60 0.43
20180205 5000 5190 5000 5140 23162 11886962 3.72 0.52 0.59 10812 12350 0.88 0.29
20180202 5240 5240 4980 5110 46439 23785617 4.93 1.14 -3.04 26822 19617 1.37 0.58
20180201 5590 5640 5210 5270 59958 32229986 7.64 1.68 -6.39 37031 22927 1.62 0.75
20180131 5830 5830 5550 5630 49464 28084268 4.79 1.54 -3.60 32405 17060 1.90 0.62
20180130 5880 5890 5810 5840 32482 18992442 1.35 1.06 -1.52 20595 11887 1.73 0.41
20180129 6030 6040 5890 5930 34780 20724130 2.49 1.20 -1.66 24315 10465 2.32 0.43
20180126 6060 6070 6020 6030 26961 16292137 0.82 0.89 -0.66 16952 10009 1.69 0.34
20180125 6060 6110 6020 6070 34240 20757700 1.48 1.19 0.00 18377 15863 1.16 0.43
20180124 6040 6090 6000 6070 31784 19213947 1.49 1.05 0.66 15429 16355 0.94 0.40
20180123 6040 6050 5980 6030 25807 15521634 1.16 0.84 0.00 16073 9734 1.65 0.32
20180122 5950 6040 5920 6030 26659 15925420 2.01 0.80 1.01 13593 13066 1.04 0.33
20180119 5930 6000 5900 5970 32914 19638662 1.68 1.02 0.51 15196 17718 0.86 0.41
20180118 5910 5960 5880 5940 26210 15530843 1.35 0.75 0.51 14232 11978 1.19 0.33
20180117 5870 5950 5810 5910 40138 23636221 2.38 1.08 0.51 21486 18652 1.15 0.50
20180116 5850 5910 5800 5880 27646 16221162 1.88 0.72 0.51 16861 10785 1.56 0.35
20180115 6050 6050 5830 5850 40192 23885560 3.65 0.94 -2.99 24974 15218 1.64 0.50
20180112 6100 6100 6020 6030 27848 16840897 1.32 0.51 -0.82 17424 10424 1.67 0.35
20180111 6060 6130 5990 6080 38742 23477933 2.31 0.70 0.16 18561 20181 0.92 0.48
20180110 6060 6140 6010 6070 51267 31176419 2.15 0.91 0.17 26009 25258 1.03 0.64
20180109 6070 6090 6010 6060 33491 20250617 1.32 0.54 -0.16 18544 14947 1.24 0.42
20180108 6140 6150 6050 6070 63427 38609815 1.62 1.10 -1.62 43329 20098 2.16 0.79
20180105 6040 6280 5960 6170 85228 52194691 5.29 1.83 1.98 44104 41124 1.07 1.07
20180104 6010 6060 5970 6050 44846 26952929 1.50 1.92 0.67 21132 23715 0.89 0.56
20180103 5950 6010 5910 6010 53717 32093553 1.68 1.25 1.01 27959 25758 1.09 0.67
20180102 5950 6020 5910 5950 63073 37570175 1.85 1.69 0.17 41556 21516 1.93 0.79
20171229 5870 5960 5840 5940 41627 24619179 2.05 1.20 1.54 15747 25880 0.61 0.52
20171228 5840 5900 5800 5850 29995 17592100 1.71 0.89 0.17 15083 14912 1.01 0.37
20171227 5830 5890 5800 5840 38812 22688791 1.54 1.15 -0.17 23007 15805 1.46 0.49
20171226 5730 5910 5700 5850 41843 24290165 3.66 1.26 1.92 16510 25333 0.65 0.52
20171225 5810 5830 5710 5740 34865 20078698 2.05 1.14 -1.71 24086 10779 2.23 0.44
20171222 5820 5900 5800 5840 27802 16268830 1.72 0.87 0.69 14920 12882 1.16 0.35
20171221 5780 5850 5760 5800 25782 14966460 1.55 0.78 -0.34 14489 11293 1.28 0.32
20171220 5940 5940 5800 5820 39173 22951527 2.36 1.22 -2.02 25802 13371 1.93 0.49
20171219 5920 5990 5910 5940 38650 22948155 1.34 1.14 -0.17 32006 6644 4.82 0.48
20171218 5980 6000 5930 5950 22013 13114287 1.17 0.58 -0.50 14603 7411 1.97 0.28
20171215 6030 6030 5930 5980 34612 20679381 1.66 0.88 -0.66 24490 10122 2.42 0.43
20171214 6040 6040 5980 6020 31707 19050283 1.00 0.67 0.00 14424 17283 0.83 0.40
20171213 5890 6040 5880 6020 33997 20302805 2.72 0.59 2.21 11513 22484 0.51 0.42
20171212 6030 6060 5880 5890 47277 28195016 2.97 0.72 -2.97 30778 16498 1.87 0.59
20171211 6050 6070 6000 6070 43381 26218199 1.16 0.64 0.50 26312 17069 1.54 0.54
20171208 5990 6070 5940 6040 40620 24499133 2.16 0.64 0.50 19489 21131 0.92 0.51
20171207 5900 6090 5810 6010 70876 42082850 4.71 1.31 1.01 39750 31126 1.28 0.89
20171206 5960 5970 5750 5950 87698 51246092 3.69 2.13 -0.17 60229 27469 2.19 1.10
20171205 6290 6290 5890 5960 87724 53219850 6.37 2.89 -5.10 59511 28213 2.11 1.10
20171204 6500 6500 6250 6280 49813 31613802 3.86 1.77 -3.09 36586 13227 2.77 0.62
20171201 6390 6500 6380 6480 22895 14793145 1.87 0.68 1.09 9792 13103 0.75 0.29
20171130 6410 6430 6360 6410 21388 13700346 1.09 0.48 0.00 11817 9571 1.23 0.27
20171129 6410 6420 6330 6410 23969 15300560 1.41 0.38 0.31 13553 10416 1.30 0.30
20171128 6350 6400 6310 6390 33539 21336273 1.43 0.45 1.59 13812 19727 0.70 0.42
20171127 6330 6400 6270 6290 39194 24778403 2.05 0.46 -0.63 21203 17991 1.18 0.49
20171124 6330 6360 6250 6330 49284 31069407 1.74 0.48 -0.16 28864 20420 1.41 0.62
20171123 6550 6570 6310 6340 76624 49311743 3.96 0.85 -3.50 50622 26002 1.95 0.96
20171122 6760 6800 6430 6570 113807 75358268 5.46 1.55 -3.10 74052 39755 1.86 1.42
20171121 6900 7040 6650 6780 97409 66233501 5.48 1.52 -4.78 66144 31265 2.12 1.22
20171120 7090 7190 6540 7120 92121 61996070 9.18 1.44 0.56 54568 37553 1.45 1.15
20171117 7900 7950 7070 7080 128586 94492534 11.21 2.91 -9.81 76563 52023 1.47 1.61
20171116 7820 7900 7810 7850 19476 15274724 1.14 0.42 -0.88 11366 8110 1.40 0.24
20171115 7880 7940 7780 7920 28354 22203366 2.02 0.54 0.13 15286 13068 1.17 0.35
20171114 8070 8140 7860 7910 51244 40733214 3.45 1.04 -2.59 37605 13639 2.76 0.64
20171113 7890 8480 7740 8120 91151 73686216 9.37 2.55 2.78 48468 42683 1.14 1.14
20171110 7940 7940 7820 7900 30344 23920303 1.51 0.72 -0.63 16787 13557 1.24 0.38
20171109 7920 7990 7880 7950 31199 24703443 1.38 0.69 0.00 17128 14071 1.22 0.39
20171108 7980 8060 7860 7950 60317 47961778 2.49 1.36 -1.00 40700 19617 2.07 0.75
20171107 8060 8140 7930 8030 32723 26268161 2.62 0.63 0.25 19824 12899 1.54 0.41
20171106 8090 8090 7810 8010 23976 19064588 3.49 0.42 -0.25 13378 10598 1.26 0.30
20171103 8000 8120 7700 8030 63193 49764534 5.22 1.13 -0.12 46356 16837 2.75 0.79
20171102 8300 8300 7960 8040 46977 38003173 4.09 0.77 -3.37 32115 14862 2.16 0.59
20171101 8250 8410 8240 8320 55568 46366042 2.04 0.96 0.00 35495 20073 1.77 0.69
20171031 8180 8420 7980 8320 68755 56250174 5.42 1.23 2.46 33394 35361 0.94 0.86
20171030 8360 8360 7970 8120 50447 40923645 4.65 0.94 -3.10 31170 19277 1.62 0.63
20171027 8550 8630 8300 8380 57514 48496090 3.84 1.12 -2.56 38041 19473 1.95 0.72
20171026 8710 8770 8550 8600 74588 64197501 2.53 1.54 -1.26 38326 36261 1.06 0.93
20171025 8720 8830 8520 8710 38882 33694662 3.56 0.68 0.00 21561 17322 1.24 0.49
20171024 9080 9080 8550 8710 57502 50292145 5.84 0.76 -4.07 40465 17037 2.38 0.72
20171023 8990 9150 8880 9080 39513 35709894 3.01 0.47 1.34 19011 20502 0.93 0.49
20171020 8820 9030 8770 8960 45234 40359030 2.91 0.49 0.45 24089 21145 1.14 0.57
20171019 9060 9180 8800 8920 61797 55130290 4.13 0.55 -3.04 34001 27796 1.22 0.77
20171018 9500 9540 9020 9200 82106 75849444 5.57 0.56 -1.50 47601 34505 1.38 1.03
20171017 8730 9550 8540 9340 148093 136856667 11.64 0.93 7.60 55367 92725 0.60 1.85
20171016 9180 9220 8650 8680 81229 71918653 6.18 0.43 -5.96 54836 26393 2.08 1.02
20171013 9280 9450 9130 9230 84359 78410051 3.44 0.47 -0.65 48576 35783 1.36 1.05
20171012 9110 9640 9070 9290 161948 151575805 6.09 1.02 -0.75 87856 74092 1.19 2.02
20171011 9000 9550 8730 9360 257660 233768097 8.99 2.11 2.63 115306 142354 0.81 3.22
20171010 9180 9380 9100 9120 210005 193810367 3.07 2.14 -0.11 107578 102427 1.05 2.63
20171009 8380 9130 8380 9130 223710 199873932 9.04 3.29 10.00 95462 128248 0.74 2.80
20170929 8430 8510 8280 8300 43830 36654870 2.73 0.52 -1.54 30651 13179 2.33 0.55
20170928 8510 8550 8350 8430 60257 51017904 2.36 0.46 -0.71 24115 36142 0.67 0.75
20170927 8240 8570 8240 8490 72890 61526482 3.97 0.47 2.04 24116 48774 0.49 0.91
20170926 8400 8480 8190 8320 90290 75327695 3.42 0.58 -1.77 47821 42470 1.13 1.13
20170925 8650 8760 8460 8470 72406 62082411 3.48 0.44 -1.63 43147 29259 1.47 0.91
20170922 8790 8830 8560 8610 125480 108875762 3.05 0.69 -2.82 72549 52930 1.37 1.57
20170921 8480 9010 8480 8860 296528 261253518 6.33 2.22 5.85 126132 170396 0.74 3.71
20170920 8270 8570 8270 8370 195430 163975211 3.76 1.94 5.02 85827 109603 0.78 2.44
20170919 7900 8190 7800 7970 83214 66555717 4.89 0.90 0.00 46601 36612 1.27 1.04
20170918 7750 8040 7750 7970 114369 90366430 3.69 1.50 1.40 46444 67925 0.68 1.43
20170915 7970 8160 7780 7860 221298 177094261 4.95 5.15 2.34 106540 114759 0.93 2.77
20170914 7600 7700 7560 7680 53028 40422416 1.84 1.36 0.79 20912 32116 0.65 0.66
20170913 7570 7620 7520 7620 30614 23191653 1.32 0.78 0.53 15711 14903 1.05 0.38
20170912 7560 7640 7550 7580 41606 31604836 1.19 1.15 0.13 18801 22805 0.82 0.52
20170911 7550 7570 7500 7570 34465 26009129 0.93 0.86 0.40 18777 15688 1.20 0.43
20170908 7600 7600 7500 7540 54942 41387054 1.32 1.52 -0.79 35621 19322 1.84 0.69
20170907 7660 7660 7580 7600 33079 25203842 1.05 0.88 -0.52 20844 12235 1.70 0.41
20170906 7610 7650 7590 7640 33000 25125447 0.79 0.88 0.26 17322 15678 1.10 0.41
20170905 7600 7630 7570 7620 25741 19574922 0.79 0.67 0.00 13881 11860 1.17 0.32
20170904 7630 7640 7550 7620 53405 40536124 1.18 1.48 0.00 33685 19720 1.71 0.67
20170901 7640 7650 7580 7620 35136 26738237 0.92 1.06 -0.26 19879 15257 1.30 0.44
20170831 7680 7680 7560 7640 40960 31172602 1.56 1.29 -0.39 24329 16631 1.46 0.51
20170830 7690 7730 7620 7670 32558 24946517 1.43 0.96 -0.39 21612 10945 1.97 0.41
20170829 7740 7780 7700 7700 29875 23075700 1.03 0.85 -0.77 21073 8802 2.39 0.37
20170828 7680 7830 7650 7760 42008 32566592 2.33 1.31 0.39 23097 18911 1.22 0.53
20170825 7680 7750 7660 7730 20751 16023491 1.17 0.65 0.78 10450 10302 1.01 0.26
20170824 7790 7820 7630 7670 33286 25614518 2.43 1.09 -1.79 21213 12074 1.76 0.42
20170823 7820 7970 7790 7810 43557 34350806 2.30 1.52 -0.38 21852 21705 1.01 0.54
20170822 7760 7880 7710 7840 37008 28858112 2.19 1.24 1.03 16287 20721 0.79 0.46
20170821 7700 7770 7700 7760 25804 19978866 0.91 0.90 0.52 12024 13780 0.87 0.32
20170818 7710 7760 7690 7720 19726 15235908 0.90 0.63 -0.39 12292 7434 1.65 0.25
20170817 7750 7760 7690 7750 27229 21046228 0.90 0.88 0.00 15952 11277 1.41 0.34
20170816 7780 7780 7670 7750 33142 25568005 1.41 1.13 -0.90 21795 11347 1.92 0.41
20170815 7640 7880 7570 7820 43667 33808701 4.07 1.68 2.62 17412 26255 0.66 0.55
20170814 7510 7640 7510 7620 19118 14523211 1.73 0.68 1.33 8868 10250 0.87 0.24
20170811 7670 7680 7490 7520 34108 25848722 2.47 1.19 -2.21 23173 10936 2.12 0.43
20170810 7760 7800 7650 7690 24393 18803504 1.93 0.85 -0.90 15100 9293 1.62 0.30
20170809 7680 7780 7650 7760 25083 19363419 1.69 0.80 0.78 12153 12930 0.94 0.31
20170808 7640 7720 7640 7700 27112 20827236 1.04 0.80 0.52 13551 13561 1.00 0.34
20170807 7720 7720 7650 7660 29025 22271465 0.91 0.77 -0.39 17185 11840 1.45 0.36
20170804 7830 7830 7650 7690 38089 29498613 2.30 0.88 -1.66 24132 13957 1.73 0.48
20170803 7790 7870 7740 7820 23688 18484173 1.67 0.49 0.39 12057 11631 1.04 0.30
20170802 7940 7960 7770 7790 38969 30575535 2.39 0.82 -1.89 23517 15452 1.52 0.49
20170801 8010 8040 7900 7940 40452 32163128 1.74 0.85 -1.24 26795 13658 1.96 0.51
20170731 7960 8050 7910 8040 46784 37335074 1.75 0.98 0.63 23615 23168 1.02 0.58
20170728 7860 8060 7830 7990 66873 53472486 2.92 1.41 1.40 30624 36249 0.84 0.84
20170727 7830 7890 7730 7880 50015 39152421 2.04 0.94 0.38 27329 22687 1.20 0.63
20170726 7860 7930 7750 7850 33164 25923777 2.30 0.48 0.26 17947 15217 1.18 0.41
20170725 7930 7940 7800 7830 40139 31504984 1.76 0.46 -1.51 26198 13941 1.88 0.50
20170724 7920 8000 7840 7950 48629 38489983 2.00 0.50 -0.63 27464 21165 1.30 0.61
20170721 8070 8180 7960 8000 64978 52348370 2.73 0.57 -0.87 36911 28067 1.32 0.81
20170720 8050 8080 7920 8070 78583 62884751 1.98 0.60 -0.25 47011 31572 1.49 0.98
20170719 7950 8110 7900 8090 111003 89063919 2.61 0.95 0.50 55098 55905 0.99 1.39
20170718 7640 8120 7600 8050 130763 103877607 6.73 1.36 4.14 59244 71519 0.83 1.63
20170717 7900 8030 7510 7730 98216 76681574 6.51 1.21 -3.25 52894 45323 1.17 1.23
20170714 8220 8220 7880 7990 152818 122341521 4.14 2.73 -2.80 92618 60199 1.54 1.91
20170713 7470 8220 7460 8220 165279 131465455 10.17 5.40 10.04 76004 89274 0.85 2.07
20170712 7620 7650 7370 7470 35617 26619434 3.67 1.23 -1.97 22682 12936 1.75 0.45
20170711 7660 7740 7610 7620 27457 21079184 1.69 1.00 -0.78 15921 11536 1.38 0.34
20170710 7660 7710 7640 7680 25715 19737345 0.91 0.99 0.26 13728 11987 1.15 0.32
20170707 7670 7690 7620 7660 26053 19937234 0.91 1.08 -0.39 15859 10194 1.56 0.33
20170706 7690 7760 7630 7690 38171 29364096 1.69 1.69 -0.13 21140 17031 1.24 0.48
20170705 7660 7700 7630 7700 27953 21414025 0.91 1.10 0.52 14533 13421 1.08 0.35
20170704 7680 7720 7630 7660 19086 14620331 1.17 0.65 -0.52 12471 6615 1.89 0.24
20170703 7660 7730 7650 7700 18344 14109190 1.05 0.57 0.65 9671 8673 1.12 0.23
20170630 7640 7670 7590 7650 17513 13358653 1.04 0.42 -0.13 10022 7491 1.34 0.22
20170629 7620 7710 7600 7660 29847 22865896 1.44 0.63 0.52 14420 15427 0.93 0.37
20170628 7650 7660 7520 7620 41807 31826749 1.83 0.93 -0.26 22959 18849 1.22 0.52
20170627 7800 7850 7750 7820 39362 30728806 1.28 0.87 0.00 24316 15045 1.62 0.49
20170626 7760 7840 7710 7820 31808 24792043 1.68 0.67 1.16 14874 16934 0.88 0.40
20170623 7860 7880 7600 7730 67289 51970872 3.57 1.56 -1.53 42603 24686 1.73 0.84
20170622 8090 8100 7830 7850 55857 44715268 3.34 1.31 -2.85 37020 18837 1.97 0.70
20170621 8030 8090 8010 8080 30830 24802734 1.00 0.63 0.62 15889 14941 1.06 0.39
20170620 8070 8080 8010 8030 41262 33179809 0.87 0.76 -0.50 23844 17417 1.37 0.52
20170619 8050 8080 8000 8070 41484 33365849 0.99 0.65 -0.49 26295 15189 1.73 0.52
20170616 8150 8250 8100 8110 46900 38302570 1.85 0.65 0.00 25254 21646 1.17 0.59
20170615 8080 8140 8020 8110 52677 42604700 1.50 0.51 1.12 29021 23656 1.23 0.66
20170614 8090 8120 7990 8020 63766 51261439 1.60 0.51 -1.47 44080 19687 2.24 0.80
20170613 8030 8180 8000 8140 65204 52779441 2.21 0.47 -0.12 39476 25728 1.53 0.82
20170612 8380 8460 8140 8150 91040 75473123 3.92 0.66 -0.12 53493 37547 1.42 1.14
20170609 8250 8280 8080 8160 90258 73683106 2.41 0.66 -1.57 60282 29976 2.01 1.13
20170608 8400 8580 8230 8290 204134 171565423 4.16 1.66 -1.54 117766 86369 1.36 2.55
20170607 8050 8470 7820 8420 178993 147448336 8.03 1.54 4.08 76091 102902 0.74 2.24
20170606 7850 8260 7820 8090 125242 101592094 5.54 1.14 1.89 61696 63546 0.97 1.57
20170605 7630 8170 7570 7940 92722 73231127 7.79 0.83 3.12 43224 49498 0.87 1.16
20170602 7570 7760 7360 7700 83174 62710522 5.12 0.74 -1.41 47588 35586 1.34 1.04
20170601 8150 8150 7790 7810 133714 106568765 4.41 1.38 -4.41 86891 46823 1.86 1.67
20170531 7810 8200 7750 8170 148089 118560913 5.78 1.94 5.01 66593 81496 0.82 1.85
20170526 7760 7930 7670 7780 90561 70508111 3.29 1.42 -1.52 50909 39652 1.28 1.13
20170525 7470 7960 7390 7900 105310 80692937 7.47 2.02 3.54 49064 56246 0.87 1.32
20170524 7320 7680 7250 7630 87318 65423546 5.80 1.83 2.97 40747 46571 0.87 1.09
20170523 7370 7460 7200 7410 53809 39220302 3.51 1.08 0.14 27890 25920 1.08 0.67
20170522 7500 7620 7350 7400 44967 33720286 3.58 0.82 -1.86 25595 19372 1.32 0.56
20170519 7540 7630 7510 7540 27090 20462773 1.59 0.41 -0.40 17157 9933 1.73 0.34
20170518 7680 7750 7500 7570 47083 35900583 3.21 0.72 -2.70 32457 14626 2.22 0.59
20170517 7550 7830 7530 7780 65418 50514567 3.95 1.13 2.50 29036 36381 0.80 0.82
20170516 7410 7630 7280 7590 65371 48655181 4.67 1.28 1.20 32200 33171 0.97 0.82
20170515 7460 7630 7390 7500 68314 51201402 3.10 1.54 -3.23 43363 24952 1.74 0.85
20170512 7300 7780 7250 7750 80635 60455969 7.23 2.34 5.73 34077 46558 0.73 1.01
20170511 7580 7580 7160 7330 48794 35838232 5.54 1.53 -3.30 28737 20058 1.43 0.61
20170510 7800 7860 7570 7580 27523 21299208 3.71 0.68 -3.07 17559 9963 1.76 0.34
20170509 7840 7870 7660 7820 30051 23325887 2.68 0.59 -0.26 17691 12360 1.43 0.38
20170508 7780 7910 7770 7840 34829 27359859 1.79 0.65 0.51 13406 21422 0.63 0.44
20170505 7960 7970 7750 7800 31248 24673549 2.77 0.53 -1.64 18801 12447 1.51 0.39
20170504 7950 8030 7880 7930 35977 28677663 1.89 0.61 0.00 19254 16723 1.15 0.45
20170503 8060 8140 7880 7930 69352 55299909 3.20 1.22 -2.46 50094 19258 2.60 0.87
20170502 8310 8350 8040 8130 84636 69052603 3.65 1.31 -4.24 57718 26918 2.14 1.06
20170428 8220 8510 8180 8490 46098 38627910 4.00 0.67 3.03 21034 25064 0.84 0.58
20170427 8310 8310 7970 8240 57275 46669031 4.09 0.72 -0.96 31695 25580 1.24 0.72
20170426 8340 8390 8260 8320 39078 32510105 1.56 0.45 0.00 21487 17590 1.22 0.49
20170425 8390 8490 8280 8320 57084 47932544 2.50 0.63 -0.83 37133 19951 1.86 0.71
20170424 9090 9110 8380 8390 124580 107305970 7.84 1.40 -9.88 80103 44478 1.80 1.56
20170421 9430 9460 9210 9310 66445 61777068 2.64 0.62 -1.59 41077 25368 1.62 0.83
20170420 9160 9540 9070 9460 110648 103085786 5.13 0.75 3.28 45468 65180 0.70 1.38
20170419 9020 9210 8950 9160 72107 65393452 2.88 0.44 1.33 38851 33256 1.17 0.90
20170418 9310 9360 9030 9040 78194 72005475 3.57 0.47 -2.16 48754 29440 1.66 0.98
20170417 9600 9660 9200 9240 117850 110402608 4.71 0.76 -5.33 72683 45167 1.61 1.47
20170414 9920 10150 9710 9760 157235 155780031 4.33 1.18 -3.94 100185 57050 1.76 1.97
20170413 9410 10530 9270 10160 314816 313823904 13.17 3.79 6.17 146640 168176 0.87 3.94
20170412 9260 9880 9230 9570 158057 150898399 6.96 2.46 2.46 66446 91611 0.73 1.98
20170411 9090 9380 8950 9340 82802 75743701 4.71 1.23 2.41 44820 37982 1.18 1.04
20170410 9290 9330 9100 9120 62443 57121992 2.47 0.86 -2.04 33872 28571 1.19 0.78
20170407 9290 9370 9200 9310 50037 46371506 1.83 0.71 0.22 25481 24557 1.04 0.63
20170406 9330 9390 9250 9290 61523 57334254 1.50 0.93 -0.21 27645 33878 0.82 0.77
20170405 9190 9340 9090 9310 64005 59275440 2.74 0.93 1.97 25125 38880 0.65 0.80
20170331 9380 9450 9090 9130 98658 91090834 3.83 1.64 -2.77 52052 46606 1.12 1.23
20170330 9870 9870 9380 9390 87859 84364191 4.96 1.59 -4.86 52289 35570 1.47 1.10
20170329 9860 9940 9840 9870 40711 40246658 1.01 0.65 -0.20 24718 15993 1.55 0.51
20170328 9930 9940 9810 9890 41197 40683782 1.31 0.56 -0.10 23244 17952 1.29 0.51
20170327 10070 10110 9880 9900 74783 74579735 2.29 0.96 -1.30 49163 25619 1.92 0.93
20170324 10010 10120 9960 10030 55440 55664483 1.59 0.61 -0.10 35228 20212 1.74 0.69
20170323 10080 10140 9820 10040 64432 64549507 3.20 0.59 0.40 32742 31690 1.03 0.81
20170322 10060 10150 9940 10000 78511 78925931 2.09 0.57 -0.50 39700 38811 1.02 0.98
20170321 10200 10290 10030 10050 95043 96570840 2.54 0.69 -1.76 86848 8195 10.60 1.19
20170320 10300 10330 10090 10230 96441 98064747 2.33 0.67 -0.68 58066 38375 1.51 1.21
20170317 10560 10600 10300 10300 118290 123155499 2.84 0.94 -2.37 75546 42744 1.77 1.48
20170316 10550 10790 10420 10550 158169 167312168 3.51 1.57 0.19 83555 74614 1.12 1.98
20170315 10050 10560 9920 10530 225204 231916596 6.35 3.55 4.46 99328 125877 0.79 2.82
20170314 9980 10120 9970 10080 86832 87167157 1.50 1.47 0.60 43985 42847 1.03 1.09
20170313 9840 10250 9720 10020 128889 128856097 5.40 3.14 2.14 59692 69196 0.86 1.61
20170310 9790 9870 9760 9810 27710 27198368 1.12 0.63 0.20 14870 12840 1.16 0.35
20170309 9850 9850 9760 9790 35777 35039456 0.92 0.59 -0.20 22589 13187 1.71 0.45
20170308 9890 9890 9790 9810 37799 37127017 1.01 0.56 -0.71 18853 18946 1.00 0.47
20170307 9750 9900 9720 9880 65230 64217723 1.85 1.04 1.33 27578 37653 0.73 0.82
20170306 9640 9750 9630 9750 38766 37579206 1.25 0.60 1.35 18256 20510 0.89 0.48
20170303 9740 9740 9550 9620 41603 40041693 1.95 0.64 -1.23 23007 18595 1.24 0.52
20170302 9940 10040 9740 9740 119193 117805913 3.02 2.34 -1.81 56426 62768 0.90 1.49
20170301 9770 9980 9730 9920 73440 72479444 2.56 1.59 1.54 25928 47512 0.55 0.92
20170228 9730 9810 9720 9770 40194 39192662 0.92 0.73 0.31 22351 17844 1.25 0.50
20170227 9850 9930 9720 9740 47193 46433436 2.13 0.71 -1.32 30401 16793 1.81 0.59
20170224 9810 9900 9740 9870 44437 43762591 1.63 0.59 0.51 19846 24591 0.81 0.56
20170223 9860 9870 9740 9820 49192 48142118 1.32 0.69 -0.51 29469 19723 1.49 0.61
20170222 9890 9910 9800 9870 49673 48919489 1.11 0.71 -0.40 25147 24526 1.03 0.62
20170221 9690 9920 9690 9910 83911 82561288 2.37 1.37 1.95 37991 45920 0.83 1.05
20170220 9860 9930 9640 9720 104811 102175205 2.98 2.08 0.00 43559 61253 0.71 1.31
20170217 9840 10050 9720 9720 89645 88630054 3.36 2.27 -1.12 32482 57162 0.57 1.12
20170216 9720 9840 9700 9830 30087 29433620 1.44 0.70 1.34 11387 18700 0.61 0.38
20170215 9870 9890 9700 9700 39446 38683145 1.93 0.95 -1.52 24162 15283 1.58 0.49
20170214 9830 9880 9740 9850 43339 42618367 1.43 1.10 0.41 18537 24802 0.75 0.54
20170213 9690 9880 9660 9810 49837 48926975 2.26 1.42 0.72 24404 25433 0.96 0.62
20170210 9790 9810 9730 9740 35107 34274709 0.82 1.08 -0.20 17802 17305 1.03 0.44
20170209 9670 9780 9670 9760 45746 44536460 1.13 1.65 0.62 21945 23801 0.92 0.57
20170208 9600 9720 9520 9700 33353 32164008 2.08 1.36 0.73 16394 16958 0.97 0.42
20170207 9550 9670 9510 9630 33841 32406967 1.67 1.32 0.63 18625 15216 1.22 0.42
20170206 9540 9580 9400 9570 27971 26579451 1.89 1.05 0.53 14731 13241 1.11 0.35
20170203 9700 9710 9510 9520 21275 20411421 2.07 0.71 -1.45 14335 6940 2.07 0.27
20170126 9660 9690 9610 9660 21830 21053880 0.83 0.58 0.31 11944 9886 1.21 0.27
20170125 9680 9680 9570 9630 18102 17433623 1.14 0.37 -0.41 9445 8657 1.09 0.23
20170124 9650 9720 9520 9670 39417 37881877 2.06 0.79 -0.41 14403 25013 0.58 0.49
20170123 9440 9880 9440 9710 32178 30618351 4.66 0.49 2.86 14809 17369 0.85 0.40
20170120 9420 9540 9380 9440 37701 35668452 1.70 0.57 0.11 15698 22003 0.71 0.47
20170119 9670 9720 9340 9430 61929 58714572 3.91 1.06 -2.98 38283 23646 1.62 0.77
20170118 9820 9960 9700 9720 71262 69804328 2.64 1.36 -1.22 23344 47918 0.49 0.89
20170117 9860 9940 9640 9840 45632 44695034 3.02 0.92 -0.81 22303 23329 0.96 0.57
20170116 9580 10570 9090 9920 109009 105730200 15.35 3.05 2.90 43596 65413 0.67 1.36
20170113 9520 9820 9500 9640 45250 43946137 3.36 1.15 1.26 17797 27452 0.65 0.57
20170112 9570 9620 9500 9520 21542 20579955 1.26 0.49 -0.42 12224 9318 1.31 0.27
20170111 9720 9750 9510 9560 40252 38732441 2.47 0.66 -1.75 21049 19203 1.10 0.50
20170110 9750 9800 9680 9730 32407 31553863 1.22 0.48 -0.82 19369 13038 1.49 0.41
20170109 9820 9910 9670 9810 39407 38545321 2.45 0.62 0.00 21691 17716 1.22 0.49
20170106 9790 9920 9750 9810 62499 61348945 1.73 1.07 0.00 22613 39885 0.57 0.78
20170105 9830 9860 9710 9810 45848 44872694 1.53 0.79 0.00 17454 28394 0.61 0.57
20170104 9820 10060 9730 9810 123651 122568408 3.36 3.18 0.00 43221 80430 0.54 1.55
20170103 9550 9820 9450 9810 63901 62151427 3.89 1.89 3.15 22259 41642 0.53 0.80
20161230 9440 9520 9380 9510 23969 22666850 1.48 0.63 0.63 10199 13770 0.74 0.30
20161229 9370 9530 9310 9450 33839 31950118 2.35 0.69 1.07 18357 15483 1.19 0.42
20161228 9550 9610 9340 9350 44669 42403365 2.83 0.88 -1.99 26393 18276 1.44 0.56
20161227 9670 9680 9530 9540 28305 27166345 1.55 0.52 -1.24 16289 12017 1.36 0.35
20161226 9510 9670 9430 9660 38417 36774746 2.50 0.65 0.62 20056 18362 1.09 0.48
20161223 9520 9740 9520 9600 46045.82 44409900.000
20161222 9990 10060 9650 9670 87692.99 86161388.000
20161221 9760 9940 9760 9790 52384.88 51576944.000
20161220 9760 9880 9580 9780 46733.57 45388127.000
20161219 9460 9820 9380 9800 61558.75 59187008.000
20161216 9240 9480 9240 9440 46967.95 44004896.000
20161215 9270 9390 9180 9270 51386.87 47667015.000
20161214 9490 9560 9300 9310 37864.31 35516350.000
20161213 9480 9630 9300 9490 50018.41 47247720.000
20161212 9950 9960 9410 9680 72841.00 70678721.000
20161209 9920 10000 9840 9950 34802.89 34557542.000
20161208 9950 10040 9750 9940 59522.66 58835649.000
20161207 9930 10050 9710 9970 64553.88 63733899.000
20161206 10000 10060 9720 9910 85405.09 84570426.000
20161205 10500 10500 9830 9910 234674.63 238444131.000
20161201 10590 10740 10520 10660 136057.69 144747933.000
20161130 10270 10700 10210 10650 117791.76 123604973.000
20161129 10240 10420 10190 10270 62491.23 64559968.000
20161128 10250 10310 10210 10270 34449.63 35328205.000
20161125 10250 10340 10000 10220 43244.50 43879026.000
20161124 10240 10390 10210 10250 42972.41 44178205.000
20161123 10370 10420 10180 10220 57085.80 58924152.000
20161122 10460 10490 10250 10390 54190.22 56136173.000
20161121 10500 10640 10290 10450 71634.67 75092774.000
20161118 10310 10580 10250 10440 80040.10 83327629.000
20161117 10400 10400 10200 10320 52129.54 53472040.000
20161116 10440 10650 10360 10370 112261.40 117622579.000
20161115 10230 10400 10200 10380 81208.39 83853838.000
20161114 10220 10300 10200 10250 63667.16 65239446.000
20161111 10270 10340 10120 10270 106985.07 109357856.000
20161110 10400 10550 10150 10250 222911.14 228908244.000
20161109 10530 10590 10210 10330 71571.33 74325473.000
20161108 10520 10750 10410 10550 64712.86 68419743.000
20161107 10790 10890 10450 10500 90807.99 96417443.000
20161104 10980 11260 10600 10790 116570.28 127529872.000
20161103 10850 11090 10700 10960 95002.70 103951939.000
20161102 10720 11100 10660 10950 121498.93 132393317.000
20161101 10750 11050 10660 10840 175854.05 190548230.000
20161031 10040 10860 9920 10840 211303.73 221659773.000
20161028 10050 10180 9990 10030 37110.00 37383551.000
20161027 10120 10200 9990 10080 60299.61 60662623.000
20161026 10230 10450 10060 10220 118146.47 121349398.000
20161025 9990 10300 9930 10260 148465.50 151477521.000
20161024 9920 10080 9830 9970 75404.46 75167616.000
20161021 10200 10200 9800 9950 72104.11 72152366.000
20161020 9960 10250 9910 10200 106576.11 107945931.000
20161019 10070 10200 9920 9960 68010.79 68398395.000
20161018 9920 10150 9770 10080 89523.39 89315206.000
20161017 9940 9990 9750 9900 71679.90 70954509.000
20161014 10090 10090 9840 9940 86306.66 85694471.000
20161013 10140 10240 10020 10120 77978.02 79140019.000
20161012 10260 10260 9920 10140 115207.74 116091955.000
20161011 10300 10370 10160 10250 98266.78 100531816.000
20161010 10100 10400 10090 10330 130193.86 133666509.000
20160930 10220 10250 10030 10090 79721.56 80691817.000
20160929 10150 10340 10010 10280 100461.72 101696931.000
20160928 10300 10400 9960 10100 133994.80 136480896.000
20160927 9990 10450 9990 10430 167165.41 171242187.000
20160926 10480 10480 10100 10280 173789.99 178404486.000
20160923 10260 10470 10060 10390 203482.94 208526726.000
20160922 9720 10700 9710 10360 334589.56 343122703.000
20160921 9740 9870 9490 9770 199933.58 193664223.000
20160920 9860 9900 9580 9760 265132.82 258425699.000
20160919 8840 9720 8830 9720 318290.92 300273808.000
20160914 8750 8860 8630 8840 38587.37 33913679.000
20160913 8720 8800 8690 8800 24499.97 21405684.000
20160912 8880 8880 8600 8700 50764.63 44430966.000
20160909 8940 9030 8920 8940 33384.29 29953579.000
20160908 8980 9000 8900 8950 31390.66 28060134.000
20160907 9010 9060 8940 8940 44955.38 40348778.000
20160906 8810 9040 8810 9010 57104.06 50960916.000
20160905 8820 8900 8790 8830 32796.11 29006088.000
20160902 8810 8880 8780 8850 34363.73 30337851.000
20160901 8820 8870 8750 8830 43554.26 38381975.000
20160831 8760 8830 8750 8820 21204.07 18646751.000
20160830 8820 8860 8770 8780 27544.12 24290643.000
20160829 8800 8870 8780 8810 31453.79 27745081.000
20160826 8820 8910 8780 8790 45217.11 40015514.000
20160825 8760 8850 8650 8840 43153.84 37797513.000
20160824 8920 8990 8760 8780 79863.64 70586100.000
20160823 9020 9110 8870 8920 57762.30 51787124.000
20160822 9150 9400 9030 9040 65795.00 60533367.000
20160819 9130 9160 9040 9130 30165.95 27433194.000
20160818 9060 9200 8990 9150 71912.74 65526547.000
20160817 9010 9070 8980 9060 39972.75 36052016.000
20160816 9080 9130 9010 9040 54310.74 49194353.000
20160815 8890 9060 8890 9050 52732.11 47407529.000
20160812 8880 8950 8750 8900 34394.08 30402156.000
20160811 9080 9080 8850 8880 38282.09 34203319.000
20160810 9090 9130 8950 9060 61401.40 55554020.000
20160809 8840 9100 8830 9090 67731.41 61016658.000
20160808 8680 8900 8560 8890 53419.23 46952149.000
20160805 8750 8780 8630 8740 26844.69 23385089.000
20160804 8700 8800 8550 8760 39999.19 34779205.000
20160803 8720 8800 8670 8740 30463.03 26586142.000
20160802 8650 8830 8630 8780 39972.54 34894379.000
20160801 8820 8820 8480 8730 70786.12 61167220.000
20160729 8540 8830 8500 8780 64851.27 56216298.000
20160728 8660 8710 8410 8540 67935.46 58021269.000
20160727 9150 9220 8620 8640 92996.33 82706118.000
20160726 9120 9150 9010 9150 56025.15 50898333.000
20160725 8900 9140 8780 9120 76349.37 68322317.000
20160722 8980 9200 8980 9040 79024.15 71933599.000
20160721 9060 9070 8870 8990 61894.98 55542065.000
20160720 9130 9310 9010 9020 82913.29 75510670.000
20160719 8810 9250 8750 9180 144012.34 131168621.000
20160718 8680 8920 8520 8870 87580.16 76583504.000
20160715 8760 8830 8650 8710 45981.31 40088502.000
20160714 8690 8930 8630 8760 80495.69 70632410.000
20160713 8560 8780 8550 8690 117321.19 101618263.000
20160712 8440 8550 8340 8540 63277.30 53495676.000
20160711 8550 8580 8400 8470 62555.87 53139306.000
20160708 8560 8570 8490 8500 38364.50 32688805.000
20160707 8710 8710 8490 8570 58371.51 50061506.000
20160706 8530 8690 8460 8680 63875.12 54755339.000
20160705 8530 8620 8480 8530 66585.62 56911433.000
20160704 8310 8560 8310 8520 74107.01 63010434.000
20160701 8400 8450 8360 8400 28890.53 24302882.000
20160630 8450 8500 8300 8400 46146.79 38714648.000
20160629 8490 8660 8380 8450 83528.09 71064759.000
20160628 8430 8490 8300 8490 55754.06 46831131.000
20160627 8110 8420 8100 8350 38996.07 32386356.000
20160624 8370 8440 8010 8190 46836.66 38560190.000
20160623 8490 8500 8310 8370 29330.54 24615325.000
20160622 8360 8550 8270 8490 42172.45 35656297.000
20160621 8410 8630 8300 8360 55253.61 46664704.000
20160620 8120 8560 8080 8460 88195.10 73893704.000
20160617 8170 8270 8030 8130 35440.31 28818380.000
20160616 8300 8370 8200 8280 42438.14 35071637.000
20160615 8020 8320 7980 8300 38672.78 31785156.000
20160614 8010 8180 8000 8030 34258.84 27601847.000
20160613 8350 8440 8020 8050 46300.71 38285379.000
20160608 8580 8580 8400 8440 43707.90 37021490.000
20160607 8370 8670 8350 8590 70588.99 60117106.000
20160606 8460 8510 8330 8390 39114.68 32848418.000
20160603 8470 8550 8330 8460 49993.17 42181865.000
20160602 8440 8550 8400 8500 39349.53 33302186.000
20160601 8500 8600 8440 8490 61026.06 51998301.000
20160531 8140 8490 8130 8480 72860.10 61046460.000
20160530 8120 8190 8030 8140 27960.64 22689617.000
20160527 8180 8290 8060 8140 53518.60 43796699.000
20160526 7840 8240 7820 8230 71536.36 57581385.000
20160525 7860 7940 7800 7860 27364.49 21524572.000
20160524 7990 7990 7770 7810 26831.82 21030221.000
20160523 7880 8050 7880 7990 27861.93 22239661.000
20160520 7790 7900 7760 7880 21882.73 17185498.000
20160519 7750 7960 7720 7790 26927.37 21167446.000
20160518 7960 7960 7620 7740 36151.73 28079003.000
20160517 8060 8160 7950 8020 42022.92 33724117.000
20160516 7900 8080 7800 8080 49972.05 39653390.000
20160513 7900 8080 7850 7920 31631.00 25180000
20160512 7910 7970 7530 7870 34485.00 26970000
20160511 8080 8140 7950 7970 37269.00 30020000
20160510 7910 8090 7900 8020 44432.00 35620000
20160509 8300 8350 7900 7910 66903.00 53990000
20160506 8710 8780 8360 8380 67868.00 57860000
20160505 8780 8800 8630 8750 41868.00 36520000
20160504 8850 8850 8700 8740 52023.00 45590000
20160503 8660 8870 8510 8850 66359.00 58070000
20160429 8600 8780 8500 8660 39280.00 34060000
20160428 8580 8750 8450 8640 54969.00 47380000
20160427 8780 8800 8500 8570 62270.00 53780000
20160426 8330 8820 8300 8760 121096.00 104900000
20160425 8290 8370 8090 8320 36054.00 29630000
20160422 8080 8300 8030 8270 49147.00 40510000
20160421 8210 8290 8030 8130 47889.00 39270000
20160420 8790 8810 8010 8220 94553.00 78780000
20160419 8730 8800 8650 8740 38447.00 33520000
20160418 8790 8840 8630 8730 52042.00 45400000
20160415 8860 8890 8740 8800 52504.00 46100000
20160414 8840 8880 8750 8840 71719.00 63100000
20160413 8690 8950 8650 8830 125492.00 110670000
20160412 8800 8800 8530 8690 87285.00 75410000
20160411 8730 8890 8730 8760 110467.00 97200000
20160408 8850 8960 8600 8750 135558.00 118760000
20160407 9130 9240 8910 9060 208109.00 187980000
20160406 9240 9750 9160 9310 389429.00 364520000
20160405 8370 8860 8370 8860 156958.00 137780000
20160401 7990 8050 7710 8050 68144.00 53790000
20160331 8050 8090 7950 7990 41820.00 33500000
20160330 7820 8040 7800 8030 46084.00 36600000
20160329 7820 7890 7730 7800 36493.00 28510000
20160328 7900 8070 7800 7820 41078.00 32670000
20160325 7720 7930 7720 7900 33097.00 26010000
20160324 7970 8040 7780 7790 70734.00 55740000
20160323 7970 8100 7900 8000 43581.00 34770000
20160322 7960 8090 7870 8050 66427.00 52970000
20160321 7860 8140 7860 7950 69911.00 55860000
20160318 7680 7880 7570 7830 67785.00 52620000
20160317 7320 7660 7320 7610 69559.00 52460000
20160316 7490 7590 7250 7300 46917.00 34650000
20160315 7440 7670 7410 7480 58911.00 44450000
20160314 7280 7560 7280 7460 57047.00 42650000
20160311 7110 7360 7000 7270 51479.00 37090000
20160310 7280 7360 7100 7180 37244.00 27000000
20160309 7290 7380 7200 7280 36418.00 26560000
20160308 7590 7590 7220 7530 65139.00 47970000
20160307 7400 7680 7400 7590 53202.00 40090000
20160304 7430 7470 7250 7350 66862.00 49390000
20160303 7320 7530 7240 7360 54304.00 40090000
20160302 6880 7360 6880 7320 65750.00 46940000
20160301 6840 6950 6720 6890 41115.00 28190000
20160229 7210 7240 6680 6770 52739.00 36170000
20160226 7200 7320 7050 7210 44187.00 31710000
20160225 7850 7850 7070 7100 63111.00 47270000
20160224 7790 7910 7630 7850 52185.00 40570000
20160223 7930 8000 7720 7810 49540.00 38870000
20160222 7910 7970 7810 7930 41825.00 33080000
20160219 7760 7870 7690 7790 36971.00 28820000
20160218 7860 7950 7760 7770 56629.00 44420000
20160217 7710 7840 7650 7830 50423.00 38980000
20160216 7460 7750 7450 7710 50528.00 38530000
20160215 7200 7480 7180 7410 28019.00 20520000
20160205 7510 7560 7390 7450 42183.00 31580000
20160204 7410 7610 7400 7510 52170.00 39200000
20160203 7290 7470 7180 7430 38009.00 27880000
20160202 7220 7470 7200 7400 40504.00 29770000
20160201 7360 7360 7030 7130 29315.00 21110000
20160129 7130 7420 7100 7340 66634.00 48620000
20160128 7350 7350 6990 7150 32054.00 23050000
20160127 7610 7700 7120 7380 56289.00 41440000
20160126 8290 8380 7560 7610 49418.00 39970000
20160125 8280 8380 8200 8330 30605.00 25380000
20160122 8320 8340 7980 8200 45981.00 37550000
20160121 8350 8550 8210 8220 32196.00 26990000
20160120 8460 8530 8330 8470 43458.00 36700000
20160119 8100 8460 8090 8400 44429.00 36910000
20160118 7900 8250 7850 8090 39155.00 31710000
20160115 8290 8520 7910 8010 37943.00 31110000
20160114 7960 8400 7800 8380 43370.00 35470000
20160113 8400 8540 8060 8100 37538.00 31180000
20160112 8270 8490 8100 8300 41372.00 34440000
20160111 8850 9040 8210 8230 60454.00 52530000
20160108 9200 9260 8470 9050 69560.00 62740000
20160107 9720 9720 8910 8910 17827.00 16450000
20160106 9650 9950 9600 9900 54218.00 53070000
20160105 9250 9990 9230 9650 79794.00 76570000
20160104 10600 10700 9670 9710 64720.00 66480000
20151231 10600 10750 10510 10600 71883.00 76360000
20151230 10500 10640 10450 10600 68162.00 72060000
20151229 10270 10470 10200 10450 63532.00 65570000
20151228 10630 10760 10200 10210 89836.00 94450000
20151225 10390 10570 10350 10520 46784.00 48970000
20151224 10460 10510 10220 10420 54130.00 55990000
20151223 10790 10850 10370 10440 73355.00 77680000
20151222 10540 10770 10470 10620 77723.00 82410000
20151221 10240 10570 10240 10550 77854.00 81290000
20151218 10480 10530 10200 10290 62563.00 64690000
20151217 10400 10520 10360 10490 84500.00 88250000
20151216 10320 10560 10220 10370 95551.00 99700000
20151215 10150 10300 10150 10270 49514.00 50670000
20151214 9960 10170 9800 10130 51959.00 51920000
20151211 9870 10070 9790 9930 50612.00 50350000
20151210 9930 10060 9820 9870 55712.00 55200000
20151209 10110 10200 9990 10010 44379.00 44760000
20151208 10410 10410 10120 10140 61637.00 63060000
20151207 10320 10450 10290 10420 43436.00 45080000
20151204 10420 10540 10300 10360 56631.00 59000000
20151203 10420 10500 10300 10480 53909.00 56180000
20151202 10220 10360 9990 10320 50923.00 52080000
20151201 10370 10490 10110 10290 67763.00 69930000
20151130 10250 10440 9610 10300 97399.00 98540000
20151127 11150 11290 10180 10300 127074.00 138810000
20151126 11400 11420 11060 11310 162164.00 182000000
20151125 11050 11420 11010 11330 139280.00 156570000
20151124 10860 11120 10700 11110 96014.00 104910000
20151123 11200 11440 10860 10920 165164.00 184480000
20151120 11090 11400 11000 11210 220857.00 247700000
20151119 10740 11120 10680 11110 81897.00 89150000
20151118 10900 11080 10700 10710 79239.00 86350000
20151117 11160 11250 10870 10930 156052.00 173030000
20151116 10640 11040 10500 10990 87982.00 95230000
20151113 11020 11200 10760 10800 103615.00 113060000
20151112 11450 11560 11000 11190 176932.00 197700000
20151111 11250 11630 11200 11420 134121.00 153420000
20151110 11340 11430 11150 11280 145739.00 164830000
20151109 11400 11660 11150 11360 276608.00 313840000
20151106 10610 11670 10580 11670 154549.00 171670000
20151105 10700 10980 10500 10610 113655.00 121790000
20151104 10130 10650 10100 10600 98536.00 103320000
20151103 10100 10250 10030 10130 37245.00 37790000
20151102 9450 10500 9450 10170 63746.00 64390000
20151030 10400 10490 10070 10210 45905.00 47300000
20151029 10440 10580 10220 10390 51533.00 53630000
20151028 10380 10740 10310 10360 90412.00 95150000
20151027 10250 10600 9820 10440 89245.00 91370000
20151026 10500 10500 10100 10360 101309.00 104190000
20151023 10100 10470 10000 10300 110001.00 112490000
20151022 9400 10130 9380 10090 63488.00 61540000
20151021 10490 10570 9500 9530 87067.00 87570000
20151020 9990 10550 9900 10510 103004.00 104960000
20151019 9850 10340 9840 10120 129576.00 130480000
20151016 9780 9850 9520 9810 95741.00 92840000
20151015 9300 9720 9300 9710 72025.00 68700000
20151014 9640 9750 9400 9400 62918.00 60110000
20151013 9550 9820 9410 9660 78032.00 75080000
20151012 9220 9650 9170 9580 90933.00 85990000
20151009 9160 9220 9080 9200 62903.00 57570000
20151008 9060 9250 8950 9170 49333.00 44970000
20150930 8720 8900 8680 8830 27859.00 24590000
20150929 8650 8890 8500 8700 32965.00 28610000
20150928 8780 8900 8540 8790 21680.00 18920000
20150925 8800 8960 8640 8700 50953.00 44770000
20150924 8800 9070 8740 9060 74256.00 65860000
20150923 8900 9020 8660 8800 64325.00 56770000
20150922 9000 9160 8910 9040 38003.00 34440000
20150921 8690 9150 8600 9060 33827.00 30220000
20150918 8800 8890 8660 8750 18796.00 16460000
20150917 9090 9200 8710 8740 45907.00 41330000
20150916 8530 9300 8520 9110 40478.00 35960000
20150915 8480 8920 8320 8470 35454.00 30450000
20150914 9630 9650 8610 8630 46749.00 42090000
20150911 9420 9680 9420 9570 30687.00 29340000
20150910 9650 9700 9460 9520 36930.00 35360000
20150909 9330 9890 9330 9830 78107.00 75340000
20150908 8900 9350 8700 9330 38391.00 34760000
20150907 9120 9590 8860 8900 44790.00 41510000
20150902 8460 9370 8100 9170 87314.00 77740000
20150901 9300 9300 8550 8780 48717.00 43000000
20150831 9800 9810 9320 9500 52830.00 50470000
20150828 9450 10090 9200 10000 79199.00 75610000
20150827 9080 9600 8730 9170 51926.00 46800000
20150826 8920 9220 8450 8730 70068.00 62090000
20150825 8750 9020 8750 8750 139212.00 122150000
20150824 10360 10600 9720 9720 67962.00 67150000
20150821 10830 11320 10490 10800 73940.00 80830000
20150820 11710 11720 11000 11030 77644.00 88560000
20150819 10870 11780 10580 11690 105791.00 120250000
20150818 12430 12740 11160 11160 142048.00 172070000
20150817 12300 12500 11850 12400 86985.00 106560000
20150814 12930 12990 12300 12380 110684.00 138750000
20150813 11990 12680 11950 12630 150765.00 185620000
20150812 11910 12210 11830 11870 69269.00 83230000
20150811 12170 12300 11850 12090 132797.00 160460000
20150810 11320 12260 11320 12170 131648.00 155560000
20150807 10860 11570 10860 11300 119453.00 135070000
20150806 10680 11020 10600 10750 43169.00 46730000
20150805 11390 11390 10950 11020 71090.00 79280000
20150804 10930 11460 10860 11390 85079.00 95130000
20150803 9990 10960 9990 10940 71133.00 74240000
20150731 10420 10660 10420 10550 66465.00 69770000
20150730 11300 11460 10600 10640 104363.00 116030000
20150729 11090 11560 10500 11480 98072.00 107220000
20150728 10150 11320 10150 10980 169775.00 181250000
20150727 12090 12420 11280 11280 108340.00 129080000
20150724 13160 13200 12310 12530 182069.00 233820000
20150723 12860 13200 12510 13060 180199.00 233000000
20150722 12240 13030 12080 12940 177013.00 221610000
20150721 12120 12450 11520 12210 113565.00 137880000
20150720 11980 12490 11750 12080 126688.00 152990000
20150717 11310 12110 11310 11970 107364.00 126340000
20150716 11080 11640 10050 11290 120825.00 134070000
20150715 11990 11990 11080 11080 127417.00 146150000
20150714 12410 13290 11900 12310 256802.00 320900000
20150713 11600 12360 11350 12360 201369.00 242000000
20150710 10660 11240 10520 11240 125690.00 139560000
20150709 9080 10220 8690 10220 173420.00 169720000
20150708 9250 9700 9250 9290 682678.00 640430000
20150707 10900 10900 10280 10280 98526.00 101900000
20150706 13300 13320 10920 11420 293812.00 343820000
20150703 12200 13650 12130 12130 164188.00 204420000
20150702 14500 14900 13480 13480 218135.00 305460000
20150701 15110 15980 14260 14980 450489.00 688090000
20150630 13200 14700 13010 14700 272420.00 381710000
20150629 12990 13600 11380 13360 288793.00 360710000
20150626 13700 13700 12640 12640 113925.00 147460000
20150625 15220 15290 13850 14040 137247.00 201140000
20150624 15150 15300 14720 15160 138911.00 209550000
20150623 14870 15300 13380 14950 134232.00 195290000
20150619 16100 16320 14760 14830 139733.00 216370000
20150618 17300 17470 16310 16400 106094.00 180090000
20150617 16900 17400 15880 17300 177702.00 297230000
20150616 18450 18450 16850 16920 180004.00 313030000
20150615 19460 19700 18500 18590 196217.00 373330000
20150612 18770 19480 18770 19460 208105.00 399270000
20150611 19190 19260 18410 18730 180151.00 337390000
20150610 18960 19320 18510 19190 193202.00 368930000
20150609 19170 19500 18270 18960 225827.00 427460000
20150608 20590 20600 19100 19280 275627.00 538910000
20150605 21360 21660 20010 20620 357181.00 742210000
20150604 20690 21970 18680 21340 408272.00 845550000
20150603 18720 20340 18500 20340 438812.00 867600000
20150602 18450 18750 17900 18490 272717.00 498500000
20150601 18400 18890 17520 18630 322021.00 593940000
20150529 16510 18980 16280 18400 511931.00 900490000
20150528 18100 19440 18060 18090 265509.00 497820000
20150527 34180 36960 32900 35620 183880.00 640360000
20150526 32100 34300 31000 34070 176194.00 565440000
20150525 30000 31850 29750 31370 169332.00 518790000
20150522 28650 30600 28650 29550 144640.00 427690000
20150521 27440 28520 27400 28510 115541.00 325160000
20150520 27200 28400 27000 27440 133946.00 372880000
20150519 27200 27480 26750 27040 100766.00 272830000
20150518 25370 27000 25370 26960 120311.00 316820000
20150515 26740 26800 25380 25790 82321.00 214350000
20150514 26300 27150 25800 26740 98840.00 260870000
20150513 27300 27500 26300 26500 161911.00 434460000
20150512 25280 26650 25100 26620 165254.00 429870000
20150511 24400 25090 23970 25040 79389.00 196080000
20150508 23900 24420 23500 24200 65231.00 155650000
20150507 24000 24280 23000 23400 60687.00 143140000
20150506 24980 25290 24100 24200 68509.00 169360000
20150505 25270 25800 24320 24630 101044.00 255320000
20150504 24320 25170 24210 25010 77426.00 192680000
20150430 24390 24550 23990 24180 51371.00 124320000
20150429 23880 24400 23650 24310 47166.00 113940000
20150428 24910 25110 23650 23920 91493.00 221430000
20150427 25270 25690 24680 24930 86982.00 218130000
20150424 24890 25700 24520 25270 81332.00 203740000
20150423 26050 26050 25100 25190 122527.00 311640000
20150422 24890 26700 24640 26150 146963.00 377760000
20150421 23720 24660 23690 24640 90504.00 219590000
20150420 25500 25600 23790 24000 176814.00 433060000
20150417 28430 28430 25620 25970 237685.00 627140000
20150416 26550 28850 26530 28310 88889.00 247360000
20150415 29950 30150 27560 27610 89646.00 257190000
20150414 27880 30680 27400 29950 99642.00 292150000
20150413 26360 28280 26360 27900 98750.00 272080000
20150410 24730 26200 24540 26190 72725.00 185410000
20150409 25440 25760 24350 24770 90470.00 225240000
20150408 26400 26680 24700 25440 88267.00 227350000
20150407 26260 27000 25890 26470 94557.00 249370000
20150403 26000 27000 25350 26310 97993.00 256800000
20150402 24860 26770 24380 26100 124865.00 321480000
20150401 23390 24800 22720 24760 92979.00 218520000
20150331 22600 23990 22600 23400 93594.00 218250000
20150330 22300 24170 22300 22570 125149.00 289620000
20150327 21390 22240 21010 21970 64437.00 139740000
20150326 21330 22250 21200 21390 103512.00 224650000
20150325 20000 21900 19800 21370 119065.00 247930000
20150324 20390 20440 19650 19960 88404.00 176430000
20150323 20360 20570 20100 20390 78146.00 158850000
20150320 20530 20780 20190 20350 51463.00 105030000
20150319 19850 20640 19700 20500 76222.00 153250000
20150318 19760 19950 19560 19810 49031.00 97080000
20150317 19740 19800 19470 19720 58486.00 114770000
20150316 19100 19950 19030 19730 93830.00 182620000
20150313 18450 19380 18330 19090 85121.00 161790000
20150312 18300 18480 18010 18210 50943.00 92670000
20150311 18370 18880 18310 18360 68890.00 128310000
20150310 18080 18520 18030 18450 57346.00 105270000
20150309 18010 18300 17700 18120 40413.00 72830000
20150306 18590 18600 17970 18000 61536.00 111730000
20150305 18200 18860 18000 18520 73160.00 135140000
20150304 18010 18280 17870 18270 47186.00 85450000
20150303 18300 18310 17970 18010 59983.00 108710000
20150302 18100 18800 18020 18390 87976.00 162240000
20150227 18150 18250 17940 18110 55088.00 99590000
20150226 18050 18350 17920 18160 90344.00 163820000
20150225 16760 18490 16680 18090 152968.00 269380000
20150217 17110 17150 16660 16820 96257.00 161980000
20150216 17080 17390 17060 17350 36072.00 62210000
20150213 16940 17170 16940 17110 38925.00 66400000
20150212 16680 16950 16650 16940 23647.00 39880000
20150211 16650 16970 16630 16680 19579.00 32890000
20150210 16320 16660 16310 16630 20362.00 33550000
20150209 16840 16890 16370 16400 28625.00 47720000
20150206 16900 17190 16670 16820 37007.00 62580000
20150205 16840 17380 16700 17000 60641.00 103620000
20150204 17000 17000 16640 16690 25979.00 43770000
20150203 17000 17040 16720 16920 27477.00 46360000
20150202 16620 16970 16570 16920 23478.00 39530000
20150130 17280 17400 16800 16850 55250.00 93790000
20150129 17350 17770 17260 17300 49052.00 85730000
20150128 17200 17740 17120 17490 84017.00 147370000
20150127 17070 17440 16980 17330 60253.00 103910000
20150126 16980 17330 16860 17120 66435.00 113830000
20150123 16670 17000 16610 16970 60226.00 101520000
20150122 16670 16740 16480 16670 40460.00 67250000
20150121 16370 16670 16270 16660 60836.00 100680000
20150120 15800 16280 15800 16270 36445.00 58670000
20150119 16100 16310 15560 15760 36946.00 59180000
20150116 16440 16440 16300 16380 21694.00 35500000
20150115 16080 16440 16070 16330 24624.00 40180000
20150114 16070 16230 15960 16070 19490.00 31380000
20150113 15780 16140 15740 16050 17472.00 27910000
20150112 16000 16000 15670 15770 26941.00 42660000
20150109 16120 16310 16080 16120 29828.00 48340000
20150108 16290 16450 16020 16110 33214.00 54040000
20150107 16460 16520 16180 16320 29487.00 48180000
20150106 16180 16540 16100 16530 47222.00 77180000
20150105 16190 16380 15930 16370 46639.00 75570000
20141231 15920 16240 15880 16230 35709.00 57290000
20141230 15600 15930 15490 15920 31764.00 49940000
20141229 16000 16000 15530 15590 41154.00 64560000
20141226 16280 16380 15970 16070 60093.00 97040000
20141225 16010 16230 15930 16190 47467.00 76060000
20141224 15850 16070 15820 15980 28740.00 45790000
20141223 15580 16120 15450 15780 32670.00 51680000
20141222 16160 16160 15300 15440 50971.00 79590000
20141219 16360 16410 15820 16170 35925.00 57630000
20141218 16550 16580 16320 16350 24178.00 39820000
20141217 16710 16790 16380 16550 45363.00 74970000
20141216 17040 17040 16600 16790 41274.00 69220000
20141215 16830 17180 16500 17010 49593.00 83390000
20141212 16670 16910 16660 16800 42811.00 71780000
20141211 16380 16730 16200 16660 47766.00 79190000
20141210 15810 16530 15810 16390 51680.00 83990000
20141209 16520 16680 15580 15720 73388.00 120220000
20141208 16780 16780 16300 16570 82538.00 136340000
20141205 17460 17460 16620 16810 77721.00 131870000
20141204 17490 17530 17280 17450 76154.00 132410000
20141203 17360 17470 17200 17440 44974.00 77950000
20141202 17270 17450 17150 17360 43425.00 75360000
20141201 17850 17850 17000 17270 76949.00 133190000
20141128 18240 18280 17600 17960 66555.00 119480000
20141127 17650 18180 17480 18160 65116.00 115510000
20141126 17560 17910 17410 17610 43723.00 77000000
20141125 17700 17730 17460 17610 46289.00 81370000
20141124 17800 18080 17600 17760 49814.00 88620000
20141121 17300 17670 17260 17640 33683.00 59100000
20141120 17410 17690 17300 17340 34167.00 59760000
20141119 17420 17570 17200 17550 33352.00 58030000
20141118 17230 17480 17100 17300 30488.00 52690000
20141117 16930 17500 16820 17230 38547.00 66420000
20141114 16920 16920 16640 16860 36071.00 60420000
20141113 17400 17400 16830 17010 46081.00 78420000
20141112 17160 17360 17010 17350 41740.00 71890000
20141111 17760 17890 16680 17360 72741.00 125540000
20141110 17900 18110 17650 17870 35711.00 63560000
20141107 18180 18190 17700 17850 60954.00 109450000
20141106 17600 18280 17600 17990 68151.00 122170000
20141105 17030 17870 16840 17680 90730.00 159440000
20141104 17220 17220 16880 17070 42991.00 73270000
20141103 17230 17330 17050 17250 64506.00 110780000
20141031 16900 17310 16820 17230 78805.00 134460000
20141030 16830 17150 16820 17000 76194.00 129240000
20141029 17500 17510 16920 16960 158727.00 272300000
20141028 15600 16960 15600 16960 103159.00 170180000
20141027 15330 15540 15120 15420 25488.00 39000000
20141024 15500 15600 15250 15380 19874.00 30670000
20141023 15850 16120 15330 15520 35705.00 55820000
20141022 15860 16360 15820 15920 44137.00 70930000
20141021 15790 16100 15700 15910 48346.00 76910000
20141020 15500 15780 15470 15770 32747.00 51350000
20141017 15620 15680 15200 15420 36075.00 55570000
20141016 15700 15880 15610 15620 38314.00 60270000
20141015 15730 15850 15620 15840 27004.00 42540000
20141014 15860 15990 15660 15740 41513.00 65820000
20141013 16050 16050 15750 15900 40242.00 63790000
20141010 16180 16180 15920 16090 44041.00 70540000
20141009 16280 16550 16050 16200 51329.00 83540000
20141008 16130 16430 15970 16270 53661.00 86730000
20140930 16110 16180 15880 16130 44968.00 72110000
20140929 15780 16170 15500 16120 50827.00 80610000
20140926 15700 15750 15460 15690 30213.00 47140000
20140925 15930 16060 15600 15700 26828.00 42600000
20140924 15690 15960 15590 15910 26115.00 41330000
20140923 15550 15750 15500 15700 28286.00 44210000
20140922 15900 15900 15510 15570 18669.00 29180000
20140919 15780 15950 15600 15890 24099.00 38210000
20140918 15660 15850 15590 15780 26111.00 41110000
20140917 15600 15760 15260 15710 30108.00 46820000
20140916 16260 16350 15580 15610 46386.00 73900000
20140915 16060 16400 16010 16260 38249.00 61990000
20140912 15930 16130 15730 16060 38169.00 60740000
20140911 15960 16500 15760 16050 54703.00 88240000
20140910 15880 16010 15690 15950 33570.00 53320000
20140909 16060 16400 15750 15860 70944.00 113920000
20140905 16170 16240 15830 15990 45279.00 72220000
20140904 15790 16260 15610 16100 93377.00 149280000
20140903 14980 16210 14980 15760 127909.00 197330000
20140902 14390 15080 14380 15020 83384.00 123600000
20140901 14210 14380 14180 14360 19607.00 28040000
20140829 14050 14220 14030 14200 12736.00 17990000
20140828 14130 14260 13980 14090 19635.00 27680000
20140827 14200 14270 14090 14150 24225.00 34340000
20140826 14600 14690 14200 14220 29193.00 42270000
20140825 14640 14720 14560 14600 18672.00 27330000
20140822 14630 14790 14500 14700 24827.00 36420000
20140821 14690 14700 14450 14580 26088.00 38000000
20140820 14740 14820 14610 14700 24552.00 36140000
20140819 14820 14830 14630 14750 23875.00 35170000
20140818 14710 14830 14600 14810 31280.00 46070000
20140815 14600 14740 14520 14710 33788.00 49460000
20140814 14760 14870 14550 14600 35132.00 51710000
20140813 14710 14940 14580 14840 35028.00 51700000
20140812 14780 14990 14640 14720 34680.00 51300000
20140811 14760 14840 14580 14750 35684.00 52420000
20140808 14250 14840 14250 14650 55961.00 82050000
20140807 14450 14520 14210 14250 28684.00 41220000
20140806 14270 14540 14140 14440 41741.00 60040000
20140805 14100 14280 14020 14260 27417.00 38790000
20140804 13980 14110 13950 14100 30892.00 43330000
20140801 14180 14250 13920 13930 26124.00 36850000
20140731 14100 14360 14090 14250 24937.00 35470000
20140730 14120 14200 14030 14150 19314.00 27230000
20140729 14200 14250 14040 14120 28282.00 40020000
20140728 14140 14250 14020 14190 22764.00 32220000
20140725 14090 14200 13940 14080 17075.00 24040000
20140724 13770 14070 13770 14060 22020.00 30620000
20140723 13830 13900 13700 13740 13345.00 18420000
20140722 13710 13880 13670 13830 12542.00 17310000
20140721 13870 13960 13670 13690 16209.00 22330000
20140718 13840 14000 13830 13860 25170.00 35060000
20140717 14180 14200 13800 13980 23656.00 33020000
20140716 14340 14430 14100 14100 24155.00 34500000
20140715 14380 14450 14110 14390 34487.00 49250000
20140714 14100 14480 13930 14340 50458.00 71740000
20140711 13820 14120 13730 14080 40461.00 56550000
20140710 13440 13980 13430 13880 47584.00 65600000
20140709 13750 13750 13410 13430 23539.00 32020000
20140708 13440 13880 13350 13770 34044.00 46430000
20140707 13550 13550 13320 13420 17184.00 23060000
20140704 13530 13580 13470 13550 15978.00 21620000
20140703 13510 13580 13430 13480 24592.00 33150000
20140702 13570 13630 13460 13560 19929.00 26970000
20140701 13510 13610 13450 13570 22064.00 29840000
20140630 13540 13610 13430 13510 14903.00 20100000
20140627 13470 13590 13360 13540 18661.00 25170000
20140626 13320 13560 13270 13490 21413.00 28810000
20140625 13330 13330 13130 13270 14510.00 19190000
20140624 13250 13460 13250 13330 21345.00 28580000
20140623 13350 13380 13230 13280 16895.00 22480000
20140620 13160 13310 13080 13300 14072.00 18620000
20140619 13120 13360 12880 13160 27256.00 35970000
20140618 13100 13260 12970 13170 20048.00 26280000
20140617 13260 13260 13030 13090 9598.00 12590000
20140616 13240 13280 13180 13230 12886.00 17050000
20140613 12990 13240 12950 13190 16029.00 21050000
20140612 13040 13050 12960 13000 6783.00 8810000
20140611 13060 13080 12930 13030 12764.00 16580000
20140610 13000 13090 12890 13080 10988.00 14270000
20140609 13030 13100 12960 12980 6371.00 8300000
20140606 13120 13150 13000 13060 7414.00 9680000
20140605 12990 13110 12940 13110 5720.00 7450000
20140604 13080 13130 12950 12990 10826.00 14090000
20140603 13140 13230 13120 13120 5950.00 7830000
20140530 13080 13230 13080 13160 7262.00 9560000
20140529 13330 13380 13020 13080 11824.00 15660000
20140528 13200 13350 13190 13340 9229.00 12270000
20140527 13300 13340 13210 13240 6607.00 8760000
20140526 13240 13340 13240 13300 11355.00 15090000
20140523 13170 13250 13110 13240 7317.00 9630000
20140522 13220 13320 13150 13150 10629.00 14070000
20140521 13110 13230 13060 13220 6361.00 8370000
20140520 13290 13350 13100 13140 8783.00 11610000
20140519 13170 13300 13100 13250 8141.00 10750000
20140516 13180 13200 13030 13170 10294.00 13500000
20140515 13380 13380 13100 13180 20034.00 26500000
20140514 13520 13520 13380 13380 11634.00 15620000
20140513 13610 13630 13360 13540 15632.00 21070000
20140512 13550 13650 13310 13580 23106.00 31270000
20140509 13840 13840 13250 13530 22440.00 30260000
20140508 13710 13910 13620 13790 12960.00 17870000
20140507 13940 13950 13610 13720 14776.00 20400000
20140506 13700 13960 13610 13920 25308.00 34900000
20140505 13470 13720 13380 13690 16042.00 21820000
20140430 13620 13680 13370 13590 21720.00 29290000
20140429 13290 14280 13270 14170 35561.00 48810000
20140428 13330 13450 13210 13270 9023.00 12000000
20140425 13580 13700 13300 13400 15169.00 20360000
20140424 13860 13910 13550 13580 9707.00 13300000
20140423 13650 13920 13600 13850 17619.00 24330000
20140422 13710 13820 13440 13570 13220.00 17990000
20140421 13740 13920 13670 13780 13174.00 18240000
20140418 13710 13780 13570 13780 6893.00 9440000
20140417 13800 13850 13650 13730 12487.00 17140000
20140416 13800 13970 13770 13790 15135.00 21030000
20140415 13900 14020 13720 13900 20004.00 27710000
20140414 13770 13950 13700 13900 15621.00 21630000
20140411 13710 13950 13620 13810 25602.00 35340000
20140410 13700 13940 13630 13710 30603.00 42180000
20140409 13510 13750 13440 13680 25952.00 35300000
20140408 13340 13510 13300 13500 17454.00 23450000
20140404 13260 13320 13160 13310 9210.00 12180000
20140403 13250 13350 13210 13280 10870.00 14450000
20140402 13210 13300 13170 13250 9120.00 12060000
20140401 13130 13220 13090 13210 10203.00 13420000
20140331 13100 13130 13020 13100 8684.00 11350000
20140328 13250 13300 13000 13040 15332.00 20090000
20140327 13500 13500 13210 13230 15267.00 20310000
20140326 13620 13620 13460 13500 11419.00 15430000
20140325 13620 13640 13500 13540 10830.00 14700000
20140324 13440 13650 13360 13620 19706.00 26690000
20140321 13280 13450 13030 13440 20407.00 27010000
20140320 13600 13810 13360 13380 20074.00 27310000
20140319 13620 13720 13430 13650 16487.00 22340000
20140318 13480 13770 13460 13670 28893.00 39480000
20140317 13350 13500 13350 13460 15622.00 21000000
20140314 13320 13470 13180 13330 10412.00 13880000
20140313 13170 13470 13160 13400 19735.00 26350000
20140312 13060 13240 13030 13170 11110.00 14590000
20140311 13000 13170 12950 13100 14503.00 18960000
20140310 13310 13430 13000 13020 23466.00 30970000
20140307 13330 13520 13330 13410 20794.00 27940000
20140306 13320 13390 13130 13360 16399.00 21750000
20140305 13370 13460 13290 13320 19031.00 25430000
20140304 13340 13440 13210 13350 17658.00 23520000
20140303 13120 13380 13100 13380 23084.00 30680000
20140228 12950 13150 12870 13130 19221.00 25010000
20140227 13170 13280 12890 12950 32011.00 41970000
20140226 13480 13490 12860 13220 64052.00 84430000
20140225 14240 14240 13390 13480 54989.00 76000000
20140224 14130 14230 13960 14230 19253.00 27140000
20140221 14310 14400 14050 14170 29037.00 41280000
20140220 14440 14660 14230 14370 33789.00 48850000
20140219 14500 14530 14290 14410 29236.00 42140000
20140218 14620 14620 14370 14440 31809.00 46080000
20140217 14500 14640 14380 14620 40420.00 58800000
20140214 14250 14470 14130 14460 30456.00 43540000
20140213 14350 14500 14110 14150 27120.00 38870000
20140212 14200 14340 14080 14330 28710.00 40810000
20140211 14160 14250 14010 14170 26678.00 37790000
20140210 13800 14220 13800 14150 31625.00 44530000
20140207 13470 13780 13420 13760 13582.00 18460000
20140130 13700 13780 13570 13630 15820.00 21600000
20140129 13720 13840 13630 13810 15761.00 21670000
20140128 13620 13840 13620 13720 13739.00 18850000
20140127 13960 13990 13580 13650 25345.00 35020000
20140124 13800 14050 13760 14030 33048.00 46100000
20140123 13940 13980 13800 13860 16538.00 22940000
20140122 13600 14050 13560 13980 23360.00 32280000
20140121 13360 13610 13360 13550 14250.00 19310000
20140120 13980 13980 13350 13400 26393.00 35900000
20140117 14120 14170 13880 13950 13548.00 18940000
20140116 14080 14270 14000 14180 14255.00 20200000
20140115 14150 14370 13990 14080 22497.00 31820000
20140114 13850 14210 13800 14200 13828.00 19380000
20140113 13980 14090 13760 13850 13826.00 19240000
20140110 14100 14220 13900 13960 17734.00 24850000
20140109 14470 14600 14000 14120 18537.00 26670000
20140108 14400 14650 14270 14550 26630.00 38520000
20140107 13960 14440 13830 14400 24585.00 35020000
20140106 14020 14760 13820 14060 30478.00 43290000
20140103 14190 14280 13980 14070 16098.00 22650000
20140102 14170 14320 14130 14260 13227.00 18850000
20131231 14140 14230 13950 14170 13112.00 18480000
20131230 14230 14330 14110 14160 13447.00 19100000
20131227 13820 14200 13820 14140 16115.00 22660000
20131226 14330 14340 13830 13850 22094.00 31040000
20131225 14210 14370 14120 14340 23361.00 33250000
20131224 14150 14300 14020 14180 17214.00 24410000
20131223 14120 14200 13800 14150 16594.00 23280000
20131220 14500 14550 14030 14120 19292.00 27570000
20131219 14830 14870 14430 14440 22601.00 33130000
20131218 14680 14890 14620 14740 15798.00 23320000
20131217 14800 14960 14580 14680 21774.00 32000000
20131216 15050 15220 14820 14880 30158.00 45380000
20131213 14890 15080 14750 15040 21147.00 31620000
20131212 14830 15090 14810 14910 27906.00 41810000
20131211 15150 15250 14780 14810 36062.00 53850000
20131210 15450 15490 15180 15290 32314.00 49470000
20131209 15240 15580 15160 15500 38679.00 59650000
20131206 15340 15450 15060 15170 35188.00 53520000
20131205 15330 15550 15160 15450 48759.00 74960000
20131204 15120 15690 15120 15290 95713.00 147330000
20131203 14520 15470 14520 15090 68409.00 103380000
20131202 14670 14930 14310 14620 34109.00 49900000
20131129 14750 15050 14750 14960 35005.00 52320000
20131128 14530 14820 14430 14680 27498.00 40350000
20131127 14200 14530 14140 14510 23969.00 34410000
20131126 14260 14320 14130 14180 13574.00 19270000
20131125 14400 14420 14210 14250 18036.00 25770000
20131122 14240 14400 14170 14380 19259.00 27550000
20131121 14380 14400 14090 14250 17960.00 25530000
20131120 14460 14480 14250 14390 18415.00 26390000
20131119 14470 14490 14350 14460 14205.00 20500000
20131118 14350 14470 14250 14460 24972.00 35890000
20131115 14110 14410 14090 14280 19264.00 27580000
20131114 13890 14180 13750 14100 9847.00 13780000
20131113 13980 14060 13820 13860 5842.00 8160000
20131112 13980 14180 13940 14040 6091.00 8550000
20131111 13700 14040 13700 13940 5626.00 7830000
20131108 13710 13850 13710 13790 10868.00 14980000
20131107 14180 14180 13840 13850 10561.00 14800000
20131106 14210 14370 14050 14180 17642.00 25030000
20131105 14050 14220 13800 14200 11921.00 16710000
20131104 13950 14050 13890 14020 8941.00 12490000
20131101 13890 14010 13720 13900 9851.00 13680000
20131031 13990 13990 13800 13890 11300.00 15670000
20131030 13930 14040 13700 13990 23663.00 32820000
20131029 14510 14630 13720 13920 28523.00 40000000
20131028 14510 14560 14220 14360 14636.00 21030000
20131025 15090 15120 14460 14510 27742.00 40810000
20131024 15000 15110 14890 15100 15756.00 23670000
20131023 15330 15410 14880 15010 35260.00 53150000
20131022 15500 15620 15290 15340 32824.00 50690000
20131021 15200 15470 15170 15430 43540.00 66630000
20131018 14840 15230 14740 15220 30449.00 45790000
20131017 14810 14940 14680 14770 23070.00 34130000
20131016 15250 15360 14700 14810 35674.00 53160000
20131015 15310 15510 15130 15290 30858.00 47160000
20131014 15180 15580 15180 15300 39186.00 60200000
20131011 15030 15160 14890 15150 27731.00 41760000
20131010 15000 15130 14810 14920 25267.00 37840000
20131009 14790 15230 14790 15030 40344.00 60570000
20131008 14600 14680 14400 14670 20162.00 29340000
20130930 14540 14680 14500 14630 20908.00 30550000
20130927 14340 14570 14310 14400 19533.00 28230000
20130926 14280 14580 14110 14300 33664.00 48440000
20130925 14200 14290 14100 14200 16524.00 23460000
20130924 14390 14390 14080 14150 14842.00 21060000
20130923 14030 14400 14020 14370 19162.00 27100000
20130918 13980 14080 13970 14020 14380.00 20150000
20130917 14400 14500 14000 14000 21057.00 29940000
20130916 14500 14560 14350 14430 22254.00 32160000
20130913 14560 14770 14520 14550 19330.00 28270000
20130912 14510 14690 14500 14520 22410.00 32680000
20130911 14850 14860 14510 14570 31642.00 46330000
20130910 14560 14900 14470 14810 36385.00 53600000
20130909 14530 14660 14450 14560 27687.00 40320000
20130906 14320 14650 14130 14540 41079.00 59130000
20130905 14320 14430 14130 14320 21802.00 31110000
20130904 14380 14590 14250 14320 21670.00 31200000
20130903 14220 14470 14060 14420 36672.00 52380000
20130902 14010 14240 13860 14220 24306.00 34120000
20130830 13900 14250 13810 14080 39510.00 55570000
20130829 14010 14050 13850 13960 22186.00 30880000
20130828 13870 14050 13710 14020 28402.00 39450000
20130827 13820 14000 13760 13920 22326.00 30990000
20130826 13620 13980 13430 13920 26389.00 36360000
20130823 13780 13780 13220 13500 24901.00 33710000
20130822 13660 13790 13660 13690 11300.00 15510000
20130821 13790 13790 13640 13740 11851.00 16250000
20130820 13680 13910 13650 13690 19772.00 27190000
20130819 13230 13740 13200 13730 30665.00 41430000
20130816 14150 14380 13360 13400 77294.00 106840000
20130815 14200 14350 14020 14260 32501.00 46230000
20130814 14640 14680 14350 14440 26140.00 37820000
20130813 14580 14680 14480 14640 25128.00 36640000
20130812 14400 14650 14340 14500 37299.00 53980000
20130809 14310 14440 14100 14270 21343.00 30430000
20130808 14250 14530 14210 14370 19511.00 28060000
20130807 14580 14590 14310 14360 24934.00 36030000
20130806 14550 14610 14380 14590 27946.00 40580000
20130805 14510 14750 14420 14590 24461.00 35620000
20130802 14240 14990 14180 14510 42078.00 61110000
20130801 13830 14150 13790 14140 22846.00 32110000
20130731 13870 14060 13690 13750 18139.00 25160000
20130730 13900 14060 13600 13750 15350.00 21230000
20130729 13960 14100 13740 13870 16688.00 23240000
20130726 13790 14070 13710 13920 14140.00 19660000
20130725 14310 14510 13860 13890 24683.00 35030000
20130724 14430 14430 14060 14290 26621.00 37870000
20130723 14030 14550 14000 14450 33497.00 48040000
20130722 13600 14050 13400 14010 20712.00 28370000
20130719 14060 14280 13710 13790 26114.00 36780000
20130718 13910 14130 13900 14040 19751.00 27770000
20130717 14420 14450 13980 14010 25301.00 36000000
20130716 14300 14490 14170 14390 34659.00 49830000
20130715 13720 14120 13630 14070 35284.00 49170000
20130712 13920 14050 13550 13640 37834.00 52230000
20130711 13600 14170 13590 13920 44959.00 62470000
20130710 13470 13650 13260 13640 22006.00 29730000
20130709 13210 13470 13210 13360 16741.00 22380000
20130708 14200 14210 13150 13390 53870.00 73050000
20130705 14830 15080 14370 14560 40858.00 60220000
20130704 14810 15060 14630 14830 44203.00 65730000
20130703 15170 15240 14580 14910 51480.00 76040000
20130702 15150 15330 14910 15250 37888.00 57430000
20130701 15100 15300 14840 15130 30904.00 46520000
20130628 15220 15590 14800 15120 52805.00 79210000
20130627 15190 15810 15140 15300 48334.00 74880000
20130626 15500 15590 14800 15090 56166.00 84650000
20130625 15100 15870 14050 15280 52818.00 79300000
20130624 15790 15790 14970 15250 46869.00 71340000
20130621 15250 15960 14860 15920 62197.00 95790000
20130620 16490 16650 15560 15670 50533.00 81640000
20130619 17370 17370 16580 16760 47374.00 79680000
20130618 17930 17930 17180 17460 69185.00 120350000
20130617 16810 18080 16800 17950 66943.00 116990000
20130614 16090 16790 16080 16630 25410.00 41880000
20130613 16010 16630 15800 16170 47411.00 76570000
20130607 16970 16980 16240 16320 39438.00 65420000
20130606 17350 17350 16830 17070 31877.00 54210000
20130605 17080 17440 16950 17420 30295.00 51890000
20130604 17510 17510 16980 17230 55547.00 95170000
20130603 17550 17750 16800 17550 49132.00 85200000
20130531 17750 17950 17290 17590 38113.00 67050000
20130530 17330 17930 17200 17840 69038.00 121320000
20130529 16670 17580 16650 17530 94130.00 162300000
20130528 16880 16980 16320 16480 54587.00 90090000
20130527 16440 16990 16440 16860 80493.00 135100000
20130524 16130 16600 15920 16430 72969.00 118400000
20130523 15560 16380 15380 16170 110026.00 176470000
20130522 15350 15960 15300 15720 75629.00 118920000
20130521 15500 15640 15210 15320 39066.00 59940000
20130520 15000 15450 15000 15410 49300.00 75490000
20130517 15180 15260 14850 15090 36475.00 54800000
20130516 15100 15350 14960 15160 36037.00 54670000
20130515 15150 15300 14950 15180 21428.00 32420000
20130514 15260 15260 14930 15130 22873.00 34440000
20130513 14960 15950 14960 15260 66026.00 101750000
20130510 14130 14680 14010 14660 31184.00 44790000
20130509 14100 14150 13910 14130 23611.00 33060000
20130508 14290 14330 14000 14160 27544.00 38930000
20130507 14440 14580 14050 14260 23436.00 33340000
20130506 14100 14550 14080 14470 26095.00 37430000
20130503 13690 14220 13680 14020 37974.00 53240000
20130502 13900 13900 13330 13700 31405.00 42930000
20130426 15500 15500 14470 14520 26640.00 39720000
20130425 16220 16300 15970 16030 36729.00 59180000
20130424 15500 16180 15500 16160 34462.00 54830000
20130423 15870 15970 15390 15440 26869.00 42050000
20130422 15580 15910 15450 15900 34621.00 54220000
20130419 15190 15470 15080 15400 22495.00 34530000
20130418 15110 15180 14900 15130 13146.00 19800000
20130417 14750 15180 14750 15170 23213.00 34850000
20130416 14470 14780 14460 14750 14430.00 21180000
20130415 14380 14740 14380 14580 13890.00 20250000
20130412 14660 14850 14430 14460 18883.00 27530000
20130411 15000 15070 14750 14800 13978.00 20760000
20130410 15000 15130 14720 14920 14219.00 21190000
20130409 14720 15060 14680 14930 19121.00 28430000
20130408 14660 14710 14370 14690 21596.00 31370000
20130403 15400 15590 14850 14960 24246.00 36660000
20130402 15500 15770 15360 15440 20261.00 31540000
20130401 15230 15510 15200 15440 13666.00 21050000
20130329 15290 15370 15100 15190 15518.00 23600000
20130328 15790 15790 15100 15170 35259.00 54390000
20130327 15800 16060 15780 15940 17996.00 28650000
20130326 16150 16150 15610 15850 32406.00 51250000
20130325 16600 16690 16150 16210 31426.00 51150000
20130322 16550 16660 16350 16510 31298.00 51630000
20130321 16380 16820 16300 16640 56038.00 93020000
20130320 16440 16520 15300 16380 74260.00 120370000
20130319 16190 16530 16040 16440 38172.00 62280000
20130318 15920 16290 15710 16130 33848.00 54530000
20130315 15890 16190 15650 15830 28078.00 44780000
20130314 15770 16030 15660 15860 25256.00 40190000
20130313 15520 15900 15450 15790 28692.00 44960000
20130312 16380 16380 15380 15590 50601.00 79960000
20130311 16280 16470 16110 16310 27054.00 44060000
20130308 16820 16890 16080 16210 69941.00 114710000
20130307 17800 17890 16710 16720 96171.00 165940000
20130306 16930 17580 16780 17480 99025.00 172040000
20130305 16520 16890 16330 16870 57776.00 96020000
20130304 16260 17100 16120 16500 90283.00 149520000
20130301 16510 16570 16120 16400 63833.00 104210000
20130228 15950 16450 15750 16370 76133.00 123050000
20130227 15730 16180 15670 15850 49540.00 78920000
20130226 15810 16030 15600 15680 42441.00 67380000
20130225 15540 16030 15510 15960 43117.00 68160000
20130222 15720 15870 15410 15540 30918.00 48400000
20130221 15780 16090 15570 15700 62661.00 99430000
20130220 15350 16040 15350 15930 43840.00 68990000
20130219 15830 15880 15270 15340 37296.00 57620000
20130218 15770 16110 15650 15830 56575.00 89950000
20130208 15090 15700 15050 15680 56146.00 87090000
20130207 15030 15100 14820 15090 24688.00 36950000
20130206 14800 15140 14770 15030 32377.00 48520000
20130205 14800 14840 14470 14840 32333.00 47360000
20130204 14770 14990 14720 14800 47558.00 70610000
20130201 14570 14940 14440 14720 45654.00 67340000
20130131 14790 14870 14480 14580 47320.00 69000000
20130130 14940 15060 14590 14860 36081.00 53290000
20130129 14740 15050 14710 14870 25003.00 37240000
20130128 14390 14830 14370 14790 28561.00 41920000
20130125 14410 14590 14260 14400 24405.00 35140000
20130124 15390 15450 14160 14450 69017.00 102230000
20130123 15190 15390 14980 15370 30301.00 46000000
20130122 15850 15860 15010 15180 56907.00 87770000
20130121 15920 16080 15680 15850 50811.00 80450000
20130118 15660 16060 15620 15910 57164.00 90670000
20130117 16100 16100 15530 15560 47452.00 74940000
20130116 15950 16180 15630 16140 73856.00 117770000
20130115 15460 16110 15460 15930 76480.00 121230000
20130114 14970 15680 14850 15590 75879.00 115870000
20130111 15470 15530 15020 15060 39860.00 61010000
20130110 15620 15700 15280 15410 42477.00 65760000
20130109 15750 15850 15350 15570 45107.00 70460000
20130108 15310 16070 15240 15810 71197.00 112000000
20130107 15010 15440 15000 15360 46426.00 70680000
20130104 15590 15660 14950 15220 41302.00 62980000
20121231 15550 15730 15150 15400 47055.00 72380000
20121228 15100 15430 14850 15420 61337.00 92980000
20121227 15630 15960 15100 15120 73088.00 112900000
20121226 15010 15620 14920 15570 81161.00 124540000
20121225 14400 15250 14230 15020 94866.00 140600000
20121224 14200 14680 14100 14440 61151.00 88370000
20121221 13810 14480 13600 14270 85636.00 119880000
20121220 13720 14100 13570 13830 64962.00 89780000
20121219 13580 13710 13480 13590 37806.00 51410000
20121218 13850 13900 13530 13580 57477.00 78590000
20121217 13600 13990 13450 13850 66214.00 91090000
20121214 13050 13680 13020 13630 76541.00 103140000
20121213 13030 13290 12930 13070 37992.00 49710000
20121212 12880 13050 12700 12970 27930.00 35940000
20121211 12950 13530 12840 12940 62709.00 82620000
20121210 12650 12950 12530 12910 50621.00 64560000
20121207 12120 12670 12080 12600 48400.00 60360000
20121206 12320 12400 12080 12120 19867.00 24210000
20121205 11910 12650 11820 12330 40132.00 49480000
20121204 11680 12030 11500 11970 11640.00 13650000
20121203 12330 12330 11710 11720 24255.00 28960000
20121130 12100 12370 12100 12300 9546.00 11700000
20121129 12320 12420 12100 12170 10573.00 12980000
20121128 12750 12800 12080 12320 19950.00 24640000
20121127 13010 13280 12680 12780 23432.00 30330000
20121126 13070 13560 13070 13160 40651.00 54120000
20121123 12780 13050 12780 12840 13389.00 17290000
20121122 12900 12900 12730 12820 10106.00 12950000
20121121 12760 13010 12650 12980 16082.00 20670000
20121120 13090 13100 12210 12910 16907.00 21820000
20121119 12850 13070 12800 12990 14998.00 19390000
20121116 12950 12950 12730 12840 14579.00 18680000
20121115 13330 13330 12980 13000 19105.00 25100000
20121114 13560 13660 13200 13340 25563.00 34190000
20121113 13860 14100 13640 13650 18566.00 25790000
20121112 13900 13950 13740 13920 13983.00 19320000
20121109 13850 13920 13730 13750 12974.00 17910000
20121108 14010 14100 13760 13860 29127.00 40430000
20121107 14380 14520 14170 14210 38508.00 55050000
20121106 13820 14680 13820 14530 80114.00 114360000
20121105 13920 14010 13800 13840 18045.00 25050000
20121102 14060 14150 13780 13960 24519.00 34160000
20121101 13740 14150 13710 14010 31600.00 44220000
20121031 13780 13800 13630 13750 18793.00 25730000
20121030 14330 14340 13710 13750 46430.00 64470000
20121029 14150 14440 14150 14330 16148.00 23060000
20121026 14340 14340 14010 14250 27633.00 39180000
20121025 15200 15250 13910 14350 63707.00 91310000
20121024 15300 15380 15140 15250 15989.00 24350000
20121023 15380 15510 15250 15330 19144.00 29480000
20121022 15500 15500 15150 15430 23474.00 35900000
20121019 15700 15800 15520 15590 19103.00 29890000
20121018 15600 15760 15450 15660 25677.00 40190000
20121017 15400 15500 15200 15430 14863.00 22800000
20121016 15230 15660 15150 15450 30340.00 46940000
20121015 15300 15350 15070 15200 15543.00 23540000
20121012 15500 15680 15050 15230 31444.00 48090000
20121011 15940 15940 15400 15460 32044.00 50190000
20121010 15920 16080 15850 16060 25039.00 39950000
20121009 15700 16050 15650 16030 36823.00 58600000
20121008 15960 15970 15500 15620 18974.00 29750000
20120928 15410 15910 15390 15860 20491.00 32180000
20120927 15110 15690 15080 15570 21128.00 32560000
20120926 15380 15490 14980 15110 15437.00 23420000
20120925 15600 15680 15210 15400 13203.00 20340000
20120924 15580 15710 15150 15670 14134.00 21820000
20120921 15730 15920 15560 15580 15184.00 23900000
20120920 16500 16500 15690 15760 27944.00 44910000
20120919 16280 16630 16260 16540 19302.00 31780000
20120918 16280 16310 16150 16300 16734.00 27150000
20120917 16700 16920 16100 16210 32098.00 53020000
20120914 16990 17040 16530 16840 50002.00 83870000
20120913 17280 17350 16770 16790 39650.00 67610000
20120912 17370 17640 17010 17290 29574.00 51000000
20120911 17400 17610 17150 17290 36508.00 63320000
20120910 17150 17680 16850 17580 79456.00 137800000
20120907 16730 17250 16510 16970 79401.00 134220000
20120906 16500 16860 16450 16640 35450.00 59070000
20120905 16350 16750 16210 16410 34211.00 56430000
20120904 16200 16580 16200 16370 49211.00 80540000
20120903 15650 16250 15600 16180 39213.00 62910000
20120831 15420 15890 15410 15700 19979.00 31390000
20120830 16050 16170 15210 15610 43689.00 68500000
20120829 16010 16470 15980 16130 34301.00 55680000
20120828 16020 16280 15860 16130 36654.00 59020000
20120827 16220 16350 15850 16160 34138.00 54870000
20120824 16500 16640 16230 16350 53553.00 87820000
20120823 15750 16810 15700 16650 106337.00 173440000
20120822 16010 16250 15660 15800 68544.00 109170000
20120821 15700 16330 15480 16070 62523.00 99280000
20120820 15780 15800 15400 15750 17553.00 27310000
20120817 15760 15890 15680 15830 14159.00 22350000
20120816 15670 15960 15550 15760 15504.00 24400000
20120815 16190 16200 15600 15610 19458.00 30910000
20120814 15910 16220 15910 16160 18489.00 29720000
20120813 16610 16840 16000 16050 51703.00 84140000
20120810 16700 16980 16680 16810 24322.00 40890000
20120809 16510 16850 16350 16830 31930.00 53180000
20120808 16300 16770 16300 16450 27405.00 45260000
20120807 16210 16950 16120 16510 47502.00 78910000
20120806 15600 16280 15600 16240 42775.00 68260000
20120803 15350 15870 15200 15840 34847.00 54460000
20120802 15800 15870 15180 15290 31999.00 49380000
20120801 15700 16120 15700 15880 22037.00 35030000
20120731 15960 16010 15640 15690 20549.00 32500000
20120730 16550 16640 15780 15800 48784.00 78350000
20120727 16560 16730 16360 16490 21900.00 36100000
20120726 17040 17190 16450 16510 35286.00 59340000
20120725 17060 17250 16800 17010 24851.00 42390000
20120724 16850 17250 16840 17000 19965.00 34090000
20120723 17810 17810 16880 17000 43171.00 74520000
20120720 18330 18380 17900 17950 29166.00 52700000
20120719 18410 18720 18300 18390 23419.00 43440000
20120718 18300 18600 18080 18540 19001.00 34870000
20120717 18200 18380 17800 18270 16763.00 30330000
20120716 18880 18990 18110 18200 26913.00 49730000
20120713 18130 19100 17880 19060 52164.00 97170000
20120712 18320 18320 17800 18140 26529.00 48040000
20120711 18430 18900 18290 18600 20734.00 38570000
20120710 19260 19260 18440 18440 33159.00 62470000
20120709 19260 19560 19100 19260 29486.00 57100000
20120706 19070 19430 18840 19350 23643.00 45300000
20120705 19100 19270 18820 19030 25170.00 47860000
20120704 19500 19670 19120 19170 30001.00 58200000
20120703 19350 19590 19000 19550 45029.00 86990000
20120702 19280 19450 19050 19350 26571.00 51220000
20120629 18800 19360 18510 19290 29788.00 56390000
20120628 19300 19360 18880 18890 25451.00 48630000
20120627 19220 19570 19110 19220 27644.00 53550000
20120626 19480 19550 18880 19220 31434.00 60320000
20120625 20360 20450 19550 19620 39225.00 78610000
20120620 20820 21070 20710 20730 31913.00 66550000
20120619 20750 21040 20600 20720 41315.00 85920000
20120618 20530 20950 20280 20850 60574.00 125200000
20120615 20500 20680 20180 20340 30481.00 62210000
20120614 20650 20830 20410 20470 34704.00 71430000
20120613 20300 20820 20000 20720 60274.00 123630000
20120612 20250 20490 20060 20150 31815.00 64380000
20120611 20300 20560 19920 20470 52844.00 106940000
20120608 20290 20620 20160 20350 49720.00 101390000
20120607 20520 20550 20010 20190 47111.00 95680000
20120606 20900 21050 20160 20310 82700.00 169720000
20120605 21550 21650 20820 20950 71424.00 151250000
20120604 21090 21760 21050 21320 82890.00 178050000
20120601 21710 21850 21380 21550 73526.00 158770000
20120531 21700 22020 21550 21620 100067.00 217940000
20120530 21810 22420 21650 22080 150906.00 332340000
20120529 21950 22090 21590 21700 163293.00 356940000
20120528 21800 22450 21070 22380 195515.00 425720000
20120525 22000 22310 21720 22000 258236.00 568220000
20120524 21500 22170 21210 21390 280562.00 608410000
20120523 21000 21130 20500 20820 136019.00 282850000
20120522 20800 21490 20630 21430 256312.00 542000000
20120521 20780 20780 19800 20060 244383.00 492020000
