20180619 44180 44180 40200 41610 28608 121381416 9.01 0.86 -5.82 19678 8930 2.20 1.75
20180615 45320 45800 43010 44180 27009 119068990 6.20 0.82 -1.89 19162 7847 2.44 1.65
20180614 46230 46480 44900 45030 23760 107190589 3.45 0.72 -1.57 15769 7991 1.97 1.45
20180613 45790 47360 45390 45750 34996 162316223 4.36 1.14 1.35 16865 18131 0.93 2.14
20180612 43620 45450 43620 45140 46662 210087578 4.22 1.69 4.06 21696 24966 0.87 2.85
20180611 44510 45670 43180 43380 34099 150120154 5.45 1.31 -5.01 17967 16132 1.11 2.08
20180608 46100 47100 45020 45670 25629 118357778 4.50 0.96 -1.10 12514 13115 0.95 1.57
20180607 47000 47630 45840 46180 24322 113295270 3.80 0.77 -1.97 16790 7532 2.23 1.49
20180606 46580 47770 46300 47110 23243 109478243 3.15 0.66 0.83 10936 12307 0.89 1.42
20180605 45840 47280 45280 46720 30755 143315167 4.32 0.81 0.95 16169 14586 1.11 1.88
20180604 45820 46800 43000 46280 26192 118463223 8.38 0.64 2.05 10288 15904 0.65 1.60
20180601 47110 47900 45280 45350 29594 137298897 5.46 0.76 -5.42 16093 13500 1.19 1.81
20180531 45450 48480 45400 47950 48609 226503568 6.91 1.42 7.63 23775 24833 0.96 2.97
20180530 45830 47240 41880 44550 40093 182676526 11.52 1.27 -4.26 18998 21095 0.90 2.45
20180529 48690 49680 46400 46530 44695 217452789 6.71 1.58 -4.75 23157 21538 1.08 2.73
20180528 46700 48990 46090 48850 40221 193384094 6.18 1.54 4.07 15046 25176 0.60 2.46
20180525 46200 47800 46150 46940 22297 104532912 3.57 0.76 1.60 10438 11859 0.88 1.36
20180524 47000 47600 45990 46680 23833 111588525 3.44 0.71 -0.34 14990 8843 1.70 1.46
20180523 46760 48150 46390 46840 27077 128208437 3.73 0.62 -0.62 15783 11294 1.40 1.65
20180522 47010 48510 46700 47130 27873 132762015 3.77 0.61 -1.79 17544 10329 1.70 1.70
20180521 46370 48000 45490 47990 29182 136216846 5.45 0.64 4.26 13073 16109 0.81 1.78
20180518 46020 47490 45290 46030 38557 177876686 4.68 0.89 -2.00 20855 17702 1.18 2.36
20180517 46250 47200 45210 46970 44837 207285417 4.27 1.14 0.84 21542 23295 0.92 2.74
20180516 44200 47670 43410 46580 76337 349314624 9.71 2.74 6.23 31281 45056 0.69 4.66
20180515 42000 44800 41700 43850 40571 175417560 7.38 1.65 4.40 13361 27210 0.49 2.48
20180514 41850 42730 41400 42000 26931 113408074 3.17 1.00 0.26 11553 15379 0.75 1.65
20180511 43430 43700 41720 41890 26864 114360227 4.58 1.00 -3.01 16980 9885 1.72 1.64
20180510 43030 43980 42890 43190 25597 110482425 2.54 0.87 0.58 12838 12759 1.01 1.56
20180509 43750 44390 42560 42940 19516 83795357 4.16 0.52 -2.48 12946 6570 1.97 1.19
20180508 44150 45010 43680 44030 23979 105747769 3.00 0.55 -0.77 14378 9601 1.50 1.46
20180507 43090 44870 43090 44370 38890 171524539 4.14 0.88 3.21 18371 20519 0.90 2.38
20180504 43380 43380 42030 42990 27002 115046520 3.14 0.56 0.00 15131 11871 1.27 1.65
20180503 43450 44000 41660 42990 38319 163845129 5.34 0.80 -1.87 21393 16927 1.26 2.34
20180502 40090 44000 40090 43810 60216 255474615 9.68 1.42 8.49 26229 33987 0.77 3.68
20180427 39500 41400 39080 40380 53466 216697150 5.87 1.45 2.23 29308 24158 1.21 3.27
20180426 41750 41750 39300 39500 42047 168491584 5.95 1.17 -4.08 28480 13567 2.10 2.57
20180425 40680 41940 40420 41180 48699 201222196 3.73 1.42 0.98 24222 24477 0.99 2.97
20180424 39120 41260 39100 40780 34328 139226412 5.58 1.00 5.27 15482 18846 0.82 2.10
20180423 40000 40400 38080 38740 32828 128516131 5.79 0.93 -3.25 18377 14451 1.27 2.01
20180420 40490 41200 39650 40040 26087 105189382 3.87 0.71 0.02 13608 12479 1.09 1.59
20180419 40190 42180 39980 40030 37588 154105504 5.53 1.01 0.63 16238 21350 0.76 2.30
20180418 40330 41420 39050 39780 41163 166479751 5.88 1.11 -1.24 21368 19795 1.08 2.51
20180417 38710 41170 38710 40280 33464 134507671 6.31 1.01 3.39 14302 19162 0.75 2.04
20180416 39010 40500 38880 38960 37533 147455842 4.16 1.39 -0.05 23825 13709 1.74 2.29
20180413 39470 40480 38250 38980 34144 134524199 5.63 1.50 -1.59 20665 13479 1.53 2.09
20180412 39410 41500 39410 39610 40229 161690009 5.28 2.30 0.13 18867 21363 0.88 2.46
20180411 36900 40000 36900 39560 40516 157522330 8.52 3.16 8.74 10529 29987 0.35 2.47
20180410 35560 36960 35560 36380 13649 49877252 3.96 1.13 2.80 5701 7948 0.72 0.83
20180409 35580 35890 35000 35390 6349 22485365 2.50 0.52 -0.56 3881 2468 1.57 0.39
20180404 35100 35960 35050 35590 13128 46873399 2.57 1.09 0.42 7525 5603 1.34 0.80
20180403 35000 35980 34900 35440 13747 48702645 3.02 0.96 -0.84 6851 6897 0.99 0.84
20180402 34700 35950 34660 35740 17201 61007670 3.73 1.26 3.29 7418 9783 0.76 1.05
20180330 35090 35570 34500 34600 10001 34793888 3.05 0.66 -1.40 5314 4687 1.13 0.61
20180329 35000 35660 34460 35090 7335 25640101 3.43 0.44 0.23 3114 4220 0.74 0.45
20180328 34910 35880 34530 35010 12000 42148906 3.82 0.63 -1.05 5859 6141 0.95 0.73
20180327 33950 35580 33650 35380 24842 86236094 5.75 1.21 5.33 9199 15644 0.59 1.52
20180326 32850 34070 32580 33590 13921 46729907 4.49 0.53 1.21 7079 6842 1.03 0.85
20180323 32510 34180 32310 33190 17814 59532039 5.58 0.74 -0.90 9286 8528 1.09 1.09
20180322 33840 34190 33250 33490 15120 51161443 2.76 0.68 -1.59 10239 4882 2.10 0.92
20180321 34300 34590 34010 34030 24208 83290980 1.69 1.29 -1.02 13786 10422 1.32 1.48
20180320 34110 34490 33560 34380 31558 107505255 2.70 2.12 -0.15 18415 13143 1.40 1.93
20180319 35800 35980 34210 34430 43712 152661007 4.74 5.58 -7.84 25091 18622 1.35 2.67
20180316 38190 38830 37350 37360 6247 23615897 3.88 0.67 -2.17 4102 2145 1.91 1.25
20180315 38800 38910 37890 38190 5865 22466653 2.61 0.54 -2.45 3498 2368 1.48 1.17
20180314 38770 39500 38460 39150 6648 25946152 2.67 0.60 0.38 3226 3421 0.94 1.33
20180313 38980 39580 38820 39000 12021 47171587 1.95 1.23 0.13 4999 7022 0.71 2.40
20180312 38670 39430 38500 38950 8399 32773231 2.40 0.96 0.72 3854 4545 0.85 1.68
20180309 37700 39200 37270 38670 13870 53411003 5.10 1.86 2.25 6040 7830 0.77 2.77
20180308 38020 38580 37070 37820 13116 49268651 3.97 1.76 -0.55 7737 5379 1.44 2.62
20180307 39150 39490 37990 38030 8151 31319675 3.84 1.03 -2.76 4895 3256 1.50 1.63
20180306 39090 39460 38880 39110 5492 21552136 1.48 0.66 0.05 2474 3018 0.82 1.10
20180305 39490 39490 38350 39090 3323 12971218 2.93 0.39 0.39 1240 2083 0.60 0.66
20180302 38200 39080 38180 38940 7236 28090613 2.33 0.94 0.62 4268 2968 1.44 1.45
20180301 38100 38720 37800 38700 12981 49843341 2.40 2.41 1.15 7299 5681 1.28 2.60
20180228 38140 39000 37800 38260 10709 41224032 3.11 2.84 -0.88 5928 4781 1.24 2.14
20180227 36800 38680 36800 38600 7238 27332475 5.09 1.97 4.47 3080 4158 0.74 1.45
20180226 36790 37180 35800 36950 4818 17656838 3.75 1.28 0.41 2850 1968 1.45 0.96
20180223 36900 37700 36410 36800 2780 10285554 3.50 0.48 -0.11 1611 1168 1.38 0.56
20180222 36790 37400 36790 36840 1415 5223604 1.66 0.21 0.35 932 483 1.93 0.28
20180214 36420 36790 35860 36710 2626 9565914 2.57 0.33 1.44 1142 1484 0.77 0.53
20180213 35750 36980 35750 36190 6777 24766602 3.46 0.82 1.94 2943 3834 0.77 1.36
20180212 35450 35860 34540 35500 5262 18692688 3.82 0.67 2.87 3297 1965 1.68 1.05
20180209 33220 35400 32170 34510 12667 42533970 9.54 1.66 1.92 6523 6144 1.06 2.53
20180208 33990 34700 33310 33860 6677 22742886 4.10 0.92 -0.12 4544 2134 2.13 1.34
20180207 35350 35900 33010 33900 8100 27729430 8.35 1.14 -2.02 5625 2475 2.27 1.62
20180206 36000 36350 34430 34600 8372 29279627 5.28 1.30 -4.84 4906 3466 1.42 1.67
20180205 36050 37320 36050 36360 3455 12684304 3.39 0.49 -2.83 2270 1186 1.91 0.69
20180202 37550 37770 34180 37420 11649 42584852 9.45 1.98 -1.45 5957 5692 1.05 2.33
20180201 38200 38490 37880 37970 4816 18294071 1.60 0.75 -0.68 3828 988 3.87 0.96
20180131 37900 38800 37840 38230 7167 27514208 2.53 1.18 0.84 4116 3051 1.35 1.43
20180130 37920 38530 37700 37910 5028 19153770 2.19 0.69 0.05 2561 2467 1.04 1.01
20180129 37850 38970 37800 37890 6790 26027493 3.04 0.85 -1.53 3859 2932 1.32 1.36
20180126 38840 39400 38400 38480 5562 21510811 2.55 0.58 -1.84 3011 2551 1.18 1.11
20180125 38660 39800 38520 39200 7731 30364166 3.31 0.82 1.42 4684 3047 1.54 1.55
20180124 38700 39070 38500 38650 5385 20824074 1.46 0.53 -1.13 3237 2148 1.51 1.08
20180123 37840 39420 37650 39090 10965 42309367 4.68 1.14 3.28 4059 6906 0.59 2.19
20180122 37800 37960 37270 37850 10340 38852051 1.83 1.11 0.42 5355 4985 1.07 2.07
20180119 38740 38800 37300 37690 13715 51923433 3.87 1.57 -2.71 8592 5123 1.68 2.74
20180118 39020 39530 38580 38740 6619 25837480 2.43 0.68 -0.72 3863 2756 1.40 1.32
20180117 38780 39590 37900 39020 9048 35290725 4.34 0.87 0.28 6389 2660 2.40 1.81
20180116 38680 39740 38680 38910 8452 33183200 2.72 0.77 0.03 5477 2974 1.84 1.69
20180115 39200 39210 38560 38900 8538 33214337 1.65 0.77 -1.14 5430 3108 1.75 1.71
20180112 40780 40780 39110 39350 11129 44231114 4.09 1.12 -3.58 7902 3227 2.45 2.23
20180111 40400 40870 39720 40810 11199 45068897 2.84 1.11 0.84 5761 5439 1.06 2.24
20180110 41010 41300 39630 40470 12796 51612089 4.03 1.29 -2.29 9054 3742 2.42 2.56
20180109 40810 42150 40810 41420 11001 45935364 3.25 1.22 0.56 4642 6359 0.73 2.20
20180108 41200 41500 40350 41190 9427 38804065 2.79 1.18 -0.02 4276 5151 0.83 1.89
20180105 41170 41770 40800 41200 5251 21693739 2.34 0.65 -0.58 2882 2369 1.22 1.05
20180104 41070 41770 40830 41440 11832 49145618 2.28 3.16 0.51 6068 5763 1.05 2.37
20180103 40270 41400 40270 41230 12216 50253179 2.81 2.19 2.38 4925 7291 0.68 2.44
20180102 39400 40490 39070 40270 6477 25922688 3.60 1.08 2.16 3260 3217 1.01 1.30
20171229 38490 39490 38490 39420 4067 15891721 2.60 0.64 2.44 2240 1827 1.23 0.81
20171228 39130 39490 38310 38480 6109 23703736 3.01 0.88 -1.79 3096 3013 1.03 1.22
20171227 40350 41170 39100 39180 6557 26164162 5.06 0.93 -4.23 4163 2394 1.74 1.31
20171226 40660 41470 40650 40910 4669 19132269 2.00 0.64 -0.05 2494 2176 1.15 0.93
20171225 40380 41000 39680 40930 8713 35309070 3.27 1.18 1.44 4028 4686 0.86 1.74
20171222 40970 41700 40180 40350 5829 23627804 3.71 0.76 -1.59 4005 1824 2.20 1.17
20171221 40590 41300 40100 41000 8933 36384633 2.96 1.29 1.28 3988 4945 0.81 1.79
20171220 40620 41300 40210 40480 6977 28341136 2.68 1.04 -0.30 3797 3179 1.19 1.40
20171219 40000 40950 40000 40600 6310 25520898 2.34 0.85 -0.17 3258 3052 1.07 1.26
20171218 39920 41750 39820 40670 8868 36051847 4.83 1.22 1.88 4777 4091 1.17 1.77
20171215 39000 39950 38500 39920 7317 28720873 3.74 0.93 2.94 2938 4379 0.67 1.46
20171214 39170 39170 38400 38780 5144 19907557 1.97 0.59 -0.77 2875 2269 1.27 1.03
20171213 39050 39230 38400 39080 5830 22741109 2.12 0.55 -0.08 2711 3119 0.87 1.17
20171212 39090 39390 38530 39110 9971 38971892 2.20 0.76 0.08 5327 4644 1.15 1.99
20171211 37880 39390 37880 39080 8172 31877846 3.96 0.53 2.57 4033 4138 0.97 1.63
20171208 36500 38470 36210 38100 10291 38751704 6.15 0.67 3.65 4828 5463 0.88 2.06
20171207 38000 38020 36630 36760 9479 35247019 3.63 0.58 -3.92 7230 2249 3.21 1.90
20171206 37170 38350 37000 38260 14774 55836988 3.57 0.87 1.19 8360 6414 1.30 2.95
20171205 37030 37940 35700 37810 22931 84440500 6.06 1.54 2.27 13951 8980 1.55 4.59
20171204 38080 39000 36660 36970 19475 73369972 6.10 1.26 -3.55 12492 6983 1.79 3.89
20171201 38690 39470 38270 38330 10380 40409047 3.11 0.61 -0.78 4998 5382 0.93 2.08
20171130 38080 39580 38080 38630 14049 54881997 3.87 0.74 -0.41 4575 9474 0.48 2.81
20171129 40010 40500 38750 38790 18513 72762201 4.39 0.89 -2.59 13024 5489 2.37 3.70
20171128 38630 40560 38630 39820 12022 47874372 4.96 0.54 2.34 6119 5903 1.04 2.40
20171127 40980 41350 38470 38910 22542 89614295 6.94 0.94 -6.17 14548 7994 1.82 4.51
20171124 41010 41810 40490 41470 17331 71597611 3.19 0.61 0.29 10047 7284 1.38 3.47
20171123 44300 44940 41220 41350 24111 103291236 8.33 0.82 -7.37 17188 6922 2.48 4.82
20171122 43030 45900 43030 44640 27954 125058443 6.63 0.96 3.17 10948 17006 0.64 5.59
20171121 43600 44160 42780 43270 20310 88058795 3.15 0.63 -1.21 12495 7816 1.60 4.06
20171120 39900 43880 39480 43800 30769 129970295 10.73 1.04 6.80 14055 16714 0.84 6.15
20171117 44030 44350 40960 41010 38731 165170868 7.70 1.53 -6.88 26432 12299 2.15 7.75
20171116 41980 44280 41200 44040 29251 126632067 7.30 1.32 4.31 13771 15480 0.89 5.85
20171115 43620 43620 42200 42220 27012 115403123 3.25 1.30 -3.34 20198 6814 2.96 5.40
20171114 42650 44350 42200 43680 34841 151592775 5.06 1.70 2.78 13369 21472 0.62 6.97
20171113 42100 42750 41510 42500 18399 77840275 2.95 0.86 1.02 9620 8779 1.10 3.68
20171110 42860 42870 42020 42070 17409 73575979 1.99 0.86 -1.61 10487 6922 1.51 3.48
20171109 42510 42990 41850 42760 12919 54741863 2.68 0.64 0.68 7333 5586 1.31 2.58
20171108 43240 43590 42300 42470 19934 85413214 2.98 1.01 -1.83 12432 7502 1.66 3.99
20171107 41790 43700 41630 43260 33685 144206332 4.95 2.06 3.52 16423 17262 0.95 6.74
20171106 39040 41820 39040 41790 23560 96508836 7.06 1.31 6.12 8181 15379 0.53 4.71
20171103 39500 39850 39060 39380 11596 45635767 1.99 0.61 -0.93 6479 5117 1.27 2.32
20171102 40500 41130 39500 39750 12854 51506604 4.01 0.53 -2.31 8480 4374 1.94 2.57
20171101 40290 41480 40000 40690 17093 69617662 3.72 0.71 2.24 7781 9311 0.84 3.42
20171031 39850 40290 39000 39800 16743 66140477 3.22 0.69 -0.62 7570 9173 0.83 3.35
20171030 41000 42000 39710 40050 31736 129148188 5.74 1.33 0.45 15146 16590 0.91 6.35
20171027 39830 40380 39520 39870 16688 66608433 2.15 0.67 -0.20 11296 5392 2.09 3.34
20171026 39080 40680 38760 39950 37899 151954858 4.91 1.69 2.17 17808 20090 0.89 7.58
20171025 38410 39510 38330 39100 17277 67166164 3.05 0.82 1.01 6492 10786 0.60 3.46
20171024 38900 39600 38350 38710 18564 72022167 3.21 0.94 -0.49 10470 8094 1.29 3.71
20171023 37600 39350 37500 38900 28676 111140824 4.91 1.62 3.24 14637 14039 1.04 5.74
20171020 36990 37760 36800 37680 22411 83868020 2.59 1.47 1.62 9643 12768 0.76 4.48
20171019 35350 37630 35140 37080 25079 91971208 7.03 1.79 4.69 10185 14894 0.68 5.02
20171018 36160 36280 35300 35420 10968 39265563 2.71 0.70 -2.18 7364 3604 2.04 2.19
20171017 35980 36630 35610 36210 11924 43216755 2.86 0.69 1.51 4497 7427 0.61 2.38
20171016 36920 37110 35500 35670 18068 65462522 4.36 0.91 -3.39 10498 7570 1.39 3.61
20171013 36800 37110 36510 36920 10181 37465171 1.63 0.45 0.54 4995 5187 0.96 2.04
20171012 37880 37960 36600 36720 18768 69852125 3.61 0.67 -2.52 10218 8550 1.20 3.75
20171011 37640 38080 37160 37670 19868 74614544 2.44 0.65 0.08 9864 10004 0.99 3.97
20171010 36700 37940 36640 37640 20148 75664696 3.53 0.70 2.31 8284 11864 0.70 4.03
20171009 36810 37730 36030 36790 29873 110259064 4.64 1.05 0.33 14204 15669 0.91 5.97
20170929 36500 37280 36350 36670 25451 93649008 2.52 0.95 -0.54 13822 11630 1.19 5.09
20170928 35580 36950 35200 36870 45051 163941195 4.90 2.25 3.28 23190 21861 1.06 9.01
20170927 34700 36480 34360 35700 31261 111607920 6.18 1.94 4.05 12835 18426 0.70 6.25
20170926 34800 35050 34030 34310 12137 41765386 2.93 0.77 -1.35 8276 3860 2.14 2.43
20170925 34510 35290 34300 34780 28669 100263718 2.87 2.25 0.84 12967 15703 0.83 5.73
20170922 33780 34600 33350 34490 17459 59508729 3.73 1.36 2.92 6324 11136 0.57 3.49
20170921 34170 34190 33380 33510 10386 35104113 2.38 0.64 -1.59 6697 3689 1.82 2.08
20170920 34100 34470 33840 34050 11972 40921685 1.86 0.61 0.74 6182 5790 1.07 2.39
20170919 33990 34160 33690 33800 10169 34500566 1.39 0.50 -0.18 4898 5271 0.93 2.03
20170918 33210 33960 33210 33860 13811 46511674 2.25 0.62 1.56 7060 6752 1.05 2.76
20170915 34120 34120 33200 33340 17967 60382303 2.69 0.83 -2.34 13210 4757 2.78 3.59
20170914 34370 35410 34110 34140 26759 92853329 3.75 1.40 -1.50 16744 10015 1.67 5.35
20170913 33770 34990 33570 34660 30129 103491471 4.22 2.00 2.97 10988 19141 0.57 6.03
20170912 33800 33960 33430 33660 13512 45504174 1.57 0.80 -0.59 8385 5127 1.64 2.70
20170911 33150 33990 32800 33860 23696 79570499 3.61 1.55 2.64 7989 15707 0.51 4.74
20170908 33220 33460 32700 32990 14364 47448782 2.29 0.91 -0.78 9947 4417 2.25 2.87
20170907 33520 33800 33230 33250 13610 45549265 1.70 0.84 -1.10 9502 4108 2.31 2.72
20170906 33760 34070 33560 33620 10121 34112152 1.50 0.56 -0.94 7031 3090 2.28 2.02
20170905 33300 34100 33050 33940 22143 74608583 3.14 1.01 1.50 10033 12110 0.83 4.43
20170904 33660 33970 33200 33440 16190 54097377 2.27 0.69 -1.33 10983 5207 2.11 3.24
20170901 34100 34250 33400 33890 17276 58303905 2.49 0.73 -0.67 10866 6410 1.70 3.46
20170831 33600 34450 33550 34120 15448 52607586 2.67 0.67 1.34 7152 8296 0.86 3.09
20170830 34010 34210 33510 33670 19585 66196585 2.04 0.93 -1.72 14181 5404 2.62 3.92
20170829 33490 34780 33400 34260 41155 140843207 4.12 2.68 2.33 18701 22454 0.83 8.23
20170828 32900 34000 32900 33480 24587 82103632 3.33 1.94 1.49 13557 11030 1.23 4.92
20170825 32610 33380 32610 32990 18350 60684694 2.38 1.34 2.01 9605 8745 1.10 3.67
20170824 33160 33250 32180 32340 11798 38627961 3.22 0.80 -2.68 7744 4054 1.91 2.36
20170823 33020 33440 32700 33230 9051 30047308 2.24 0.38 0.64 4429 4622 0.96 1.81
20170822 33510 33800 32980 33020 12905 42847339 2.43 0.43 -1.99 8372 4532 1.85 2.58
20170821 33440 34000 32860 33690 11258 37671823 3.42 0.37 1.11 6472 4786 1.35 2.25
20170818 33000 34260 32860 33320 23531 79491195 4.22 0.81 0.36 12323 11208 1.10 4.71
20170817 33600 33600 32960 33200 17241 57176697 1.92 0.54 -0.60 10643 6599 1.61 3.45
20170816 32600 34500 32400 33400 54747 184992217 6.40 1.96 1.83 22281 32466 0.69 10.95
20170815 31000 33120 31000 32800 42978 138127320 6.88 1.86 6.39 18117 24860 0.73 8.60
20170814 30620 31420 30620 30830 14895 46353353 2.59 0.67 -0.03 6808 8087 0.84 2.98
20170811 31120 31500 30650 30840 15172 47058347 2.70 0.67 -2.06 8181 6990 1.17 3.03
20170810 30670 31870 30300 31490 32590 101234950 5.11 1.78 2.44 14121 18469 0.76 6.52
20170809 29500 30910 29000 30740 33885 102138377 6.47 2.24 4.13 15221 18664 0.82 6.78
20170808 30030 30030 29210 29520 18737 55227582 2.73 1.22 -1.73 11076 7661 1.45 3.75
20170807 29900 30340 29800 30040 10604 31883074 1.80 0.64 0.00 5779 4825 1.20 2.12
20170804 30580 30760 30010 30040 17153 51890695 2.45 1.15 -1.77 11379 5774 1.97 3.43
20170803 30430 30990 30430 30580 11341 34809943 1.82 0.76 -0.68 5640 5701 0.99 2.27
20170802 30990 31430 30600 30790 17777 55094184 2.71 1.38 0.65 9632 8146 1.18 3.56
20170801 30900 31000 30200 30590 20186 61626170 2.59 2.00 -1.00 12624 7562 1.67 4.04
20170731 31260 31520 30570 30900 16434 50887916 3.02 1.82 -1.69 10864 5569 1.95 3.29
20170728 31640 32240 31330 31430 8633 27355281 2.88 0.98 -0.70 4704 3929 1.20 1.73
20170727 31190 31940 31000 31650 11191 35271568 3.02 1.23 1.67 5458 5732 0.95 2.24
20170726 31950 31950 31010 31130 8061 25260584 2.95 0.86 -2.38 5011 3050 1.64 1.61
20170725 31790 32150 31760 31890 6126 19567783 1.22 0.60 -0.03 3812 2315 1.65 1.23
20170724 31100 32510 31020 31900 11202 35590599 4.77 0.86 2.21 5479 5723 0.96 2.24
20170721 31330 31550 31040 31210 7497 23433044 1.63 0.57 -0.29 4136 3360 1.23 1.50
20170720 31280 31970 31110 31300 12700 40112781 2.74 0.93 -0.13 6635 6066 1.09 2.54
20170719 31190 31430 30880 31340 9464 29499172 1.76 0.61 0.35 4604 4860 0.95 1.89
20170718 31200 31440 30860 31230 10084 31387555 1.87 0.56 0.71 5287 4797 1.10 2.02
20170717 33480 33490 30780 31010 25449 80550422 8.04 1.44 -7.95 14853 10596 1.40 5.09
20170714 33530 34120 33510 33690 8525 28794951 1.81 0.39 0.21 4802 3723 1.29 1.71
20170713 34120 34290 33500 33620 15117 51186214 2.31 0.71 -1.72 11103 4014 2.77 3.02
20170712 33510 34380 33420 34210 18739 63486687 2.86 0.91 2.00 8885 9854 0.90 3.75
20170711 34300 34590 33500 33540 22340 75857927 3.15 1.16 -2.98 15577 6764 2.30 4.47
20170710 35600 35600 34450 34570 23936 83551616 3.21 1.40 -3.38 15284 8652 1.77 4.79
20170707 35010 36000 34860 35780 28189 100550201 3.25 1.82 1.97 11672 16517 0.71 5.64
20170706 35330 35590 34750 35090 14009 49222540 2.38 0.94 -0.62 7749 6260 1.24 2.80
20170705 35050 35480 35050 35310 14267 50254353 1.22 1.04 0.23 7452 6815 1.09 2.85
20170704 34960 35610 34930 35230 15700 55302947 1.94 1.26 0.71 9180 6519 1.41 3.14
20170703 34810 35170 34630 34980 13274 46331384 1.55 1.09 0.32 7987 5287 1.51 2.65
20170630 34150 35380 34030 34870 20400 70750758 3.95 1.80 1.93 9728 10672 0.91 4.08
20170629 34200 34550 34010 34210 10560 36157476 1.57 0.78 -0.29 6078 4482 1.36 2.11
20170628 34860 34860 34200 34310 8798 30283257 1.90 0.61 -1.32 5061 3738 1.35 1.76
20170627 34730 35190 34620 34770 9118 31840181 1.63 0.60 -0.34 5640 3479 1.62 1.82
20170626 34560 34930 34050 34890 12268 42546939 2.54 0.75 0.87 6158 6111 1.01 2.45
20170623 34500 34600 33710 34590 16071 54938941 2.57 0.89 0.03 9013 7058 1.28 3.21
20170622 36040 36190 34400 34580 21685 76683429 4.97 1.17 -3.97 14167 7518 1.88 4.34
20170621 36150 36290 35700 36010 12571 45205370 1.63 0.58 -0.25 7629 4942 1.54 2.51
20170620 36300 36430 36000 36100 13035 47151073 1.19 0.51 0.03 7652 5383 1.42 2.61
20170619 36470 36710 35900 36090 17904 64645869 2.22 0.68 -1.20 11248 6655 1.69 3.58
20170616 37500 37500 36000 36530 25075 91906202 4.01 1.05 -2.25 16110 8965 1.80 5.01
20170615 36920 37830 36920 37370 24244 90732773 2.45 1.10 0.48 11273 12971 0.87 4.85
20170614 37110 37510 36720 37190 27894 103393349 2.11 1.25 -0.46 14027 13868 1.01 5.58
20170613 36100 37490 36050 37360 31904 117827444 3.96 1.82 2.67 13089 18815 0.70 6.38
20170612 36150 37350 35990 36390 21748 79676133 3.75 1.31 0.22 10789 10960 0.98 4.35
20170609 35900 36470 35750 36310 13293 47938102 2.01 0.76 1.17 6682 6611 1.01 2.66
20170608 36450 36450 35800 35890 15785 56956757 1.78 0.89 -1.48 9392 6394 1.47 3.16
20170607 34940 36500 34940 36430 29263 105501234 4.46 1.64 4.06 11891 17372 0.68 5.85
20170606 34630 35090 34620 35010 7645 26663638 1.34 0.39 0.06 4279 3366 1.27 1.53
20170605 35170 35790 34800 34990 17150 60520312 2.85 0.87 0.66 8785 8366 1.05 3.43
20170602 33980 34890 33410 34760 17856 60981589 4.33 0.93 1.73 8977 8879 1.01 3.57
20170601 35230 35700 34100 34170 17163 59995290 4.51 0.86 -3.77 11431 5733 1.99 3.43
20170531 36010 36850 35470 35510 29531 107225403 3.95 1.48 1.60 15569 13962 1.12 5.91
20170526 34900 35480 34500 34950 15868 55477717 2.82 0.81 0.69 8302 7566 1.10 3.17
20170525 35000 35380 34010 35040 17672 61459464 3.90 0.87 -0.28 9522 8149 1.17 3.53
20170524 34870 35270 34000 35140 15784 54973000 3.64 0.71 0.72 7386 8397 0.88 3.16
20170523 35780 36290 34800 34890 20500 72761663 4.12 0.90 -3.54 11972 8528 1.40 4.10
20170522 37520 37870 35610 36170 30264 110673491 6.01 1.47 -3.85 18195 12069 1.51 6.05
20170519 37970 38270 37530 37620 14321 54223426 1.94 0.63 -1.26 8653 5668 1.53 2.86
20170518 38600 38870 37810 38100 20801 79833526 2.71 0.80 -2.48 12412 8389 1.48 4.16
20170517 39350 39640 38810 39070 25098 98539341 2.11 0.89 -0.71 13515 11583 1.17 5.02
20170516 38180 39400 37600 39350 23735 91461183 4.70 0.83 2.77 9580 14155 0.68 4.75
20170515 38550 38650 38030 38290 19191 73622634 1.62 0.64 0.21 10816 8375 1.29 3.84
20170512 37980 38360 37550 38210 24076 91572962 2.13 0.78 0.53 10432 13644 0.76 4.82
20170511 37330 38050 36300 38010 37203 138085004 4.65 1.22 1.04 18665 18538 1.01 7.44
20170510 39380 39660 37030 37620 36640 141146207 6.68 1.08 -4.52 22771 13870 1.64 7.33
20170509 38550 39660 38500 39400 25762 101027751 2.99 0.71 1.70 11494 14267 0.81 5.15
20170508 38120 39300 38120 38740 26606 103562479 3.07 0.65 0.70 13397 13209 1.01 5.32
20170505 38500 39380 38000 38470 28459 110048584 3.52 0.56 -1.76 17022 11437 1.49 5.69
20170504 39810 39850 38900 39160 34414 135669247 2.36 0.65 -2.61 20357 14058 1.45 6.88
20170503 41060 41400 39100 40210 54829 219617271 5.61 1.10 -1.95 29584 25245 1.17 10.97
20170502 41620 42130 40860 41010 36601 151382818 3.04 0.73 -1.91 20864 15737 1.33 7.32
20170428 42200 42830 41710 41810 49219 207261368 2.65 1.04 -1.06 28768 20451 1.41 9.84
20170427 40250 42500 39010 42260 81088 333632176 8.63 1.88 4.47 34613 46474 0.74 16.22
20170426 40220 41440 39990 40450 42090 171086799 3.56 0.89 -0.61 23250 18840 1.23 8.42
20170425 40700 41450 40280 40700 39148 159812462 2.87 0.82 -0.22 21130 18018 1.17 7.83
20170424 40310 40970 37770 40790 40240 161753736 7.89 0.80 0.54 21339 18901 1.13 8.05
20170421 41400 41990 40360 40570 33638 137870590 3.96 0.66 -1.43 19718 13920 1.42 6.73
20170420 40100 41440 39560 41160 60988 247194458 4.64 1.30 1.50 31352 29635 1.06 12.20
20170419 38200 40650 37960 40550 62892 249901729 7.01 1.39 5.71 27857 35036 0.80 12.58
20170418 37880 39350 37830 38360 42386 162791722 4.04 0.75 1.97 19774 22612 0.87 8.48
20170417 37800 38450 36600 37620 52976 199326141 4.64 0.75 -5.71 27098 25878 1.05 10.60
20170414 40670 40930 39780 39900 36275 145730714 2.81 0.45 -2.40 21880 14395 1.52 7.25
20170413 40400 41950 40400 40880 39650 163363853 3.79 0.37 0.02 21763 17886 1.22 7.93
20170412 41500 42110 40690 40870 54886 227380874 3.35 0.42 -3.54 31337 23549 1.33 10.98
20170411 40190 42500 39280 42370 98670 406415120 7.82 0.59 2.84 51221 47449 1.08 19.73
20170410 45000 45200 41200 41200 121907 518872208 8.74 0.82 -10.00 64915 56992 1.14 24.38
20170407 46400 46950 45550 45780 90856 419022496 2.96 0.69 -3.05 49258 41598 1.18 18.17
20170406 45010 48770 44580 47220 162628 762082464 9.21 1.65 3.78 84563 78065 1.08 32.53
20170405 46330 47450 45500 45500 181682 837059696 3.86 2.91 -10.01 82342 99339 0.83 36.34
20170331 54620 59000 50520 50560 283689 1532726112 15.53 48.71 -7.43 152507 131182 1.16 56.74
20170330 54620 54620 54620 54620 23996 131065988 0.00 21.99 10.01 23996 - - 4.80
20170329 49650 49650 49650 49650 3110 15440306 0.00 6.27 9.99 3110 - - 0.62
20170328 45140 45140 45140 45140 1102 4974654 0.00 3.79 9.99 1102 - - 0.22
20170327 41040 41040 41040 41040 403 1653912 0.00 1.82 10.00 403 - - 0.08
20170324 37310 37310 37310 37310 510 1903929 0.00 3.20 9.99 510 - - 0.10
20170323 33920 33920 33920 33920 330 1120412 0.00 2.84 9.99 330 - - 0.07
20170322 30840 30840 30840 30840 136 419424 0.00 1.24 9.99 136 - - 0.03
20170321 28040 28040 28040 28040 75 210104 0.00 0.59 10.00 75 - - 0.01
20170320 25490 25490 25490 25490 58 147842 0.00 0.29 10.01 58 - - 0.01
20170317 19310 23170 19310 23170 197 456202 23.99 - 44.00 196 1 196.06 0.04
