20180223 21870 22000 21020 21780 78694 169901381 4.55 1.58 1.07 41447 37247 1.11 13.12
20180222 20000 21770 19820 21550 77012 161092575 9.82 1.82 8.51 29979 47033 0.64 12.84
20180214 18880 19980 18800 19860 51330 100517379 6.26 1.20 5.30 20695 30634 0.68 8.55
20180213 19600 19890 18800 18860 37243 72062157 5.70 0.72 -1.41 22700 14543 1.56 6.21
20180212 18810 19460 18600 19130 31664 60266370 4.66 0.52 3.63 15962 15703 1.02 5.28
20180209 19550 20150 18400 18460 51719 99302981 8.62 0.77 -9.02 33072 18647 1.77 8.62
20180208 20690 20950 20210 20290 39370 80843386 3.62 0.51 -0.64 23160 16210 1.43 6.56
20180207 20890 21300 20000 20420 54407 112826285 6.38 0.69 0.20 31603 22803 1.39 9.07
20180206 21400 22430 20110 20380 80531 172141742 10.60 1.11 -6.86 47118 33414 1.41 13.42
20180205 20150 21930 20120 21880 78602 166953811 8.77 1.25 6.01 33634 44968 0.75 13.10
20180202 20500 20890 19440 20640 82799 166362996 6.71 1.44 -4.44 45862 36937 1.24 13.80
20180201 21200 22890 20820 21600 86971 191450953 9.77 1.67 1.98 39870 47101 0.85 14.50
20180131 22410 22750 21070 21180 65761 143402956 7.67 1.25 -3.24 37020 28741 1.29 10.96
20180130 21160 21950 20910 21890 50233 108777355 4.88 0.81 2.72 17967 32266 0.56 8.37
20180129 21100 21550 20920 21310 28609 60763566 2.97 0.40 0.47 15025 13584 1.11 4.77
20180126 21710 21860 21070 21210 55662 119088102 3.59 0.81 -3.68 35100 20562 1.71 9.28
20180125 22460 22960 21910 22020 60264 135327124 4.68 0.91 -1.83 33918 26346 1.29 10.04
20180124 22300 22590 22000 22430 68533 152808716 2.62 0.99 -0.36 41437 27096 1.53 11.42
20180123 21370 22900 21370 22510 96428 214374290 6.97 1.63 2.50 44766 51662 0.87 16.07
20180122 22000 22920 21600 21960 80070 177672743 6.14 1.59 2.19 41556 38514 1.08 13.34
20180119 21740 21910 21280 21490 38761 83599653 2.92 0.76 -0.32 21609 17152 1.26 6.46
20180118 21800 22200 21440 21560 48564 105581335 3.44 0.96 -2.44 29713 18851 1.58 8.09
20180117 21420 22120 20590 22100 80723 173875040 7.23 1.71 4.49 35346 45377 0.78 13.45
20180116 20410 21240 20410 21150 47525 99264608 4.07 0.92 3.78 20285 27241 0.74 7.92
20180115 20770 21080 20360 20380 36931 76486411 3.47 0.58 -1.83 20710 16221 1.28 6.16
20180112 21100 21430 20710 20760 41883 87775791 3.37 0.60 -2.76 27653 14231 1.94 6.98
20180111 21020 21800 21000 21350 46676 100081596 3.80 0.64 1.43 24473 22203 1.10 7.78
20180110 21620 22040 20860 21050 62695 134630934 5.44 0.81 -3.04 37087 25607 1.45 10.45
20180109 22110 22220 21660 21710 69327 151855260 2.51 0.93 -2.65 40501 28826 1.40 11.55
20180108 21250 22500 20880 22300 98600 214305360 7.52 1.33 3.58 47272 51327 0.92 16.43
20180105 21900 22180 21500 21530 69789 152611058 3.16 0.72 0.19 36179 33611 1.08 11.63
20180104 21040 21980 21020 21490 62433 133787681 4.47 2.18 0.14 32528 29905 1.09 10.41
20180103 20800 22130 20750 21460 85587 184523498 6.63 0.96 3.07 44052 41535 1.06 14.26
20180102 20660 21200 20660 20820 57886 121253334 2.60 0.70 0.19 30204 27682 1.09 9.65
20171229 21350 21700 20570 20780 95664 201026267 5.11 1.41 -6.10 56900 38764 1.47 15.94
20171228 21100 23120 21100 22130 181500 400352368 9.61 5.06 5.28 79326 102174 0.78 30.25
20171227 19030 21020 18810 21020 55180 112869485 11.56 1.88 9.99 42132 13049 3.23 9.20
20171226 18250 19430 18140 19110 54184 102454077 7.07 2.22 4.71 22461 31723 0.71 9.03
20171225 18420 18580 18120 18250 24104 44062101 2.49 1.01 -1.08 14201 9902 1.43 4.02
20171222 18400 18790 18250 18450 24358 45155578 2.93 1.00 0.11 13311 11047 1.20 4.06
20171221 18550 18560 18020 18430 21389 39191892 2.91 0.86 -0.81 11640 9749 1.19 3.56
20171220 18860 19170 18460 18580 22333 41949678 3.76 0.87 -1.54 14020 8314 1.69 3.72
20171219 18600 19030 18500 18870 29732 55904902 2.85 1.12 1.40 12389 17343 0.71 4.96
20171218 18970 18970 18240 18610 22001 40829009 3.90 0.79 -0.59 13335 8666 1.54 3.67
20171215 18540 18800 18410 18720 25972 48387849 2.11 0.86 1.13 12340 13632 0.91 4.33
20171214 18500 18660 18230 18510 24737 45600118 2.31 0.80 -0.59 14753 9983 1.48 4.12
20171213 18670 18670 18200 18620 25600 47274534 2.53 0.78 0.38 12827 12773 1.00 4.27
20171212 19090 19260 18530 18550 34574 65167446 3.79 0.98 -3.69 20921 13653 1.53 5.76
20171211 19110 19330 18980 19260 27951 53527474 1.82 0.71 0.16 15965 11987 1.33 4.66
20171208 18500 19430 18370 19230 38920 74125876 5.72 0.99 3.83 16390 22531 0.73 6.49
20171207 18580 18950 18310 18520 27035 50464167 3.45 0.62 -0.16 15030 12005 1.25 4.51
20171206 18100 18580 17870 18550 36159 66139894 3.95 0.68 3.17 16141 20019 0.81 6.03
20171205 18800 19250 17900 17980 47160 87318340 7.08 0.90 -5.67 28204 18956 1.49 7.86
20171204 19960 20360 19010 19060 46835 92346377 6.69 0.89 -5.60 27601 19234 1.44 7.81
20171201 20390 20770 20120 20190 38549 78472801 3.17 0.70 -1.66 23283 15266 1.53 6.42
20171130 20880 20980 20380 20530 50006 103145925 2.85 0.93 -2.61 31221 18785 1.66 8.33
20171129 19910 21460 19910 21080 81448 168799011 7.73 1.86 5.14 37074 44375 0.84 13.57
20171128 19960 20350 19450 20050 44583 88729881 4.50 1.03 0.35 24429 20154 1.21 7.43
20171127 19740 20330 19500 19980 49222 97950504 4.21 1.17 1.27 24529 24693 0.99 8.20
20171124 19020 19890 18880 19730 48484 94252573 5.31 1.08 3.79 21626 26857 0.81 8.08
20171123 19400 19890 19000 19010 45936 89654944 4.58 1.03 -2.16 26893 19043 1.41 7.66
20171122 19450 19800 19210 19430 30542 59524758 3.01 0.58 -0.82 17184 13358 1.29 5.09
20171121 19490 19840 18880 19590 43245 84237498 4.92 0.81 0.41 23193 20051 1.16 7.21
20171120 19280 19630 18500 19510 42947 82174136 5.74 0.78 -0.81 21595 21352 1.01 7.16
20171117 21220 21590 19200 19670 62360 126991870 11.24 1.21 -7.48 34187 28173 1.21 10.39
20171116 22010 22230 21220 21260 44586 96959121 4.56 0.86 -4.02 25360 19226 1.32 7.43
20171115 23600 23600 21990 22150 70538 159600941 6.76 1.40 -6.97 41554 28984 1.43 11.76
20171114 24300 24460 23700 23810 45619 109744170 3.11 0.91 -2.42 28529 17090 1.67 7.60
20171113 24020 24530 23730 24400 51367 124168843 3.33 1.08 1.67 24155 27212 0.89 8.56
20171110 24490 24500 23900 24000 44725 107590735 2.45 0.87 -1.84 26307 18419 1.43 7.45
20171109 24400 24850 24080 24450 47459 116159362 3.14 0.91 -0.16 27607 19852 1.39 7.91
20171108 24010 24850 23760 24490 61945 151416736 4.52 1.25 1.45 28810 33135 0.87 10.32
20171107 24290 24440 23510 24140 45581 109255457 3.83 0.94 -0.54 25100 20481 1.23 7.60
20171106 23850 24320 23730 24270 37543 90050133 2.48 0.65 1.89 18266 19276 0.95 6.26
20171103 24980 25150 23500 23820 64231 155005707 6.61 1.11 -4.64 37807 26424 1.43 10.71
20171102 25700 25750 24900 24980 50831 128038431 3.30 0.76 -2.99 31963 18869 1.69 8.47
20171101 25200 25980 25040 25750 48900 125304535 3.72 0.74 1.86 24929 23971 1.04 8.15
20171031 24990 25600 24780 25280 40842 103244672 3.31 0.60 2.02 20072 20770 0.97 6.81
20171030 26760 26990 24560 24780 81851 207090627 9.08 1.31 -7.40 51857 29994 1.73 13.64
20171027 27120 27640 26660 26760 66810 180876974 3.60 1.03 -1.73 40541 26269 1.54 11.14
20171026 25920 27300 25880 27230 95682 257411066 5.46 1.52 4.65 39990 55692 0.72 15.95
20171025 25850 26100 25700 26020 44137 114319721 1.54 0.51 0.27 22725 21412 1.06 7.36
20171024 25850 26350 25690 25950 50837 132428363 2.54 0.57 -0.12 26330 24506 1.07 8.47
20171023 25880 26290 25520 25980 54618 141594538 2.97 0.56 0.15 30324 24294 1.25 9.10
20171020 24780 26160 24780 25940 78311 201255410 5.52 0.78 3.76 36004 42307 0.85 13.05
20171019 25620 26190 24950 25000 87134 222028471 4.78 0.78 -3.55 49646 37488 1.32 14.52
20171018 28700 28890 25720 25920 158458 427621456 11.09 1.31 -9.31 95128 63330 1.50 26.41
20171017 28390 28950 28220 28580 65669 187731896 2.56 0.49 0.14 36532 29137 1.25 10.94
20171016 28560 29620 28000 28540 94834 274027488 5.60 0.70 -1.38 51503 43331 1.19 15.81
20171013 29230 29840 28800 28940 97729 285119808 3.48 0.66 -3.05 59174 38555 1.53 16.29
20171012 30300 30980 29510 29850 142930 430986128 4.77 0.89 -3.08 77891 65039 1.20 23.82
20171011 29620 30900 28160 30800 203102 601903104 9.15 1.18 2.87 101223 101878 0.99 33.85
20171010 29390 30180 29050 29940 126970 376809408 3.82 0.66 1.11 62768 64202 0.98 21.16
20171009 29850 29960 28560 29610 110144 321173824 4.78 0.52 1.09 60098 50046 1.20 18.36
20170929 30200 30950 28900 29290 154673 457948192 6.76 0.77 -3.40 89747 64926 1.38 25.78
20170928 28160 30600 28160 30320 206203 609484736 8.29 1.08 2.95 102899 103304 1.00 34.37
20170927 31900 31900 27800 29450 265410 780680656 13.39 1.51 -3.82 143512 121898 1.18 44.23
20170926 28800 30620 28000 30620 227287 681396528 9.41 1.44 9.99 120097 107190 1.12 37.88
20170925 27010 29500 27000 27840 201678 572488128 9.27 1.41 3.23 81516 120162 0.68 33.61
20170922 26200 27790 26200 26970 105030 283998432 6.01 0.76 1.93 48797 56234 0.87 17.51
20170921 28000 28000 26400 26460 151077 411274256 5.66 1.19 -6.44 92083 58994 1.56 25.18
20170920 27180 28880 26880 28280 192921 541415584 7.28 1.79 2.95 86614 106308 0.81 32.15
20170919 27100 27560 26580 27470 141129 383040320 3.61 1.19 1.22 69155 71973 0.96 23.52
20170918 25390 27280 25180 27140 127419 336720320 8.21 1.01 6.06 48936 78482 0.62 21.24
20170915 25740 26190 25160 25590 75490 193850142 3.99 0.53 -0.97 43953 31537 1.39 12.58
20170914 26360 27200 25500 25840 99394 261257492 6.44 0.60 -2.08 56768 42625 1.33 16.57
20170913 25100 26480 25100 26390 96275 249225054 5.39 0.55 3.09 46496 49779 0.93 16.05
20170912 27690 27730 25090 25600 191986 514195328 9.47 1.14 -8.18 115531 76455 1.51 32.00
20170911 26490 28200 26360 27880 166630 458869200 6.85 0.90 3.80 79306 87325 0.91 27.77
20170908 26790 27350 26200 26860 155925 417579728 4.24 0.69 -1.07 85935 69991 1.23 25.99
20170907 25300 27280 25160 27150 221784 590921696 8.31 1.03 6.39 101210 120573 0.84 36.96
20170906 24700 25880 24560 25520 141934 361931792 5.24 0.61 1.39 69548 72385 0.96 23.66
20170905 25090 25670 24480 25170 154311 389074352 4.73 0.65 -0.04 84021 70290 1.20 25.72
20170904 26450 26790 25080 25180 256015 658788864 6.22 1.17 -8.47 154102 101913 1.51 42.67
20170901 29150 29950 27410 27510 352199 1014843120 9.33 2.05 1.03 194464 157735 1.23 58.70
20170831 24990 27230 24750 27230 170088 446842048 10.02 1.09 10.02 79062 91026 0.87 28.35
20170830 26220 26330 24380 24750 227444 570416384 7.65 1.74 -2.90 117954 109490 1.08 37.91
20170829 22970 25490 22880 25490 181564 442852752 11.26 1.44 10.01 87024 94540 0.92 30.26
20170828 22100 23650 22010 23170 164315 377200912 7.37 1.54 4.09 70746 93569 0.76 27.39
20170825 21210 22800 21140 22260 116693 258477328 7.73 1.07 3.68 47686 69007 0.69 19.45
20170824 22150 22340 21350 21470 87784 190857704 4.48 0.76 -2.85 51138 36646 1.40 14.63
20170823 22480 22800 21940 22100 103548 230632085 3.77 0.82 -3.07 61144 42405 1.44 17.26
20170822 21570 23140 21190 22800 159902 356867904 9.03 1.26 5.60 71564 88338 0.81 26.65
20170821 21200 21700 21190 21590 67043 144065890 2.40 0.50 1.50 33419 33624 0.99 11.17
20170818 22290 22500 20830 21270 126407 275452896 7.32 0.97 -6.75 77118 49289 1.56 21.07
20170817 22690 23150 22130 22810 117602 266207237 4.52 0.88 1.11 61161 56441 1.08 19.60
20170816 22380 23180 22000 22560 163827 369597104 5.22 1.38 -0.27 89888 73940 1.22 27.30
20170815 20650 22860 20530 22620 160597 349423360 11.15 1.42 8.28 70498 90099 0.78 26.77
20170814 20460 21150 19820 20890 97690 199894213 6.44 0.83 1.21 50177 47513 1.06 16.28
20170811 21850 22080 20530 20640 112768 242123734 6.99 0.85 -6.90 68010 44758 1.52 18.79
20170810 21360 22200 20910 22170 130905 282906832 5.99 0.89 2.97 64189 66716 0.96 21.82
20170809 21180 21680 21100 21530 93380 200006186 2.72 0.47 0.89 47728 45652 1.05 15.56
20170808 21920 22300 21280 21340 130359 282724176 4.61 0.59 -3.57 76271 54088 1.41 21.73
20170807 21700 22370 21600 22130 119066 261397440 3.50 0.50 0.45 64399 54667 1.18 19.84
20170804 22910 23600 21780 22030 186123 422482544 7.87 0.83 -4.71 104991 81132 1.29 31.02
20170803 23950 24430 23000 23120 207462 492578336 5.81 1.03 -6.13 118548 88915 1.33 34.58
20170802 23510 26510 23400 24630 342786 850029088 12.73 2.33 0.82 168500 174287 0.97 57.13
20170801 22100 24430 21210 24430 249681 561639088 14.50 2.22 10.00 127712 121970 1.05 41.61
20170731 20480 22450 20250 22210 201318 433662144 10.78 2.16 8.82 92930 108387 0.86 33.55
20170728 19400 20800 19290 20410 122991 246635925 7.68 1.45 3.81 53280 69711 0.76 20.50
20170727 19500 19990 18890 19660 86389 168025878 5.58 0.93 -0.35 45295 41094 1.10 14.40
20170726 19650 20230 19530 19730 76132 151267978 3.57 0.72 0.66 34699 41433 0.84 12.69
20170725 20150 20350 19480 19600 76326 151298234 4.33 0.67 -2.49 43192 33133 1.30 12.72
20170724 19310 20260 18600 20100 103973 203206702 8.48 0.91 2.71 48593 55380 0.88 17.33
20170721 19660 19920 19300 19570 82278 160623122 3.11 0.70 -1.90 49491 32787 1.51 13.71
20170720 19800 20730 19710 19950 126799 256080097 5.08 1.05 -0.65 70151 56648 1.24 21.13
20170719 18880 20430 18500 20080 142166 279113776 10.21 1.17 6.19 67589 74577 0.91 23.69
20170718 18510 19060 18120 18910 113185 210586774 4.87 0.82 -2.07 60096 53089 1.13 18.86
20170717 20950 20950 19310 19310 108234 213226622 7.64 0.67 -10.02 63391 44843 1.41 18.04
20170714 21080 21500 20640 21460 96208 204105460 4.07 0.51 1.56 45824 50384 0.91 16.03
20170713 21840 21940 20880 21130 142612 304194208 4.82 0.67 -4.00 89013 53599 1.66 23.77
20170712 21420 22150 21000 22010 148414 320219216 5.39 0.64 3.09 73997 74417 0.99 24.74
20170711 22240 23170 21260 21350 191130 422238624 8.41 0.78 -6.03 114746 76384 1.50 31.85
20170710 23520 23980 22720 22720 226107 523178464 4.99 0.90 -9.98 127852 98255 1.30 37.68
20170707 24730 25880 24320 25240 230969 582755744 6.16 0.93 -0.28 111459 119511 0.93 38.49
20170706 23290 25760 22900 25310 262710 630801984 12.16 1.16 7.61 129191 133519 0.97 43.79
20170705 22150 23600 21500 23520 250970 565013488 9.52 1.17 6.57 120465 130505 0.92 41.83
20170704 22100 23270 21600 22070 252363 565688144 7.48 1.37 -1.21 140566 111798 1.26 42.06
20170703 20710 22670 20710 22340 257715 565546960 9.51 1.67 8.39 122060 135655 0.90 42.95
20170630 19850 21580 19710 20610 216352 447009744 9.35 1.62 3.00 100480 115872 0.87 36.06
20170629 19420 20100 19120 20010 150300 293755040 4.99 1.11 1.99 80746 69554 1.16 25.05
20170628 19190 20550 19180 19620 196007 389761456 7.13 1.42 2.13 86593 109414 0.79 32.67
20170627 19080 19400 18900 19210 99923 191740706 2.61 0.68 0.26 49437 50486 0.98 16.65
20170626 18660 19480 18400 19160 108876 206591431 5.76 0.72 2.24 49763 59113 0.84 18.15
20170623 18010 18840 18010 18740 111779 206454950 4.49 0.66 1.46 61532 50247 1.22 18.63
20170622 19250 19530 18400 18470 163210 310482480 5.74 0.97 -6.10 108147 55063 1.96 27.20
20170621 19140 20280 19000 19670 207205 409300064 6.76 1.35 3.85 98283 108922 0.90 34.53
20170620 18790 19780 18710 18940 148744 285762848 5.64 0.90 -0.16 76600 72144 1.06 24.79
20170619 18590 19100 18320 18970 119965 223962663 4.12 0.67 0.32 70520 49445 1.43 19.99
20170616 18800 20200 18200 18910 203675 388093680 10.75 1.22 1.61 102197 101478 1.01 33.95
20170615 17910 19130 17910 18610 161650 299944624 6.80 0.89 3.68 69620 92030 0.76 26.94
20170614 18460 18570 17800 17950 136185 246545659 4.12 0.65 -3.96 84851 51334 1.65 22.70
20170613 17700 19250 17660 18690 201118 372769456 8.83 0.91 3.78 89225 111893 0.80 33.52
20170612 19000 19420 17890 18010 196723 365621088 7.70 0.79 -9.41 118862 77861 1.53 32.79
20170609 19600 20200 19390 19880 139359 276168992 4.09 0.49 0.30 68545 70814 0.97 23.23
20170608 20810 20880 19680 19820 236036 475311264 5.71 0.81 -5.62 153320 82716 1.85 39.34
20170607 20120 21690 20060 21000 280155 583972432 8.04 0.89 3.55 133530 146625 0.91 46.69
20170606 20020 20880 19500 20280 257938 522077840 6.44 0.75 -5.32 148303 109635 1.35 42.99
20170605 21110 22150 20650 21420 338905 731021776 7.45 0.92 6.36 193064 145841 1.32 56.48
20170602 20410 21200 19980 20140 299202 607197840 5.50 0.86 -9.28 133105 166097 0.80 49.87
20170601 22600 23590 21730 22200 273014 624733104 8.18 0.79 -2.33 143147 129867 1.10 45.50
20170531 25120 26370 22510 22730 397872 986489696 16.10 1.50 -5.17 249627 148245 1.68 66.31
20170526 24000 25520 23300 23970 421416 1028788240 9.54 2.32 2.96 201417 219999 0.92 70.24
20170525 24780 24780 21400 23280 451222 1071028960 15.00 4.88 3.33 272760 178463 1.53 75.20
20170524 20480 22530 20120 22530 197359 427651024 11.77 3.69 10.01 102877 94482 1.09 32.89
20170523 20480 20480 20110 20480 251067 514094480 1.99 70.68 9.99 238591 12476 19.12 41.84
20170522 18620 18620 18620 18620 6679 12437006 0.00 2.82 9.98 6679 - - 1.11
20170519 16930 16930 16930 16930 3629 6144557 0.00 2.04 10.01 3629 - - 0.60
20170518 15390 15390 15390 15390 3569 5493430 0.00 3.07 10.01 3569 - - 0.59
20170517 13990 13990 13990 13990 2702 3779664 0.00 3.99 9.98 2702 - - 0.45
20170516 12720 12720 12720 12720 1181 1502639 0.00 2.53 10.03 1181 - - 0.20
20170515 11560 11560 11560 11560 750 866665 0.00 2.16 9.99 750 - - 0.12
20170512 10510 10510 10510 10510 677 711033 0.00 3.03 10.05 677 - - 0.11
20170511 9550 9550 9550 9550 496 473680 0.00 3.30 10.02 496 - - 0.08
20170510 8680 8680 8680 8680 278 241304 0.00 2.20 10.01 278 - - 0.05
20170509 7890 7890 7890 7890 134 105813 0.00 1.08 10.04 134 - - 0.02
20170508 7170 7170 7170 7170 150 107414 0.00 1.29 9.97 150 - - 0.02
20170505 6520 6520 6520 6520 59 38149 0.00 0.40 9.95 59 - - 0.01
20170504 5930 5930 5930 5930 132 77985 0.00 0.83 10.02 132 - - 0.02
20170503 4490 5390 4490 5390 158 84150 24.06 - 44.12 158 - - 0.03
