20180223 21240 22230 21120 22050 17343 37483344 5.19 1.32 3.09 8438 8905 0.95 1.17
20180222 20450 21540 20340 21390 14906 31144510 5.90 1.04 5.21 6052 8854 0.68 1.01
20180214 20190 20450 20180 20330 5689 11565941 1.32 0.31 -0.29 3865 1824 2.12 0.38
20180213 20650 20740 20080 20390 9377 19127175 3.22 0.44 -0.59 5833 3544 1.65 0.63
20180212 20000 20600 19970 20510 12144 24605442 3.18 0.48 3.53 6890 5255 1.31 0.82
20180209 20480 20970 19500 19810 23781 48016546 6.89 0.80 -7.21 14170 9611 1.47 1.61
20180208 21380 21790 21160 21350 20423 43816043 2.91 0.56 -1.52 12196 8227 1.48 1.38
20180207 21400 21940 20610 21680 25050 53719488 6.39 0.54 4.18 14710 10340 1.42 1.69
20180206 22240 22790 20710 20810 25429 56130986 9.04 0.48 -9.56 17516 7913 2.21 1.72
20180205 22210 23100 22020 23010 30676 68869475 4.69 0.61 -0.04 17544 13133 1.34 2.07
20180202 22500 24170 22100 23020 46693 108104802 9.03 1.10 0.44 23057 23635 0.98 3.16
20180201 23790 23790 22450 22920 53123 123093934 5.52 1.62 -5.56 33462 19661 1.70 3.59
20180131 22030 24270 21900 24270 75690 180273686 10.74 4.06 10.02 35189 40501 0.87 5.11
20180130 22800 22800 21680 22060 57541 127631996 5.29 6.52 4.25 31484 26057 1.21 3.89
20180129 20790 21160 20600 21160 20290 42745308 2.91 3.44 9.98 15610 4680 3.34 1.37
20180126 19670 19670 19200 19240 5684 11031926 2.40 0.97 -1.89 4067 1617 2.52 0.38
20180125 19350 19670 19350 19610 4992 9772662 1.64 0.92 0.72 1799 3193 0.56 0.34
20180124 19290 19500 19120 19470 4773 9263411 1.96 0.82 0.46 2067 2706 0.76 0.32
20180123 19500 19600 19200 19380 8410 16285022 2.05 1.62 -0.77 6352 2058 3.09 0.57
20180122 19750 19770 19410 19530 5596 10955979 1.82 1.02 -1.16 3506 2090 1.68 0.38
20180119 19450 19860 19450 19760 5481 10790592 2.10 0.98 1.13 2253 3228 0.70 0.37
20180118 19520 19660 19400 19540 2867 5597894 1.33 0.48 0.10 1582 1285 1.23 0.19
20180117 19080 19600 19080 19520 6757 13103011 2.69 1.17 1.14 2587 4170 0.62 0.46
20180116 18870 19330 18870 19300 5286 10090113 2.42 0.78 1.53 2642 2643 1.00 0.36
20180115 19900 19900 18810 19010 6922 13356148 5.51 1.18 -3.99 4287 2635 1.63 0.47
20180112 19620 19880 19530 19800 6277 12378503 1.78 1.14 0.97 3422 2856 1.20 0.42
20180111 19250 19730 19250 19610 4346 8479076 2.48 0.79 1.13 2220 2126 1.04 0.29
20180110 19710 19780 19300 19390 6094 11887970 2.43 1.10 -1.97 4530 1564 2.90 0.41
20180109 19180 19900 19110 19780 10132 19764310 4.12 1.75 3.18 4295 5837 0.74 0.68
20180108 19330 19430 19100 19170 2554 4893419 1.71 0.43 -0.83 1306 1248 1.05 0.17
20180105 19450 19500 19220 19330 4476 8647298 1.44 0.77 -0.77 3054 1422 2.15 0.30
20180104 19360 19520 19300 19480 4348 8436071 1.13 1.24 0.41 2096 2252 0.93 0.29
20180103 19200 19480 19200 19400 6180 11955573 1.44 1.16 0.00 3207 2972 1.08 0.42
20180102 18700 19600 18700 19400 11324 21864449 4.82 2.71 3.85 4329 6995 0.62 0.77
20171229 18560 18700 18510 18680 3617 6720933 1.03 0.90 1.08 2229 1387 1.61 0.24
20171228 18340 18700 18330 18480 3478 6438335 2.01 0.83 0.22 1956 1522 1.29 0.24
20171227 18320 18550 18320 18440 3382 6240491 1.25 0.78 -0.11 1765 1617 1.09 0.23
20171226 18290 18570 18120 18460 4908 8979817 2.47 1.15 1.48 2326 2582 0.90 0.33
20171225 18490 18720 18100 18190 5520 10107805 3.32 1.41 -2.68 3787 1733 2.19 0.37
20171222 18880 18930 18650 18690 2762 5188195 1.49 0.68 -0.74 1983 779 2.55 0.19
20171221 18730 18960 18540 18830 4443 8342261 2.23 1.16 -0.16 2805 1638 1.71 0.30
20171220 19100 19120 18800 18860 3998 7594771 1.67 1.05 -1.41 2353 1645 1.43 0.27
20171219 19000 19140 18850 19130 4576 8722119 1.53 1.31 1.16 2194 2382 0.92 0.31
20171218 19190 19200 18540 18910 3790 7194055 3.46 1.12 -0.99 1999 1791 1.12 0.26
20171215 19130 19270 18950 19100 3414 6516012 1.66 1.03 -0.68 2375 1039 2.29 0.23
20171214 19050 19260 19050 19230 3324 6377273 1.10 1.03 0.31 1448 1876 0.77 0.22
20171213 18880 19200 18440 19170 3910 7464374 4.01 1.02 1.11 2015 1895 1.06 0.26
20171212 19230 19300 18900 18960 2962 5658267 2.08 0.56 -1.40 1884 1078 1.75 0.20
20171211 19170 19250 19090 19230 3249 6239614 0.83 0.55 0.26 1469 1780 0.83 0.22
20171208 18920 19200 18880 19180 3181 6080160 1.69 0.51 1.37 1562 1619 0.96 0.21
20171207 19060 19190 18850 18920 2893 5505462 1.78 0.45 -0.89 1818 1075 1.69 0.20
20171206 18590 19100 18260 19090 6835 12819311 4.50 1.07 2.30 2277 4558 0.50 0.46
20171205 19620 19620 18520 18660 10306 19510990 5.59 1.97 -5.13 5253 5053 1.04 0.70
20171204 20070 20180 19650 19670 6277 12506144 2.65 1.35 -1.70 3944 2333 1.69 0.42
20171201 19840 20100 19710 20010 4861 9718029 1.96 1.04 0.50 2387 2474 0.96 0.87
20171130 19850 20000 19650 19910 3959 7882842 1.76 0.76 0.20 2330 1629 1.43 0.71
20171129 20300 20300 19720 19870 6538 13000168 2.86 1.25 -2.07 4195 2343 1.79 1.18
20171128 19920 20360 19920 20290 4469 9016861 2.21 0.86 1.86 1796 2673 0.67 0.80
20171127 20020 20140 19880 19920 3392 6785863 1.30 0.60 -0.50 2254 1138 1.98 0.61
20171124 19960 20150 19910 20020 5105 10223657 1.20 0.81 0.30 2646 2459 1.08 0.92
20171123 20100 20280 19880 19960 6409 12863935 1.99 1.09 -0.70 3729 2680 1.39 1.15
20171122 20480 20600 20000 20100 6793 13761032 2.94 1.22 -1.52 4509 2284 1.97 1.22
20171121 20700 20760 20400 20410 4196 8638592 1.74 0.66 -1.45 2914 1282 2.27 0.75
20171120 20760 20780 20230 20710 5697 11685565 2.65 0.82 -0.24 2845 2852 1.00 1.02
20171117 22000 22000 20600 20760 8270 17687352 6.36 1.29 -5.64 5775 2495 2.31 1.49
20171116 22140 22190 21980 22000 4342 9582838 0.95 0.66 -0.63 2870 1472 1.95 0.78
20171115 22080 22300 22000 22140 5283 11689842 1.36 0.79 0.50 2739 2544 1.08 0.95
20171114 22450 22460 22010 22030 8342 18521456 2.00 1.43 -1.87 6162 2180 2.83 1.50
20171113 22860 22880 22150 22450 8613 19394898 3.19 1.53 -1.92 6213 2400 2.59 1.55
20171110 23050 23060 22750 22890 5494 12566223 1.34 0.99 -0.69 4065 1428 2.85 0.99
20171109 23150 23220 22950 23050 5012 11544470 1.17 0.85 -0.47 3702 1310 2.83 0.90
20171108 23180 23260 23010 23160 5789 13389528 1.08 0.93 0.39 3493 2296 1.52 1.04
20171107 22970 23090 22750 23070 4238 9706894 1.48 0.64 0.44 2315 1923 1.20 0.76
20171106 22930 23090 22580 22970 7534 17194966 2.23 1.10 0.26 4915 2619 1.88 1.35
20171103 23060 23170 22780 22910 5212 11950813 1.69 0.66 -0.65 2941 2271 1.30 0.94
20171102 23340 23550 23010 23060 6718 15543669 2.30 0.84 -1.91 4870 1848 2.63 1.21
20171101 23690 23950 23210 23510 7394 17446555 3.12 0.84 -1.01 4632 2762 1.68 1.33
20171031 23890 24130 23700 23750 6297 15006400 1.80 0.76 -0.59 4173 2124 1.97 1.13
20171030 24620 24620 23700 23890 8523 20483582 3.73 1.16 -3.12 5008 3515 1.42 1.53
20171027 24610 24940 24570 24660 10383 25646403 1.48 1.73 -1.64 5662 4721 1.20 1.87
20171026 25180 25290 25000 25070 7469 18762687 1.15 1.26 -0.75 4682 2787 1.68 1.34
20171025 24520 25280 24510 25260 11303 28261285 3.15 2.50 3.36 4285 7018 0.61 2.03
20171024 24590 24590 24380 24440 3602 8816693 0.86 0.78 -0.45 1794 1809 0.99 0.65
20171023 24290 24580 24150 24550 4111 10033662 1.77 0.78 1.24 1290 2821 0.46 0.74
20171020 23900 24280 23900 24250 3440 8306182 1.58 0.57 0.58 1448 1992 0.73 0.62
20171019 25050 25050 24090 24110 7104 17417265 3.89 1.11 -2.19 3857 3247 1.19 1.28
20171018 24810 25090 24630 24650 4366 10860028 1.85 0.60 -1.00 2475 1891 1.31 0.78
20171017 24680 25020 24540 24900 4145 10299521 1.95 0.52 0.93 1503 2642 0.57 0.75
20171016 25220 25380 24610 24670 7243 18046453 3.05 0.96 -2.34 4587 2656 1.73 1.30
20171013 25270 25300 24930 25260 7191 18093898 1.48 1.01 0.96 2899 4292 0.68 1.29
20171012 25310 25480 24850 25020 8968 22582152 2.49 1.43 -1.11 5730 3239 1.77 1.61
20171011 25250 25450 25090 25300 8742 22102964 1.43 1.61 0.44 3987 4756 0.84 1.57
20171010 24610 25200 24610 25190 7690 19286939 2.38 1.64 1.61 3080 4610 0.67 1.38
20171009 24800 24940 24720 24790 4945 12282945 0.89 0.98 0.69 2080 2865 0.73 0.89
20170929 24670 24670 24390 24620 5281 12958655 1.15 0.94 1.19 2149 3132 0.69 0.95
20170928 24420 24690 24220 24330 4684 11425181 1.93 0.73 -0.16 3034 1651 1.84 0.84
20170927 24160 24430 24160 24370 4547 11048086 1.12 0.66 0.91 2219 2328 0.95 0.82
20170926 24260 24390 24110 24150 3979 9635576 1.16 0.51 -0.25 2544 1435 1.77 0.72
20170925 24710 24820 24100 24210 6764 16562765 2.91 0.75 -2.02 4631 2133 2.17 1.22
20170922 25020 25020 24530 24710 8008 19768923 1.96 0.86 -1.24 5164 2844 1.82 1.44
20170921 25080 25280 25000 25020 8740 21963994 1.12 0.84 0.28 4630 4109 1.13 1.57
20170920 24780 25080 24730 24950 6921 17246336 1.41 0.61 0.44 3327 3594 0.93 1.24
20170919 25040 25220 24820 24840 8617 21544825 1.60 0.60 -0.80 4990 3627 1.38 1.55
20170918 25150 25370 24890 25040 12516 31349128 1.90 0.80 -0.87 8601 3915 2.20 2.25
20170915 25610 25620 25250 25260 9781 24805013 1.44 0.46 -1.41 6856 2925 2.34 1.76
20170914 25300 25650 25100 25620 14297 36272771 2.18 0.62 1.43 6663 7635 0.87 2.57
20170913 25190 25340 24880 25260 11765 29543463 1.83 0.40 0.28 7548 4217 1.79 2.11
20170912 26000 26140 25100 25190 23385 59567960 4.05 0.63 -2.02 16113 7271 2.22 4.20
20170911 25550 25960 25410 25710 19407 49780520 2.17 0.49 1.38 7609 11798 0.64 3.49
20170908 25990 26900 25130 25360 38239 98908106 6.87 0.90 -1.55 12919 25319 0.51 6.87
20170907 25600 26340 25600 25760 21997 56784138 2.85 0.42 -0.88 13536 8461 1.60 3.95
20170906 26180 26930 25860 25990 43656 114293917 4.00 0.95 -2.77 29493 14163 2.08 7.85
20170905 26990 28000 26600 26730 63101 170767302 5.21 1.73 -0.45 40439 22661 1.78 11.34
20170904 26440 27370 26380 26850 31014 83146779 3.68 0.88 -0.07 15544 15470 1.00 5.58
20170901 26660 27490 26400 26870 53287 142291294 4.06 1.77 0.15 29798 23489 1.27 9.58
20170831 25600 27490 25420 26830 68449 181495725 8.16 3.81 5.80 37336 31114 1.20 12.30
20170830 25120 25670 24820 25360 13234 33347374 3.35 0.81 -0.12 6043 7192 0.84 2.38
20170829 25150 25500 24720 25390 15941 39852015 3.12 1.10 1.60 6380 9562 0.67 2.87
20170828 24120 25380 24120 24990 25695 63513428 5.19 2.45 2.84 6699 18996 0.35 4.62
20170825 23510 24300 23280 24300 27398 65629388 4.26 4.24 1.46 9198 18200 0.51 4.93
20170824 23720 24100 23720 23950 7620 18259138 1.59 1.08 0.29 3384 4236 0.80 1.37
20170823 23880 23980 23750 23880 5457 13030953 0.96 0.75 0.13 2843 2614 1.09 0.98
20170822 24170 24170 23800 23850 6484 15508995 1.54 0.94 -1.04 3807 2677 1.42 1.17
20170821 23880 24180 23790 24100 5488 13166423 1.64 0.74 1.05 2673 2815 0.95 0.99
20170818 23880 23920 23750 23850 7231 17219642 0.71 0.92 -0.46 4269 2962 1.44 1.30
20170817 23750 24010 23670 23960 10704 25516516 1.45 1.34 2.04 5331 5373 0.99 1.92
20170816 23280 23580 23220 23480 6380 14937958 1.55 0.61 1.16 3122 3258 0.96 1.15
20170815 23140 23330 23020 23210 4708 10926959 1.34 0.34 0.48 2557 2150 1.19 0.85
20170814 22710 23170 22710 23100 8105 18607135 2.03 0.56 1.76 3584 4521 0.79 1.46
20170811 23380 23530 22620 22700 9464 21895350 3.87 0.57 -3.49 6100 3365 1.81 1.70
20170810 23990 23990 23510 23520 11321 26849390 1.98 0.62 -2.93 7705 3616 2.13 2.04
20170809 24130 24590 23870 24230 18719 45149248 2.98 1.17 0.41 6529 12190 0.54 3.37
20170808 24830 24830 24060 24130 21001 50975744 3.10 1.57 -2.74 16449 4552 3.61 3.78
20170807 24690 24960 24200 24810 11238 27625539 3.07 0.83 0.08 5552 5686 0.98 2.02
20170804 24750 25750 24120 24790 20632 50562224 6.57 1.87 -0.12 8401 12232 0.69 3.71
20170803 23410 25750 23410 24820 19045 46025951 9.96 2.13 5.62 6638 12407 0.54 3.42
20170802 23620 23820 23480 23500 7831 18505785 1.43 0.95 -1.22 4035 3796 1.06 1.41
20170801 23900 23950 23680 23790 7940 18898286 1.13 0.98 -0.79 3875 4065 0.95 1.43
20170731 23360 24000 23360 23980 12183 28926421 2.71 1.79 1.70 4904 7279 0.67 2.19
20170728 23590 23700 23400 23580 8252 19433860 1.27 1.16 0.21 3213 5039 0.64 1.48
20170727 23070 23680 22850 23530 8451 19763545 3.61 1.26 2.26 3397 5054 0.67 1.52
20170726 23200 23330 22810 23010 4512 10411363 2.25 0.61 -0.52 2609 1903 1.37 0.81
20170725 23110 23290 22900 23130 6973 16086373 1.68 0.92 -0.52 4188 2785 1.50 1.25
20170724 22950 23360 22850 23250 5893 13648394 2.20 0.65 0.26 3241 2652 1.22 1.06
20170721 22770 23460 22690 23190 9796 22720460 3.37 1.19 1.35 4063 5733 0.71 1.76
20170720 22760 23200 22640 22880 6386 14669346 2.46 0.77 0.48 2719 3668 0.74 1.15
20170719 22450 22880 22030 22770 7994 18127430 3.79 0.93 1.43 3800 4194 0.91 1.44
20170718 22010 22570 21900 22450 7902 17573797 3.04 0.91 1.91 3368 4534 0.74 1.42
20170717 23450 23450 22010 22030 13015 29323779 6.13 1.67 -6.22 7617 5398 1.41 2.34
20170714 23750 23880 23420 23490 5929 13976211 1.94 0.72 -1.09 3904 2025 1.93 1.07
20170713 23540 23950 23470 23750 6768 15972099 2.03 0.77 0.21 4217 2550 1.65 1.22
20170712 23970 24170 23240 23700 9284 21868025 3.88 1.04 -1.13 4477 4807 0.93 1.67
20170711 24650 24750 23900 23970 8569 20802888 3.45 0.99 -2.76 5356 3214 1.67 1.54
20170710 24890 24920 24580 24650 8408 20779312 1.36 0.96 -1.44 4742 3666 1.29 1.51
20170707 24830 25080 24600 25010 7979 19855376 1.94 0.95 1.13 3214 4765 0.67 1.43
20170706 25020 25170 24550 24730 9751 24195278 2.48 1.24 -1.12 5810 3941 1.47 1.75
20170705 24750 25100 24610 25010 9734 24273339 1.98 1.38 1.26 3892 5843 0.67 1.75
20170704 24850 24920 24610 24700 7519 18589030 1.25 1.10 -0.60 4029 3490 1.15 1.35
20170703 24400 24950 24400 24850 8662 21339863 2.25 1.37 1.59 3978 4684 0.85 1.56
20170630 24400 24680 24250 24460 6481 15852774 1.76 0.94 -0.16 3274 3207 1.02 1.17
20170629 23930 24590 23930 24500 7057 17236036 2.75 0.94 1.96 3227 3830 0.84 1.27
20170628 24350 24350 23930 24030 5454 13140356 1.72 0.66 -1.52 3404 2050 1.66 0.98
20170627 24550 24790 24300 24400 6572 16114125 2.00 0.66 -0.49 3999 2574 1.55 1.18
20170626 24200 24560 24070 24520 5990 14594581 2.03 0.56 1.36 2918 3072 0.95 1.08
20170623 23660 24230 23520 24190 9368 22457909 2.97 0.89 1.30 3684 5684 0.65 1.68
20170622 24800 24800 23840 23880 10307 25174912 3.86 0.93 -3.94 7313 2994 2.44 1.85
20170621 24730 25000 24600 24860 8894 22010808 1.62 0.77 0.53 4019 4876 0.82 1.60
20170620 24600 25230 24450 24730 15098 37584860 3.20 1.44 1.35 7602 7497 1.01 2.71
20170619 24160 24450 24010 24400 9666 23464038 1.83 0.92 1.33 4354 5312 0.82 1.74
20170616 24350 24350 23950 24080 8849 21310814 1.65 0.84 -0.66 5687 3161 1.80 1.59
20170615 23750 24450 23660 24240 12897 31195961 3.33 1.32 2.15 6049 6848 0.88 2.32
20170614 23600 23900 23460 23730 11521 27357915 1.87 1.21 0.68 5339 6183 0.86 2.07
20170613 22910 23680 22750 23570 9352 21883847 4.06 1.04 2.88 3319 6032 0.55 1.68
20170612 23180 23200 22810 22910 9987 22975502 1.68 1.10 -1.55 5761 4226 1.36 1.80
20170609 23310 23410 23080 23270 9004 20891400 1.41 0.90 -0.60 5889 3115 1.89 1.62
20170608 23500 23870 23200 23410 9111 21445845 2.86 0.87 -0.09 5449 3661 1.49 1.64
20170607 22610 23580 22610 23430 10249 23818621 4.26 0.97 2.99 4425 5825 0.76 1.84
20170606 22680 22760 22500 22750 6458 14617711 1.14 0.59 0.18 3653 2805 1.30 1.16
20170605 22530 22800 22450 22710 10493 23732468 1.55 0.93 0.80 5140 5353 0.96 1.89
20170602 21800 22660 21540 22530 13698 30105550 5.07 1.21 2.04 6299 7400 0.85 2.46
20170601 22970 23000 22030 22080 11614 26186339 4.20 0.98 -4.46 6733 4881 1.38 2.09
20170531 23200 23790 23080 23110 10513 24659182 3.08 0.92 0.13 6252 4261 1.47 1.89
20170526 23170 23210 22990 23080 8809 20344820 0.95 0.76 -0.04 4355 4454 0.98 1.58
20170525 22970 23170 22410 23090 11511 26240609 3.32 1.09 0.83 5781 5730 1.01 2.07
20170524 22980 22980 22450 22900 14090 32014422 2.30 1.35 -0.69 5872 8218 0.71 2.53
20170523 24400 24400 22980 23060 14200 33383736 5.86 1.34 -4.87 7366 6835 1.08 2.55
20170522 25190 25230 24200 24240 8780 21682092 4.09 0.84 -3.77 5020 3760 1.34 1.58
20170519 25400 25490 24900 25190 9213 23220688 2.32 0.95 -0.87 5337 3876 1.38 1.66
20170518 25450 25730 25390 25410 6496 16575868 1.32 0.59 -1.28 3293 3203 1.03 1.17
20170517 25400 25990 25350 25740 13606 34890051 2.52 1.45 1.34 5892 7714 0.76 2.45
20170516 25190 25430 25000 25400 14925 37520924 1.71 1.83 1.24 6682 8243 0.81 2.68
20170515 25440 25440 25030 25090 7809 19706861 1.61 0.82 -1.68 4893 2916 1.68 1.40
20170512 25720 25720 25220 25520 5851 14887029 1.94 0.61 -0.78 2261 3590 0.63 1.05
20170511 25920 26040 24820 25720 12597 31878610 4.67 1.55 -1.46 4718 7879 0.60 2.26
20170510 26470 26590 25600 26100 5803 15222432 3.74 0.73 -1.44 2933 2870 1.02 1.04
20170509 26410 26590 26110 26480 8705 22859620 1.81 1.18 -0.11 4241 4464 0.95 1.56
20170508 27590 27590 24900 26510 14553 39078338 9.78 2.25 -3.64 4103 10450 0.39 2.62
20170505 27310 27760 27240 27510 6645 18258039 1.88 0.99 -0.29 2843 3802 0.75 1.19
20170504 27660 27890 27400 27590 4850 13398163 1.77 0.67 -0.25 2247 2603 0.86 0.87
20170503 27710 27710 27510 27660 5210 14399729 0.72 0.66 0.04 2363 2847 0.83 0.94
20170502 27610 27830 27320 27650 5578 15419568 1.83 0.71 -0.65 2438 3141 0.78 1.00
20170428 27470 27880 27400 27830 10049 27825173 1.74 1.50 0.91 4664 5385 0.87 1.81
20170427 27530 27690 26910 27580 7751 21178682 2.84 1.06 0.33 3544 4207 0.84 1.39
20170426 27550 27600 26720 27490 7463 20240153 3.22 0.96 0.62 3135 4327 0.72 1.34
20170425 26990 27500 26750 27420 8742 23698025 2.80 1.14 2.54 3780 4962 0.76 1.57
20170424 27330 27350 26500 26740 5017 13452725 3.10 0.58 -2.52 3110 1907 1.63 0.90
20170421 27730 27730 27260 27430 4611 12647550 1.70 0.34 -0.72 2350 2261 1.04 0.83
20170420 27580 27710 27230 27630 10706 29461402 1.74 0.46 0.18 4357 6349 0.69 1.92
20170419 27300 27760 27110 27580 9921 27164682 2.38 0.42 0.88 4963 4958 1.00 1.78
20170418 27940 27990 27310 27340 8027 22323788 2.44 0.31 -1.90 5422 2605 2.08 1.44
20170417 27610 27890 27400 27870 10239 28304957 1.76 0.36 -0.14 5355 4884 1.10 1.84
20170414 28060 28190 27610 27910 28389 79305737 2.02 0.82 -2.92 16905 11484 1.47 5.10
20170413 30890 31500 27780 28750 60157 172330392 12.05 1.78 -6.87 34826 25331 1.37 10.81
20170412 30620 31300 30580 30870 12670 39195358 2.33 0.28 -0.16 6063 6607 0.92 2.28
20170411 31050 31270 30110 30920 16264 49671324 3.74 0.34 -0.19 9955 6308 1.58 2.92
20170410 32050 32400 30620 30980 26675 83308016 5.44 0.53 -5.35 14217 12457 1.14 4.80
20170407 34710 34710 32000 32730 57828 191379658 7.81 1.38 -5.73 41753 16075 2.60 10.40
20170406 34650 35600 33800 34720 55106 189709802 5.14 1.61 -0.94 23809 31297 0.76 9.91
20170405 36500 36800 33980 35050 66448 230584578 8.02 2.64 -0.37 26798 39650 0.68 11.95
20170331 34000 35600 33100 35180 31794 108594809 7.29 1.39 2.63 15116 16679 0.91 5.72
20170330 33970 36360 33760 34280 40366 137853875 7.57 1.82 -0.23 8611 31755 0.27 7.26
20170329 34100 34500 33350 34360 16021 54302484 3.35 0.69 0.03 10703 5317 2.01 2.88
20170328 34180 34790 33880 34350 16740 57415159 2.64 0.67 -0.46 7277 9463 0.77 3.01
20170327 34110 35070 33780 34510 21008 72256700 3.75 0.78 0.23 10823 10185 1.06 3.78
20170324 34680 34950 34210 34430 19957 68921458 2.12 0.48 -1.43 11643 8314 1.40 3.59
20170323 33790 35000 33530 34930 37370 128147507 4.35 0.74 3.37 19337 18032 1.07 6.72
20170322 33860 34350 33700 33790 21334 72468974 1.89 0.41 -1.63 11271 10063 1.12 3.84
20170321 34800 34900 33800 34350 25255 86779527 3.14 0.46 -1.94 24438 817 29.92 4.54
20170320 36000 36010 34630 35030 31415 110282080 3.80 0.62 -3.66 19262 12152 1.59 5.65
20170317 37600 38030 35020 36360 91870 334703440 8.40 2.66 1.45 56163 35707 1.57 16.52
20170316 31930 35840 31900 35840 81008 279611952 12.09 4.08 10.01 46313 34696 1.33 14.56
20170315 32680 32690 32010 32580 31453 101896014 2.09 2.01 -0.09 16298 15154 1.08 5.65
20170314 32100 32840 31180 32610 38406 122968164 5.19 3.94 1.97 23938 14468 1.65 6.90
20170313 32290 32290 31830 31980 10064 32206729 1.42 1.02 -1.30 5110 4954 1.03 1.81
20170310 31700 32480 31620 32400 11831 37933936 2.71 1.20 2.14 4812 7019 0.69 2.13
20170309 31680 31970 31310 31720 7506 23816475 2.09 0.59 0.48 3466 4040 0.86 1.35
20170308 32490 32550 31500 31570 10559 33672836 3.22 0.83 -3.04 7104 3456 2.06 1.90
20170307 32620 32890 32060 32560 8821 28624631 2.53 0.66 -0.61 5176 3645 1.42 1.59
20170306 32000 32770 31690 32760 10620 34451076 3.37 0.72 2.12 5000 5620 0.89 1.91
20170303 31460 32100 31460 32080 11946 37913833 1.95 0.83 -2.20 6341 5606 1.13 2.15
20170302 32650 33300 32280 32800 22180 72844534 3.17 1.93 1.96 9613 12567 0.76 3.99
20170301 31200 32190 31200 32170 10294 32534841 3.16 0.92 2.62 5369 4925 1.09 1.85
20170228 31860 32470 31150 31350 11968 37742267 4.14 1.05 -1.60 6764 5204 1.30 2.15
20170227 31580 32300 31310 31860 16914 53896978 3.15 1.54 1.50 7164 9750 0.73 3.04
20170224 30600 31410 30560 31390 10435 32447763 2.77 1.02 2.45 3359 7077 0.47 1.88
20170223 30660 30950 30530 30640 7859 24168947 1.37 0.81 -0.07 2834 5025 0.56 1.41
20170222 30380 30980 30380 30660 8493 26076553 1.97 0.94 0.92 4703 3790 1.24 1.53
20170221 29320 30460 29300 30380 13493 40575185 3.96 1.85 3.72 5256 8237 0.64 2.43
20170220 30500 30540 29210 29290 14763 43746237 4.34 2.58 -4.37 9640 5123 1.88 2.65
20170217 30260 30890 30030 30630 6466 19683876 2.83 1.15 0.72 2543 3923 0.65 1.16
20170216 30700 30790 30310 30410 5414 16455328 1.57 0.89 -0.52 2587 2827 0.92 0.97
20170215 31080 31130 30490 30570 5183 15928804 2.06 0.80 -1.61 2030 3153 0.64 0.93
20170214 30950 31150 30730 31070 4726 14645761 1.36 0.74 0.39 1941 2785 0.70 0.85
20170213 30700 31140 30580 30950 6832 21069682 1.82 0.89 0.62 3407 3425 0.99 1.23
20170210 31270 31270 30700 30760 6027 18694068 1.83 0.85 -1.06 3282 2744 1.20 1.08
20170209 31020 31540 31020 31090 7689 24012541 1.66 1.23 -0.70 4012 3677 1.09 1.38
20170208 30710 31350 30700 31310 6935 21597163 2.11 1.27 1.59 3053 3882 0.79 1.25
20170207 31140 31140 30680 30820 4337 13382376 1.48 0.79 -0.90 1618 2719 0.60 0.78
20170206 29850 31180 29690 31100 13338 40895295 5.03 3.28 4.93 4814 8523 0.56 2.40
20170203 30090 30200 29520 29640 3240 9634939 2.26 0.69 -1.53 1880 1360 1.38 0.58
20170126 29560 30160 29550 30100 3300 9875217 2.05 0.65 1.28 1718 1582 1.09 0.59
20170125 29580 29920 29530 29720 3041 9060861 1.31 0.54 0.07 1131 1910 0.59 0.55
20170124 29990 30100 29590 29700 4488 13348875 1.70 0.67 -0.77 1763 2725 0.65 0.81
20170123 29900 30580 29780 29930 6244 18729853 2.67 0.73 0.03 2536 3708 0.68 1.12
20170120 29990 29990 29450 29920 6519 19449542 1.82 0.70 0.74 2589 3931 0.66 1.17
20170119 29580 29850 29130 29700 5047 14989959 2.45 0.51 1.16 1977 3070 0.64 0.91
20170118 29490 29620 29050 29360 5949 17505023 1.93 0.54 -0.44 2718 3231 0.84 1.07
20170117 29080 29530 28430 29490 9742 28362217 3.75 0.86 0.61 4151 5591 0.74 1.75
20170116 29700 29980 27730 29310 15254 44148178 7.52 1.48 -2.01 8627 6626 1.30 2.74
20170113 29870 30140 29560 29910 10810 32362822 1.94 0.93 0.13 4092 6718 0.61 1.94
20170112 29880 30490 29720 29870 7338 22030425 2.56 0.60 -0.67 2908 4429 0.66 1.32
20170111 30900 30970 29970 30070 12063 36609363 3.24 0.91 -2.59 5619 6443 0.87 2.17
20170110 30940 31400 30660 30870 11262 34936891 2.39 0.82 -0.23 4932 6330 0.78 2.02
20170109 31050 31220 30570 30940 9912 30522910 2.08 0.61 -0.87 4698 5213 0.90 1.78
20170106 32700 32700 31180 31210 17251 55057192 4.66 0.86 -4.26 9381 7870 1.19 3.10
20170105 32880 32960 32590 32600 10979 35911390 1.12 0.50 -1.36 6068 4911 1.24 1.97
20170104 32900 33240 32360 33050 16634 54519389 2.65 0.71 -0.36 9038 7596 1.19 2.99
20170103 32920 33400 32700 33170 14260 47117419 2.10 0.55 -0.72 6962 7298 0.95 2.56
20161230 33090 34150 32480 33410 21840 71837663 5.00 0.74 -0.03 10432 11408 0.91 3.93
20161229 31800 33480 31720 33420 36095 119165602 5.52 1.15 4.76 16256 19839 0.82 6.49
20161228 32800 33100 31670 31900 20361 66008513 4.32 0.47 -3.60 10884 9477 1.15 3.66
20161227 32760 33290 32200 33090 25374 83296266 3.31 0.59 0.58 12362 13011 0.95 4.56
20161226 32700 32970 31980 32900 25023 81181379 3.01 0.65 0.15 10848 14176 0.77 4.50
20161223 34490 34780 32540 32850 40993.10 137911410.000
20161222 35500 35830 34520 35090 45561.73 159615120.000
20161221 37270 38900 35800 36300 80355.00 296892463.000
20161220 37390 37390 37390 37390 24407.82 91260839.000
20161219 33990 33990 33990 33990 1450.82 4931337.000
20160829 30700 31040 30550 30900 6519.36 20139292.000
20160826 30400 30940 30270 30730 16075.51 49167612.000
20160825 31100 31360 30530 30930 14605.17 45016487.000
20160824 30880 31980 30620 31450 18317.47 57803744.000
20160823 31290 31400 30650 30930 8325.06 25896565.000
20160822 31180 31460 30700 31110 10284.36 32016897.000
20160819 31350 31460 30820 31160 12624.29 39271951.000
20160818 30700 31500 30530 31400 21426.97 66517241.000
20160817 30310 30690 30050 30650 10356.05 31446898.000
20160816 30590 30740 30210 30300 9363.61 28480290.000
20160815 30310 30830 30120 30590 11979.21 36523698.000
20160812 29930 30320 29830 30180 5483.81 16475241.000
20160811 30600 30800 29900 29970 10281.30 31074108.000
20160810 30900 31050 30480 30490 10873.40 33332001.000
20160809 30700 31100 30410 30910 12067.07 37113183.000
20160808 30450 30860 30150 30770 10767.61 32842819.000
20160805 30590 30970 30010 30400 13762.23 42034488.000
20160804 30490 30980 30220 30590 14861.51 45377405.000
20160803 30470 30790 29950 30490 17359.17 52733397.000
20160802 29290 30790 29100 30530 30068.22 90977167.000
20160801 28900 29380 28900 29290 14233.22 41513386.000
20160729 28510 29360 28390 29090 13225.95 38311216.000
20160728 28720 29160 28000 28390 15861.64 45414021.000
20160727 29220 30080 28300 28870 28710.15 84167481.000
20160726 29020 29380 28810 29220 10561.86 30834017.000
20160725 28980 29250 28860 29010 7186.21 20856845.000
20160722 29800 29820 28880 28980 17254.49 50593993.000
20160721 29900 30150 29660 29820 12051.72 36019676.000
20160720 30150 30400 29800 29970 12827.94 38700370.000
20160719 29990 30450 29800 30320 17521.88 52806785.000
20160718 30500 30500 29900 29980 23010.72 69227425.000
20160715 30900 31190 30490 30720 34251.01 105665331.000
20160714 29100 31000 28800 30760 50520.98 153208543.000
20160713 28970 29250 28800 29030 12145.85 35320737.000
20160712 28900 28990 28080 28900 16878.55 48389080.000
20160711 29410 29700 28660 28830 19474.25 56868424.000
20160708 29660 29900 29380 29400 17127.10 50753296.000
20160707 29300 30140 29200 29550 27452.65 81455532.000
20160706 28930 29600 28750 29410 27535.60 80651441.000
20160705 29060 29150 28700 28960 15691.65 45356182.000
20160704 28750 29280 28580 29080 23043.34 66850201.000
20160701 29280 29300 28950 28990 17079.62 49774724.000
20160630 29600 29720 28780 29530 34746.02 101396713.000
20160629 29500 30000 29260 29630 34634.11 102819796.000
20160628 29300 29680 29040 29580 22168.28 65117087.000
20160627 28620 29580 28620 29450 25044.50 72832767.000
20160624 28580 29030 27680 28800 19478.94 55768338.000
20160623 28750 29150 28030 29040 25966.28 74282597.000
20160622 27870 28690 27480 28650 23805.63 66915704.000
20160621 28120 28350 27500 27630 14872.83 41423928.000
20160620 27080 27980 27030 27900 18778.10 52046246.000
20160617 27390 27590 27080 27180 10736.24 29335188.000
20160616 27320 27340 26880 27190 13404.32 36355544.000
20160615 26210 27350 26030 27320 19567.25 52981910.000
20160614 26280 26520 26180 26430 10028.38 26358881.000
20160613 27180 27430 26190 26200 10189.21 27530295.000
20160608 27820 27880 27310 27640 9700.73 26744509.000
20160607 27490 27980 27370 27770 11032.72 30444714.000
20160606 27790 27790 27320 27600 8532.66 23437892.000
20160603 27230 27750 27210 27500 11957.40 32824528.000
20160602 27080 27880 27080 27560 13301.28 36373996.000
20160601 26810 27960 26600 27530 21083.72 57104155.000
20160531 25980 26740 25800 26630 15605.61 41288085.000
20160530 25350 26090 25100 25780 8939.67 23001571.000
20160527 25660 25790 25400 25610 8327.51 21359538.000
20160526 25380 25520 24950 25460 7509.41 18936595.000
20160525 25490 25700 25200 25410 6500.48 16541351.000
20160524 25800 25800 25090 25270 6093.00 15436706.000
20160523 25310 25880 25290 25830 9328.43 23945520.000
20160520 25000 25350 24500 25290 6546.70 16400053.000
20160519 25000 25670 25000 25130 6769.63 17148589.000
20160518 25710 25710 24500 25100 8069.64 20207377.000
20160517 25580 26180 25550 25710 8316.50 21498798.000
20160516 25200 25510 24880 25500 6784.47 17139497.000
20160513 24890 25640 24800 25180 7080.00 17920000
20160512 25450 25450 24320 25100 9485.00 23670000
20160511 27350 27350 25770 25910 18609.00 48850000
20160503 27370 28110 26970 28030 18228.00 50580000
20160429 26800 27570 26550 27400 12336.00 33450000
20160428 27150 27500 26780 27220 19425.00 52530000
20160427 28290 28550 27910 27980 14035.00 39640000
20160426 28070 28300 27650 28220 10813.00 30220000
20160425 28180 28320 27600 28140 11493.00 32200000
20160422 26780 27810 26510 27790 12962.00 35570000
20160421 26950 27440 26640 26930 11754.00 31780000
20160420 28720 28950 26480 26880 19418.00 53360000
20160419 28830 29100 28420 28720 10283.00 29500000
20160418 29580 29600 28000 28690 15937.00 45990000
20160415 29600 30500 29280 29820 23184.00 69380000
20160414 29500 29650 28910 29590 23080.00 67360000
20160413 29520 29840 28820 29310 29359.00 86240000
20160412 28660 29700 28310 29520 35897.00 104570000
20160411 27880 28800 27880 28760 19510.00 55400000
20160408 28020 28400 27410 27780 20016.00 55440000
20160407 28850 29250 28500 28510 16296.00 46830000
20160406 28800 29180 28340 28840 19408.00 55860000
20160405 27810 29290 27780 29250 37670.00 107490000
20160401 28090 29760 28000 28540 47364.00 136220000
20160331 26800 27650 26750 27050 15945.00 43500000
20160330 26030 26760 25980 26690 9745.00 25730000
20160329 26310 26390 25700 25820 9640.00 25100000
20160328 26900 27000 26310 26360 10988.00 29350000
20160325 26410 26660 26280 26640 8508.00 22520000
20160324 26790 27200 26200 26410 17139.00 45780000
20160323 26390 26840 26300 26790 14329.00 38130000
20160322 26610 26660 26340 26390 11964.00 31710000
20160321 26400 26870 26230 26820 21457.00 56920000
20160318 25440 26500 25400 26400 18019.00 46850000
20160317 24720 25540 24620 25460 11642.00 29350000
20160316 25510 25690 24600 24720 10826.00 26950000
20160315 25330 25700 25150 25420 7025.00 17840000
20160314 25000 25840 24800 25490 10324.00 26300000
20160311 24440 25000 24260 24740 6094.00 14970000
20160310 25000 25250 24500 24570 6996.00 17360000
20160309 25090 25100 24700 24840 5289.00 13180000
20160308 25760 25760 24600 25540 9258.00 23280000
20160307 25860 26000 25470 25780 11214.00 28850000
20160304 25250 27200 24930 25480 17497.00 44960000
20160303 25300 25820 25010 25330 12665.00 32080000
20160302 24020 25380 24020 25350 12619.00 31300000
20160301 23860 24390 23510 24170 8471.00 20240000
20160229 24950 24950 23200 23600 15889.00 37860000
20160226 25040 25350 24500 24990 9593.00 23980000
20160225 27350 27390 24800 24910 19999.00 52000000
20160224 27490 27770 26750 27360 12549.00 34170000
20160223 27900 27990 27370 27630 10750.00 29770000
20160222 27850 28250 27620 28060 11962.00 33430000
20160219 27600 27780 27050 27570 11141.00 30630000
20160218 27210 28350 27210 27700 18807.00 52080000
20160217 27070 27470 26890 27370 11578.00 31490000
20160216 26610 27360 26400 27200 9326.00 25250000
20160215 25850 26600 25580 26270 7210.00 18820000
20160205 27500 27700 26820 26890 9699.00 26380000
20160204 27200 27900 26900 27580 15773.00 43140000
20160203 25700 28550 25530 27410 20832.00 56680000
20160202 25010 25990 25010 25950 9823.00 25330000
20160201 25500 25690 24770 25110 8618.00 21820000
20160129 25000 25900 24900 25700 13269.00 33910000
20160128 25190 26800 24850 25010 10628.00 27220000
20160127 26400 26400 24200 25510 13306.00 33550000
20160126 27510 28300 25550 25920 15663.00 42310000
20160125 27500 27880 27260 27820 11466.00 31530000
20160122 26360 27780 25980 27270 12753.00 34090000
20160121 26460 27200 26010 26240 10131.00 27000000
20160120 27300 27380 26500 26880 12550.00 33850000
20160119 26280 27480 26250 27380 14028.00 37750000
20160118 25300 26740 25190 26520 10034.00 26360000
20160115 26700 26930 25480 25970 10923.00 28770000
20160114 25000 26850 24810 26710 9698.00 25180000
20160113 26690 26850 25610 25710 10065.00 26610000
20160112 26370 26890 25550 26380 12063.00 31790000
20160111 28880 28880 26160 26200 19535.00 53600000
20160108 29300 29900 27690 28830 14247.00 41330000
20160107 30890 30890 28380 28550 3999.00 11850000
20160106 30650 31270 30400 31220 14235.00 43930000
20160105 29700 30980 29300 30600 18151.00 55020000
20160104 33740 33740 30510 30660 16414.00 53600000
20151231 34640 34890 33700 33740 15630.00 53530000
20151230 34800 34810 34130 34470 16086.00 55400000
20151229 33870 34810 33730 34670 16905.00 57750000
20151228 35420 35460 33710 33860 29682.00 103450000
20151225 35100 35500 34900 35210 24997.00 87900000
20151224 34800 35100 34100 34960 16510.00 57140000
20151223 34970 35180 34480 34700 25377.00 88540000
20151222 35110 35200 34610 34970 21763.00 75820000
20151221 35780 35780 34800 34910 31127.00 109490000
20151218 34880 35490 34000 34980 28689.00 99760000
20151217 34000 34990 33860 34620 33408.00 114970000
20151216 33080 33740 32870 33590 19986.00 66700000
20151215 32730 33300 32570 32880 15149.00 49890000
20151214 32000 32740 31780 32730 11689.00 37780000
20151211 33090 33090 32110 32260 17077.00 55260000
20151210 33800 33880 33010 33100 27147.00 90780000
20151209 34000 35300 33810 34300 40119.00 139040000
20151208 34090 34090 33170 33750 19172.00 64420000
20151207 34000 34240 33340 34190 16278.00 55060000
20151204 33990 34490 33340 33930 19886.00 67750000
20151203 33100 34450 33000 34240 21461.00 72860000
20151202 33600 34560 31880 33350 22420.00 75310000
20151201 33470 34850 33000 34200 31038.00 106090000
20151130 32800 34030 31550 33780 29872.00 97860000
20151127 34800 34800 31620 32360 30837.00 103800000
20151126 36030 36510 34800 34850 33921.00 121030000
20151125 36010 36450 35220 35890 36205.00 129780000
20151124 34390 36000 34220 35880 42316.00 149680000
20151123 33290 35060 32930 34390 39414.00 134630000
20151120 33700 33700 32900 33280 20061.00 66710000
20151119 32430 33350 32150 33310 18039.00 59090000
20151118 32790 33360 32000 32130 16634.00 54170000
20151117 33900 34420 32800 32820 24098.00 80980000
20151116 32150 33580 31900 33440 24268.00 79930000
20151113 36000 36000 33300 33390 49202.00 169810000
20151112 35800 37900 34770 36780 68879.00 247780000
20151111 34120 35480 33650 35450 53329.00 185660000
20151110 34990 34990 33810 34120 47784.00 163990000
20151109 33550 35500 33550 35140 76500.00 265030000
20151106 31040 33860 30560 33010 61830.00 200880000
20151105 30410 31660 30410 30870 46588.00 145400000
20151104 30140 30980 29800 30820 41136.00 125480000
20151103 29020 30300 28610 30140 38135.00 113240000
20151102 28300 29800 27910 28950 43163.00 125900000
20151030 28220 28440 27700 28370 19987.00 56310000
20151029 28010 28360 27710 28200 16668.00 46820000
20151028 28160 28690 27810 28000 27322.00 77330000
20151027 28500 28910 27520 28740 23936.00 67740000
20151026 28420 28880 28080 28620 28069.00 80130000
20151023 27650 28220 27400 28190 19939.00 55530000
20151022 27050 27720 26610 27510 21427.00 58430000
20151021 28610 29000 26300 26970 30802.00 85930000
20151020 28100 28730 27780 28640 20686.00 58610000
20151019 28400 28610 27860 28110 20509.00 58000000
20151016 28380 28580 27920 28490 28455.00 80560000
20151015 27330 28420 27320 28350 25962.00 72680000
20151014 27910 28180 27500 27510 19243.00 53570000
20151013 27900 28030 27580 27920 19925.00 55470000
20151012 27120 28290 27120 28140 34717.00 96490000
20151009 26660 27460 26550 26990 19924.00 53920000
20151008 26690 26980 26400 26780 16969.00 45340000
20150930 25800 26130 25610 25880 6853.00 17720000
20150929 25990 26110 25620 25630 11831.00 30590000
20150928 25300 26580 25300 26370 11623.00 30190000
20150925 26740 26740 24990 25640 16286.00 42030000
20150924 26880 26960 26350 26810 14323.00 38260000
20150923 25970 26880 25550 26610 17248.00 44930000
20150922 27240 27240 26180 26370 22695.00 60470000
20150921 24910 26150 24840 26100 17801.00 45640000
20150918 25250 25450 24780 25180 11348.00 28500000
20150917 25600 26330 25120 25140 26362.00 67840000
20150916 23990 26300 23990 26220 26267.00 65550000
20150915 23680 24500 23320 23910 16429.00 39390000
20150914 26950 26990 24180 24180 27375.00 68470000
20150911 26880 27350 26480 26870 13557.00 36470000
20150910 27190 27570 26880 26890 20406.00 55470000
20150909 26800 27950 26550 27710 33911.00 92590000
20150908 25010 26950 25000 26910 24265.00 63130000
20150907 25050 26080 25050 25390 20476.00 52470000
20150902 24000 26010 23920 24740 23625.00 59020000
20150901 26760 26760 25030 25110 22088.00 56620000
20150831 28390 28390 26650 26760 30412.00 83690000
20150828 27800 29180 27060 28950 50623.00 141290000
20150827 26900 27870 26320 27850 33051.00 89300000
20150826 25710 27710 25320 26200 45084.00 119400000
20150825 25980 27580 25290 25290 36452.00 95360000
20150824 30010 30310 28100 28100 28394.00 81270000
20150821 33500 33500 30830 31220 25665.00 83190000
20150820 34220 35250 33620 33840 24076.00 82920000
20150819 33460 34950 32010 34900 34764.00 117920000
20150818 37620 37990 33890 33930 39896.00 144050000
20150817 38140 38490 37350 37660 28784.00 108530000
20150814 38700 39000 38080 38590 33760.00 129930000
20150813 37700 38700 37580 38650 37393.00 142890000
20150812 39250 39980 37810 38030 47398.00 185490000
20150811 39490 40180 39200 39540 49249.00 195260000
20150810 38540 40470 38540 39960 60487.00 239250000
20150807 36900 38950 36900 38530 49646.00 189710000
20150806 37000 37810 36610 37100 31863.00 118390000
20150805 37210 38700 37010 37660 50418.00 190580000
20150804 36600 38190 36000 38160 58818.00 219230000
20150803 34990 36940 34700 36340 45961.00 165090000
20150731 34960 37010 34670 35420 41906.00 149470000
20150730 35810 37500 35060 36070 59205.00 214990000
20150729 33400 36660 33050 36590 55422.00 192090000
20150728 33000 34990 32470 33330 62740.00 210400000
20150727 38410 39980 36080 36080 72567.00 278320000
20150724 41600 42990 40000 40090 93570.00 387620000
20150723 42420 43850 41380 41400 122623.00 520740000
20150722 38400 40790 37700 40790 104597.00 415740000
20150721 37080 37080 35120 37080 45961.00 169280000
20150507 34990 35040 33610 33860 19268.00 66110000
20150506 35940 36180 34800 35040 26337.00 94010000
20150505 37460 37470 35780 36000 35089.00 128200000
20150504 37190 37560 36570 37470 33153.00 122970000
20150430 37020 37710 36810 36900 44216.00 165090000
20150429 35750 36950 35580 36930 30495.00 111530000
20150428 37800 37890 35780 35990 41435.00 151730000
20150427 36880 37780 36550 37500 51623.00 191620000
20150424 36200 36770 35830 36550 32691.00 118770000
20150423 37130 37150 36350 36780 40249.00 147740000
20150422 35730 37000 35730 36830 39819.00 145520000
20150421 34510 35690 34280 35640 26393.00 92940000
20150420 35920 35920 34510 34550 38900.00 136910000
20150417 35900 36370 35670 35950 35356.00 127250000
20150416 34900 36300 34500 35680 29732.00 105490000
20150415 36980 36990 35000 35270 35363.00 126570000
20150414 38200 38390 36860 37030 43628.00 164080000
20150413 36540 38490 36540 38160 56688.00 215340000
20150410 35280 37500 34880 36780 43276.00 157660000
20150409 36420 36420 34010 35500 44765.00 157470000
20150408 37000 37000 35870 36330 67480.00 246270000
20150407 36970 38570 36970 37940 70338.00 265450000
20150403 34720 36700 34610 36200 62122.00 223480000
20150402 33920 34950 33770 34830 53731.00 185340000
20150401 33540 33910 33500 33830 25757.00 86910000
20150331 33800 33940 33530 33600 27979.00 94430000
20150330 33710 34190 33550 33800 27713.00 93600000
20150327 33640 34180 33570 33780 23152.00 78440000
20150326 34280 34280 33120 33730 40330.00 136210000
20150325 32780 34490 32500 34300 63864.00 214830000
20150324 33350 33400 32220 32690 39005.00 127860000
20150323 33150 33350 32910 33350 34219.00 113440000
20150320 33200 33440 32960 33100 34732.00 115160000
20150319 32890 33230 32570 33150 46304.00 152770000
20150318 32090 32940 31870 32860 46333.00 150230000
20150317 31880 32220 31680 31920 33079.00 105560000
20150316 31200 31900 31130 31850 26217.00 82900000
20150313 30670 31010 30540 31000 14509.00 44680000
20150312 30700 30940 30450 30540 15728.00 48190000
20150311 31330 31500 30760 30850 17099.00 53270000
20150310 31360 31580 31200 31320 12808.00 40230000
20150309 31500 31500 31030 31320 12913.00 40290000
20150306 31910 32280 31450 31530 21775.00 69260000
20150305 31360 31990 31160 31970 32893.00 103850000
20150304 31070 31360 30910 31320 16630.00 51760000
20150303 31770 31770 31050 31070 20973.00 65710000
20150302 31210 31880 31130 31810 22383.00 70390000
20150227 31000 31300 30820 31170 13581.00 42170000
20150226 30500 31100 30500 31080 11419.00 35110000
20150225 31150 31200 30610 30610 10260.00 31570000
20150217 31470 31480 31130 31160 11333.00 35370000
20150216 31380 31510 31000 31220 12256.00 38200000
20150213 30800 31240 30750 31190 15861.00 49250000
20150212 30130 30770 30130 30660 17169.00 52400000
20150211 30000 30300 30000 30130 10136.00 30550000
20150210 29950 29990 29720 29910 9462.00 28240000
20150209 29800 30130 29780 29880 8481.00 25400000
20150206 30550 30700 29820 29860 16807.00 50590000
20150205 31560 31580 30540 30600 20691.00 63990000
20150204 32070 32150 31210 31300 21666.00 68600000
20150203 31950 32260 31520 32080 20603.00 65740000
20150202 31250 31990 30700 31910 19272.00 60720000
20150130 31800 32290 31320 31520 21496.00 68240000
20150129 32650 32690 31820 31850 39738.00 127330000
20150128 34010 34740 33060 33250 87772.00 298820000
20150127 32150 33570 31690 33570 93408.00 306950000
20150119 29800 31230 29510 30520 34516.00 105570000
20150116 29700 30280 29680 30170 17779.00 53510000
20150115 29430 30280 29400 29740 15824.00 47310000
20150114 29800 29990 29330 29400 14767.00 43770000
20150113 29550 30110 29500 29880 13103.00 39160000
20150112 30470 30470 29510 29520 19661.00 58680000
20150109 30800 31150 30540 30610 20106.00 61910000
20150108 31080 31690 30900 30970 20364.00 63770000
20150107 31920 31920 31010 31330 22552.00 70690000
20150106 30920 32190 30660 31920 32758.00 103410000
20150105 31000 31400 30500 31190 20625.00 63840000
20141231 31490 31500 30530 31020 24584.00 76150000
20141230 31020 32650 31020 31620 30056.00 95640000
20141229 31740 31990 30800 31270 29078.00 90880000
20141226 31900 33040 31710 31990 32389.00 104590000
20141225 32960 33000 31350 32240 52718.00 169280000
20141224 32700 33850 32000 33270 76409.00 251910000
20141223 29640 32750 29210 32750 82988.00 267690000
20141222 32870 32890 29770 29770 52667.00 161130000
20141219 35130 35330 32720 33080 53313.00 178700000
20141218 35850 36190 35010 35120 38532.00 136920000
20141217 37400 37400 35710 35800 58461.00 211950000
20141216 37500 38150 37410 37570 36048.00 135750000
20141215 38700 38740 37500 37730 62925.00 238270000
20141212 40690 41840 39600 39620 68031.00 274220000
20141211 40000 42450 39000 40700 97271.00 395800000
20141210 46430 46430 38200 42690 177259.00 752060000
20141209 42210 42210 42210 42210 2359.00 9950000
20141208 38370 38370 38370 38370 645.00 2470000
20141205 34880 34880 34880 34880 395.00 1370000
20141204 31710 31710 31710 31710 216.00 680000
20141203 24020 28830 24020 28830 480.00 1370000
