20191129 8430 8500 8360 8420 31709 26700264 1.64 0.74 -1.52 20725 10984 1.89 2.60
20191128 8460 8650 8400 8550 46117 39333890 2.96 1.12 1.30 20160 25957 0.78 3.78
20191127 8560 8580 8390 8440 37731 31929189 2.20 0.85 -2.09 26028 11703 2.22 3.09
20191126 8610 8680 8520 8620 35641 30600316 1.85 0.74 -0.23 19269 16372 1.18 2.92
20191125 8590 8640 8500 8640 40165 34437478 1.64 0.79 1.05 18643 21522 0.87 3.29
20191122 8720 8780 8480 8550 53695 46280955 3.44 0.86 -1.84 35129 18566 1.89 4.40
20191121 8700 8760 8610 8710 39483 34289769 1.72 0.58 0.00 23114 16369 1.41 3.23
20191120 8830 8840 8640 8710 53026 46349917 2.25 0.72 -1.80 33303 19723 1.69 4.34
20191119 8780 8890 8700 8870 55306 48797965 2.16 0.74 1.03 28161 27145 1.04 4.53
20191118 8730 8810 8610 8780 52786 46126653 2.29 0.65 0.57 26975 25811 1.05 4.32
20191115 9210 9220 8670 8730 112792 100645361 5.91 1.38 -6.23 71857 40935 1.76 9.24
20191114 9400 9490 9250 9310 69304 64759999 2.52 0.76 -2.10 43937 25367 1.73 5.68
20191113 9390 9680 9240 9510 77572 73621669 4.65 0.70 0.53 40525 37048 1.09 6.35
20191112 9370 9520 9210 9460 60059 56410023 3.31 0.42 0.96 31191 28868 1.08 4.92
20191111 9700 9740 9330 9370 86640 82371374 4.21 0.49 -3.70 51554 35086 1.47 7.10
20191108 10130 10220 9730 9730 116006 114929979 4.84 0.58 -3.95 73366 42640 1.72 9.50
20191107 10010 10370 9920 10130 118349 120510545 4.47 0.53 0.70 60212 58137 1.04 9.69
20191106 10840 10930 10000 10060 171708 178096660 8.44 0.77 -8.71 103163 68545 1.51 14.07
20191105 11240 11600 10900 11020 224786 252146377 5.96 0.97 -6.21 138079 86707 1.59 18.41
20191104 10790 11870 10540 11750 258435 285945856 12.33 1.11 8.90 136127 122308 1.11 21.17
20191101 10500 11070 10180 10790 228712 245488747 8.50 0.89 3.06 109198 119514 0.91 18.73
20191031 10050 10990 9710 10470 232431 242457823 12.72 0.92 4.08 101097 131334 0.77 19.04
20191030 10250 10560 9720 10060 165146 166768805 7.87 0.69 -5.72 95357 69789 1.37 13.53
20191029 9630 10870 9510 10670 269762 272418544 13.63 1.32 6.91 128897 140865 0.92 22.10
20191028 9980 10470 9980 9980 265203 266854887 4.42 1.73 -10.01 124102 141100 0.88 21.72
20191025 10540 11640 10300 11090 352499 390799632 12.44 4.13 2.97 173597 178902 0.97 28.87
20191024 10390 10770 10180 10770 208522 221736639 6.03 4.60 10.01 112326 96197 1.17 17.08
20191023 8980 9790 8810 9790 102659 97192442 11.01 3.72 10.00 49112 53547 0.92 8.41
20191022 8470 9320 8450 8900 91061 81342977 10.27 7.13 5.08 39561 51500 0.77 7.46
20191021 8380 8470 8240 8470 11899 9963002 2.75 0.72 1.19 4686 7213 0.65 0.97
20191018 8560 8630 8300 8370 12912 10908384 3.86 0.82 -2.22 9091 3821 2.38 1.06
20191017 8540 8570 8510 8560 8214 7012683 0.70 0.51 -0.12 4367 3847 1.14 0.67
20191016 8520 8640 8510 8570 14050 12039449 1.52 0.95 0.47 5766 8284 0.70 1.15
20191015 8560 8580 8460 8530 16748 14251465 1.40 1.30 -0.81 10793 5954 1.81 1.37
20191014 8470 8800 8450 8600 30213 26059117 4.15 3.56 2.02 12851 17362 0.74 2.47
20191011 8450 8510 8370 8430 9701 8201564 1.66 1.23 -0.24 5267 4434 1.19 0.79
20191010 8360 8480 8270 8450 10021 8439357 2.51 1.11 1.20 4133 5888 0.70 0.82
20191009 8220 8350 8180 8350 7461 6176000
20191008 8270 8340 8230 8250 6772 5612831 1.33 0.44 -0.36 4237 2535 1.67 0.55
20190930 8350 8480 8280 8280 8444 7067050 2.42 0.47 0.00 4596 3848 1.19 0.69
20190927 8180 8300 8150 8280 6615 5473370 1.83 0.34 0.98 3031 3584 0.85 0.54
20190926 8450 8510 8200 8200 15995 13296980 3.68 0.82 -2.73 11401 4593 2.48 1.31
20190925 8600 8640 8420 8430 17838 15154000
20190924 8800 8860 8670 8700 27859 24460763 2.19 1.64 0.35 15096 12763 1.18 2.28
20190923 8670 8840 8520 8670 21498 18628906 3.69 1.27 -0.12 10933 10565 1.03 1.76
20190920 8650 8770 8640 8680 15091 13131260 1.50 0.86 0.12 8602 6489 1.33 1.24
20190919 8580 8670 8510 8670 14700 12649345 1.87 0.72 1.29 5776 8924 0.65 1.20
20190918 8560 8620 8550 8560 12377 10625651 0.82 0.49 0.00 6402 5975 1.07 1.01
20190917 8730 8760 8530 8560 21079 18148174 2.63 0.64 -2.28 14405 6674 2.16 1.73
20190916 8820 8870 8740 8760 21620 19048828 1.47 0.41 -0.90 12835 8785 1.46 1.77
20190912 8810 8870 8770 8840 18191 16028416 1.14 0.33 0.57 8859 9331 0.95 1.49
20190911 8880 8920 8740 8790 29403 25874000
20190910 8900 8940 8820 8890 35591 31552432 1.34 0.76 -0.67 20699 14892 1.39 2.92
20190909 9050 9060 8810 8950 60298 53875692 2.74 1.58 -2.08 35376 24923 1.42 4.94
20190906 8990 9290 8950 9140 117741 107527982 3.76 6.56 1.11 55952 61789 0.91 9.64
20190905 8850 9070 8800 9040 32241 28787938 3.06 2.18 2.49 13551 18691 0.72 2.64
20190904 8800 8850 8710 8820 12282 10768308 1.59 0.85 0.23 7975 4307 1.85 1.01
20190903 8790 8840 8720 8800 12746 11179000
20190902 8590 8790 8560 8790 15556 13568000
20190830 8680 8740 8510 8600 16926 14653566 2.67 1.06 -0.12 9097 7830 1.16 1.39
20190829 8760 8770 8590 8610 16390 14242645 2.07 1.12 -0.92 8614 7776 1.11 1.34
20190828 8670 8750 8610 8690 10708 9298095 1.61 0.73 -0.11 5844 4864 1.20 0.88
20190827 8470 8700 8420 8700 22081 19033163 3.33 1.71 3.45 7696 14385 0.53 1.81
20190826 8350 8480 8350 8410 10487 8824782 1.52 0.77 -1.64 6431 4056 1.59 0.86
20190823 8410 8600 8370 8550 20495 17422979 2.71 1.60 0.83 8880 11615 0.76 1.68
20190822 8500 8550 8420 8480 9519 8065783 1.53 0.70 0.00 4620 4898 0.94 0.78
20190821 8400 8530 8390 8480 10445 8834172 1.66 0.52 0.36 5080 5365 0.95 0.86
20190820 8430 8520 8370 8450 13494 11408227 1.78 0.70 0.24 6069 7426 0.82 1.11
20190819 8240 8460 8240 8430 14332 11978211 2.68 0.71 2.80 6571 7760 0.85 1.17
20190816 8430 8470 8200 8200 16241 13464499 3.27 0.86 -0.73 10847 5394 2.01 1.33
20190815 8180 8330 8060 8260 13174 10838453 3.22 0.73 -1.43 6513 6661 0.98 1.08
20190814 8270 8630 8270 8380 42330 35982756 4.36 3.46 1.58 21378 20952 1.02 3.47
20190813 8190 8260 8130 8250 10014 8208422 1.58 0.71 0.24 4867 5148 0.95 0.82
20190812 8090 8230 8090 8230 19524 15885000
20190809 8120 8210 8060 8090 9554 7756716 1.85 0.70 -0.37 5811 3744 1.55 0.78
20190808 8060 8140 8050 8120 9173 7426343 1.12 0.70 1.37 4955 4218 1.17 0.75
20190807 8030 8220 7980 8010 12896 10471394 2.98 1.03 -0.62 6057 6839 0.89 1.06
20190806 8210 8210 7860 8060 19057 15272153 4.23 1.70 -2.66 11577 7480 1.55 1.56
20190805 8280 8360 8240 8280 10969 9104763 1.45 1.02 -0.24 5324 5645 0.94 0.90
20190802 8380 8430 8240 8300 16280 13542713 2.23 1.79 -2.70 9809 6472 1.52 1.33
20190801 8520 8620 8480 8530 6371 5437383 1.63 0.68 -0.58 3765 2606 1.45 0.52
20190731 8720 8730 8540 8580 10155 8725963 2.18 1.09 -1.49 7147 3008 2.38 0.83
20190730 8610 8710 8610 8710 12172 10573855 1.16 1.41 1.16 4203 7969 0.53 1.00
20190729 8630 8700 8580 8610 8955 7734448 1.39 0.87 -0.46 5546 3408 1.63 0.73
20190726 8630 8680 8590 8650 7707 6659074 1.04 0.70 -0.35 5012 2695 1.86 0.63
20190725 8640 8730 8620 8680 8126 7049431 1.27 0.61 0.35 3445 4681 0.74 0.67
20190724 8530 8710 8530 8650 9789 8469251 2.11 0.58 1.29 3829 5960 0.64 0.80
20190723 8490 8570 8430 8540 8580 7293551 1.66 0.34 1.07 3598 4983 0.72 0.70
20190722 8810 8850 8380 8450 17276 14771530 5.35 0.72 -3.87 12179 5097 2.39 1.42
20190719 8810 8900 8750 8790 11323 9978757 1.71 0.48 0.34 6358 4965 1.28 0.93
20190718 8970 8970 8760 8760 19367 17100595 2.32 0.88 -3.20 13538 5829 2.32 1.59
20190717 9180 9240 9010 9050 27705 25186533 2.48 1.47 -2.27 19020 8686 2.19 2.27
20190716 8980 9700 8860 9260 48743 45085023 9.48 4.08 4.51 21843 26899 0.81 3.99
20190715 8840 8880 8550 8860 13026 11432553 3.73 0.83 0.23 7080 5946 1.19 1.07
20190712 8800 8880 8740 8840 10025 8831294 1.59 0.52 0.45 5468 4557 1.20 0.82
20190711 8880 8930 8760 8800 10946 9685314 1.93 0.42 0.00 6302 4644 1.36 0.90
20190710 8790 8960 8750 8800 11518 10195053 2.38 0.40 -0.23 5824 5694 1.02 0.94
20190709 8710 8870 8710 8820 14182 12478417 1.84 0.44 1.38 6328 7854 0.81 1.16
20190708 9150 9160 8660 8700 31590 28000108 5.44 0.87 -5.33 21338 10252 2.08 2.59
20190705 9350 9360 9130 9190 28667 26331395 2.45 0.69 -2.03 18197 10469 1.74 2.35
20190704 9210 9500 9140 9380 44163 41204365 3.91 1.18 1.85 19123 25040 0.76 3.62
20190703 9280 9340 9140 9210 25667 23664507 2.16 0.71 -0.75 12956 12711 1.02 2.10
20190702 9420 9450 9230 9280 31986 29669141 2.34 0.93 -1.49 20340 11647 1.75 2.62
20190701 9550 9550 9280 9420 51450 48333612 2.90 1.61 1.18 31393 20057 1.57 4.21
20190628 9270 9680 9260 9310 55214 51907366 4.60 1.59 1.86 29081 26133 1.11 4.52
20190627 9090 9270 9080 9140 22054 20153875 2.09 0.52 0.44 11409 10645 1.07 1.81
20190626 9130 9180 9010 9100 19288 17586392 1.86 0.46 -0.44 9428 9860 0.96 1.58
20190625 9090 9190 8960 9140 24326 22049396 2.50 0.61 -0.65 14635 9691 1.51 1.99
20190624 9260 9320 9080 9200 38635 35494235 2.56 1.14 -1.71 24275 14361 1.69 3.16
20190621 9380 9520 9160 9360 69185 64577037 3.91 2.89 1.63 36272 32913 1.10 5.67
20190620 8790 9360 8760 9210 62456 57184333 6.81 3.91 4.54 26504 35952 0.74 5.12
20190619 8950 8980 8780 8810 17084 15120922 2.29 1.03 0.80 8690 8394 1.04 1.40
20190618 8650 8820 8650 8740 11271 9872371 1.97 0.59 1.04 5285 5986 0.88 0.92
20190617 8700 8820 8630 8650 9514 8276817 2.19 0.48 -0.46 4995 4518 1.11 0.78
20190614 8980 8980 8660 8690 19258 16934363 3.57 1.00 -3.12 12886 6372 2.02 1.58
20190613 8850 9040 8760 8970 22649 20181505 3.18 1.23 1.93 9203 13446 0.68 1.86
20190612 8790 8950 8740 8800 20411 18064536 2.40 1.08 0.57 10622 9789 1.09 1.67
20190611 8420 8770 8420 8750 22883 19769781 4.16 1.15 3.92 8809 14074 0.63 1.87
20190610 8360 8460 8200 8420 12997 10880082 3.13 0.63 1.20 6013 6985 0.86 1.06
20190606 8610 8610 8220 8320 17761 14943240 4.53 0.87 -3.37 11435 6326 1.81 1.45
20190605 8510 8670 8510 8610 18194 15663717 1.89 0.90 1.77 7695 10499 0.73 1.49
20190604 8830 8830 8410 8460 22781 19509227 4.76 1.21 -4.19 16132 6649 2.43 1.87
20190603 8730 8920 8720 8830 28037 24762539 2.29 1.70 1.15 15245 12792 1.19 2.30
20190531 8640 8790 8640 8730 15845 13836487 1.74 0.99 1.04 7930 7915 1.00 1.30
20190530 8770 8770 8540 8640 17355 14965016 2.61 1.09 -1.82 10041 7314 1.37 1.42
20190529 8700 8850 8670 8800 17497 15354000
20190528 8740 8840 8630 8660 15359 13424056 2.41 0.98 -0.80 8750 6609 1.32 1.26
20190527 8510 8750 8450 8730 16541 14292164 3.54 1.06 2.95 5635 10907 0.52 1.35
20190524 8530 8600 8400 8480 13568 11561722 2.34 0.70 -0.82 7094 6474 1.10 1.11
20190523 8630 8710 8450 8550 16773 14404012 3.00 0.87 -1.50 10255 6518 1.57 1.37
20190522 8860 8870 8620 8680 12903 11307231 2.83 0.64 -1.70 8192 4710 1.74 1.06
20190521 8690 8880 8640 8830 18501 16308832 2.76 0.94 1.73 8208 10293 0.80 1.52
20190520 8660 8720 8500 8680 16552 14251872 2.52 0.80 -0.69 8113 8440 0.96 1.36
20190517 9220 9220 8560 8740 32395 28734611 7.16 1.64 -5.21 19367 13028 1.49 2.65
20190516 9180 9300 9180 9220 16425 15164683 1.31 0.83 0.44 8616 7810 1.10 1.35
20190515 9110 9250 9080 9180 16600 15218793 1.88 0.80 1.32 9229 7371 1.25 1.36
20190514 8980 9120 8820 9060 16060 14545294 3.30 0.74 -0.22 7328 8732 0.84 1.32
20190513 9160 9240 9030 9080 22265 20337390 2.31 0.92 -0.22 12490 9776 1.28 1.82
20190510 8880 9130 8800 9100 27581 24838418 3.73 1.26 2.82 11914 15667 0.76 2.26
20190509 8810 8950 8770 8850 16333 14487423 2.03 0.67 0.00 8915 7419 1.20 1.34
20190508 8800 9040 8660 8850 22026 19491926 4.22 0.82 -1.67 12006 10021 1.20 1.80
20190507 8850 9100 8800 9000 20818 18644140 3.37 0.73 1.24 10542 10277 1.03 1.71
20190506 9720 9720 8890 8890 33869 31067928 8.40 1.26 -10.02 19412 14457 1.34 2.77
20190430 9700 9980 9700 9880 16324 16109154 2.90 0.55 2.17 6941 9383 0.74 1.34
20190429 10070 10120 9640 9670 28710 28326516 4.80 0.96 -3.40 15543 13167 1.18 2.35
20190426 10210 10220 9960 10010 35087 35401254 2.51 1.24 -3.38 19395 15692 1.24 2.87
20190425 10830 10830 10320 10360 29402 31053144 4.70 1.07 -4.52 19463 9939 1.96 2.41
20190424 10640 10850 10590 10850 24545 26410311 2.45 0.83 2.36 10412 14132 0.74 2.01
20190423 10820 10870 10580 10600 29596 31642743 2.67 0.94 -2.39 17858 11737 1.52 2.42
20190422 11170 11200 10830 10860 30915 33928843 3.32 0.95 -2.69 19887 11027 1.80 2.53
20190419 11180 11270 10930 11160 26628 29543281 3.04 0.76 -0.09 15626 11002 1.42 2.18
20190418 11330 11330 11160 11170 25655 28767061 1.51 0.66 -0.98 17005 8650 1.97 2.10
20190417 11260 11350 11160 11280 35883 40441294 1.68 0.89 -0.09 19687 16197 1.22 2.94
20190416 11060 11320 10750 11290 38583 42529656 5.14 0.92 1.80 19312 19271 1.00 3.16
20190415 11270 11360 11020 11090 36552 41081243 3.05 0.78 -0.63 20474 16078 1.27 2.99
20190412 11220 11300 11020 11160 37432 41608834 2.50 0.74 -0.53 21446 15986 1.34 3.07
20190411 11540 11630 11190 11220 47347 54014161 3.82 0.86 -2.52 30782 16565 1.86 3.88
20190410 11640 11650 11420 11510 41279 47555778 1.96 0.59 -1.79 24316 16963 1.43 3.38
20190409 11600 11850 11410 11720 46887 54458748 3.79 0.50 1.03 23652 23235 1.02 3.84
20190408 11980 12050 11430 11600 62502 73418415 5.19 0.55 -2.93 37563 24940 1.51 5.12
20190404 12110 12150 11810 11950 54072 64735194 2.82 0.47 -0.83 34128 19944 1.71 4.43
20190403 12250 12300 11920 12050 69683 84109439 3.10 0.58 -1.55 42814 26869 1.59 5.71
20190402 12200 12470 12020 12240 117079 143380409 3.61 1.04 -1.84 73711 43368 1.70 9.59
20190401 12000 12780 11650 12470 169163 205750345 9.34 1.51 3.06 86563 82600 1.05 13.86
20190329 11080 12280 11080 12100 158658 187876127 10.74 1.41 8.33 67240 91418 0.74 13.00
20190328 11480 11750 11170 11170 64482 73633304 4.97 0.58 -4.28 41311 23170 1.78 5.28
20190327 11000 11670 10780 11670 92319 103877109 8.11 0.91 6.38 40695 51623 0.79 7.56
20190326 11270 11550 10810 10970 76156 85326858 6.57 0.81 -2.66 44430 31726 1.40 6.24
20190325 11670 11980 11110 11270 167626 193140729 7.46 2.49 -3.43 99024 68602 1.44 13.73
20190322 10630 11670 10620 11670 162464 181502833 9.90 3.89 9.99 67608 94856 0.71 13.31
20190321 10500 10660 10460 10610 58661 62091801 1.90 1.50 0.76 26965 31696 0.85 4.81
20190320 10440 10580 10120 10530 40253 41645904 4.40 0.82 0.67 20981 19272 1.09 3.30
20190319 10550 10600 10350 10460 39757 41666755 2.38 0.73 -0.38 21744 18012 1.21 3.26
20190318 10380 10500 10300 10500 35019 36398414 1.93 0.61 1.55 16298 18721 0.87 2.87
20190315 10340 10510 10210 10340 34869 36195830 2.91 0.52 0.39 17480 17388 1.01 2.86
20190314 10660 10670 10120 10300 45464 46863152 5.16 0.58 -3.38 28737 16727 1.72 3.72
20190313 10750 11080 10440 10660 91324 98313525 6.05 1.22 0.76 43676 47649 0.92 7.48
20190312 10400 10750 10370 10580 65121 68583100 3.67 0.89 2.22 36410 28711 1.27 5.33
20190311 9930 10350 9930 10350 49265 50071628 4.23 0.64 4.23 23724 25541 0.93 4.04
20190308 10500 10670 9920 9930 82799 85481264 7.00 1.21 -7.37 50506 32293 1.56 6.78
20190307 10260 10850 10130 10720 100848 105267401 6.98 1.82 3.98 44817 56032 0.80 8.26
20190306 10190 10330 9900 10310 76070 77606719 4.24 1.51 1.68 35201 40869 0.86 6.23
20190305 10000 10150 9920 10140 56055 56267786 2.30 1.10 1.30 27832 28222 0.99 4.59
20190304 10100 10460 9970 10010 70983 72273684 4.88 1.45 -0.40 37835 33148 1.14 5.81
20190301 9980 10090 9850 10050 39381 39268876 2.42 0.86 1.21 19953 19428 1.03 3.23
20190228 9960 10050 9830 9930 34222 34028528 2.20 0.77 -0.70 20521 13701 1.50 2.80
20190227 9800 10100 9730 10000 50852 50462226 3.77 1.32 1.83 22755 28098 0.81 4.17
20190226 9760 10080 9610 9820 58910 58074312 4.82 1.80 0.61 30714 28196 1.09 4.83
20190225 9350 9870 9300 9760 60781 58394800 6.13 2.42 4.95 27903 32879 0.85 4.98
20190222 9120 9300 9060 9300 24135 22193245 2.63 1.00 1.97 10052 14083 0.71 1.98
20190221 9200 9340 9100 9120 28806 26631371 2.59 1.39 -1.51 16598 12207 1.36 2.36
20190220 9320 9370 9170 9260 19529 18056305 2.16 0.93 -0.11 10240 9289 1.10 1.60
20190219 9210 9450 9160 9270 30059 27893596 3.15 1.70 0.65 15017 15042 1.00 2.46
20190218 8950 9230 8950 9210 23280 21242524 3.14 1.54 3.14 10615 12665 0.84 1.91
20190215 8920 9100 8870 8930 18433 16554608 2.58 1.38 0.11 9208 9224 1.00 1.51
20190214 8910 8970 8860 8920 12665 11286906 1.23 0.91 -0.11 7287 5378 1.35 1.04
20190213 8810 8970 8720 8930 20253 17967744 2.83 1.73 1.25 9963 10290 0.97 1.66
20190212 8680 8870 8680 8820 13684 12004333 2.19 1.15 1.61 6207 7477 0.83 1.12
20190211 8450 8730 8450 8680 10498 9083660 3.32 0.69 2.97 4431 6067 0.73 0.86
20190201 8290 8470 8260 8430 9798 8223017 2.56 0.55 2.93 4457 5341 0.83 0.80
20190131 8550 8670 8170 8190 15533 13056298 5.85 0.83 -4.21 10272 5261 1.95 1.27
20190130 8680 8730 8510 8550 9182 7906211 2.52 0.48 -2.06 6064 3118 1.94 0.75
20190129 8690 8840 8500 8730 14442 12500539 3.86 0.75 -0.91 7824 6617 1.18 1.18
20190128 9200 9350 8790 8810 26815 24124153 6.07 1.56 -4.55 17532 9283 1.89 2.20
20190125 9500 9550 9210 9230 22768 21451618 3.62 1.45 -1.70 13782 8986 1.53 1.87
20190124 9210 9480 9200 9390 20175 18830978 3.05 1.16 2.18 9133 11041 0.83 1.65
20190123 9250 9260 9150 9190 11448 10537452 1.19 0.47 -0.65 7008 4441 1.58 0.94
20190122 9220 9340 9170 9250 15309 14182740 1.83 0.53 -0.22 8826 6483 1.36 1.25
20190121 9450 9450 9230 9270 15996 14927956 2.36 0.50 -0.54 10297 5699 1.81 1.31
20190118 9250 9360 9200 9320 15438 14332015 1.73 0.39 0.87 7930 7508 1.06 1.26
20190117 9490 9530 9240 9240 28458 26714068 3.05 0.58 -2.94 17692 10767 1.64 2.33
20190116 9710 9950 9460 9520 47575 46036532 5.04 1.08 -2.06 27312 20263 1.35 3.90
20190115 9590 9670 9460 9590 31439 30049084 2.17 0.80 -1.03 19453 11986 1.62 2.58
20190114 9590 9670 9460 9590 31440 30050000
20190111 9530 9740 9420 9690 54325 51961000
20190110 9050 9610 9030 9610 75145 70640000
20190109 9080 9200 9020 9070 21668 19773240 1.98 0.64 -0.11 11733 9935 1.18 1.77
20190108 9190 9190 9000 9080 18902 17189432 2.07 0.54 -1.20 11547 7355 1.57 1.55
20190107 9220 9270 9130 9190 25873 23788202 1.53 0.68 0.11 15261 10612 1.44 2.12
20190104 8760 9220 8590 9180 34595 31021858 6.94 0.91 1.10 19190 15405 1.25 2.83
20190103 9410 9540 9040 9080 39885 37016942 5.28 1.12 -4.12 23776 16109 1.48 3.27
20190102 9400 9660 9370 9470 49380 46857764 3.12 1.68 1.94 28535 20845 1.37 4.04
20181228 9220 9290 9090 9290 25882 23834462 2.16 0.88 0.11 14257 11625 1.23 2.12
20181227 9240 9350 9000 9280 41170 37807403 3.86 1.57 2.32 21662 19508 1.11 3.37
20181226 8910 9390 8850 9070 33266 30380753 6.07 1.20 2.02 14771 18495 0.80 2.72
20181225 8960 8960 8610 8890 28390 24929219 3.85 0.81 -2.20 16113 12278 1.31 2.33
20181224 9060 9170 9020 9090 18307 16622827 1.66 0.35 0.55 9591 8716 1.10 1.50
20181221 9250 9280 8920 9040 26722 24354525 3.86 0.43 -3.11 17473 9249 1.89 2.19
20181220 9210 9440 9210 9330 24562 22931336 2.47 0.37 0.00 14172 10390 1.36 2.01
20181219 9700 9740 9300 9330 40158 37990993 4.51 0.55 -4.31 25705 14453 1.78 3.29
20181218 10000 10180 9630 9750 64742 63907000
20181217 9530 10570 9200 10230 105993 105294913 14.26 1.56 6.45 45936 60057 0.76 8.68
20181214 9670 10160 9600 9610 74481 73545093 5.77 1.15 -0.93 42318 32163 1.32 6.10
20181213 9820 9880 9510 9700 47460 46058408 3.75 0.80 -1.62 28491 18969 1.50 3.89
20181212 9710 9980 9510 9860 69876 68429320 4.84 1.45 1.44 34790 35085 0.99 5.72
20181211 9550 9740 9340 9720 64351 61432891 4.18 1.63 1.67 33038 31313 1.06 5.27
20181210 9650 10020 9230 9560 82536 78451124 8.10 3.12 -1.95 46408 36129 1.28 6.76
20181207 8860 9750 8850 9750 58641 55465134 10.16 3.43 10.05 37555 21086 1.78 4.80
20181206 8960 9180 8840 8860 20652 18647727 3.80 1.25 -1.01 11067 9586 1.15 1.69
20181205 8860 8990 8730 8950 15165 13462450 2.89 0.96 -0.44 7966 7199 1.11 1.24
20181204 8830 9050 8820 8990 20030 17926307 2.60 1.40 1.58 8927 11103 0.80 1.64
20181203 8800 8890 8720 8850 17753 15655961 1.98 1.34 3.27 8191 9562 0.86 1.45
20181130 8450 8590 8330 8570 11925 10102097 3.08 0.76 1.42 5910 6016 0.98 0.98
20181129 8820 8870 8420 8450 17693 15374435 5.10 1.13 -4.20 9677 8017 1.21 1.45
20181128 8760 8850 8560 8820 11931 10413226 3.31 0.67 0.68 5779 6152 0.94 0.98
20181127 8770 8820 8680 8760 12432 10866852 1.61 0.49 0.69 6628 5804 1.14 1.02
20181126 8610 8750 8540 8700 12329 10693083 2.46 0.37 1.87 5988 6341 0.94 1.01
20181123 9100 9170 8540 8540 24573 21733161 6.92 0.71 -6.15 15994 8579 1.86 2.01
20181122 9250 9250 9030 9100 16700 15257821 2.39 0.45 -1.19 10025 6675 1.50 1.37
20181121 9020 9230 8910 9210 22626 20563818 3.47 0.55 -0.11 11946 10681 1.12 1.85
20181120 9600 9670 9180 9220 50833 48036000
20181119 9320 9950 9080 9880 51559 48440000
20181116 9140 9380 9130 9280 32120 29792000
20181115 8920 9180 8900 9130 27149 24590083 3.11 1.11 1.56 13873 13276 1.04 2.22
20181114 8960 9390 8930 8990 45713 41739335 5.20 2.59 1.58 22559 23154 0.97 3.74
20181113 8610 8910 8600 8850 25228 22096868 3.54 1.66 1.14 12784 12443 1.03 2.07
20181112 8380 8850 8310 8750 25964 22426219 6.42 1.86 4.04 10624 15340 0.69 2.13
20181109 8480 8560 8400 8410 11144 9454754 1.88 0.67 -1.06 7687 3457 2.22 0.91
20181108 8510 8590 8470 8500 13932 11871866 1.42 0.81 0.59 7017 6916 1.01 1.14
20181107 8490 8570 8410 8450 12107 10285076 1.89 0.66 -0.24 6368 5739 1.11 0.99
20181106 8570 8590 8400 8470 12979 10982025 2.20 0.67 -2.08 7926 5053 1.57 1.06
20181105 8570 8730 8510 8650 19597 16851576 2.56 1.16 0.70 10306 9292 1.11 1.61
20181102 8470 8590 8440 8590 24102 20529661 1.79 1.64 2.38 12708 11394 1.12 1.97
20181101 8390 8580 8380 8390 17163 14535663 2.37 1.18 -0.47 9356 7807 1.20 1.41
20181031 8460 8500 8290 8430 17476 14731916 2.48 1.24 -0.35 8981 8495 1.06 1.43
20181030 8200 8520 8050 8460 17939 14979445 5.75 1.21 3.42 7362 10577 0.70 1.47
20181029 8250 8290 8120 8180 8081 6634037 2.06 0.50 -0.85 4258 3823 1.11 0.66
20181026 8180 8410 8170 8250 13006 10757763 2.94 0.84 0.98 6063 6943 0.87 1.07
20181025 8010 8250 7950 8170 16394 13199795 3.60 1.18 -1.92 8353 8040 1.04 1.34
20181024 8400 8510 8210 8330 15160 12655574 3.57 1.15 -0.83 8841 6319 1.40 1.24
20181023 8550 8710 8360 8400 21253 18175749 4.11 1.96 -1.29 12216 9037 1.35 1.74
20181022 8220 8560 8200 8510 15062 12663275 4.43 1.53 4.67 6563 8499 0.77 1.23
20181019 7960 8190 7780 8130 9850 7903099 5.16 0.89 2.39 4366 5485 0.80 0.81
20181018 8130 8130 7900 7940 8243 6611978 2.83 0.62 -2.34 4478 3765 1.19 0.68
20181017 8060 8160 7860 8130 11589 9340562 3.77 0.92 2.14 5850 5739 1.02 0.95
20181016 8260 8290 7950 7960 9482 7706081 4.14 0.77 -3.16 5334 4147 1.29 0.78
20181015 8320 8570 8210 8220 10051 8448144 4.34 0.80 -0.84 6029 4022 1.50 0.82
20181012 8090 8400 7910 8290 15924 13073312 5.92 1.42 0.12 8363 7560 1.11 1.30
20181011 8940 8960 8260 8280 19311 16500021 7.63 1.90 -9.80 11564 7747 1.49 1.58
20181010 9100 9230 9060 9180 8218 7539718 1.87 0.75 0.88 3395 4824 0.70 0.67
20181009 8970 9170 8970 9100 8290 7546809 2.23 0.72 1.45 3451 4840 0.71 0.68
20181008 9280 9280 8950 8970 11002 10007032 3.52 0.77 -4.37 7765 3237 2.40 0.90
20180928 9290 9390 9220 9380 9137 8513847 1.84 0.61 1.41 4382 4755 0.92 0.75
20180927 9480 9550 9250 9250 14112 13235217 3.15 0.95 -2.73 9843 4269 2.31 1.16
20180926 9450 9600 9430 9510 12250 11647930 1.80 0.86 0.63 6275 5975 1.05 1.00
20180925 9520 9520 9410 9450 11389 10776119 1.15 0.81 -1.36 7059 4331 1.63 0.93
20180921 9400 9770 9350 9580 24560 23484028 4.46 2.09 1.70 10229 14331 0.71 2.01
20180920 9420 9470 9320 9420 12411 11647889 1.59 1.10 -0.42 7705 4706 1.64 1.02
20180919 9260 9550 9260 9460 13514 12731569 3.11 1.31 1.39 5203 8310 0.63 1.11
20180918 9270 9370 9100 9330 9700 8957902 2.95 0.97 1.86 4122 5579 0.74 0.79
20180917 9490 9490 9000 9160 10477 9689657 5.20 1.02 -2.76 6581 3896 1.69 0.86
20180914 9490 9630 9400 9420 12520 11914577 2.42 1.22 -0.84 5795 6725 0.86 1.03
20180913 9480 9560 9360 9500 10104 9548507 2.12 0.99 0.64 5637 4467 1.26 0.83
20180912 9340 9540 9310 9440 8810 8325586 2.46 0.77 0.96 4351 4459 0.98 0.72
20180911 9320 9450 9230 9350 8328 7772882 2.36 0.67 0.43 4681 3647 1.28 0.68
20180910 9530 9580 9310 9310 11830 11156857 2.80 0.90 -3.32 7918 3912 2.02 0.97
20180907 9570 9690 9480 9630 12194 11698481 2.19 0.86 0.63 6761 5433 1.24 1.00
20180906 9600 9670 9490 9570 9934 9502313 1.88 0.53 0.10 5368 4566 1.18 0.81
20180905 9760 9900 9550 9560 14619 14238877 3.59 0.83 -2.05 8071 6548 1.23 1.20
20180904 9590 9780 9580 9760 13562 13166489 2.09 0.77 1.77 5573 7989 0.70 1.11
20180903 9800 9810 9450 9590 15298 14629234 3.67 0.76 -2.14 9244 6053 1.53 1.25
20180831 9990 10120 9780 9800 17501 17278526 3.37 0.86 -2.78 11994 5507 2.18 1.43
20180830 10030 10380 9950 10080 31951 32503024 4.31 2.04 1.00 15521 16430 0.94 2.62
20180829 10030 10080 9920 9980 9921 9908512 1.59 0.64 -0.60 5879 4042 1.45 0.81
20180828 10020 10150 9930 10040 13493 13522232 2.17 0.88 -0.79 7228 6266 1.15 1.11
20180827 9780 10280 9670 10120 27932 27884649 6.23 2.27 3.37 13323 14609 0.91 2.29
20180824 9580 9800 9460 9790 17916 17312562 3.55 1.60 2.30 5990 11927 0.50 1.47
20180823 9480 9660 9470 9570 9153 8749027 2.00 0.78 0.84 4716 4437 1.06 0.75
20180822 9620 9630 9470 9490 9002 8590370 1.65 0.65 -1.96 5769 3233 1.78 0.74
20180821 9750 9750 9530 9680 12408 11984372 2.28 0.87 0.31 7303 5105 1.43 1.02
20180820 9520 9670 9350 9650 13170 12503120 3.36 0.90 1.37 7478 5693 1.31 1.08
20180817 9870 9930 9520 9520 12296 11904630 4.19 0.78 -2.66 8230 4066 2.02 1.01
20180816 9780 9870 9620 9780 12031 11729339 2.54 0.74 -0.81 6585 5445 1.21 0.99
20180815 10000 10190 9820 9860 19110 19206145 3.68 1.22 -1.99 11244 7866 1.43 1.57
20180814 9900 10090 9880 10060 15036 15049193 2.10 0.94 0.80 6827 8209 0.83 1.23
20180813 9780 10000 9660 9980 14405 14225183 3.42 0.88 0.50 6113 8292 0.74 1.18
20180810 9800 10030 9800 9930 17746 17590610 2.34 1.11 1.22 9164 8582 1.07 1.45
20180809 9550 9890 9520 9810 15515 15173672 3.86 0.82 2.40 7341 8174 0.90 1.27
20180808 9780 9830 9570 9580 15453 15005782 2.65 0.80 -2.24 9397 6055 1.55 1.27
20180807 9520 9850 9330 9800 17082 16414359 5.51 0.91 3.81 7589 9493 0.80 1.40
20180806 9700 9750 9410 9440 16510 15808298 3.51 0.87 -2.68 10227 6283 1.63 1.35
20180803 9890 9890 9570 9700 15538 15162856 3.27 0.74 -0.92 8869 6669 1.33 1.27
20180802 10220 10290 9510 9790 30474 29957724 7.59 1.34 -4.67 17337 13138 1.32 2.50
20180801 10500 10670 10250 10270 16846 17668381 4.00 0.51 -2.10 9041 7806 1.16 1.38
20180731 10510 10730 10400 10490 14292 15079075 3.12 0.36 -0.94 8689 5603 1.55 1.17
20180730 10720 10840 10480 10590 17789 18904809 3.36 0.42 -1.30 11462 6327 1.81 1.46
20180727 11010 11080 10700 10730 26177 28455095 3.46 0.61 -2.28 17849 8328 2.14 2.14
20180726 10950 11110 10660 10980 38553 42023862 4.03 1.02 -1.61 22869 15684 1.46 3.16
20180725 10740 11830 10700 11160 67354 76085972 10.51 2.30 3.81 39763 27591 1.44 5.52
20180724 10240 10770 10160 10750 50645 53436266 5.97 2.28 5.29 19414 31231 0.62 4.15
20180723 10090 10230 9980 10210 28235 28523677 2.47 1.37 0.79 15607 12628 1.24 2.31
20180720 10260 10260 10040 10130 28351 28767837 2.16 1.63 -0.69 16008 12343 1.30 2.32
20180719 10430 10520 10110 10200 14642 15035706 3.93 0.80 -2.21 9917 4725 2.10 1.20
20180718 10420 10730 10350 10430 24286 25539369 3.65 1.45 0.10 11801 12485 0.95 1.99
20180717 10520 10520 10230 10420 15383 15947878 2.75 0.84 -1.04 9175 6208 1.48 1.26
20180716 10450 10800 10250 10530 20555 21577187 5.28 1.24 1.15 8917 11638 0.77 1.68
20180713 10470 10530 10350 10410 11932 12458591 1.72 0.65 -0.57 7080 4852 1.46 0.98
20180712 10210 10540 10170 10470 19310 20120051 3.62 1.11 2.55 7926 11384 0.70 1.58
20180711 10350 10450 10000 10210 16584 16979170 4.27 0.95 -3.22 9176 7408 1.24 1.36
20180710 10450 10750 10420 10550 22708 23944917 3.23 1.34 3.33 12018 10691 1.12 1.86
20180709 9990 10280 9990 10210 12144 12340576 2.90 0.67 2.00 5728 6416 0.89 0.99
20180706 10180 10260 9560 10010 21411 21288744 6.94 1.24 -0.79 11007 10404 1.06 1.75
20180705 10470 10480 10030 10090 14400 14756036 4.30 0.81 -3.63 7699 6701 1.15 1.18
20180704 10780 10880 10420 10470 16786 17802857 4.24 0.98 -3.41 11238 5549 2.03 1.38
20180703 10600 10870 10430 10840 19859 21193880 4.19 1.28 3.34 8276 11583 0.71 1.63
20180702 10650 10920 10340 10490 18761 20023371 5.45 1.28 -1.41 10030 8732 1.15 1.54
20180629 10450 10690 10390 10640 16711 17692897 2.91 1.13 3.20 7815 8897 0.88 1.37
20180628 10500 10630 10250 10310 16592 17400533 3.65 1.09 -1.06 8147 8445 0.96 1.36
20180627 10410 10610 10340 10420 13639 14302048 2.60 0.78 0.48 7118 6521 1.09 1.12
20180626 10010 10440 10010 10370 11963 12321289 4.22 0.61 1.87 5083 6880 0.74 0.98
20180625 10600 10660 10150 10180 14407 15012798 4.86 0.67 -2.96 8227 6180 1.33 1.18
20180622 10280 10600 10090 10490 17625 18387579 4.99 0.81 2.54 7365 10259 0.72 1.44
20180621 10740 11060 10120 10230 18169 19391243 8.70 0.82 -5.28 11488 6681 1.72 1.49
20180620 10710 10990 10410 10800 25282 27054553 5.36 1.23 -0.18 12554 12728 0.99 2.07
20180619 11600 11720 10820 10820 22370 24964340 7.49 1.15 -9.98 13251 9119 1.45 1.83
20180615 11970 12650 11920 12020 24791 30254848 6.08 1.52 0.17 12532 12260 1.02 2.03
20180614 12230 12350 11910 12000 17639 21424712 3.63 1.17 -1.07 10796 6843 1.58 1.44
20180613 12780 12790 12080 12130 21173 26166523 5.55 1.69 -5.23 11730 9443 1.24 1.73
20180612 12660 12870 12370 12800 16737 21308037 3.96 1.57 1.27 7731 9006 0.86 1.37
20180611 13300 13300 12530 12640 16978 21797160 5.82 1.90 -4.53 10569 6408 1.65 1.39
20180608 13600 13670 13150 13240 8901 11831352 3.84 0.91 -2.29 4206 4696 0.90 0.73
20180607 19690 19690 19090 19170 11514 22229546 3.08 1.18 -1.64 7631 3883 1.97 1.32
20180606 19360 19490 19210 19490 8413 16317741 1.45 0.73 0.83 4264 4150 1.03 0.96
20180605 19130 19400 18900 19330 7629 14644234 2.64 0.64 1.90 3944 3685 1.07 0.87
20180604 19150 19280 18820 18970 8209 15589257 2.40 0.62 -0.89 4625 3584 1.29 0.94
20180601 19080 19780 18990 19140 13260 25682868 4.16 0.97 0.90 7108 6152 1.16 1.52
20180531 18880 19160 18770 18970 11163 21174825 2.09 0.77 1.44 6583 4580 1.44 1.28
20180530 19600 19600 18510 18700 17452 33478234 5.43 1.09 -6.87 11604 5848 1.98 2.00
20180529 20190 20280 19940 20080 9331 18780279 1.69 0.49 -0.15 4230 5101 0.83 1.07
20180528 20680 20680 19900 20110 14650 29729934 3.77 0.68 -2.80 8191 6459 1.27 1.68
20180525 20960 20960 20390 20690 15528 32147697 2.72 0.68 -1.34 8659 6869 1.26 1.78
20180524 21000 21120 20650 20970 15878 33258474 2.27 0.61 1.11 7406 8472 0.87 1.82
20180523 21300 21450 20700 20740 24929 52566761 3.58 1.08 -0.96 13976 10952 1.28 2.86
20180522 20590 21100 20400 20940 23810 49628748 3.39 1.17 1.50 10904 12906 0.84 2.73
20180521 20780 21150 20570 20630 27759 57766835 2.84 1.64 1.18 14866 12893 1.15 3.18
20180518 20420 20600 20080 20390 21496 43681007 2.50 1.37 -1.97 13668 7828 1.75 2.47
20180517 20240 21230 20240 20800 31880 66411122 4.92 2.52 3.43 13437 18444 0.73 3.66
20180516 20150 20270 19910 20110 10724 21568495 1.78 0.81 -0.30 5399 5325 1.01 1.23
20180515 19900 20190 19800 20170 9741 19501400 1.97 0.71 1.97 3925 5816 0.67 1.12
20180514 20100 20180 19710 19780 10772 21449460 2.32 0.71 -2.32 7241 3531 2.05 1.24
20180511 20570 20630 20000 20250 15103 30629611 3.08 1.04 -1.12 10347 4756 2.18 1.73
20180510 20450 20600 20260 20480 16894 34455737 1.68 1.26 0.94 8935 7959 1.12 1.94
20180509 20120 20440 19900 20290 13451 27110464 2.68 0.83 0.74 6433 7018 0.92 1.54
20180508 20220 20270 20000 20140 12623 25393331 1.34 0.78 -0.40 7104 5519 1.29 1.45
20180507 19680 20490 19540 20220 18040 36051670 4.83 1.12 2.90 10078 7962 1.27 2.07
20180504 19690 19820 19500 19650 11829 23316488 1.65 0.70 1.34 5657 6172 0.92 1.36
20180503 19290 19570 19000 19390 11117 21406671 2.97 0.61 1.15 5309 5809 0.91 1.27
20180502 19850 19850 19100 19170 27544 53503052 3.62 1.70 -7.57 15839 11705 1.35 3.16
20180427 20520 20880 20480 20740 11877 24586275 1.96 0.65 1.37 6863 5014 1.37 1.36
20180426 21300 21400 20400 20460 18472 38512820 4.70 0.99 -3.90 12269 6204 1.98 2.12
20180425 21310 21440 21090 21290 15420 32776056 1.62 0.79 -1.34 9509 5911 1.61 1.77
20180424 21110 21610 21030 21580 17369 37157941 2.76 0.83 2.57 7605 9764 0.78 1.99
20180423 21700 21850 20810 21040 17647 37602591 4.83 0.77 -2.28 10729 6919 1.55 2.02
20180420 21760 21940 20600 21530 22964 49072819 6.16 1.02 -1.10 12656 10308 1.23 2.63
20180419 21410 21990 21320 21770 19564 42463652 3.11 0.87 1.07 9970 9594 1.04 2.24
20180418 21500 21630 20800 21540 20349 43200622 3.89 0.92 0.98 9629 10721 0.90 2.33
20180417 22360 22360 21060 21330 24347 52944250 5.81 1.14 -4.69 14861 9486 1.57 2.79
20180416 22010 22410 21730 22380 27581 60886406 3.12 1.26 2.61 13394 14186 0.94 3.16
20180413 21590 22110 21590 21810 20267 44313430 2.41 0.89 0.97 10155 10111 1.00 2.32
20180412 21380 22000 21380 21600 20413 44234595 2.88 0.73 0.28 9436 10977 0.86 2.34
20180411 21100 21680 21100 21540 18493 39498198 2.76 0.59 2.43 8370 10123 0.83 2.12
20180410 21100 21410 20650 21030 20031 42215597 3.59 0.59 -0.57 10739 9292 1.16 2.30
20180409 21550 21980 20780 21150 30141 63878053 5.37 0.92 -5.37 17251 12889 1.34 3.46
20180404 22620 22890 22300 22350 25337 57156673 2.59 0.70 -1.80 15675 9662 1.62 2.91
20180403 22170 23440 22150 22760 46579 106549265 5.75 1.55 1.52 20699 25879 0.80 5.34
20180402 22600 22790 22000 22420 34815 77944917 3.57 1.31 1.26 17778 17037 1.04 3.99
20180330 21910 22460 21740 22140 31609 70125068 3.30 1.21 1.42 15177 16432 0.92 3.62
20180329 21560 21850 21220 21830 25478 54833450 2.92 1.05 1.30 13973 11505 1.21 2.92
20180328 20990 22290 20650 21550 41749 89649517 7.81 1.96 2.67 16357 25392 0.64 4.79
20180327 20790 21220 20600 20990 16685 34982832 3.02 0.73 2.39 8807 7878 1.12 3.86
20180326 19300 20880 19300 20500 17254 34786719 7.83 0.71 1.59 8058 9196 0.88 4.00
20180323 21520 21660 20180 20180 29904 62222815 6.60 1.26 -9.99 17885 12018 1.49 6.93
20180322 22440 22880 22340 22420 15502 34981844 2.39 0.52 -0.97 9447 6055 1.56 3.59
20180321 23010 23370 22450 22640 26971 61880614 3.97 0.74 -2.41 15724 11247 1.40 6.25
20180320 22850 23400 22500 23200 23899 54734096 3.88 0.64 -0.04 12760 11139 1.15 5.54
20180319 23120 23650 22700 23210 24777 57736151 4.10 0.59 0.26 12210 12567 0.97 5.74
20180316 22660 23740 22380 23150 27287 62868045 6.00 0.51 2.07 13713 13574 1.01 6.32
20180315 23110 23590 22040 22680 44795 102331579 6.43 0.85 -5.93 28481 16314 1.75 10.37
20180314 23740 24880 23740 24110 61243 149767597 4.85 1.41 2.55 28634 32609 0.88 14.18
20180313 24320 24360 23470 23510 30020 71572323 3.69 0.73 -2.49 18583 11437 1.62 6.95
20180312 23800 24250 23610 24110 45101 108017898 2.62 1.28 -1.15 27001 18100 1.49 10.45
20180309 24660 25490 24020 24390 86238 212593251 6.23 3.84 3.30 39241 46998 0.83 19.97
20180308 21500 23610 21210 23610 40907 92171549 11.18 2.23 10.02 16625 24282 0.68 9.47
20180307 21870 21870 21450 21460 14200 30765925 1.92 0.71 -1.92 8886 5314 1.67 3.29
20180306 21730 22130 21620 21880 19815 43365818 2.35 0.93 0.64 9678 10137 0.95 4.59
20180305 21920 21920 21610 21740 15623 33974103 1.42 0.69 -0.73 8093 7530 1.07 3.62
20180302 21760 22000 21200 21900 21703 46991585 3.62 0.95 -0.77 12787 8916 1.43 5.03
20180301 22660 22750 21720 22070 20457 45112673 4.66 0.99 -0.14 10460 9997 1.05 4.74
20180228 21750 22140 21450 22100 22365 49008117 3.12 1.27 0.00 10957 11408 0.96 5.18
20180227 21400 22370 21270 22100 26873 58333272 5.10 1.82 2.46 13990 12883 1.09 6.22
20180226 20680 21620 20680 21570 21233 44967159 4.53 1.66 3.85 10666 10567 1.01 4.92
20180223 21020 21960 20680 20770 22772 48723907 6.22 2.08 0.92 12541 10231 1.23 5.27
20180222 20350 20650 20070 20580 10308 21013958 2.89 0.93 2.54 4771 5537 0.86 2.39
20180214 19940 20180 19610 20070 7207 14313067 2.86 0.54 0.65 3863 3344 1.16 1.67
20180213 19880 20500 19800 19940 12278 24698262 3.51 0.81 0.10 7848 4430 1.77 2.84
20180212 19460 20120 19360 19920 11216 22245015 3.97 0.78 4.18 4220 6996 0.60 2.60
20180209 19750 19860 18780 19120 13604 26398313 5.34 0.96 -5.53 7831 5773 1.36 3.15
20180208 20190 20360 19820 20240 11374 22914294 2.71 0.73 1.61 5208 6166 0.84 2.63
20180207 20630 20630 19360 19920 18806 37766303 6.37 1.16 -0.05 10395 8411 1.24 4.36
20180206 21800 21850 19930 19930 21017 43754139 8.67 1.44 -9.98 12245 8772 1.40 4.87
20180205 22000 22580 21780 22140 6735 14967282 3.56 0.41 -1.60 3421 3314 1.03 1.56
20180202 22660 22940 22000 22500 12738 28667278 4.10 0.76 -1.92 6617 6121 1.08 2.95
20180201 24220 24370 22630 22940 18638 43998633 7.14 1.14 -5.83 11646 6992 1.67 4.32
20180131 25900 25900 24000 24360 21981 54136214 7.37 1.43 -5.51 13613 8368 1.63 5.09
20180130 26040 26250 25700 25780 13095 33863942 2.11 0.87 -1.23 8123 4972 1.63 3.03
20180129 26800 26940 26010 26100 16410 43271279 3.47 1.03 -2.61 9822 6588 1.49 3.80
20180126 27020 27180 26770 26800 13681 36841940 1.51 0.74 -1.03 9338 4343 2.15 3.17
20180125 27140 27470 27060 27080 16392 44645721 1.50 0.87 -1.13 10032 6361 1.58 3.80
20180124 27380 27460 27050 27390 17480 47684007 1.51 0.92 0.77 7835 9645 0.81 4.05
20180123 27290 27390 27100 27180 11704 31814122 1.06 0.60 -0.48 7552 4152 1.82 2.71
20180122 27600 27620 26750 27310 20211 54920893 3.12 0.99 -2.11 10910 9301 1.17 4.68
20180119 27400 28210 27200 27900 27234 75637078 3.68 1.47 1.57 13107 14128 0.93 6.31
20180118 27480 27490 27000 27470 17728 48398340 1.80 0.98 0.81 9628 8100 1.19 4.11
20180117 27060 27480 26420 27250 18487 49773903 3.92 0.98 0.74 9666 8821 1.10 4.28
20180116 26810 27300 26770 27050 14272 38567550 1.98 0.66 0.93 7617 6655 1.14 3.31
20180115 28300 28300 26750 26800 24277 66142304 5.48 1.05 -5.27 15636 8641 1.81 5.62
20180112 28200 28440 27910 28290 18120 51131778 1.89 0.70 0.68 8715 9405 0.93 4.20
20180111 27710 28230 27700 28100 14964 41936711 1.90 0.46 0.64 7892 7072 1.12 3.47
20180110 28450 28660 27620 27920 23037 64660335 3.62 0.56 -2.85 15095 7943 1.90 5.34
20180109 29000 29130 28330 28740 27708 79566940 2.78 0.69 -0.07 15049 12659 1.19 6.42
20180108 28350 28890 27810 28760 31750 90038337 3.81 0.79 1.45 14548 17202 0.85 7.35
20180105 28900 28900 28330 28350 31479 89906892 1.97 0.82 -2.07 19098 12382 1.54 7.29
20180104 30050 30290 28810 28950 49372 144800886 4.98 2.82 -2.62 30043 19329 1.55 11.43
20180103 29000 30790 29000 29730 65999 196158764 6.39 2.39 6.18 30112 35887 0.84 15.29
20180102 28000 28230 27340 28000 21625 60216753 3.20 0.83 0.68 11206 10419 1.08 5.01
20171229 27850 28670 27790 27810 31398 88477409 3.20 1.35 1.27 14995 16403 0.91 7.27
20171228 27400 27870 27110 27460 23870 65732431 2.75 0.97 -0.76 13885 9985 1.39 5.53
20171227 27680 28150 27380 27670 35833 99590358 2.80 1.73 0.65 17001 18831 0.90 8.30
20171226 26650 27640 26640 27490 25588 69867934 3.73 1.33 2.61 9727 15861 0.61 5.93
20171225 27070 27180 26610 26790 13705 36727766 2.09 0.68 -1.80 8992 4713 1.91 3.17
20171222 27200 27360 26910 27280 17263 46810683 1.65 0.69 -0.26 11241 6021 1.87 4.00
20171221 27040 27660 26940 27350 30038 82291037 2.67 1.34 1.60 12910 17128 0.75 6.96
20171220 27250 27260 26680 26920 16705 44983996 2.12 0.72 -1.54 10899 5805 1.88 3.87
20171219 27230 27580 27200 27340 18127 49671788 1.41 0.72 1.48 9149 8978 1.02 4.20
20171218 27370 27480 26700 26940 19248 52055698 2.83 0.69 -2.29 11804 7444 1.59 4.46
20171215 27150 28100 27120 27570 40738 112200578 3.62 1.56 1.88 18934 21803 0.87 9.43
20171214 26980 27090 26650 27060 17230 46380727 1.64 0.65 0.67 8766 8464 1.04 3.99
20171213 26770 27170 26480 26880 20132 54183833 2.59 0.74 0.86 9664 10468 0.92 4.66
20171212 27500 27500 26530 26650 28407 76312857 3.51 0.89 -3.51 19696 8711 2.26 6.58
20171211 27400 27730 27350 27620 33696 92655092 1.39 0.87 0.84 20853 12843 1.62 7.80
20171208 26610 27650 26610 27390 31243 85108212 3.88 0.80 2.28 15545 15698 0.99 7.24
20171207 27000 27080 26650 26780 18603 50006731 1.58 0.45 -1.47 11452 7151 1.60 4.31
20171206 26900 27280 26410 27180 24724 66694857 3.25 0.54 1.61 13452 11272 1.19 5.73
20171205 28260 28270 26360 26750 50765 139347487 6.64 1.07 -6.99 32015 18750 1.71 11.76
20171204 31250 31250 28760 28760 67531 199946496 7.79 1.33 -10.01 39400 28131 1.40 15.64
20171201 32400 32970 31750 31960 33384 107270429 3.78 0.62 -1.02 20607 12776 1.61 7.73
20171130 32890 33110 32060 32290 32096 104548697 3.19 0.53 -1.97 20730 11366 1.82 7.43
20171129 32210 33320 31820 32940 44507 145087193 4.61 0.71 1.17 24825 19682 1.26 10.31
20171128 31880 32900 30880 32560 60034 192012272 6.12 0.89 -1.33 32285 27750 1.16 13.90
20171127 33360 35140 32600 33000 83874 284103072 7.69 1.20 -0.15 43192 40681 1.06 19.43
20171124 32580 33370 32200 33050 48482 159010471 3.54 0.66 0.09 28431 20050 1.42 11.23
20171123 33500 34200 32610 33020 66068 221729183 4.71 0.89 -2.25 35100 30968 1.13 15.30
20171122 34000 34500 33210 33780 57171 193079248 3.82 0.71 -0.03 30300 26871 1.13 13.24
20171121 32110 33880 31010 33790 82709 268694208 8.70 1.03 2.39 46931 35778 1.31 19.16
20171120 35480 35900 31000 33000 96473 327635056 14.35 1.20 -3.34 50741 45732 1.11 22.34
20171117 33280 34190 32510 34140 66546 223131491 4.96 0.69 0.86 35616 30930 1.15 15.41
20171116 35170 35380 33800 33850 66663 229622941 4.54 0.56 -2.76 38795 27868 1.39 15.44
20171115 35000 36530 34700 34810 90823 322129936 5.32 0.79 1.13 45149 45674 0.99 21.03
20171114 35000 36350 34210 34420 79766 282131648 6.05 0.66 -2.66 45198 34568 1.31 18.47
20171113 33610 36280 33610 35360 96521 338287424 7.78 0.83 3.06 46617 49904 0.93 22.35
20171110 35550 36350 34250 34310 148377 525005104 6.06 1.62 -0.92 79169 69209 1.14 34.36
20171109 33050 35820 33050 34630 183411 641566016 8.51 2.99 6.36 92774 90637 1.02 42.48
20171108 31990 33000 31620 32560 69371 224947443 4.23 1.30 -0.12 36473 32898 1.11 16.07
20171107 31810 33380 31260 32600 103588 335483008 6.67 2.75 2.55 50509 53079 0.95 23.99
20171106 31500 31790 30220 31790 77827 242039375 5.43 2.46 10.00 37291 40536 0.92 18.02
20171103 29400 29660 28510 28900 24355 70818974 3.91 0.59 -1.70 14194 10161 1.40 5.64
20171102 30210 30210 29340 29400 31889 94334139 2.88 0.79 -2.65 19476 12413 1.57 7.39
20171101 30440 30580 30000 30200 28770 87190427 1.91 0.69 -0.59 15907 12863 1.24 6.66
20171031 30100 30780 30050 30380 25386 77119250 2.43 0.55 1.33 13930 11456 1.22 5.88
20171030 31740 31890 29310 29980 47783 146302725 8.00 0.96 -7.07 30506 17277 1.77 11.07
20171027 31800 32800 31600 32260 71143 229908653 3.82 1.54 2.61 32280 38863 0.83 16.48
20171026 31300 31680 30690 31440 29858 92878332 3.15 0.60 -0.10 17244 12615 1.37 6.92
20171025 31000 32290 31000 31470 35314 111885908 4.13 0.57 0.83 16869 18445 0.91 8.18
20171024 32400 32400 30610 31210 47794 149966288 5.57 0.71 -2.92 27453 20341 1.35 11.07
20171023 31000 32570 30950 32150 65102 207685796 5.23 0.77 3.88 31713 33389 0.95 15.08
20171020 31400 31950 30090 30950 52308 161273671 5.90 0.58 -1.87 30484 21824 1.40 12.11
20171019 30900 31800 30560 31540 50072 156558560 3.87 0.58 -1.65 26305 23768 1.11 11.60
20171018 31440 33200 31400 32070 95303 308178880 5.69 1.33 1.33 47340 47963 0.99 22.07
20171017 31500 32320 30370 31650 75233 237039130 5.91 1.22 -4.00 45847 29385 1.56 17.42
20171016 33170 34700 32150 32970 151848 502475504 7.95 4.47 2.81 74729 77120 0.97 35.17
20171013 29150 32070 29150 32070 81340 252305158 10.02 3.93 10.02 36681 44659 0.82 18.84
20171012 29220 29490 28900 29150 25362 74052716 2.04 1.35 0.55 15654 9709 1.61 5.87
20171011 29300 29680 28850 28990 24191 70663605 2.84 1.45 -0.72 14210 9981 1.42 5.60
20171010 28260 29370 28220 29200 26590 76627018 4.07 1.58 3.29 8933 17657 0.51 6.16
20171009 28600 28650 28160 28270 12355 35041276 1.74 0.61 0.46 6433 5922 1.09 2.86
20170929 27770 28230 27680 28140 14993 41815360 1.98 0.64 1.26 7446 7547 0.99 3.47
20170928 28250 28340 27600 27790 15739 44100955 2.62 0.63 -1.49 10054 5686 1.77 3.65
20170927 28200 28280 27920 28210 13648 38402436 1.28 0.51 0.18 7589 6058 1.25 3.16
20170926 29200 29220 27900 28160 27451 78187959 4.52 1.07 -3.63 18885 8567 2.20 6.36
20170925 29290 29690 29050 29220 29806 87652036 2.19 1.32 -0.24 16546 13260 1.25 6.90
20170922 28690 29300 28360 29290 31274 90395225 3.27 1.59 1.98 13505 17769 0.76 7.24
20170921 28980 29410 28660 28720 22615 65681103 2.59 1.13 -0.97 13302 9313 1.43 5.24
20170920 28780 29120 28500 29000 21365 61484120 2.15 1.01 0.49 12024 9340 1.29 4.95
20170919 29120 29190 28830 28860 23070 66879190 1.25 1.05 0.24 12083 10986 1.10 5.34
20170918 28550 28820 28430 28790 14691 42097151 1.36 0.58 0.38 7094 7597 0.93 3.40
20170915 28830 28960 28570 28680 16436 47180860 1.35 0.61 -0.80 10742 5694 1.89 3.81
20170914 29330 29560 28780 28910 24356 70948603 2.66 0.87 -1.30 14848 9508 1.56 5.64
20170913 28800 29350 28660 29290 27033 78636576 2.39 1.00 1.53 11560 15473 0.75 6.26
20170912 29090 29200 28620 28850 27826 80345425 1.99 0.92 -1.13 16220 11607 1.40 6.44
20170911 29160 29590 29010 29180 29940 87591608 2.03 0.97 1.99 14214 15727 0.90 6.93
20170908 28710 29190 28290 28610 26225 75267248 3.11 0.78 -1.17 16904 9322 1.81 6.07
20170907 28850 29480 28830 28950 28583 83419688 2.24 0.76 -0.24 14755 13829 1.07 6.62
20170906 29150 29200 28700 29020 22157 64020456 1.70 0.45 -1.06 13231 8926 1.48 5.13
20170905 28490 29550 28490 29330 45104 131621729 3.72 0.87 2.88 21171 23933 0.88 10.45
20170904 29040 29190 28410 28510 32371 92978396 2.69 0.58 -1.83 21301 11070 1.92 7.50
20170901 28900 29360 28740 29040 40532 117450903 2.14 0.74 0.14 25108 15424 1.63 9.39
20170831 28510 29180 28200 29000 46946 134971475 3.45 0.92 2.00 21718 25228 0.86 10.87
20170830 28560 28990 28120 28430 81475 232461240 2.90 2.11 -5.20 47664 33811 1.41 18.87
20170829 29700 30850 29360 29990 56725 170596626 5.01 1.90 0.81 29409 27316 1.08 13.14
20170828 28800 30220 28800 29750 54321 159934547 5.00 2.47 4.68 25492 28829 0.88 12.58
20170825 27800 28490 27510 28420 34872 98030303 3.52 2.01 2.19 15551 19320 0.80 8.08
20170824 27580 28230 27460 27810 27783 77447404 2.79 1.95 0.91 13427 14355 0.94 6.43
20170823 27580 27780 27220 27560 19203 52916434 2.04 1.39 0.44 8768 10436 0.84 4.45
20170822 28000 28000 27400 27440 12917 35762669 2.14 1.00 -1.93 8506 4411 1.93 2.99
20170821 27680 28090 27550 27980 14994 41713687 1.96 1.29 1.75 7153 7841 0.91 3.47
20170818 27600 27850 27410 27500 11715 32347752 1.60 0.98 -0.22 6548 5166 1.27 2.71
20170817 27540 27710 27420 27560 12288 33847012 1.05 1.03 -0.40 7964 4325 1.84 2.85
20170816 27150 27790 26910 27670 17097 46954642 3.25 1.61 2.07 6934 10162 0.68 3.96
20170815 27010 27360 26880 27110 8424 22835571 1.78 0.70 0.59 4200 4224 0.99 1.95
20170814 26380 27100 26380 26950 8687 23376516 2.71 0.71 1.39 4328 4359 0.99 2.01
20170811 27000 27240 26500 26580 13118 35213658 2.72 1.03 -2.21 7724 5395 1.43 3.04
20170810 27800 27930 27150 27180 12471 34262002 2.81 0.98 -2.05 7901 4569 1.73 2.89
20170809 27650 27940 27390 27750 10282 28536060 1.98 0.68 -0.18 5725 4557 1.26 2.38
20170808 27610 28000 27110 27800 15196 41937271 3.23 1.02 0.83 7202 7994 0.90 3.52
20170807 27550 27940 27520 27570 9913 27432512 1.52 0.59 0.07 5236 4677 1.12 2.30
20170804 27900 28150 27510 27550 15570 43210733 2.27 0.94 -2.17 9409 6160 1.53 3.61
20170803 27900 28550 27900 28160 12946 36574554 2.33 0.70 1.04 6038 6909 0.87 3.00
20170802 28800 28840 27720 27870 21743 61400787 3.88 1.28 -3.33 14114 7629 1.85 5.04
20170801 28610 28880 28410 28830 14436 41345318 1.65 0.87 0.98 6887 7549 0.91 3.34
20170731 28000 28640 28000 28550 18745 53285515 2.26 1.13 0.88 9528 9217 1.03 4.34
20170728 28330 28470 28030 28300 15329 43322476 1.54 0.75 -0.63 9214 6115 1.51 3.55
20170727 27950 28750 27650 28480 22082 62510323 3.96 1.11 2.48 9811 12271 0.80 5.11
20170726 28200 28240 27590 27790 14196 39511059 2.31 0.70 -1.17 8257 5939 1.39 3.29
20170725 28110 28450 27950 28120 12328 34680876 1.76 0.58 -0.74 7727 4601 1.68 2.86
20170724 27530 28650 27380 28330 18908 53147910 4.52 0.73 0.75 9492 9416 1.01 4.38
20170721 28980 29000 27650 28120 34104 95877207 4.65 1.45 -3.10 19184 14920 1.29 7.90
20170720 29300 29780 29010 29020 20319 59653804 2.62 0.88 -1.19 12230 8090 1.51 4.71
20170719 29010 29500 29010 29370 15861 46392810 1.67 0.60 0.10 8991 6870 1.31 3.67
20170718 28850 29600 28800 29340 17346 50698387 2.78 0.59 1.88 8807 8540 1.03 4.02
20170717 31200 31200 28760 28800 41724 124149320 7.65 1.36 -9.66 25225 16498 1.53 9.66
20170714 32200 32830 31700 31880 22152 71510553 3.55 0.53 0.13 11255 10897 1.03 5.13
20170713 32300 32400 31680 31840 17987 57434157 2.22 0.40 -1.85 11423 6565 1.74 4.17
20170712 32250 32640 31330 32440 32480 103597004 4.04 0.75 0.00 18642 13838 1.35 7.52
20170711 33450 33780 32390 32440 32100 105536366 4.16 0.78 -2.87 20122 11978 1.68 7.43
20170710 34300 34530 33340 33400 48516 164521419 3.42 1.36 -4.08 31938 16578 1.93 11.24
20170707 33220 35380 33220 34820 79209 273367840 6.52 3.25 5.04 33950 45259 0.75 18.34
20170706 33390 33400 32670 33150 30768 101708928 2.20 1.34 0.03 18288 12480 1.47 7.13
20170705 32700 33160 32500 33140 26891 88419598 2.02 1.25 1.66 11056 15835 0.70 6.23
20170704 32950 32970 32400 32600 19519 63805775 1.73 0.85 -0.79 11979 7540 1.59 4.52
20170703 32600 32880 32220 32860 21997 71733288 2.02 0.94 0.77 11353 10644 1.07 5.09
20170630 32210 32900 32110 32610 22571 73436027 2.43 0.92 0.34 11670 10900 1.07 5.23
20170629 32360 32940 32270 32500 23554 76893718 2.10 0.84 1.82 11636 11918 0.98 5.46
20170628 32950 32980 31880 31920 20237 65060747 3.35 0.59 -2.68 13262 6974 1.90 4.69
20170627 32450 33400 32440 32800 26343 86800284 2.94 0.65 0.49 14458 11885 1.22 6.10
20170626 32080 32750 31730 32640 24256 78625740 3.16 0.58 1.21 11553 12703 0.91 5.62
20170623 31990 32390 31050 32250 28045 89281406 4.19 0.59 0.91 15813 12232 1.29 6.50
20170622 33460 33620 31600 31960 42072 137416686 6.04 0.77 -4.48 25833 16240 1.59 9.74
20170621 34000 34360 32700 33460 49390 165151335 4.83 0.84 -2.62 29203 20187 1.45 11.44
20170620 34130 35150 34010 34360 57563 199130879 3.36 0.89 1.33 27708 29855 0.93 13.33
20170619 33650 34140 33500 33910 32239 108949940 1.90 0.44 0.56 14313 17927 0.80 7.47
20170616 34580 35170 33480 33720 57017 196225180 4.82 0.75 -3.88 34235 22781 1.50 13.21
20170615 35600 36770 34870 35080 76097 272474112 5.33 0.96 -1.54 40115 35982 1.11 17.62
20170614 35360 36350 34600 35630 70218 248723578 4.88 0.84 -0.59 35319 34899 1.01 16.26
20170613 35740 37490 35500 35840 89400 326804160 5.50 1.19 -0.91 45924 43475 1.06 20.70
20170612 35480 36900 34800 36170 73440 264889692 5.81 0.97 0.00 35324 38116 0.93 17.01
20170609 36000 37150 35500 36170 69208 250199987 4.51 0.91 -1.04 36382 32826 1.11 16.03
20170608 35600 37570 35280 36550 95524 347259936 6.39 1.39 2.01 48514 47010 1.03 22.12
20170607 33540 35980 33540 35830 91182 319563632 7.26 1.43 6.57 37998 53183 0.71 21.12
20170606 33700 34800 33010 33620 45469 153592367 5.22 0.64 -1.95 26542 18927 1.40 10.53
20170605 34870 36360 34010 34290 77993 273153808 6.87 1.22 0.29 40731 37262 1.09 18.06
20170602 32270 34320 32000 34190 71337 239746754 7.04 1.20 3.76 32333 39003 0.83 16.52
20170601 32700 33500 31800 32950 57046 185558997 5.18 0.89 0.30 31211 25835 1.21 13.21
20170531 34010 34710 32550 32850 67464 226509234 6.69 1.02 1.70 39573 27891 1.42 15.62
20170526 30800 33800 30800 32300 78931 253765557 9.74 1.22 4.90 36006 42925 0.84 18.28
20170525 31070 31250 29500 30790 45865 139889686 5.63 0.61 -1.00 25422 20444 1.24 10.62
20170524 30490 31480 29180 31100 46751 142924460 7.47 0.58 0.97 24561 22190 1.11 10.83
20170523 34010 34100 30800 30800 83127 265803006 9.64 1.02 -9.99 41302 41825 0.99 19.25
20170522 36560 38180 34000 34220 75897 278291792 11.29 0.95 -7.61 40489 35408 1.14 17.58
20170519 38100 38300 36810 37040 72440 271081888 3.88 0.86 -3.64 40197 32243 1.25 16.78
20170518 36010 38560 36010 38440 95062 357490496 6.91 1.19 4.15 41433 53629 0.77 22.02
20170517 37600 38360 36790 36910 78348 293133904 4.14 1.02 -2.69 46525 31823 1.46 18.15
20170516 36000 38080 35950 37930 86685 322690688 5.87 1.27 4.58 41102 45583 0.90 20.08
20170515 36150 36960 35690 36270 66073 239891115 3.47 1.02 -0.98 34457 31616 1.09 15.30
20170512 34620 37360 34000 36630 96290 344837168 9.61 1.73 4.81 47211 49079 0.96 22.30
20170511 32460 35200 31500 34950 72193 243369000 11.16 1.30 5.40 33630 38563 0.87 16.72
20170510 34100 35290 33130 33160 64166 220183637 6.44 1.03 -1.13 34478 29688 1.16 14.86
20170509 32780 33830 32520 33540 41804 138853811 4.02 0.62 3.04 20505 21299 0.96 9.68
20170508 35020 35600 32200 32550 47889 162736911 9.57 0.62 -8.34 28079 19810 1.42 11.09
20170505 35520 36910 35500 35510 51725 187457814 3.89 0.59 -2.07 28235 23490 1.20 11.98
20170504 37720 37980 36170 36260 72958 269267872 4.73 0.86 -5.33 42603 30355 1.40 16.90
20170503 37300 38880 36700 38300 97468 369373168 5.82 1.30 2.19 52167 45302 1.15 22.57
20170502 36310 37530 36100 37480 65410 239972874 3.86 0.94 1.30 33600 31810 1.06 15.15
20170428 37280 37800 36000 37000 101179 371923168 4.85 1.73 -0.35 59006 42174 1.40 23.43
20170427 33500 37130 33260 37130 103302 370118800 11.47 1.96 10.01 41758 61544 0.68 23.92
20170426 32500 34100 32300 33750 58172 195221570 5.50 1.02 3.18 28658 29514 0.97 13.47
20170425 32690 33680 32320 32710 45799 151270425 4.22 0.72 1.52 22041 23758 0.93 10.61
20170424 33020 33280 31600 32220 39434 128418742 5.04 0.56 -3.36 21549 17885 1.20 9.13
20170421 34100 34520 33250 33340 46126 156176653 3.68 0.54 -3.42 26123 20002 1.31 10.68
20170420 35400 35550 33210 34520 74323 257140479 6.54 0.72 -3.55 45156 29167 1.55 17.21
20170419 33660 35940 33660 35790 79526 278244960 6.69 0.82 4.99 34983 44543 0.79 18.42
20170418 35000 36160 33700 34090 79198 275581184 6.88 0.61 -4.62 45111 34087 1.32 18.34
20170417 37410 37430 35740 35740 75971 275085504 4.26 0.51 -10.00 41768 34203 1.22 17.59
20170414 38250 41380 37300 39710 120514 472730352 10.40 0.96 1.25 63638 56876 1.12 27.91
20170413 37520 41090 37520 39220 158146 620509328 8.56 1.69 -5.92 72107 86039 0.84 36.63
20170412 43000 43660 41690 41690 50916 214891173 4.25 0.61 -10.00 19195 31722 0.61 11.79
20170411 44200 49380 42260 46320 242119 1111964672 15.75 6.93 2.48 118253 123866 0.95 56.07
20170410 45200 45200 42020 45200 173115 762028432 7.74 534.31 10.00 91164 81951 1.11 40.09
20170407 41090 41090 41090 41090 569 2339254 0.00 2.55 10.01 569 - - 0.13
20170406 37350 37350 37350 37350 386 1440963 0.00 2.53 10.01 386 - - 0.09
20170405 33950 33950 33950 33950 338 1147171 0.00 3.13 10.01 338 - - 0.08
20170331 30860 30860 30860 30860 224 691264 0.00 2.83 10.02 224 - - 0.05
20170330 28050 28050 28050 28050 103 288915 0.00 1.45 10.00 103 - - 0.02
20170329 25500 25500 25500 25500 64 163200 0.00 0.86 10.01 64 - - 0.01
20170328 23180 23180 23180 23180 33 76494 0.00 0.28 10.01 33 - - 0.01
20170327 17560 21070 17560 21070 116 244525 23.99 - 44.02 116 - - 0.03
