20180223 52550 53970 52550 53040 2590 13760676 2.68 0.82 0.06 1159 1431 0.81 1.23
20180222 52870 53300 51530 53010 3334 17607184 3.37 1.09 1.03 1866 1468 1.27 1.59
20180214 51500 52800 51500 52470 2343 12247021 2.53 0.61 2.02 1067 1277 0.84 1.12
20180213 51360 51880 51120 51430 2759 14195324 1.48 0.54 -0.16 1763 997 1.77 1.31
20180212 49330 51780 49330 51510 4159 21146500 4.99 0.75 4.97 1732 2426 0.71 1.98
20180209 49000 49980 48570 49070 3279 16135512 2.79 0.49 -2.74 2214 1065 2.08 1.56
20180208 49570 50780 49250 50450 2796 14061560 3.07 0.32 1.08 1134 1662 0.68 1.33
20180207 50150 50510 47480 49910 6080 30211100 6.17 0.69 1.63 3254 2827 1.15 2.90
20180206 52000 52170 49020 49110 9289 46737767 5.93 1.15 -7.60 6329 2960 2.14 4.42
20180205 54880 54980 52520 53150 6153 33117524 4.45 0.63 -3.91 4245 1908 2.22 2.93
20180202 56290 56620 52020 55310 9121 50342292 8.07 1.05 -3.02 5435 3686 1.47 4.34
20180201 55680 57900 55680 57030 13697 77999737 3.99 1.75 2.42 7261 6436 1.13 6.52
20180131 55570 56470 55110 55680 5611 31406659 2.45 0.75 0.18 3073 2538 1.21 2.67
20180130 55310 55980 55250 55580 5864 32555414 1.31 0.83 -0.41 3719 2145 1.73 2.79
20180129 56000 57070 55210 55810 14829 83516900 3.40 2.72 2.10 7426 7403 1.00 7.06
20180126 55100 55350 54100 54660 3227 17643391 2.29 0.55 0.15 1640 1588 1.03 1.54
20180125 56270 56380 54540 54580 9561 52896263 3.26 2.01 -3.16 6634 2927 2.27 4.55
20180124 55790 56520 55130 56360 3788 21223352 2.49 0.71 1.02 1675 2113 0.79 1.80
20180123 55880 56150 55470 55790 3816 21287041 1.21 0.62 -0.37 2133 1683 1.27 1.82
20180122 54800 56780 53900 56000 6822 37735262 5.21 0.96 1.27 2775 4048 0.69 3.25
20180119 55330 56480 55000 55300 5451 30354904 2.66 0.76 -0.47 2673 2778 0.96 2.60
20180118 55050 56300 54930 55560 3962 22017907 2.50 0.55 1.35 2036 1926 1.06 1.89
20180117 54180 55660 53490 54820 6515 35568008 4.01 0.96 1.27 3340 3175 1.05 3.10
20180116 54010 55350 53300 54130 8089 43816280 3.78 1.29 -0.20 5244 2845 1.84 3.85
20180115 57230 57350 53900 54240 11424 63047093 5.99 2.11 -5.88 7922 3502 2.26 5.44
20180112 59870 59870 57570 57630 5778 33547628 3.88 1.14 -2.88 3778 1999 1.89 2.75
20180111 58480 59800 57890 59340 4134 24358565 3.27 0.81 1.57 1761 2373 0.74 1.97
20180110 59800 59950 58020 58420 4637 27318631 3.24 0.81 -1.98 2742 1895 1.45 2.21
20180109 59150 60430 58490 59600 5310 31564353 3.28 0.89 0.85 2362 2948 0.80 2.53
20180108 60490 60670 58480 59100 7202 42644078 3.62 1.33 -2.30 4720 2482 1.90 3.43
20180105 60120 60840 59700 60490 4121 24816163 1.89 0.67 0.27 2304 1817 1.27 1.96
20180104 60970 61710 60010 60330 4309 26171185 2.78 1.53 -1.23 2587 1722 1.50 2.05
20180103 61250 61730 60560 61080 7706 47067118 1.90 1.06 -0.75 4491 3215 1.40 3.67
20180102 59810 61700 59490 61540 6351 38535303 3.70 0.83 2.96 2879 3472 0.83 3.02
20171229 59400 59890 58910 59770 4627 27510658 1.64 0.60 0.25 2641 1986 1.33 2.20
20171228 58100 59950 57850 59620 7644 45506890 3.62 0.95 2.78 2973 4671 0.64 3.64
20171227 58010 59900 57590 58010 9776 57660197 3.98 1.31 0.05 5143 4633 1.11 4.66
20171226 55510 58030 55300 57980 7898 45133551 4.90 1.13 4.09 3153 4745 0.66 3.76
20171225 57460 57590 55200 55700 8510 47860990 4.16 1.34 -3.06 5726 2784 2.06 4.05
20171222 57900 58000 57030 57460 4906 28199125 1.68 0.68 -0.61 3137 1769 1.77 2.34
20171221 58860 59130 56110 57810 9069 52545393 5.13 1.32 -1.78 5435 3634 1.50 4.32
20171220 58370 59380 58230 58860 6966 41097280 1.96 1.02 0.55 3223 3743 0.86 3.32
20171219 57930 58770 57800 58540 5600 32673187 1.67 0.72 0.58 3227 2373 1.36 2.67
20171218 57990 58300 57300 58200 5310 30723913 1.73 0.62 0.74 2521 2789 0.90 2.53
20171215 58040 59200 57020 57770 9117 53093638 3.73 0.95 -1.04 5626 3491 1.61 4.34
20171214 57100 58560 57010 58380 7455 43103516 2.70 0.74 1.53 3125 4330 0.72 3.55
20171213 56190 57710 56060 57500 6537 37435111 2.94 0.61 2.33 2851 3686 0.77 3.11
20171212 58350 58560 56180 56190 10528 60338010 4.06 0.98 -4.05 7835 2693 2.91 5.01
20171211 57060 58580 57000 58560 9424 54585509 2.77 0.70 2.63 4441 4983 0.89 4.49
20171208 55800 57880 55050 57060 13859 78974026 5.07 1.16 2.29 6810 7048 0.97 6.60
20171207 57000 57250 55410 55780 10277 57536587 3.22 0.85 -2.48 6371 3905 1.63 4.89
20171206 56510 57940 54700 57200 9618 54167235 5.72 0.78 0.97 4756 4862 0.98 4.58
20171205 57290 58840 55710 56650 10367 59531683 5.43 0.87 -1.68 6129 4239 1.45 4.94
20171204 62990 63300 57410 57620 22803 135188479 9.23 2.14 -9.67 13590 9213 1.48 10.86
20171201 62460 64200 62300 63790 6725 42735573 3.02 0.56 1.40 3697 3028 1.22 3.20
20171130 65000 65480 62510 62910 11134 71434813 4.57 0.88 -3.19 7348 3785 1.94 5.30
20171129 66600 66960 63850 64980 10590 68919870 4.66 0.83 -2.64 6402 4189 1.53 5.04
20171128 65790 67300 65510 66740 8294 55260172 2.71 0.61 1.11 4135 4159 0.99 3.95
20171127 69880 70220 63300 66010 16577 111770858 9.84 1.30 -6.12 9721 6856 1.42 7.89
20171124 66710 70430 66660 70310 13541 93290855 5.59 1.03 4.30 6016 7524 0.80 6.45
20171123 66000 69440 65830 67410 14287 96995854 5.40 1.08 0.81 6230 8057 0.77 6.80
20171122 66290 67850 65260 66870 10932 72763060 3.87 0.71 -0.13 5555 5377 1.03 5.21
20171121 67000 68900 64010 66960 12191 81150814 7.30 0.73 -0.07 6261 5930 1.06 5.81
20171120 64580 67200 63100 67010 12606 83193420 6.40 0.73 4.56 5754 6852 0.84 6.00
20171117 68400 69150 63010 64090 15919 105025043 8.95 0.92 -6.55 9219 6700 1.38 7.58
20171116 71800 72210 68400 68580 14414 100892358 5.30 0.86 -4.59 9741 4672 2.08 6.86
20171115 69810 72500 69810 71880 21757 154481028 3.85 1.34 2.86 11612 10145 1.14 10.36
20171114 73100 73100 69800 69880 18940 135605379 4.53 1.17 -4.16 11684 7256 1.61 9.02
20171113 71000 73990 70170 72910 15295 111036707 5.42 0.95 3.37 6711 8584 0.78 7.28
20171110 69000 70880 68700 70530 16517 115541309 3.16 1.02 2.17 7018 9499 0.74 7.87
20171109 68000 69440 67510 69030 11010 75623189 2.84 0.56 1.50 5823 5187 1.12 5.24
20171108 69270 71880 67890 68010 19176 132964969 5.74 0.89 -2.21 11406 7770 1.47 9.13
20171107 67990 70200 66770 69550 19249 132083170 5.05 0.81 2.35 9529 9720 0.98 9.17
20171106 67800 68450 66600 67950 14575 98513651 2.75 0.53 1.06 7981 6594 1.21 6.94
20171103 66810 67530 65580 67240 16953 113213010 2.91 0.59 0.51 10029 6924 1.45 8.07
20171102 67500 70280 66800 66900 27973 191385699 5.12 1.03 -1.56 16871 11102 1.52 13.32
20171101 66660 69330 66360 67960 29260 197621283 4.42 1.16 1.06 13491 15769 0.86 13.93
20171031 65000 67920 64120 67250 29454 194973369 5.76 1.22 1.89 15771 13683 1.15 14.03
20171030 63680 66970 63100 66000 32582 211865739 6.08 1.64 3.77 13956 18626 0.75 15.52
20171027 61280 64980 61000 63600 23480 148807501 6.49 1.27 3.74 10373 13107 0.79 11.18
20171026 62280 62380 60810 61310 20642 127264531 2.52 1.17 -1.42 13803 6839 2.02 9.83
20171025 60980 62350 60050 62190 19627 120673137 3.80 1.15 2.69 10077 9550 1.06 9.35
20171024 64350 64350 59920 60560 24197 149807598 6.88 1.46 -5.92 13664 10533 1.30 11.52
20171023 63950 65470 63000 64370 11590 74111172 3.88 0.65 1.13 6397 5193 1.23 5.52
20171020 65200 66700 63220 63650 16318 105582115 5.34 0.92 -2.39 9914 6405 1.55 7.77
20171019 62000 65280 62000 65210 16228 103450394 5.18 1.00 2.98 7442 8786 0.85 7.73
20171018 62000 63490 60800 63320 16651 103145586 4.34 1.17 2.06 9016 7635 1.18 7.93
20171017 58380 64350 58050 62040 22238 136639112 10.71 1.98 5.51 9888 12351 0.80 10.59
20171016 59000 59500 57700 58800 17892 104967361 3.07 1.81 0.24 10309 7583 1.36 8.52
20171013 56860 59000 56450 58660 15972 92549890 4.48 1.78 3.17 7082 8890 0.80 7.61
20171012 56580 57770 56300 56860 8156 46664047 2.59 0.90 0.35 3806 4350 0.88 3.88
20171011 57260 57900 56500 56660 7137 40658029 2.44 0.66 -1.05 4649 2489 1.87 3.40
20171010 56810 57400 56400 57260 7016 39907014 1.75 0.56 0.03 3773 3242 1.16 3.34
20171009 58960 58960 56460 57240 11076 63154630 4.33 0.96 -0.81 6236 4840 1.29 5.27
20170929 57800 59690 57000 57710 11463 67092563 4.71 1.05 0.98 6092 5371 1.13 5.46
20170928 57700 57750 56680 57150 8419 48043984 1.86 0.74 -0.83 4946 3473 1.42 4.01
20170927 55180 57720 55180 57630 15730 89197571 4.58 1.62 3.89 5946 9784 0.61 7.49
20170926 54600 55550 52690 55470 16181 87257343 5.24 1.74 1.57 10073 6109 1.65 7.71
20170925 54600 55180 54350 54610 6169 33734582 1.51 0.65 -0.85 4025 2144 1.88 2.94
20170922 54610 55890 54410 55080 8183 45184007 2.70 0.84 0.31 4725 3457 1.37 3.90
20170921 53790 55340 53790 54910 10758 58914729 2.88 1.04 2.10 4874 5884 0.83 5.12
20170920 53020 53990 52630 53780 7181 38334465 2.56 0.68 1.38 3534 3647 0.97 3.42
20170919 54960 54980 52500 53050 14141 75568819 4.51 1.17 -3.44 7321 6820 1.07 6.73
20170918 55250 55790 54500 54940 7541 41515486 2.36 0.52 0.53 3920 3621 1.08 3.59
20170915 54780 55460 54400 54650 9365 51386368 1.94 0.65 0.16 5360 4005 1.34 4.46
20170914 54700 55660 54220 54560 13610 74796737 2.65 0.94 0.42 8537 5072 1.68 6.48
20170913 54010 54780 53720 54330 8302 45034667 1.95 0.55 0.18 4321 3981 1.09 3.95
20170912 56450 56500 53620 54230 21843 120160629 5.08 1.72 -4.37 12792 9051 1.41 10.40
20170911 57600 57600 55770 56710 19589 110528748 3.22 1.67 -0.21 12822 6768 1.89 9.33
20170908 58000 58550 56470 56830 9128 52275099 3.57 0.70 -2.52 6202 2926 2.12 4.35
20170907 58090 59980 58090 58300 13837 81501385 3.24 1.08 -0.10 7275 6562 1.11 6.59
20170906 56400 58480 56070 58360 10821 62012887 4.23 0.76 2.49 4568 6253 0.73 5.15
20170905 56610 57220 56040 56940 10051 56881094 2.07 0.59 -0.28 4452 5599 0.80 4.79
20170904 56900 57550 56000 57100 14649 83438609 2.75 0.79 1.42 6864 7785 0.88 6.98
20170901 57540 57980 56130 56300 15483 87757043 3.22 0.87 -2.12 8954 6529 1.37 7.37
20170831 57020 58790 57020 57520 13271 76706078 3.10 0.69 0.88 7351 5919 1.24 6.32
20170830 58630 59480 56120 57020 18039 103437697 5.67 1.01 -3.86 10866 7172 1.52 8.59
20170829 62000 62000 58600 59310 24201 144657535 5.59 1.61 -2.45 14826 9375 1.58 11.52
20170828 58500 62500 57550 60800 21370 128707144 8.52 1.50 4.70 11244 10127 1.11 10.18
20170825 56580 58990 56580 58070 12293 71374571 4.20 0.81 1.15 6183 6110 1.01 5.85
20170824 56300 59600 56300 57410 20887 121368225 5.84 1.32 1.65 9877 11010 0.90 9.95
20170823 56440 58290 56060 56480 10730 61156996 3.92 0.58 -0.83 6297 4433 1.42 5.11
20170822 57500 59140 56900 56950 9808 56702371 3.86 0.46 -1.84 4861 4948 0.98 4.67
20170821 57500 58390 55010 58020 17580 99384017 5.90 0.82 1.34 8976 8604 1.04 8.37
20170818 59790 59790 57080 57250 16503 96230227 4.45 0.78 -5.95 11049 5455 2.03 7.86
20170817 61120 62150 56300 60870 24660 147216303 9.49 1.28 -1.22 13242 11417 1.16 11.74
20170816 58590 63130 58590 61620 23455 143428996 7.69 1.18 4.44 11668 11788 0.99 11.17
20170815 55960 59970 55390 59000 24385 142034743 8.18 1.16 5.43 11017 13368 0.82 11.61
20170814 56500 57580 55100 55960 18143 101131055 4.38 0.76 -1.13 8903 9240 0.96 8.64
20170811 55770 57630 55000 56600 15820 89833007 4.68 0.55 0.78 7636 8184 0.93 7.53
20170810 56600 58470 54990 56160 14652 82613303 6.02 0.42 -2.90 8665 5987 1.45 6.98
20170809 54430 58670 53700 57840 26494 150003932 8.99 0.70 4.57 13634 12860 1.06 12.62
20170808 56000 58500 52000 55310 29848 164933545 11.36 0.68 -3.37 16743 13105 1.28 14.21
20170807 54500 59990 54500 57240 32605 188312408 9.80 0.67 2.16 16412 16193 1.01 15.53
20170804 57570 58800 54120 56030 41141 232967341 8.36 0.78 0.05 21026 20115 1.05 19.59
20170803 50600 56000 50600 56000 42294 227715953 10.61 0.77 10.00 19211 23083 0.83 20.14
20170802 47800 51670 47800 50910 42957 216365458 7.90 0.81 3.98 23053 19904 1.16 20.46
20170801 49700 52500 48510 48960 61309 305215024 8.18 1.23 0.35 33089 28220 1.17 29.19
20170731 45000 49400 44820 48790 54844 262895232 10.11 1.13 7.68 25939 28906 0.90 26.12
20170728 42980 46880 42760 45310 61607 277136608 9.59 1.24 5.49 31933 29674 1.08 29.34
20170727 41210 43580 40780 42950 54861 233907930 6.72 0.95 3.07 25034 29828 0.84 26.12
20170726 42160 42880 41110 41670 31990 134196420 4.20 0.47 -1.14 16793 15197 1.11 15.23
20170725 43930 43930 41800 42150 46154 196532943 4.85 0.56 -4.05 27825 18328 1.52 21.98
20170724 42680 44490 42240 43930 48617 211783603 5.21 0.57 1.74 23649 24968 0.95 23.15
20170721 42900 43800 42200 43180 67352 287786176 3.62 0.94 -2.26 38711 28641 1.35 32.07
20170720 45700 47790 44010 44180 95765 440541728 8.39 1.84 -1.95 50461 45304 1.11 45.60
20170719 46350 46500 44300 45060 81359 368204048 4.66 2.27 -4.63 45581 35778 1.27 38.74
20170718 47200 48970 45320 47250 121505 575097584 7.72 10.47 -0.04 59055 62450 0.95 57.86
20170717 47270 47270 44000 47270 57492 269926128 7.61 434.37 10.01 37755 19736 1.91 27.38
20170714 42970 42970 42970 42970 288 1238567 0.00 3.59 10.01 259 29 9.00 0.14
20170713 39060 39060 39060 39060 80 314199 0.00 1.00 10.00 80 - - 0.04
20170712 35510 35510 35510 35510 63 222364 0.00 0.64 10.01 63 - - 0.03
20170711 26900 32280 26900 32280 98 316226 24.00 - 43.98 98 - - 0.05
