20180223 10000 10080 9930 10040 9378 9385197 1.51 1.09 0.90 4396 4981 0.88 1.13
20180222 9880 10000 9880 9950 7592 7559798 1.22 0.82 1.02 3407 4185 0.81 0.92
20180214 9890 9890 9730 9850 5134 5034120 1.62 0.48 -0.10 3067 2067 1.48 0.62
20180213 9840 9960 9840 9860 8213 8124928 1.22 0.64 0.31 5239 2974 1.76 0.99
20180212 9790 9920 9700 9830 8911 8763881 2.29 0.68 2.40 3821 5090 0.75 1.08
20180209 9800 9840 9400 9600 13318 12894627 4.40 1.02 -4.00 8484 4834 1.76 1.61
20180208 9860 10050 9820 10000 10566 10540042 2.33 0.59 1.42 5090 5476 0.93 1.28
20180207 10100 10190 9680 9860 12644 12505089 5.23 0.62 1.13 7043 5601 1.26 1.53
20180206 10340 10450 9720 9750 19035 19153414 6.93 1.04 -7.50 12471 6564 1.90 2.30
20180205 10510 10790 10440 10540 10171 10748977 3.28 0.55 -1.31 5468 4703 1.16 1.23
20180202 10800 10850 10380 10680 12925 13785282 4.28 0.67 -2.64 7689 5236 1.47 1.56
20180201 11500 11510 10900 10970 35214 39327808 5.25 2.19 -5.67 25210 10004 2.52 4.25
20180131 11630 11970 11600 11630 24898 29308184 3.17 1.77 -0.34 12595 12303 1.02 3.01
20180130 11590 11720 11510 11670 8655 10060921 1.81 0.57 0.60 4043 4612 0.88 1.05
20180129 11670 11830 11510 11600 11069 12862736 2.74 0.67 -0.85 7295 3774 1.93 1.34
20180126 11850 11870 11680 11700 17255 20310535 1.60 0.98 -1.52 12281 4974 2.47 2.08
20180125 11990 12090 11870 11880 18564 22233202 1.85 0.94 -0.34 11263 7301 1.54 2.24
20180124 11920 11950 11760 11920 14662 17426164 1.60 0.58 0.17 7539 7123 1.06 1.77
20180123 11760 11960 11760 11900 14419 17145953 1.69 0.47 0.42 6854 7565 0.91 1.74
20180122 11900 11940 11700 11850 18119 21387744 2.01 0.60 -0.84 11511 6608 1.74 2.19
20180119 12100 12140 11910 11950 22440 26939894 1.90 0.79 -1.16 14677 7763 1.89 2.71
20180118 12020 12190 11980 12090 29409 35521955 1.74 1.15 0.00 17188 12221 1.41 3.55
20180117 11790 12100 11720 12090 42556 51114661 3.19 2.02 1.60 17452 25104 0.70 5.14
20180116 11490 12290 11400 11900 39753 47449917 7.79 2.46 4.11 18926 20826 0.91 4.80
20180115 11700 11710 11380 11430 16619 19099150 2.82 1.02 -2.22 11427 5192 2.20 2.01
20180112 11790 11890 11680 11690 13681 16110993 1.79 0.79 -0.09 8213 5468 1.50 1.65
20180111 11550 11780 11540 11700 14800 17308401 2.07 0.85 1.12 6578 8222 0.80 1.79
20180110 11820 11890 11440 11570 20651 24029503 3.79 1.16 -2.53 14279 6372 2.24 2.50
20180109 11820 11960 11790 11870 15124 17915997 1.43 0.75 0.00 9188 5936 1.55 1.83
20180108 11910 11970 11780 11870 17523 20747022 1.60 0.88 -0.17 11696 5827 2.01 2.12
20180105 11950 12080 11840 11890 18881 22531943 1.99 0.91 -1.33 11928 6953 1.72 2.28
20180104 12070 12160 12000 12050 15076 18202576 1.32 1.54 -0.25 8564 6512 1.31 1.82
20180103 12040 12160 11950 12080 22145 26638644 1.74 0.85 0.25 12622 9523 1.33 2.68
20180102 12060 12190 11970 12050 26781 32375649 1.82 1.15 -0.08 14671 12110 1.21 3.24
20171229 11960 12080 11870 12060 16889 20220373 1.76 0.79 0.92 8706 8183 1.06 2.04
20171228 11700 12050 11700 11950 23233 27756727 2.97 1.20 1.44 10485 12748 0.82 2.81
20171227 11900 12000 11740 11780 22569 26770748 2.17 1.33 -1.51 13768 8800 1.56 2.73
20171226 11480 12090 11470 11960 41077 48817042 5.40 3.69 4.09 14519 26558 0.55 4.96
20171225 11710 11780 11410 11490 13009 14969173 3.16 1.14 -1.88 7743 5266 1.47 1.57
20171222 11680 11780 11630 11710 7053 8263214 1.28 0.49 -0.09 4566 2487 1.84 0.85
20171221 11450 11830 11450 11720 13290 15534873 3.25 0.96 0.26 6471 6819 0.95 1.61
20171220 11850 11850 11660 11690 10385 12218949 1.61 0.75 -1.10 6076 4309 1.41 1.25
20171219 11710 11890 11710 11820 11911 14090845 1.53 0.82 0.51 6379 5532 1.15 1.44
20171218 11830 11830 11620 11760 14462 16931325 1.78 1.06 -0.17 8532 5930 1.44 1.75
20171215 11600 11800 11510 11780 21610 25260970 2.51 1.70 1.90 10324 11286 0.91 2.61
20171214 11500 11630 11450 11560 10608 12246188 1.56 0.84 0.35 5212 5396 0.97 1.28
20171213 11420 11550 11320 11520 10224 11730758 2.01 0.75 0.88 4574 5650 0.81 1.24
20171212 11770 11800 11410 11420 15412 17837474 3.31 0.99 -2.97 10943 4469 2.45 1.86
20171211 11710 11790 11650 11770 10669 12522881 1.20 0.63 0.60 5718 4951 1.15 1.29
20171208 11560 11770 11530 11700 16490 19272488 2.08 1.01 1.21 7194 9295 0.77 1.99
20171207 11710 11710 11550 11560 10396 12053561 1.37 0.63 -1.28 6325 4071 1.55 1.26
20171206 11640 11720 11300 11710 15332 17699755 3.61 0.91 0.69 7893 7440 1.06 1.85
20171205 11930 11990 11250 11630 25341 29436775 6.19 1.77 -2.76 15050 10291 1.46 3.06
20171204 12210 12280 11910 11960 16828 20360359 3.00 1.28 -3.00 12371 4457 2.78 2.03
20171201 12250 12360 12160 12330 13383 16458558 1.64 1.02 0.82 6462 6922 0.93 1.62
20171130 12100 12410 12100 12230 11304 13857006 2.55 0.69 0.41 5539 5765 0.96 1.37
20171129 12250 12350 12010 12180 16992 20640210 2.76 1.01 -1.30 10761 6231 1.73 2.05
20171128 12190 12380 12160 12340 12925 15891784 1.82 0.69 1.82 4535 8391 0.54 1.56
20171127 12200 12330 12110 12120 11281 13776267 1.80 0.53 -0.82 7536 3745 2.01 1.36
20171124 12260 12360 12180 12220 12827 15746082 1.47 0.44 0.08 6840 5987 1.14 1.55
20171123 12640 12730 12180 12210 27959 34950947 4.33 1.03 -3.93 19580 8379 2.34 3.38
20171122 12650 12880 12630 12710 19139 24370291 1.96 0.64 -0.31 11154 7986 1.40 2.31
20171121 12850 12950 12600 12750 22702 28964388 2.71 0.64 -1.24 14346 8356 1.72 2.74
20171120 12720 12940 12500 12910 22856 29073068 3.43 0.55 0.62 11006 11851 0.93 2.76
20171117 13580 13640 12680 12830 51927 67917182 7.07 1.11 -5.52 35161 16766 2.10 6.27
20171116 13700 13740 13560 13580 19334 26419487 1.32 0.37 -0.59 11727 7607 1.54 2.34
20171115 13780 13810 13550 13660 32439 44317852 1.88 0.57 -1.01 19127 13312 1.44 3.92
20171114 14210 14310 13720 13800 50855 71008958 4.14 0.84 -3.23 33288 17567 1.89 6.14
20171113 14460 14460 14120 14260 54449 77509000 2.35 0.76 -1.31 33516 20933 1.60 6.58
20171110 14210 14680 14200 14450 75801 109591011 3.36 1.08 1.19 34924 40876 0.85 9.16
20171109 14350 14360 14110 14280 48157 68467780 1.73 0.71 -0.97 28855 19303 1.49 5.82
20171108 14480 14590 14300 14420 57035 82177433 2.01 0.88 -0.07 31944 25092 1.27 6.89
20171107 14520 14620 14260 14430 67099 96755891 2.45 1.15 -1.70 40770 26329 1.55 8.11
20171106 14120 14710 14020 14680 110357 159111413 4.89 2.54 3.97 44032 66324 0.66 13.33
20171103 13920 14350 13820 14120 68394 96610832 3.81 1.91 1.44 32486 35908 0.90 8.26
20171102 13980 14040 13620 13920 33966 46881262 3.00 0.86 -0.57 19515 14451 1.35 4.10
20171101 13800 14160 13750 14000 43715 61348367 2.95 1.02 0.86 20880 22835 0.91 5.28
20171031 13380 13950 13360 13880 34177 46719620 4.42 0.86 3.89 14515 19661 0.74 4.13
20171030 13870 13950 13270 13360 36726 49503627 4.88 1.02 -4.16 25311 11415 2.22 4.44
20171027 14150 14220 13860 13940 30540 42783890 2.54 0.88 -1.69 19490 11049 1.76 3.69
20171026 14060 14290 14050 14180 52679 74640557 1.69 1.79 0.00 27530 25149 1.09 6.36
20171025 13610 14340 13510 14180 59847 83748307 6.10 2.59 4.19 23215 36632 0.63 7.23
20171024 13660 13700 13460 13610 18769 25477296 1.75 0.81 -0.95 10985 7784 1.41 2.27
20171023 13580 13780 13560 13740 18173 24893071 1.61 0.64 0.59 7999 10174 0.79 2.20
20171020 13250 13770 13250 13660 24284 32972895 3.92 0.80 3.09 11077 13208 0.84 2.93
20171019 13550 13660 13210 13250 26117 34947020 3.30 0.75 -2.72 16295 9822 1.66 3.16
20171018 13810 13960 13600 13620 28224 38992857 2.61 0.81 -1.38 18148 10077 1.80 3.41
20171017 13650 13930 13600 13810 19743 27244406 2.42 0.51 1.25 9199 10543 0.87 2.39
20171016 14230 14230 13600 13640 43067 59555148 4.43 1.24 -4.15 29902 13166 2.27 5.20
20171013 14220 14270 14010 14230 34360 48602876 1.84 1.08 0.78 16994 17365 0.98 4.15
20171012 13900 14180 13810 14120 47952 67409832 2.66 1.74 1.51 24176 23776 1.02 5.79
20171011 13910 13950 13780 13910 28327 39330395 1.22 1.06 0.00 16036 12292 1.30 3.42
20171010 13620 13930 13540 13910 40203 55409090 2.88 1.14 2.66 14040 26163 0.54 4.86
20171009 13660 13690 13520 13550 22580 30680288 1.26 0.58 0.67 11912 10667 1.12 2.73
20170929 13350 13480 13320 13460 19602 26304243 1.20 0.45 1.13 10047 9555 1.05 2.37
20170928 13530 13580 13300 13310 26952 36304991 2.07 0.56 -1.41 17293 9659 1.79 3.26
20170927 13510 13560 13390 13500 24732 33375417 1.26 0.45 -0.07 12691 12042 1.05 2.99
20170926 14200 14400 13350 13510 82726 113293798 7.34 1.74 -5.59 54243 28483 1.90 9.99
20170925 14370 14630 14250 14310 41529 60128219 2.64 0.91 -0.76 23625 17904 1.32 5.02
20170922 14310 14530 14180 14420 42076 60385124 2.43 0.92 0.07 23087 18988 1.22 5.08
20170921 14620 14680 14400 14410 48878 71260668 1.92 1.16 -1.44 27825 21053 1.32 5.91
20170920 14530 14630 14350 14620 59663 86533964 1.93 1.66 0.62 29280 30382 0.96 7.21
20170919 14460 14540 14310 14530 45714 66064434 1.60 1.22 1.11 19081 26633 0.72 5.52
20170918 14300 14400 14150 14370 30906 44127263 1.74 0.70 0.07 17580 13326 1.32 3.73
20170915 14290 14530 14250 14360 43749 63055307 1.96 0.88 0.49 20358 23391 0.87 5.29
20170914 14370 14440 14210 14290 30380 43539089 1.60 0.57 -0.56 19055 11325 1.68 3.67
20170913 14320 14450 14290 14370 28687 41251058 1.12 0.49 0.28 13755 14932 0.92 3.47
20170912 14660 14690 14280 14330 54068 78042752 2.80 0.97 -2.12 37234 16833 2.21 6.53
20170911 14580 14690 14360 14640 64418 93812625 2.27 1.16 0.90 29058 35360 0.82 7.78
20170908 14180 14600 14180 14510 69858 100919918 2.95 1.20 2.04 31553 38304 0.82 8.44
20170907 14250 14510 14160 14220 50270 72192560 2.46 0.73 -0.14 24819 25451 0.98 6.07
20170906 14350 14400 14000 14240 54262 76951209 2.77 0.68 -1.39 35343 18919 1.87 6.56
20170905 14410 14590 14380 14440 40227 58198675 1.45 0.37 -0.14 22212 18015 1.23 4.86
20170904 14770 14770 14330 14460 63270 91659488 2.99 0.46 -1.77 41037 22233 1.85 7.64
20170901 14920 15110 14600 14720 83225 122880641 3.43 0.51 -1.08 51665 31561 1.64 10.06
20170831 14460 14920 14370 14880 101058 148380233 3.80 0.61 2.90 43122 57936 0.74 12.21
20170830 14690 14950 14410 14460 109062 159572634 3.62 0.71 -2.95 70763 38299 1.85 13.18
20170829 14560 15400 14410 14900 193012 287371936 6.72 1.54 1.15 93968 99044 0.95 23.32
20170828 14850 14980 14320 14730 204298 299601584 4.52 2.13 0.82 108107 96191 1.12 24.68
20170825 13600 14780 13550 14610 214644 307578224 8.97 3.61 6.56 82151 132493 0.62 25.93
20170824 13500 14140 13420 13710 110388 152562406 5.29 2.39 0.81 57884 52504 1.10 13.34
20170823 13560 13730 13360 13600 44498 60177865 2.74 0.92 0.82 22297 22201 1.00 5.38
20170822 13710 13710 13460 13490 53281 72146004 1.82 1.13 -1.82 31479 21802 1.44 6.44
20170821 13460 13740 13460 13740 56183 76685165 2.08 1.31 2.23 23965 32218 0.74 6.79
20170818 13300 13500 13240 13440 33195 44425799 1.94 0.71 0.07 16272 16923 0.96 4.01
20170817 13490 13490 13300 13430 43693 58525317 1.41 0.90 -0.59 25727 17966 1.43 5.28
20170816 13300 13580 13220 13510 56761 76174853 2.70 1.03 1.50 26025 30737 0.85 6.86
20170815 13100 13440 13040 13310 46738 61929051 3.06 0.58 1.84 20632 26107 0.79 5.65
20170814 12850 13120 12850 13070 33585 43804223 2.08 0.32 0.93 16559 17026 0.97 4.06
20170811 13280 13280 12900 12950 52661 68528629 2.85 0.53 -2.78 33677 18984 1.77 6.36
20170810 13530 13660 13270 13320 51950 69868618 2.88 0.54 -1.62 31470 20481 1.54 6.28
20170809 13870 13940 13470 13540 89371 121456748 3.37 1.05 -2.87 55899 33472 1.67 10.80
20170808 13700 14580 13700 13940 177460 251557300 6.31 3.15 0.00 94569 82891 1.14 21.44
20170807 12810 13970 12810 13940 158643 216219141 9.06 5.33 8.82 64066 94577 0.68 19.17
20170804 12870 12970 12810 12810 23486 30172049 1.24 0.71 -0.85 14873 8613 1.73 2.84
20170803 12800 13100 12800 12920 31457 40724347 2.33 0.79 0.54 15715 15742 1.00 3.80
20170802 13030 13090 12820 12850 34286 44340343 2.07 0.89 -1.68 22210 12076 1.84 4.14
20170801 13120 13170 12920 13070 33538 43667088 1.91 0.89 -0.38 19695 13843 1.42 4.05
20170731 13110 13160 13070 13120 25996 34076225 0.69 0.64 0.08 14040 11956 1.17 3.14
20170728 13200 13330 13090 13110 41082 54155263 1.81 1.03 -1.06 23515 17567 1.34 4.96
20170727 12920 13280 12760 13250 63110 82773676 4.02 1.66 2.55 26577 36533 0.73 7.62
20170726 13150 13170 12860 12920 29210 37917720 2.37 0.72 -1.30 17623 11587 1.52 3.53
20170725 13130 13270 13030 13090 28056 36789168 1.83 0.63 -0.30 15613 12443 1.25 3.39
20170724 12830 13170 12810 13130 40932 53207285 2.78 0.78 1.23 19177 21754 0.88 4.95
20170721 13080 13250 12880 12970 38346 50158547 2.81 0.74 -1.44 22314 16032 1.39 4.63
20170720 13040 13480 12980 13160 53474 70803651 3.83 1.05 0.77 27762 25712 1.08 6.46
20170719 12930 13150 12830 13060 41650 54173768 2.46 0.73 0.38 21904 19745 1.11 5.03
20170718 12750 13140 12680 13010 49520 64167222 3.56 0.88 0.62 24145 25375 0.95 5.98
20170717 14220 14220 12930 12930 78806 104927102 8.98 1.25 -10.02 46329 32478 1.43 9.52
20170714 14550 14590 14240 14370 37050 53415701 2.41 0.52 -1.17 20348 16701 1.22 4.48
20170713 14780 14780 14460 14540 47241 68825273 2.16 0.57 -1.69 27841 19400 1.44 5.71
20170712 14990 15100 14230 14790 72461 106083240 5.78 0.76 -1.66 40487 31974 1.27 8.75
20170711 15100 15300 15020 15040 45431 68802554 1.84 0.48 -1.05 28152 17280 1.63 5.49
20170710 15880 15880 15160 15200 112586 173756949 4.47 1.35 -5.53 76593 35993 2.13 13.60
20170707 15910 16250 15800 16090 78280 126287067 2.80 0.94 0.12 40037 38242 1.05 9.46
20170706 16000 16280 15800 16070 105409 169438775 2.99 1.45 0.12 56714 48695 1.16 12.74
20170705 15300 16080 15280 16050 136369 215943625 5.20 2.10 4.36 54133 82236 0.66 16.48
20170704 15410 15480 15300 15380 43421 66811165 1.17 0.63 -0.26 25152 18269 1.38 5.25
20170703 15230 15470 15160 15420 53520 82137927 2.02 0.75 0.65 25959 27561 0.94 6.47
20170630 15070 15550 15070 15320 79561 121925582 3.17 0.96 1.06 38204 41358 0.92 9.61
20170629 15130 15290 15130 15160 50402 76595608 1.05 0.52 -0.13 27852 22550 1.24 6.09
20170628 15690 15790 15110 15180 97982 149996316 4.29 0.89 -4.17 55125 42857 1.29 11.84
20170627 16010 16200 15820 15840 62656 100129959 2.37 0.54 -1.06 36641 26015 1.41 7.57
20170626 15880 16240 15790 16010 65523 104829918 2.82 0.55 0.25 34847 30676 1.14 7.92
20170623 16650 16730 15560 15970 139915 226105034 6.93 1.19 -5.45 80529 59385 1.36 16.90
20170622 17590 17730 16860 16890 122776 212889565 4.90 0.96 -4.79 79707 43069 1.85 14.83
20170621 17190 18000 17050 17740 158673 278760656 5.54 1.15 3.38 72034 86639 0.83 19.17
20170620 17280 17440 17110 17160 90412 155933147 1.91 0.58 -0.69 52445 37967 1.38 10.92
20170619 17180 17450 17020 17280 85795 147397438 2.49 0.48 0.00 49850 35945 1.39 10.37
20170616 17680 17680 17220 17280 129771 226139258 2.58 0.60 -3.03 75564 54208 1.39 15.68
20170615 17830 18190 17650 17820 171714 306922928 3.03 0.61 0.06 91518 80196 1.14 20.75
20170614 18260 18260 17120 17810 212695 374023072 6.22 0.63 -2.84 119414 93280 1.28 25.70
20170613 18860 18860 18020 18330 178051 326769184 4.52 0.44 -1.45 100988 77063 1.31 21.51
20170612 18500 18950 18300 18600 208397 386518944 3.39 0.57 -3.13 111789 96608 1.16 25.18
20170609 20000 20680 19170 19200 307040 609299776 7.10 0.98 -9.77 181660 125381 1.45 37.10
20170608 23700 23750 20890 21280 512361 1108228848 12.32 2.44 -8.32 301977 210384 1.44 61.90
20170607 20100 23210 20100 23210 474866 1040272208 14.74 4.12 10.00 210290 264576 0.79 57.37
20170606 19180 21290 18250 21100 537926 1084610192 15.71 69.35 9.04 247278 290648 0.85 64.99
20170605 19350 19350 19350 19350 9339 18070946 0.00 1.57 10.01 9339 - - 1.13
20170602 17590 17590 17590 17590 25760 45311084 0.00 30.42 10.01 25760 - - 3.11
20170601 15990 15990 15990 15990 2979 4763277 0.00 9.49 9.97 2979 - - 0.36
20170531 14540 14540 14540 14540 437 635165 0.00 1.60 9.98 437 - - 0.05
20170526 13220 13220 13220 13220 271 358830 0.00 0.99 9.98 271 - - 0.03
20170525 12020 12020 12020 12020 268 322328 0.00 0.96 9.97 268 - - 0.03
20170524 9110 10930 9110 10930 279 303127 23.98 - 44.01 279 - - 0.03
