20191129 22670 23150 22520 22950 13028 29870527 2.77 1.36 0.83 4933 8095 0.61 3.98
20191128 22470 23000 22100 22760 17812 40074007 4.01 2.44 1.29 9371 8441 1.11 5.44
20191127 22270 22900 22110 22470 5635 12592021 3.54 0.59 0.63 2286 3349 0.68 1.72
20191126 22250 22460 22250 22330 3245 7249866 0.94 0.31 -0.31 1939 1306 1.48 0.99
20191125 22300 22440 22040 22400 9758 21755021 1.79 1.05 0.45 5099 4659 1.09 2.98
20191122 22730 22810 21950 22300 11611 25913996 3.80 1.39 -1.50 7491 4119 1.82 3.54
20191121 22950 22950 22400 22640 6311 14289782 2.39 0.64 -1.61 3462 2849 1.22 1.93
20191120 23090 23560 22730 23010 17075 39405925 3.61 2.19 0.13 7346 9729 0.76 5.21
20191119 22600 23060 22570 22980 7567 17347149 2.16 0.91 1.19 2846 4720 0.60 2.31
20191118 22820 22890 22290 22710 4099 9304780 2.66 0.36 0.84 2086 2013 1.04 1.25
20191115 22680 22850 22450 22520 6647 15024923 1.76 0.49 -0.79 3589 3058 1.17 2.03
20191114 22210 23500 22150 22700 13884 31498478 6.07 1.15 2.02 7312 6571 1.11 4.24
20191113 22200 22460 21900 22250 6718 14933789 2.52 0.54 0.27 3580 3138 1.14 2.05
20191112 22600 22740 22160 22190 10014 22350186 2.56 0.76 -1.94 5962 4053 1.47 3.06
20191111 23790 23980 22380 22630 19200 44519327 6.73 1.17 -4.88 13931 5269 2.64 5.86
20191108 23360 24150 23360 23790 17731 42146783 3.38 0.97 1.84 7213 10518 0.69 5.41
20191107 23420 23500 23050 23360 6473 15087791 1.93 0.31 0.04 3436 3037 1.13 1.98
20191106 23800 23810 23230 23350 8414 19776390 2.45 0.35 -1.44 5622 2793 2.01 2.57
20191105 24000 24180 23610 23690 13941 33214024 2.37 0.52 -1.46 7205 6737 1.07 4.25
20191104 24020 24700 23410 24040 35386 84723528 5.37 1.25 0.12 18133 17253 1.05 10.80
20191101 23000 24200 22590 24010 26736 63032206 6.85 1.00 2.17 11209 15526 0.72 8.16
20191031 23320 23850 23210 23500 20217 47678818 2.75 0.84 0.86 9784 10433 0.94 6.17
20191030 23500 24000 23000 23300 25083 58593808 4.26 1.22 -0.85 14709 10374 1.42 7.66
20191029 24020 24470 23500 23500 26407 63045486 4.04 1.55 -2.12 14424 11983 1.20 8.06
20191028 22750 24560 22440 24010 43488 103686073 9.49 3.99 7.52 17942 25547 0.70 13.27
20191025 22220 22480 21560 22330 18884 41539425 4.14 1.61 0.50 8190 10694 0.77 5.76
20191024 22610 22860 22210 22220 6987 15720779 2.87 0.50 -1.86 4424 2563 1.73 2.13
20191023 23090 23180 22640 22640 7339 16750874 2.34 0.49 -1.95 5282 2057 2.57 2.24
20191022 23320 23320 22830 23090 8274 19060928 2.12 0.51 -0.09 5018 3256 1.54 2.53
20191021 23000 23400 22420 23110 13017 29895143 4.22 0.75 -0.47 6608 6409 1.03 3.97
20191018 23150 24030 22660 23220 23111 53796907 5.92 1.13 0.30 10790 12321 0.88 7.05
20191017 22780 23260 22440 23150 18650 42723772 3.58 0.94 1.18 10475 8175 1.28 5.69
20191016 23290 23530 22810 22880 11734 27203787 3.09 0.57 -1.80 6283 5451 1.15 3.58
20191015 23910 24290 23130 23300 14499 34262563 4.81 0.68 -3.48 9070 5429 1.67 4.42
20191014 24000 24490 23800 24140 19339 46588600 2.87 0.85 0.37 10239 9100 1.13 5.90
20191011 23320 25000 23320 24050 37708 91500563 7.20 1.47 3.13 17644 20064 0.88 11.51
20191010 22830 23350 22600 23320 16265 37312409 3.29 0.49 2.24 8666 7600 1.14 4.96
20191009 23250 23300 22500 22810 14594 33247000
20191008 23510 24040 23030 23230 18425 43436602 4.25 0.53 -2.35 10733 7692 1.40 5.62
20190930 24830 24980 23620 23790 27438 66716841 5.40 0.86 -5.60 16371 11068 1.48 8.37
20190927 24170 25950 23800 25200 51540 127704023 8.84 1.82 3.58 25004 26536 0.94 15.73
20190926 23610 25950 23610 24330 54864 135108786 9.92 2.54 3.14 26620 28244 0.94 16.74
20190925 23110 23940 22890 23590 25024 58765000
20190924 23290 23690 23080 23390 15268 35629795 2.62 0.51 0.56 8075 7193 1.12 4.66
20190923 23460 23470 23010 23260 12163 28206488 1.96 0.41 -1.02 7690 4473 1.72 3.71
20190920 23500 24260 22770 23500 33945 79786296 6.35 1.34 0.21 19229 14716 1.31 10.36
20190919 23540 23640 23110 23450 21732 50788416 2.25 0.91 -0.59 13294 8438 1.58 6.63
20190918 23230 24550 22730 23590 45004 105515548 7.84 2.30 1.68 24912 20093 1.24 13.73
20190917 22590 23520 21800 23200 37384 85057298 7.64 2.29 3.02 19549 17834 1.10 11.41
20190916 22590 22700 22330 22520 9592 21633026 1.65 0.56 0.18 4192 5400 0.78 2.93
20190912 22340 22490 22050 22480 12650 28259613 1.97 0.70 0.54 6120 6530 0.94 3.86
20190911 22800 22940 22350 22360 14426 32485000
20190910 22570 23420 22340 22520 23636 53766731 4.76 1.55 -0.79 14071 9565 1.47 7.21
20190909 22400 22700 22020 22700 21312 47704313 3.10 1.62 3.61 9420 11893 0.79 6.50
20190906 21700 22090 21650 21910 14148 30995715 2.03 1.10 0.97 6999 7149 0.98 4.32
20190905 21740 22100 21700 21700 16396 35860158 1.84 1.46 -0.09 9330 7065 1.32 5.00
20190904 21490 21850 21370 21720 13879 30003395 2.23 1.31 1.02 6139 7740 0.79 4.24
20190903 21200 21550 21180 21500 10700 22922000
20190902 20770 21200 20610 21180 10769 22670000
20190830 21300 21550 20650 20700 12657 26750203 4.23 1.16 -2.82 7248 5409 1.34 3.86
20190829 21230 21480 21140 21300 8048 17168853 1.60 0.76 0.33 4279 3770 1.14 2.46
20190828 21590 21590 21110 21230 10604 22592770 2.22 1.02 -1.76 7259 3346 2.17 3.24
20190827 21500 21750 21420 21610 13542 29215235 1.54 1.38 1.08 6504 7038 0.92 4.13
20190826 20660 21580 20580 21380 13063 27793657 4.72 1.34 0.94 4913 8150 0.60 3.99
20190823 21630 21630 21110 21180 9467 20202392 2.41 0.91 -1.76 6129 3338 1.84 2.89
20190822 21570 21780 21400 21560 6410 13812131 1.76 0.53 0.00 3223 3187 1.01 1.96
20190821 21700 21810 21420 21560 9322 20127417 1.80 0.73 -0.32 5211 4111 1.27 2.84
20190820 21600 21870 21550 21630 10922 23710452 1.48 0.85 0.05 5683 5238 1.08 3.33
20190819 21150 21630 21150 21620 12465 26723867 2.28 1.04 2.76 5300 7164 0.74 3.80
20190816 21280 21470 21030 21040 13022 27676821 2.07 1.12 -1.22 8209 4813 1.71 3.97
20190815 20660 21600 20230 21300 14666 30901426 6.45 1.39 0.33 7067 7599 0.93 4.48
20190814 21170 21490 21100 21230 13054 27802483 1.85 1.35 0.47 6934 6120 1.13 3.98
20190813 20730 21550 20620 21130 11218 23644766 4.45 1.09 1.10 5205 6013 0.87 3.42
20190812 20550 20900 20350 20900 7923 16365000
20190809 21220 21310 20470 20580 11257 23478211 3.98 0.99 -2.37 6956 4301 1.62 3.44
20190808 21360 21430 21030 21080 9461 20039654 1.89 0.78 -0.47 5367 4094 1.31 2.89
20190807 21510 21840 21130 21180 8436 18128229 3.31 0.63 -1.12 4670 3766 1.24 2.57
20190806 21940 21950 21090 21420 14547 31270654 3.84 1.00 -4.46 8627 5920 1.46 4.44
20190805 22740 22950 22350 22420 11133 25189167 2.64 0.73 -1.36 6867 4266 1.61 3.40
20190802 22450 22840 22260 22730 13454 30435525 2.55 0.81 0.00 5917 7537 0.79 4.11
20190801 22170 23110 22170 22730 13184 30088911 4.17 0.81 0.75 5982 7202 0.83 4.02
20190731 22970 22970 22530 22560 14595 33073406 1.91 0.96 -2.13 8422 6174 1.36 4.45
20190730 22640 23280 22500 23050 20242 46571738 3.43 1.54 1.23 10338 9904 1.04 6.18
20190729 22620 23450 22600 22770 14489 33175694 3.73 1.05 -0.04 7928 6561 1.21 4.42
20190726 22100 22950 21950 22780 20202 45623679 4.50 1.56 2.61 8180 12022 0.68 6.17
20190725 22180 22480 22030 22200 12338 27479811 2.03 0.98 0.27 5998 6340 0.95 3.77
20190724 22070 22430 21950 22140 9054 20127469 2.18 0.67 0.45 4416 4638 0.95 2.76
20190723 21890 22220 21680 22040 9518 20880837 2.47 0.66 0.96 5909 3609 1.64 2.90
20190722 22990 22990 21500 21830 17688 39094163 6.45 1.29 -5.50 10450 7238 1.44 5.40
20190719 22510 23180 22500 23100 16056 36702835 3.04 1.03 3.17 7068 8988 0.79 4.90
20190718 22970 22970 22210 22390 10857 24456013 3.30 0.59 -2.69 5862 4994 1.17 3.31
20190717 23030 23280 22800 23010 13433 30949473 2.09 0.65 0.22 6745 6688 1.01 4.10
20190716 22680 23200 22560 22960 13880 31813342 2.81 0.61 0.92 6179 7701 0.80 4.24
20190715 22430 22800 22160 22750 14426 32539030 2.84 0.60 1.02 7731 6695 1.15 4.40
20190712 23180 23180 22000 22520 25029 56424404 5.12 1.05 -2.21 15291 9739 1.57 7.64
20190711 24120 24280 22880 23030 25925 60996989 5.82 1.14 -4.20 14567 11358 1.28 7.91
20190710 25590 25590 24020 24040 23392 57835309 6.26 1.05 -4.15 13872 9520 1.46 7.14
20190709 24050 25240 24050 25080 25577 63532984 4.92 1.03 3.64 9706 15872 0.61 7.81
20190708 25570 25570 24020 24200 21053 52209902 6.03 0.77 -5.87 13715 7338 1.87 6.43
20190705 25760 26200 25580 25710 23714 61600925 2.40 0.90 -0.54 12039 11675 1.03 7.24
20190704 25700 26000 25210 25850 19991 51233045 3.08 0.71 0.86 10917 9074 1.20 6.10
20190703 25910 26060 25450 25630 21162 54378873 2.33 0.78 -2.18 13064 8098 1.61 6.46
20190702 25730 26400 25430 26200 37660 97272728 3.76 1.59 1.67 19565 18095 1.08 11.49
20190701 24900 25770 24600 25770 34697 87766040 4.76 1.58 4.84 19635 15062 1.30 10.59
20190628 25130 25350 24450 24580 17607 43687190 3.60 0.74 -1.80 11045 6563 1.68 5.37
20190627 24600 25090 24400 25030 29573 73388783 2.80 1.39 1.54 13312 16261 0.82 9.03
20190626 24180 24820 23880 24650 16782 40953402 3.84 0.72 0.65 7865 8917 0.88 5.12
20190625 24900 24900 24450 24490 20007 49299295 1.83 0.85 -0.57 11274 8733 1.29 6.11
20190624 24420 25080 24230 24690 25737 63571939 3.45 1.24 0.12 13552 12185 1.11 7.85
20190621 24500 24740 24180 24660 26439 64858573 2.31 1.49 1.69 11296 15142 0.75 8.07
20190620 23990 24530 23610 24250 17578 42217423 3.82 1.01 0.66 9269 8309 1.12 5.36
20190619 24500 24920 23900 24090 26456 64650304 4.20 1.53 -0.86 14371 12085 1.19 8.07
20190618 23650 24360 23510 24300 21983 52811307 3.57 1.31 2.10 9912 12072 0.82 6.71
20190617 23480 24100 23310 23800 10943 25952939 3.37 0.64 1.67 6074 4870 1.25 3.34
20190614 24200 24260 23300 23410 11616 27660929 3.97 0.61 -3.18 8099 3517 2.30 3.54
20190613 23800 24290 23550 24180 16361 39309064 3.09 0.74 0.96 6887 9474 0.73 4.99
20190612 23990 25100 23810 23950 25399 61665281 5.35 1.17 -0.70 13413 11987 1.12 7.75
20190611 23450 24150 23400 24120 19479 46610426 3.19 0.92 2.46 8564 10915 0.78 5.94
20190610 23110 23670 22910 23540 12425 28862569 3.25 0.56 0.60 6645 5779 1.15 3.79
20190606 24000 24160 22880 23400 21069 49447671 5.28 1.00 -3.54 13568 7501 1.81 6.43
20190605 23760 25100 23590 24260 32427 78051476 6.35 1.94 2.02 15586 16841 0.93 9.90
20190604 23140 24380 22920 23780 23397 55348132 6.24 1.57 1.67 10848 12549 0.86 7.14
20190603 23900 23900 22970 23390 16680 39137017 3.93 1.00 -1.27 9527 7153 1.33 5.09
20190531 22950 23930 22910 23690 18005 42425512 4.43 0.99 2.87 6743 11262 0.60 5.49
20190530 23180 23540 22730 23030 14784 34000939 3.47 0.80 -1.24 7722 7061 1.09 4.51
20190529 23490 23680 23310 23320 10861 25547000
20190528 23770 23990 23500 23590 14029 33225882 2.06 0.71 -0.84 7782 6246 1.25 4.28
20190527 23500 24080 23140 23790 25734 60659167 3.98 1.49 0.81 12466 13267 0.94 7.85
20190524 22630 23820 22630 23600 25079 59036723 5.19 1.41 2.97 9177 15903 0.58 7.65
20190523 23510 24000 22820 22920 16581 38784846 4.99 0.89 -3.00 8543 8038 1.06 5.06
20190522 23700 24000 22670 23630 18743 43963267 5.62 1.04 -0.08 8809 9934 0.89 5.72
20190521 23570 23830 23280 23650 12492 29517302 2.33 0.73 0.17 5821 6672 0.87 3.81
20190520 22920 24200 22910 23610 13349 31525690 5.50 0.73 0.60 6707 6642 1.01 4.07
20190517 24030 24700 23250 23470 27948 67839738 6.07 1.67 -1.76 14989 12959 1.16 8.53
20190516 23550 24270 23250 23890 20476 48773238 4.35 1.33 1.92 8981 11495 0.78 6.25
20190515 23010 23660 22880 23440 15762 36752923 3.42 0.99 2.72 7403 8360 0.89 4.81
20190514 22700 23150 22700 22820 8442 19379146 1.93 0.50 -1.89 5278 3163 1.67 2.58
20190513 22550 24000 22210 23260 18798 43890492 7.85 1.14 1.97 9266 9531 0.97 5.74
20190510 22160 22980 21910 22810 20257 46021447 4.83 1.42 2.93 6706 13551 0.49 6.18
20190509 22190 23050 22060 22160 13535 30427693 4.41 0.91 -1.20 7414 6122 1.21 4.13
20190508 21000 23200 20760 22430 18920 41816201 11.27 1.36 3.55 7325 11595 0.63 5.77
20190507 21350 21890 20920 21660 12368 26499652 4.59 0.84 2.41 6602 5765 1.15 3.77
20190506 22820 22820 21020 21150 17176 37198755 7.71 1.24 -9.46 10155 7021 1.45 5.24
20190430 23250 23640 23060 23360 9429 22060932 2.50 0.65 0.56 5898 3530 1.67 2.88
20190429 24700 24700 23180 23230 16580 39328280 6.20 1.09 -5.18 9321 7259 1.28 5.06
20190426 24970 25250 24410 24500 14147 35032430 3.35 0.84 -2.23 8684 5463 1.59 4.32
20190425 26240 26560 25000 25060 16516 42795972 5.88 0.75 -5.54 11487 5029 2.28 5.04
20190424 26170 26640 26020 26530 12485 32878062 2.38 0.41 1.69 6073 6411 0.95 3.81
20190423 26180 26360 25800 26090 12769 33410653 2.14 0.34 -0.27 7757 5012 1.55 3.90
20190422 26900 26900 26160 26160 19867 52380322 2.74 0.48 -3.25 12080 7788 1.55 6.06
20190419 27000 27370 26700 27040 22962 61969058 2.47 0.51 -0.48 11814 11148 1.06 7.01
20190418 28030 28380 27140 27170 41940 116030549 4.34 0.82 -4.93 26280 15660 1.68 12.80
20190417 29050 29740 28320 28580 54908 159830447 4.81 1.20 -3.22 30332 24575 1.23 16.76
20190416 28150 29690 27590 29530 46026 133146161 7.34 1.05 3.25 18717 27309 0.69 14.05
20190415 28750 29450 28250 28600 40807 117889201 4.23 0.91 0.70 20510 20297 1.01 12.45
20190412 29340 29700 28100 28400 41982 121095952 5.35 1.01 -5.11 27559 14423 1.91 12.81
20190411 28960 30750 28300 29930 71538 211796354 8.50 1.99 3.82 30884 40654 0.76 21.83
20190410 28000 29320 27760 28830 28866 82275947 5.41 0.82 0.03 14345 14521 0.99 8.81
20190409 28700 30000 28290 28820 35298 102497619 5.94 1.06 0.17 19313 15985 1.21 10.77
20190408 27630 30320 26600 28770 45800 129417548 13.50 1.64 4.39 22972 22828 1.01 13.98
20190404 27800 28120 27400 27560 25670 71033170 2.58 0.95 -1.11 14530 11140 1.30 7.83
20190403 26950 28600 26700 27870 43751 121263526 7.04 2.09 3.34 21558 22193 0.97 13.35
20190402 27120 27420 26880 26970 25405 68887798 1.99 1.28 -0.74 13754 11650 1.18 7.75
20190401 26660 27280 26590 27170 25599 69266331 2.61 1.36 2.68 12151 13448 0.90 7.81
20190329 25810 26610 25710 26460 19486 51025338 3.48 1.01 2.24 9400 10086 0.93 5.95
20190328 25640 26100 25360 25880 21303 55175345 2.89 1.05 0.98 11281 10022 1.13 6.50
20190327 25500 25800 25220 25630 12860 32819519 2.28 0.57 0.59 6556 6304 1.04 3.92
20190326 26570 26660 25210 25480 20057 52077758 5.51 0.85 -3.12 11460 8598 1.33 6.12
20190325 26350 26800 26130 26300 20206 53535793 2.50 0.82 -1.87 9812 10394 0.94 6.17
20190322 27000 27130 26310 26800 22394 59763455 3.04 0.85 -0.78 12758 9636 1.32 6.83
20190321 26930 27200 26790 27010 26283 70979449 1.52 0.82 0.04 13568 12716 1.07 8.02
20190320 27460 27460 26360 27000 24066 64691828 4.03 0.48 -1.06 14140 9926 1.42 7.34
20190319 27220 27570 26810 27290 25138 68334335 2.79 0.42 0.26 13294 11844 1.12 7.67
20190318 26940 27240 26600 27220 24673 66539631 2.39 0.41 1.72 11941 12733 0.94 7.53
20190315 27000 27300 26500 26760 30872 83229805 2.97 0.50 -0.78 17589 13283 1.32 9.42
20190314 27570 28120 26380 26970 55928 152253891 6.02 0.89 -6.68 32557 23371 1.39 17.07
20190313 31400 31990 28530 28900 112750 346034848 11.63 2.18 -2.89 60004 52746 1.14 34.41
20190312 27560 29760 27120 29760 73230 211858542 9.76 1.62 10.02 35775 37455 0.96 22.35
20190311 25820 27090 25820 27050 27612 73746736 4.91 0.60 4.68 13083 14529 0.90 8.43
20190308 27300 27970 25820 25840 39513 107171535 7.66 0.95 -7.94 23407 16106 1.45 12.06
20190307 27050 29550 26550 28070 61543 170296411 10.99 1.88 2.86 33415 28128 1.19 18.78
20190306 26360 27890 25760 27290 56490 150864587 8.11 2.10 3.96 31449 25041 1.26 17.24
20190305 25130 26260 25040 26250 40671 104721134 4.85 1.52 4.29 17560 23111 0.76 12.41
20190304 25200 25710 25090 25170 33305 84553023 2.48 1.19 0.80 15302 18004 0.85 10.16
20190301 25090 25200 24600 24970 15858 39359540 2.40 0.54 -0.16 8506 7353 1.16 4.84
20190228 24850 25060 24670 25010 17274 42997161 1.57 0.56 0.72 8426 8848 0.95 5.27
20190227 25300 25400 24480 24830 27637 68970328 3.65 0.96 -1.43 15990 11647 1.37 8.43
20190226 25010 25650 24620 25190 39839 100006405 4.09 1.51 0.08 20034 19804 1.01 12.16
20190225 24480 25470 24070 25170 39241 96866835 5.82 1.71 4.61 19230 20011 0.96 11.98
20190222 23680 24060 23490 24060 22795 54250356 2.42 1.02 2.08 9303 13492 0.69 6.96
20190221 23790 24130 23390 23570 24200 57770521 3.10 1.15 -1.22 13704 10496 1.31 7.39
20190220 24040 24050 23530 23860 17815 42272770 2.16 0.83 -0.83 10049 7766 1.29 5.44
20190219 23880 24580 23410 24060 27450 65785576 4.90 1.44 0.75 15552 11898 1.31 8.38
20190218 23230 23880 23110 23880 22609 53317955 3.35 1.30 3.78 9337 13272 0.70 6.90
20190215 22900 23700 22760 23010 19272 44782436 4.11 1.20 0.70 10286 8986 1.14 5.88
20190214 23070 23100 22710 22850 17825 40720822 1.69 1.00 -1.04 10112 7713 1.31 5.44
20190213 22370 23100 22370 23090 19530 44566065 3.27 1.01 3.31 8092 11438 0.71 5.96
20190212 22080 22980 22070 22350 16286 36652307 4.10 0.84 0.81 8619 7668 1.12 4.97
20190211 21440 22350 21440 22170 14013 30919943 4.25 0.68 3.60 6789 7225 0.94 4.28
20190201 20720 21550 20720 21400 12340 26245697 4.01 0.52 3.48 6138 6202 0.99 3.77
20190131 22400 22580 20280 20680 26731 56799562 10.24 1.12 -7.88 14898 11833 1.26 8.16
20190130 25000 25170 22420 22450 27613 65362790 11.04 1.21 -9.84 16646 10967 1.52 8.43
20190129 25800 26060 24680 24900 16307 41142251 5.32 0.73 -4.01 11031 5276 2.09 4.98
20190128 26510 26810 25850 25940 19327 50871792 3.63 0.82 -1.78 11900 7428 1.60 5.90
20190125 26270 26620 25520 26410 28138 73658111 4.18 1.28 0.42 13215 14923 0.89 8.59
20190124 26470 26980 26210 26300 27909 74063358 2.92 1.45 -0.38 13641 14268 0.96 8.52
20190123 26000 26600 25750 26400 22625 59328567 3.27 1.17 1.46 10073 12552 0.80 6.90
20190122 26260 26260 25890 26020 13611 35444363 1.40 0.61 -1.25 8493 5118 1.66 4.15
20190121 25750 26700 25500 26350 25454 66403390 4.62 1.24 1.39 12215 13239 0.92 9.42
20190118 25700 26800 25600 25990 19975 52157988 4.66 0.99 0.93 9172 10802 0.85 7.39
20190117 25700 25760 25420 25750 14693 37584718 1.32 0.73 -0.39 8413 6281 1.34 5.44
20190116 26050 26200 25680 25850 23099 59751241 1.97 1.23 -1.97 14420 8678 1.66 8.55
20190115 26190 26200 25380 25530 15677 40414840 3.12 0.92 -2.82 10782 4895 2.20 5.80
20190114 26190 26200 25380 25530 15677 40415000
20190111 25560 26280 25550 26270 18583 48251000
20190110 25900 25960 25410 25540 14760 37902000
20190109 26000 26390 25900 25900 15866 41536689 1.89 0.94 0.04 7647 8219 0.93 5.87
20190108 26360 26500 25870 25890 15387 40109624 2.39 0.85 -1.78 10280 5107 2.01 5.69
20190107 26010 26600 25820 26360 20407 53561246 3.00 1.02 1.54 9991 10415 0.96 7.55
20190104 24980 26160 24810 25960 19566 49915646 5.27 0.82 1.29 8928 10638 0.84 7.24
20190103 25930 26360 25620 25630 15889 41141750 2.83 0.47 -1.99 9790 6099 1.61 5.88
20190102 26280 26400 25890 26150 13127 34274377 1.96 0.39 0.58 7556 5571 1.36 4.86
20181228 26430 26690 25830 26000 21266 55792261 3.26 0.64 -1.52 12925 8340 1.55 7.87
20181227 28010 28140 26400 26400 29841 81362222 6.31 1.01 -4.28 17770 12071 1.47 11.04
20181226 28250 28450 27550 27580 39547 110974205 3.14 1.64 -3.73 24756 14791 1.67 14.64
20181225 29500 29500 27500 28650 63705 181475095 6.84 4.24 -2.08 28804 34901 0.83 23.58
20181224 29260 29260 29260 29260 15079 44121944 0.00 1.10 10.00 15079 - - 5.58
20181221 26000 26600 25900 26600 17166 45165972 2.66 1.35 1.26 7158 10008 0.72 6.35
20181220 25590 26400 25500 26270 11937 31133806 3.48 0.93 1.62 5521 6416 0.86 4.42
20181219 26330 26640 25800 25850 12433 32531376 3.17 0.97 -2.38 8352 4081 2.05 4.60
20181218 25800 26700 25700 26480 18549 48839000
20181217 25500 26050 25450 26040 8765 22635908 2.35 0.74 2.20 4020 4745 0.85 3.24
20181214 26200 26360 25360 25480 11945 30891651 3.80 1.00 -3.30 7646 4300 1.78 4.42
20181213 26350 26480 25950 26350 12323 32410507 2.02 0.96 0.57 6587 5735 1.15 4.56
20181212 26150 26550 26050 26200 12276 32285227 1.92 0.93 0.58 5900 6376 0.93 4.54
20181211 25940 26190 25830 26050 7252 18867501 1.40 0.48 1.40 3498 3754 0.93 2.68
20181210 26410 26660 25650 25690 15457 40237106 3.79 0.84 -3.67 10381 5075 2.05 5.72
20181207 26610 27000 26480 26670 12203 32618204 1.94 0.65 -0.34 6120 6083 1.01 4.52
20181206 27300 27680 26620 26760 16666 45190319 3.90 0.89 -1.44 9940 6726 1.48 6.17
20181205 27020 27670 26940 27150 14681 39994733 2.62 0.75 -2.51 8754 5927 1.48 5.43
20181204 28100 28100 27550 27850 16218 45060134 1.96 0.80 -0.89 8526 7692 1.11 6.00
20181203 27510 28270 27410 28100 31813 88695752 3.19 1.82 4.27 15645 16168 0.97 11.77
20181130 26440 27180 26330 26950 14713 39408486 3.22 0.76 2.08 6491 8222 0.79 5.45
20181129 27390 27770 26390 26400 16665 45198540 5.06 0.84 -3.26 10382 6283 1.65 6.17
20181128 26940 27900 26240 27290 18001 48607296 6.16 0.81 1.30 8223 9779 0.84 6.66
20181127 26700 27800 26700 26940 19615 53387337 4.12 0.69 1.01 9598 10017 0.96 7.26
20181126 26110 26880 25920 26670 18271 48274651 3.66 0.61 1.76 8564 9706 0.88 6.76
20181123 28000 28080 25880 26210 24399 65340447 7.90 0.72 -5.92 14177 10222 1.39 9.03
20181122 28220 28490 27660 27860 18689 52395177 2.94 0.47 -1.17 11068 7621 1.45 6.92
20181121 27990 28210 27030 28190 29770 82845901 4.08 0.77 -2.46 16798 12973 1.29 11.02
20181120 29880 31220 28900 28900 50866 153444000
20181119 29880 29960 29460 29690 25451 75550000
20181116 29600 29990 29200 29960 45730 135214000
20181115 28850 29770 28810 29690 44949 132003081 3.34 1.73 3.31 17539 27410 0.64 16.64
20181114 29200 29520 28610 28740 27351 79203336 3.13 1.04 -1.27 14480 12871 1.13 10.12
20181113 28290 29280 28030 29110 32825 94422254 4.33 1.22 0.87 16415 16410 1.00 12.15
20181112 28070 28920 27790 28860 25495 72354825 4.01 0.80 2.34 12099 13395 0.90 9.44
20181109 28450 28990 28150 28200 20161 57731258 2.94 0.44 -1.26 11169 8992 1.24 7.46
20181108 28950 29190 28510 28560 23781 68465596 2.37 0.51 -0.52 13288 10493 1.27 8.80
20181107 28860 29550 28700 28710 29060 84520998 2.94 0.64 -0.73 16135 12925 1.25 10.76
20181106 28810 29200 28400 28920 35620 102650162 2.70 0.85 -2.56 20552 15068 1.36 13.18
20181105 29800 30270 29380 29680 50015 149027071 2.93 1.42 -2.34 28326 21690 1.31 18.51
20181102 30200 31880 29170 30390 91771 275659952 9.11 3.99 2.12 42641 49130 0.87 33.96
20181101 29760 29760 29760 29760 27380 81482225 0.00 1.17 10.02 23402 3978 5.88 10.13
20181031 27070 27290 26600 27050 21395 57678057 2.59 0.89 1.42 9835 11560 0.85 7.92
20181030 26600 27090 25800 26670 19784 52443902 4.85 0.71 0.26 10165 9619 1.06 7.32
20181029 27150 27310 26500 26600 16210 43540882 2.95 0.44 -3.13 9952 6258 1.59 6.00
20181026 27250 27920 26310 27460 30307 82395003 5.93 0.81 1.14 15692 14615 1.07 11.22
20181025 26500 27300 26010 27150 29205 77698669 4.64 0.75 -2.41 17081 12125 1.41 10.81
20181024 28200 28600 27530 27820 25105 70199535 3.77 0.58 -1.90 14261 10844 1.32 9.29
20181023 28900 28900 28110 28360 38368 109169429 2.71 0.89 -2.78 22455 15913 1.41 14.20
20181022 27750 29470 27450 29170 61877 176797392 7.28 1.37 5.12 29435 32442 0.91 22.90
20181019 25600 27790 25300 27750 33638 90217122 9.11 0.76 1.50 16781 16858 1.00 12.45
20181018 27230 27880 26780 27340 34892 95197896 3.93 0.76 -2.22 18613 16278 1.14 12.91
20181017 27000 28260 26300 27960 47124 129588855 7.29 0.92 4.02 23098 24025 0.96 17.44
20181016 26200 27230 26030 26880 38940 103510296 4.38 0.74 -1.83 22050 16890 1.31 14.41
20181015 29000 29510 27380 27380 71990 203736387 7.81 1.70 0.44 39208 32783 1.20 26.64
20181012 25080 27260 24780 27260 27338 73120137 10.01 0.67 10.01 17951 9386 1.91 10.12
20181011 25520 26490 24750 24780 44812 113595739 6.33 1.22 -9.89 27360 17452 1.57 16.58
20181010 28330 28900 27490 27500 71663 202105650 5.17 2.73 0.77 35938 35724 1.01 26.52
20181009 24980 27290 24980 27290 45919 123188289 9.31 2.33 10.00 32429 13490 2.40 16.99
20181008 26300 26300 24800 24810 21980 56413585 5.61 1.15 -7.18 13870 8110 1.71 8.13
20180928 26000 26850 25710 26730 20774 55076051 4.39 1.10 2.97 7116 13659 0.52 7.69
20180927 26590 27110 25960 25960 23938 63764902 4.33 1.30 -2.22 13632 10306 1.32 8.86
20180926 26550 26980 26140 26550 18580 49240939 3.17 1.03 0.11 9233 9348 0.99 6.88
20180925 26360 26880 26140 26520 13236 35010815 2.81 0.71 0.57 7633 5604 1.36 4.90
20180921 26120 26660 26010 26370 19203 50615305 2.51 0.92 1.66 9069 10135 0.89 7.11
20180920 26700 26700 25720 25940 19158 50210563 3.69 0.90 -2.26 11041 8117 1.36 7.09
20180919 26090 27400 25730 26540 22101 58946061 6.37 1.09 1.26 11360 10741 1.06 8.18
20180918 25750 26290 25520 26210 16073 41691784 3.01 0.80 2.50 7676 8397 0.91 5.95
20180917 26060 26080 25010 25570 16669 42619290 4.09 0.80 -2.14 8928 7742 1.15 6.17
20180914 29100 29100 26110 26130 30730 84586967 10.31 1.52 -9.93 19107 11622 1.64 11.37
20180913 29040 29160 28350 29010 21201 61042683 2.84 1.01 1.61 9820 11382 0.86 7.85
20180912 28690 28900 28000 28550 17093 48680510 3.14 0.80 -0.52 9155 7938 1.15 6.33
20180911 29200 29280 28300 28700 15045 43141395 3.38 0.69 -1.03 7902 7143 1.11 5.57
20180910 29850 30400 28840 29000 20306 59440556 5.17 0.87 -3.88 13122 7184 1.83 7.52
20180907 30090 30500 29580 30170 27507 83065249 3.05 1.24 -0.13 13058 14448 0.90 10.18
20180906 29410 30400 29180 30210 24570 73296877 4.15 1.12 2.83 12173 12397 0.98 9.09
20180905 29800 30200 29360 29380 19099 56911727 2.80 0.82 -1.90 10065 9035 1.11 7.07
20180904 29780 30300 29300 29950 17671 52841537 3.33 0.61 -0.27 8607 9064 0.95 6.54
20180903 29300 30090 27900 30030 28176 81621283 7.37 0.93 1.08 16260 11916 1.36 10.43
20180831 30270 30500 29310 29710 21369 64119315 3.95 0.67 -1.33 11655 9714 1.20 7.91
20180830 31760 31760 30100 30110 23046 71379803 5.23 0.69 -5.08 14316 8730 1.64 8.53
20180829 31600 31880 31020 31720 26427 83016278 2.67 0.73 -1.43 16052 10375 1.55 9.78
20180828 31530 33280 31360 32180 46594 150314234 6.17 1.47 3.44 22497 24097 0.93 17.24
20180827 31310 31470 30110 31110 33653 103514792 4.36 1.16 -0.29 18242 15411 1.18 12.45
20180824 32200 32300 31180 31200 29859 94669299 3.49 1.08 -2.89 19491 10368 1.88 11.05
20180823 31800 32380 31350 32130 30777 98366647 3.23 1.21 0.91 15844 14933 1.06 11.39
20180822 31370 32880 31080 31840 40074 127975343 5.71 1.84 1.08 19761 20313 0.97 14.83
20180821 31410 31720 30650 31500 23994 75039479 3.42 1.00 0.64 11568 12426 0.93 8.88
20180820 30050 31300 29710 31300 20584 63015332 5.21 0.74 2.62 10158 10426 0.97 7.62
20180817 31150 31250 30300 30500 22684 69788143 3.12 0.76 0.23 11166 11518 0.97 8.40
20180816 30010 31280 29660 30430 20250 61856193 5.28 0.65 -0.91 10458 9792 1.07 7.49
20180815 31400 31630 30430 30710 21549 66692385 3.79 0.66 -2.91 13202 8348 1.58 7.98
20180814 31670 32190 31130 31630 34993 110840401 3.29 1.13 -1.95 20240 14753 1.37 12.95
20180813 30100 33090 29510 32260 39043 120708073 11.68 1.40 5.25 17039 22004 0.77 14.45
20180810 29890 31930 29890 30650 33714 103404924 6.92 1.34 3.90 17057 16657 1.02 12.48
20180809 28400 29880 28400 29500 27219 80352831 5.17 1.06 3.15 11243 15975 0.70 10.07
20180808 30000 30450 28110 28600 29248 85679318 7.75 1.05 -5.24 17889 11359 1.57 10.82
20180807 29200 30200 28900 30180 25932 76979793 4.50 0.99 4.39 11644 14288 0.81 9.60
20180806 30320 31300 28810 28910 23391 70081931 8.06 0.88 -6.38 12711 10680 1.19 8.66
20180803 31600 31890 30660 30880 19778 61847047 3.87 0.68 -2.77 11257 8521 1.32 7.32
20180802 32730 33100 30460 31760 29688 93719489 7.97 0.82 -4.08 15850 13837 1.15 10.99
20180801 32170 33580 32170 33110 40755 134304537 4.38 1.06 2.95 20879 19876 1.05 15.08
20180731 31750 32280 31400 32160 17034 54307994 2.77 0.39 1.07 7872 9162 0.86 6.30
20180730 32190 32790 31520 31820 25773 82894803 3.97 0.56 -0.59 13716 12057 1.14 9.54
20180727 32100 32720 31680 32010 33125 106510973 3.17 0.62 -2.41 17904 15220 1.18 12.26
20180726 36480 36600 32800 32800 65146 219758954 10.43 1.23 -9.99 38792 26354 1.47 24.11
20180725 36810 37550 36000 36440 51817 190940004 4.21 1.02 -0.98 27666 24151 1.15 19.18
20180724 36220 37100 36030 36800 43939 161138183 2.96 0.84 1.69 21982 21957 1.00 16.26
20180723 37000 37100 35580 36190 36789 132488285 4.13 0.64 -1.55 21397 15392 1.39 13.62
20180720 37370 37890 36560 36760 68278 253556716 3.59 1.11 -0.81 38198 30080 1.27 25.27
20180719 36040 37160 35770 37060 64572 235282145 3.89 0.88 3.81 29017 35556 0.82 23.90
20180718 36680 36810 35620 35700 40494 146042823 3.24 0.40 -2.67 24768 15725 1.58 14.99
20180717 36480 36800 35700 36680 52217 189476451 2.99 0.53 -0.30 27720 24497 1.13 19.33
20180716 37040 37950 36190 36790 62156 229514330 4.76 0.59 -0.51 33362 28794 1.16 23.00
20180713 38180 38800 36880 36980 87747 329560688 4.91 0.78 -5.42 51382 36364 1.41 32.47
20180712 38500 40810 38010 39100 125875 490505072 6.86 1.38 -4.19 70756 55120 1.28 46.59
20180711 48000 48000 40520 40810 178357 780963184 17.03 2.86 -7.08 102352 76005 1.35 66.01
20180710 43480 43920 43080 43920 37215 162367683 2.10 0.60 9.99 25200 12015 2.10 13.77
20180709 37000 39930 36500 39930 96982 379382112 9.45 1.96 10.00 64935 32047 2.03 35.89
20180706 36300 36300 33500 36300 121214 433206032 8.48 3.54 10.00 72714 48500 1.50 44.86
20180705 31630 33000 31630 33000 23917 78453294 4.57 0.65 10.00 19190 4727 4.06 8.85
20180704 31640 31850 29580 30000 32467 100170108 7.08 0.87 -6.40 19471 12996 1.50 12.02
20180703 31600 32200 30460 32050 33811 106698492 5.55 0.94 2.23 16041 17770 0.90 12.51
20180702 32560 32750 30680 31350 36432 116132344 6.32 1.09 -4.33 22266 14166 1.57 13.48
20180629 31280 32790 30750 32770 44706 143103640 6.50 1.53 4.43 20929 23777 0.88 16.55
20180628 30740 31970 30680 31380 36313 113727799 4.18 1.20 1.75 17738 18575 0.95 13.44
20180627 30650 31900 30400 30840 35736 111345862 4.94 1.19 1.58 17695 18041 0.98 13.23
20180626 28980 30530 28580 30360 26957 80516740 6.59 0.89 2.53 12351 14606 0.85 9.98
20180625 29900 30950 29420 29610 23782 71420561 5.19 0.67 0.37 12785 10997 1.16 8.80
20180622 28420 30180 28100 29500 23229 68398749 7.13 0.63 1.13 11198 12031 0.93 8.60
20180621 31770 32320 28920 29170 42155 127750160 10.60 1.17 -9.10 24187 17968 1.35 15.60
20180620 30080 32490 30080 32090 33772 106353827 7.68 0.99 2.20 17674 16098 1.10 12.50
20180619 33130 33440 31400 31400 28402 91598675 5.85 0.87 -10.00 15909 12493 1.27 10.51
20180615 36750 37460 33900 34890 48904 172583921 9.46 1.66 -7.28 28233 20671 1.37 18.10
20180614 35680 39000 34330 37630 31139 116272214 12.80 1.07 3.12 14847 16292 0.91 11.52
20180613 51970 53430 50000 51340 38060 199624215 6.62 1.27 -0.96 18038 20022 0.90 19.72
20180612 51600 51940 48650 51840 23557 119841563 6.46 0.74 1.79 11663 11894 0.98 12.21
20180611 52040 52380 50300 50930 21387 109844816 3.95 0.66 -3.23 12954 8434 1.54 11.08
20180608 52030 53440 51580 52630 32870 172538326 3.57 1.04 0.96 16531 16339 1.01 17.03
20180607 52510 52880 50890 52130 29813 154231857 3.81 0.92 -0.21 16348 13465 1.21 15.45
20180606 50470 52880 49550 52240 42136 216640828 6.60 1.25 3.49 21232 20904 1.02 21.83
20180605 48700 50900 48310 50480 34004 169506195 5.31 0.92 3.46 15267 18737 0.81 17.62
20180604 48050 49180 47780 48790 24348 117974485 2.93 0.53 2.11 12257 12091 1.01 12.62
20180601 47550 49100 46510 47780 27892 133533205 5.37 0.43 -0.99 15069 12823 1.18 14.45
20180531 47690 48600 47110 48260 33987 163216141 3.20 0.44 3.54 19287 14700 1.31 17.61
20180530 49730 49730 46060 46610 48983 234255461 7.17 0.57 -8.93 29347 19636 1.49 25.38
20180529 53020 54450 51000 51180 48863 258270059 6.30 0.53 -6.57 27451 21412 1.28 25.32
20180528 58310 58680 54780 54780 71431 398347536 6.41 0.83 -10.00 40595 30836 1.32 37.01
20180525 61200 65490 57500 60870 117623 723397424 13.02 1.72 -0.78 62942 54681 1.15 60.94
20180524 54640 61350 54130 61350 102796 611358992 12.95 1.87 10.01 54725 48071 1.14 53.26
20180523 53450 59700 53450 55770 86393 485397648 11.50 2.03 2.65 41381 45012 0.92 44.76
20180522 57300 57300 53480 54330 86538 475980240 7.02 2.73 -0.20 45318 41220 1.10 44.84
20180521 49590 54440 49580 54440 35268 185883372 9.82 1.23 10.00 21610 13658 1.58 18.27
20180518 50150 50600 48200 49490 30252 149375865 4.75 1.09 -2.10 18131 12121 1.50 15.67
20180517 49650 51490 49050 50550 36507 183835963 4.95 1.37 2.56 16077 20430 0.79 18.92
20180516 50000 50230 48950 49290 24323 120317697 2.54 0.79 -2.32 14593 9731 1.50 12.60
20180515 49060 50670 48200 50460 32114 159767659 5.06 0.94 3.34 13651 18463 0.74 16.64
20180514 47500 49490 47500 48830 19686 95984817 4.13 0.52 1.27 9623 10062 0.96 10.20
20180511 50600 50800 47880 48220 26639 130717501 5.80 0.74 -4.29 16939 9701 1.75 13.80
20180510 49790 50530 49100 50380 30845 154024734 2.84 0.91 -0.08 16204 14641 1.11 15.98
20180509 48850 51720 48680 50420 44766 224217229 6.11 1.49 1.31 22810 21957 1.04 23.19
20180508 51000 51500 48600 49770 48758 243210053 5.82 2.03 -0.20 26150 22608 1.16 25.26
20180507 45930 49870 45930 49870 36755 178748861 8.69 1.59 9.99 20411 16344 1.25 19.04
20180504 46200 47500 45060 45340 18657 86289305 5.24 0.71 -2.58 10762 7895 1.36 9.67
20180503 44500 46910 43800 46540 20333 92804911 6.93 0.71 3.74 9512 10821 0.88 10.54
20180502 47250 47720 43660 44860 25321 114412939 8.59 0.92 -5.10 14126 11195 1.26 13.12
20180427 47790 48170 46330 47270 19007 89966541 3.91 0.64 0.45 10431 8576 1.22 9.85
20180426 49890 50480 47000 47060 32392 157878114 6.93 1.13 -6.24 18621 13771 1.35 16.78
20180425 49600 50480 49050 50190 33596 167285026 2.79 1.19 -1.92 17897 15699 1.14 17.41
20180424 48300 51440 48000 51170 33802 169408286 7.15 1.14 6.40 14304 19498 0.73 17.51
20180423 47490 48430 46530 48090 18807 89747106 4.06 0.49 2.87 9619 9188 1.05 9.74
20180420 49500 50420 46050 46750 28761 138932547 8.64 0.62 -7.59 16873 11887 1.42 14.90
20180419 50000 51720 49780 50590 27927 142226920 3.83 0.55 -0.08 14482 13445 1.08 14.47
20180418 50250 50880 46900 50630 32148 158655891 8.02 0.58 2.04 16257 15891 1.02 16.66
20180417 52080 52630 49050 49620 40035 203308973 6.90 0.58 -4.36 21944 18091 1.21 20.74
20180416 55550 55800 51640 51880 64186 338546592 7.25 0.89 -9.59 35554 28632 1.24 33.26
20180413 56180 59880 56000 57380 68442 398486304 6.96 0.99 2.92 31606 36836 0.86 35.46
20180412 55300 57960 55280 55750 49275 279523440 4.73 0.73 -1.57 24568 24707 0.99 25.53
20180411 57170 57910 56100 56640 56572 322573104 3.08 0.82 -3.77 31055 25517 1.22 29.31
20180410 56700 59970 54500 58860 108030 620563296 9.52 1.80 2.45 56307 51723 1.09 55.97
20180409 52000 57450 52000 57450 78500 440225008 10.43 1.37 9.99 42331 36169 1.17 40.67
20180404 53730 56230 52190 52230 52234 283114336 7.62 0.94 -1.47 25363 26871 0.94 27.06
20180403 52150 53380 51330 53010 40738 213674092 3.78 0.72 -2.16 22253 18486 1.20 21.11
20180402 53990 56780 52670 54180 65269 355496304 7.68 1.26 1.18 31140 34128 0.91 33.82
20180330 51580 53610 50750 53550 63105 328416384 5.48 1.35 2.66 31579 31526 1.00 32.70
20180329 48340 53800 48340 52160 65641 337983552 11.14 1.62 6.43 26915 38726 0.70 34.01
20180328 47490 52500 46850 49010 44144 219535545 11.61 1.04 0.68 22395 21748 1.03 22.87
20180327 47700 49990 47180 48680 44788 219171742 5.90 1.05 2.27 21496 23292 0.92 23.21
20180326 44000 47960 41890 47600 40658 183117506 13.05 0.97 2.37 19782 20877 0.95 21.07
20180323 48090 49800 46500 46500 38865 185693702 6.39 0.92 -10.01 22425 16440 1.36 20.14
20180322 50500 52550 50100 51670 34293 176507875 4.77 0.68 0.60 17818 16476 1.08 17.77
20180321 53250 55000 51030 51360 53190 283796944 7.50 1.06 -2.97 28379 24811 1.14 27.56
20180320 50000 53190 49530 52930 46216 237090924 7.08 0.79 2.32 22040 24176 0.91 23.95
20180319 50200 52400 50150 51730 37642 194327046 4.42 0.50 1.59 18305 19337 0.95 19.50
20180316 51310 51770 50500 50920 39009 199277413 2.49 0.46 -0.31 21077 17932 1.18 20.21
20180315 53020 53650 50230 51080 74668 382001712 6.13 0.86 -8.48 36865 37803 0.98 38.69
20180314 55680 57650 54760 55810 53902 303304464 5.01 0.60 -3.24 32401 21500 1.51 27.93
20180313 57650 60240 57190 57680 86059 503886944 5.21 0.95 -1.42 45848 40211 1.14 44.59
20180312 64100 65730 57500 58510 122696 764050752 13.77 1.51 -2.08 75640 47056 1.61 63.57
20180309 53400 59750 53230 59750 89570 516062720 12.00 1.18 10.00 47896 41675 1.15 46.41
20180308 53610 57000 53400 54320 82761 457914944 6.60 1.16 -0.35 41207 41553 0.99 42.88
20180307 53800 54870 52400 54510 66766 358351856 4.59 0.95 1.19 33873 32893 1.03 34.59
20180306 53160 56390 52260 53870 91376 495775984 7.73 1.26 0.86 48201 43174 1.12 47.34
20180305 49600 53410 49600 53410 75175 386638896 7.85 0.97 10.01 35045 40130 0.87 38.95
20180302 48880 52400 48400 48550 62971 318462384 8.03 0.75 -2.59 32765 30206 1.08 32.63
20180301 47700 50950 47300 49840 61514 303162352 7.31 0.68 -0.14 30781 30733 1.00 31.87
20180228 52000 52000 49910 49910 62029 311548496 3.77 0.66 -10.01 23949 38080 0.63 32.14
20180227 53010 58500 52560 55460 101104 563026368 11.01 1.04 2.78 51386 49717 1.03 52.39
20180226 55600 56600 52560 53960 100095 546143072 7.56 1.20 0.92 53208 46887 1.13 51.86
20180223 51400 54000 50410 53470 97509 508453088 6.90 1.11 2.81 47314 50196 0.94 50.52
20180222 51780 52560 49030 52010 90099 458445344 6.84 1.00 0.83 45708 44391 1.03 46.68
20180214 56000 58800 51580 51580 80423 443868560 12.60 0.86 -10.00 45291 35131 1.29 41.67
20180213 62000 62720 55050 57310 116340 674710880 13.11 1.37 -2.05 63588 52752 1.21 60.28
20180212 58500 58510 56910 58510 34025 198937346 3.01 0.39 10.00 23856 10170 2.35 17.63
20180209 46480 53190 46010 53190 118512 601073280 14.85 1.39 10.01 69875 48637 1.44 61.41
20180208 42500 48350 41510 48350 103429 456344400 15.56 1.17 10.01 58669 44760 1.31 53.59
20180207 41500 43950 40140 43950 93407 397236448 9.54 1.00 10.01 49341 44066 1.12 48.40
20180206 39960 42450 39950 39950 73939 300732224 5.63 0.94 -10.00 35318 38621 0.91 38.31
20180205 44590 46300 44390 44390 51962 231792733 3.87 0.76 -10.00 22566 29395 0.77 26.92
20180202 52000 54500 49320 49320 104628 540088128 9.45 2.18 -10.00 59096 45532 1.30 54.21
20180201 48000 54800 47200 54800 118607 613397776 15.25 4.91 10.00 59788 58819 1.02 61.45
20180131 48980 51200 47310 49820 116863 574762912 8.32 144.67 6.57 50449 66414 0.76 60.55
20180130 46750 46750 46750 46750 2735 12786125 0.00 10.03 10.00 2735 - - 1.42
20180129 42500 42500 42500 42500 844 3587000 0.00 6.99 9.99 844 - - 0.44
20180126 38640 38640 38640 38640 379 1464456 0.00 6.75 9.99 379 - - 0.20
20180125 35130 35130 35130 35130 55 193215 0.00 0.97 9.99 55 - - 0.03
20180124 31940 31940 31940 31940 26 83204 0.00 0.36 9.99 26 - - 0.01
20180123 29040 29040 29040 29040 60 174240 0.00 0.72 10.00 60 - - 0.03
20180122 22000 26400 22000 26400 83 219868 24.00 - 44.03 83 - - 0.04
