20200203 5250 5250 5200 5200 30615 15952477 0.87 1.15 -10.03 13919 16696 0.83 0.60
20200123 5880 5950 5780 5780 22956 13440175 2.89 0.52 -1.70 16713 6243 2.68 0.45
20200122 5930 5950 5820 5880 21369 12547852 2.19 0.31 -0.84 12572 8797 1.43 0.42
20200121 5900 5980 5870 5930 23843 14143000
20200120 5980 5980 5840 5910 29376 17320647 2.34 0.39 -1.17 16890 12486 1.35 0.57
20200117 6030 6070 5950 5980 36003 21583049 1.98 0.48 -1.32 24334 11669 2.09 0.70
20200116 6300 6300 5970 6060 109796 66684313 5.21 1.88 -4.42 68944 40853 1.69 2.15
20200115 6260 6890 6250 6340 146732 95487112 10.22 3.75 1.28 69306 77426 0.90 2.87
20200114 6150 6310 6140 6260 43476 27133923 2.74 1.24 0.97 22038 21438 1.03 0.85
20200113 6080 6250 6070 6200 41460 25664987 2.97 1.25 2.31 20372 21088 0.97 0.81
20200110 5930 6080 5930 6060 35332 21187524 2.53 1.13 2.19 14115 21217 0.67 0.69
20200109 5970 5990 5900 5930 25067 14894804 1.52 0.79 0.00 14839 10228 1.45 0.49
20200108 5910 6060 5880 5930 50503 30174301 3.04 2.11 0.17 26030 24473 1.06 0.99
20200107 5850 5920 5850 5920 23128 13636000
20200106 5780 5940 5780 5860 32176 18847191 2.74 1.75 0.34 17257 14920 1.16 0.63
20200103 5790 5860 5710 5840 26005 15033236 2.59 1.64 0.86 12797 13208 0.97 0.51
20200102 5740 5800 5700 5790 26841 15443384 1.75 2.09 1.40 9789 17051 0.57 0.52
20191231 5690 5710 5660 5710 11452 6513416 0.88 0.84 0.18 6044 5408 1.12 0.22
20191230 5640 5730 5620 5700 15010 8529271 1.94 1.06 0.53 6160 8850 0.70 0.29
20191227 5680 5760 5630 5670 12534 7140968 2.30 0.81 0.18 5807 6728 0.86 0.24
20191226 5640 5660 5570 5660 13386 7530786 1.60 0.81 0.53 7827 5559 1.41 0.26
20191225 5640 5680 5590 5630 11799 6649377 1.60 0.61 0.00 6635 5163 1.29 0.23
20191224 5620 5670 5570 5630 15539 8722289 1.78 0.70 0.18 8736 6803 1.28 0.30
20191223 5800 5800 5620 5620 17397 9909511 3.13 0.81 -2.43 11337 6059 1.87 0.34
20191220 5850 5850 5730 5760 19560 11312087 2.05 0.96 -1.37 13057 6503 2.01 0.38
20191219 5800 5850 5790 5840 17896 10415384 1.03 0.94 0.34 9850 8047 1.22 0.35
20191218 5780 5830 5760 5820 26169 15177424 1.21 1.65 0.69 12467 13702 0.91 0.51
20191217 5750 5810 5700 5780 30672 17676083 1.92 2.36 0.70 13667 17005 0.80 0.60
20191216 5740 5770 5680 5740 13696 7838511 1.58 1.03 0.70 7344 6353 1.16 0.27
20191213 5690 5730 5660 5700 13562 7714964 1.23 1.02 0.53 6422 7140 0.90 0.27
20191212 5710 5790 5650 5670 11597 6599911 2.45 0.81 -0.87 8080 3517 2.30 0.23
20191211 5750 5750 5690 5720 9547 5447155 1.05 0.60 -0.35 5551 3996 1.39 0.19
20191210 5730 5750 5670 5740 16471 9400000
20191209 5670 5750 5660 5730 15373 8771699 1.58 1.12 0.35 7222 8151 0.89 0.30
20191206 5700 5710 5630 5710 13219 7500041 1.40 1.07 0.00 5416 7803 0.69 0.26
20191205 5640 5730 5610 5710 16836 9540823 2.13 1.68 1.24 6640 10196 0.65 0.33
20191204 5750 5750 5620 5640 17670 10013897 2.26 2.34 -2.08 12050 5620 2.14 0.35
20191203 5690 5770 5650 5760 16163 9247586 2.11 2.77 1.23 6420 9743 0.66 0.32
20191202 5660 5740 5650 5690 4917 2798649 1.59 0.64 0.53 2827 2091 1.35 0.10
20191129 5690 5730 5630 5660 5925 3352315 1.76 0.62 -0.18 4511 1414 3.19 0.12
20191128 5640 5680 5630 5670 5365 3036360 0.88 0.44 0.35 2265 3101 0.73 0.10
20191127 5670 5680 5630 5650 5312 3003220 0.88 0.38 0.00 2812 2500 1.12 0.10
20191126 5690 5750 5630 5650 7662 4342576 2.10 0.50 -1.05 4648 3014 1.54 0.15
20191125 5710 5770 5660 5710 14157 8088919 1.93 0.91 0.00 8413 5744 1.46 0.28
20191122 5680 5730 5630 5710 15442 8762417 1.76 0.83 0.71 7235 8207 0.88 0.30
20191121 5580 5680 5580 5670 18769 10616095 1.78 0.74 0.89 9217 9551 0.97 0.37
20191120 5580 5620 5540 5620 13135 7332138 1.43 0.55 0.54 5548 7587 0.73 0.26
20191119 5570 5610 5520 5590 14682 8178678 1.62 0.62 0.72 8660 6022 1.44 0.29
20191118 5530 5580 5510 5550 16021 8883195 1.26 0.68 0.00 7813 8207 0.95 0.31
20191115 5600 5600 5450 5550 30152 16601056 2.64 1.45 -2.29 18905 11248 1.68 0.59
20191114 5590 5800 5550 5680 52123 29655829 4.50 4.02 2.16 27646 24478 1.13 1.02
20191113 5570 5610 5530 5560 7269 4034489 1.44 0.56 -0.18 4682 2587 1.81 0.14
20191112 5490 5600 5460 5570 12628 6947010 2.55 0.98 1.27 5126 7502 0.68 0.25
20191111 5570 5590 5460 5500 15035 8287314 2.33 1.28 -1.61 11140 3895 2.86 0.29
20191108 5560 5640 5550 5590 17256 9674326 1.62 1.53 0.90 7998 9258 0.86 0.34
20191107 5520 5560 5500 5540 12705 7020727 1.09 1.22 0.36 7294 5411 1.35 0.25
20191106 5570 5570 5510 5520 7552 4179764 1.08 0.65 -0.90 5036 2516 2.00 0.15
20191105 5560 5580 5510 5570 11933 6617127 1.26 0.81 0.00 6192 5741 1.08 0.23
20191104 5590 5610 5560 5570 9080 5068897 0.89 0.45 -0.36 5530 3550 1.56 0.18
20191101 5570 5640 5540 5590 15108 8435408 1.79 0.71 0.18 8064 7045 1.14 0.30
20191031 5550 5620 5550 5580 8310 4636720 1.26 0.40 0.18 4375 3935 1.11 0.16
20191030 5650 5650 5550 5570 14000 7805784 1.77 0.71 -1.24 8468 5532 1.53 0.27
20191029 5710 5710 5610 5640 26757 15082958 1.75 1.61 -1.05 16612 10145 1.64 0.52
20191028 5710 5720 5640 5700 37197 21133930 1.40 3.32 0.00 25027 12170 2.06 0.73
20191025 5770 5770 5680 5700 19609 11185822 1.57 1.99 -0.70 14568 5041 2.89 0.38
20191024 5730 5790 5720 5740 7089 4078503 1.21 0.72 -0.52 3818 3270 1.17 0.14
20191023 5800 5810 5720 5770 8236 4740862 1.55 0.79 -0.69 6147 2089 2.94 0.16
20191022 5810 5810 5750 5810 10738 6209612 1.04 1.01 0.35 4929 5810 0.85 0.21
20191021 5810 5820 5740 5790 10285 5944863 1.37 0.72 -0.86 5034 5250 0.96 0.20
20191018 5910 5960 5820 5840 12949 7609888 2.36 0.91 -1.35 7589 5360 1.42 0.25
20191017 5900 5960 5890 5920 7236 4286291 1.18 0.46 -0.34 3917 3319 1.18 0.14
20191016 5960 5970 5920 5940 10959 6520397 0.84 0.69 0.17 5950 5008 1.19 0.21
20191015 5970 5970 5920 5930 11488 6821737 0.84 0.76 -0.17 6759 4728 1.43 0.22
20191014 5960 6020 5910 5940 29190 17432794 1.85 2.75 -0.17 19815 9376 2.11 0.57
20191011 5880 5960 5880 5950 12474 7401239 1.36 1.09 0.85 5810 6665 0.87 0.24
20191010 5800 5900 5790 5900 13716 8032688 1.90 1.23 1.72 5693 8023 0.71 0.27
20191009 5800 5820 5740 5800 11982 6945000
20191008 5740 5810 5730 5780 7783 4502558 1.39 0.54 0.35 3597 4186 0.86 0.15
20190930 5790 5830 5740 5760 7040 4067240 1.55 0.45 -1.03 4155 2885 1.44 0.14
20190927 5730 5860 5730 5820 16471 9550520 2.27 1.17 1.57 5926 10545 0.56 0.32
20190926 5860 5870 5730 5730 12295 7105157 2.40 0.88 -1.72 7827 4469 1.75 0.24
20190925 6000 6000 5810 5830 23026 13548000
20190924 6040 6050 5990 6010 13205 7942098 1.00 0.92 -0.17 8987 4218 2.13 0.26
20190923 6050 6080 5990 6020 12528 7550021 1.49 0.79 -0.33 7679 4850 1.58 0.24
20190920 6040 6080 6010 6040 9176 5546405 1.16 0.51 -0.17 5544 3632 1.53 0.18
20190919 6040 6050 5970 6050 11566 6945950 1.33 0.54 0.33 6165 5402 1.14 0.23
20190918 6030 6070 5980 6030 14365 8651762 1.50 0.60 0.17 8440 5925 1.42 0.28
20190917 6250 6250 6020 6020 24119 14709387 3.69 0.79 -3.37 16569 7550 2.19 0.47
20190916 6250 6280 6220 6230 20545 12820932 0.97 0.66 0.32 10233 10312 0.99 0.40
20190912 6200 6230 6150 6210 19249 11915283 1.29 0.57 0.16 10812 8437 1.28 0.38
20190911 6250 6280 6180 6200 27864 17345000
20190910 6220 6260 6140 6180 27236 16852872 1.93 0.88 -0.64 16813 10423 1.61 0.53
20190909 6390 6600 6160 6220 56923 35563778 7.24 2.34 2.30 27417 29506 0.93 1.11
20190906 6180 6190 6060 6080 23387 14284937 2.11 0.82 -1.30 14115 9272 1.52 0.46
20190905 6170 6290 6150 6160 32005 19818317 2.28 1.12 0.16 14919 17086 0.87 0.63
20190904 6100 6210 6070 6150 24302 14916118 2.29 0.79 0.65 9899 14404 0.69 0.47
20190903 6120 6120 6040 6110 17652 10769000
20190902 6030 6120 6000 6090 24223 14737000
20190830 6180 6250 6030 6040 45180 27770438 3.55 0.70 -2.42 24610 20571 1.20 0.88
20190829 6210 6360 6180 6190 31238 19501486 2.90 0.49 -0.32 17115 14123 1.21 0.61
20190828 6300 6320 6200 6210 35117 21952173 1.90 0.53 -1.90 20882 14236 1.47 0.69
20190827 6330 6470 6210 6330 65924 41763676 4.08 1.05 -0.78 37767 28157 1.34 1.29
20190826 5950 6650 5880 6380 120935 74178595 12.73 2.22 5.45 50905 70031 0.73 2.36
20190823 5940 6150 5810 6050 68014 40634013 5.78 1.40 2.89 31077 36936 0.84 1.33
20190822 5940 6040 5850 5880 28655 16915411 3.20 0.63 -1.01 17509 11146 1.57 0.56
20190821 5880 6020 5800 5940 46947 27670197 3.76 1.22 1.54 25982 20964 1.24 0.92
20190820 5810 6040 5750 5850 49764 29165230 4.96 1.63 0.00 30121 19643 1.53 0.97
20190819 5590 5960 5550 5850 79312 45730331 7.35 4.57 4.84 38413 40899 0.94 1.55
20190816 5490 5800 5460 5580 37658 21009129 6.19 3.01 1.64 20318 17340 1.17 0.74
20190815 5470 5510 5400 5490 15042 8189608 1.99 1.26 -0.72 7507 7535 1.00 0.29
20190814 5570 5590 5500 5530 10816 5994440 1.63 0.84 0.00 6345 4471 1.42 0.21
20190813 5540 5550 5500 5530 9912 5472824 0.90 0.62 -0.36 6239 3673 1.70 0.19
20190812 5530 5560 5490 5550 13287 7329000
20190809 5650 5680 5490 5510 13442 7512524 3.37 0.79 -2.30 9136 4306 2.12 0.26
20190808 5680 5700 5610 5640 12370 6996225 1.59 0.73 -0.35 6079 6292 0.97 0.24
20190807 5670 5740 5590 5660 15571 8797965 2.66 0.91 0.53 7749 7822 0.99 0.30
20190806 5830 5840 5600 5630 25332 14370688 4.08 1.67 -4.25 16968 8363 2.03 0.50
20190805 5850 5940 5840 5880 17464 10297888 1.70 1.32 0.17 7441 10023 0.74 0.34
20190802 5900 5920 5850 5870 14879 8750197 1.18 1.23 -1.34 8392 6487 1.29 0.29
20190801 5980 5980 5920 5950 11216 6666612 1.01 0.92 -0.34 5261 5955 0.88 0.22
20190731 6050 6050 5940 5970 16763 10016682 1.82 1.35 -1.00 9983 6780 1.47 0.33
20190730 6100 6120 6000 6030 15553 9401204 1.98 1.07 -0.33 10742 4812 2.23 0.30
20190729 6070 6110 6040 6050 7726 4687352 1.15 0.45 -0.49 4899 2828 1.73 0.15
20190726 6090 6100 6060 6080 9057 5512608 0.66 0.46 0.16 4522 4536 1.00 0.18
20190725 6100 6140 6070 6070 11906 7260438 1.15 0.59 -0.33 6784 5122 1.32 0.23
20190724 6060 6170 6060 6090 17630 10783872 1.81 0.91 0.33 9448 8182 1.15 0.34
20190723 6000 6160 5960 6070 26085 15925634 3.31 1.64 0.50 12594 13492 0.93 0.51
20190722 6370 6370 6010 6040 21303 13130893 5.65 1.59 -5.18 13701 7601 1.80 0.42
20190719 6380 6510 6330 6370 21640 13887283 2.83 2.11 0.00 14557 7083 2.06 0.42
20190718 6510 6530 6350 6370 14955 9593961 2.76 1.75 -2.30 11686 3269 3.58 0.29
20190717 6590 6620 6500 6520 12630 8271490 1.82 1.34 -1.21 9266 3364 2.75 0.25
20190716 6530 6600 6500 6600 9016 5917536 1.53 0.97 1.23 3564 5452 0.65 0.18
20190715 6490 6570 6450 6520 8959 5826811 1.84 0.82 -0.15 4289 4670 0.92 0.18
20190712 6590 6590 6510 6530 5671 3709027 1.22 0.47 -0.15 2804 2866 0.98 0.11
20190711 6520 6600 6520 6540 6574 4315007 1.23 0.42 0.31 2783 3791 0.73 0.13
20190710 6630 6640 6500 6520 17079 11189399 2.11 1.11 -1.66 10606 6473 1.64 0.33
20190709 6660 6660 6580 6630 8028 5307772 1.21 0.46 0.15 3500 4528 0.77 0.16
20190708 6820 6820 6580 6620 17544 11679041 3.51 0.97 -3.07 11897 5647 2.11 0.34
20190705 6840 6860 6790 6830 11699 7968388 1.02 0.66 0.00 5184 6515 0.80 0.23
20190704 6790 6890 6760 6830 24691 16872304 1.92 1.49 1.04 11238 13452 0.84 0.48
20190703 6860 6920 6760 6760 14693 10023992 2.33 0.86 -1.74 9907 4785 2.07 0.29
20190702 6950 7040 6850 6880 18586 12855662 2.73 1.10 -1.15 11069 7518 1.47 0.36
20190701 6890 6980 6860 6960 20817 14440587 1.76 1.25 2.35 8755 12062 0.73 0.41
20190628 6820 6850 6710 6800 9922 6743573 2.06 0.42 0.00 4349 5573 0.78 0.19
20190627 6850 6880 6760 6800 18827 12861351 1.76 0.80 -0.15 7390 11437 0.65 0.37
20190626 6750 6840 6750 6810 16856 11474439 1.33 0.68 0.59 4794 12061 0.40 0.33
20190625 6880 6940 6760 6770 18127 12371453 2.62 0.80 -1.46 8664 9463 0.92 0.35
20190624 6850 6970 6810 6870 19488 13362725 2.32 0.87 -0.58 7925 11563 0.69 0.38
20190621 6820 7050 6800 6910 45637 31491271 3.67 3.00 1.47 22889 22748 1.01 0.89
20190620 6760 6900 6720 6810 17466 11923252 2.67 1.29 0.89 6691 10776 0.62 0.34
20190619 6740 6980 6720 6750 22824 15551783 3.91 2.03 1.50 9139 13685 0.67 0.45
20190618 6630 6740 6610 6650 7356 4909492 1.96 0.57 0.30 3971 3385 1.17 0.14
20190617 6810 6810 6600 6630 19011 12699597 3.08 1.88 -2.64 12048 6963 1.73 0.37
20190614 7040 7040 6800 6810 9446 6517543 3.43 0.99 -2.71 6899 2548 2.71 0.18
20190613 7050 7080 6950 7000 9273 6496369 1.84 0.78 -0.99 5248 4025 1.30 0.18
20190612 7160 7160 7050 7070 11069 7860856 1.54 1.03 -1.12 6129 4940 1.24 0.22
20190611 9250 9600 9250 9600 15217 14331173 3.77 1.65 3.45 5119 10098 0.51 0.39
20190610 9250 9280 9200 9280 5647 5221888 0.87 0.60 0.43 3137 2510 1.25 0.14
20190606 9240 9300 9150 9240 6529 6000239 1.62 0.68 -0.32 3646 2883 1.26 0.17
20190605 9290 9370 9230 9270 20682 19209556 1.52 3.00 0.87 16403 4279 3.83 0.53
20190604 9180 9250 9140 9190 5734 5265060 1.20 0.84 0.22 2940 2794 1.05 0.15
20190603 9300 9380 9170 9170 7567 7000334 2.25 1.17 -1.71 4325 3242 1.33 0.19
20190531 9450 9530 9310 9330 6672 6277862 2.33 0.99 -1.27 3735 2937 1.27 0.17
20190530 9450 9490 9380 9450 7094 6695875 1.16 0.98 -0.21 3150 3944 0.80 0.18
20190529 9540 9570 9450 9470 7455 7072000
20190528 9630 9660 9500 9510 5315 5096173 1.66 0.70 -1.14 3970 1345 2.95 0.14
20190527 9530 9630 9460 9620 5855 5604418 1.80 0.71 1.69 2297 3558 0.65 0.15
20190524 9470 9530 9380 9460 7885 7454108 1.58 0.92 -0.32 4307 3578 1.20 0.20
20190523 9670 9670 9390 9490 9779 9290243 2.90 1.20 -1.56 5125 4654 1.10 0.25
20190522 9710 9730 9590 9640 6247 6017270 1.44 0.57 -0.62 3379 2868 1.18 0.16
20190521 9590 9790 9590 9700 8425 8178401 2.08 0.64 0.73 3110 5315 0.59 0.21
20190520 9780 9870 9580 9630 9131 8822173 2.95 0.64 -2.13 4937 4194 1.18 0.23
20190517 10100 10110 9840 9840 9056 9030364 2.69 0.50 -2.09 4510 4546 0.99 0.23
20190516 10110 10140 9980 10050 7838 7866164 1.58 0.41 -0.59 4433 3405 1.30 0.20
20190515 9960 10140 9950 10110 20557 20625959 1.90 1.02 1.00 8251 12306 0.67 0.52
20190514 9940 10290 9930 10010 19046 19209126 3.60 0.96 0.10 8441 10605 0.80 0.48
20190513 9960 10060 9910 10000 14430 14395833 1.51 0.68 0.40 5898 8532 0.69 0.37
20190510 9750 10280 9700 9960 28566 28501279 6.00 1.61 3.00 10824 17742 0.61 0.73
20190509 9800 9800 9620 9670 12626 12249388 1.86 0.66 -0.10 4904 7722 0.64 0.32
20190508 9280 9800 9240 9680 26507 25501600 5.96 1.48 3.09 7708 18799 0.41 0.67
20190507 9250 9430 9220 9390 17328 16165239 2.28 0.99 1.95 6846 10482 0.65 0.44
20190506 9810 9810 9190 9210 21067 19927672 6.26 1.35 -7.06 12758 8309 1.54 0.54
20190430 9910 10030 9830 9910 11194 11089960 2.03 0.71 0.41 6042 5152 1.17 0.28
20190429 10380 10400 9860 9870 19598 19696380 5.23 1.40 -4.45 13120 6478 2.03 0.50
20190426 10540 10580 10270 10330 20285 21061537 2.92 1.59 -2.55 10281 10004 1.03 0.52
20190425 10700 10850 10600 10600 15438 16544307 2.33 1.12 -1.21 10416 5022 2.07 0.39
20190424 10640 10790 10580 10730 11633 12403281 1.97 0.62 0.85 5117 6517 0.79 0.30
20190423 10620 10670 10510 10640 11558 12266881 1.51 0.61 0.09 5238 6320 0.83 0.29
20190422 10590 10650 10550 10630 11068 11730634 0.94 0.57 0.19 6258 4810 1.30 0.28
20190419 10740 10740 10500 10610 14125 14953780 2.23 0.76 -1.21 7631 6494 1.18 0.36
20190418 10960 11000 10710 10740 20290 21919941 2.65 1.06 -1.92 11865 8425 1.41 0.52
20190417 10700 10980 10670 10950 36860 40195539 2.91 2.33 2.82 12956 23904 0.54 0.94
20190416 10520 10660 10480 10650 12695 13408862 1.71 0.63 1.24 5173 7522 0.69 0.32
20190415 10780 10780 10520 10520 12864 13689592 2.45 0.55 -0.75 8019 4845 1.66 0.33
20190412 10550 10640 10510 10600 9841 10403303 1.23 0.39 0.47 4872 4969 0.98 0.25
20190411 10840 10920 10550 10550 23035 24633724 3.40 0.96 -2.94 14106 8929 1.58 0.59
20190410 10990 11030 10810 10870 20561 22359993 2.00 0.74 -1.09 12031 8530 1.41 0.52
20190409 10890 11090 10860 10990 35245 38708092 2.11 1.27 0.92 15058 20187 0.75 0.90
20190408 10730 10890 10680 10890 29036 31253538 1.97 1.15 2.06 11111 17925 0.62 0.74
20190404 10700 10800 10670 10670 19303 20683627 1.22 0.81 -0.19 11216 8087 1.39 0.49
20190403 10630 10740 10550 10690 15998 17005637 1.79 0.65 0.56 7845 8153 0.96 0.41
20190402 10750 10980 10600 10630 40199 43139812 3.54 1.92 -0.84 21739 18460 1.18 1.02
20190401 10460 10890 10420 10720 34146 36470911 4.50 1.98 2.68 14308 19838 0.72 0.87
20190329 10230 10520 10150 10440 16523 17033685 3.63 0.89 2.35 6901 9622 0.72 0.42
20190328 10260 10460 10190 10200 12231 12603906 2.63 0.47 -0.58 5817 6414 0.91 0.31
20190327 10370 10440 10100 10260 19332 19779942 3.29 0.67 -0.87 9233 10099 0.91 0.49
20190326 10780 10840 10290 10350 22430 23480821 5.11 0.64 -3.90 13249 9181 1.44 0.57
20190325 10640 10810 10580 10770 15870 16966299 2.14 0.34 0.19 7875 7995 0.98 0.40
20190322 10910 10990 10710 10750 22895 24748900 2.56 0.50 -1.65 12546 10349 1.21 0.58
20190321 10990 11200 10890 10930 48863 53716516 2.81 1.18 -1.00 24729 24134 1.02 1.24
20190320 11090 11240 10900 11040 34000 37589763 3.08 0.77 0.00 17481 16519 1.06 0.86
20190319 11120 11330 10990 11040 53177 58987516 3.06 1.18 -0.72 26185 26992 0.97 1.35
20190318 10730 11270 10710 11120 73649 81436754 5.20 1.96 3.25 29414 44235 0.66 1.87
20190315 10650 10780 10560 10770 18739 20003597 2.07 0.41 1.41 7107 11632 0.61 0.48
20190314 10790 10860 10540 10620 28302 30128599 2.97 0.52 -1.30 11260 17042 0.66 0.72
20190313 11000 11100 10700 10760 47130 51704887 3.63 0.90 -2.45 18167 28962 0.63 1.20
20190312 10970 11190 10870 11030 57610 63568114 2.93 1.14 0.82 20302 37308 0.54 1.46
20190311 10530 10980 10530 10940 35981 38750758 4.25 0.65 3.30 11372 24609 0.46 0.91
20190308 11160 11160 10590 10590 59465 64732721 5.07 1.18 -5.78 36092 23374 1.54 1.51
20190307 10430 11430 10330 11240 70096 75489506 10.54 1.81 7.66 24798 45299 0.55 1.78
20190306 10450 10540 10300 10440 39272 40811223 2.30 0.96 0.19 17593 21679 0.81 1.00
20190305 10430 10570 10270 10420 47587 49358331 2.88 1.13 0.10 23698 23889 0.99 1.21
20190304 10230 10600 10200 10410 59620 61831253 3.90 1.50 1.56 24385 35235 0.69 1.51
20190301 10010 10250 9790 10250 35393 35128550 4.61 0.94 2.81 18181 17212 1.06 0.90
20190228 9950 9990 9910 9970 12087 12030322 0.80 0.28 0.20 6413 5674 1.13 0.31
20190227 9990 10200 9800 9950 49397 49556098 4.00 1.25 -0.50 26607 22790 1.17 1.25
20190226 9950 10270 9730 10000 53462 53543070 5.50 1.40 1.83 22310 31153 0.72 1.36
20190225 9550 9850 9480 9820 48002 46357047 3.89 1.36 3.26 21202 26801 0.79 1.22
20190222 9430 9550 9400 9510 25006 23628561 1.58 0.75 0.21 10516 14490 0.73 0.64
20190221 9580 9650 9400 9490 36859 35029061 2.61 1.19 -0.94 24996 11864 2.11 0.94
20190220 9490 9650 9410 9580 34124 32563803 2.53 1.23 1.05 15508 18616 0.83 0.87
20190219 9300 9680 9240 9480 47327 44824133 4.74 2.17 2.05 20834 26493 0.79 1.20
20190218 9090 9320 9080 9290 33673 31093574 2.64 1.92 2.31 12890 20783 0.62 0.86
20190215 9110 9140 9080 9080 13861 12633774 0.66 0.82 -0.33 4278 9583 0.45 0.35
20190214 9120 9240 9070 9110 25793 23557475 1.87 2.09 0.11 12193 13600 0.90 0.66
20190213 9100 9280 9070 9100 18091 16527424 2.31 1.95 0.00 9582 8509 1.13 0.46
20190212 9010 9180 9010 9100 17620 16061603 1.89 2.55 1.00 5709 11911 0.48 0.45
20190211 8820 9080 8820 9010 12540 11235505 2.95 2.29 2.15 3990 8550 0.47 0.32
20190201 8600 8860 8600 8820 10447 9169288 3.01 2.46 2.20 2842 7605 0.37 0.27
20190131 8720 8740 8630 8630 3128 2712547 1.27 0.67 -0.69 1959 1169 1.68 0.08
20190130 8740 8840 8680 8690 2723 2382267 1.83 0.49 -0.57 2035 688 2.96 0.07
20190129 8930 8960 8740 8740 5756 5083160 2.46 0.68 -2.13 4362 1394 3.13 0.15
20190128 9040 9120 8930 8930 5372 4840208 2.10 0.66 -1.22 3710 1662 2.23 0.14
20190125 9030 9110 9000 9040 4265 3859390 1.22 0.53 0.00 2704 1561 1.73 0.11
20190124 9140 9180 9030 9040 5291 4807048 1.64 0.64 -1.09 3155 2136 1.48 0.13
20190123 9100 9140 9010 9140 7096 6436067 1.42 0.93 0.00 4289 2807 1.53 0.18
20190122 8990 9380 8950 9140 20563 18850400 4.81 4.64 2.24 8924 11639 0.77 0.52
20190121 8940 9010 8910 8940 3199 2863288 1.12 0.73 0.00 1827 1372 1.33 0.08
20190118 8960 8970 8870 8940 4028 3595465 1.12 0.83 0.56 2209 1819 1.21 0.10
20190117 8930 9030 8870 8890 6156 5506106 1.79 1.32 -0.45 3002 3154 0.95 0.16
20190116 8930 9030 8860 8930 4208 3762439 1.91 0.78 0.45 2574 1634 1.58 0.11
20190115 8890 8940 8820 8840 2959 2623921 1.35 0.44 -0.45 1922 1036 1.85 0.08
20190114 8890 8940 8820 8840 2959 2624000
20190111 8900 8930 8770 8880 6429 5690000
20190110 8920 8960 8830 8840 5154 4583000
20190109 9000 9050 8900 8920 7749 6973540 1.68 1.39 -0.11 4963 2786 1.78 0.20
20190108 9060 9060 8910 8930 5325 4772248 1.66 1.06 -1.22 3778 1547 2.44 0.14
20190107 9000 9120 8900 9040 8948 8091100 2.44 1.49 0.22 3842 5106 0.75 0.23
20190104 8730 9030 8690 9020 8228 7309687 3.88 1.56 2.97 2228 6000 0.37 0.21
20190103 8720 8830 8660 8760 3634 3180429 1.95 0.62 0.23 1217 2417 0.50 0.09
20190102 8650 8740 8620 8740 1671 1452316 1.38 0.24 0.69 730 941 0.78 0.04
20181228 8720 8740 8630 8680 2606 2262964 1.26 0.34 -0.46 1545 1061 1.46 0.07
20181227 8700 8950 8660 8720 13973 12246707 3.36 2.58 1.04 4697 9276 0.51 0.35
20181226 8510 8650 8460 8630 4410 3770503 2.23 0.83 1.41 1382 3028 0.46 0.11
20181225 8570 8570 8370 8510 6774 5714410 2.32 1.21 -1.16 3747 3027 1.24 0.17
20181224 8680 8720 8580 8610 6374 5499613 1.61 0.84 -1.03 3723 2651 1.40 0.16
20181221 8860 8880 8550 8700 6734 5871089 3.72 0.85 -1.81 4435 2299 1.93 0.17
20181220 8850 8920 8820 8860 2756 2439721 1.13 0.27 0.11 1420 1336 1.06 0.07
20181219 8950 9000 8840 8850 4046 3608813 1.79 0.39 -0.78 2017 2029 0.99 0.10
20181218 9090 9090 8900 8920 8130 7300000
20181217 9080 9160 8850 9090 16341 14723550 3.41 1.73 0.11 4920 11421 0.43 0.42
20181214 9200 9240 9050 9080 8381 7655120 2.07 0.83 -1.30 4827 3554 1.36 0.21
20181213 9050 9260 9030 9200 14026 12800777 2.55 1.37 1.88 4438 9588 0.46 0.36
20181212 9100 9110 9030 9030 5325 4823055 0.89 0.40 0.00 1896 3429 0.55 0.14
20181211 9120 9120 9000 9030 8601 7771794 1.32 0.52 -0.33 4763 3838 1.24 0.22
20181210 9140 9180 9020 9060 10762 9767044 1.75 0.54 -0.98 5192 5570 0.93 0.27
20181207 9190 9280 9130 9150 11774 10829360 1.63 0.63 -0.54 5617 6157 0.91 0.30
20181206 9190 9270 9120 9200 14738 13523881 1.63 0.86 -0.22 6291 8446 0.74 0.37
20181205 9260 9350 9140 9220 20610 18975608 2.25 1.43 -1.18 9901 10709 0.92 0.52
20181204 9140 9530 9080 9330 25182 23333784 4.93 2.41 2.19 10783 14398 0.75 0.64
20181203 8940 9160 8940 9130 26441 24021960 2.48 3.49 3.05 10189 16251 0.63 0.67
20181130 8900 8930 8790 8860 6198 5490022 1.57 0.62 -0.56 3731 2467 1.51 0.16
20181129 8930 9050 8890 8910 7080 6345643 1.79 0.62 -0.34 4179 2901 1.44 0.18
20181128 8950 9040 8800 8940 7001 6224774 2.69 0.53 0.22 3662 3339 1.10 0.18
20181127 8970 8970 8870 8920 5593 4994149 1.12 0.40 0.00 2465 3128 0.79 0.14
20181126 8880 9100 8750 8920 11997 10636193 3.94 0.88 0.45 5371 6626 0.81 0.30
20181123 9100 9250 8840 8880 17979 16162660 4.51 1.41 -2.42 8436 9543 0.88 0.46
20181122 9100 9170 9000 9100 14806 13443687 1.87 1.07 0.11 6276 8530 0.74 0.38
20181121 9060 9140 8980 9090 15381 13901589 1.76 1.15 -0.11 5721 9660 0.59 0.39
20181120 9100 9170 9080 9100 10153 9252000
20181119 9220 9240 9080 9150 9877 9010000
20181116 9190 9360 9150 9220 13666 12586000
20181115 9000 9300 8940 9290 19813 17983502 3.99 1.54 2.99 6008 13805 0.44 0.50
20181114 8900 9020 8850 9020 13118 11750477 1.91 0.90 1.12 5576 7543 0.74 0.33
20181113 8750 9040 8710 8920 16009 14212198 3.73 1.12 0.79 6392 9617 0.66 0.41
20181112 8670 8850 8620 8850 9192 8021695 2.64 0.63 1.72 3889 5303 0.73 0.23
20181109 8810 8860 8680 8700 11320 9895198 2.03 0.74 -1.92 7193 4127 1.74 0.29
20181108 8990 9100 8820 8870 14689 13065576 3.10 1.10 -1.66 6984 7705 0.91 0.37
20181107 8940 9150 8910 9020 21677 19489813 2.67 2.14 0.22 13103 8574 1.53 0.55
20181106 8720 9030 8610 9000 14910 13056441 4.83 1.84 3.45 5028 9882 0.51 0.38
20181105 8550 8710 8460 8700 10438 8964524 2.92 1.50 1.75 3330 7108 0.47 0.27
20181102 8410 8590 8400 8550 14716 12548758 2.26 2.97 1.91 4712 10004 0.47 0.38
20181101 8390 8480 8360 8390 4994 4201745 1.43 0.91 -0.36 2473 2521 0.98 0.13
20181031 8310 8440 8270 8420 5626 4711961 2.05 0.82 1.32 1875 3751 0.50 0.14
20181030 8230 8360 8220 8310 4784 3971286 1.69 0.64 0.12 1982 2802 0.71 0.12
20181029 8300 8430 8260 8300 4656 3882507 2.04 0.51 -0.60 2710 1946 1.39 0.12
20181026 8330 8430 8310 8350 4678 3910592 1.44 0.51 0.48 1680 2998 0.56 0.12
20181025 8420 8420 8200 8310 7777 6457261 2.59 0.87 -2.24 3169 4608 0.69 0.20
20181024 8450 8620 8440 8500 12205 10420650 2.12 1.68 0.24 2763 9442 0.29 1.74
20181023 8610 8610 8480 8480 8060 6864119 1.50 1.25 -2.30 4872 3189 1.53 0.21
20181022 8310 8730 8290 8680 12692 10845415 5.35 2.28 5.47 3860 8832 0.44 0.32
20181019 8120 8250 8090 8230 5435 4442604 1.96 0.90 0.86 1836 3599 0.51 0.14
20181018 8400 8430 8150 8160 6154 5088039 3.33 0.75 -2.86 4454 1700 2.62 0.16
20181017 8470 8570 8340 8400 3932 3308866 2.72 0.47 -0.59 2235 1697 1.32 0.10
20181016 8540 8600 8400 8450 4102 3473821 2.36 0.48 -0.12 1857 2245 0.83 0.10
20181015 8500 8690 8440 8460 8245 7064617 2.94 0.97 -0.47 4090 4155 0.98 0.21
20181012 8500 8620 8380 8500 7772 6593378 2.82 0.74 -0.12 3259 4513 0.72 0.20
20181011 9000 9000 8400 8510 16939 14747243 6.64 2.15 -5.76 9531 7408 1.29 0.43
20181010 9080 9120 9000 9030 4705 4263478 1.33 0.56 -0.11 2775 1931 1.44 0.12
20181009 9110 9150 9030 9040 4961 4499786 1.32 0.60 -0.88 3653 1308 2.79 0.13
20181008 9200 9200 9100 9120 7921 7235505 1.06 1.08 -2.88 5579 2343 2.38 0.20
20180928 9300 9660 9160 9390 18061 16986038 5.40 4.06 1.40 9629 8432 1.14 0.46
20180927 9310 9310 9200 9260 3756 3473325 1.18 0.85 -0.54 2364 1392 1.70 0.10
20180926 9300 9330 9220 9310 7329 6817771 1.19 1.96 0.43 3804 3525 1.08 0.19
20180925 9190 9270 9180 9270 4338 3998631 0.98 1.28 0.87 1895 2443 0.78 0.11
20180921 9100 9190 9100 9190 3336 3061080 0.99 0.98 0.66 1489 1847 0.81 0.09
20180920 9210 9230 9100 9130 3470 3175511 1.41 0.94 -0.76 2788 682 4.09 0.09
20180919 9150 9210 9120 9200 3701 3393403 0.99 1.07 1.10 1412 2289 0.62 0.09
20180918 9100 9120 9030 9100 3815 3460642 0.99 1.13 0.55 1651 2164 0.76 0.10
20180917 9100 9150 9050 9050 2647 2405686 1.10 0.73 -0.55 1659 988 1.68 0.07
20180914 9200 9200 9100 9100 3318 3032301 1.09 0.73 -0.87 2327 991 2.35 0.08
20180913 9210 9250 9100 9180 5036 4601853 1.63 1.16 -0.11 2920 2116 1.38 0.13
20180912 9180 9240 9130 9190 2511 2304790 1.20 0.57 0.11 1383 1128 1.23 0.06
20180911 9220 9250 9140 9180 3402 3121639 1.19 0.75 -0.54 2483 919 2.70 0.09
20180910 9370 9390 9210 9230 3959 3667777 1.93 0.89 -1.07 2879 1080 2.67 0.10
20180907 9190 9330 9170 9330 7675 7098067 1.74 1.79 1.74 3029 4646 0.65 0.20
20180906 9160 9240 9100 9170 4090 3745931 1.53 0.93 -0.11 3006 1084 2.77 0.10
20180905 9210 9230 9120 9180 2978 2735340 1.19 0.65 -0.33 1803 1175 1.53 0.08
20180904 9150 9240 9140 9210 3983 3660440 1.09 0.69 0.55 2028 1955 1.04 0.10
20180903 9230 9240 9090 9160 3499 3196738 1.63 0.56 -0.65 2090 1409 1.48 0.09
20180831 9230 9330 9070 9220 6875 6339689 2.84 1.13 0.55 3357 3518 0.95 0.18
20180830 9230 9290 9160 9170 4660 4289331 1.40 0.65 -1.08 2733 1927 1.42 0.12
20180829 9260 9310 9220 9270 4062 3761176 0.97 0.55 -0.32 2753 1309 2.10 0.10
20180828 9480 9480 9280 9300 9747 9114899 2.13 1.45 -1.06 5214 4533 1.15 0.25
20180827 9260 9410 9230 9400 6029 5646517 1.94 0.89 1.29 2637 3392 0.78 0.15
20180824 9500 9520 9200 9280 6047 5623222 3.38 0.90 -2.01 3590 2457 1.46 0.15
20180823 9290 9980 9150 9470 9810 9349025 8.99 1.45 2.60 4787 5022 0.95 0.25
20180822 9200 9290 9100 9230 5500 5062069 2.07 0.81 0.33 3115 2385 1.31 0.14
20180821 9140 9240 9060 9200 6237 5718219 1.97 0.77 0.66 2681 3556 0.75 0.16
20180820 9210 9250 9050 9140 6239 5696021 2.17 0.76 -0.76 3139 3100 1.01 0.16
20180817 9360 9420 9190 9210 5685 5271091 2.48 0.70 -0.75 3034 2651 1.14 0.15
20180816 9590 9660 9260 9280 10232 9596463 4.14 1.36 -3.93 7367 2865 2.57 0.26
20180815 9750 9750 9610 9660 5595 5404161 1.44 0.74 -0.92 3295 2300 1.43 0.14
20180814 9690 9890 9690 9750 12929 12665547 2.09 2.09 1.99 8230 4699 1.75 0.33
20180813 9380 9570 9220 9560 6471 6119130 3.72 0.88 1.49 2755 3716 0.74 0.17
20180810 9410 9480 9340 9420 5167 4854976 1.49 0.62 0.00 2797 2370 1.18 0.13
20180809 9300 9460 9160 9420 7568 7087048 3.25 0.71 1.95 3565 4003 0.89 0.19
20180808 9360 9380 9210 9240 5455 5048902 1.81 0.45 -1.39 4153 1302 3.19 0.14
20180807 9250 9400 9110 9370 6249 5794304 3.16 0.48 1.96 3218 3031 1.06 0.16
20180806 9440 9460 9030 9190 12329 11435576 4.52 0.75 -3.36 8321 4008 2.08 0.31
20180803 9690 9720 9500 9510 10275 9839082 2.27 0.38 -1.76 7695 2580 2.98 0.26
20180802 10130 10270 9530 9680 19195 18835032 7.35 0.79 -3.87 12493 6702 1.86 0.49
20180801 10390 10430 10010 10070 12209 12555294 4.05 0.53 -2.99 9090 3119 2.91 0.31
20180731 10100 10500 10100 10380 11536 11925885 3.80 0.50 -1.52 7166 4370 1.64 0.29
20180730 10490 10800 10440 10540 28540 30237300 3.28 1.58 -4.09 18206 10334 1.76 0.73
20180727 11360 11360 10920 10990 62403 69719905 4.26 10.10 6.39 40798 21605 1.89 1.93
20180726 10420 10450 10290 10330 7148 7396325 1.54 1.30 -0.77 5087 2061 2.47 0.22
20180725 10400 10450 10320 10410 6111 6338429 1.25 1.20 0.19 3650 2461 1.48 0.19
20180724 10280 10440 10180 10390 11181 11558150 2.54 3.28 1.46 4837 6344 0.76 0.35
20180723 10240 10250 10180 10240 3742 3821216 0.68 1.03 0.00 2222 1520 1.46 0.12
20180720 10220 10270 10090 10240 2702 2757027 1.76 0.70 0.20 1491 1211 1.23 0.08
20180719 10230 10280 10150 10220 3698 3774873 1.27 0.81 -0.49 2821 877 3.22 0.11
20180718 10240 10340 10240 10270 4054 4169276 0.98 0.84 0.29 2269 1785 1.27 0.13
20180717 10250 10290 10190 10240 2856 2919441 0.98 0.55 -0.10 2267 589 3.85 0.09
20180716 10270 10350 10160 10250 4787 4910885 1.85 0.92 -0.39 3354 1433 2.34 0.15
20180713 10360 10370 10220 10290 3814 3927984 1.45 0.61 -0.68 2599 1215 2.14 0.12
20180712 10150 10390 10060 10360 7278 7472357 3.25 1.20 2.07 2278 5000 0.46 0.23
20180711 10320 10390 10100 10150 5445 5559070 2.79 0.81 -2.50 4290 1155 3.71 0.17
20180710 10400 10470 10300 10410 4541 4710574 1.63 0.53 0.10 2495 2046 1.22 0.14
20180709 10290 10420 10290 10400 4899 5077117 1.26 0.47 1.17 1656 3243 0.51 0.15
20180706 10290 10420 10240 10280 9173 9449869 1.75 0.89 -0.29 3836 5337 0.72 0.28
20180705 10360 10470 10300 10310 6147 6398063 1.63 0.55 -0.87 3588 2559 1.40 0.19
20180704 10550 10630 10370 10400 8833 9239046 2.44 0.77 -2.44 4686 4147 1.13 0.27
20180703 10620 10790 10450 10660 13891 14771634 3.20 1.31 0.38 6194 7697 0.80 0.43
20180702 10430 10650 10370 10620 13924 14706905 2.69 1.31 2.02 5044 8880 0.57 0.43
20180629 10240 10490 10230 10410 8898 9225290 2.52 0.63 1.07 3857 5041 0.77 0.28
20180628 10350 10380 10200 10300 10154 10453364 1.75 0.49 0.19 4546 5608 0.81 0.31
20180627 10250 10380 10220 10280 10183 10492631 1.57 0.52 0.78 3495 6688 0.52 0.32
20180626 10190 10240 10080 10200 9764 9941439 1.55 0.47 -0.87 5113 4651 1.10 0.30
20180625 10510 10530 10220 10290 14236 14659682 2.96 0.73 -1.81 7511 6725 1.12 0.44
20180622 10180 10590 10080 10480 25887 26601460 4.67 1.68 -3.94 13068 12819 1.02 0.80
20180621 11300 11490 10800 10910 43213 48082000 6.44 5.69 1.87 28365 14848 1.91 1.34
20180620 10650 10750 10600 10710 4294 4593584 1.41 0.58 0.56 1424 2870 0.50 0.13
20180619 11440 11440 10650 10650 15200 16701473 6.89 2.91 -7.15 8697 6503 1.34 0.47
20180615 12010 12090 11400 11470 9491 11091543 5.75 2.10 -4.50 6245 3246 1.92 0.29
20180614 12070 12240 12010 12010 4732 5732325 1.88 0.99 -1.88 2753 1979 1.39 0.15
20180613 12380 12380 12230 12240 4240 5207868 1.21 0.86 -1.13 3583 657 5.45 0.13
20180612 12450 12450 12310 12380 3239 4000838 1.13 0.64 -0.16 2177 1062 2.05 0.10
20180611 12470 12530 12350 12400 4442 5511588 1.44 0.92 -0.56 3735 707 5.28 0.14
20180608 12550 12580 12450 12470 5954 7432735 1.04 1.36 -0.64 4857 1097 4.43 0.18
20180607 12640 12640 12470 12550 5955 7466019 1.35 1.41 -0.48 3939 2016 1.95 0.18
20180606 12640 12680 12550 12610 5096 6426593 1.03 1.16 -0.55 3173 1923 1.65 0.16
20180605 12610 12690 12580 12680 3684 4662582 0.87 0.73 0.56 1065 2619 0.41 0.11
20180604 12600 12650 12560 12610 3330 4194466 0.71 0.58 0.08 1485 1845 0.80 0.10
20180601 12600 12650 12560 12600 3831 4827246 0.71 0.59 0.00 2199 1632 1.35 0.12
20180531 12540 12650 12530 12600 5220 6567366 0.96 0.75 0.48 2015 3205 0.63 0.16
20180530 12640 12640 12500 12540 5870 7366005 1.10 0.83 -1.10 3564 2306 1.55 0.18
20180529 12740 12790 12600 12680 6909 8756119 1.49 0.91 -0.31 4280 2629 1.63 0.21
20180528 12920 12920 12610 12720 6947 8825678 2.41 0.79 -0.93 4020 2927 1.37 0.22
20180525 12990 12990 12810 12840 7647 9824268 1.39 0.83 -0.77 3863 3785 1.02 0.24
20180524 13180 13260 13180 13190 7202 9519545 0.61 0.81 0.00 2876 4326 0.66 0.22
20180523 13280 13280 13140 13190 6651 8772713 1.06 0.76 -0.60 4223 2427 1.74 0.21
20180522 13250 13300 13160 13270 9615 12708555 1.06 1.17 0.15 4467 5148 0.87 0.30
20180521 13060 13290 13060 13250 12684 16754721 1.76 1.84 1.53 3596 9088 0.40 0.39
20180518 13010 13080 12980 13050 9991 13025498 0.77 1.79 0.46 2996 6995 0.43 0.31
20180517 13080 13080 12900 12990 5555 7212845 1.38 1.01 -0.23 3131 2424 1.29 0.17
20180516 13050 13050 12960 13020 5656 7364028 0.69 1.08 -0.08 2439 3217 0.76 0.18
20180515 12930 13040 12880 13030 7265 9410735 1.24 1.49 0.77 2488 4777 0.52 0.22
20180514 13050 13120 12920 12930 6089 7911886 1.53 1.11 -0.84 4426 1663 2.66 0.19
20180511 13130 13300 13010 13040 3338 4365625 2.21 0.54 -0.69 2270 1068 2.13 0.10
20180510 13100 13180 13060 13130 5051 6618577 0.91 0.64 -0.08 2622 2429 1.08 0.16
20180509 13120 13200 13030 13140 4500 5898049 1.30 0.50 0.46 2519 1981 1.27 0.14
20180508 13080 13150 13050 13080 5392 7058828 0.77 0.58 0.15 2330 3062 0.76 0.17
20180507 12850 13080 12830 13060 9160 11914414 1.95 0.95 1.71 5124 4036 1.27 0.28
20180504 12800 12900 12790 12840 7048 9050324 0.86 0.67 0.31 3200 3848 0.83 0.22
20180503 12880 12930 12720 12800 13468 17244371 1.63 1.13 -0.39 6979 6489 1.08 0.42
20180502 13070 13130 12810 12850 10090 13022211 2.45 0.68 -1.46 6038 4052 1.49 0.31
20180427 13000 13150 13000 13040 6910 9020764 1.16 0.46 0.46 3499 3411 1.03 0.21
20180426 13150 13210 12950 12980 10506 13719915 1.98 0.70 -1.37 6638 3868 1.72 0.33
20180425 13100 13220 13040 13160 12012 15779827 1.37 0.73 0.23 4781 7230 0.66 0.37
20180424 13080 13280 12900 13130 19826 25847985 2.91 1.37 0.46 9645 10181 0.95 0.61
20180423 13750 13880 13060 13070 24700 33021010 5.96 2.21 -4.95 16391 8308 1.97 0.76
20180420 13880 13930 13720 13750 8557 11807491 1.51 0.79 -0.94 5318 3239 1.64 0.26
20180419 13900 13940 13840 13880 9961 13819414 0.72 0.97 -0.43 5358 4603 1.16 0.31
20180418 13790 14090 13770 13940 19377 26883652 2.32 2.22 1.09 9655 9722 0.99 0.60
20180417 13920 13950 13750 13790 9684 13399257 1.44 1.03 -0.79 5826 3858 1.51 0.30
20180416 13890 13990 13840 13900 8349 11605480 1.08 0.87 0.00 4562 3787 1.20 0.26
20180413 13900 13950 13860 13900 7091 9856754 0.65 0.65 0.00 4030 3061 1.32 0.22
20180412 13910 13980 13850 13900 6814 9478260 0.93 0.59 -0.07 3688 3126 1.18 0.21
20180411 14020 14050 13860 13910 11669 16260352 1.36 0.95 -0.78 8321 3348 2.49 0.36
20180410 13880 14040 13740 14020 12884 17857060 2.17 1.02 1.23 5736 7148 0.80 0.40
20180409 13890 13950 13800 13850 9593 13294468 1.08 0.72 -0.57 5660 3933 1.44 0.30
20180404 13780 13970 13780 13930 13389 18605902 1.38 1.01 1.24 5664 7725 0.73 0.41
20180403 13910 13910 13720 13760 10099 13913153 1.36 0.67 -1.22 6225 3874 1.61 0.31
20180402 14140 14140 13870 13930 15696 21969966 1.92 1.01 -1.00 10766 4930 2.18 0.49
20180330 14020 14110 13950 14070 14217 19984139 1.14 0.75 0.36 6477 7740 0.84 0.44
20180329 13900 14030 13870 14020 12803 17848916 1.15 0.62 0.86 5486 7317 0.75 0.40
20180328 13990 14020 13830 13900 13316 18520688 1.35 0.61 -1.28 7629 5687 1.34 0.41
20180327 14000 14150 13940 14080 19651 27598449 1.51 0.82 1.08 11064 8587 1.29 0.61
20180326 13970 14200 13710 13930 18102 25067714 3.50 0.74 -0.64 10403 7699 1.35 0.56
20180323 14300 14460 13850 14020 30963 44056476 4.24 1.25 -2.50 16295 14668 1.11 0.96
20180322 14460 14560 14350 14380 20908 30123664 1.45 0.64 -0.55 10774 10134 1.06 0.65
20180321 14520 14580 14430 14460 20317 29441714 1.03 0.52 -0.62 12070 8247 1.46 0.63
20180320 14870 14870 14480 14550 29778 43551938 2.62 0.70 -2.35 15147 14631 1.04 0.92
20180319 15000 15090 14860 14900 19759 29518874 1.53 0.39 -0.67 11822 7937 1.49 0.61
20180316 15420 15480 14970 15000 32992 50004491 3.31 0.58 -2.72 20729 12263 1.69 1.02
20180315 15620 15980 15320 15420 59287 92424647 4.18 1.08 -2.41 31380 27907 1.12 1.84
20180314 15850 16120 15650 15800 54663 86538055 2.95 1.09 -0.69 29459 25204 1.17 1.69
20180313 15900 16000 15740 15910 45716 72571065 1.64 0.83 0.38 21609 24107 0.90 1.42
20180312 15790 16060 15600 15850 63036 99491254 2.92 0.98 0.63 31195 31841 0.98 1.95
20180309 15460 16020 15450 15750 63822 100395014 3.67 0.98 1.48 25703 38119 0.67 1.98
20180308 15690 15850 15410 15520 47987 74633159 2.81 0.68 -1.02 23633 24354 0.97 1.49
20180307 15890 15890 15580 15680 29247 45876952 1.98 0.37 -0.06 15962 13285 1.20 0.91
20180306 16100 16300 15570 15690 71609 113194021 4.55 0.98 -2.12 43115 28494 1.51 2.22
20180305 15700 16400 15650 16030 107896 172404030 4.80 1.77 2.49 42209 65687 0.64 3.34
20180302 15530 15780 15380 15640 70158 109714399 2.58 1.20 0.71 25297 44861 0.56 2.17
20180301 15550 15850 15370 15530 75225 117092512 3.08 1.35 -0.45 36174 39051 0.93 2.33
20180228 15380 15800 15110 15600 70938 110079368 4.48 1.25 1.30 35194 35744 0.98 2.20
20180227 15440 15600 15300 15400 41889 64562009 1.95 0.67 -0.13 19189 22700 0.85 1.30
20180226 15530 15570 15200 15420 46104 70898274 2.39 0.73 -0.58 22620 23484 0.96 1.43
20180223 15630 15850 15400 15510 58662 91456321 2.88 0.88 -0.70 29091 29571 0.98 1.82
20180222 15450 15750 15350 15620 60553 94138958 2.57 0.89 0.45 26471 34082 0.78 1.87
20180214 15510 15760 15240 15550 75483 116629250 3.35 1.18 0.32 33244 42239 0.79 2.34
20180213 15770 16050 15390 15500 70929 111071054 4.29 1.30 0.65 36287 34642 1.05 2.20
20180212 15150 15580 15150 15400 49853 76277966 2.84 0.90 1.85 27159 22694 1.20 1.54
20180209 15400 15470 15000 15120 78087 118788820 3.03 1.76 -2.51 33919 44168 0.77 2.42
20180208 15160 15560 14970 15510 65157 99530806 3.93 1.79 3.19 28338 36818 0.77 2.02
20180207 14680 15980 14660 15030 57157 86192175 9.08 1.64 3.44 28881 28275 1.02 1.77
20180206 14680 14790 14410 14530 22701 33067202 2.58 0.65 -1.42 11254 11447 0.98 0.70
20180205 14590 14850 14510 14740 54611 80217538 2.32 1.61 0.68 27394 27217 1.01 1.69
20180202 14580 14750 14300 14640 21868 31908102 3.08 0.59 0.07 8330 13538 0.62 0.68
20180201 14770 14880 14520 14630 25369 37119869 2.44 0.74 -0.95 9818 15551 0.63 0.79
20180131 14580 14840 14500 14770 49205 72383708 2.33 1.89 1.10 18240 30965 0.59 1.52
20180130 14580 14690 14560 14610 24175 35337313 0.89 1.04 0.00 7780 16395 0.47 0.75
20180129 14510 14720 14500 14610 49002 71559735 1.51 2.71 0.55 17365 31637 0.55 1.52
20180126 14460 14640 14410 14530 36063 52272734 1.60 2.68 0.83 14868 21195 0.70 1.12
20180125 14380 14550 14310 14410 12464 18001101 1.67 0.85 0.21 6130 6334 0.97 0.39
20180124 14610 14610 14340 14380 8208 11833623 1.86 0.50 -0.76 5335 2873 1.86 0.25
20180123 14650 14690 14480 14490 9957 14463609 1.45 0.54 0.00 5153 4804 1.07 0.31
20180122 14200 14600 14100 14490 23617 33939380 3.54 1.37 2.69 6306 17311 0.36 0.73
20180119 14100 14180 14010 14110 12931 18219208 1.21 0.74 0.07 3741 9190 0.41 0.40
20180118 13810 14110 13800 14100 18349 25542733 2.23 1.07 1.44 6691 11657 0.57 0.57
20180117 13980 14050 13810 13900 16704 23146183 1.72 0.85 -0.43 9978 6726 1.48 0.52
20180116 14050 14050 13720 13960 20439 28490482 2.35 1.12 -0.64 10369 10070 1.03 0.63
20180115 14340 14340 14050 14050 17893 25356382 2.03 1.03 -1.75 11315 6578 1.72 0.55
20180112 14350 14430 14270 14300 13732 19670276 1.11 0.69 -0.63 9723 4009 2.43 0.43
20180111 14400 14450 14360 14390 17058 24560725 0.62 0.82 -0.14 8479 8579 0.99 0.53
20180110 14340 14590 14330 14410 29340 42323708 1.81 1.50 0.21 11964 17376 0.69 0.91
20180109 14430 14470 14320 14380 13171 18939021 1.04 0.56 -0.35 7207 5964 1.21 0.41
20180108 14490 14540 14390 14430 13661 19702361 1.04 0.54 -0.28 7128 6533 1.09 0.42
20180105 14500 14600 14400 14470 26873 38890151 1.38 1.74 -0.14 12674 14199 0.89 0.83
20180104 14550 14630 14400 14490 21089 30512712 1.58 1.88 -0.34 11660 9429 1.24 0.65
20180103 14490 14700 14470 14540 22844 33222426 1.59 0.67 0.28 13899 8945 1.55 0.71
20180102 14390 14610 14380 14500 33204 48034134 1.60 1.00 0.83 15517 17687 0.88 1.03
20171229 14440 14490 14320 14380 21561 30998835 1.18 0.49 -0.42 9561 12000 0.80 1.50
20171228 14600 14600 14360 14440 42467 61362994 1.65 1.02 -0.55 19499 22968 0.85 2.96
20171227 14600 14720 14460 14520 25901 37644709 1.79 0.64 -0.07 10876 15025 0.72 1.80
20171226 14580 14800 14310 14530 46350 67521202 3.35 1.07 -0.68 22448 23902 0.94 3.23
20171225 14770 14770 14570 14630 29287 42877460 1.36 0.70 -0.68 16777 12510 1.34 2.04
20171222 14550 14860 14490 14730 76671 112415736 2.55 2.43 1.59 34497 42174 0.82 5.34
20171221 14510 14610 14390 14500 29440 42618026 1.52 1.00 -0.07 15192 14248 1.07 2.05
20171220 14560 14640 14350 14510 20736 29964291 1.98 0.61 -0.75 10819 9917 1.09 1.44
20171219 14420 14730 14350 14620 60499 87764912 2.64 1.82 1.39 27861 32638 0.85 4.21
20171218 14500 14640 14350 14420 21717 31370332 2.00 0.53 -0.48 12714 9003 1.41 1.51
20171215 14640 14650 14400 14490 25304 36639438 1.71 0.52 -0.82 13970 11334 1.23 1.76
20171214 14730 14740 14560 14610 19431 28381970 1.23 0.40 -0.54 10375 9055 1.15 1.35
20171213 14630 14730 14500 14690 42202 61592510 1.57 0.93 0.55 20231 21971 0.92 2.94
20171212 14790 14930 14540 14610 57519 84751402 2.65 1.41 -0.68 34639 22880 1.51 4.01
20171211 14670 14870 14620 14710 59603 87775628 1.71 1.58 0.82 32637 26966 1.21 4.15
20171208 14490 14790 14400 14590 64062 93230468 2.70 1.73 0.90 32389 31672 1.02 4.46
20171207 14560 14620 14410 14460 18193 26349365 1.45 0.39 -0.48 9949 8244 1.21 1.27
20171206 14450 14640 14360 14530 27948 40434928 1.93 0.50 0.07 12116 15832 0.77 1.95
20171205 14620 14740 14450 14520 33626 48991337 1.97 0.54 -1.36 17499 16127 1.09 2.34
20171204 14600 14830 14500 14720 44590 65448042 2.25 0.56 0.27 22970 21620 1.06 3.11
20171201 14450 14890 14450 14680 60976 89550978 3.01 0.69 0.55 31145 29831 1.04 4.25
20171130 14620 14900 14500 14600 65044 95572029 2.71 0.66 -1.02 43685 21359 2.05 4.53
20171129 14600 14880 14400 14750 74271 109224928 3.28 0.73 0.82 43540 30731 1.42 5.17
20171128 14540 14770 14370 14630 66170 96571734 2.72 0.60 -0.61 35795 30375 1.18 4.61
20171127 14730 15200 13490 14720 130083 188320919 11.41 1.28 -1.80 69733 60350 1.16 9.06
20171124 15250 15250 14770 14990 107217 159616778 3.15 1.07 -1.58 69240 37977 1.82 7.47
20171123 15230 15670 14990 15230 115838 177670272 4.47 1.19 0.07 62705 53133 1.18 8.07
20171122 15210 15490 15070 15220 86134 131112272 2.74 0.93 -0.72 46192 39942 1.16 6.00
20171121 15180 15500 15100 15330 108672 166385972 2.63 1.19 0.92 59216 49456 1.20 7.57
20171120 14850 15250 14610 15190 89915 134988811 4.27 1.10 1.40 47026 42889 1.10 6.26
20171117 15110 15350 14900 14980 101598 153430394 2.98 1.42 -0.79 58455 43143 1.35 7.08
20171116 14700 15400 14700 15100 99217 148900866 4.71 1.64 1.68 47758 51459 0.93 6.91
20171115 14780 14970 14630 14850 62232 92125084 2.28 1.05 -0.27 31264 30968 1.01 4.34
20171114 14650 14920 14610 14890 105481 155976663 2.12 2.39 1.92 52581 52900 0.99 7.35
20171113 14750 14810 14540 14610 38921 56900099 1.83 0.91 -0.81 25406 13515 1.88 2.71
20171110 14620 14850 14540 14730 51047 74966997 2.11 1.39 0.48 25990 25057 1.04 3.56
20171109 14500 14750 14430 14660 44248 64663596 2.20 1.35 0.69 20746 23502 0.88 3.08
20171108 14330 14590 14310 14560 57018 82549020 1.95 1.93 1.61 25757 31261 0.82 3.97
20171107 14410 14500 14300 14330 29099 41749237 1.39 0.94 -0.49 17943 11156 1.61 2.03
20171106 14300 14490 14290 14400 33282 47739817 1.40 1.16 0.77 19177 14105 1.36 2.32
20171103 14260 14410 14210 14290 19507 27893268 1.39 0.53 -0.63 11659 7848 1.49 1.36
20171102 14460 14460 14310 14380 24738 35484902 1.04 0.66 -0.48 13683 11055 1.24 1.74
20171101 14360 14550 14260 14450 40945 59026547 2.01 0.97 0.28 22265 18679 1.19 2.88
20171031 14250 14460 14200 14410 36195 51856518 1.82 0.97 1.05 18911 17284 1.09 2.55
20171030 14370 14520 14110 14260 22104 31531366 2.83 0.58 -1.66 13647 8457 1.61 1.56
20171027 14600 14890 14410 14500 58468 85425491 3.27 1.68 -1.09 34456 24012 1.43 4.12
20171026 14720 14800 14530 14660 29712 43409545 1.84 0.96 0.00 15228 14483 1.05 2.09
20171025 14430 14750 14400 14660 64416 93841636 2.43 2.66 1.95 32938 31478 1.05 4.54
20171024 14400 14460 14270 14380 11877 17024470 1.32 0.39 -0.42 5720 6157 0.93 0.84
20171023 14400 14650 14360 14440 25454 36762165 2.00 0.79 -0.41 15803 9651 1.64 1.79
20171020 14320 14550 14250 14500 42042 60562183 2.10 1.38 1.33 20661 21380 0.97 2.96
20171019 14310 14410 14230 14310 10536 15060922 1.25 0.32 -0.56 5778 4758 1.21 0.74
20171018 14310 14540 14210 14390 30961 44438963 2.29 0.98 -0.28 16692 14269 1.17 2.18
20171017 14500 15080 14390 14430 44624 64905589 4.73 1.56 -1.03 26293 18331 1.43 3.14
20171016 14500 14650 14300 14580 33693 48785539 2.40 1.15 0.14 14456 19237 0.75 2.37
20171013 14350 14610 14310 14560 32164 46605968 2.08 1.18 1.04 10922 21242 0.51 2.27
20171012 14250 14420 14230 14410 21365 30624343 1.33 0.80 0.63 8669 12696 0.68 1.51
20171011 14150 14350 14140 14320 25511 36314391 1.48 0.99 0.70 8504 17007 0.50 1.80
20171010 14300 14300 14100 14220 30006 42469118 1.40 1.08 -0.28 20146 9860 2.04 2.11
20171009 14110 14420 14030 14260 36963 52532082 2.77 1.49 1.42 18214 18750 0.97 2.60
20170929 13870 14140 13810 14060 22879 31922567 2.38 1.02 1.37 6423 16456 0.39 1.61
20170928 13870 13900 13750 13870 18415 25443622 1.08 0.82 0.00 10950 7465 1.47 1.30
20170927 13930 14020 13820 13870 20541 28484437 1.44 0.94 -0.22 12572 7969 1.58 1.45
20170926 13800 14090 13790 13900 40123 55563427 2.18 2.38 0.87 24644 15480 1.59 2.83
20170925 13740 13790 13600 13780 22198 30390551 1.38 1.51 0.22 12320 9878 1.25 1.56
20170922 13830 13830 13720 13750 11089 15244910 0.79 0.75 -0.72 7308 3781 1.93 0.78
20170921 13880 13950 13740 13850 17971 24827646 1.52 1.28 -0.07 11292 6679 1.69 1.27
20170920 13790 13880 13720 13860 18443 25400225 1.16 1.36 0.73 9829 8614 1.14 1.30
20170919 13800 13900 13740 13760 14457 19920936 1.16 0.97 -0.07 8822 5635 1.57 1.02
20170918 13810 13840 13740 13770 11551 15911461 0.73 0.68 0.00 7516 4035 1.86 0.81
20170915 13780 13830 13710 13770 11718 16111876 0.87 0.62 -0.22 6020 5698 1.06 0.83
20170914 13720 13830 13720 13800 13861 19109890 0.80 0.69 0.36 7351 6510 1.13 0.98
20170913 13820 13880 13720 13750 16231 22342785 1.16 0.84 -0.65 9627 6604 1.46 1.14
20170912 13840 13950 13750 13840 21151 29266817 1.44 1.16 -0.14 11845 9306 1.27 1.49
20170911 14070 14130 13850 13860 22122 30871131 1.99 1.27 -1.28 13837 8285 1.67 1.56
20170908 14160 14180 14010 14040 20584 28980164 1.20 1.14 -0.99 15354 5230 2.94 1.45
20170907 14080 14190 14050 14180 20907 29550191 0.99 1.20 0.71 7934 12973 0.61 1.47
20170906 14050 14130 14030 14080 12413 17480659 0.71 0.62 0.07 6922 5491 1.26 0.87
20170905 14140 14170 14040 14070 15144 21324573 0.92 0.61 -0.57 10533 4611 2.28 1.07
20170904 14160 14220 14060 14150 17714 25033387 1.13 0.47 -0.42 10681 7033 1.52 1.25
20170901 14080 14280 14050 14210 24168 34282865 1.63 0.53 0.78 10654 13514 0.79 1.70
20170831 14300 14300 14030 14100 17616 24849624 1.90 0.38 -0.77 12601 5015 2.51 1.24
20170830 14450 14450 14150 14210 26158 37178836 2.10 0.60 -0.63 13481 12677 1.06 1.84
20170829 14370 14500 14090 14300 39035 55683165 2.85 0.99 -0.69 23625 15410 1.53 2.75
20170828 14660 14980 14300 14400 81977 119518720 4.64 3.23 -1.71 52806 29171 1.81 5.78
20170825 13900 14750 13860 14650 62993 89955897 6.38 4.27 4.94 19912 43081 0.46 4.44
20170824 14030 14030 13720 13960 19874 27590637 2.21 1.51 -0.50 13733 6141 2.24 1.40
20170823 14080 14100 13920 14030 12893 18036005 1.28 1.02 -0.28 7021 5872 1.20 0.91
20170822 13900 14080 13820 14070 19458 27268672 1.87 1.67 1.37 8368 11090 0.75 1.37
20170821 13900 13940 13770 13880 11583 16021663 1.23 0.89 0.36 6169 5414 1.14 0.82
20170818 13840 13860 13700 13830 9990 13775777 1.16 0.63 -0.14 5309 4681 1.13 0.70
20170817 13940 13940 13810 13850 12076 16710778 0.93 0.73 -0.50 7779 4297 1.81 0.85
20170816 13850 13930 13760 13920 10166 14071088 1.23 0.55 0.51 5096 5070 1.01 0.72
20170815 13690 13870 13660 13850 14373 19813219 1.54 0.67 1.24 7308 7064 1.03 1.01
20170814 13630 13720 13500 13680 18753 25600364 1.61 0.86 0.22 8900 9854 0.90 1.32
20170811 14040 14040 13600 13650 24510 33780086 3.14 0.99 -2.71 15525 8985 1.73 1.73
20170810 14100 14220 14000 14030 14391 20253408 1.56 0.53 -0.50 9440 4951 1.91 1.01
20170809 14110 14150 14000 14100 19731 27715414 1.06 0.55 -0.14 11976 7756 1.54 1.39
20170808 14410 14410 14060 14120 29840 42367417 2.44 0.80 -1.60 18529 11311 1.64 2.10
20170807 14300 14520 14250 14350 20472 29446529 1.86 0.47 -0.97 12243 8229 1.49 1.44
20170804 15080 15140 14400 14490 39351 58146108 4.91 0.80 -3.78 24963 14388 1.73 2.77
20170803 15300 15300 15000 15060 27201 41244755 1.96 0.48 -1.76 17969 9232 1.95 1.92
20170802 15180 15500 15150 15330 61433 94210268 2.29 1.16 0.33 26019 35414 0.73 4.33
20170801 15200 15450 15110 15280 38131 58096869 2.22 0.73 -0.33 19410 18721 1.04 2.69
20170731 15400 15520 15150 15330 51243 78233380 2.41 1.06 -0.13 28918 22325 1.30 3.61
20170728 15170 15410 15130 15350 68910 105318658 1.85 1.68 1.32 26314 42596 0.62 4.85
20170727 15050 15210 14830 15150 63985 96267624 2.53 1.61 0.73 30020 33966 0.88 4.51
20170726 14930 15120 14840 15040 42587 63786492 1.88 1.16 1.08 17873 24714 0.72 3.00
20170725 15080 15210 14750 14880 34806 51995640 3.07 1.00 -0.67 20308 14499 1.40 2.45
20170724 15130 15150 14930 14980 30955 46485715 1.47 0.77 0.07 13825 17130 0.81 2.18
20170721 15020 15180 14850 14970 33007 49439760 2.20 0.83 -0.13 16113 16894 0.95 2.33
20170720 14520 15100 14500 14990 56881 84587037 4.13 1.78 3.24 20819 36062 0.58 4.01
20170719 14600 14670 14380 14520 28490 41280621 1.98 0.91 -0.89 16438 12052 1.36 2.01
20170718 14520 14790 14500 14650 24526 35833199 1.97 0.78 -0.27 11363 13163 0.86 1.73
20170717 15030 15180 14170 14690 59288 87388335 6.72 2.46 -2.33 26406 32882 0.80 4.18
20170714 15050 15120 14950 15040 29851 44806139 1.13 1.10 -0.13 15440 14412 1.07 2.10
20170713 15080 15130 15000 15060 17202 25847392 0.86 0.53 -0.33 10945 6257 1.75 1.21
20170712 15090 15250 14990 15110 25955 39093126 1.72 0.69 0.00 14862 11093 1.34 1.83
20170711 15180 15200 15020 15110 25820 38971174 1.19 0.67 -0.46 15028 10792 1.39 1.82
20170710 15280 15290 15080 15180 21436 32525884 1.37 0.56 -0.65 14151 7285 1.94 1.51
20170707 15200 15380 15120 15280 45622 69677506 1.71 1.38 0.46 17583 28039 0.63 3.21
20170706 15300 15390 15110 15210 42505 64694481 1.83 1.40 -0.65 23305 19200 1.21 2.99
20170705 15240 15430 15040 15310 52967 80492109 2.57 1.94 0.86 26729 26237 1.02 3.73
20170704 15130 15350 15120 15180 30882 46864534 1.52 1.11 0.33 13646 17236 0.79 2.18
20170703 15210 15210 15030 15130 19383 29255536 1.19 0.47 -0.07 11185 8198 1.36 1.37
20170630 15060 15210 15030 15140 19638 29693683 1.19 0.40 0.20 8568 11070 0.77 1.38
20170629 15100 15200 15020 15110 28946 43636918 1.19 0.50 0.13 15949 12997 1.23 2.04
20170628 15330 15330 15010 15090 37602 56917841 2.08 0.63 -1.82 24510 13092 1.87 2.65
20170627 15460 15530 15310 15370 33887 52092808 1.42 0.57 -0.97 20884 13003 1.61 2.39
20170626 15330 15800 15330 15520 85079 131936648 3.05 1.51 0.65 46290 38789 1.19 5.99
20170623 15270 15580 15030 15420 59850 91554751 3.59 1.06 0.59 27716 32134 0.86 4.22
20170622 15300 15660 15190 15330 75311 116077795 3.07 1.27 0.00 32896 42415 0.78 5.31
20170621 15360 15540 15240 15330 45563 69980086 1.95 0.82 -0.20 25989 19575 1.33 3.21
20170620 15600 15600 15300 15360 30242 46482833 1.95 0.51 -0.39 15941 14301 1.11 2.13
20170619 15570 15800 15310 15420 71119 109954886 3.13 1.27 -1.60 43358 27761 1.56 5.01
20170616 15540 15770 15410 15670 60553 94364431 2.32 0.96 0.77 24278 36275 0.67 4.27
20170615 15280 15680 15250 15550 88229 136446572 2.81 1.64 1.70 38971 49258 0.79 6.22
20170614 15360 15390 15140 15290 26616 40560557 1.63 0.47 -0.59 13454 13162 1.02 1.88
20170613 15300 15520 15200 15380 52057 79786212 2.08 1.03 0.13 26389 25668 1.03 3.67
20170612 15330 15650 15130 15360 52532 80592992 3.37 1.19 -0.39 25282 27250 0.93 3.70
20170609 15010 15540 14900 15420 94989 145394568 4.25 3.26 2.39 40090 54899 0.73 6.69
20170608 15030 15200 14850 15060 42043 63029637 2.33 1.54 0.20 21578 20466 1.05 2.96
20170607 14810 15140 14810 15030 42513 63803571 2.22 1.53 0.94 21666 20847 1.04 3.00
20170606 14940 14990 14790 14890 21567 32057636 1.34 0.72 -0.20 12875 8692 1.48 1.52
20170605 15050 15300 14910 14920 18979 28494810 2.61 0.59 -0.33 10363 8616 1.20 1.34
20170602 14790 15100 14710 14970 20793 30935928 2.63 0.60 1.08 9337 11456 0.82 1.46
20170601 14920 15150 14600 14810 32988 48979131 3.62 0.94 -2.44 19490 13499 1.44 2.32
20170531 15690 15690 15040 15180 44309 67522678 4.33 1.19 1.07 27096 17213 1.57 3.12
20170526 15040 15200 14860 15020 32177 48181844 2.25 0.70 -0.66 17206 14971 1.15 2.27
20170525 15040 15220 14840 15120 31396 47174438 2.54 0.59 0.93 16091 15305 1.05 2.21
20170524 15080 15240 14830 14980 31727 47678318 2.69 0.53 -1.64 20066 11660 1.72 2.24
20170523 15630 15630 15010 15230 36303 55602522 3.94 0.56 -3.12 23821 12482 1.91 2.56
20170522 15900 16210 15610 15720 55149 86852486 3.76 0.86 -1.44 33193 21956 1.51 3.89
20170519 15300 16280 15230 15950 74589 116842882 6.80 1.22 3.30 25857 48732 0.53 5.25
20170518 15250 15460 15020 15440 69756 106827771 2.85 1.25 -0.13 20443 49313 0.41 4.91
20170517 15710 15710 15350 15460 60966 94467619 2.33 1.15 0.19 32004 28962 1.11 4.30
20170516 15120 15490 15030 15430 64362 98132102 3.02 1.35 1.18 28378 35984 0.79 4.53
20170515 15020 15470 14960 15250 51584 78476081 3.37 1.08 0.66 23773 27811 0.85 3.63
20170512 14770 15330 14560 15150 58898 88658623 5.17 1.36 1.68 28371 30528 0.93 4.15
20170511 15020 15090 14500 14900 43230 64041535 3.91 1.02 -1.26 23212 20019 1.16 3.05
20170510 15410 15410 14740 15090 47559 71546316 4.42 1.24 -0.40 28253 19306 1.46 3.35
20170509 15050 15230 14870 15150 36878 55568623 2.38 0.95 0.07 15410 21469 0.72 2.60
20170508 15030 15600 14750 15140 52434 79201936 5.64 1.40 0.40 26315 26119 1.01 3.69
20170505 15080 15340 14850 15080 36044 54456282 3.25 0.78 0.13 18052 17992 1.00 2.54
20170504 14770 15220 14690 15060 38918 58158579 3.59 0.79 2.10 18184 20734 0.88 2.74
20170503 14990 15080 14680 14750 27981 41435136 2.64 0.44 -2.64 16639 11341 1.47 1.97
20170502 15700 15780 14870 15150 37788 57614071 5.80 0.55 -3.38 26698 11090 2.41 2.66
20170428 15990 15990 15560 15680 46812 73524540 2.67 0.62 -2.67 34974 11837 2.95 3.30
20170427 15480 16200 14710 16110 79962 124150191 9.66 1.21 4.41 29794 50169 0.59 5.63
20170426 15980 16190 15400 15430 54408 85468889 4.95 0.81 -3.32 34614 19794 1.75 3.83
20170425 15620 16200 15480 15960 96363 151821946 4.62 1.67 2.37 49304 47059 1.05 6.79
20170424 15730 15890 15450 15590 68756 107711491 2.79 1.27 -1.14 35515 33241 1.07 4.84
20170421 16220 16540 14600 15770 78281 122098623 12.03 1.53 -2.17 40480 37801 1.07 5.52
20170420 16000 16350 15980 16120 33896 54579392 2.31 0.51 0.75 17031 16864 1.01 2.39
20170419 16190 16250 15820 16200 59063 94201585 2.66 0.70 0.06 33969 25093 1.35 4.16
20170418 16810 17120 16100 16190 48654 81301395 6.07 0.58 -3.69 29676 18977 1.56 3.43
20170417 16990 17300 16660 16810 51304 86653393 3.74 0.63 -1.70 31176 20128 1.55 3.61
20170414 17250 17440 16900 17100 62999 107798863 3.13 0.85 -0.81 32715 30285 1.08 4.44
20170413 17110 17500 16900 17240 110889 190532017 3.49 1.87 0.29 49692 61196 0.81 7.81
20170412 16440 17210 16310 17190 150383 254944730 5.48 4.00 4.63 65142 85241 0.76 10.59
20170411 16440 16650 16230 16430 46026 75500172 2.55 1.35 -0.06 20996 25030 0.84 3.24
20170410 16500 16680 16110 16440 38189 62588466 3.44 1.02 -0.72 21086 17103 1.23 2.69
20170407 16710 16790 16520 16560 24235 40241919 1.61 0.57 -0.96 13639 10595 1.29 1.71
20170406 16640 16900 16580 16720 38264 64058607 1.92 0.87 0.36 19006 19258 0.99 2.70
20170405 16470 16710 16320 16660 41253 68314861 2.38 0.95 1.83 20410 20843 0.98 2.91
20170331 16110 16490 16110 16360 28458 46375795 2.33 0.57 0.18 13958 14500 0.96 2.00
20170330 16760 16960 16000 16330 54353 88617524 5.70 1.02 -3.03 31238 23115 1.35 3.83
20170329 16710 17060 16710 16840 51768 87326856 2.08 0.86 -0.12 21754 30014 0.72 3.65
20170328 16700 17000 16530 16860 42820 72024905 2.80 0.58 0.30 19652 23169 0.85 3.02
20170327 16640 17100 16550 16810 40801 68188863 3.29 0.56 0.54 19239 21562 0.89 2.87
20170324 16800 16830 16480 16720 58116 96463390 2.07 0.78 -1.01 26241 31874 0.82 4.09
20170323 16950 17450 16410 16890 72758 122621002 6.14 1.02 -0.35 40549 32209 1.26 5.13
20170322 16890 17100 16620 16950 85393 143685077 2.84 1.48 0.36 44290 41103 1.08 6.02
20170321 16500 17070 16350 16890 109777 183776438 4.35 2.73 2.05 106943 2834 37.73 7.73
20170320 16470 16600 16250 16550 35441 58041058 2.13 0.85 0.49 18975 16466 1.15 2.50
20170317 16380 16740 16280 16470 69501 114630786 2.81 2.12 0.55 33938 35562 0.95 4.90
20170316 16050 16460 16050 16380 56238 91612930 2.56 2.17 2.12 20329 35908 0.57 3.96
20170315 16070 16200 15950 16040 17900 28765969 1.55 0.65 -0.62 8832 9068 0.97 1.26
20170314 16220 16300 16060 16140 21945 35439101 1.48 0.69 -0.55 12298 9647 1.27 1.55
20170313 15930 16280 15710 16230 42870 69172303 3.58 1.50 2.01 16589 26281 0.63 3.02
20170310 15850 16100 15760 15910 24880 39635982 2.15 0.88 0.57 9413 15467 0.61 1.75
20170309 15660 15960 15660 15820 22068 34957666 1.91 0.72 0.51 10141 11927 0.85 1.55
20170308 15600 15910 15540 15740 25081 39575172 2.36 0.74 0.45 11868 13214 0.90 1.77
20170307 16000 16040 15530 15670 44331 69523659 3.19 1.52 -1.94 26159 18172 1.44 3.12
20170306 15930 16060 15830 15980 26072 41599565 1.45 0.84 0.57 10699 15373 0.70 1.84
20170303 16160 16160 15760 15890 23729 37714826 2.47 0.76 -1.73 13190 10539 1.25 1.67
20170302 16250 16330 15900 16170 33132 53538053 2.64 1.02 -0.61 17241 15891 1.08 2.33
20170301 16200 16530 16070 16270 43295 70502009 2.85 1.08 0.68 22347 20948 1.07 3.05
20170228 16260 16300 16060 16160 19564 31599966 1.48 0.38 -0.06 11768 7796 1.51 1.38
20170227 16270 16350 16130 16170 36122 58743013 1.36 0.60 -0.37 14491 21631 0.67 2.54
20170224 16250 16280 16040 16230 23849 38511069 1.47 0.40 -0.37 14021 9827 1.43 1.68
20170223 16600 16630 16170 16290 39000 63519898 2.81 0.69 -0.55 22210 16789 1.32 2.75
20170222 15910 16470 15910 16380 81892 133253821 3.49 1.80 2.06 31730 50162 0.63 5.77
20170221 16250 16290 15820 16050 74830 119989652 2.90 2.00 -1.05 40625 34205 1.19 5.27
20170220 15500 16300 15500 16220 79908 127978763 5.10 2.92 3.38 38302 41607 0.92 5.63
20170217 15740 15890 15560 15690 24613 38767184 2.10 0.77 -0.06 14538 10075 1.44 1.73
20170216 15600 15800 15410 15700 22596 35181984 2.49 0.56 0.06 9546 13050 0.73 1.59
20170215 15780 16000 15670 15690 25482 40152548 2.08 0.66 -1.13 14382 11100 1.30 1.80
20170214 15900 16080 15650 15870 34501 54452062 2.70 0.94 -0.38 21152 13349 1.58 2.43
20170213 15990 16050 15790 15930 29453 46717763 1.63 0.83 -0.38 18910 10543 1.79 2.08
20170210 15950 16410 15750 15990 48543 77515102 4.12 1.58 -0.19 25818 22725 1.14 3.42
20170209 15310 16300 15310 16020 62044 98162582 6.40 2.77 3.62 30199 31844 0.95 4.37
20170208 15550 15550 15240 15460 19087 29386995 1.99 0.92 -0.71 10546 8542 1.23 1.34
20170207 15500 15770 15310 15570 24811 38414779 2.96 1.35 0.06 12599 12212 1.03 1.75
20170206 15460 15850 15170 15560 23616 36555265 4.40 1.44 0.65 10609 13007 0.82 1.66
20170203 15330 15800 15200 15460 24344 37767243 3.91 1.49 0.85 12124 12220 0.99 1.72
20170126 14780 15420 14740 15330 19939 30107003 4.60 1.33 3.72 6404 13535 0.47 1.40
20170125 14520 14920 14520 14780 10689 15803120 2.73 0.71 0.75 5042 5647 0.89 0.75
20170124 15010 15010 14570 14670 13319 19592226 3.01 0.91 0.34 6077 7242 0.84 0.94
20170123 14410 14780 14410 14620 13485 19692724 2.55 0.79 0.69 7569 5916 1.28 0.95
20170120 14220 14800 14160 14520 24152 35052195 4.47 1.50 1.33 11677 12475 0.94 1.70
20170119 14420 14420 14090 14330 13597 19332264 2.28 0.85 -1.04 7305 6292 1.16 0.96
20170118 14240 14850 14010 14480 10421 14790409 5.92 0.63 1.97 4267 6154 0.69 0.73
20170117 13960 14210 13870 14200 11682 16434553 2.42 0.64 0.92 4981 6701 0.74 0.82
20170116 14400 14440 13350 14070 25926 36270913 7.52 1.48 -2.90 14677 11249 1.30 1.83
20170113 14860 15000 14380 14490 18685 27499017 4.16 0.95 -2.75 10131 8554 1.18 1.32
20170112 14900 15110 14850 14900 13087 19589596 1.74 0.62 -0.27 7459 5628 1.33 0.92
20170111 15080 15180 14920 14940 13570 20424487 1.73 0.57 -0.86 6640 6930 0.96 0.96
20170110 15050 15260 14910 15070 19719 29852592 2.33 0.81 0.13 11682 8037 1.45 1.39
20170109 14920 15170 14800 15050 22524 33655148 2.46 1.00 -0.13 11006 11518 0.96 1.59
20170106 15490 15500 15010 15070 28940 44198085 3.16 1.40 -2.96 15232 13708 1.11 2.04
20170105 15430 15640 15360 15530 21170 32806351 1.81 0.94 0.65 10494 10676 0.98 1.49
20170104 15340 15510 15270 15430 25956 39877950 1.56 1.18 0.46 13896 12060 1.15 1.83
20170103 15150 15380 15130 15360 22881 34979560 1.66 0.87 1.72 9616 13265 0.72 1.61
20161230 15070 15180 15000 15100 13667 20612115 1.19 0.36 0.07 7320 6347 1.15 0.96
20161229 15160 15260 15000 15090 19554 29494213 1.70 0.34 -1.37 11096 8458 1.31 1.38
20161228 15000 15350 14900 15300 30663 46619755 3.00 0.53 1.86 17786 12877 1.38 2.16
20161227 15300 15300 14910 15020 22809 34274892 2.58 0.38 -0.66 14551 8257 1.76 1.61
20161226 15440 15490 14710 15120 45194 67894498 5.01 0.83 -2.89 21117 24077 0.88 3.18
20161223 16210 16300 15550 15570 69315.31 110152281.000
20161222 15670 16250 15510 16210 117802.14 188548574.000
20161221 15380 15770 15250 15700 33615.51 51988438.000
20161220 15000 15560 15000 15460 31169.54 47520622.000
20161219 14990 15200 14770 15160 19231.00 28840287.000
20161216 14880 14910 14690 14820 16666.91 24683606.000
20161215 15200 15240 14500 14880 25961.34 38446194.000
20161214 14410 14660 14310 14470 22048.04 31909839.000
20161213 14300 14510 14060 14440 24825.06 35613712.000
20161212 15500 15500 14280 14310 45707.15 67908303.000
20161209 15590 15680 15400 15440 23314.93 36302677.000
20161208 15730 15830 15610 15640 16988.10 26670103.000
20161207 15390 15770 15350 15730 31483.69 49114513.000
20161206 15390 15630 15320 15370 22956.05 35500310.000
20161205 15340 15420 15200 15350 21850.43 33499205.000
20161202 15600 15800 15150 15340 37050.07 57300380.000
20161201 15590 15850 15520 15590 29079.57 45559240.000
20161130 15880 16320 15500 15610 53935.24 85527306.000
20161129 17100 17100 16110 16140 73035.92 119501763.000
20161128 17100 18290 16730 16770 112166.64 192762759.000
20161125 16700 16910 16220 16810 61189.31 101649060.000
20161124 16820 17370 16700 16850 84687.28 144084289.000
20161123 17250 17300 16800 16850 84236.75 142815923.000
20161122 16440 17450 16360 17430 178182.86 302591660.000
20161121 16160 16770 15800 16420 65299.36 105804066.000
20161118 16350 16450 16000 16170 36567.63 58989904.000
20161117 16240 16890 16100 16370 51693.40 84644931.000
20161116 16260 16470 16080 16230 46469.27 75362238.000
20161115 16300 16490 16050 16370 48259.22 78466891.000
20161114 16380 16800 16170 16300 57643.53 94338871.000
20161111 16090 16800 16040 16490 100746.84 164740158.000
20161110 15740 16300 14680 16240 137103.96 218964571.000
20161109 15720 15920 15150 15610 58588.44 90857149.000
20161108 15550 15720 15390 15690 47436.11 73828510.000
20161107 15430 15540 15210 15430 33658.64 51685057.000
20161104 15360 15680 15290 15380 55954.27 86276028.000
20161103 14850 15770 14800 15510 111003.32 170104346.000
20161102 14900 15080 14800 14870 32418.89 48421464.000
20161101 14880 15180 14750 14980 43027.33 64441535.000
20161031 14990 15080 14550 14890 28467.18 42055525.000
20161028 14990 15150 14850 14980 45199.38 67527800.000
20161027 14980 15080 14830 14990 28663.36 42765717.000
20161026 14880 15100 14680 15050 42808.82 63394370.000
20161025 14980 15450 14840 14980 41737.90 62569124.000
20161024 14710 15100 14680 15050 41397.17 61607497.000
20161021 14810 15300 14610 14710 57913.83 86236642.000
20161020 14670 14950 14550 14890 44399.20 65428423.000
20161019 14720 14760 14540 14650 39779.02 58267613.000
20161018 14250 14800 14180 14720 63943.93 92811892.000
20161017 14420 14500 14010 14220 29530.19 42122808.000
20161014 14360 14430 14140 14390 29821.21 42435526.000
20161013 14260 14650 14200 14390 54029.15 78199057.000
20161012 14260 14310 14110 14260 32166.25 45706974.000
20161011 14260 14460 14170 14350 44402.94 63440427.000
20161010 14250 14400 14100 14260 45785.52 65149697.000
20160930 14060 14200 13950 14160 28256.14 39855163.000
20160929 13940 14250 13860 14140 57204.09 80962299.000
20160928 13440 14100 13360 13910 41351.08 56907393.000
20160927 13330 13440 13220 13430 17358.49 23102888.000
20160926 13900 13900 13320 13330 26877.80 36623963.000
20160923 13930 13940 13720 13820 24700.56 34166459.000
20160922 13710 14070 13710 13820 36525.75 50781128.000
20160921 13550 13740 13500 13660 20967.12 28658408.000
20160920 13540 13630 13400 13550 19841.97 26783263.000
20160919 13290 13660 13270 13540 24611.90 33316721.000
20160914 13270 13330 13140 13290 17448.74 23117845.000
20160913 13400 13580 13170 13330 30111.41 40110437.000
20160912 13760 13760 13320 13330 48582.95 65592164.000
20160909 14300 14400 13920 13990 38620.67 54709666.000
20160908 14150 14390 14100 14340 34041.50 48526233.000
20160907 14430 14430 14150 14200 53726.30 76737189.000
20160906 14340 14480 14110 14450 56426.46 80491246.000
20160905 14450 14470 14180 14370 62782.63 89790560.000
20160902 13790 14660 13750 14510 104896.06 150174414.000
20160901 13730 14050 13730 13770 31541.88 43833137.000
20160831 13740 13850 13610 13830 21805.84 29947456.000
20160830 13650 14050 13650 13800 34665.01 47987136.000
20160829 13740 13740 13370 13600 24478.33 33222729.000
20160826 13850 13980 13650 13740 28335.60 39072026.000
20160825 13900 13900 13530 13650 42231.18 57851726.000
20160824 13490 14190 13450 13960 58870.65 81684376.000
20160823 13250 13490 13250 13390 13194.38 17657571.000
20160822 13660 13660 13320 13330 16375.00 22044936.000
20160819 13270 13480 13220 13430 18899.51 25254959.000
20160818 13380 13400 13210 13270 15127.99 20137835.000
20160817 13540 13540 13160 13370 23488.85 31233099.000
20160816 13230 13620 13230 13350 27296.61 36709730.000
20160815 13010 13340 12870 13230 19470.54 25683702.000
20160812 12900 13030 12760 12970 13644.58 17646686.000
20160811 13100 13180 12820 12830 14634.00 18978405.000
20160810 13220 13290 13100 13120 14981.71 19755384.000
20160809 13050 13240 12940 13220 21050.64 27597129.000
20160808 12850 13080 12610 13020 19133.00 24698293.000
20160805 13160 13160 12810 12820 23079.00 29881481.000
20160804 13300 13380 13010 13120 25059.79 33017244.000
20160803 13300 13380 13130 13250 9690.04 12841215.000
20160802 13110 13340 13060 13300 15674.20 20725980.000
20160801 13320 13380 13000 13130 17951.23 23571547.000
20160729 13250 13450 13240 13390 13341.30 17829642.000
20160728 13350 13470 13210 13370 20709.06 27673010.000
20160727 14160 14250 13000 13250 42366.51 57787277.000
20160726 14100 14200 13970 14170 24962.71 35159109.000
20160725 13980 14100 13830 13970 20704.00 28940824.000
20160722 14210 14240 13960 13980 28919.59 40659518.000
20160721 14220 14470 14190 14230 31227.13 44701824.000
20160720 14150 14300 14150 14220 21818.44 31010004.000
20160719 14250 14250 14010 14210 20271.71 28684850.000
20160718 14180 14250 13990 14060 25258.87 35551548.000
20160715 14520 14530 14210 14240 29231.96 41886997.000
20160714 14230 14550 14150 14520 45580.13 65312799.000
20160713 14350 14360 14160 14230 38337.42 54713201.000
20160712 14480 14520 13910 14290 51211.18 72757951.000
20160711 14070 14460 14070 14360 52571.00 75369455.000
20160708 14110 14270 14040 14150 27743.04 39244831.000
20160707 14360 14420 14010 14240 47656.01 67607209.000
20160706 14200 14510 14190 14430 62259.87 89397854.000
20160705 14310 14460 14030 14190 59767.41 85065570.000
20160704 13800 14480 13790 14290 64212.41 91705470.000
20160701 14400 14650 13930 14000 72470.46 103216276.000
20160630 14290 14670 14290 14480 88253.64 127400733.000
20160629 16290 16290 14610 14860 199105.80 303616048.000
20160628 14700 15070 14400 15070 48971.66 72990458.000
20160627 12880 13700 12810 13700 33974.20 45939416.000
20160616 12510 12880 12400 12450 31959.59 40294216.000
20160615 12050 12730 11910 12610 34215.78 42676657.000
20160614 11830 12280 11830 12030 23222.15 28012262.000
20160613 13000 13080 12000 12090 40695.61 51494197.000
20160608 12830 13500 12660 13310 50865.24 66364225.000
20160607 12900 12920 12610 12760 22057.74 28021647.000
20160606 13230 13350 12770 12880 29140.32 37904698.000
20160603 12750 13380 12710 13100 42115.61 54839579.000
20160602 12850 13080 12560 12820 32989.81 42123378.000
20160601 12420 12980 12320 12800 51017.95 65095298.000
20160531 11810 12580 11810 12420 40853.16 50036901.000
20160530 11690 12180 11690 11940 22173.08 26532124.000
20160527 11680 12020 11610 11920 30809.18 36620465.000
20160526 11650 11710 11150 11690 17996.97 20567613.000
20160525 11700 11850 11440 11520 20984.29 24486407.000
20160524 11900 11950 11500 11620 21920.10 25587675.000
20160523 11600 11980 11560 11830 33872.27 40142888.000
20160520 11320 11580 11120 11530 24742.90 28193613.000
20160519 11220 11600 11170 11240 36233.98 41299542.000
20160518 12000 12090 11130 11220 40156.71 46224708.000
20160517 11980 12360 11860 12140 41310.65 50127982.000
20160516 11860 12100 11640 12040 34616.70 40983632.000
20160513 12280 12490 11900 11970 43724.00 53150000
20160512 11900 12890 11600 12570 56712.00 70060000
20160511 12450 12780 11800 11910 64531.00 78940000
20160510 12640 13180 12640 12640 95574.00 122280000
20160509 14040 14040 14040 14040 8753.00 12290000
20151130 28590 31550 28400 31550 45685.00 136250000
20151127 30650 31190 28100 28680 40903.00 122370000
20151126 31760 31970 30830 31200 40499.00 127460000
20151125 31240 31990 30780 31640 42275.00 132650000
20151124 29860 31280 29260 31250 43947.00 133790000
20151123 29400 30490 29300 29880 29868.00 89790000
20151120 29350 29950 29000 29680 23748.00 70070000
20151119 28300 29350 28100 29250 20680.00 59470000
20151118 29300 29500 28000 28100 25923.00 74450000
20151117 30160 30850 28860 29180 31873.00 95890000
20151116 28500 29860 28400 29820 26756.00 78150000
20151113 31680 32000 29700 29800 57632.00 176460000
20151112 30160 32790 30160 32220 66664.00 211070000
20151111 29000 30750 28900 30540 51041.00 153010000
20151110 29200 29960 28600 29100 47030.00 137420000
20151109 28460 29980 28100 29690 63321.00 183700000
20151106 27590 28880 27590 28650 42828.00 121270000
20151105 28200 29800 27000 27490 60571.00 170200000
20151104 27000 28800 26680 28400 64314.00 177560000
20151103 25200 27580 25200 27290 57627.00 152710000
20151102 24900 26380 24210 25430 38649.00 98670000
20151030 25230 25490 24900 25020 28217.00 71160000
20151029 25500 25690 24570 25030 31633.00 79360000
20151028 24720 25550 24300 25260 46034.00 115350000
20151027 24020 25400 23000 24920 32082.00 77040000
20151026 24290 24860 23900 24350 32777.00 79950000
20151023 23250 23870 23020 23840 23415.00 54700000
20151022 22370 22970 22010 22940 22686.00 51240000
20151021 24120 24860 21880 22130 38723.00 91240000
20151020 23500 24170 23500 24100 22217.00 53000000
20151019 24160 24220 23360 23590 24057.00 57230000
20151016 23950 24280 23680 24170 28036.00 67350000
20151015 23300 24090 22810 23950 23996.00 56640000
20151014 23400 23890 23250 23280 24358.00 57510000
20151013 23320 23660 22820 23430 24920.00 58000000
20151012 22350 23580 22350 23410 29992.00 69210000
20151009 22260 22360 21760 22290 18950.00 41950000
20151008 22080 22230 21700 22150 19460.00 42870000
20150930 20950 21470 20950 21270 11317.00 24050000
20150929 21050 21200 20700 20930 12152.00 25500000
20150928 21110 21460 20630 21450 14085.00 29700000
20150925 21500 22080 20880 21070 23371.00 50210000
20150924 21150 21540 21100 21430 16937.00 36160000
20150923 20960 21370 20540 21020 15352.00 32170000
20150922 21390 21750 21150 21310 20386.00 43700000
20150921 20400 21480 20030 21360 17951.00 37740000
20150918 20770 20870 20020 20620 11340.00 23300000
20150917 20870 21590 20360 20480 22679.00 47550000
20150916 19500 21140 19250 21120 20227.00 40950000
20150915 19500 20170 18850 19220 17943.00 35140000
20150914 23680 23680 20460 20460 27854.00 60530000
20150911 23200 23200 21900 22730 20794.00 46630000
20150910 23030 23030 21880 21960 25100.00 56300000
20150909 21150 23400 21150 23040 32151.00 70590000
20150908 19940 21410 19940 21270 21748.00 44850000
20150907 19740 20800 19740 19900 18084.00 36510000
20150902 19000 21190 18910 19300 18058.00 35990000
20150901 22490 22490 20300 20300 28319.00 59530000
20150831 24900 24900 22550 22560 33362.00 78220000
20150828 24490 25660 23680 25050 40785.00 99860000
20150827 23510 24300 21600 24150 33240.00 77180000
20150826 23330 24570 22090 23350 44590.00 104310000
20150825 22250 23000 22250 22510 56699.00 127190000
20150824 24750 25410 24720 24720 23237.00 57650000
20150821 27470 29100 27470 27470 35336.00 98030000
20150814 31000 31300 30410 30520 34676.00 106600000
20150813 31400 31400 29500 31030 57447.00 175160000
20150812 30970 33290 30600 31490 73642.00 237430000
20150811 30030 31480 30030 30690 48980.00 151320000
20150810 28900 30640 28880 30540 44719.00 133420000
20150807 28200 28970 28000 28870 31869.00 91150000
20150806 27300 28500 26520 28000 25527.00 71060000
20150805 27940 28650 27510 27840 32709.00 92080000
20150804 26800 28380 26350 28330 34453.00 94670000
20150803 27160 28290 25700 26420 29036.00 77750000
20150731 27500 29300 26800 27810 29016.00 80760000
20150730 29000 30390 28000 28250 42526.00 124890000
20150729 27380 29270 26180 29210 36079.00 100120000
20150728 25500 28790 25500 26970 47318.00 126420000
20150727 29900 31250 27880 27880 46506.00 137850000
20150724 33070 33560 30050 30980 75522.00 245580000
20150723 31000 33960 30580 33190 76592.00 248550000
20150722 32240 32880 30200 31320 61829.00 193480000
20150721 29050 31970 28950 31940 70131.00 214470000
20150720 29000 30540 28320 29230 48612.00 143080000
20150717 27700 29970 27650 29270 49671.00 142360000
20150716 25900 30000 25900 27490 70271.00 197550000
20150715 30360 30360 28760 28760 54302.00 158480000
20150714 35990 35990 31800 31960 118536.00 398980000
20150713 32150 34510 32150 34510 89500.00 299180000
20150710 28500 31370 27300 31370 85116.00 262090000
20150709 23340 28520 23340 28520 93102.00 244450000
20150708 25930 25930 25930 25930 1125.00 2910000
20150707 30500 31700 28810 28810 38608.00 114270000
20150706 33830 33830 28700 32010 113981.00 363580000
20150703 28070 31800 26680 30750 110040.00 329070000
20150702 27490 29000 25220 29000 89203.00 246040000
20150701 25990 27890 25410 26360 68472.00 184760000
20150630 23100 26150 21450 26150 49073.00 117390000
20150629 26990 27300 23760 23770 37364.00 92550000
20150626 28880 28880 26400 26400 32675.00 88420000
20150625 31490 31490 29000 29330 29364.00 89580000
20150624 31000 32100 30880 31720 34452.00 108340000
20150623 29300 30900 27880 30720 32799.00 96910000
20150619 32440 32470 29220 29230 31992.00 96630000
20150618 35210 35210 32280 32470 30971.00 105800000
20150617 33700 35340 33700 35200 29620.00 102120000
20150616 35960 35960 33700 34200 42469.00 146740000
20150615 39120 39200 36700 36730 51417.00 192780000
20150612 41170 41210 39110 39260 53711.00 213830000
20150611 38930 41220 38300 40640 70127.00 279830000
20150610 38000 39420 37250 39220 52335.00 203510000
20150609 37170 38550 37170 38040 42228.00 159870000
20150608 39170 39170 36800 37120 60792.00 227190000
20150605 39800 40750 38510 39170 57154.00 226810000
20150604 42050 42050 37960 39460 74282.00 292910000
20150603 40400 42750 39610 42180 80872.00 335470000
20150602 41900 41900 39200 40450 95431.00 385850000
20150601 50000 50000 41500 43070 125501.00 551600000
20150529 41430 45570 41430 45570 50375.00 223650000
20150528 71000 71350 58370 62650 46254.00 323320000
20150527 63900 64860 61000 64860 41387.00 266500000
20150526 55020 58960 54800 58960 41150.00 233420000
20150525 49780 53600 49300 53600 47873.00 250340000
20150522 47900 49800 46500 48730 37055.00 178970000
20150521 46880 48000 45100 47300 28802.00 134320000
20150520 44260 48000 44260 46820 37247.00 173040000
20150519 47300 47680 43010 44220 46023.00 206910000
20150518 41490 45540 41430 45540 49465.00 218600000
20150515 39980 43300 38390 41400 54605.00 219590000
20150514 38490 40900 38000 39860 41908.00 167460000
20150513 36880 38750 36700 38080 38502.00 144560000
20150512 35600 38760 35580 37780 55922.00 209270000
20150511 33600 35360 33470 35330 33522.00 116170000
20150508 32610 33280 32610 33210 15752.00 51920000
20150507 32830 33080 32200 32210 12831.00 41860000
20150506 33250 33600 32450 32880 16175.00 53870000
20150505 34160 34190 32730 32900 16105.00 53970000
20150504 34100 34360 33600 34090 19005.00 64630000
20150430 34200 35000 34000 34080 22085.00 76430000
20150429 33980 34380 33700 34350 16742.00 57110000
20150428 35200 35460 33630 33920 27500.00 94570000
20150427 34450 35390 34450 35190 31750.00 111380000
20150424 34290 34770 33850 34410 26183.00 89870000
20150423 35310 35580 34520 34830 30507.00 106530000
20150422 34600 35790 34600 35260 39475.00 139500000
20150421 33780 34290 32980 34250 25339.00 85480000
20150420 35000 35200 33340 33350 45851.00 156900000
20150417 32800 33560 32750 33120 27477.00 90990000
20150416 31400 32590 31180 32510 21403.00 68780000
20150415 33800 33850 31800 31820 32893.00 107080000
20150414 34800 35160 33880 34100 28180.00 97020000
20150413 33480 35280 33450 34670 36256.00 125300000
20150410 32800 33670 32750 33430 34167.00 113430000
20150409 31650 33290 31380 33260 54132.00 175770000
20150408 32450 32580 31060 31700 36653.00 116290000
20150407 31560 32390 31350 32230 32890.00 105190000
20150403 30800 31380 30530 31340 33399.00 103850000
20150402 30320 30970 30230 30890 36945.00 113550000
20150401 30200 30450 30040 30330 24213.00 73280000
20150331 30070 30310 29700 30240 31802.00 95490000
20150330 29900 30190 29810 30060 21858.00 65450000
20150327 29820 30120 29700 29900 16761.00 50110000
20150326 30470 30470 29630 29890 35765.00 107030000
20150325 28990 30970 28710 30740 60732.00 184370000
20150324 29420 29550 28510 29000 28935.00 83930000
20150323 29160 29670 29080 29450 31178.00 91600000
20150320 28960 29190 28900 29110 23971.00 69580000
20150319 29260 29300 28810 29000 22640.00 65680000
20150318 28800 29250 28500 29160 27969.00 80920000
20150317 28390 29380 28380 28780 39286.00 113520000
20150316 27860 28400 27860 28340 25688.00 72510000
20150313 27350 27760 27350 27710 11608.00 32090000
20150312 27910 27910 27200 27310 16974.00 46550000
20150311 27700 27950 27630 27730 13875.00 38530000
20150310 27710 27980 27610 27740 12140.00 33720000
20150309 28190 28190 27200 27790 22260.00 61520000
20150306 28000 28620 27930 28410 32269.00 91400000
20150305 28030 28050 27790 27960 12070.00 33660000
20150304 27750 28070 27680 28030 14481.00 40440000
20150303 28200 28200 27770 27790 14700.00 41020000
20150302 27990 28250 27820 28230 19689.00 55240000
20150227 27690 27840 27620 27840 11907.00 33050000
20150226 27140 27700 27140 27690 9907.00 27260000
20150225 27840 27900 27190 27230 10179.00 27950000
20150217 27920 27920 27720 27830 8243.00 22920000
20150216 27830 27980 27630 27850 11104.00 30850000
20150213 27260 27990 27260 27800 16052.00 44540000
20150212 27060 27390 27000 27260 8603.00 23450000
20150211 26950 27140 26840 27110 8658.00 23330000
20150210 26880 26950 26750 26910 9085.00 24360000
20150209 26670 27090 26600 26780 7749.00 20770000
20150206 27690 27830 26760 26850 15619.00 42280000
20150205 28090 28180 27680 27700 11708.00 32670000
20150204 28500 28590 27900 27940 16750.00 47200000
20150203 28100 28750 28000 28490 16944.00 48150000
20150202 27590 28130 27390 27960 12817.00 35720000
20150130 28000 28280 27670 27830 14396.00 40200000
20150129 28530 28800 27980 28110 23444.00 66410000
20150128 28990 29360 28690 28920 21494.00 62490000
20150127 29150 29300 28630 28870 23351.00 67710000
20150126 28760 29280 28520 29120 22210.00 64280000
20150123 29950 29950 28800 28860 42005.00 122630000
20150122 29710 29970 29420 29860 39260.00 116640000
20150121 30690 30800 29410 30070 66155.00 197900000
20150120 28300 30990 28110 30560 79186.00 235010000
20150119 27500 29340 27010 28340 58616.00 166360000
20150116 27500 28450 27300 27910 42308.00 117880000
20150115 26700 28270 26700 28030 56876.00 157810000
20150114 26790 27600 26590 26700 30064.00 81210000
20150113 26450 27390 26450 27140 34323.00 92920000
20150112 27610 27880 26500 26600 47281.00 127800000
20150109 28800 29170 28150 28170 60962.00 173880000
20150108 29600 30870 28810 29420 72719.00 214820000
20150107 34410 34410 31000 31030 144689.00 470340000
20150106 31280 31280 31280 31280 1500.00 4690000
20150105 28440 28440 28440 28440 426.00 1210000
20141231 21540 25850 21540 25850 519.00 1320000
