20180223 31810 32630 31680 32460 4107 13299876 2.97 0.80 1.44 2063 2044 1.01 0.10
20180222 31610 32190 31610 32000 2290 7311770 1.84 0.38 1.30 1111 1179 0.94 0.06
20180214 31920 31930 31310 31590 2659 8401139 1.95 0.35 -0.72 1847 812 2.27 0.07
20180213 31300 32100 31110 31820 5226 16665796 3.16 0.53 1.66 3123 2103 1.49 0.13
20180212 30180 31790 29830 31300 7663 23780800 6.57 0.72 4.93 3451 4213 0.82 0.19
20180209 30310 30650 29400 29830 7981 23738357 4.07 0.73 -2.87 4590 3391 1.35 0.20
20180208 29200 30990 29200 30710 6777 20684634 6.02 0.57 3.23 2920 3857 0.76 0.17
20180207 29370 30370 29090 29750 9888 29284442 4.41 0.92 2.41 5566 4322 1.29 0.25
20180206 30700 30950 28980 29050 16866 50203788 6.40 2.02 -5.62 12548 4318 2.91 0.42
20180205 31000 31500 30610 30780 11595 35826773 2.82 1.56 -2.50 7110 4485 1.59 0.29
20180202 32120 32250 31300 31570 9476 29957168 2.95 1.52 -1.80 5538 3938 1.41 0.24
20180201 33210 33250 32120 32150 11394 36817910 3.43 2.18 -2.28 8256 3138 2.63 0.28
20180131 33100 33500 32770 32900 4648 15345483 2.18 0.80 -1.67 3219 1429 2.25 0.12
20180130 33370 33700 32800 33460 4685 15657997 2.70 0.78 0.54 2164 2521 0.86 0.12
20180129 33500 33580 32600 33280 6964 23018467 2.92 1.15 -0.89 4913 2051 2.40 0.17
20180126 33810 33870 33420 33580 3507 11763807 1.33 0.54 -0.68 2521 987 2.55 0.09
20180125 33950 33960 33430 33810 6279 21235538 1.58 1.01 0.74 2696 3583 0.75 0.16
20180124 33220 33700 33160 33560 7501 25022038 1.63 1.23 1.21 3928 3573 1.10 0.19
20180123 33200 33550 33100 33160 5609 18625596 1.35 0.83 -0.54 3736 1873 1.99 0.14
20180122 33590 33680 33010 33340 7256 24191807 1.99 1.02 -0.83 3115 4141 0.75 0.18
20180119 33510 34150 33500 33620 5598 18894926 1.94 0.79 0.33 2371 3227 0.73 0.14
20180118 33660 33790 33310 33510 5252 17640324 1.43 0.72 -0.45 2803 2448 1.14 0.13
20180117 33820 34130 33310 33660 6888 23204494 2.41 0.90 -1.00 4646 2242 2.07 0.17
20180116 34010 34460 33900 34000 8961 30673945 1.63 1.26 -0.85 6719 2242 3.00 0.22
20180115 34220 34470 33590 34290 8890 30348865 2.57 1.18 0.06 5673 3217 1.76 0.22
20180112 34120 34300 33910 34270 5625 19182253 1.14 0.69 0.26 3584 2041 1.76 0.14
20180111 34400 34660 33880 34180 6342 21653888 2.27 0.76 -0.35 3875 2466 1.57 0.16
20180110 35360 35580 34150 34300 8505 29468092 4.05 1.01 -2.89 6267 2238 2.80 0.21
20180109 35000 35430 34830 35320 6286 22054061 1.70 0.70 0.11 3951 2334 1.69 0.16
20180108 35250 35990 34960 35280 11065 39018390 2.96 1.30 1.53 5434 5631 0.97 0.28
20180105 34600 34790 34190 34750 8478 29284580 1.73 0.99 0.43 4512 3966 1.14 0.21
20180104 34530 34650 34200 34600 7140 24595722 1.31 1.99 0.70 3150 3991 0.79 0.18
20180103 34250 34470 34000 34360 9123 31306221 1.37 1.11 0.06 4977 4146 1.20 0.23
20180102 34060 34440 34050 34340 8785 30074078 1.14 1.08 0.70 5749 3036 1.89 0.22
20171229 33030 34490 33030 34100 9121 31094469 4.36 1.09 1.94 2417 6704 0.36 0.23
20171228 33510 33960 33360 33450 8700 29216938 1.77 1.07 -1.12 6418 2282 2.81 0.22
20171227 33880 34090 33560 33830 7605 25690386 1.56 0.90 -0.70 5474 2132 2.57 0.19
20171226 34390 34390 33680 34070 6928 23501890 2.09 0.82 0.18 3395 3533 0.96 0.17
20171225 33940 34240 33690 34010 8373 28444214 1.62 1.00 0.18 5508 2865 1.92 0.21
20171222 33080 33990 32990 33950 10204 34380850 3.02 1.23 2.63 4200 6004 0.70 0.25
20171221 33010 33350 32770 33080 7543 25006146 1.75 0.85 -0.24 4615 2928 1.58 0.19
20171220 33390 33440 32810 33160 9394 31058748 1.89 1.10 -0.63 6289 3105 2.03 0.23
20171219 33130 33450 33130 33370 6590 21981823 0.97 0.74 0.72 4313 2277 1.89 0.16
20171218 32850 33480 32420 33130 8281 27361575 3.20 0.81 0.06 4298 3983 1.08 0.21
20171215 32750 33260 32270 33110 9604 31666601 3.04 0.96 1.56 4386 5218 0.84 0.24
20171214 33070 33070 32220 32600 10720 34861485 2.57 1.14 -1.42 5920 4800 1.23 0.27
20171213 32990 33150 32390 33070 7631 25009382 2.31 0.78 0.58 3667 3964 0.93 0.19
20171212 32710 33330 32590 32880 8201 27042447 2.25 0.71 -0.21 4712 3489 1.35 0.20
20171211 33460 33620 32210 32950 15173 49635650 4.22 1.45 -1.32 8949 6224 1.44 0.38
20171208 32930 33780 32560 33390 8533 28470145 3.74 0.86 2.27 3250 5283 0.62 0.21
20171207 32800 33000 32360 32650 7645 25023657 1.97 0.73 0.43 3871 3774 1.03 0.19
20171206 31960 32530 31550 32510 9077 29190924 3.07 0.82 1.69 4152 4925 0.84 0.23
20171205 34010 34260 31120 31970 17606 56861402 9.21 1.78 -6.27 11448 6157 1.86 0.44
20171204 34390 34650 34010 34110 9480 32533432 1.86 0.76 -0.81 6551 2930 2.24 0.24
20171201 33730 34660 33600 34390 5953 20481239 3.13 0.47 1.45 2506 3447 0.73 0.15
20171130 34500 34820 33750 33900 10379 35369020 3.10 0.78 -1.65 6255 4124 1.52 0.26
20171129 33700 34770 33700 34470 11657 39989507 3.16 0.86 1.92 5800 5857 0.99 0.29
20171128 32500 34300 32500 33820 11980 40176345 5.50 0.73 3.36 5431 6549 0.83 0.30
20171127 35920 36120 32510 32720 22019 75113306 10.05 1.44 -8.91 13163 8856 1.49 0.55
20171124 35570 36300 35290 35920 7886 28243157 2.82 0.45 0.39 4212 3674 1.15 0.20
20171123 36480 37030 35650 35780 13184 47969822 3.78 0.75 -1.95 8167 5017 1.63 0.33
20171122 36630 37070 36030 36490 12721 46539698 2.84 0.65 -0.33 6383 6338 1.01 0.32
20171121 37890 37890 35880 36610 25918 95340029 5.32 1.25 -3.12 14649 11269 1.30 0.64
20171120 37350 38330 35780 37790 16528 60859811 6.88 0.67 2.00 8095 8433 0.96 0.41
20171117 39270 39540 36580 37050 18542 71181166 7.52 0.68 -5.92 11503 7039 1.63 0.46
20171116 39600 40000 38610 39380 14442 56443764 3.50 0.54 -0.91 7741 6701 1.16 0.36
20171115 40200 41500 39600 39740 22744 91685344 4.73 0.89 -1.12 14254 8490 1.68 0.57
20171114 39270 41000 39270 40190 31516 126839578 4.41 1.42 2.53 14945 16572 0.90 0.78
20171113 40000 40470 38700 39200 35986 142272055 4.48 1.90 -0.78 19694 16291 1.21 0.90
20171110 37520 39550 37520 39510 31839 124187604 5.41 1.93 5.30 11895 19944 0.60 0.79
20171109 37730 37980 37200 37520 11000 41329057 2.06 0.63 -0.90 6488 4512 1.44 0.27
20171108 37170 38700 37160 37860 17091 65073705 4.14 0.89 1.86 8802 8289 1.06 0.43
20171107 37330 37490 36830 37170 15138 56159134 1.77 0.67 -0.32 9724 5414 1.80 0.38
20171106 37990 38000 36690 37290 19608 72814758 3.45 0.69 -1.84 12036 7573 1.59 0.49
20171103 38360 38870 37300 37990 19568 74253918 4.06 0.69 -1.81 11083 8485 1.31 0.49
20171102 38350 39140 38260 38690 16216 62827668 2.29 0.53 0.78 8724 7492 1.16 0.40
20171101 38800 39870 38200 38390 25687 100322482 4.27 0.73 -1.94 14408 11279 1.28 0.64
20171031 37700 39330 37520 39150 32084 123766525 4.76 1.06 3.05 15369 16715 0.92 0.80
20171030 36670 38750 36600 37990 48358 182863111 5.87 2.22 3.66 21931 26427 0.83 1.20
20171027 37290 37440 36450 36650 18569 68469481 2.65 0.94 -1.80 12142 6426 1.89 0.46
20171026 37500 37800 36800 37320 28120 104636642 2.66 1.73 -0.88 16267 11853 1.37 0.70
20171025 34990 38110 34860 37650 48560 179521617 9.34 5.75 8.16 19506 29054 0.67 1.21
20171024 35300 35300 34460 34810 7334 25574353 2.40 0.86 -0.60 4895 2439 2.01 0.18
20171023 35050 35190 34700 35020 6294 21968209 1.40 0.65 -0.14 3745 2548 1.47 0.16
20171020 35000 35160 34530 35070 8558 29916500 1.82 0.74 1.36 2991 5567 0.54 0.21
20171019 34560 34740 34010 34600 10306 35425003 2.12 0.84 0.29 4558 5748 0.79 0.26
20171018 34480 34660 34030 34500 9769 33605180 1.85 0.80 1.35 4731 5038 0.94 0.24
20171017 34760 34760 33770 34040 7588 25948697 2.86 0.61 -1.62 4621 2967 1.56 0.19
20171016 35370 35400 34050 34600 12021 41600641 3.84 0.93 -1.62 6979 5042 1.38 0.30
20171013 33740 35350 33730 35170 18227 63137112 4.80 1.59 4.11 5387 12839 0.42 0.45
20171012 34800 35000 33650 33780 13605 46508075 3.88 1.24 -2.93 8229 5375 1.53 0.34
20171011 35260 35450 34700 34800 9430 33125052 2.13 0.92 -1.30 4661 4770 0.98 0.23
20171010 35030 35270 34670 35260 8749 30583942 1.72 0.86 0.92 4525 4224 1.07 0.22
20171009 35220 35620 34650 34940 14503 50759564 2.77 1.64 -0.34 9353 5150 1.82 0.36
20170929 34500 35430 34500 35060 10962 38426409 2.67 1.17 0.78 5178 5784 0.90 0.27
20170928 34030 34870 33810 34790 11023 37872712 3.09 1.00 1.46 5363 5660 0.95 0.27
20170927 34040 34410 33830 34290 6212 21235252 1.69 0.46 0.06 3317 2895 1.15 0.15
20170926 33800 34390 33450 34270 8359 28477992 2.79 0.53 1.87 3443 4916 0.70 0.21
20170925 34010 34470 33610 33640 7781 26399187 2.52 0.41 -1.58 5369 2412 2.23 0.19
20170922 35150 35150 34000 34180 13383 46010969 3.27 0.67 -2.76 8210 5174 1.59 0.33
20170921 34700 35800 34700 35150 19178 67573604 3.15 0.81 0.54 9962 9216 1.08 0.48
20170920 34480 35510 34190 34960 18322 64018179 3.85 0.65 1.89 7532 10789 0.70 0.46
20170919 34760 35210 34180 34310 20548 71428510 2.96 0.71 -1.27 12881 7666 1.68 0.51
20170918 34480 34940 33750 34750 22787 78731815 3.45 0.73 0.81 11226 11561 0.97 0.57
20170915 35540 35580 34420 34470 19362 67459480 3.26 0.62 -3.23 12130 7232 1.68 0.48
20170914 36000 36820 35260 35620 36900 132552245 4.35 1.35 -0.78 18043 18857 0.96 0.92
20170913 33510 36000 33340 35900 42316 148215306 7.93 1.69 7.04 16505 25810 0.64 1.05
20170912 34150 34380 33500 33540 24231 82338100 2.59 1.01 -1.29 12601 11630 1.08 0.60
20170911 32800 34500 32500 33980 33800 113340811 6.13 1.65 4.11 14580 19219 0.76 0.84
20170908 32200 32870 32000 32640 18231 59261072 2.71 0.98 1.56 7307 10924 0.67 0.45
20170907 32500 32880 32060 32140 18288 59244327 2.52 1.10 -1.26 10798 7490 1.44 0.45
20170906 31630 32880 31630 32550 30903 100215801 3.93 2.40 2.36 13709 17194 0.80 0.77
20170905 31370 31810 31200 31800 19106 60278875 1.95 1.59 1.60 10163 8942 1.14 0.48
20170904 30900 31350 30900 31300 15920 49574946 1.45 1.49 1.10 9895 6025 1.64 1.76
20170901 30800 31110 30600 30960 8608 26589317 1.66 0.86 0.49 5497 3110 1.77 0.95
20170831 31030 31170 30600 30810 8702 26840643 1.83 0.88 -0.87 5018 3684 1.36 0.96
20170830 31330 31420 31020 31080 11951 37202695 1.27 1.31 -1.11 9135 2816 3.24 1.32
20170829 31220 31690 31220 31430 15001 47262588 1.51 1.74 0.70 9559 5442 1.76 1.66
20170828 30930 31230 30900 31210 9053 28169073 1.07 0.95 1.23 4254 4799 0.89 1.00
20170825 30350 30890 30350 30830 5469 16821982 1.78 0.51 1.35 2060 3409 0.60 0.61
20170824 30870 30870 30280 30420 8197 25036193 1.91 0.68 -1.49 5385 2812 1.92 0.91
20170823 31020 31280 30830 30880 7844 24282151 1.44 0.52 -0.90 5487 2357 2.33 0.87
20170822 31380 31540 30880 31160 12544 39018073 2.09 0.89 -1.27 8480 4064 2.09 1.39
20170821 32000 32080 31340 31560 13412 42336168 2.32 1.03 -1.25 9003 4409 2.04 1.49
20170818 31920 32240 31730 31960 12040 38400755 1.60 0.97 0.19 7287 4753 1.53 1.33
20170817 32200 32200 31800 31900 14128 45110696 1.24 1.12 -1.45 9647 4481 2.15 1.57
20170816 30890 32860 30760 32370 22645 71896827 6.73 2.28 3.78 11500 11145 1.03 2.51
20170815 30800 31210 30750 31190 8133 25213596 1.49 0.68 0.91 4457 3676 1.21 0.90
20170814 30270 31080 30200 30910 8080 24922936 2.90 0.66 1.91 4071 4009 1.02 0.90
20170811 30630 30880 30100 30330 8792 26920772 2.54 0.65 -1.11 4951 3841 1.29 0.97
20170810 31370 31770 30600 30670 15277 47360709 3.70 1.08 -3.04 9922 5355 1.85 1.69
20170809 31500 31780 31200 31630 9334 29379425 1.84 0.51 0.41 4565 4769 0.96 1.03
20170808 32100 32650 31220 31500 18008 57415399 4.47 0.69 -1.62 11257 6752 1.67 2.00
20170807 31610 32250 31610 32020 9776 31298799 2.01 0.30 0.76 5172 4604 1.12 1.08
20170804 32600 32820 31720 31780 15390 49516430 3.39 0.50 -2.00 9940 5451 1.82 1.71
20170803 32610 33600 32400 32430 18058 59341547 3.64 0.62 -1.61 10704 7354 1.46 2.00
20170802 33380 33660 32310 32960 29883 98220428 4.04 1.22 -1.38 16120 13763 1.17 3.31
20170801 33020 34850 33020 33420 57912 196105391 5.55 4.08 1.30 29849 28063 1.06 6.42
20170731 29900 32990 29820 32990 41863 133741232 10.57 4.85 10.00 15358 26505 0.58 4.64
20170728 30200 30250 29920 29990 5849 17578115 1.10 0.64 -0.33 3294 2555 1.29 0.65
20170727 29300 30210 29240 30090 10344 30821739 3.30 1.17 2.45 4648 5697 0.82 1.15
20170726 29510 29680 29230 29370 6444 18939094 1.52 0.70 -0.78 3926 2518 1.56 0.71
20170725 29700 29830 29460 29600 6396 18922101 1.24 0.68 -0.40 3515 2881 1.22 0.71
20170724 29300 29780 29200 29720 14117 41553490 1.97 1.43 0.95 7831 6286 1.25 1.56
20170721 29500 29780 29210 29440 8741 25737377 1.93 0.93 -0.17 4524 4217 1.07 0.97
20170720 29560 29810 29400 29490 8592 25428224 1.39 0.97 0.20 4511 4081 1.11 0.95
20170719 28990 29490 28810 29430 8363 24394387 2.34 0.92 1.38 3592 4771 0.75 0.93
20170718 29000 29290 28690 29030 7353 21323544 2.06 0.79 -0.55 4012 3341 1.20 0.82
20170717 30470 30470 28330 29190 16309 47538361 7.02 1.92 -4.26 8297 8012 1.04 1.81
20170714 30700 30820 30420 30490 6336 19386207 1.30 0.70 -0.68 3928 2408 1.63 0.70
20170713 31050 31050 30660 30700 5965 18340057 1.26 0.61 -1.13 3681 2284 1.61 0.66
20170712 31020 31190 30380 31050 9437 29001771 2.61 1.04 0.06 5330 4107 1.30 1.05
20170711 31560 31560 31020 31030 8518 26618566 1.71 0.97 -1.68 5506 3012 1.83 0.94
20170710 31930 31940 31200 31560 12322 38829809 2.31 1.57 -1.38 8345 3978 2.10 1.37
20170707 31800 32020 31670 32000 9268 29498673 1.10 1.27 0.66 4629 4640 1.00 1.03
20170706 32080 32100 31550 31790 9348 29735769 1.72 1.31 -0.47 5861 3488 1.68 1.04
20170705 31840 31980 31760 31940 5741 18293545 0.69 0.82 0.47 3255 2486 1.31 0.64
20170704 32320 32500 31700 31790 7361 23517687 2.49 1.09 -1.06 5136 2225 2.31 0.82
20170703 31900 32200 31680 32130 7596 24212759 1.62 1.12 0.37 3438 4159 0.83 0.84
20170630 31790 32100 31650 32010 6470 20615704 1.42 0.84 0.66 2658 3812 0.70 0.72
20170629 32070 32190 31700 31800 8586 27438706 1.54 1.19 -0.34 5172 3414 1.51 0.95
20170628 32380 32470 31890 31910 5119 16426647 1.79 0.69 -1.45 3037 2082 1.46 0.57
20170627 32550 32750 32300 32380 5880 19102328 1.38 0.75 -0.61 3325 2555 1.30 0.65
20170626 32190 32750 31840 32580 7799 25155787 2.82 0.96 0.93 3471 4328 0.80 0.86
20170623 32370 32680 31290 32280 11293 36030218 4.29 1.58 -0.34 6344 4949 1.28 1.25
20170622 32890 33000 32350 32390 6033 19769252 1.98 0.78 -1.49 3247 2785 1.17 0.67
20170621 32920 33200 32630 32880 6044 19832729 1.73 0.74 0.00 3222 2823 1.14 0.67
20170620 33020 33410 32790 32880 8037 26641704 1.87 0.97 -1.05 4460 3578 1.25 0.89
20170619 32900 33300 32630 33230 9012 29836437 2.05 1.18 1.62 3188 5824 0.55 1.00
20170616 33030 33150 32580 32700 6669 21928066 1.73 0.88 -0.97 4411 2258 1.95 0.74
20170615 32710 33330 32560 33020 9120 30053632 2.35 1.20 0.95 4374 4746 0.92 1.01
20170614 32580 32860 32340 32710 7906 25754121 1.60 1.01 0.46 3649 4257 0.86 0.88
20170613 31520 32800 31400 32560 8713 28167744 4.43 1.18 2.97 3435 5278 0.65 0.97
20170612 32340 32340 31610 31620 5887 18802050 2.26 0.75 -2.32 3564 2322 1.53 0.65
20170609 32440 32480 32010 32370 6256 20154008 1.45 0.75 -0.22 3437 2819 1.22 0.69
20170608 32730 32870 32200 32440 9280 30092064 2.05 1.18 -0.89 5030 4250 1.18 1.03
20170607 32340 32800 32340 32730 9115 29740688 1.42 1.10 1.27 3969 5146 0.77 1.01
20170606 31980 32390 31980 32320 6399 20661820 1.28 0.77 0.87 2601 3798 0.68 0.71
20170605 31880 32460 31560 32040 8115 26116539 2.86 0.97 1.91 2546 5569 0.46 0.90
20170602 30600 31530 30530 31440 8984 28015707 3.24 1.07 2.01 4684 4300 1.09 1.00
20170601 31660 31660 30500 30820 6848 21320053 3.68 0.72 -2.16 3901 2947 1.32 0.76
20170531 31850 32480 31280 31500 11104 35369441 3.82 1.14 0.35 6753 4351 1.55 1.23
20170526 31570 31790 31210 31390 6746 21247734 1.84 0.70 -0.57 3919 2828 1.39 0.75
20170525 31400 31770 31050 31570 7979 25065394 2.31 0.85 1.22 3922 4057 0.97 0.88
20170524 30550 31400 30290 31190 9425 29266184 3.63 0.96 2.09 3450 5975 0.58 1.04
20170523 31440 31980 30450 30550 12117 37933770 4.83 1.28 -3.63 7556 4561 1.66 1.34
20170522 32410 32780 31030 31700 12430 39480164 5.35 1.50 -3.00 7069 5361 1.32 1.38
20170519 33020 33250 32560 32680 6142 20161809 2.10 0.66 -0.73 3684 2458 1.50 0.68
20170518 33010 33530 32900 32920 6986 23150583 1.89 0.67 -1.38 4149 2836 1.46 0.77
20170517 33290 33660 33000 33380 11263 37622112 1.98 1.14 0.18 6513 4750 1.37 1.25
20170516 32390 33370 32060 33320 10371 33949681 4.06 1.05 3.35 4380 5991 0.73 1.15
20170515 32490 32500 32060 32240 6752 21788163 1.37 0.55 0.12 4023 2729 1.47 0.75
20170512 32780 32780 31990 32200 11279 36329008 2.42 0.96 -1.38 6652 4627 1.44 1.25
20170511 31990 32800 31880 32650 12457 40220751 2.82 1.12 -0.06 5824 6633 0.88 1.38
20170510 33350 33550 32610 32670 8622 28616704 2.82 0.72 -1.83 5074 3548 1.43 0.96
20170509 33150 33500 32620 33280 10282 34063506 2.67 0.65 1.16 4692 5591 0.84 1.14
20170508 34490 34500 32810 32900 18229 61146422 4.87 1.17 -5.11 10101 8128 1.24 2.02
20170505 34840 35160 34600 34670 8880 31026009 1.60 0.36 -0.74 5220 3661 1.43 0.98
20170504 35400 35480 34850 34930 9828 34460393 1.78 0.41 -1.13 6199 3629 1.71 1.09
20170503 35000 35510 34850 35330 12379 43602184 1.89 0.54 1.32 5678 6702 0.85 1.37
20170502 36600 36610 34840 34870 30080 106856473 4.83 1.60 -4.83 19327 10752 1.80 3.33
20170428 36500 36850 36100 36640 16524 60411041 2.04 0.97 -0.41 9229 7295 1.27 1.83
20170427 36900 37460 36100 36790 53037 194027775 3.39 6.54 -8.28 27032 26005 1.04 5.88
20170426 41110 41110 41110 41110 6749 27745139 0.00 0.75 -10.00 84 6665 0.01 0.75
20170425 45510 45960 45460 45680 7601 34747819 1.10 0.82 0.75 4520 3081 1.47 0.84
20170424 45980 46000 45300 45340 10238 46682261 1.53 1.18 -1.13 5517 4721 1.17 1.13
20170421 46260 46260 45450 45860 7823 35848748 1.75 0.81 -0.78 4687 3136 1.49 0.87
20170420 46350 46630 46060 46220 8143 37701433 1.23 0.82 -0.06 4792 3350 1.43 0.90
20170419 45310 46410 45310 46250 11206 51466187 2.42 1.19 1.87 4767 6439 0.74 1.24
20170418 45280 45860 45280 45400 8673 39544527 1.28 0.81 0.27 4228 4445 0.95 0.96
20170417 45500 45850 45110 45280 7709 34982709 1.62 0.63 -0.92 4655 3055 1.52 0.85
20170414 46030 46030 45370 45700 12437 56672084 1.43 1.03 -0.72 7490 4947 1.51 1.38
20170413 46140 46560 45970 46030 9404 43484719 1.28 0.75 -0.26 6362 3043 2.09 1.04
20170412 46770 46770 46020 46150 8893 41239107 1.60 0.64 -1.26 5788 3104 1.86 0.99
20170411 46150 47000 46000 46740 15212 70881968 2.17 1.15 1.43 7361 7852 0.94 1.69
20170410 47310 47340 46000 46080 15336 71297484 2.83 1.05 -2.52 10201 5135 1.99 1.70
20170407 47200 47600 47030 47270 11311 53486514 1.21 0.69 0.04 5634 5676 0.99 1.25
20170406 47450 47650 47190 47250 11746 55603577 0.97 0.59 -0.25 6193 5553 1.12 1.30
20170405 46420 47480 46420 47370 16090 75764047 2.28 0.83 2.09 7501 8590 0.87 1.78
20170331 45720 46470 45720 46400 11674 53981578 1.64 0.57 1.47 6566 5108 1.29 1.29
20170330 46790 46950 45600 45730 22466 103601895 2.89 1.07 -2.08 11966 10500 1.14 2.49
20170329 47500 47500 46670 46700 19914 93417422 1.75 0.85 -1.68 11947 7966 1.50 2.21
20170328 48460 48700 47150 47500 28922 138006154 3.20 0.87 -1.98 15678 13244 1.18 3.21
20170327 48720 48900 48420 48460 14486 70536412 0.99 0.36 -0.37 8618 5868 1.47 1.61
20170324 48590 48970 48340 48640 17397 84769132 1.30 0.38 0.04 9572 7825 1.22 1.93
20170323 49300 49370 48070 48620 24068 117153717 2.64 0.52 -1.24 13491 10577 1.28 2.67
20170322 48560 49300 48100 49230 32263 157487017 2.46 0.74 0.78 16555 15708 1.05 3.58
20170321 50200 50480 48780 48850 78617 387964160 3.25 2.48 -6.56 77624 993 78.20 8.71
20170320 50980 52700 50980 52280 46388 241500966 3.37 1.78 2.55 22909 23479 0.98 5.14
20170317 50700 52850 50700 50980 47950 248383482 4.24 2.46 0.49 22278 25672 0.87 5.32
20170316 49970 50850 49560 50730 27793 139754788 2.60 1.53 2.07 13278 14515 0.91 3.08
20170315 49500 49990 49350 49700 15949 79130093 1.29 0.91 0.00 8002 7947 1.01 1.77
20170314 49260 50180 49170 49700 20403 101468568 2.05 1.24 1.08 10257 10146 1.01 2.26
20170313 49070 49750 48150 49170 18096 89051728 3.25 0.94 -0.12 10225 7871 1.30 2.01
20170310 49250 49400 48910 49230 15345 75524633 1.00 0.76 0.10 7285 8061 0.90 1.70
20170309 48390 49480 48210 49180 21118 103577462 2.63 1.01 1.65 9586 11532 0.83 2.34
20170308 48930 49090 48310 48380 12792 62120704 1.59 0.62 -1.08 8351 4441 1.88 1.42
20170307 48850 49370 48690 48910 15245 74814955 1.39 0.81 0.00 8692 6553 1.33 1.69
20170306 48600 49510 48450 48910 31468 154450981 2.19 2.08 0.95 17935 13532 1.33 3.49
20170303 48120 48650 47950 48450 20375 98399036 1.45 1.45 0.33 11477 8898 1.29 2.26
20170302 47480 48820 47330 48290 25031 120763064 3.14 2.21 1.88 11245 13786 0.82 2.77
20170301 47260 47560 47030 47400 10645 50383057 1.12 0.88 -0.04 6263 4383 1.43 1.18
20170228 47160 47490 47160 47420 6564 31041695 0.70 0.51 0.21 3371 3193 1.06 0.73
20170227 47780 48070 47000 47320 13009 61905446 2.24 1.03 -0.82 6921 6088 1.14 1.44
20170224 47170 48080 46940 47710 14856 70827603 2.42 1.25 1.14 7029 7826 0.90 1.65
20170223 47000 47450 46690 47170 11466 53872816 1.61 0.99 -0.21 6319 5147 1.23 1.27
20170222 46700 47450 46490 47270 14758 69247482 2.06 1.29 1.44 6370 8388 0.76 1.64
20170221 46440 46750 46150 46600 10588 49277578 1.30 0.96 0.58 4966 5622 0.88 1.17
20170220 45310 46370 45120 46330 11745 53854708 2.75 1.03 1.96 5053 6692 0.76 1.30
20170217 46280 46390 45380 45440 10854 49654147 2.18 0.94 -1.82 5894 4960 1.19 1.20
20170216 46280 46430 46050 46280 10052 46427968 0.82 0.81 0.41 5340 4711 1.13 1.11
20170215 46230 46800 46000 46090 14174 65824895 1.73 1.09 -0.41 8021 6152 1.30 1.57
20170214 46600 46840 46010 46280 8151 37673910 1.79 0.63 -0.37 5231 2920 1.79 0.90
20170213 45710 46560 45600 46450 13715 63369670 2.10 1.14 1.44 5714 8002 0.71 1.52
20170210 45880 46300 45610 45790 11487 52812685 1.50 1.05 -0.22 6187 5300 1.17 1.27
20170209 45360 46190 45320 45890 14330 65645695 1.91 1.49 0.92 6588 7742 0.85 1.59
20170208 45590 45590 44950 45470 17584 79650630 1.40 2.23 -0.24 7492 10091 0.74 1.95
20170207 45900 45900 45330 45580 7878 35943635 1.24 1.02 -0.68 4836 3042 1.59 0.87
20170206 45840 46160 45510 45890 8917 40854025 1.42 1.18 0.28 4001 4916 0.81 0.99
20170203 46200 46290 45580 45760 5895 27003349 1.54 0.72 -0.76 3900 1995 1.96 0.65
20170126 45560 46150 45560 46110 7833 35962918 1.29 0.88 0.88 4234 3599 1.18 0.87
20170125 45020 45780 44920 45710 8866 40309102 1.91 1.00 1.33 3659 5207 0.70 0.98
20170124 44800 45520 44700 45110 6964 31408371 1.82 0.70 0.33 3300 3664 0.90 0.77
20170123 44950 45860 44500 44960 8219 37131534 3.03 0.50 0.16 4623 3596 1.29 0.91
20170120 43680 44980 43650 44890 9154 40778038 3.02 0.48 2.00 4610 4544 1.01 1.01
20170119 44880 44880 43980 44010 11518 51105831 2.00 0.63 -2.33 5756 5762 1.00 1.28
20170118 45870 45920 45030 45060 8614 39199226 1.94 0.44 -1.89 5719 2894 1.98 0.95
20170117 45850 46120 45250 45930 12097 55236943 1.90 0.65 0.15 6515 5582 1.17 1.34
20170116 44800 46080 43400 45860 40434 181985834 5.93 3.29 1.44 28808 11626 2.48 4.48
20170113 45280 45420 43160 45210 22674 100363382 5.00 2.39 0.09 11421 11253 1.01 2.51
20170112 45030 45440 45020 45170 7813 35289081 0.93 0.81 0.33 3798 4015 0.95 0.87
20170111 46350 46540 45000 45020 13857 63244777 3.32 1.47 -2.83 6334 7523 0.84 1.54
20170110 46250 46830 46120 46330 8053 37421741 1.53 0.84 0.06 4712 3341 1.41 0.89
20170109 46040 46550 46010 46300 9070 41936344 1.16 0.98 -0.47 5168 3902 1.32 1.01
20170106 47380 47380 46500 46520 8600 40222266 1.86 0.95 -1.50 5608 2992 1.87 0.95
20170105 47450 47490 47010 47230 8816 41635684 1.01 1.04 -0.51 5486 3331 1.65 0.98
20170104 46600 47550 46600 47470 12723 60016918 2.03 1.65 1.54 5611 7112 0.79 1.41
20170103 46310 47020 45800 46750 8696 40560472 2.64 1.17 1.04 4435 4262 1.04 0.96
20161230 46770 46790 46010 46270 7352 34124790 1.67 0.89 -0.71 4969 2382 2.09 0.81
20161229 46550 46840 46350 46600 7503 35009592 1.05 0.93 0.19 2659 4844 0.55 0.83
20161228 46570 47030 46440 46510 6286 29403273 1.26 0.71 -0.53 3498 2788 1.25 0.70
20161227 46480 47110 46230 46760 8714 40790041 1.89 0.96 0.60 4607 4107 1.12 0.97
20161226 45410 46490 45410 46480 7456 34368394 2.35 0.81 1.31 3211 4245 0.76 0.83
20161223 46760 46850 45580 45880 11223.07 51693249.000
20161222 46900 46900 46500 46770 6595.27 30829553.000
20161221 46480 47180 46480 46650 10290.44 48082835.000
20161220 46460 46780 46330 46440 9686.18 45071330.000
20161219 47260 47260 46400 46550 8479.91 39511340.000
20161216 46470 47260 46400 46920 9546.35 44772747.000
20161215 45650 46870 45650 46580 14324.96 66644979.000
20161214 45830 46370 45510 45760 14736.42 67709873.000
20161213 45200 46200 44910 45910 15147.66 68886323.000
20161212 48000 48390 45300 45410 29017.82 134824542.000
20161209 48370 48990 48050 48230 13900.89 67406408.000
20161208 49300 49300 48300 48370 13911.07 67927747.000
20161207 48550 49300 48520 49100 12847.77 62908284.000
20161206 48700 49010 48500 48750 12615.83 61555424.000
20161205 48010 48890 47800 48500 14134.79 68412212.000
20161202 49970 50050 48250 48380 25959.94 127227912.000
20161201 50280 50380 49800 50000 14241.13 71166486.000
20161130 49860 50400 49680 50000 13949.18 69782689.000
20161129 50180 50690 49790 49860 16595.01 83441838.000
20161128 50750 51000 50080 50200 16987.40 85666022.000
20161125 50900 51120 49000 50690 29634.31 148642490.000
20161124 51530 51860 50530 50960 24795.81 127392564.000
20161123 52240 52600 51380 51540 33984.43 176303404.000
20161122 52390 53180 52080 52560 51161.42 269277348.000
20161121 52000 52710 51720 52420 38735.37 202460023.000
20161118 50750 52300 50750 51380 32277.57 166826066.000
20161117 51600 51760 50500 50690 29745.22 151139091.000
20161116 52040 52540 51710 51760 23135.61 120620310.000
20161115 51850 52540 51500 51960 29807.94 154760936.000
20161114 52850 53740 51880 52140 52793.71 277227618.000
20161111 49900 54700 49820 52780 91588.54 481849578.000
20161110 48650 49950 48500 49810 36861.09 181965276.000
20161109 49650 49730 47600 48200 37150.25 180580524.000
20161108 49190 49950 49140 49540 22154.05 109947772.000
20161107 49740 49830 48800 48980 22663.84 111668337.000
20161104 48860 50000 48600 49500 45168.76 223819123.000
20161103 48760 49200 48550 48860 28488.99 139448468.000
20161102 48710 49450 48430 48780 33694.97 164800323.000
20161101 47150 48950 47050 48740 50616.07 245562279.000
20161031 46960 47240 46530 47180 15877.45 74396763.000
20161028 47250 47250 46760 46910 12945.87 60809064.000
20161027 46990 47250 46780 47080 14213.70 66854367.000
20161026 47500 47780 46700 46850 23632.22 111258117.000
20161025 47510 48030 47280 47750 17329.18 82619776.000
20161024 47640 47890 47090 47580 24592.22 116508865.000
20161021 48670 48840 47200 47630 32473.48 155416758.000
20161020 48560 48860 48000 48670 26486.58 128382972.000
20161019 49390 49390 48860 49190 18778.23 92146561.000
20161018 48480 49490 48260 49380 29470.41 144046686.000
20161017 47820 49360 47820 48460 46586.32 227478601.000
20161014 47200 47880 47200 47680 20146.37 95844813.000
20161013 47430 47800 47260 47320 11497.89 54520425.000
20161012 47710 47830 47260 47300 21171.48 100545402.000
20161011 47370 48170 47350 48000 21797.01 104025463.000
20161010 46850 47720 46620 47370 20696.17 97752218.000
20160930 46610 46940 46520 46650 6794.49 31751583.000
20160929 46800 47100 46630 46700 9093.09 42572546.000
20160928 46770 47070 46360 46760 10156.05 47408408.000
20160927 46400 46780 46000 46770 15937.13 73830704.000
20160926 47800 48060 46310 46380 16484.02 77686671.000
20160923 47700 48160 47340 47960 16298.40 78087691.000
20160922 47450 47890 47100 47470 15681.61 74603290.000
20160921 46680 47460 46680 47060 11801.58 55631983.000
20160920 47470 47470 46620 46760 9277.91 43519409.000
20160919 46900 47680 46900 47150 9960.60 46994010.000
20160914 46880 47060 46700 46860 8181.91 38334274.000
20160913 47220 47320 46660 46850 10910.45 51217964.000
20160912 47330 47720 46700 46820 22794.55 107394095.000
20160909 48850 49250 48600 48620 12968.67 63316164.000
20160908 48580 49380 48580 48970 14598.00 71494938.000
20160907 49310 49550 48560 48580 17019.75 83589422.000
20160906 47800 49420 47380 49340 24335.53 117663074.000
20160905 47890 48030 47500 47710 11911.31 56899585.000
20160902 48980 49070 47220 47760 21544.15 103472753.000
20160901 49110 49430 48790 48880 12417.21 60908035.000
20160831 49720 49750 48860 49250 13579.21 66730136.000
20160830 49010 49790 48850 49610 16696.93 82562741.000
20160829 48890 49340 48500 49000 10350.33 50696853.000
20160826 49500 49860 48780 48960 21048.81 103991011.000
20160825 49040 49440 48660 49340 13649.67 66799280.000
20160824 49400 49730 48980 49320 13316.20 65619249.000
20160823 49150 49850 49090 49410 14467.41 71416335.000
20160822 51210 51210 49030 49270 39180.56 195062785.000
20160819 51700 52180 51300 51350 19673.65 101529739.000
20160818 52400 52400 51280 51450 32360.54 167047006.000
20160817 50850 52890 50510 51980 46223.71 239359968.000
20160816 50310 50980 49680 50860 23826.10 119806705.000
20160815 48830 50400 48500 50290 33852.49 168032616.000
20160812 47300 49050 47200 48830 21515.82 104117715.000
20160811 48500 48980 47160 47290 16784.32 80645975.000
20160810 48110 49240 48110 48810 17827.40 87115185.000
20160809 48060 48420 47780 48380 14994.58 72043217.000
20160808 46890 48380 46610 48060 18647.93 88915727.000
20160805 47610 47790 47060 47130 15594.17 73797839.000
20160804 46900 47900 46660 47720 20692.14 98088681.000
20160803 46810 47460 46290 46900 14508.82 68084136.000
20160802 47300 47350 46510 46930 14317.92 67043294.000
20160801 46250 47450 45500 47030 23592.43 109496485.000
20160729 46160 47160 46030 46810 25883.69 120751062.000
20160728 45210 46440 45180 46220 27312.94 125025322.000
20160727 48600 48660 45010 45630 40706.00 188897783.000
20160726 47620 48480 47300 48410 20240.59 97142965.000
20160725 47600 48550 47020 47420 35081.81 166929880.000
20160722 49410 50580 47870 48070 53985.98 266287210.000
20160721 49500 49980 48700 49380 26247.11 129402315.000
20160720 49450 51390 49450 49690 40538.16 204298320.000
20160719 49000 49800 48920 49700 16986.79 84052897.000
20160718 50000 50000 49050 49200 21668.27 107362424.000
20160715 50890 51880 50470 50490 29916.64 152894970.000
20160714 50390 50980 49810 50540 18354.97 92621646.000
20160713 50380 51230 50130 50720 23790.53 120538832.000
20160712 49940 50880 48680 50490 36830.85 183147815.000
20160711 52000 52550 50160 50290 44019.10 226522687.000
20160708 53000 53130 51700 52260 34422.62 179877973.000
20160707 53050 53580 52180 52850 39280.58 207115444.000
20160706 53890 53890 52330 53080 43501.88 230504672.000
20160705 52810 55800 52180 54180 68285.43 370921641.000
20160704 51510 53050 51510 52590 37401.16 196292138.000
20160701 52040 53500 52000 52130 33626.25 176812297.000
20160630 53880 54500 51190 52190 62876.15 329551766.000
20160629 54600 56480 53170 54250 53041.90 288871129.000
20160628 54150 54300 52580 54100 56583.83 302886901.000
20160627 51800 54840 51790 54300 81170.56 438056497.000
20160624 48810 54070 48580 52310 122883.07 635647760.000
20160623 49330 49950 48330 49150 45562.55 223732141.000
20160622 50100 51100 47700 50330 89877.54 443651934.000
20160621 53100 53390 49000 49150 96571.29 495051814.000
20160620 50000 54270 49500 53820 119394.96 624152689.000
20160617 51100 51630 48860 49340 77009.07 386637043.000
20160616 53000 53300 50690 51380 92645.28 479776532.000
20160615 48000 53360 47770 53360 117673.46 597898262.000
20160614 48420 49390 46530 48510 80327.33 386212190.000
20160613 49380 50480 47520 48410 104810.72 515100694.000
20160608 51000 52330 49820 50340 126844.04 642809550.000
20160607 46810 49980 45810 48330 136150.68 649039230.000
20160606 42600 45900 42600 45900 156850.06 699131417.000
20160603 37890 41730 37890 41730 107637.55 434844835.000
20160602 37900 38560 37690 37940 26004.81 99043038.000
20160601 37710 38290 37530 38070 24156.83 91417589.000
20160531 36010 37630 36010 37610 27568.73 102300850.000
20160530 35970 36280 35600 35990 10298.89 37034630.000
20160527 35800 36500 35610 36100 13890.14 50279692.000
20160526 35860 36220 35020 35800 18070.17 64295473.000
20160525 36510 36850 35900 35990 18098.61 65880398.000
20160524 36110 36540 35650 36390 20588.18 74411171.000
20160523 35560 36270 35540 36110 15632.21 56324403.000
20160520 34990 35540 34620 35520 13465.45 47488514.000
20160519 34850 35690 34850 35000 11780.44 41628625.000
20160518 35680 35960 34600 34970 17191.52 60383885.000
20160517 36500 36550 35850 36070 12878.24 46608043.000
20160516 35350 36520 35330 36460 13388.93 48152564.000
20160513 35740 36090 35560 35800 13335.00 47740000
20160512 35760 35830 35200 35740 16286.00 57870000
20160511 36920 36920 36020 36070 16965.00 61700000
20160510 36270 36640 36160 36550 13234.00 48180000
20160509 37780 37780 36150 36380 26609.00 98120000
20160506 39430 39450 37800 37840 30299.00 116880000
20160505 39410 39780 38810 39290 33378.00 130990000
20160504 39330 39960 39330 39700 28993.00 114960000
20160503 38210 39740 37900 39600 26060.00 101720000
20160429 38990 38990 37850 38170 18753.00 72010000
20160428 40320 40650 39010 39600 25470.00 100900000
20160427 39740 40980 39740 40230 31947.00 129220000
20160426 38600 39780 38500 39740 21317.00 83240000
20160425 38000 38610 37830 38570 15519.00 59460000
20160422 37630 38230 37420 38190 15094.00 57300000
20160421 38150 38430 37800 37860 22377.00 85430000
20160420 40080 40460 37620 38190 37992.00 147110000
20160419 40250 40440 39600 40140 17653.00 70610000
20160418 40960 40960 39870 40000 28326.00 113870000
20160415 40700 41570 40380 41170 42831.00 176100000
20160414 40150 40660 39920 40590 26556.00 107000000
20160413 39890 40960 39800 39810 42017.00 169560000
20160412 39990 40400 39300 39670 23692.00 94030000
20160411 39400 40580 39220 40100 39574.00 158290000
20160408 38430 39010 38400 38990 23243.00 89970000
20160407 39800 40080 38750 38820 27474.00 108160000
20160406 39540 40180 39310 39850 29736.00 118430000
20160405 38310 39800 38300 39500 39996.00 157160000
20160401 38410 38410 37560 38180 22741.00 86290000
20160331 38670 39140 38280 38420 32477.00 125840000
20160330 38000 38930 37810 38740 40572.00 155740000
20160329 38800 38800 37320 37590 32255.00 121990000
20160328 40500 40500 38600 38830 85624.00 340590000
20160325 39600 41380 39200 41330 58677.00 237050000
20160324 39050 40320 38660 39760 47974.00 190500000
20160323 38420 39360 38420 39210 37563.00 146550000
20160322 38390 38990 38110 38620 32154.00 124270000
20160321 38630 38650 38120 38600 39891.00 153220000
20160318 36990 38770 36800 38000 36667.00 138960000
20160317 35800 36960 35530 36710 23860.00 86700000
20160316 36970 37250 35580 35770 25923.00 94260000
20160315 37270 37690 36160 36970 29705.00 109250000
20160314 36200 38000 36200 37310 25165.00 94060000
20160311 35380 36200 35020 35940 11179.00 39870000
20160310 35520 36100 35370 35450 10164.00 36340000
20160309 35560 36180 35020 35500 10714.00 38100000
20160308 36200 36480 34780 36300 14054.00 49890000
20160307 35330 36590 35330 36040 11663.00 42210000
20160304 36490 36490 34760 35230 18203.00 64650000
20160303 36480 37000 36200 36420 22013.00 80530000
20160302 34760 36540 34460 36470 29443.00 104830000
20160301 33400 35170 33100 34670 25538.00 87600000
20160229 35620 35690 32780 33310 21097.00 70780000
20160226 35830 36300 34920 35740 20875.00 74340000
20160225 39400 39400 35420 35450 38243.00 141330000
20160224 40300 40300 38400 39350 30125.00 118590000
20160223 39080 40450 38700 40410 40814.00 163110000
20160222 38550 39150 38550 39080 21487.00 83480000
20160219 38510 38980 37610 38270 26655.00 102320000
20160218 38500 39560 38500 38890 33629.00 131670000
20160217 38070 38970 37910 38810 43734.00 167720000
20160216 37310 38900 37300 38670 22611.00 86930000
20160215 36000 37880 35970 37360 13182.00 48700000
20160205 37800 38880 37510 37730 10550.00 39960000
20160204 37950 38650 37700 38170 16353.00 62550000
20160203 37570 37990 37000 37930 20201.00 75850000
20160202 35280 39480 35280 38170 46935.00 176800000
20160201 34980 37330 34880 35890 38003.00 137840000
20160129 32080 34000 32080 33940 30040.00 100850000
20160128 32600 33640 32150 32500 20737.00 68640000
20160127 33000 33220 31000 32980 21438.00 69210000
20160126 35100 35430 32600 32800 26506.00 89760000
20160125 36500 36550 35440 35670 14722.00 53060000
20160122 35760 36500 34700 35960 17845.00 63540000
20160121 37000 38000 35440 35570 18857.00 69740000
20160120 37800 38700 37130 37670 18060.00 68450000
20160119 37270 38390 36680 38290 23889.00 90050000
20160118 36880 37890 36180 37270 26208.00 98020000
20160115 39400 39620 36880 37260 23017.00 88540000
20160114 37600 39740 37300 39610 28206.00 109930000
20160113 39890 40140 38380 38630 15538.00 61170000
20160112 38700 40390 38000 39610 32004.00 126290000
20160111 38320 39480 37150 38820 37463.00 143410000
20160108 41200 41950 38000 39890 33756.00 137310000
20160107 43500 43500 40040 40070 8949.00 37200000
20160106 43900 44550 43000 44490 26422.00 115910000
20160105 42710 45480 40510 43500 43487.00 189490000
20160104 49990 50090 44990 44990 32117.00 152680000
20151231 48950 51220 48530 49990 61849.00 308690000
20151230 47990 48990 47760 48680 25702.00 124330000
20151229 46820 47940 46330 47920 30415.00 143400000
20151228 48470 49850 46030 46610 47220.00 227580000
20151225 46860 48670 46860 48450 46176.00 221340000
20151224 46180 46840 45270 46770 22307.00 102990000
20151223 46500 47260 45860 46160 31844.00 148670000
20151222 46200 46820 45710 46550 26065.00 120800000
20151221 45000 45810 44710 45790 20072.00 91110000
20151218 46200 46650 45180 45230 23823.00 108900000
20151217 45370 46500 45240 46340 33380.00 153360000
20151216 45500 45660 44750 44950 19166.00 86580000
20151215 44300 45500 43510 45210 21305.00 95800000
20151214 42750 44180 42380 44130 18657.00 80680000
20151211 43100 43450 42720 42800 15289.00 65930000
20151210 43190 43940 42900 43100 26767.00 116240000
20151209 44190 44450 42680 43080 30537.00 132710000
20151208 45530 45880 44130 44190 28285.00 127200000
20151207 46280 46300 45180 45950 32997.00 150520000
20151204 46450 47200 45350 46130 40531.00 187380000
20151203 44530 47000 44530 46900 45361.00 207690000
20151202 45680 46190 42030 44370 35182.00 156460000
20151201 45120 47000 44700 46300 58980.00 272220000
20151130 43510 45280 41060 45090 52640.00 230000000
20151127 45180 46700 43610 43850 55666.00 250880000
20151126 45380 46880 45120 45580 40525.00 186130000
20151125 45140 46380 44990 45300 44339.00 201950000
20151124 43000 45200 42800 45140 45704.00 201780000
20151123 43390 44090 42730 42990 31064.00 134860000
20151120 42680 43680 42320 43290 32969.00 141760000
20151119 41810 42680 41050 42660 26668.00 112100000
20151118 43010 43450 41400 41530 34371.00 145680000
20151117 43820 45000 42680 43170 43070.00 188740000
20151116 41750 43780 41380 43490 36661.00 157400000
20151113 44910 45380 42000 42820 59596.00 261240000
20151112 43550 47270 43460 45870 68968.00 310280000
20151111 41550 43200 41010 43090 59582.00 252060000
20151110 41920 42210 40840 41720 43593.00 181970000
20151109 40960 43000 40750 42230 54402.00 228330000
20151106 40440 41410 40000 41220 41500.00 170210000
20151105 41150 42190 40010 40420 63154.00 257550000
20151104 39520 41990 38800 41440 66907.00 267830000
20151103 37900 39520 37900 39130 51983.00 201680000
20151102 36800 39250 36500 37920 51525.00 195830000
20151030 37870 38380 36720 37710 41856.00 157630000
20151029 37000 38030 36500 37850 45720.00 171190000
20151028 36210 38070 36040 36730 50888.00 189690000
20151027 36960 37200 34090 36750 48266.00 173040000
20151026 36840 37580 35700 37050 46360.00 169700000
20151023 35380 36690 34880 36310 44106.00 156900000
20151022 33890 35080 33850 35050 36973.00 127750000
20151021 36800 36870 33580 33840 50161.00 176680000
20151020 35950 36670 35720 36580 31981.00 116170000
20151019 36900 37580 35600 36180 46418.00 169960000
20151016 36740 37240 35710 36790 47804.00 174660000
20151015 34970 36760 34960 36690 45299.00 163800000
20151014 35100 36300 34900 35260 50092.00 177500000
20151013 35340 35710 34770 35370 43418.00 153230000
20151012 34410 35660 34300 35330 53199.00 186700000
20151009 33110 34390 32890 34000 40304.00 135620000
20151008 32610 33630 32360 33090 46925.00 154970000
20150930 31080 31750 30700 31420 26062.00 81650000
20150929 30700 30970 30400 30760 23117.00 71020000
20150928 30770 31350 30140 31320 24298.00 75120000
20150925 31800 32100 29620 30500 47934.00 147470000
20150924 31770 32860 31600 32090 39656.00 127450000
20150923 30900 32500 30700 31790 49754.00 157140000
20150922 31400 32100 31110 31590 45437.00 143850000
20150921 29670 31970 28880 31620 47390.00 145290000
20150918 29250 29900 28900 29660 35292.00 103800000
20150917 30000 31080 28770 28880 59558.00 179770000
20150916 27900 30210 27170 30090 49152.00 141240000
20150915 28500 28860 27010 27460 48500.00 134830000
20150914 32560 32610 29350 29350 53803.00 164630000
20150911 32000 32860 31800 32610 39533.00 127890000
20150910 32510 32990 31760 31810 57315.00 185640000
20150909 31290 33770 31020 33450 87025.00 281270000
20150908 28780 31470 28500 31150 60736.00 182170000
20150907 28600 30100 28580 28860 50807.00 148390000
20150902 27020 30380 27010 27710 59096.00 167900000
20150901 32000 32000 29210 29210 84629.00 251020000
20150831 35500 35500 32390 32450 57930.00 196900000
20150828 33740 36070 33200 35990 77948.00 268090000
20150827 33500 34320 30000 33790 75231.00 244170000
20150826 35200 36880 32300 32690 92206.00 316750000
20150825 35100 36870 35100 35100 86614.00 305230000
20150824 41880 41880 39000 39000 29084.00 114980000
20150821 45060 45780 42000 43330 30520.00 134310000
20150820 45040 47920 44450 46300 63607.00 294490000
20150819 40330 45030 40100 45030 51020.00 218610000
20150818 44520 44630 40410 40940 38014.00 163550000
20150817 45400 45500 43000 44660 24599.00 109310000
20150814 45780 45860 44900 45470 31071.00 141190000
20150813 44610 45570 44200 45470 28979.00 130080000
20150812 44580 47060 44320 44860 42092.00 192400000
20150811 45820 45820 44460 44960 42977.00 193940000
20150810 43700 45880 43600 45600 44867.00 201090000
20150807 42410 43650 42210 43590 36633.00 158240000
20150806 41800 42750 41450 42060 26467.00 110960000
20150805 43500 43990 42200 42900 39573.00 170820000
20150804 41030 44090 41030 44070 49417.00 212330000
20150803 41000 42100 39600 41460 27722.00 113360000
20150731 41580 42750 40800 42090 26536.00 110660000
20150730 43000 45570 42160 42610 37771.00 166840000
20150729 41500 44010 39790 43740 35759.00 148730000
20150728 40570 43780 40550 40640 43485.00 179330000
20150727 49000 49400 45060 45060 31448.00 149510000
20150724 51500 52240 49930 50070 41624.00 213370000
20150723 49130 52630 48060 51900 52453.00 267130000
20150722 48860 50000 47150 49180 38190.00 186590000
20150721 48280 50280 46720 48850 37655.00 180760000
20150720 51000 51190 47900 48390 27906.00 137640000
20150717 47650 50940 47220 49720 27845.00 137060000
20150716 45800 49000 44350 47850 26433.00 123440000
20150715 51000 51000 48080 49150 30334.00 148270000
20150714 54000 56470 52110 53420 38343.00 209120000
20150713 52140 52140 50920 52140 26685.00 138990000
20150707 48350 50870 47400 47400 6483.00 30980000
20150706 60440 60440 49810 52670 39323.00 208590000
20150703 58470 58870 54020 55340 28552.00 157810000
20150702 61010 63210 56930 60020 31136.00 184910000
20150701 65000 68490 63000 63250 32137.00 213650000
20150630 61000 66000 56810 65190 35467.00 220960000
20150629 63590 64690 56650 62650 43788.00 265960000
20150626 63100 63860 58820 62940 30367.00 184420000
20150625 66850 67000 63600 65350 26231.00 170960000
20150624 70000 71450 65000 67530 38428.00 258390000
20150623 64660 68980 64000 68900 33423.00 224170000
20150619 65960 66770 61600 64430 22945.00 147470000
20150618 70100 73490 67470 68240 27228.00 190820000
20150617 65200 72000 64500 71630 52537.00 366650000
20150616 62000 67990 59810 66020 51640.00 332240000
20150615 64010 65280 60700 61810 31667.00 198380000
20150612 65410 66380 63680 63960 32965.00 212920000
20150611 65080 67910 65030 66270 33760.00 224070000
20150610 63950 66300 63020 65990 49457.00 323230000
20150609 64980 67000 62700 65230 47083.00 304780000
20150608 62660 66000 58450 64980 80675.00 504210000
20150605 62290 62290 62290 62290 10167.00 63330000
20150513 56690 57370 54890 57080 46626.00 259700000
20150512 55230 57060 54710 56690 39965.00 224860000
20150511 54680 55700 54300 55150 42848.00 235790000
20150508 52560 54500 52220 54490 26220.00 139970000
20150507 52000 53190 51010 52070 20949.00 109370000
20150506 53500 53790 51500 52040 37680.00 198200000
20150505 56060 56760 52650 53400 36238.00 197670000
20150504 56000 57490 55510 56830 34899.00 198110000
20150430 56190 58770 56000 56380 41683.00 239920000
20150429 53850 56680 53000 56350 52091.00 286310000
20150428 55600 55600 53310 54280 39201.00 212660000
20150427 57500 57500 54330 54400 47775.00 265560000
20150424 53130 56460 53020 55020 54637.00 300500000
20150423 53750 54750 53020 54160 58298.00 313660000
20150422 51970 54870 50540 54520 115040.00 603610000
20150421 46600 51050 46600 51050 115699.00 568250000
20150420 46250 46980 45580 46410 52511.00 242930000
20150417 46710 47940 46600 46710 63128.00 298140000
20150416 44010 46630 43500 46340 59380.00 271190000
20150415 46080 46080 44140 44260 39779.00 178500000
20150414 47050 47100 45980 46050 49853.00 231520000
20150413 45930 47250 45880 47200 70608.00 330570000
20150410 44280 46000 44010 45920 62018.00 278870000
20150409 45800 46630 44440 45610 45514.00 207400000
20150408 47370 47380 45450 45850 58238.00 268930000
20150407 46530 47290 45900 47160 62780.00 292640000
20150403 45010 46590 44760 46390 64866.00 297040000
20150402 45020 45290 44710 45150 36371.00 163570000
20150401 44610 45050 44200 44940 32717.00 146250000
20150331 45120 45440 44680 44720 37388.00 168410000
20150330 45020 45500 44740 45110 43308.00 194870000
20150327 44110 46850 44110 45480 83100.00 380040000
20150326 43110 44020 43000 44000 50363.00 219860000
20150325 43150 43840 42610 43660 48786.00 212050000
20150324 44000 44000 42390 43130 49178.00 212430000
20150323 43160 44360 43160 44000 46560.00 203780000
20150320 43370 43770 43020 43160 28704.00 124190000
20150319 43820 43980 43090 43390 35717.00 155220000
20150318 43400 44000 43210 43980 43278.00 188680000
20150317 43550 43790 43010 43400 43812.00 190060000
20150316 42690 43680 42560 43530 42865.00 184740000
20150313 41680 42700 41680 42300 26160.00 110390000
20150312 43700 43700 41430 42210 55775.00 236290000
20150311 44060 44570 43690 43790 57716.00 254150000
20150310 41880 45560 41580 44690 112419.00 498050000
20150309 42960 42960 40900 41990 41483.00 173480000
20150306 41110 44550 40990 42870 95577.00 410200000
20150305 39700 40990 39420 40960 50596.00 203600000
20150304 39000 39500 38930 39470 15340.00 60260000
20150303 39500 39500 39070 39100 21371.00 83750000
20150302 39410 39780 39240 39730 16542.00 65340000
20150227 39090 39410 38880 39340 14534.00 57040000
20150226 38360 39030 38360 38990 8035.00 31070000
20150225 38910 39100 38330 38360 8595.00 33290000
20150217 39140 39250 38800 38900 10039.00 39090000
20150216 38480 39040 38480 39020 11131.00 43250000
20150213 38380 38810 38220 38450 12319.00 47520000
20150212 37730 38120 37700 38000 8902.00 33750000
20150211 37380 37940 37380 37590 8617.00 32400000
20150210 37480 37640 37030 37380 9861.00 36800000
20150209 37710 37710 37300 37500 7815.00 29290000
20150206 38780 38780 37550 37690 14367.00 54610000
20150205 39520 39710 38760 38780 10336.00 40560000
20150204 39540 39870 39210 39240 11483.00 45390000
20150203 38690 39600 38690 39480 13224.00 51890000
20150202 39000 39000 38540 38630 8435.00 32640000
20150130 39710 39840 39020 39050 11758.00 46240000
20150129 39700 39960 39400 39600 12162.00 48200000
20150128 39440 40200 39210 39960 22831.00 91290000
20150127 39700 39750 39030 39380 15745.00 62030000
20150126 39500 39780 39220 39720 14263.00 56360000
20150123 40280 40500 39500 39530 21407.00 85350000
20150122 39990 40440 39700 40280 23723.00 95150000
20150121 40090 40300 39570 39950 29617.00 118020000
20150120 38550 40150 38250 40030 44710.00 176210000
20150119 37840 38980 37280 38070 28503.00 109510000
20150116 37540 38150 37420 38040 15512.00 58800000
20150115 37210 37900 37210 37540 10947.00 41130000
20150114 37580 37830 36980 37140 16157.00 60280000
20150113 37300 37880 37190 37760 11355.00 42630000
20150112 38190 38190 37150 37250 15508.00 58080000
20150109 38670 38910 38200 38280 15374.00 59320000
20150108 38840 39190 38800 38830 12690.00 49440000
20150107 39470 39470 38750 39010 14670.00 57140000
20150106 38500 39500 38440 39470 20977.00 82120000
20150105 38120 38890 38110 38780 15291.00 59000000
20141231 38040 38300 37710 38180 9643.00 36670000
20141230 37970 38480 37910 38040 9785.00 37340000
20141229 38900 38900 37800 37970 14286.00 54310000
20141226 38950 39080 38700 38860 11508.00 44660000
20141225 39460 39600 38530 38980 17889.00 69590000
20141224 38550 39380 38520 39240 19471.00 75980000
20141223 37110 39470 37110 38210 26901.00 103780000
20141222 40080 40080 37100 37110 34201.00 129620000
20141219 41700 41750 40010 40090 29558.00 119680000
20141218 41380 42060 41090 41590 18670.00 77740000
20141217 42550 42550 41240 41480 24209.00 101000000
20141216 42670 42850 42200 42270 15514.00 65730000
20141215 42300 42920 42030 42740 19413.00 82450000
20141212 42480 42480 42020 42410 16217.00 68450000
20141211 42240 42480 41710 42450 18124.00 76560000
20141210 41330 42330 41330 42180 19519.00 81840000
20141209 43010 43100 41210 41330 44488.00 187520000
20141208 42890 43470 42460 43320 27731.00 118830000
20141205 44550 44550 42880 43020 49140.00 213320000
20141204 44380 44630 43500 44390 35293.00 156210000
20141203 44480 44700 43800 44360 36758.00 162120000
20141202 43640 44870 43610 44590 39903.00 177470000
20141201 44130 44150 43350 43620 28585.00 124540000
20141128 44700 44950 43870 44030 34759.00 153940000
20141127 43870 44990 43870 44660 44706.00 199040000
20141126 43400 43830 43280 43670 31598.00 137800000
20141125 44760 45090 43180 43490 60851.00 267060000
20141124 45260 45430 44710 44770 38815.00 174330000
20141121 44710 45480 44520 44980 30664.00 138140000
20141120 44450 45330 44280 44680 27186.00 122040000
20141119 45240 45270 44280 44510 32379.00 144400000
20141118 44740 45590 44490 45340 26855.00 121360000
20141117 44810 45620 44080 44690 35537.00 159670000
20141114 47200 47200 44700 45030 65379.00 297560000
20141113 47100 49300 47000 47510 107792.00 519960000
20141112 44810 48600 44730 48130 110001.00 516760000
20141111 46770 46800 44700 45040 66054.00 300240000
20141110 46430 47500 45620 46640 67501.00 314830000
20141107 44600 48910 44530 46400 142675.00 668130000
20141106 42900 44660 42780 44610 64589.00 284030000
20141105 42400 43360 42180 43060 29080.00 124740000
20141104 43210 43210 42270 42280 32219.00 137320000
20141103 43150 43480 42950 43210 28772.00 124340000
20141031 42120 43550 42120 43230 47820.00 205820000
20141030 42440 42570 42040 42100 26436.00 111560000
20141029 41900 42580 41900 42390 31964.00 135050000
20141028 41150 41880 41150 41860 23422.00 97580000
20141027 42100 42100 40860 40910 27798.00 114270000
20141024 43560 43800 41880 42070 41096.00 175430000
20141023 45290 45380 43510 43540 45672.00 201930000
20141022 45080 46480 45080 45530 62251.00 285070000
20141021 44710 45160 44600 44980 34648.00 155850000
20141020 45180 45180 44530 44750 30263.00 135380000
20141017 44400 45240 44100 45190 63066.00 282060000
20141016 43880 44450 43790 43960 26676.00 117700000
20141015 44290 44350 43820 44160 19449.00 85700000
20141014 44040 44470 43800 44390 24626.00 108600000
20141013 44600 44600 43780 44000 34956.00 153810000
20141010 45000 45000 44660 44730 30078.00 134740000
20141009 45690 45730 45010 45190 33754.00 152950000
20141008 45620 45790 45230 45670 25429.00 115730000
20140930 45270 45780 45270 45620 26923.00 122630000
20140929 44820 45740 44820 45260 30174.00 136690000
20140926 45030 45120 44600 44630 28435.00 127270000
20140925 45930 46290 45020 45130 39920.00 181670000
20140924 44990 46830 44800 45930 66932.00 308200000
20140923 45000 45340 44820 45080 34981.00 157740000
20140922 46400 46500 44530 45000 67425.00 304830000
20140919 46650 46990 46200 46610 35766.00 166640000
20140918 47500 47500 46530 46590 57615.00 269900000
20140917 47660 48380 46510 47830 67582.00 321150000
20140916 50100 50680 47560 47780 130862.00 639240000
20140915 51080 52000 50300 50670 137774.00 700520000
20140912 57310 57310 52000 53180 340019.00 1846910000
20140911 52100 52100 52100 52100 9274.00 48310000
20140910 47360 47360 47360 47360 3630.00 17190000
20140909 43050 43050 43050 43050 1885.00 8110000
20140905 32620 39140 32620 39140 2473.00 9670000
