20200203 14970 14970 14970 14970 4853 7264941 0.00 0.10 -9.98 - 4853 - 0.13
20200123 17950 17990 16240 16630 65838 111991099 9.70 1.58 -7.82 43525 22313 1.95 1.81
20200122 18170 18170 17600 18040 40990 73446192 3.11 0.89 -1.58 22453 18537 1.21 1.13
20200121 18780 18870 18260 18330 38868 71658000
20200120 18910 19040 18750 18900 37816 71293589 1.52 0.49 -0.89 19412 18404 1.05 1.04
20200117 19490 19560 18820 19070 48849 93310784 3.86 0.53 -0.47 27579 21270 1.30 1.34
20200116 18990 19160 18710 19160 42424 80725639 2.36 0.48 0.42 22506 19919 1.13 1.17
20200115 18840 19450 18840 19080 61858 118341898 3.20 0.77 0.05 33947 27911 1.22 1.70
20200114 19580 19660 19050 19070 70023 134427731 3.13 1.00 -2.10 40928 29095 1.41 1.92
20200113 19780 19800 18880 19480 161428 312183904 4.78 3.52 1.14 80763 80666 1.00 4.43
20200110 17580 19260 17580 19260 124337 233678364 9.59 4.05 9.99 57676 66660 0.87 3.42
20200109 17420 17580 17350 17510 21384 37375394 1.33 0.65 1.10 10801 10583 1.02 0.59
20200108 17520 17520 17210 17320 24164 41872518 1.77 0.76 -1.14 16357 7806 2.10 0.66
20200107 17350 17530 17300 17520 20238 35306000
20200106 17440 17490 17170 17400 39283 67916140 1.83 1.25 -0.68 25035 14248 1.76 1.08
20200103 17880 17900 17380 17520 48515 85145689 2.91 1.97 -1.90 34075 14440 2.36 1.33
20200102 18000 18050 17680 17860 31585 56376974 2.09 1.45 0.85 16780 14806 1.13 0.87
20191231 17690 17720 17500 17710 18892 33337286 1.24 0.85 0.11 11196 7697 1.45 0.52
20191230 17390 17880 17260 17690 34159 60264771 3.58 1.42 2.14 15729 18430 0.85 0.94
20191227 17460 17740 17310 17320 24211 42422313 2.47 0.90 -0.40 13772 10439 1.32 0.67
20191226 17440 17440 17220 17390 14403 24940161 1.27 0.47 0.52 7481 6922 1.08 0.40
20191225 17340 17480 17260 17300 17439 30289088 1.27 0.48 -0.40 9481 7958 1.19 0.48
20191224 17230 17460 17130 17370 21354 37032433 1.94 0.55 1.88 10130 11224 0.90 0.59
20191223 17600 17620 17000 17050 42702 73947328 3.47 1.14 -4.54 25980 16721 1.55 1.17
20191220 18040 18160 17800 17860 37884 68258461 1.99 1.03 -1.33 17604 20280 0.87 1.04
20191219 18050 18140 17780 18100 34543 62021464 2.01 0.95 1.17 17413 17129 1.02 0.95
20191218 18250 18310 17850 17890 46830 84583518 2.51 1.34 -2.24 32139 14690 2.19 1.29
20191217 18420 18480 18010 18300 32454 59133446 2.55 0.83 -0.65 19169 13285 1.44 0.89
20191216 18490 18620 18150 18420 36394 66814765 2.55 0.82 -0.11 18578 17816 1.04 1.00
20191213 18380 18800 18350 18440 33732 62448324 2.45 0.65 0.60 18023 15709 1.15 0.93
20191212 18470 18520 18250 18330 31493 57934244 1.47 0.63 -0.33 17405 14088 1.24 0.87
20191211 18380 18580 18200 18390 40324 74316954 2.07 0.85 0.05 18834 21490 0.88 1.11
20191210 18000 18450 18000 18380 53482 97788000
20191209 17860 18280 17810 18100 63194 114020138 2.65 1.90 1.97 33406 29788 1.12 1.74
20191206 17020 17800 16970 17750 69897 122677426 4.86 2.85 3.92 23584 46312 0.51 1.92
20191205 16950 17160 16910 17080 24999 42503860 1.47 1.01 0.12 16123 8877 1.82 0.69
20191204 17140 17580 17010 17060 24919 43043719 3.37 1.05 0.77 13875 11043 1.26 0.68
20191203 16860 17100 16830 16930 17247 29195613 1.59 0.78 -0.41 10527 6720 1.57 0.47
20191202 17100 17260 16910 17000 29111 49537217 2.04 1.37 -0.70 16809 12302 1.37 0.80
20191129 17430 17640 17000 17120 26524 45641449 3.67 1.10 -1.78 17541 8983 1.95 0.73
20191128 17410 17740 17360 17430 25743 45186688 2.18 1.12 0.11 15004 10739 1.40 0.71
20191127 17180 17590 17150 17410 19530 34082578 2.54 0.77 0.69 8279 11251 0.74 0.54
20191126 17230 17400 17110 17290 10250 17691820 1.68 0.33 -0.06 5620 4630 1.21 0.28
20191125 17340 17340 16950 17300 24213 41403416 2.24 0.71 -0.57 15533 8680 1.79 0.67
20191122 17710 17780 17060 17400 40487 70058136 4.08 1.11 -1.42 28104 12383 2.27 1.11
20191121 17610 17750 17510 17650 20398 35893297 1.35 0.42 -0.40 12888 7510 1.72 0.56
20191120 17760 17940 17650 17720 31128 55363015 1.63 0.55 -0.34 18619 12508 1.49 0.86
20191119 17500 17850 17430 17780 38974 69080293 2.40 0.64 1.60 18480 20493 0.90 1.07
20191118 17460 17600 17220 17500 39044 68098061 2.16 0.53 -0.40 21538 17505 1.23 1.07
20191115 17790 17990 17510 17570 53155 94217102 2.68 0.77 -1.73 34429 18726 1.84 1.46
20191114 17210 18000 17210 17880 80972 142966231 4.55 1.33 2.88 38717 42254 0.92 2.22
20191113 17110 17640 17020 17380 71765 124672979 3.60 1.31 1.05 33901 37864 0.90 1.97
20191112 17560 17560 16930 17200 60546 104026927 3.59 1.10 -1.94 37397 23148 1.62 1.66
20191111 17010 17660 16750 17540 99075 172197719 5.35 2.33 3.18 44475 54601 0.81 2.72
20191108 17480 17580 16990 17000 34526 59658326 3.42 0.78 -1.39 19810 14716 1.35 0.95
20191107 17290 17520 17190 17240 38144 66044673 1.93 0.77 0.70 19327 18818 1.03 1.05
20191106 17760 17760 17010 17120 41579 71739693 4.26 0.73 -2.73 25048 16531 1.52 1.14
20191105 17630 17760 17430 17600 60938 107008051 1.88 1.21 0.00 42169 18769 2.25 1.67
20191104 17470 17710 17380 17600 37699 66169840 1.89 0.73 0.74 19280 18420 1.05 1.04
20191101 16990 17680 16980 17470 42307 73447194 4.07 0.80 1.51 21752 20555 1.06 1.16
20191031 17430 17910 16950 17210 63879 111600463 5.54 1.46 -0.69 36570 27309 1.34 1.75
20191030 16390 17700 16300 17330 79424 134326535 8.67 2.20 7.31 35963 43461 0.83 2.18
20191029 16400 16570 16140 16150 28667 46867122 2.60 0.83 -2.24 17888 10779 1.66 0.79
20191028 16300 16750 16110 16520 43764 72123487 3.89 1.30 0.43 23953 19811 1.21 1.20
20191025 15800 16460 15720 16450 47172 76425826 4.69 1.29 4.31 20933 26239 0.80 1.30
20191024 15700 15900 15580 15770 19234 30347163 2.03 0.48 0.13 10802 8432 1.28 0.53
20191023 16050 16190 15630 15750 41512 65899159 3.48 1.03 -2.23 24904 16608 1.50 1.14
20191022 15960 16200 15960 16110 20741 33297971 1.50 0.42 0.56 12026 8715 1.38 0.57
20191021 16240 16490 15780 16020 39834 63838735 4.33 0.78 -2.38 22047 17788 1.24 1.09
20191018 16410 16720 16030 16410 61293 100467071 4.11 1.12 -2.21 27539 33754 0.82 1.68
20191017 17010 17130 16630 16780 38455 64739106 2.94 0.67 -1.24 22032 16423 1.34 1.06
20191016 17380 17380 16920 16990 41019 69923992 2.64 0.66 -2.47 23703 17316 1.37 1.13
20191015 17360 17870 17160 17420 63804 112259950 4.06 0.98 -0.46 34961 28844 1.21 1.75
20191014 17350 17600 17150 17500 49929 86947429 2.58 0.68 0.29 26823 23105 1.16 1.37
20191011 18040 18380 17300 17450 80413 141820461 5.99 1.00 -3.27 47130 33282 1.42 2.21
20191010 17880 18050 17710 18040 51293 91707566 1.88 0.46 -0.33 28236 23057 1.22 1.41
20191009 17890 18100 17420 18100 67579 120232000
20191008 18060 18630 17760 18090 75468 137419194 4.88 0.50 1.46 39212 36256 1.08 2.07
20190930 18800 19000 17700 17830 93575 171106506 6.86 0.67 -5.91 57913 35662 1.62 2.57
20190927 18680 18960 18010 18950 114008 211996835 4.99 0.91 -0.52 60597 53411 1.13 3.13
20190926 17870 19500 17700 19050 201706 378913680 10.00 2.04 5.83 98442 103264 0.95 5.54
20190925 17800 18850 17530 18000 214454 387782000
20190924 15660 17270 15640 17270 131442 222864577 10.38 3.06 10.00 84326 47116 1.79 3.61
20190923 15810 16200 15600 15700 41376 65667912 3.81 1.11 -0.25 23026 18350 1.25 1.14
20190920 15820 16050 15660 15740 39361 62323403 2.47 1.21 -0.38 19697 19663 1.00 1.08
20190919 15400 16090 15160 15800 68692 107454763 6.06 2.91 3.00 30374 38318 0.79 1.89
20190918 14790 15440 14770 15340 50105 76550627 4.54 2.58 4.00 17716 32389 0.55 1.38
20190917 14930 15070 14710 14750 14892 22146298 2.41 0.70 -1.21 8399 6493 1.29 0.41
20190916 15080 15080 14920 14930 14115 21176541 1.06 0.64 -0.99 9038 5076 1.78 0.39
20190912 15020 15170 15010 15080 14473 21840556 1.06 0.62 -0.07 7593 6880 1.10 0.40
20190911 15390 15410 15010 15090 24438 37053000
20190910 15190 15530 15160 15430 29158 44799383 2.43 1.41 1.25 14227 14931 0.95 0.80
20190909 15100 15240 14960 15240 23528 35572304 1.86 1.01 1.26 9915 13613 0.73 0.65
20190906 15000 15060 14810 15050 18384 27452662 1.66 0.63 0.00 10058 8326 1.21 0.51
20190905 14990 15100 14960 15050 20319 30528462 0.93 0.69 0.33 11037 9283 1.19 0.56
20190904 15000 15020 14800 15000 17577 26167882 1.47 0.56 0.00 9675 7902 1.22 0.48
20190903 15190 15200 14880 15000 23299 34981000
20190902 15090 15250 14900 15220 36339 54685000
20190830 14910 15530 14850 15110 48594 74093408 4.55 2.31 1.21 24046 24548 0.98 1.33
20190829 14950 15050 14760 14930 21563 32099218 1.94 1.13 -0.27 13804 7760 1.78 0.59
20190828 14600 14970 14580 14970 25759 38307897 2.65 1.45 1.84 8652 17107 0.51 0.71
20190827 14440 14850 14440 14700 21668 31831477 2.84 1.18 1.80 8979 12689 0.71 0.60
20190826 14350 14470 14300 14440 21323 30615105 1.15 1.18 -1.90 13378 7945 1.68 0.59
20190823 14950 14950 14700 14720 14729 21749814 1.67 0.80 -1.54 9623 5106 1.88 0.40
20190822 14850 14970 14780 14950 11810 17559776 1.28 0.61 1.01 6435 5375 1.20 0.32
20190821 15080 15150 14760 14800 19109 28411486 2.59 0.97 -1.86 12798 6311 2.03 0.52
20190820 14870 15130 14830 15080 24828 37317587 2.02 1.24 1.41 12680 12148 1.04 0.68
20190819 14660 14890 14600 14870 19998 29597929 1.98 0.80 1.43 10554 9444 1.12 0.55
20190816 14670 14850 14500 14660 16370 24062505 2.39 0.68 0.07 8798 7571 1.16 0.45
20190815 14330 14660 14330 14650 15798 22959976 2.23 0.66 -0.81 8489 7310 1.16 0.43
20190814 14900 15100 14730 14770 21811 32475463 2.50 1.05 -0.07 12785 9026 1.42 0.60
20190813 14750 14850 14560 14780 26057 38204484 1.92 1.38 -2.12 16074 9982 1.61 0.72
20190812 13940 15110 13940 15100 44633 65971000
20190809 14080 14290 13970 14030 11192 15819735 2.27 0.61 -0.50 6031 5161 1.17 0.31
20190808 13810 14260 13700 14100 15516 21865811 4.09 0.84 2.92 6415 9101 0.70 0.43
20190807 13950 13980 13700 13700 6926 9569884 2.03 0.35 -0.87 3787 3139 1.21 0.19
20190806 13960 13960 13530 13820 15958 21965722 3.08 0.85 -1.14 7706 8252 0.93 0.44
20190805 14260 14300 13960 13980 12252 17294898 2.38 0.66 -1.96 7593 4659 1.63 0.34
20190802 14010 14350 13950 14260 41430 58640744 2.81 2.46 0.14 9461 31969 0.30 1.14
20190801 14440 14470 14100 14240 16042 22837846 2.56 0.87 -1.39 10478 5564 1.88 0.44
20190731 14740 14770 14400 14440 11882 17266616 2.51 0.62 -2.04 8809 3073 2.87 0.33
20190730 14590 14760 14470 14740 12312 18082830 1.99 0.60 1.03 5323 6989 0.76 0.34
20190729 14630 14670 14430 14590 11551 16786364 1.64 0.53 -0.27 7160 4391 1.63 0.32
20190726 14650 14910 14610 14630 32560 47981912 2.03 1.77 -1.08 16861 15699 1.07 0.89
20190725 14570 14790 14300 14790 24028 34824224 3.37 1.36 1.72 12459 11569 1.08 0.66
20190724 14530 14760 14510 14540 16148 23633123 1.72 0.79 0.07 9025 7123 1.27 0.44
20190723 14590 14590 14260 14530 18014 25996232 2.26 0.82 -0.48 10076 7938 1.27 0.49
20190722 15070 15070 14400 14600 18760 27420318 4.47 0.76 -2.67 10807 7953 1.36 0.52
20190719 15000 15150 14920 15000 15054 22644783 1.53 0.54 -0.13 7849 7205 1.09 0.41
20190718 15330 15370 15020 15020 20247 30685567 2.29 0.71 -1.83 10801 9447 1.14 0.56
20190717 15580 15780 15280 15300 30553 47195886 3.18 1.12 -2.67 21113 9440 2.24 0.84
20190716 15850 15990 15660 15720 24904 39322658 2.08 0.81 -1.13 15843 9061 1.75 0.68
20190715 16000 16120 15800 15900 32119 51023761 1.98 1.02 -1.55 21483 10635 2.02 0.88
20190712 15780 16260 15680 16150 31949 51234564 3.70 1.03 3.00 12113 19836 0.61 0.88
20190711 16090 16090 15630 15680 23037 36463149 2.89 0.65 -1.63 13372 9665 1.38 0.63
20190710 16040 16300 15850 15940 24734 39717112 2.81 0.53 -0.38 13330 11404 1.17 0.68
20190709 15680 16360 15590 16000 41342 66304015 4.92 0.85 2.30 21021 20322 1.03 1.14
20190708 15870 16030 15410 15640 35985 56499342 3.89 0.67 -1.76 19194 16791 1.14 0.99
20190705 15870 16080 15800 15920 29786 47468066 1.77 0.51 0.51 16047 13739 1.17 0.82
20190704 16130 16210 15610 15840 45108 71455922 3.72 0.74 -1.74 24546 20562 1.19 1.24
20190703 16180 16900 16040 16120 80925 132589508 5.32 1.65 -0.37 38939 41986 0.93 2.22
20190702 15900 16240 15800 16180 51171 82382616 2.77 1.15 1.76 22499 28672 0.78 1.41
20190701 15700 16050 15500 15900 60754 96349421 3.57 1.52 3.31 41761 18993 2.20 1.67
20190628 15350 15750 15250 15390 51583 79683009 3.26 1.40 0.26 28057 23526 1.19 1.42
20190627 14920 15880 14900 15350 62001 95639815 6.58 2.13 3.02 26245 35757 0.73 1.70
20190626 14730 15020 14610 14900 19507 29010386 2.77 0.71 0.68 8927 10580 0.84 0.54
20190625 14880 15120 14550 14800 28236 41631336 3.81 1.21 -1.00 18062 10174 1.78 0.78
20190624 14610 15290 14600 14950 38913 58073962 4.67 1.89 1.15 18056 20857 0.87 1.07
20190621 14390 15050 14310 14780 34913 50965996 5.14 1.92 2.57 16205 18708 0.87 0.96
20190620 14120 14480 14020 14410 23925 34296973 3.27 1.43 2.49 11543 12382 0.93 0.66
20190619 14150 14260 14050 14060 11100 15705566 1.50 0.65 0.57 6747 4352 1.55 0.30
20190618 13980 14080 13860 13980 7415 10370355 1.58 0.27 0.22 2535 4880 0.52 0.20
20190617 13980 14160 13870 13950 25626 35705471 2.07 1.07 -0.21 18922 6704 2.82 0.70
20190614 14450 14450 13950 13980 22875 32455917 3.42 1.01 -4.44 14229 8646 1.65 0.63
20190613 13840 15380 13800 14630 16458 23349648 11.30 0.71 4.65 9294 7164 1.30 0.45
20190612 14050 14180 13850 13980 12623 17651210 2.35 0.53 -0.64 8209 4415 1.86 0.35
20190611 13500 14120 13460 14070 60219 83754511 4.89 4.21 4.30 46598 13621 3.42 1.65
20190610 13510 13650 13400 13490 7743 10470551 1.85 0.51 -0.15 3621 4122 0.88 0.21
20190606 13870 13950 13470 13510 16617 22605920 3.44 1.06 -3.15 10079 6539 1.54 0.46
20190605 14190 14230 13870 13950 19121 26746583 2.56 1.23 -0.78 11100 8021 1.38 0.53
20190604 14330 14380 13930 14060 14865 20922408 3.14 0.87 -1.88 10195 4670 2.18 0.41
20190603 14290 14430 14170 14330 13255 18983207 1.82 0.73 0.56 5987 7267 0.82 0.36
20190531 14180 14310 14120 14250 12090 17217072 1.34 0.62 0.21 6559 5531 1.19 0.33
20190530 14220 14440 14090 14220 18993 27042939 2.44 0.96 -0.91 10353 8640 1.20 0.52
20190529 14250 14560 14200 14350 18797 27008000
20190528 14340 14580 14160 14360 22309 32092876 2.92 1.26 0.00 9557 12752 0.75 0.61
20190527 14260 14370 14000 14360 18929 26905055 2.59 1.01 0.63 11072 7857 1.41 0.52
20190524 13890 14460 13850 14270 18316 25910035 4.41 0.93 3.26 6446 11871 0.54 0.50
20190523 14340 14340 13750 13820 20511 28560640 4.13 1.02 -3.36 13077 7434 1.76 0.56
20190522 14240 14540 14070 14300 14534 20848636 3.29 0.62 0.07 7178 7357 0.98 0.40
20190521 14370 14420 14070 14290 16562 23672184 2.48 0.73 1.42 7121 9441 0.75 0.45
20190520 14300 14510 13820 14090 23949 33758986 4.73 1.15 -3.49 12668 11281 1.12 0.66
20190517 14700 15140 14510 14600 22994 34143674 4.25 1.11 -1.62 13192 9802 1.35 0.63
20190516 14740 15090 14650 14840 22654 33645537 3.00 1.14 1.30 11301 11353 1.00 0.62
20190515 14210 14860 14210 14650 30949 45181280 4.60 1.69 3.75 11195 19754 0.57 0.85
20190514 14170 14380 14080 14120 12135 17236388 2.09 0.59 -1.53 7226 4909 1.47 0.33
20190513 14200 14480 14060 14340 15644 22411494 2.92 0.68 -0.28 8736 6908 1.26 0.43
20190510 14090 14520 13800 14380 21784 31166402 5.08 0.99 1.55 9814 11970 0.82 0.60
20190509 14090 14220 13710 14160 19128 26687808 3.59 0.83 -0.28 10810 8318 1.30 0.53
20190508 13730 14290 13600 14200 22618 31892787 4.95 0.95 1.94 12221 10397 1.18 0.62
20190507 13410 13980 13410 13930 23781 32663945 4.27 0.96 4.34 10140 13641 0.74 0.65
20190506 14290 14290 13290 13350 27791 38204727 6.92 1.22 -7.68 16336 11455 1.43 0.76
20190430 14270 14650 14100 14460 16286 23413151 3.85 0.69 1.26 9247 7039 1.31 0.45
20190429 14140 14650 14070 14280 25046 35973957 4.03 1.07 -0.70 12402 12644 0.98 0.69
20190426 14810 14930 14380 14380 26472 38491897 3.70 1.13 -3.23 15883 10588 1.50 0.73
20190425 15200 15520 14860 14860 28452 43495088 4.35 0.97 -2.11 15423 13029 1.18 0.78
20190424 15070 15250 14880 15180 17728 26707945 2.45 0.51 0.33 10030 7699 1.30 0.49
20190423 15180 15370 14960 15130 19537 29637257 2.69 0.56 -0.79 10638 8900 1.20 0.54
20190422 15260 15610 15170 15250 24474 37613434 2.86 0.69 -0.97 14006 10468 1.34 0.67
20190419 15880 15880 15110 15400 26789 41181066 4.89 0.76 -2.16 15377 11412 1.35 0.74
20190418 15730 16170 15650 15980 57898 92738936 3.30 1.85 1.52 32901 24997 1.32 1.59
20190417 15620 15830 15520 15740 44043 69122362 1.98 1.48 0.58 27459 16584 1.66 1.21
20190416 15450 15680 15230 15650 21928 33875455 2.90 0.70 0.97 11196 10732 1.04 0.60
20190415 15730 15950 15500 15500 27614 43342515 2.88 0.74 -0.77 14170 13444 1.05 0.76
20190412 15140 15690 15140 15620 24180 37485375 3.58 0.53 1.63 11401 12779 0.89 0.66
20190411 16130 16200 15370 15370 38615 60473426 5.19 0.84 -3.82 25551 13064 1.96 1.06
20190410 15820 16320 15620 15980 36661 58876963 4.39 0.71 0.25 17875 18785 0.95 1.01
20190409 15900 16000 15570 15940 29278 46148615 2.68 0.44 -0.56 16157 13121 1.23 0.80
20190408 16420 16820 15810 16030 58553 95196602 6.15 0.80 -2.43 36315 22238 1.63 1.61
20190404 16270 16670 16080 16430 65794 107803348 3.62 0.98 0.80 30044 35750 0.84 1.81
20190403 16230 16500 16080 16300 40332 65561523 2.58 0.60 -0.06 21838 18493 1.18 1.11
20190402 16500 16570 16090 16310 62877 102414925 2.89 0.99 -1.87 34512 28366 1.22 1.73
20190401 15750 16930 15550 16620 106178 171816143 8.68 1.98 4.59 53784 52394 1.03 2.92
20190329 15010 15950 14910 15890 89392 138709101 6.95 1.89 6.22 33755 55637 0.61 2.46
20190328 15000 15450 14910 14960 38218 57989136 3.54 0.72 -1.90 21912 16306 1.34 1.05
20190327 14800 15340 14800 15250 37246 56410859 3.65 0.54 3.04 16352 20894 0.78 1.02
20190326 15150 15330 14800 14800 47451 71330274 3.51 0.62 -1.99 29698 17752 1.67 1.30
20190325 15300 15540 14980 15100 56268 85541769 3.56 0.64 -4.13 34772 21496 1.62 1.55
20190322 15860 16350 15630 15750 56767 90258261 4.54 0.60 -0.76 31338 25429 1.23 1.56
20190321 15680 16090 15530 15870 66119 104155812 3.50 0.67 -0.81 39268 26851 1.46 1.82
20190320 14900 16250 14880 16000 118253 186253811 9.13 1.38 6.60 51110 67144 0.76 3.25
20190319 15500 15500 14900 15010 82895 125087605 3.87 1.08 -3.22 52480 30416 1.73 2.28
20190318 14320 15670 14200 15510 114867 174596522 10.27 1.94 8.39 51898 62969 0.82 3.16
20190315 14200 14850 13900 14310 92934 133854246 6.76 1.86 1.78 46354 46580 1.00 2.55
20190314 13530 14080 13410 14060 87824 121378784 4.97 2.13 4.38 37533 50291 0.75 2.41
20190313 13430 13950 13400 13470 50405 69094954 4.12 1.25 0.90 26577 23828 1.12 1.38
20190312 13420 13580 13190 13350 38659 51661776 2.97 1.00 1.68 19643 19016 1.03 1.06
20190311 12670 13150 12670 13130 26877 34887579 3.78 0.64 3.47 12383 14493 0.85 0.74
20190308 13190 13210 12460 12690 45997 59537576 5.61 1.19 -5.16 30891 15106 2.04 3.97
20190307 13300 13430 13190 13380 44644 59406193 1.80 1.15 0.15 23001 21643 1.06 3.85
20190306 13170 13380 13100 13360 45055 59812982 2.13 0.96 1.44 22933 22122 1.04 3.89
20190305 13150 13230 13000 13170 31017 40601032 1.74 0.64 -0.15 18600 12417 1.50 2.68
20190304 13210 13530 13090 13190 44018 58397068 3.34 0.94 0.23 23942 20076 1.19 3.80
20190301 13040 13350 13010 13160 29156 38335242 2.61 0.65 0.92 16105 13050 1.23 2.52
20190228 13280 13350 12960 13040 44510 58123388 2.92 1.12 -2.47 27388 17121 1.60 3.84
20190227 12630 13930 12630 13370 86072 115267429 10.27 3.43 5.61 41504 44568 0.93 7.43
20190226 12540 12850 12400 12660 37054 46888462 3.57 1.76 0.48 20374 16680 1.22 3.20
20190225 12220 12680 12170 12600 37073 46061477 4.19 2.11 3.62 16333 20740 0.79 3.20
20190222 11950 12160 11880 12160 18493 22203143 2.33 1.14 1.00 8061 10432 0.77 1.60
20190221 12040 12170 11970 12040 19202 23195883 1.66 1.15 0.00 8742 10460 0.84 1.66
20190220 12060 12140 11900 12040 13727 16505710 2.00 0.81 0.25 7083 6644 1.07 1.19
20190219 12060 12180 11940 12010 16858 20288005 1.99 0.80 -0.66 8998 7859 1.14 1.46
20190218 11770 12100 11760 12090 19656 23628951 2.89 0.98 2.72 8160 11496 0.71 1.70
20190215 11920 11940 11770 11770 11912 14101623 1.42 0.62 -1.34 7794 4118 1.89 1.03
20190214 11870 12110 11830 11930 21541 25802759 2.35 1.22 0.25 11771 9770 1.20 1.86
20190213 11780 11940 11750 11900 15263 18083157 1.61 0.95 0.76 7112 8151 0.87 1.32
20190212 11560 11850 11530 11810 37574 44135120 2.76 3.49 1.81 27023 10551 2.56 3.24
20190211 11300 11700 11260 11600 14100 16245638 3.88 1.37 2.20 5639 8460 0.67 1.22
20190201 11200 11400 11120 11350 7669 8629955 2.51 0.73 1.79 4006 3663 1.09 0.66
20190131 11200 11440 11150 11150 13938 15706980 2.53 1.48 -2.87 9333 4605 2.03 1.20
20190130 11650 11660 11420 11480 6917 7958249 2.06 0.71 -1.54 4217 2700 1.56 0.60
20190129 11840 11940 11410 11660 11179 12979257 4.46 1.06 -1.93 6582 4597 1.43 0.97
20190128 12160 12160 11890 11890 11675 14028748 2.27 0.93 0.17 6597 5079 1.30 1.01
20190125 11950 12030 11860 11870 8662 10310335 1.43 0.56 -0.42 5853 2809 2.08 0.75
20190124 11910 11970 11820 11920 8519 10148767 1.26 0.50 0.00 4703 3815 1.23 0.74
20190123 11870 12000 11810 11920 9011 10731528 1.60 0.40 0.25 5896 3114 1.89 0.78
20190122 12100 12110 11870 11890 14884 17795058 1.97 0.50 -2.54 10025 4859 2.06 1.28
20190121 12020 12390 12020 12200 21744 26637600 3.05 0.79 0.66 12842 8903 1.44 1.88
20190118 12010 12420 12010 12120 23586 28816585 3.41 0.94 0.66 12680 10906 1.16 2.04
20190117 12190 12250 11980 12040 15548 18783516 2.22 0.62 -0.82 8984 6564 1.37 1.34
20190116 12410 12450 12010 12140 38091 46441094 3.47 1.79 -4.18 24558 13533 1.81 3.29
20190115 11650 11770 11650 11690 9870 11561086 1.03 0.78 0.09 5194 4675 1.11 0.85
20190114 11650 11770 11650 11690 9870 11562000
20190111 11630 11690 11500 11680 10829 12556000
20190110 11800 11800 11610 11630 16235 18944000
20190109 11740 11860 11720 11800 18469 21820272 1.19 2.28 0.68 11965 6505 1.84 1.59
20190108 11810 11820 11690 11720 6287 7376890 1.10 0.73 -0.76 3945 2342 1.68 0.54
20190107 11790 11830 11630 11810 11717 13800926 1.70 1.33 0.34 5862 5856 1.00 1.01
20190104 11510 11770 11380 11770 10590 12361253 3.36 1.25 1.55 5020 5570 0.90 0.91
20190103 11650 11780 11540 11590 5406 6290291 2.06 0.50 -0.69 3434 1971 1.74 0.47
20190102 11840 11840 11580 11670 6576 7675843 2.23 0.50 -0.09 3606 2970 1.21 0.57
20181228 11800 11820 11480 11680 8518 9921282 2.91 0.28 0.09 4457 4061 1.10 0.74
20181227 12040 12150 11670 11670 12911 15335465 4.04 0.44 -1.85 9220 3691 2.50 1.11
20181226 11960 12070 11890 11890 8901 10644411 1.50 0.29 -0.75 6217 2684 2.32 0.77
20181225 12280 12390 11910 11980 16801 20341734 3.86 0.56 -3.78 11455 5347 2.14 1.45
20181224 12670 12680 12420 12450 18753 23486150 2.03 0.51 -2.58 12474 6279 1.99 1.62
20181221 12270 12930 12110 12780 92637 114691362 6.62 4.38 3.23 21268 71368 0.30 8.00
20181220 12520 12550 12280 12380 10306 12757316 2.15 0.49 -1.59 5767 4539 1.27 0.89
20181219 12740 12900 12380 12580 17489 22052558 4.08 0.91 -1.18 13839 3650 3.79 1.51
20181218 12870 12900 12630 12730 10712 13684000
20181217 13140 13160 12950 12990 53142 69223318 1.59 5.72 -1.81 33554 19588 1.71 4.59
20181214 13270 13310 13060 13230 14029 18467710 1.89 1.11 -0.23 7042 6987 1.01 1.21
20181213 13240 13330 13180 13260 10617 14083719 1.13 0.77 0.23 5295 5323 0.99 0.92
20181212 13220 13270 13110 13230 7799 10273764 1.21 0.48 0.00 4004 3794 1.06 0.67
20181211 13230 13280 13200 13230 4565 6036981 0.60 0.19 -0.15 2241 2324 0.96 0.39
20181210 13100 13250 13030 13250 9481 12423061 1.66 0.31 0.15 4337 5145 0.84 0.82
20181207 13180 13350 13160 13230 30664 40612713 1.44 1.02 0.00 10647 20016 0.53 2.65
20181206 13480 13500 13200 13230 16754 22374575 2.22 0.56 -1.93 10534 6220 1.69 1.45
20181205 13480 13780 13350 13490 19950 27015479 3.13 0.70 -1.75 10947 9003 1.22 1.72
20181204 13860 13860 13600 13730 45924 63035595 1.86 2.28 -1.58 27663 18262 1.51 3.96
20181203 13700 14480 13520 13950 41653 58051559 7.06 3.08 2.65 21308 20345 1.05 3.60
20181130 13340 13610 13100 13590 25709 34624999 3.82 2.30 1.87 10256 15453 0.66 2.22
20181129 13320 13450 13240 13340 17440 23361922 1.58 1.95 0.08 6830 10610 0.64 1.51
20181128 13200 13330 13070 13330 10873 14330156 1.95 1.30 -0.07 5790 5083 1.14 0.94
20181127 13350 13350 13190 13340 4987 6626717 1.20 0.48 0.08 2588 2399 1.08 0.43
20181126 13250 13360 13180 13330 8718 11567986 1.35 0.73 0.08 3645 5073 0.72 0.75
20181123 13360 13360 13050 13320 13769 18152349 2.33 1.16 0.08 8006 5763 1.39 1.19
20181122 13370 13400 13280 13310 6392 8518206 0.90 0.50 -0.08 3900 2493 1.56 0.55
20181121 13210 13360 13130 13320 7906 10480886 1.73 0.51 -0.08 4365 3541 1.23 0.68
20181120 13500 13570 13240 13330 14650 19611000
20181119 13440 13720 13360 13640 17339 23550000
20181116 13460 13490 13300 13440 12921 17354000
20181115 13180 13370 13180 13360 11170 14850007 1.44 0.90 0.98 4548 6621 0.69 0.96
20181114 13480 13490 13190 13230 21402 28483573 2.23 2.14 -1.78 15810 5592 2.83 1.85
20181113 13230 13500 13130 13470 18902 25302019 2.79 2.41 1.66 7432 11470 0.65 1.63
20181112 13110 13260 13010 13250 9013 11865844 1.89 1.15 0.23 4067 4946 0.82 0.78
20181109 13160 13240 13110 13220 5180 6819143 0.98 0.50 -0.15 2261 2919 0.77 0.45
20181108 13200 13300 13200 13240 7821 10363285 0.76 0.65 0.15 3436 4386 0.78 0.68
20181107 13180 13270 13100 13220 9137 12046582 1.29 0.74 0.00 5277 3860 1.37 0.79
20181106 13170 13260 13070 13220 8024 10546055 1.43 0.60 -0.30 4498 3526 1.28 0.69
20181105 13310 13330 13130 13260 9137 12071195 1.49 0.59 -0.90 5619 3518 1.60 0.79
20181102 13320 13440 13200 13380 17396 23194113 1.81 1.35 0.98 8671 8725 0.99 1.50
20181101 13290 13480 13130 13250 16283 21666585 2.63 1.51 -0.30 9989 6293 1.59 1.41
20181031 13280 13360 13010 13290 11092 14692546 2.65 1.12 0.53 5937 5155 1.15 0.96
20181030 12880 13310 12740 13220 12588 16360197 4.22 1.41 -2.22 7061 5526 1.28 1.09
20181029 13500 13690 12510 13520 20470 26259885 8.49 2.96 -2.73 10405 10065 1.03 1.77
20181026 13900 14040 13790 13900 4053 5627724 1.80 0.55 0.00 1884 2169 0.87 0.35
20181025 13770 13900 13650 13900 5614 7716751 1.78 0.78 -0.79 2757 2857 0.96 0.48
20181024 13900 14110 13750 14010 6828 9507718 2.58 0.98 0.43 2682 4146 0.65 0.59
20181023 14340 14430 13880 13950 7803 11016074 3.81 1.16 -3.46 5515 2288 2.41 0.67
20181022 14050 14640 14050 14450 10337 14871207 4.21 1.80 3.21 5670 4667 1.21 0.89
20181019 13750 14080 13510 14000 6210 8610172 4.12 0.92 1.23 2836 3374 0.84 0.54
20181018 13930 13980 13750 13830 5003 6915355 1.64 0.60 -1.21 2648 2355 1.12 0.43
20181017 14150 14290 13810 14000 5352 7502862 3.39 0.67 -1.06 3514 1838 1.91 0.46
20181016 14250 14400 13900 14150 6664 9403324 3.50 0.92 -0.98 3077 3587 0.86 0.58
20181015 14350 14480 14200 14290 5547 7962709 1.95 0.72 -0.69 2601 2946 0.88 0.48
20181012 13830 14400 13350 14390 11163 15386085 7.59 1.63 3.97 4427 6736 0.66 0.96
20181011 14600 14720 13480 13840 12947 18229327 8.31 2.31 -7.24 7379 5569 1.33 1.12
20181010 14910 14970 14800 14920 3357 4987960 1.14 0.46 -0.07 1764 1593 1.11 0.29
20181009 14830 15060 14830 14930 3153 4701591 1.54 0.40 0.07 1868 1285 1.45 0.27
20181008 15100 15150 14850 14920 8054 12029813 1.95 0.98 -2.80 5328 2725 1.96 0.70
20180928 15220 15450 15220 15350 6804 10453391 1.51 0.84 0.52 3414 3390 1.01 0.59
20180927 15430 15430 15260 15270 6643 10193257 1.10 0.70 -1.04 4665 1978 2.36 0.57
20180926 15250 15620 15230 15430 12117 18722624 2.55 1.44 1.05 5596 6521 0.86 1.05
20180925 15250 15290 15100 15270 6288 9553315 1.25 0.70 0.07 3544 2743 1.29 0.54
20180921 15150 15330 15100 15260 9223 14065498 1.52 1.05 0.99 4465 4758 0.94 0.80
20180920 15240 15350 15070 15110 6082 9213549 1.83 0.69 -1.44 4682 1400 3.34 0.53
20180919 15020 15470 15020 15330 13471 20615181 2.98 2.02 1.66 6757 6713 1.01 1.16
20180918 15100 15220 14840 15080 7108 10662756 2.52 1.17 0.13 4011 3097 1.29 0.61
20180917 14990 15330 14950 15060 9185 13877539 2.54 1.69 0.53 3986 5199 0.77 0.79
20180914 14940 15200 14810 14980 7989 12001342 2.61 1.60 0.33 3743 4246 0.88 0.69
20180913 15050 15180 14800 14930 6253 9310652 2.55 1.23 0.20 2375 3878 0.61 0.54
20180912 14910 15000 14880 14900 2761 4124135 0.80 0.43 -0.07 1733 1028 1.69 0.24
20180911 14900 15010 14860 14910 4217 6306333 1.01 0.59 0.07 2642 1574 1.68 0.36
20180910 14950 15070 14700 14900 5878 8787699 2.48 0.76 -0.07 2634 3245 0.81 0.51
20180907 14870 15230 14780 14910 5892 8821286 3.05 0.68 0.95 2269 3624 0.63 0.51
20180906 14750 14880 14680 14770 6653 9832109 1.36 0.63 0.41 3409 3245 1.05 0.57
20180905 15010 15070 14710 14710 9275 13812415 2.40 0.82 -1.93 6893 2382 2.89 0.80
20180904 14980 15190 14890 15000 8302 12467932 2.00 0.68 0.13 4166 4137 1.01 0.72
20180903 15200 15360 14950 14980 8629 12975523 2.65 0.63 -3.29 5664 2965 1.91 0.74
20180831 15570 15610 15400 15490 10151 15704063 1.33 0.73 -1.59 4215 5935 0.71 0.88
20180830 15880 15900 15530 15740 16688 26150541 2.32 1.37 -1.25 9580 7108 1.35 1.44
20180829 15810 15940 15730 15940 12786 20256640 1.32 1.16 -0.13 5639 7147 0.79 1.10
20180828 16080 16100 15870 15960 13000 20715098 1.43 1.27 -0.75 8901 4099 2.17 1.12
20180827 16020 16140 16000 16080 15948 25641999 0.87 1.70 0.00 10167 5782 1.76 1.38
20180824 16120 16120 15880 16080 10966 17540580 1.49 1.27 -0.37 5604 5362 1.05 0.95
20180823 16100 16140 16000 16140 8328 13394626 0.87 1.02 0.00 4289 4040 1.06 0.72
20180822 16150 16160 16000 16140 6845 10995320 0.99 0.77 -0.31 3805 3041 1.25 0.59
20180821 16150 16310 16000 16190 9041 14659672 1.92 1.10 0.25 4556 4485 1.02 0.78
20180820 16050 16150 15840 16150 11737 18753805 1.92 1.56 -0.06 4167 7570 0.55 1.01
20180817 16300 16300 16050 16160 7109 11486648 1.54 0.88 -0.37 3322 3786 0.88 0.61
20180816 16200 16270 16000 16220 6096 9841914 1.66 0.69 -0.06 3324 2772 1.20 0.53
20180815 16310 16320 16050 16230 10328 16665118 1.66 1.15 -0.31 7230 3098 2.33 0.89
20180814 16250 16400 16180 16280 5762 9389157 1.35 0.56 0.18 2746 3015 0.91 0.50
20180813 16300 16330 16010 16250 8218 13292898 1.95 0.77 -0.98 4112 4106 1.00 0.71
20180810 16360 16430 16200 16410 10020 16352664 1.41 0.92 0.43 4418 5602 0.79 0.86
20180809 16130 16430 16100 16340 10032 16372793 2.03 0.70 0.74 5790 4241 1.37 0.87
20180808 16300 16360 16050 16220 11003 17786742 1.89 0.71 -1.28 6061 4942 1.23 0.95
20180807 16190 16440 15980 16430 11935 19378968 2.83 0.77 0.92 5531 6404 0.86 1.03
20180806 16270 16350 15910 16280 10596 17087785 2.71 0.64 0.12 4763 5833 0.82 0.91
20180803 16280 16330 16090 16260 10901 17674104 1.47 0.59 -0.67 5250 5650 0.93 0.94
20180802 16720 16800 15800 16370 27616 44738680 5.97 1.63 -2.33 16828 10787 1.56 2.38
20180801 17050 17130 16720 16760 15930 26934437 2.40 0.73 -1.70 9348 6582 1.42 1.38
20180731 16920 17230 16830 17050 12580 21445538 2.35 0.42 0.35 4952 7628 0.65 1.09
20180730 17000 17180 16700 16990 16145 27264608 2.80 0.55 -1.05 10884 5260 2.07 1.39
20180727 16960 17280 16850 17170 19454 33280504 2.53 0.71 1.06 8709 10745 0.81 1.68
20180726 17260 17330 16860 16990 20735 35361344 2.73 0.81 -1.39 12797 7938 1.61 1.79
20180725 17350 17350 17000 17230 40317 69098795 2.01 1.98 -0.98 19183 21135 0.91 3.48
20180724 16500 17450 16350 17400 54144 91930570 6.67 4.24 5.58 20480 33664 0.61 4.67
20180723 16480 16520 16250 16480 12984 21248676 1.64 0.88 -0.18 7682 5302 1.45 1.12
20180720 16360 16530 16270 16510 9254 15218900 1.59 0.46 0.98 3999 5256 0.76 0.80
20180719 16340 16460 16250 16350 11133 18202654 1.28 0.44 -0.55 6849 4283 1.60 0.96
20180718 16680 16680 16410 16440 14195 23407643 1.63 0.52 -1.02 8758 5437 1.61 1.23
20180717 16750 16840 16370 16610 16223 26864782 2.81 0.58 -0.84 11174 5049 2.21 1.40
20180716 16710 16820 16480 16750 22814 38003876 2.02 0.79 -0.36 12874 9940 1.30 1.97
20180713 16570 16860 16270 16810 36295 60435211 3.56 1.23 1.39 17233 19062 0.90 3.13
20180712 16110 16680 16100 16580 38130 62925350 3.56 1.33 1.84 18773 19357 0.97 3.29
20180711 16300 16350 15880 16280 23856 38377771 2.85 0.85 -1.39 14319 9538 1.50 2.06
20180710 16540 16650 16350 16510 18520 30493364 1.81 0.59 -0.30 11700 6819 1.72 1.60
20180709 16350 16590 16160 16560 27046 44329770 2.63 0.86 1.35 13793 13253 1.04 2.33
20180706 16220 16530 16020 16340 39616 64494093 3.13 1.30 0.43 19225 20391 0.94 3.42
20180705 16090 16400 15720 16270 34754 55770458 4.18 1.21 0.06 21334 13420 1.59 3.00
20180704 16050 16280 15680 16260 19987 32031339 3.70 0.63 0.18 9785 10202 0.96 1.73
20180703 16290 16380 15520 16230 36453 58012454 5.29 1.17 -0.25 22179 14273 1.55 3.15
20180702 16420 16910 16100 16270 27123 44907481 4.90 0.80 -1.57 14338 12785 1.12 2.34
20180629 16200 16650 15880 16530 34308 55795697 4.71 1.07 1.04 18314 15994 1.15 2.96
20180628 16400 16400 15910 16360 26122 42227683 2.99 0.78 -0.18 12075 14047 0.86 2.26
20180627 16830 16950 16200 16390 34389 56713558 4.44 1.01 -3.02 22991 11398 2.02 2.97
20180626 16400 17310 16350 16900 33549 56651538 5.78 0.90 1.81 17681 15868 1.11 2.90
20180625 16490 16990 16190 16600 41100 68603462 4.91 1.08 1.84 21821 19279 1.13 3.55
20180622 15980 16500 15570 16300 25157 40692731 5.73 0.63 0.37 13453 11704 1.15 2.17
20180621 16440 16890 16200 16240 32264 53259374 4.18 0.71 -1.52 17216 15048 1.14 2.79
20180620 15940 16650 15850 16490 38959 63675969 5.02 0.73 3.45 20098 18861 1.07 3.36
20180619 17120 17330 15830 15940 47940 79379016 8.53 0.87 -9.38 26332 21608 1.22 4.14
20180615 18110 18310 17300 17590 45396 80286539 5.53 0.77 -3.72 28211 17185 1.64 3.92
20180614 18450 18770 18120 18270 34670 63742362 3.50 0.55 -1.56 19793 14876 1.33 2.99
20180613 18560 19080 18310 18560 61578 114941748 4.12 0.92 -0.80 32827 28750 1.14 5.32
20180612 17990 18960 17880 18710 79064 146812305 5.93 1.12 2.69 43417 35646 1.22 6.83
20180611 18690 18760 18020 18220 54589 99753500 3.92 0.80 -3.39 33959 20630 1.65 4.71
20180608 19400 19700 18550 18860 65046 123665271 5.91 0.97 -3.13 37725 27321 1.38 5.62
20180607 19560 19860 19240 19710 56947 111619293 3.16 0.77 0.41 28683 28264 1.01 4.92
20180606 19280 19880 19150 19630 80521 158144408 3.75 1.16 0.82 39221 41300 0.95 6.95
20180605 18600 19880 18390 19470 96142 184949955 8.03 1.61 4.90 41147 54995 0.75 8.30
20180604 18180 18660 18040 18560 42642 78776349 3.38 0.64 1.20 19614 23028 0.85 3.68
20180601 18500 18680 17830 18340 57968 105726796 4.52 0.93 -2.39 37294 20674 1.80 5.00
20180531 17570 19050 17560 18790 92779 171362967 8.32 2.06 4.91 43330 49449 0.88 8.01
20180530 17500 18380 17000 17910 57115 102224174 7.77 1.60 0.90 28825 28291 1.02 4.93
20180529 18050 18400 17730 17750 47634 86047911 3.66 1.70 -3.11 29628 18006 1.65 4.11
20180528 17320 18850 17320 18320 78238 141230341 8.78 4.99 5.17 35895 42343 0.85 6.75
20180525 16880 17600 16740 17420 35594 61498885 5.10 2.86 3.26 11402 24192 0.47 3.07
20180524 16880 17070 16850 16870 6852 11610079 1.30 0.47 -0.24 3949 2904 1.36 0.59
20180523 17070 17200 16820 16910 10223 17385569 2.21 0.60 -1.57 7355 2868 2.56 0.88
20180522 17220 17290 17100 17180 9520 16344994 1.10 0.51 -0.23 6413 3107 2.06 0.82
20180521 17350 17350 17080 17220 16144 27757611 1.57 0.84 0.12 9836 6308 1.56 1.39
20180518 16880 17220 16700 17200 19443 33092065 3.06 0.93 1.36 8143 11300 0.72 1.68
20180517 17230 17340 16850 16970 17671 30066604 2.83 0.73 -2.08 11336 6336 1.79 1.53
20180516 17300 17470 17130 17330 22438 38924583 1.97 0.73 0.17 11249 11189 1.01 1.94
20180515 17120 17360 16910 17300 17451 29926529 2.63 0.53 1.11 7700 9751 0.79 1.51
20180514 17050 17390 17050 17110 18762 32219322 1.98 0.47 -0.47 10951 7811 1.40 1.62
20180511 17350 17800 17150 17190 28066 48755761 3.71 0.74 -1.88 19396 8670 2.24 2.42
20180510 17360 17970 17290 17520 33718 59317433 3.89 0.99 0.34 17226 16491 1.04 2.91
20180509 16990 17810 16900 17460 55277 96268920 5.38 2.26 3.31 25538 29739 0.86 4.77
20180508 17050 17060 16730 16900 28667 48444093 1.94 1.44 -0.53 16529 12138 1.36 2.47
20180507 16350 17270 16210 16990 52239 88498273 6.51 4.50 4.36 26986 25253 1.07 4.51
20180504 15850 16330 15850 16280 20869 33789983 3.01 1.81 2.07 8801 12068 0.73 1.80
20180503 15850 15980 15650 15950 13948 22104173 2.07 1.23 0.00 9130 4818 1.90 1.20
20180502 15880 15990 15750 15950 6760 10724241 1.51 0.57 0.44 3791 2969 1.28 0.58
20180427 15950 16130 15710 15880 5760 9136102 2.66 0.47 0.63 3604 2157 1.67 0.50
20180426 16110 16200 15760 15780 10717 17084590 2.74 0.82 -1.74 7452 3264 2.28 0.93
20180425 15810 16200 15770 16060 20550 32681078 2.71 1.99 1.26 8671 11879 0.73 1.77
20180424 15880 15890 15690 15860 12777 20200241 1.27 1.39 0.70 6201 6576 0.94 1.10
20180423 15760 15960 15500 15750 9780 15342653 2.92 1.19 -0.19 5054 4726 1.07 0.84
20180420 15720 15900 15630 15780 7988 12593034 1.69 1.00 -1.00 5039 2949 1.71 0.69
20180419 15730 16300 15650 15940 14385 23045336 4.12 2.05 1.14 7269 7116 1.02 1.24
20180418 15890 15900 15510 15760 6754 10584638 2.47 0.97 -0.25 3824 2930 1.31 0.58
20180417 15850 16040 15560 15800 6965 11027834 3.03 0.93 -0.38 3986 2979 1.34 0.60
20180416 15950 16020 15750 15860 4997 7956398 1.69 0.60 -0.56 3230 1767 1.83 0.43
20180413 16030 16080 15870 15950 7028 11217240 1.31 0.72 -0.25 3802 3226 1.18 0.61
20180412 16050 16110 15870 15990 9319 14867256 1.49 1.00 -0.56 6747 2572 2.62 0.80
20180411 16070 16180 15930 16080 6625 10628634 1.55 0.66 0.00 3577 3048 1.17 0.57
20180410 16000 16090 15810 16080 9466 15142870 1.75 1.02 0.31 6767 2700 2.51 0.82
20180409 16140 16280 15960 16030 9140 14681166 1.98 1.05 -0.80 5902 3238 1.82 0.79
20180404 15840 16500 15750 16160 14141 22907992 4.75 1.96 2.34 5936 8204 0.72 1.22
20180403 15970 16000 15630 15790 7450 11755696 2.31 1.00 -1.50 4537 2913 1.56 0.64
20180402 16200 16200 15990 16030 9960 15991289 1.30 1.27 -0.93 6365 3595 1.77 0.86
20180330 16350 16350 16110 16180 5923 9586984 1.49 0.58 0.31 2808 3115 0.90 0.51
20180329 16070 16250 15970 16130 5926 9559276 1.75 0.54 0.88 2465 3461 0.71 0.51
20180328 16000 16250 15560 15990 6740 10780559 4.25 0.60 -1.60 3335 3404 0.98 0.58
20180327 15960 16410 15900 16250 8835 14316094 3.19 0.74 1.56 4709 4126 1.14 0.76
20180326 15750 16080 14500 16000 11801 18064227 10.03 1.05 1.52 6000 5802 1.03 1.02
20180323 16500 16750 15510 15760 17938 29090250 7.32 1.61 -6.97 10990 6949 1.58 1.55
20180322 17050 17140 16850 16940 9882 16738669 1.70 0.66 -0.59 6445 3437 1.88 0.85
20180321 17190 17270 17020 17040 7371 12636714 1.46 0.50 -0.53 4399 2972 1.48 0.64
20180320 17370 17370 17080 17130 12430 21323949 1.66 0.86 -1.89 8457 3974 2.13 1.07
20180319 17470 17580 17390 17460 8628 15079746 1.09 0.57 -0.17 4935 3694 1.34 0.74
20180316 17800 17800 17420 17490 17396 30626792 2.14 1.27 -1.69 11643 5753 2.02 1.50
20180315 17300 17820 17250 17790 28783 50581504 3.29 3.11 2.71 11178 17606 0.63 2.48
20180314 17290 17350 17160 17320 6907 11911860 1.10 0.63 0.00 4229 2677 1.58 0.60
20180313 17490 17500 17240 17320 10180 17678646 1.49 0.89 -1.03 7272 2909 2.50 0.88
20180312 17390 17530 17310 17500 11783 20549758 1.27 1.15 0.63 5366 6417 0.84 1.02
20180309 17270 17550 17230 17390 10746 18657283 1.85 1.15 0.75 5351 5395 0.99 0.93
20180308 17200 17280 17070 17260 6688 11509384 1.22 0.71 0.12 3911 2777 1.41 0.58
20180307 17330 17600 17210 17240 15406 26804297 2.25 1.93 -0.40 9448 5957 1.59 1.33
20180306 17010 17350 16950 17310 12738 21851845 2.35 1.85 1.82 5653 7085 0.80 1.10
20180305 16950 17060 16920 17000 5573 9463717 0.82 0.71 0.18 2851 2722 1.05 0.48
20180302 16990 17170 16960 16970 6430 10945001 1.23 0.82 -0.88 4642 1788 2.60 0.56
20180301 16900 17140 16900 17120 7192 12258880 1.41 0.97 0.59 3524 3667 0.96 0.62
20180228 17130 17280 17000 17020 8047 13714941 1.63 1.16 -0.87 5880 2167 2.71 0.69
20180227 17320 17380 17120 17170 7157 12333356 1.49 1.08 -1.32 4433 2724 1.63 0.62
20180226 17100 17430 17010 17400 10202 17576753 2.45 1.70 1.69 3635 6567 0.55 0.88
20180223 17280 17290 16970 17110 6425 10983575 1.85 0.84 -0.98 3369 3056 1.10 0.55
20180222 17230 17380 17150 17280 5345 9221897 1.34 0.59 0.41 2663 2682 0.99 0.46
20180214 17100 17280 16950 17210 5578 9526576 1.93 0.55 0.82 2362 3216 0.73 0.48
20180213 17150 17300 17040 17070 5497 9415411 1.53 0.47 0.18 2901 2596 1.12 0.47
20180212 16880 17170 16720 17040 7234 12259049 2.69 0.61 1.73 3722 3513 1.06 0.62
20180209 17000 17010 16510 16750 14538 24342824 2.90 1.29 -2.90 7938 6600 1.20 1.26
20180208 16980 17450 16980 17250 12668 21921990 2.75 0.93 0.82 6603 6065 1.09 1.09
20180207 17290 17300 16960 17110 11182 19140310 2.00 0.81 0.59 7032 4150 1.69 0.97
20180206 16910 17360 16850 17010 12429 21192417 2.97 0.97 -0.82 7199 5230 1.38 1.07
20180205 17070 17180 16900 17150 8772 14927230 1.63 0.58 -0.23 4132 4639 0.89 0.76
20180202 17000 17310 17000 17190 11486 19683976 1.81 0.73 0.29 6619 4867 1.36 0.99
20180201 17900 18100 17060 17140 24011 41513405 5.81 1.74 -4.19 14637 9374 1.56 2.07
20180131 18100 18350 17880 17890 12095 21864304 2.57 0.83 -2.24 7235 4860 1.49 1.04
20180130 18250 18400 18200 18300 7939 14526686 1.10 0.43 0.33 3825 4114 0.93 0.69
20180129 18950 19080 18200 18240 20669 38308062 4.63 0.97 -4.10 13521 7149 1.89 1.78
20180126 19090 19140 18810 19020 13563 25779488 1.73 0.55 -0.31 6872 6691 1.03 1.17
20180125 19060 19280 18930 19080 14842 28315316 1.82 0.48 -0.52 8538 6303 1.35 1.28
20180124 19220 19240 18990 19180 16136 30795411 1.30 0.49 -0.21 10171 5965 1.70 1.39
20180123 19460 19550 19120 19220 26612 51180914 2.20 0.72 -1.84 15364 11248 1.37 2.30
20180122 19510 20050 19460 19580 35187 69381701 3.01 0.94 -0.25 19346 15841 1.22 3.04
20180119 19410 19660 19160 19630 29453 57035683 2.55 0.85 0.20 14824 14629 1.01 2.54
20180118 18780 19620 18720 19590 46554 90200532 4.74 1.69 3.11 20577 25976 0.79 4.02
20180117 18910 19160 18740 19000 27468 52027968 2.19 1.05 -0.73 16563 10905 1.52 2.37
20180116 18500 19290 18300 19140 46962 89157141 5.32 2.04 2.90 20476 26486 0.77 4.05
20180115 18550 19100 18460 18600 36751 69101947 3.45 1.98 0.27 17631 19120 0.92 3.17
20180112 18450 18640 18300 18550 14838 27395177 1.84 0.82 0.49 7237 7601 0.95 1.28
20180111 18600 18650 18300 18460 11668 21459915 1.88 0.56 -1.02 7255 4413 1.64 1.01
20180110 18700 18750 18450 18650 20692 38387823 1.59 1.07 -0.85 14163 6528 2.17 1.79
20180109 18460 19270 18460 18810 31324 59064644 4.36 2.12 1.29 15589 15735 0.99 2.70
20180108 18520 18660 18330 18570 14241 26307327 1.78 1.01 0.27 8305 5936 1.40 1.23
20180105 18500 18680 18410 18520 12988 24012758 1.45 1.39 -0.38 8884 4104 2.16 1.12
20180104 18410 18940 18300 18590 24867 46392936 3.48 5.72 1.09 12733 12134 1.05 2.15
20180103 18190 18410 18060 18390 12876 23511196 1.92 1.26 0.99 6334 6542 0.97 1.11
20180102 17900 18230 17900 18210 8876 16063945 1.83 0.85 0.89 4946 3930 1.26 0.77
20171229 18160 18300 17970 18050 10985 19859834 1.81 1.01 -0.77 7827 3158 2.48 0.95
20171228 18040 18370 18040 18190 10471 19089852 1.83 0.58 0.78 4741 5730 0.83 0.90
20171227 18380 18380 17950 18050 11633 21179256 2.34 0.58 -1.63 7703 3930 1.96 1.00
20171226 18220 18500 18180 18350 9131 16732560 1.75 0.44 0.33 4085 5046 0.81 0.79
20171225 18590 18730 18250 18290 9717 17918791 2.60 0.47 -1.03 5266 4452 1.18 0.84
20171222 18730 18870 18420 18480 13693 25390576 2.39 0.69 -2.01 8575 5118 1.68 1.18
20171221 18470 19100 18450 18860 45711 86145617 3.52 3.14 2.00 21658 24053 0.90 3.95
20171220 18350 18530 17960 18490 21323 38932633 3.09 1.21 0.22 11779 9544 1.23 1.84
20171219 18380 18700 18210 18450 13544 25039714 2.66 0.60 0.05 7464 6080 1.23 1.17
20171218 18260 18560 18200 18440 9702 17849040 1.97 0.41 0.77 4385 5317 0.82 0.84
20171215 18280 18530 18160 18300 8331 15274770 2.02 0.35 0.00 4818 3513 1.37 0.72
20171214 18600 18700 18130 18300 19861 36546103 3.04 0.93 -2.24 14235 5627 2.53 1.71
20171213 18700 19050 18300 18720 36955 69118348 3.98 2.25 -0.69 20614 16341 1.26 3.19
20171212 17830 18910 17680 18850 38457 69908563 6.90 3.04 5.72 19192 19265 1.00 3.32
20171211 17440 17910 17250 17830 15578 27622934 3.78 1.25 2.12 6117 9461 0.65 1.34
20171208 17280 17490 17220 17460 9652 16765947 1.56 0.78 0.98 3655 5997 0.61 0.83
20171207 17360 17450 17220 17290 6702 11616066 1.33 0.52 -0.35 3876 2826 1.37 0.58
20171206 17300 17460 17090 17350 11753 20252968 2.13 0.83 0.00 7089 4665 1.52 1.01
20171205 18000 18150 17200 17350 19498 34267146 5.26 1.54 -3.98 12600 6897 1.83 1.68
20171204 17960 18330 17800 18070 14732 26661169 2.95 1.13 0.44 7586 7146 1.06 1.27
20171201 18180 18180 17930 17990 9027 16245762 1.39 0.51 0.17 6035 2992 2.02 0.78
20171130 17950 18150 17850 17960 9147 16465398 1.68 0.46 0.39 5161 3986 1.30 0.79
20171129 18350 18360 17800 17890 18759 33841697 3.05 0.87 -2.45 13742 5017 2.74 1.62
20171128 18230 18450 18160 18340 11471 20992083 1.59 0.45 0.82 6941 4530 1.53 0.99
20171127 18850 18930 18100 18190 16677 30569341 4.39 0.62 -3.71 10850 5827 1.86 1.44
20171124 19620 19870 18720 18890 32061 61506669 5.83 1.09 -4.26 19296 12766 1.51 2.77
20171123 20180 20300 19690 19730 20219 40288974 3.00 0.55 -3.00 12601 7618 1.65 1.75
20171122 20560 20570 19950 20340 27660 55977590 3.02 0.72 -1.07 16314 11346 1.44 2.39
20171121 20240 20570 20040 20560 31353 64034435 2.62 0.83 1.58 12928 18425 0.70 2.71
20171120 19720 20310 19710 20240 22927 46045107 3.01 0.60 1.66 9905 13022 0.76 1.98
20171117 20700 20750 19790 19910 45199 91641277 4.58 1.27 -4.96 29428 15771 1.87 3.90
20171116 20310 20990 20310 20950 55922 116105943 3.32 2.09 2.29 23916 32007 0.75 4.83
20171115 20100 20490 20100 20480 36679 74478945 1.94 1.53 1.89 12239 24440 0.50 3.17
20171114 20010 20390 19940 20100 27679 55919039 2.25 1.25 0.50 11472 16208 0.71 2.39
20171113 19970 20250 19940 20000 24522 49087008 1.52 1.13 -1.67 16454 8067 2.04 2.12
20171110 20180 20760 19830 20340 32666 66333760 4.61 1.75 0.89 15572 17094 0.91 2.82
20171109 20260 20280 20080 20160 12433 25052618 0.98 0.61 -0.79 7848 4585 1.71 1.07
20171108 20100 20330 20060 20320 22884 46268483 1.34 1.19 0.94 10228 12657 0.81 1.98
20171107 20120 20390 19900 20130 17880 36006697 2.43 0.95 -0.05 10232 7648 1.34 1.54
20171106 19520 20220 19520 20140 23049 45983865 3.54 0.97 1.72 10777 12272 0.88 1.99
20171103 19780 20080 19700 19800 16863 33539603 1.92 0.49 -0.15 9562 7301 1.31 1.46
20171102 20000 20160 19800 19830 20673 41243484 1.78 0.50 -1.69 12702 7971 1.59 1.78
20171101 20090 20470 20020 20170 17535 35528279 2.24 0.41 0.25 10094 7441 1.36 1.51
20171031 19900 20180 19900 20120 16397 32845862 1.40 0.36 0.85 8952 7446 1.20 1.42
20171030 20700 20750 19850 19950 46779 94242591 4.32 1.08 -4.13 29225 17554 1.66 4.04
20171027 21360 21360 20450 20810 69327 144763563 4.19 1.93 -4.10 39411 29916 1.32 5.98
20171026 21650 22330 21610 21700 57271 125475042 3.35 1.58 0.98 28193 29078 0.97 4.94
20171025 21470 21650 21280 21490 26278 56316225 1.71 0.71 -0.78 16763 9515 1.76 2.27
20171024 21770 21770 21200 21660 28197 60865000 2.61 0.72 -0.91 16926 11271 1.50 2.43
20171023 21540 21910 21420 21860 35051 76200034 2.27 0.79 1.49 15566 19485 0.80 3.03
20171020 21520 21690 21200 21540 32753 69969962 2.26 0.69 -0.78 20106 12647 1.59 2.83
20171019 21240 21800 21200 21710 58401 126041320 2.82 0.98 2.12 24441 33960 0.72 5.04
20171018 21240 21350 20990 21260 31120 65832789 1.70 0.34 0.14 16658 14462 1.15 2.69
20171017 21280 21690 21070 21230 37665 80002863 2.89 0.41 -1.12 20492 17174 1.19 3.25
20171016 22280 22480 21410 21470 61515 134544517 4.80 0.72 -3.77 41914 19601 2.14 5.31
20171013 22200 22490 22180 22310 49161 109700583 1.39 0.60 0.04 26666 22495 1.19 4.24
20171012 22600 22710 21900 22300 118876 264863731 3.54 1.79 -2.58 77540 41336 1.88 10.26
20171011 21330 23540 21200 22890 191456 438780848 10.93 5.95 6.96 110825 80631 1.37 16.53
20171010 21070 21480 21020 21400 40852 87129614 2.18 1.31 1.28 16156 24696 0.65 3.53
20171009 21140 21250 20820 21130 27550 57946820 2.04 0.79 0.28 15430 12120 1.27 2.38
20170929 21210 21500 20980 21070 30053 63550175 2.45 0.87 -0.61 17293 12760 1.36 2.59
20170928 20650 21360 20650 21200 41533 87820788 3.42 1.24 2.17 17107 24426 0.70 3.59
20170927 20720 20830 20590 20750 21024 43461900 1.15 0.52 -0.62 13154 7871 1.67 1.81
20170926 21120 21340 20580 20880 35325 73746887 3.55 0.82 -2.43 22166 13159 1.68 3.05
20170925 20860 21660 20860 21400 47359 101180275 3.80 1.00 1.66 20279 27080 0.75 4.09
20170922 20900 21390 20750 21050 27870 58882312 3.05 0.60 0.48 13458 14411 0.93 2.41
20170921 21340 21430 20830 20950 35275 74459375 2.81 0.74 -2.01 23784 11491 2.07 3.05
20170920 21230 21890 21100 21380 54716 118078471 3.71 1.04 0.52 26378 28338 0.93 4.72
20170919 21400 21690 21110 21270 49988 106609302 2.72 0.95 -0.37 28295 21693 1.30 4.32
20170918 20410 21470 20400 21350 69760 147186879 5.23 1.69 4.40 28288 41472 0.68 6.02
20170915 20700 20940 20300 20450 22093 45507044 3.06 0.55 -2.11 15059 7033 2.14 1.91
20170914 20920 20980 20630 20890 40703 84571857 1.66 1.15 -0.85 24545 16158 1.52 3.51
20170913 20380 21320 20310 21070 80063 167353727 4.93 3.60 2.93 35695 44368 0.80 6.91
20170912 20060 20480 19800 20470 49257 99118101 3.39 3.39 1.99 23752 25505 0.93 4.25
20170911 19940 20200 19800 20070 14370 28777633 2.00 0.97 0.40 7471 6899 1.08 1.24
20170908 20170 20370 19940 19990 17949 36085351 2.12 1.19 -1.24 11811 6138 1.92 1.55
20170907 20130 20400 20130 20240 15737 31922690 1.34 1.08 0.10 8338 7400 1.13 1.36
20170906 20320 20340 20050 20220 13932 28091505 1.43 0.87 -0.59 9011 4921 1.83 1.20
20170905 20380 20410 20220 20340 10583 21494640 0.93 0.61 0.05 5368 5215 1.03 0.91
20170904 20380 20490 20220 20330 15726 31988909 1.32 0.84 -0.68 10637 5089 2.09 1.36
20170901 20470 20500 20290 20470 19479 39692289 1.03 1.03 0.20 10213 9266 1.10 1.68
20170831 20370 20500 20300 20430 12875 26273836 0.98 0.59 0.10 8031 4844 1.66 1.11
20170830 20700 20710 20370 20410 21667 44299920 1.65 0.99 -0.97 14808 6858 2.16 1.87
20170829 20590 20790 20510 20610 16316 33657442 1.36 0.71 -0.24 8764 7553 1.16 1.41
20170828 20250 20750 20250 20660 23586 48620835 2.47 0.95 2.02 10986 12601 0.87 2.04
20170825 20140 20410 20000 20250 19844 40229809 2.06 0.77 1.50 9926 9918 1.00 1.71
20170824 20500 20600 19900 19950 27974 56565418 3.40 1.00 -3.16 17579 10395 1.69 2.41
20170823 20510 20790 20400 20600 21589 44513831 1.90 0.72 0.19 10803 10786 1.00 1.86
20170822 20820 20830 20520 20560 22619 46640883 1.48 0.66 -1.72 13527 9092 1.49 1.95
20170821 20930 21220 20450 20920 32338 67058398 3.66 0.80 -0.57 18072 14266 1.27 2.79
20170818 21340 21560 21010 21040 24272 51626668 2.56 0.48 -1.91 14774 9498 1.56 2.10
20170817 21730 21730 21150 21450 38614 82484879 2.68 0.58 -1.02 23514 15100 1.56 3.33
20170816 21850 21950 21500 21670 32030 69279208 2.05 0.43 -1.28 19118 12912 1.48 2.77
20170815 21910 22100 21700 21950 42851 93753829 1.82 0.60 -0.27 22885 19966 1.15 3.70
20170814 21150 22200 21110 22010 63295 137827155 5.10 0.97 3.04 31228 32067 0.97 5.46
20170811 21660 22540 21320 21360 75075 164069977 5.55 1.30 -2.86 44434 30641 1.45 6.48
20170810 21160 22500 21150 21990 118592 260767719 6.32 2.67 3.00 56529 62063 0.91 10.24
20170809 20700 21680 20650 21350 75973 162092242 4.97 2.02 2.99 32677 43295 0.75 6.56
20170808 21070 21180 20660 20730 25697 53508054 2.47 0.58 -1.57 15110 10587 1.43 2.22
20170807 20250 21260 20200 21060 31576 65805894 5.15 0.55 2.23 14149 17427 0.81 2.73
20170804 20900 21150 20590 20600 37458 77800065 2.64 0.60 -2.74 23946 13513 1.77 3.23
20170803 20860 21530 20790 21180 51788 110035341 3.54 0.85 1.44 28486 23302 1.22 4.47
20170802 21390 21390 20660 20880 41901 87578090 3.41 0.65 -2.38 24086 17816 1.35 3.62
20170801 21580 21800 21110 21390 58756 125503890 3.17 0.83 -1.70 36334 22422 1.62 5.07
20170731 20510 22250 20410 21760 97900 210639808 8.92 1.46 5.48 42512 55388 0.77 8.45
20170728 20200 21090 19880 20630 62657 128779357 5.78 1.09 -1.39 32816 29841 1.10 5.41
20170727 21040 21130 20660 20920 42100 87945606 2.22 0.81 -0.99 23575 18525 1.27 3.63
20170726 20510 21150 20280 21130 58958 121773694 4.19 1.37 1.83 25972 32986 0.79 5.09
20170725 20500 21300 20500 20750 93432 194813260 3.93 3.39 1.97 50194 43238 1.16 8.07
20170724 18940 20660 18810 20350 79148 157385761 9.76 4.43 7.33 33954 45194 0.75 6.83
20170721 18780 19040 18650 18960 14983 28273382 2.07 0.69 0.64 7557 7426 1.02 1.29
20170720 18660 19090 18590 18840 13688 25800498 2.66 0.64 0.27 7650 6039 1.27 1.18
20170719 18470 18800 18270 18790 14170 26400911 2.87 0.65 1.73 6746 7424 0.91 1.22
20170718 18210 18530 18000 18470 15925 29139319 2.88 0.77 0.44 7996 7930 1.01 1.37
20170717 19400 19430 17500 18390 30485 57409692 9.94 1.77 -5.26 18214 12271 1.48 2.63
20170714 18830 19600 18700 19410 34864 67046007 4.78 2.58 3.13 15079 19785 0.76 3.01
20170713 18770 19020 18660 18820 12317 23178527 1.93 0.94 0.70 6972 5345 1.30 1.06
20170712 18900 18910 18470 18690 15233 28397798 2.33 1.26 -1.06 9659 5574 1.73 1.32
20170711 19030 19280 18840 18890 10846 20621250 2.30 0.91 -1.36 7426 3420 2.17 0.94
20170710 19290 19340 19070 19150 12927 24816936 1.41 1.04 -0.05 7309 5618 1.30 1.12
20170707 18970 19170 18920 19160 16267 31050522 1.32 1.46 1.38 6271 9996 0.63 1.40
20170706 19100 19120 18860 18900 10064 19108928 1.36 0.94 -1.05 6558 3507 1.87 0.87
20170705 18990 19110 18890 19100 10555 20075314 1.16 1.02 0.84 4493 6062 0.74 0.91
20170704 18990 19150 18890 18940 9497 18013946 1.36 0.88 -0.99 5503 3993 1.38 0.82
20170703 19060 19240 19020 19130 15510 29649472 1.15 1.37 0.26 8094 7416 1.09 1.34
20170630 18810 19090 18740 19080 10139 19233002 1.85 0.83 1.11 3936 6202 0.63 0.88
20170629 18810 18990 18660 18870 7950 14944788 1.75 0.59 0.32 4242 3708 1.14 0.69
20170628 18920 19180 18760 18810 8690 16398459 2.21 0.63 -1.16 6164 2526 2.44 0.75
20170627 19240 19270 18930 19030 11572 22084625 1.77 0.86 -1.04 6724 4848 1.39 1.00
20170626 18550 19380 18540 19230 18290 34660051 4.53 1.58 3.61 6857 11432 0.60 1.58
20170623 18720 18950 18180 18560 14494 26920120 4.10 1.22 -1.12 8033 6462 1.24 1.25
20170622 19120 19130 18750 18770 14309 27215677 1.99 1.12 -1.93 9401 4908 1.92 1.24
20170621 19110 19200 19000 19140 10510 20049167 1.05 0.66 0.21 5791 4719 1.23 0.91
20170620 19300 19300 19080 19100 9701 18575378 1.15 0.53 -0.31 5819 3882 1.50 0.84
20170619 19100 19220 19070 19160 9017 17251484 0.78 0.37 -0.10 5206 3811 1.37 0.78
20170616 19230 19360 19070 19180 15865 30427358 1.51 0.57 -0.26 9401 6463 1.45 1.37
20170615 19220 19390 19070 19230 18789 36024126 1.66 0.67 -0.31 10534 8254 1.28 1.62
20170614 19100 19590 19090 19290 25985 50187017 2.61 0.92 0.57 12252 13733 0.89 2.24
20170613 19260 19260 18860 19180 22234 42344206 2.08 0.86 -0.42 13693 8541 1.60 1.92
20170612 18960 19720 18860 19260 38340 74362805 4.49 1.83 0.63 19779 18561 1.07 3.31
20170609 18650 19270 18610 19140 34667 65999575 3.53 2.08 2.35 13540 21126 0.64 2.99
20170608 18580 18880 18580 18700 18083 33803431 1.60 1.14 -0.05 10338 7745 1.33 1.56
20170607 18300 18780 18100 18710 27552 51200919 3.68 2.17 1.14 11655 15898 0.73 2.38
20170606 18320 18540 18320 18500 10710 19765953 1.20 0.85 1.09 4426 6284 0.70 0.92
20170605 24000 24140 23810 24030 13622 32655702 1.38 1.06 0.21 6966 6656 1.05 1.53
20170602 23900 24000 23650 23980 13565 32387708 1.47 1.07 0.38 7029 6536 1.08 1.52
20170601 23620 23990 23560 23890 13607 32471554 1.82 0.99 1.14 6152 7456 0.83 1.53
20170531 23800 23990 23540 23620 12074 28629358 1.93 0.72 1.33 6458 5615 1.15 1.35
20170526 23310 23530 23310 23310 10311 24153260 0.94 0.45 -0.51 6319 3992 1.58 1.16
20170525 23030 23500 22800 23430 14430 33540876 3.02 0.46 1.17 6724 7706 0.87 1.62
20170524 22800 23180 22410 23160 12999 29757335 3.36 0.31 1.18 5802 7197 0.81 1.46
20170523 23030 23550 22760 22890 18605 43233414 3.42 0.45 -0.95 10395 8210 1.27 2.09
20170522 23070 23800 23000 23110 27738 64686135 3.40 0.70 -1.87 15237 12502 1.22 3.11
20170519 24200 24320 22250 23550 40820 95342487 8.50 1.18 -3.29 23034 17786 1.30 4.58
20170518 24100 25170 24090 24350 55455 135815157 4.64 1.95 4.64 29964 25490 1.18 6.22
20170512 24800 25300 23270 23270 65915 155290547 7.85 3.33 -10.02 30405 35509 0.86 7.40
20170511 25660 25880 25040 25860 18139 46188351 3.26 0.96 0.23 10098 8041 1.26 2.04
20170510 26400 26640 25770 25800 18066 47383220 3.29 1.02 -2.35 11572 6495 1.78 2.03
20170509 26300 26590 26030 26420 15228 40058548 2.12 0.82 -0.04 9150 6078 1.51 1.71
20170508 26310 26880 26230 26430 24820 66143411 2.45 1.46 -0.30 11924 12896 0.92 2.79
20170505 25800 26760 25800 26510 22575 59399036 3.70 1.37 2.28 10083 12492 0.81 2.53
20170504 26300 26360 25900 25920 13884 36275562 1.75 0.77 -1.48 8962 4922 1.82 1.56
20170503 26240 26500 26020 26310 11692 30729630 1.83 0.60 0.27 6613 5078 1.30 1.31
20170502 25820 26400 25820 26240 20095 52674398 2.26 0.99 2.26 9823 10272 0.96 2.26
20170428 25650 25900 25300 25660 16998 43469185 2.32 0.82 -0.96 10937 6061 1.80 1.91
20170427 25420 26000 25000 25910 19977 50773875 3.90 0.77 1.09 10261 9716 1.06 2.24
20170426 25360 26290 25200 25630 21346 55125498 4.30 0.88 1.18 10035 11311 0.89 2.40
20170425 25350 25710 25030 25330 19068 48368046 2.69 0.84 0.36 10086 8982 1.12 2.14
20170424 26680 26690 25110 25240 24071 61491656 5.93 1.19 -5.33 14624 9447 1.55 2.70
20170421 27120 27250 26610 26660 18670 50130943 2.35 0.96 -2.27 12016 6654 1.81 2.10
20170420 26270 27750 26180 27280 46553 126619671 5.98 3.77 3.88 21533 25020 0.86 5.22
20170419 25900 26270 25760 26260 13379 34789134 1.96 1.06 0.69 7216 6163 1.17 1.50
20170418 26030 26360 26000 26080 11261 29488786 1.39 0.85 0.42 5168 6094 0.85 1.26
20170417 26150 26450 25710 25970 11136 28963054 2.82 0.73 -0.95 6726 4410 1.52 1.25
20170414 26900 27060 26120 26220 14880 39416338 3.49 0.98 -2.56 9707 5172 1.88 1.67
20170413 26930 27130 26780 26910 11146 30090814 1.30 0.69 -0.07 6982 4164 1.68 1.25
20170412 27010 27170 26710 26930 14470 39053465 1.70 0.90 -0.48 7432 7038 1.06 1.62
20170411 26700 27260 26650 27060 14239 38378030 2.28 0.88 1.16 6247 7992 0.78 1.60
20170410 27690 27690 26740 26750 21251 57542585 3.44 1.19 -3.18 13449 7802 1.72 2.38
20170407 28000 28000 27580 27630 15119 41917598 1.49 0.75 -1.74 9191 5927 1.55 1.70
20170406 27780 28160 27760 28120 15815 44221931 1.44 0.78 1.30 5955 9860 0.60 1.77
20170405 27320 27830 27270 27760 13642 37684986 2.05 0.60 1.65 8193 5448 1.50 1.53
20170331 27300 27570 27180 27310 15394 42063822 1.43 0.61 0.04 8656 6738 1.28 1.73
20170330 28060 28420 27020 27300 29049 79763773 4.95 1.11 -3.57 15301 13748 1.11 3.26
20170329 29280 29440 28280 28310 26641 76996466 3.96 0.87 -3.31 14766 11875 1.24 2.99
20170328 29570 29830 29260 29280 17297 51064726 1.92 0.39 -1.48 10399 6898 1.51 1.94
20170327 29720 29920 29420 29720 25466 75672986 1.68 0.59 0.07 12333 13133 0.94 2.86
20170324 29850 30250 29600 29700 28569 85335260 2.18 0.63 -0.54 13701 14868 0.92 3.21
20170323 29840 30000 29300 29860 33385 99199632 2.33 0.71 -0.80 19447 13938 1.40 3.75
20170322 30000 30100 29640 30100 47883 143012704 1.52 1.16 -0.69 26031 21852 1.19 5.37
20170321 29120 30570 29000 30310 84218 253212119 5.40 2.84 4.27 81960 2258 36.30 9.45
20170320 28900 29070 28700 29070 22338 64461954 1.28 0.71 0.87 10799 11539 0.94 2.51
20170317 29020 29490 28750 28820 40180 117061393 2.54 1.44 -1.20 22295 17885 1.25 4.51
20170316 28430 29180 28430 29170 41772 120435433 2.64 1.79 2.86 17215 24558 0.70 4.69
20170315 28410 28610 28050 28360 17358 49357080 1.97 0.67 -0.11 8722 8636 1.01 1.95
20170314 28680 28880 28190 28390 26556 75542937 2.40 0.88 -1.15 15605 10951 1.42 2.98
20170313 28470 28870 28000 28720 30726 87892910 3.06 1.09 0.91 14156 16570 0.85 3.45
20170310 28100 28890 28100 28460 23300 66654616 2.79 0.86 0.67 11514 11786 0.98 2.61
20170309 28770 28890 28250 28270 18520 52679795 2.22 0.70 -2.08 11661 6859 1.70 2.65
20170308 29120 29120 28620 28870 30603 88232545 1.72 1.29 -0.86 18702 11901 1.57 4.37
20170307 28310 29300 28310 29120 47985 139163585 3.48 2.82 2.50 22559 25426 0.89 6.86
20170306 28150 28430 28010 28410 20753 58682642 1.49 1.16 0.78 9081 11672 0.78 2.96
20170303 28050 28400 27850 28190 16868 47544977 1.96 0.85 0.32 8386 8481 0.99 2.41
20170302 28380 28480 28090 28100 16790 47356856 1.37 0.72 -0.95 9466 7325 1.29 2.40
20170301 28300 28470 28200 28370 15825 44909435 0.95 0.56 0.07 8385 7441 1.13 2.26
20170228 28270 28410 28060 28350 14857 41955244 1.24 0.49 0.57 7646 7211 1.06 2.12
20170227 28910 29050 28120 28190 25103 71285053 3.22 0.76 -2.52 13381 11721 1.14 3.59
20170224 29220 29310 28750 28920 26991 78034774 1.91 0.84 -1.43 14984 12008 1.25 3.86
20170223 29250 29950 29150 29340 33983 99981778 2.72 1.20 -0.27 17967 16017 1.12 4.85
20170222 28960 29620 28880 29420 40055 117724841 2.55 1.54 1.52 21888 18168 1.20 5.72
20170221 28990 29440 28880 28980 26242 76298616 1.92 1.07 -0.51 14887 11356 1.31 3.75
20170220 28160 29200 28160 29130 37418 108215143 3.66 1.52 2.61 16052 21366 0.75 5.35
20170217 28590 29200 28380 28390 22831 65675435 2.86 0.94 -1.01 12825 10006 1.28 3.26
20170216 28530 28760 28310 28680 15493 44234814 1.57 0.56 -0.14 7902 7591 1.04 2.21
20170215 28630 29180 28380 28720 28290 81607486 2.79 1.14 0.28 14875 13416 1.11 4.04
20170214 28790 28800 28410 28640 18900 53995964 1.35 0.81 -0.52 10938 7962 1.37 2.70
20170213 27810 29530 27800 28790 37715 108486135 6.23 2.06 3.64 17552 20163 0.87 5.39
20170210 27890 28390 27750 27780 20708 57933806 2.27 1.34 -1.28 12574 8135 1.55 2.96
20170209 27390 28200 27270 28140 31710 88429753 3.39 2.94 2.63 15063 16647 0.90 4.53
20170208 27190 27460 27020 27420 15372 41900753 1.61 1.58 0.44 7383 7989 0.92 2.20
20170207 27340 27480 27010 27300 11687 31853775 1.72 1.24 -0.15 6714 4973 1.35 1.67
20170206 27000 27380 27000 27340 12161 33085565 1.40 1.26 0.92 4526 7636 0.59 1.74
20170203 27350 27440 27000 27090 6378 17337726 1.62 0.55 -0.40 3498 2880 1.21 0.91
20170126 27200 27510 27010 27200 8251 22503956 1.84 0.68 0.11 4694 3557 1.32 1.18
20170125 27190 27380 27100 27170 10064 27436728 1.03 0.79 -0.07 4116 5948 0.69 1.44
20170124 27580 27620 27050 27190 10197 27823169 2.07 0.69 -1.31 5156 5042 1.02 1.46
20170123 27260 27680 27200 27550 13373 36790613 1.76 0.77 1.06 6835 6538 1.05 1.91
20170120 26690 27370 26500 27260 15975 43385096 3.26 0.84 2.14 6580 9394 0.70 2.28
20170119 26520 26990 26150 26690 10985 29228697 3.15 0.53 0.07 5660 5325 1.06 1.57
20170118 26700 27050 26450 26670 12820 34310515 2.24 0.58 -0.49 6523 6297 1.04 1.83
20170117 26200 27000 26000 26800 20499 54413837 3.81 1.00 2.17 8586 11913 0.72 2.93
20170116 27990 27990 25450 26230 26720 71149600 9.08 1.41 -6.22 12399 14321 0.87 3.82
20170113 29240 29260 27810 27970 24569 69958710 4.96 1.37 -4.34 12317 12252 1.01 3.51
20170112 29790 30200 29130 29240 18573 55010110 3.59 0.98 -1.88 9337 9237 1.01 2.65
20170111 30540 30540 29790 29800 20966 63095881 2.45 0.98 -2.58 11134 9832 1.13 3.00
20170110 30520 30970 30460 30590 11734 36040052 1.66 0.50 -0.39 6362 5372 1.18 1.68
20170109 30400 30790 30330 30710 18657 56991126 1.48 0.73 -0.94 10213 8445 1.21 2.67
20170106 31370 31500 30940 31000 19803 61744858 1.78 0.84 -1.24 11204 8599 1.30 2.83
20170105 31790 31890 31350 31390 23996 75650769 1.69 1.16 -1.69 12808 11188 1.14 3.43
20170104 31250 32000 31080 31930 32848 103718013 2.94 2.04 2.05 16612 16235 1.02 4.69
20170103 31000 31490 31000 31290 23023 71930407 1.58 1.60 0.71 12335 10688 1.15 3.29
20161230 30480 31200 30260 31070 28795 89035219 3.11 2.36 2.88 12980 15815 0.82 4.11
20161229 30190 30360 30050 30200 8531 25787720 1.03 0.66 0.03 4277 4253 1.01 1.22
20161228 30550 30710 30150 30190 10171 30936825 1.83 0.72 -1.15 6213 3958 1.57 1.45
20161227 30690 30790 30400 30540 10094 30850946 1.28 0.66 -0.03 5957 4136 1.44 1.44
20161226 30200 30600 29710 30550 14200 42831624 2.92 0.91 0.13 6764 7435 0.91 2.03
20161223 31010 31180 30500 30510 17888.47 54942329.000
20161222 31300 31450 31010 31100 11929.00 37154732.000
20161221 31190 31560 31160 31380 16898.49 52913342.000
20161220 31370 31420 30960 31200 14983.02 46654016.000
20161219 31290 31650 31000 31440 16367.44 51359010.000
20161216 30810 31310 30810 31290 15135.38 47216013.000
20161215 30650 31350 30650 30980 19631.02 61052257.000
20161214 31110 31300 30600 30640 21652.28 67014422.000
20161213 30550 31630 30400 31370 26953.87 84014263.000
20161212 32810 33180 30330 30590 38522.00 121795114.000
20161209 32800 33550 32610 32810 25182.50 83098166.000
20161208 32430 33870 32250 33070 48598.55 161941940.000
20161207 32070 32480 32050 32430 15978.38 51553565.000
20161206 32410 32540 32020 32160 15032.38 48458670.000
20161205 31520 32480 31400 32130 15717.00 50596516.000
20161202 33200 33370 32060 32080 35813.97 116617081.000
20161201 33250 33420 33080 33370 20483.98 68077261.000
20161130 33910 34170 33000 33250 37037.08 123800128.000
20161129 34000 34880 33830 33910 37361.42 128413258.000
20161128 34550 34790 34070 34150 31157.38 107157842.000
20161125 35080 35220 34120 34660 44407.02 153116390.000
20161124 35010 35650 34910 35250 41441.70 146233176.000
20161123 35520 35750 34910 35020 44303.62 156265714.000
20161122 35830 35920 35400 35600 53870.93 191676103.000
20161121 34300 35920 34260 35680 78152.29 276031194.000
20161118 34450 35200 34310 34510 37415.27 130048202.000
20161117 34400 34630 34050 34180 28162.92 96516144.000
20161116 35320 35340 34550 34640 44594.09 155492722.000
20161115 34900 35530 34600 35500 55335.99 194376671.000
20161114 35400 35500 34600 34800 59247.38 207202750.000
20161111 35800 36290 35300 35520 61429.72 219022821.000
20161110 35090 36080 35070 35940 83123.39 296505674.000
20161109 35660 35870 34030 34900 83632.07 293294491.000
20161108 35400 36030 34950 35880 91680.89 327830246.000
20161107 35040 35900 34580 35230 74085.85 261371968.000
20161104 34150 35340 34150 34880 82671.39 288185906.000
20161103 33950 34970 33830 34270 57816.55 199453387.000
20161102 34600 34620 33780 33950 52541.82 179543876.000
20161101 33760 34880 33500 34680 66202.42 227100209.000
20161031 33120 33890 33100 33580 34110.72 114426182.000
20161028 34000 34360 33280 33470 58506.27 197578393.000
20161027 34560 34650 33730 34250 85262.63 290427123.000
20161026 32840 36270 32700 34940 152748.42 532242000.000
20161025 32500 33180 32270 32970 54608.87 179236536.000
20161024 32460 32850 32350 32570 41631.80 135523831.000
20161021 31780 32580 31600 32560 53151.14 171164948.000
20161020 32000 32200 31760 31850 23237.63 74186671.000
20161019 32490 32500 31920 32080 44889.51 144243976.000
20161018 30600 32550 30600 32490 64718.31 206082720.000
20161017 31500 31550 30700 30770 25343.83 78960125.000
20161014 31080 31450 31010 31320 20326.52 63565508.000
20161013 31280 31490 31100 31150 18006.50 56225914.000
20161012 31000 31500 30920 31370 24367.99 76223908.000
20161011 31340 31380 31110 31240 23094.52 72109866.000
20161010 30850 31490 30570 31300 31085.71 96523394.000
20160930 30120 31300 30010 30790 31866.39 98372785.000
20160929 30500 30800 30280 30290 17877.66 54474755.000
20160928 30600 30600 30300 30370 16185.37 49243338.000
20160927 29830 30750 29730 30570 30298.36 91328795.000
20160926 32200 32260 29500 29990 65490.51 202696394.000
20160923 33800 33820 32570 32620 41675.71 138095844.000
20160922 33650 33990 33600 33720 26992.24 91260298.000
20160921 33740 33850 33150 33570 25039.35 83926991.000
20160920 34250 34250 33520 33610 27085.38 91424026.000
20160919 34020 34300 33900 34120 15929.45 54303664.000
20160914 34150 34300 33900 34000 22508.95 76636507.000
20160913 34370 34610 34000 34410 25847.19 88420361.000
20160912 33990 34840 33800 34150 40020.31 137372297.000
20160909 35820 35970 35020 35050 39739.24 140231910.000
20160908 35580 36480 35390 35810 64970.45 233237628.000
20160907 35000 35560 34680 35380 61754.36 216953093.000
20160906 33850 35010 33710 34990 49979.63 172505605.000
20160905 33900 34200 33740 33840 21420.48 72717660.000
20160902 34270 34340 33500 33770 42773.27 145080978.000
20160901 34830 34960 34350 34380 40571.44 140485690.000
20160831 34850 35790 34800 35090 48871.19 172558152.000
20160830 34590 34930 34300 34750 38182.94 132240222.000
20160829 35500 35500 34100 34630 75564.18 263347078.000
20160826 37000 37650 36500 36570 69289.99 256560211.000
20160825 35600 37190 35320 37160 88295.25 322010449.000
20160824 35870 36100 35610 35830 31521.62 112989888.000
20160823 35800 36560 35400 35870 42628.27 153343348.000
20160822 37150 37480 35800 35910 49168.93 179436314.000
20160819 36800 37500 36530 37150 51355.67 190214343.000
20160818 37360 37780 36800 36910 60157.30 223696292.000
20160817 37400 38250 37230 37590 65256.49 246027770.000
20160816 38050 38480 37400 37510 97979.45 370308968.000
20160815 35980 38500 35700 37990 128142.81 477513962.000
20160812 34550 36140 34050 36040 93452.95 328154101.000
20160811 35250 36290 34810 34990 71383.23 254953318.000
20160810 35700 36120 35150 35430 59669.09 212331785.000
20160809 35150 36380 34910 35790 84626.63 301143106.000
20160808 33810 35690 33280 35460 80906.51 280444905.000
20160805 34800 34900 33900 33990 49127.49 168943058.000
20160804 34580 34970 34150 34900 54109.49 187026845.000
20160803 34070 35500 33910 34940 72825.45 252901453.000
20160802 33800 34530 33690 34360 58575.04 199686540.000
20160801 35500 35750 33080 33420 81178.32 276603726.000
20160729 37330 37560 36580 36610 66211.82 245048825.000
20160728 37200 38050 36900 37620 74734.88 279889761.000
20160727 39800 39950 36410 37350 135723.20 516933639.000
20160726 38810 40270 38640 40030 124627.42 495809556.000
20160725 36880 39900 36500 38920 127504.73 492554848.000
20160722 38720 38990 37060 37250 96258.71 364877075.000
20160721 36820 40390 36820 39180 159246.69 617182147.000
20160720 37350 37860 37000 37350 78156.96 293087977.000
20160719 37160 37660 36410 37340 97679.15 362548385.000
20160718 39090 39210 37000 37300 139873.64 531785906.000
20160715 39720 40790 39160 39810 106615.00 425654247.000
20160714 39810 41200 39410 40140 111001.17 446973138.000
20160713 40280 40740 39360 40130 128554.20 513080790.000
20160712 41000 42270 39000 40480 182277.99 741635583.000
20160711 41180 44680 39050 41720 281595.72 1165450077.000
20160708 39330 43110 38610 42160 245964.09 1007851342.000
20160707 39960 40820 38300 39190 262330.33 1036063941.000
20160706 35000 37390 34800 37390 227671.47 831002725.000
20160705 33990 33990 32890 33990 116736.22 395097777.000
20160603 30010 33260 29810 30900 253500.11 799765476.000
20160602 28200 30990 28060 30390 194351.61 572151652.000
20160601 27850 28750 27620 28260 126334.95 357362663.000
20160531 26570 27870 26410 27750 114599.17 314091996.000
20160530 26690 26960 26060 26610 64426.91 170468119.000
20160527 26600 27360 26500 27050 88927.51 240986595.000
20160526 26620 26920 25750 26720 67534.84 177450098.000
20160525 26800 27260 26530 26780 78281.89 211012821.000
20160524 27230 27330 26200 26540 75118.34 200779962.000
20160523 26700 27580 26500 27460 93401.61 253482779.000
20160520 25920 26690 25810 26590 79999.18 210674945.000
20160519 26160 26700 25910 26210 82357.63 216976348.000
20160518 27150 27880 25610 26260 109916.73 296292284.000
20160517 28000 28930 27670 27700 118842.37 336581883.000
20160516 27640 28380 26810 28220 112789.44 311195721.000
20160513 27680 28880 27330 27920 131563.00 370670000
20160512 28230 28510 26550 27570 179646.00 497020000
20160511 29800 31800 29300 29500 301063.00 921920000
20160510 27910 30500 27300 30000 265048.00 777010000
20160509 27300 28300 27200 27970 140681.00 392030000
20160506 28900 29340 27300 27410 144397.00 408330000
20160505 28010 29430 27800 29020 171061.00 489360000
20160504 27700 29980 27500 28390 250153.00 721910000
20160503 25880 28600 25500 27980 185246.00 513580000
20160429 25650 26480 25620 26080 70946.00 185620000
20160428 25900 26180 25000 25830 72471.00 186720000
20160427 25530 26390 25530 25990 77959.00 202910000
20160426 25600 25800 25190 25640 49540.00 126330000
20160425 25000 25990 24500 25590 59663.00 150650000
20160422 24650 25300 24410 25040 49085.00 122640000
20160421 24610 25000 24360 24430 50549.00 124830000
20160420 26300 26460 24000 24830 90158.00 227540000
20160419 26330 26530 25930 26180 51266.00 134250000
20160418 26700 26700 26010 26030 73523.00 192590000
20160415 27300 27960 27010 27090 129384.00 353810000
20160414 26190 28500 25800 27870 202523.00 549750000
20160413 26210 26570 26080 26110 96922.00 254820000
20160412 25990 26490 25690 26130 103750.00 270930000
20160411 25000 26100 25000 26070 95552.00 244490000
20160408 25090 25250 24600 24830 73196.00 181680000
20160407 25860 26140 25410 25460 86753.00 224110000
20160406 25800 25970 25620 25800 70058.00 180740000
20160405 25510 25900 25300 25830 82832.00 212680000
20160401 25490 25750 25300 25660 57259.00 146400000
20160331 25870 25880 25400 25510 80110.00 205210000
20160330 25550 25900 25380 25870 86556.00 222280000
20160329 26910 27020 25000 25340 115756.00 298660000
20160328 27160 27660 26720 26890 96685.00 262810000
20160325 26940 27480 26800 27140 106568.00 287840000
20160324 26800 29020 26630 27650 209778.00 588380000
20160323 27380 27600 26520 27110 172250.00 465730000
20160322 28000 28650 27560 27770 240458.00 676100000
20160321 29500 30600 27080 29400 415741.00 1186260000
20160318 27920 27920 27920 27920 4345.00 12130000
20160317 25380 25380 25380 25380 2463.00 6250000
20160316 23070 23070 23070 23070 2730.00 6300000
20160315 20970 20970 20970 20970 2657.00 5570000
20160314 19060 19060 19060 19060 686.00 1310000
20160311 17330 17330 17330 17330 471.00 820000
20160310 13130 15750 13130 15750 594.00 930000
